42.608,-36.856,-103.598,67.175,-28.873,-100.867,-23.404,-1.392,-6.095,-5.182,-21.527,1.89
41.382,-24.54,-24.343,-74.182,-18.444,15.283,25.565,54.786,-12.936,-13.165,16.824,-2.323
45.325,34.058,-17.975,-21.389,-11.732,-26.531,15.175,-5.076,-11.648,0.389,-3.678,-14.975
45.951,-21.816,-54.099,17.393,-23.969,-45.557,1.668,-1.528,-2.366,18.015,-1.82,-0.622
48.014,-29.092,-34.17,46.921,-42.131,-50.351,-5.268,-10.707,-3.045,-6.145,-29.465,-2.141
46.175,-57.163,-35.757,46.424,-33.514,-43.547,21.013,-15.659,1.003,-0.172,-20.447,14.096
48.388,-29.984,-21.302,28.065,-49.231,-44.972,14.969,-6.879,-2.221,-10.516,-31.794,14.697
42.797,-89.672,-19.378,-0.925,-58.496,-42.347,25.152,6.789,-11.075,-18.896,-13.183,8.583
46.861,-39.223,-19.24,32.682,-39.737,-28.877,19.14,-14.521,-16.001,3.537,-16.367,9.922
50.274,20.699,-9.157,27.573,-56.496,-43.147,-17.098,4.527,0.882,-14.056,-10.159,-11.145
46.848,2.599,8.906,-24.421,-50.561,-9.599,26.212,3.172,-13.27,11.513,-24.617,11.628
44.701,-26.213,9.901,-26.497,-55.166,-34.041,21.297,4.531,-9.154,-17.83,-5.226,16.071
45.843,-38.879,-11.371,-10.917,-46.904,-30.558,18.395,14.068,-13.316,8.147,12.369,7.794
46.387,-41.861,-25.667,-16.177,-51.712,-53.692,8.244,-4.471,-15.46,13.769,-23.534,9.976
43.638,-57.322,-18.688,2.936,-47.001,-42.799,16.463,-6.999,4.441,8.58,-5.656,-0.174
45.382,-47.632,-50.061,42.55,-36.196,-19.292,11.838,-19.024,-7.229,12.103,-2.54,0.144
45.646,-65.064,-55.278,54.914,-17.076,-3.51,23.956,-16.546,8.205,-2.181,23.712,0.418
41.709,-68.333,8.864,-66.404,-43.087,-17.103,36.679,17.972,1.406,-10.194,-19.428,13.03
45.628,-40.019,-31.921,15.283,-37.217,21.197,27.448,-16.514,-1.3,2.959,-33.428,9.245
41.009,-117.302,-25.418,-9.407,-39.172,-46.128,29.662,7.885,0.694,-2.149,-12.927,18.599
42.423,-52.473,-14.609,-45.714,-23.224,29.277,30.217,2.992,14.57,-22.663,-37.758,7.559
40.72,-81.233,-11.485,-9.345,-43.793,-41.034,37.659,-13.843,-3.926,5.295,-13.911,19.715
44.615,-59.122,-9.301,-25.542,-25.504,42.084,37.336,27.941,10.561,-45.103,-2.137,-6.013
47.154,6.883,11.894,-6.504,-39.755,-10.14,27.904,2.765,-13.99,5.089,-0.585,3.617
46.32,-33.226,-4.218,-4.984,-46.995,-56.897,1.774,-1.878,-14.981,20.693,-1.87,-9.039
46.497,-50.658,-19.086,9.821,-42.227,-35.838,16.378,-2.143,-7.243,12.94,0.74,-1.801
43.778,-60.135,-6.279,-8.904,-57.449,-35.109,21.661,-2.75,-14.675,-2.079,-8.429,0.332
48.262,26.069,-3.293,-13.115,-61.765,-6.904,-6.614,13.185,-5.31,-1.33,7.633,-17.341
46.186,14.579,-2.431,-11.447,-63.999,-25.116,-7.001,-15.325,-6.992,8.349,-13.163,-24.562
45.684,10.553,-15.894,-10.711,-75.851,-23.581,-7.729,2.812,-10.178,-7.647,-11.996,-23.964
48.392,4.14,-22.761,11.603,-56.319,-49.839,-17.762,11.785,1.488,-14.424,-17.398,-20.742
44.731,37.047,-2.065,-31.803,-63.064,-33.766,-5.947,-18.319,-10.528,2.845,8.531,-24.272
45.761,-11.43,-32.782,-16.429,-59.484,-54.673,-22.413,-5.552,0.255,9.476,-21.919,-17.423
42.778,-10.603,-13.614,-28.601,-52.109,-18.463,-9.697,1.87,-0.906,9.518,-8.274,-17.704
40.964,2.623,-35.985,-38.685,-74.835,-22.476,-13.179,-8.991,-3.387,8.78,-16.556,-19.35
46.13,-37.999,-20.551,30.254,-51.802,-12.801,6.624,11.848,-18.978,17.142,12.002,-2.137
44.322,-53.616,-38.652,33.625,-49.757,-65.217,6.233,-15.766,-22.976,15.694,-16.724,7.086
47.137,-14.627,-23.364,20.065,-40.081,-23.56,7.519,12.183,-18.637,-0.955,23.251,-13.141
43.124,-44.271,-29.037,-1.459,-62.683,-41.384,12.631,4.754,-20.784,-14.368,-4.238,2.718
48.858,36.998,-5.746,-3.771,-58.719,-19.163,-9.481,10.804,-20.299,23.253,5.75,-10.504
47.762,28.424,19.969,-23.214,-58.043,-24.501,15.982,0.864,-15.17,2.592,-0.266,-4.485
48.937,2.038,-7.173,-18.343,-57.737,-47.449,-5.578,1.641,-2.787,-2.162,-7.217,-9.218
48.428,-23.015,-3.755,-3.578,-48.823,-33.455,3.661,0.323,-8.349,1.756,-15.157,1.455
45.554,-38.348,-15.945,11.788,-47.619,-37.885,10.328,-11.517,1.306,1.157,-6.535,-10.425
46.272,-8.078,-4.439,-36.04,-47.83,17.751,12.267,31.281,6.249,-25.696,-1.338,-18.03
47.905,-1.24,-30.404,2.015,-40.101,-28.87,-11.859,16.481,-1.77,2.052,15.435,-16.702
45.736,-27.933,-44.851,1.984,-54.098,-49.707,-11.935,-11.538,-6.899,6.67,-12.855,-13.278
41.997,-19.421,-26.021,-3.08,-72.584,-55.897,-13.557,-22.825,-15.909,19.451,-20.061,-12.304
41.087,-36.549,-32.384,-24.73,-66.325,-39.625,-8.853,-6.456,0.297,8.912,-11.208,-22.511
47.015,5.105,-7.173,-12.87,-54.52,38.69,20.45,2.819,-13.431,11.687,-6.855,-8.131
44.964,-26.285,-19.052,9.896,-49.168,-31.054,13.985,-2.227,-21.387,2.772,12.098,6.215
43.96,-28.394,-0.124,-41.059,-56.965,-20.116,28.115,11.59,-2.346,-6.597,-16.723,13.475
48.54,6.555,-20.288,12.263,-41.446,-62.192,-10.502,10.853,13.393,-9.872,-12.811,4.252
48.159,7.791,-1.488,0.402,-55.822,-13.438,18.2,2.791,-23.591,12.079,1.22,7.187
46.089,-48.099,-21.087,-9.672,-40.842,-36.737,16.261,2.593,-4.128,7.766,-1.454,4.825
47.34,-54.707,-21.421,6.465,-41.307,-75.891,12.042,-15.603,-21.75,19.076,-5.873,12.308
45.759,-42.521,-22.043,-11.616,-25.314,-25.347,28.238,-7.405,-14.227,-4.966,-4.906,1.409
43.383,-50.641,-2.621,-3.51,-36.322,-29.168,13.127,-5.908,-2.107,-3.074,-7.34,-1.621
46.303,-31.353,-34.174,1.735,-33.088,7.158,18.607,-25.479,-6.247,-0.641,-2.074,2.814
42.526,-87.286,-5.531,-19.638,-37.845,-29.922,42.127,8.146,4.096,-4.365,-17.059,25.54
46.092,-38.27,-30.636,-5.969,-26.405,45.114,24.78,6.589,6.002,-13.584,6.479,-2.604
45.362,-50.142,-45.365,37.69,-24.367,-11.236,28.598,-15.108,10.45,5.118,8.246,10.395
46.845,-43.984,-33.384,43.771,-49.754,-47.94,10.477,-3.878,-5.876,-4.567,-31.048,13.681
44.547,-46.318,-39.959,18.029,-37.269,-62.708,2.442,-9.45,2.721,15.802,-21.714,8.88
40.309,-92.6,-4.639,0.303,-41.526,-65.802,36.269,5.253,-5.783,14.495,-14.095,20.44
39.986,-111.202,-11.233,-33.49,-41.7,-61.223,38.264,27.269,5.331,6.445,10.819,9.918
47.287,-30.273,-18.286,32.637,-45.453,-66.926,5.983,-8.174,-15.592,-7.866,-23.743,-5.288
48.421,-6.154,-10.045,0.733,-39.951,-1.295,20.339,4.406,-4.224,2.895,19.815,2.669
47.833,-8.779,29.301,-20.208,-36.406,-34.563,24.144,-2.76,3.284,5.791,-7.497,8.653
46.621,-63.977,-1.961,7.823,-39.523,-75.483,16.694,-9.23,-7.218,15.18,-16.42,-5.602
46.398,-44.048,-9.89,-17.236,-42.756,-13.058,21.449,6.272,6.337,-15.824,-16.586,-6.039
47.093,-30.309,-25.826,37.54,-38.813,-30.185,23.891,-24.569,-3.098,7.069,-8.108,7.139
48.308,-40.787,-25.092,37.512,-29.973,-60.856,5.497,-16.302,-6.966,-10.002,-32.841,9.309
43.8,-64.762,8.094,-42.358,-38.125,-9.189,42.546,24.127,6.365,-23.415,-26.887,11.44
47.775,-0.135,-22.901,-1.206,-36.334,7.831,24.135,-8.699,0.803,-3.015,-7.845,1.07
44.931,-17.545,-1.958,-60.32,-52.281,-15.827,14.298,0.625,0.254,2.16,-15.736,-0.447
48.193,20.564,13.495,-13.671,-51.84,-32.767,20.341,5.182,-11.245,-4.842,-9.551,-0.082
48.337,-27.61,-7.602,36.938,-42.524,-53.9,6.927,1.738,-13.875,-3.562,-14.526,-4.635
48.585,2.983,-1.427,7.63,-39.476,-17.899,20.544,7.89,-9.656,4.145,21.003,-4.707
48.566,-7.894,-24.568,-16.098,-40.449,-27.77,2.639,2.416,-11.497,14.974,8.046,-2.6
47.303,-27.543,-5.624,0.626,-42.65,-25.258,28.81,-20.304,-13.991,9.294,-17.938,8.426
46.551,-0.87,-18.403,-17.347,-45.644,12.101,5.937,-5.663,3.366,-10.787,11.685,-19.125
48.339,6.157,-30.988,-5.88,-35.691,-0.224,-11.671,12.793,4.258,3.627,29.422,-26.77
46.936,-9.887,-34.788,6.185,-47.242,-50.507,-16.359,-6.669,-2.763,6.156,-26.724,-18.316
43.15,-23.739,-26.101,-27.426,-59.299,-25.774,-6.322,-1.484,7.819,-10.223,-17.205,-24.971
46.307,-3.682,-6.709,-32.175,-54.612,38.193,19.478,5.469,2.769,-21.387,-46.303,-4.097
44.012,-53.59,-34.896,14.326,-50.813,-74.152,1.412,0.358,-20.4,13.176,-21.672,15.238
40.146,-76.51,-23.92,-40.952,-62.716,-31.434,10.417,1.698,-15.575,3.988,-9.441,5.472
47.553,-23.454,-27.489,25.92,-56.938,-58.002,-7.753,2.785,-26.658,-13.003,-21.096,-0.976
46.866,6.844,-8.496,-13.207,-49.794,15.719,20.657,4.584,-26.144,-1.111,13.172,-3.259
46.978,8.147,4.897,-36.272,-49.043,-6.099,14.424,-4.952,-8.925,4.311,-10.352,-0.501
47.405,-33.437,-20.901,9.702,-47.836,-40.639,6.979,-10.358,-5.333,2.514,-16.605,6.074
47.304,4.63,-23.362,-9.416,-52.102,-18.901,-8.227,-1.163,-3.181,6.256,4.749,-9.688
45.561,-3.927,-5.038,-80.467,-63.578,-10.585,-3.22,19.684,2.975,-4.061,-19.008,-22.106
44.331,35.587,-20.077,-6.532,-88.12,-40.4,-12.04,-11.364,-20.969,8.483,-16.819,-14.634
47.318,20.56,-22.15,-11.621,-64.384,-24.997,-19.637,0.583,-6.509,12.933,8.563,-19.854
48.782,0.879,-23.239,15.658,-61.704,-8.584,2.23,5.065,-11.825,-0.349,-2.55,-6.698
45.614,21.243,20.05,-37.628,-64.1,-23.798,7.93,5.317,-17.378,-2.193,-32.508,12.225
47.92,-15.521,-19.115,23.766,-43.94,-38.887,7.24,12.967,-28.138,4.583,13.626,-5.601
43.661,-37.577,-22.815,0.617,-66.123,-31.143,10.501,-0.12,-29.804,-1.575,1.201,6.507
46.941,-13.513,-16.518,11.001,-57.944,-22.605,9.221,2.018,-35.784,9.712,11.647,-10.39
46.798,-4.785,-7.715,-36.351,-62.254,9.904,5.284,-0.794,-14.163,-24.583,-21.3,-6.377
45.841,-30.659,-7.951,-40.128,-37.498,-15.804,17.294,1.793,-10.611,-4.389,-3.296,-10.508
46.469,-25.654,-22.685,12.468,-43.721,-0.018,12.111,-9.59,-5.217,-9.136,1.411,-4.251
48.03,-35.82,-28.049,32.038,-49.298,-57.315,6.402,-9.574,-13.699,-4.962,-29.683,5.278
47.254,-43.936,-22.963,16.278,-43.892,-46.576,13.615,-12.135,-5.036,-8.116,-33.167,16.088
47.532,-24.057,-31.159,22.685,-44.292,-16.0,10.069,-4.569,-1.556,6.672,-4.841,-2.958
47.238,-34.073,-23.236,30.79,-39.303,-37.686,13.843,-6.545,-3.582,5.689,-21.907,10.97
49.383,15.374,-13.888,41.606,-53.068,-19.997,-2.303,6.151,-3.276,6.876,0.009,-6.939
48.604,8.23,-7.152,4.788,-46.889,-10.5,17.825,8.375,-9.478,10.918,20.329,-1.786
46.816,-24.918,1.244,-4.687,-50.138,-40.852,12.793,7.302,-7.157,5.32,-1.729,-2.326
47.443,-50.684,-9.964,-1.204,-40.424,-61.278,16.786,-6.439,-10.141,12.24,-10.81,-1.404
47.233,-35.885,-21.894,2.51,-45.038,-39.245,10.597,3.008,1.369,-6.769,-15.016,-0.049
44.299,-72.882,-13.253,-1.915,-44.537,-36.617,18.678,-0.343,-4.882,12.741,-12.697,0.6
47.708,-22.83,-29.017,23.433,-43.996,-29.559,13.123,-9.433,-4.395,0.76,-13.806,5.777
48.707,-21.698,-17.561,27.424,-39.228,-53.552,3.517,-5.628,-1.328,-6.856,-25.991,7.013
46.725,-13.939,-18.014,-7.105,-51.137,-23.101,5.026,-5.626,-11.501,5.714,0.173,-8.717
43.688,-59.23,-6.893,-27.248,-53.965,-26.013,19.318,29.887,5.256,0.741,-6.378,-9.392
49.39,5.974,-13.935,17.018,-56.014,-4.207,0.082,-0.564,-20.692,14.343,-2.451,-9.085
46.112,-50.443,-21.473,-7.004,-36.926,-6.794,21.46,-10.119,-0.756,-4.594,-13.296,-5.061
46.6,-9.291,5.514,-23.6,-63.171,-11.011,24.758,-13.255,-19.698,-13.944,-17.272,2.936
46.54,-17.066,5.347,-14.962,-54.133,-20.83,31.06,-26.174,-13.477,-1.21,-26.147,5.033
46.95,-16.322,-21.89,-3.146,-37.532,-22.751,27.485,7.788,-11.549,-0.833,13.208,2.848
49.334,21.893,-1.567,-8.003,-58.897,-12.235,8.905,-6.748,-4.311,0.642,7.415,-11.978
47.275,-48.139,-22.961,19.372,-42.879,-30.721,16.1,-4.579,-4.695,10.982,-12.369,4.303
44.408,-65.976,-9.379,-7.082,-39.999,-24.801,3.936,-12.55,-2.969,-3.007,-6.225,-10.639
47.619,-18.271,-18.049,13.316,-46.464,-20.57,-3.789,12.631,-6.5,-9.497,15.499,-19.202
47.518,-5.337,-17.301,14.019,-53.997,-59.519,-17.541,5.754,-6.121,-12.236,-20.215,-14.723
46.188,8.618,-31.253,4.593,-50.173,-29.318,-15.65,9.142,-8.572,1.521,1.067,-2.413
42.873,-28.927,-26.538,-54.694,-65.2,-47.179,3.731,-5.41,-1.217,2.413,24.187,-14.287
50.049,20.541,-22.05,38.91,-64.402,-47.596,-6.393,-7.799,-3.061,-12.647,-27.804,1.89
46.8,-13.093,-13.652,16.927,-52.955,-54.807,0.667,7.432,-31.466,0.716,-12.648,14.993
48.817,8.41,-12.543,44.889,-42.284,-25.287,0.241,12.017,-4.992,21.552,7.198,-14.582
49.45,29.107,0.176,-16.287,-55.604,30.742,11.389,17.267,-10.94,3.95,20.331,-17.341
49.156,36.346,12.86,-8.253,-57.008,-18.463,20.176,-21.267,-12.671,7.125,-10.437,5.779
47.654,-34.5,-6.903,7.868,-45.943,-46.39,16.622,3.224,-14.877,4.922,-15.509,1.342
47.628,-8.713,-16.716,13.653,-48.945,-26.201,5.943,-1.432,-7.836,-0.591,6.666,-19.31
49.421,7.485,-10.372,2.465,-52.515,-57.325,-22.762,16.61,4.507,-12.428,-4.032,-18.359
45.905,-7.353,-10.064,-15.526,-66.293,-37.27,-10.977,5.827,-6.785,13.166,-9.08,-23.845
47.819,26.237,-19.159,0.021,-68.655,-3.457,-18.467,3.474,-8.059,10.877,9.67,-27.527
45.034,39.103,-5.618,-33.629,-81.375,-21.687,-8.456,-6.793,-11.26,-4.013,-11.556,-20.252
50.843,7.44,-4.496,30.342,-55.852,-35.337,0.228,0.134,-7.974,16.598,-13.054,-5.07
47.998,-7.508,-10.443,16.581,-45.579,-33.752,1.091,4.252,-16.411,11.601,-10.923,-8.954
50.682,36.182,-3.636,13.178,-59.826,-27.897,-24.042,5.227,-3.479,-18.519,-12.011,-17.293
46.395,-3.184,-11.749,-18.435,-67.293,-28.792,-5.156,7.824,-13.161,-7.523,-5.348,-2.458
44.74,-2.03,-15.535,-5.453,-70.959,-54.785,-18.197,-15.34,-18.687,15.836,4.364,-9.775
48.973,11.765,-9.567,7.642,-67.779,-18.399,-3.226,5.145,-26.49,9.087,11.228,-10.476
48.787,-2.194,-6.651,-4.81,-57.487,-36.658,-3.884,-0.277,-12.044,27.376,-10.25,-16.14
47.793,-18.663,-24.57,20.77,-39.13,-16.194,2.975,-11.555,-8.769,15.364,-21.334,-12.519
43.894,-61.16,4.182,-15.406,-35.278,-17.286,17.594,3.982,-4.026,4.738,-5.553,-8.329
47.118,-27.579,-28.739,21.334,-46.928,-14.797,7.109,-9.685,-5.613,0.552,-0.726,-5.956
46.446,-41.212,-29.028,11.659,-24.878,23.531,21.837,-0.959,13.647,-9.147,14.98,-20.401
46.699,-7.536,-14.772,-6.71,-38.811,-6.23,20.936,-1.839,-11.05,7.237,13.493,0.049
44.338,-62.103,-9.062,0.175,-45.301,-35.326,28.056,-4.554,-1.1,0.062,-13.417,8.92
48.057,-18.785,-25.584,25.901,-36.784,-7.647,15.511,-10.112,-5.657,-0.517,0.263,-1.728
47.132,-6.449,-8.256,14.156,-58.137,-28.848,13.183,-6.639,-17.134,-10.674,-18.46,13.889
45.323,-39.614,-1.795,-27.777,-36.273,21.822,28.729,19.48,-2.594,-25.114,-32.792,2.759
48.325,7.722,-8.055,9.94,-44.696,-4.768,10.404,-6.12,-17.072,8.92,2.493,-3.903
46.45,-22.535,22.335,-29.018,-41.476,-18.526,28.433,1.659,-6.43,-4.924,-8.505,4.79
48.17,-32.458,9.849,-5.351,-36.041,-60.904,18.461,17.942,3.365,-7.292,-3.322,15.135
47.58,-40.91,-10.777,-9.852,-44.787,-28.577,22.238,5.652,-9.002,15.928,-3.172,7.434
46.396,-60.323,-6.759,-7.294,-49.034,-46.973,22.486,5.684,-3.942,4.977,-10.941,7.206
47.423,-45.312,-23.123,24.498,-37.277,-34.853,22.475,-6.37,-10.985,10.865,-1.136,10.879
48.636,-31.959,-28.116,39.061,-52.767,-50.556,-2.93,-10.615,-8.058,-6.104,-28.947,-2.089
46.858,-29.883,-38.596,22.881,-44.061,-19.715,12.957,-20.383,-4.357,4.088,-4.325,1.85
48.625,-13.817,-16.2,19.316,-56.799,-31.004,5.996,-11.249,-15.842,4.986,-14.976,3.826
48.228,-15.574,-23.731,-0.535,-50.342,-26.136,-1.041,-7.981,-5.936,-7.936,-29.724,-5.608
46.013,-33.319,-6.327,-0.685,-51.571,-34.213,21.703,8.472,-6.573,-6.174,-5.424,9.481
49.509,-9.174,-17.567,21.137,-46.388,-29.72,-1.491,7.179,-6.346,-3.339,-2.956,-8.742
48.75,-0.057,-10.775,7.27,-57.316,-23.499,12.094,-0.895,-20.055,12.214,-6.881,-3.711
47.524,-24.208,13.082,-18.949,-40.229,-15.524,32.302,-1.449,-4.458,6.649,-7.543,1.842
46.41,-46.015,-23.425,-12.056,-36.058,-23.497,22.196,-17.908,-3.237,6.25,-16.316,9.616
44.573,-78.172,-10.899,-13.289,-41.639,-32.771,23.981,-10.663,3.925,-0.916,-1.989,-7.876
48.22,5.444,-16.328,8.392,-46.061,-13.294,-1.69,5.815,-3.907,-5.549,3.816,-18.522
48.601,4.733,-22.373,11.492,-56.58,-50.705,-19.819,7.586,6.106,-13.311,-14.562,-18.245
47.043,3.614,-37.259,-4.546,-57.56,-47.749,-19.868,-1.869,4.595,-6.334,-22.719,-5.126
47.044,9.828,-11.39,-21.991,-52.436,50.11,11.243,6.422,-2.503,-6.93,-18.8,-11.526
49.317,20.089,-16.586,31.784,-68.314,-27.202,3.635,-3.288,-13.746,-12.785,-7.75,6.911
50.32,20.469,-2.302,18.486,-60.322,-51.924,-17.974,9.523,-7.111,-11.194,-2.937,-13.868
46.154,-5.498,-7.867,-9.569,-59.378,-33.266,1.892,11.576,-10.077,2.574,-6.338,-2.407
48.587,27.989,-5.563,-6.888,-56.396,23.031,17.644,-0.929,-11.959,-10.717,17.765,-6.739
49.914,17.928,11.225,-18.128,-53.319,-25.606,11.624,3.04,-9.11,-4.425,-6.708,-5.949
47.869,-37.449,-5.379,3.207,-56.854,-52.756,12.275,6.435,-16.852,-5.7,-19.026,9.565
48.49,-12.272,-17.668,-9.334,-46.376,-43.132,-7.863,2.813,-9.205,0.365,-23.014,-1.23
46.948,-25.205,-24.869,-27.699,-37.961,7.039,2.112,14.051,4.962,-9.43,-21.117,-7.509
47.9,-19.964,-15.102,-2.458,-45.416,-30.681,-7.257,0.229,-9.895,1.903,-4.948,-15.355
43.508,-58.228,-30.107,-35.688,-61.985,-30.993,5.18,10.729,-5.374,-1.626,-1.069,-20.626
48.501,-12.311,-7.857,-27.177,-46.907,32.436,14.178,5.949,-4.783,-7.33,-17.42,-3.426
50.397,3.445,-16.843,4.697,-52.525,-18.23,11.48,-17.689,-13.597,3.92,-5.491,2.863
49.994,-18.673,-9.487,-10.902,-34.785,-4.935,18.203,18.127,1.712,-16.747,8.196,-4.588
47.698,-62.62,-9.624,12.217,-32.521,-47.489,19.177,-9.183,-11.419,27.611,-1.026,-1.862
51.901,18.148,1.035,5.085,-50.382,-33.544,-12.678,-2.985,7.317,-7.09,6.585,-25.793
49.888,9.911,9.964,6.303,-47.534,-7.472,6.375,-10.447,-3.257,-7.428,-25.239,-8.348
52.983,22.036,44.509,-32.545,5.3,-7.711,26.252,5.064,17.4,5.448,16.827,-6.151
54.615,24.814,34.621,-7.432,1.965,-33.625,9.658,-2.354,-8.338,-1.328,-12.35,2.819
54.169,22.892,42.609,-16.06,1.379,-36.132,21.585,-5.139,8.233,7.449,-19.168,-3.252
53.753,24.963,37.011,-35.691,-5.147,-29.908,21.769,7.024,5.659,5.164,-3.621,-4.825
54.268,20.855,49.172,-12.52,0.849,-38.719,21.218,-13.171,5.891,9.714,-9.11,-6.989
54.057,16.137,45.282,-1.533,9.795,-40.149,11.213,21.03,12.365,-1.309,3.548,-6.088
53.207,25.968,32.713,-22.271,-5.127,-31.542,8.723,1.95,-0.375,3.45,-1.83,2.693
53.811,9.378,37.377,-15.945,4.819,-42.135,-24.545,-3.28,-9.896,4.998,3.633,-8.105
54.455,22.588,30.585,-3.764,1.42,-24.797,-18.649,11.496,-0.249,-9.485,-13.861,-11.65
53.501,19.809,35.763,-28.479,6.067,-25.772,-5.12,-0.8,-9.734,11.866,0.941,-6.457
53.338,39.053,35.975,-2.952,1.507,-46.076,-8.967,15.364,-10.146,3.615,6.578,3.45
53.106,43.798,48.121,-25.799,10.642,-28.202,-5.99,-6.549,-2.024,5.373,-13.057,-9.224
53.633,37.648,28.162,-25.318,-17.706,-23.008,-12.95,-7.856,-15.892,5.522,-7.681,-6.198
53.227,22.515,32.44,-24.755,-9.329,-24.953,-18.271,6.74,-5.873,-1.62,-4.731,-2.692
53.812,29.433,40.141,-19.603,-6.518,-23.914,-23.577,-2.673,-8.505,-10.115,-4.28,-6.232
52.856,25.372,14.174,-11.006,-6.736,-47.384,-21.115,-4.339,-7.663,-2.259,-7.204,5.094
52.922,51.87,44.507,-28.89,-15.371,-29.616,-12.361,3.7,-9.216,-9.304,-0.693,0.933
53.941,26.824,35.54,-15.167,-20.443,-21.016,-21.805,-2.387,-13.056,1.444,-7.9,-10.251
54.547,39.223,32.255,-20.64,-28.652,-45.149,-14.326,5.666,5.514,5.869,-0.157,-28.438
54.302,30.799,27.928,1.41,-14.383,-27.463,-11.538,3.137,4.711,11.159,-20.702,-26.799
53.318,27.344,50.224,-38.131,0.753,-25.638,5.728,-9.432,-3.304,11.864,1.784,-11.846
53.91,26.828,49.781,-9.612,-3.792,-18.044,-21.503,0.173,-8.021,4.587,-20.268,-19.376
53.337,27.028,45.05,-18.668,-1.57,-21.645,-12.822,-8.206,-1.055,5.586,-7.589,-22.058
54.032,11.08,49.941,-24.481,-0.745,-24.314,-9.094,3.372,-5.968,5.389,-6.227,-19.086
53.301,33.926,34.445,0.948,-0.331,-33.019,-11.323,1.212,-13.53,-7.599,-8.469,-6.275
53.953,35.163,31.69,-12.433,-7.135,-52.877,-12.556,3.399,-10.023,-12.524,-2.622,0.376
53.257,39.351,34.423,-28.816,-7.504,-28.144,-15.986,7.944,-7.127,6.785,-13.603,-2.398
54.562,32.032,40.627,-11.034,10.286,-25.861,12.322,-1.623,0.017,13.817,-14.619,-27.434
53.789,21.081,41.239,-24.31,3.195,-19.436,6.562,4.673,1.069,4.555,-2.689,-4.162
54.813,35.763,50.166,1.017,11.23,-37.758,15.498,-3.114,22.985,12.165,-11.356,-14.976
53.345,27.159,42.444,-34.764,-10.374,-38.743,24.666,0.476,10.211,2.329,-7.996,-3.081
54.003,17.549,43.594,10.394,-2.625,-40.054,5.443,9.628,-11.806,-4.476,6.142,5.668
52.624,51.384,40.635,-9.567,-5.905,-36.351,19.58,6.507,-5.153,1.258,0.177,23.616
52.904,44.735,46.449,-6.52,11.345,-33.854,12.268,-0.849,4.231,9.746,-2.608,3.886
54.241,10.455,43.837,-3.334,0.934,-39.384,20.55,14.791,9.518,13.057,-5.625,0.627
53.952,22.693,46.508,-4.715,5.035,-32.442,17.04,3.838,8.357,18.501,-7.307,2.444
54.016,19.271,52.839,-18.024,-1.988,-31.1,-10.305,5.261,6.833,3.189,-5.323,-23.298
53.449,37.747,34.325,-9.076,-11.343,-17.025,-4.878,6.561,-9.741,1.784,6.871,-12.12
52.943,49.976,35.142,-5.289,-8.652,-36.136,14.141,17.126,7.842,-2.514,-3.788,-6.52
52.928,33.101,42.74,-26.066,0.558,-26.055,18.778,-0.917,-3.03,13.479,-7.766,20.418
53.785,5.567,60.519,-7.412,13.306,-30.087,18.935,11.253,5.082,4.268,-12.437,-6.266
54.268,25.84,36.778,-9.921,5.964,-31.372,-12.327,1.781,-0.321,6.335,2.235,7.061
52.744,39.514,54.103,-29.28,-10.446,-34.395,-10.203,-8.54,-16.174,3.843,5.575,-11.289
54.386,26.294,55.27,-2.958,6.003,-28.617,-15.031,-3.43,-1.54,9.049,-9.465,-21.761
52.527,28.992,41.821,-5.604,-1.584,-21.699,-9.14,13.026,-6.237,-11.449,-8.87,-1.556
53.31,74.87,55.1,-12.131,-7.543,-19.581,0.091,-1.401,-11.179,-1.256,2.621,-5.257
54.72,35.577,56.921,-8.398,12.535,-29.534,2.984,-8.339,-6.301,4.573,-1.458,-7.894
53.595,35.741,65.076,-30.508,6.556,-23.097,13.481,-7.596,-2.157,8.413,-8.192,-0.339
55.262,34.159,49.591,-0.966,11.697,-32.103,2.237,-1.975,-3.263,7.107,-1.769,-1.362
54.014,25.673,52.036,-34.649,-5.355,-29.628,21.612,0.899,7.911,10.707,-2.325,-6.982
55.191,24.347,61.785,-8.4,6.714,-31.301,18.913,13.439,8.015,3.255,-9.748,-10.997
54.981,9.471,53.067,-2.491,15.229,-40.013,27.378,0.472,4.435,6.757,0.279,11.122
53.924,20.408,72.229,19.448,15.5,-36.117,43.36,9.958,10.067,2.228,-3.804,9.046
52.578,-8.611,61.265,-15.283,7.781,-32.71,34.342,1.846,4.833,10.209,-9.315,13.616
51.847,6.129,65.404,20.582,1.034,-37.267,41.379,-2.738,16.402,12.177,-10.037,-0.117
49.916,-27.693,31.236,-6.489,-18.394,-25.833,37.697,10.174,8.03,-8.558,-14.427,6.531
48.132,-6.589,25.713,-10.037,-23.797,-27.764,31.234,14.185,7.819,8.671,-7.007,3.488
49.933,-5.748,17.233,20.639,-13.243,-28.258,-0.9,1.439,-7.952,-10.723,9.839,6.61
47.585,8.271,44.857,-0.825,-23.945,-12.746,8.027,-6.773,-8.243,-10.686,-19.627,6.671
45.808,-21.519,49.172,-2.658,-17.729,-19.311,20.242,7.042,-12.877,-4.875,-7.553,10.644
46.849,-38.236,10.396,-19.029,-32.002,-21.77,24.051,6.377,2.095,0.334,-1.678,-1.736
44.846,-74.165,20.236,-8.823,-28.475,-28.133,36.447,18.952,-4.882,-3.914,-8.83,14.403
44.94,-18.068,21.502,-13.006,-22.795,-0.763,24.447,0.173,11.55,-23.657,-17.072,0.842
42.836,-71.463,29.626,-0.729,-19.714,-51.875,33.272,-4.696,-3.59,16.586,-12.546,8.392
47.259,-21.606,6.744,-14.664,-6.21,22.199,14.273,19.778,5.156,-13.281,9.506,3.139
44.798,-36.296,10.005,-23.957,-20.339,-23.624,3.936,-1.978,-9.1,-5.942,-7.206,1.368
48.333,2.274,6.362,11.817,-53.969,-31.437,20.184,1.386,-8.85,-4.984,-9.839,0.477
45.777,-46.114,2.285,-4.778,-47.48,-35.705,20.608,11.135,0.947,-13.977,-14.712,-17.821
44.498,-12.287,46.514,-48.829,-31.152,-21.216,27.19,20.768,1.112,-12.665,-7.361,-0.798
45.89,-38.909,2.653,3.032,-47.178,-32.558,34.36,-5.532,-1.282,-12.375,-10.084,5.038
47.576,-25.811,-0.361,27.569,-7.298,-29.527,5.887,0.528,-11.163,-11.313,12.679,-1.789
46.005,20.223,36.397,-16.233,-30.937,1.423,30.724,4.707,-9.801,-6.545,2.98,-2.818
45.239,-37.236,-1.028,-0.554,-24.222,-24.081,20.506,-8.455,-1.407,9.546,-7.744,-4.169
46.172,19.775,33.56,0.889,-32.526,-20.516,-9.19,5.342,1.631,-5.478,-5.329,-22.441
48.09,0.806,29.45,3.62,-15.477,-46.848,-6.446,6.399,7.672,-18.284,-4.57,-7.936
46.115,11.766,35.982,5.533,-27.977,-25.637,-6.155,5.73,6.463,0.023,-12.97,-21.347
45.393,0.047,51.099,-10.488,-10.007,-19.722,29.987,-0.284,-2.085,11.205,-2.288,-5.333
45.272,-7.744,3.522,14.398,-28.249,-50.383,-20.19,-12.838,-11.275,13.003,2.839,-4.421
44.768,-12.84,18.224,-23.789,-30.406,-14.131,25.829,2.835,-6.436,4.377,-1.817,-12.855
48.222,17.454,18.341,12.941,-51.293,-30.815,20.16,15.878,0.899,-10.302,-6.98,-4.74
46.093,-23.273,13.838,24.352,-18.729,-4.431,13.552,15.235,-23.474,-5.455,16.354,-4.323
46.446,34.368,48.957,6.845,-23.058,-6.769,16.847,-15.006,-16.66,-0.005,1.782,-9.127
48.089,36.835,68.631,-12.087,-25.705,-29.576,4.027,9.206,-17.079,5.978,-24.924,2.598
49.038,25.202,22.753,15.31,-30.379,-25.016,20.539,-13.007,0.749,15.719,-13.105,6.675
47.318,-18.352,3.028,5.354,-49.267,-44.447,24.43,2.463,-0.851,-0.44,-2.004,-3.799
45.7,-17.147,39.221,-41.207,-28.639,-31.421,12.112,28.597,-8.438,-15.95,-3.557,-2.203
47.305,0.33,23.828,-15.958,-12.574,-26.228,0.29,25.093,3.08,-8.904,16.548,-12.787
44.867,12.447,40.966,-14.648,-26.779,-29.711,9.062,15.502,0.875,-4.089,-14.519,-0.414
46.535,-2.402,10.1,-16.841,-45.252,9.543,20.801,1.631,-8.444,-18.465,-14.488,-1.53
44.687,18.387,64.305,-9.31,-37.099,-34.338,29.857,14.46,-24.406,6.918,0.024,-4.974
46.347,13.678,-10.125,-7.491,-45.496,-45.913,13.665,12.868,-21.734,1.367,-1.981,-5.633
47.463,-7.175,17.404,1.178,-28.235,-40.323,-11.989,16.684,-16.581,-31.009,0.845,-3.333
44.625,-11.182,7.537,-6.507,-49.831,-35.69,18.921,13.336,-24.926,3.037,0.467,6.019
46.34,19.072,-1.818,-37.422,-25.432,-24.508,22.947,20.7,-13.324,-18.075,13.691,-14.572
46.53,8.856,-25.784,-16.197,-19.086,-35.002,18.954,17.413,-6.73,-15.945,-23.515,0.916
49.167,-6.812,2.944,14.764,-1.721,-33.414,7.348,7.199,4.082,-6.961,8.366,4.096
45.238,-27.86,21.058,-4.217,-20.394,-21.948,32.669,0.907,-11.475,17.829,-18.541,12.6
45.344,-38.529,13.18,-17.229,-26.579,-17.449,43.625,27.828,-2.091,8.259,16.47,7.302
44.016,-21.039,0.522,-26.571,-44.697,-5.799,21.533,7.884,3.165,-1.083,-11.993,-7.032
45.892,-38.049,5.53,22.788,-6.178,-28.418,13.284,0.338,-6.559,-15.439,13.507,-8.044
46.125,63.522,47.642,7.329,-43.506,-13.589,17.945,0.552,-4.845,-3.005,-4.233,-8.825
46.015,3.408,65.65,-5.377,-16.88,-43.954,30.093,24.946,1.638,-4.779,3.923,5.989
46.715,-15.054,2.9,-6.703,-45.73,-44.067,24.619,11.862,-8.318,12.222,1.325,5.442
45.757,-27.25,20.64,-11.14,-39.005,-21.672,31.75,17.818,-10.757,1.311,-0.721,10.328
45.463,14.487,37.289,-2.159,-32.462,-6.396,41.154,-5.032,-4.803,-4.425,-11.009,7.064
47.305,-3.903,27.327,-24.32,-18.302,13.657,23.869,17.489,-1.757,-4.673,-14.854,-1.467
46.697,18.457,21.967,9.546,-23.41,-5.659,21.592,-26.882,12.67,-9.094,-21.459,-5.231
47.319,-0.555,8.888,-0.652,-52.075,-7.937,33.309,5.926,-9.484,-8.046,13.072,-10.823
45.971,-17.996,11.241,2.62,-42.618,-35.372,25.378,18.15,-6.533,-10.492,-7.186,0.881
46.846,11.359,29.129,-39.992,-51.552,-0.654,28.208,27.44,-9.453,-7.099,11.336,-6.408
49.196,3.792,2.782,31.469,-32.359,-33.412,-10.88,8.601,-12.999,-13.695,-1.886,-4.695
46.121,31.549,39.88,-12.805,-42.756,-26.362,25.885,10.965,-16.012,4.01,-4.783,2.687
45.704,39.71,38.791,15.262,-55.958,-46.563,6.89,-5.511,-17.909,13.348,-17.717,-19.492
44.794,8.492,39.464,-19.622,-36.358,-23.587,31.476,-14.753,-9.645,14.866,-26.977,1.324
46.302,33.79,44.235,-7.32,-41.364,-19.926,20.996,5.45,-5.137,-12.493,-9.956,-15.446
48.052,10.045,35.291,-17.13,-14.074,4.672,5.128,16.73,-0.914,4.172,2.787,-12.859
46.634,22.723,51.558,-11.99,-36.321,-25.859,12.972,18.706,-5.303,-11.805,0.485,-13.015
46.712,20.057,47.846,5.41,-23.07,-28.671,25.224,-6.166,2.005,4.79,-16.257,0.863
46.448,-8.716,22.478,-14.528,-22.524,-46.901,-17.407,-6.058,0.508,-4.842,-5.512,-7.087
46.955,19.558,28.558,-25.098,-45.145,-25.484,16.73,11.436,-11.332,7.592,-2.278,-10.552
48.426,21.293,38.603,-27.163,-51.607,-30.034,20.678,32.657,-6.327,-8.107,-10.034,3.242
48.445,-18.4,9.174,31.193,-10.255,-46.805,-10.515,-8.591,-15.379,-17.228,-10.538,-8.471
46.26,9.23,52.999,9.702,-21.079,-34.884,9.25,-7.347,-4.511,9.236,-15.137,-16.588
47.97,19.501,61.018,9.375,-24.468,-40.406,14.075,1.406,-2.575,4.382,-7.179,-16.246
46.854,-33.19,4.476,4.024,-47.653,-41.588,25.656,-6.466,-3.026,4.831,-8.471,4.24
46.459,-25.837,10.411,-19.151,-43.257,-8.807,16.504,-6.602,1.471,-11.166,-13.319,-6.981
45.04,-20.275,17.232,-19.646,-42.15,-16.837,12.266,7.617,-3.67,-20.129,-11.515,-2.429
45.011,-4.33,19.057,-31.74,-31.042,-7.834,11.317,11.905,-6.794,-8.757,-20.316,-15.314
47.538,-19.371,25.823,-6.086,-23.818,5.917,2.55,17.028,-13.923,2.759,4.066,-11.825
48.419,-11.497,22.975,7.628,-16.337,-50.02,-8.776,-1.784,-8.487,-20.907,-0.471,-7.689
45.776,-9.753,50.991,-4.511,-22.789,-31.52,14.161,21.924,-1.75,-8.554,-7.994,-0.163
47.952,6.567,13.379,-44.631,-48.136,4.059,19.543,9.54,-4.454,-6.823,-13.27,-8.083
48.499,4.112,41.516,-29.852,-38.043,-21.79,21.773,15.6,-6.479,-1.851,-8.801,4.265
48.977,-6.474,-13.093,-7.614,-23.893,-42.533,16.849,5.154,-7.673,-7.339,-10.075,-6.499
50.405,-7.699,1.387,22.032,-23.429,-53.481,-7.066,-11.087,-11.851,-12.675,-17.098,15.539
49.458,27.032,9.019,-7.269,-34.542,-21.568,14.572,-2.399,-12.892,-16.478,1.689,-12.88
53.397,26.213,48.773,-44.997,-0.265,-16.753,19.18,14.491,3.559,4.381,0.759,-22.93
55.209,52.59,45.383,-10.314,-5.724,-42.105,-3.086,1.042,16.786,25.569,-22.878,-7.967
54.979,32.182,32.101,-0.939,-1.346,-37.86,-5.599,-0.022,5.461,3.175,-16.306,-3.51
54.857,37.442,46.996,-3.072,7.61,-24.495,0.406,-11.52,5.507,8.447,-5.143,-9.71
53.79,37.252,45.622,-21.595,-14.923,-22.158,12.474,10.755,3.335,-0.323,-18.239,-12.268
54.239,35.56,60.474,-28.412,1.367,-28.16,13.018,7.607,17.101,13.544,-9.61,-19.692
54.573,41.052,49.903,8.881,2.134,-37.093,-13.659,13.188,0.106,0.255,-0.785,-11.661
54.373,21.824,49.28,-24.808,2.89,-28.912,7.442,13.259,12.314,26.666,-2.769,-28.264
54.976,32.289,50.612,10.209,5.541,-34.665,2.544,13.686,15.006,8.372,-18.772,-20.3
53.842,38.569,50.745,-12.922,8.263,-17.972,-4.357,1.897,3.569,7.668,-6.043,-24.555
54.861,29.014,49.079,-12.104,7.584,-31.631,8.055,2.02,6.489,8.524,0.478,4.627
54.341,51.121,55.984,-5.211,2.439,-17.874,6.942,-7.027,3.752,-2.638,-12.571,-8.094
55.218,44.771,63.608,-1.681,11.969,-41.487,11.216,-7.115,13.147,21.899,0.975,-2.022
54.279,35.071,36.122,3.978,1.877,-43.081,-3.122,13.445,7.32,-4.036,-9.794,-10.125
54.292,20.648,50.081,-17.678,13.635,-24.737,8.995,6.562,0.379,10.438,-6.845,-11.287
54.133,26.625,48.498,-15.364,11.472,-27.429,11.406,17.167,8.371,12.454,-11.318,-5.987
54.557,16.46,40.114,-12.59,14.611,-29.746,-1.421,-10.588,-0.343,5.239,0.661,-6.001
54.493,26.275,55.803,-8.767,2.124,-27.896,23.328,11.028,2.889,4.055,-9.08,-5.853
55.279,24.272,52.053,-0.364,6.381,-41.641,15.019,10.806,9.569,7.142,1.353,-2.488
54.643,30.888,71.203,9.364,18.656,-34.174,14.174,6.31,16.294,7.952,-13.81,4.752
54.762,20.365,56.018,6.242,13.056,-34.741,12.093,6.788,17.137,11.04,-13.909,0.05
54.899,18.958,47.491,-14.855,15.607,-39.984,-2.17,-4.452,1.111,9.591,-2.321,3.333
54.466,30.39,40.425,-10.689,12.105,-22.504,-0.214,2.98,6.036,7.692,-4.388,5.006
54.152,26.684,54.999,-27.393,9.282,-29.04,8.529,-0.672,0.595,16.278,-7.225,-5.334
54.366,19.028,36.016,7.211,0.863,-32.256,7.098,5.004,-0.695,-3.603,-2.268,-2.826
53.481,22.524,20.18,-11.675,2.281,-48.537,-17.266,-1.993,1.765,-3.862,-3.355,-3.874
52.949,25.585,34.713,-18.899,-21.866,-32.945,22.672,2.636,-6.816,7.849,-5.878,-13.147
54.232,26.473,45.404,-16.161,-11.568,-27.427,1.186,7.153,-16.084,18.995,-4.605,-0.634
54.492,25.376,36.187,-15.967,2.773,-43.365,-1.819,2.81,1.128,-1.757,-0.052,3.138
54.673,42.651,60.412,-5.333,2.814,-41.661,14.467,-8.897,6.937,6.177,-8.612,-6.808
53.302,32.434,73.076,2.462,12.927,-37.121,10.424,11.18,7.871,12.025,-3.838,-6.241
54.314,15.837,57.654,-13.485,15.66,-31.017,-7.479,11.199,-0.29,18.128,0.804,-3.121
55.142,39.431,42.927,-4.928,8.945,-30.519,-1.635,3.147,13.017,6.007,-11.499,1.889
54.787,27.447,67.339,-4.069,13.066,-29.72,20.688,2.409,10.024,12.699,2.749,3.54
54.575,20.759,75.06,-6.289,7.986,-37.705,39.175,13.533,7.541,-0.903,-1.88,-7.643
54.432,32.116,41.308,8.747,2.078,-44.358,7.155,10.133,-1.965,-0.794,-10.043,4.527
53.152,49.094,38.467,-12.986,-0.026,-46.254,30.54,-0.112,5.41,6.982,-13.489,-5.565
53.716,24.746,53.56,-25.086,-3.158,-32.365,20.241,-0.748,-1.374,5.183,-9.304,-4.179
55.033,22.158,47.342,3.825,15.433,-36.46,0.656,0.164,5.796,4.563,-4.939,6.79
54.452,17.897,64.102,-17.755,15.042,-19.334,0.29,0.884,8.998,3.346,-1.677,-13.943
53.711,23.634,34.761,8.145,0.93,-47.93,-23.88,2.063,-1.568,-1.883,1.211,-16.086
53.328,42.341,51.184,-0.548,-16.169,-32.339,-3.547,4.747,1.256,2.18,-11.922,-18.621
53.379,31.375,13.361,-24.542,-16.958,-40.489,0.056,1.909,0.444,-1.853,-3.088,-14.211
54.701,15.037,55.767,-9.235,9.377,-35.295,15.544,11.483,16.233,10.906,-10.183,-12.727
53.76,39.434,55.498,-8.974,11.909,-22.679,1.138,-18.231,5.865,15.92,-16.464,-19.529
55.14,28.805,44.878,-2.078,4.218,-24.709,-16.358,-13.398,2.84,4.454,-5.03,-11.794
53.67,27.549,29.81,-0.769,5.059,-32.045,-9.046,-0.566,5.362,6.557,5.703,0.749
54.397,42.7,50.045,-17.223,-2.333,-21.726,15.641,3.329,-5.278,0.25,-7.466,-14.719
55.105,41.598,49.298,8.283,7.527,-36.134,29.968,0.887,10.881,12.854,-8.008,9.034
55.894,55.888,38.872,-9.741,-0.785,-36.527,7.547,-8.938,4.91,13.567,-8.248,-5.937
55.515,38.792,53.9,2.093,7.788,-46.317,16.225,2.747,2.764,11.166,-4.834,1.365
55.276,34.576,59.505,-1.194,17.191,-31.511,16.015,-0.442,18.475,13.564,-7.002,-7.078
55.014,49.449,51.959,1.947,12.718,-23.295,21.408,-5.609,26.914,5.197,-7.032,-8.405
54.052,25.222,31.259,11.205,-4.29,-40.118,-0.734,0.026,4.818,5.177,4.106,-8.158
53.026,45.518,29.758,-7.555,-17.184,-39.699,1.084,-4.272,3.565,0.083,0.115,-2.062
53.393,33.337,24.758,-1.592,2.439,-26.743,-7.501,3.102,1.228,0.15,6.527,-0.505
52.65,43.42,41.961,-19.576,-4.632,-25.113,8.913,-3.272,3.807,5.112,-6.433,-1.003
52.871,36.017,33.041,-19.042,-23.956,-31.727,3.372,3.726,5.833,-1.743,-7.133,-13.752
53.43,41.066,35.044,-6.635,-3.03,-30.343,3.495,12.633,2.667,2.615,-9.438,-0.521
52.493,44.905,45.022,-20.178,-18.674,-28.779,20.352,-0.558,6.104,9.481,-13.837,-3.568
53.557,29.81,27.797,-3.602,-8.436,-46.527,-10.761,-0.952,-3.577,-9.706,1.467,2.931
52.707,29.027,36.75,-13.511,-17.917,-37.17,24.822,2.852,1.646,15.449,-4.414,4.065
53.041,24.871,41.158,-4.118,-8.422,-38.245,15.167,14.696,-12.943,6.406,-2.087,17.564
51.887,43.239,42.205,-16.144,-2.521,-28.3,4.107,6.403,6.655,7.446,-4.696,-13.436
53.653,34.605,32.953,-5.58,2.1,-22.174,-10.099,-3.055,-4.99,4.912,11.304,-2.335
52.645,33.254,37.186,-8.928,-11.135,-35.621,-0.626,0.854,6.275,4.112,-0.334,-11.356
52.742,33.574,45.428,-12.184,-0.237,-27.105,0.814,-2.466,3.078,2.09,-9.448,-8.111
52.863,34.144,33.878,-22.406,-5.124,-14.759,-5.895,-3.427,-1.081,5.412,-5.418,-10.62
53.303,42.37,36.246,-16.35,-19.412,-26.583,-3.577,-0.984,1.699,4.057,0.868,-13.549
53.988,37.089,25.984,-1.682,-6.809,-54.011,-1.335,6.498,-4.349,-5.742,2.151,5.256
53.243,40.846,38.766,-15.231,-17.905,-26.744,-1.466,-2.314,1.958,3.295,2.11,-6.39
53.928,35.233,23.367,-6.229,-0.646,-42.68,-3.555,2.017,5.188,2.476,7.485,-6.781
53.949,25.044,26.932,-5.499,-1.136,-50.451,-8.188,0.495,2.902,-9.442,4.564,7.502
52.576,36.396,24.243,-18.775,-11.969,-40.67,3.072,11.551,10.181,7.445,-4.462,-17.065
53.146,50.287,42.562,-6.722,-3.792,-48.363,0.617,-14.384,6.842,21.776,-10.151,-2.266
53.67,33.452,25.484,-2.114,-9.111,-33.603,1.568,-1.534,-4.702,1.913,7.387,6.001
53.498,30.472,30.45,-1.069,-0.252,-42.271,-5.475,2.716,0.274,-1.958,0.539,4.288
52.609,46.176,47.03,-10.213,1.059,-34.851,22.495,-6.906,13.17,4.802,-4.716,4.259
53.156,35.627,42.642,-6.223,0.505,-40.499,10.743,1.649,9.371,5.972,0.424,3.155
52.468,45.66,33.82,-17.195,-25.267,-37.789,11.439,8.562,-5.809,4.43,-4.528,-16.148
53.338,31.965,35.793,-0.341,-2.379,-24.217,1.9,12.082,-14.289,-3.295,10.27,2.625
52.724,33.603,34.332,-14.623,-7.582,-38.014,3.84,8.278,2.868,8.893,-7.033,-7.767
53.246,34.008,23.984,-5.912,-12.461,-51.856,-14.117,-14.553,-4.903,-6.294,-5.537,-0.871
52.223,27.047,42.312,-25.109,-2.777,-27.394,-9.674,3.876,4.84,4.77,-7.929,-21.749
51.992,35.423,27.446,-21.598,-19.665,-33.429,7.057,1.949,1.923,9.021,-1.471,-19.224
52.297,28.444,31.854,-18.804,-13.973,-34.511,5.611,5.555,3.68,13.052,-5.002,-19.993
51.949,41.818,53.004,-3.549,0.211,-45.593,0.157,13.182,12.055,4.93,-6.235,-19.852
53.125,37.886,32.06,-2.449,-4.822,-31.61,-5.295,-3.156,-9.892,-0.12,5.845,-1.209
52.134,38.196,51.988,-22.322,-14.875,-29.187,14.528,4.338,-2.778,8.226,-6.333,-8.564
52.873,32.55,53.977,-12.973,-22.866,-22.554,3.989,-11.543,-28.975,-13.734,-0.763,12.505
53.33,48.079,44.849,10.964,-25.435,-35.523,9.843,4.669,-16.526,-7.787,-1.859,12.708
53.807,42.283,24.229,-4.144,-4.594,-36.729,-11.751,-0.767,-20.104,5.086,4.565,1.443
52.91,39.271,26.969,-19.703,-13.847,-20.971,-1.629,1.986,-13.641,0.58,-4.807,-1.761
52.79,31.255,33.467,-32.607,-5.443,-18.318,3.583,-2.218,-3.554,1.906,-11.276,-7.161
53.397,36.009,25.922,-12.118,-9.51,-22.493,3.312,1.569,-3.62,11.37,-9.582,-3.537
53.385,42.828,28.559,-11.872,-36.86,-31.67,8.266,-3.27,-9.829,4.076,-7.404,-4.308
53.609,16.444,30.659,-18.497,1.522,-28.281,-11.989,2.773,-6.454,9.266,1.976,4.355
55.499,31.82,65.754,-4.42,-0.904,-38.892,35.577,4.341,3.603,11.0,-3.785,7.474
55.631,39.908,60.416,-5.849,1.4,-34.534,25.403,9.324,3.074,-0.286,-5.269,3.838
55.04,34.387,52.529,-24.428,4.573,-18.587,22.288,-0.918,4.105,-10.864,-3.843,-1.399
54.886,27.93,51.338,-1.225,3.452,-32.701,26.674,4.934,4.841,8.115,-12.158,-2.995
53.463,32.972,43.733,-10.201,-15.654,-35.955,10.153,0.407,-3.868,-4.866,-0.334,-6.196
55.197,4.622,60.216,1.839,18.296,-35.695,12.598,15.933,8.265,0.222,1.814,4.125
54.744,41.822,38.846,-20.695,6.429,-17.644,13.79,-13.186,8.367,2.83,-9.292,-4.612
54.924,43.704,44.492,-22.756,-1.603,-31.649,15.975,-10.275,3.668,3.988,-12.3,3.582
54.519,28.865,48.422,-17.759,-2.373,-23.186,16.035,2.291,7.07,10.428,-12.451,-5.024
54.757,22.632,51.097,3.595,7.249,-33.71,22.496,3.341,8.9,9.165,-13.981,-1.126
54.368,23.279,49.585,-18.287,-3.477,-29.516,14.061,6.385,1.169,4.447,-6.98,-5.353
54.949,36.751,34.917,-20.759,-0.828,-23.165,5.526,8.295,-3.807,16.038,-15.597,-10.208
54.815,49.832,49.598,-18.749,-4.903,-30.689,14.647,-9.014,0.569,14.322,-6.821,-10.442
55.179,22.067,49.734,0.777,4.8,-33.415,24.575,3.481,13.077,8.259,-5.798,-3.032
55.393,23.242,52.573,0.426,13.445,-30.824,13.589,20.795,4.277,17.74,-8.996,0.614
55.317,20.217,49.559,-5.527,8.014,-29.679,10.177,17.223,7.368,8.711,-10.599,-16.568
55.355,13.027,62.097,-4.654,20.046,-37.206,26.158,22.585,12.163,-3.027,5.634,6.824
54.854,42.317,58.351,3.446,1.055,-34.537,38.26,9.345,-3.809,-1.033,-3.556,20.33
54.897,40.169,65.986,-9.159,1.391,-37.781,38.499,13.63,9.169,5.653,-14.395,0.676
55.51,55.503,51.087,-1.229,-11.568,-26.529,17.578,-16.147,-2.83,2.727,-7.215,1.318
55.632,43.639,47.853,-6.664,2.619,-24.606,7.153,-2.305,-0.21,3.239,2.538,-7.792
55.251,37.549,66.344,0.863,-16.202,-33.682,27.822,3.563,-18.588,15.44,-0.127,20.367
55.624,30.533,63.051,-6.823,-9.217,-34.416,24.088,9.809,-10.334,3.408,2.698,12.378
53.924,36.38,43.001,-2.537,-16.802,-37.573,22.707,5.463,3.463,4.441,-9.851,-10.304
53.445,34.784,36.296,-16.719,-11.482,-43.715,14.311,2.238,3.932,3.07,-7.603,6.059
53.619,40.472,37.46,-12.217,-8.449,-38.965,8.583,1.04,-0.666,-0.946,-6.302,12.642
53.318,33.831,39.005,-12.113,-12.841,-32.324,5.221,10.357,-5.115,4.131,-1.439,0.716
53.173,38.153,36.916,-11.731,-13.323,-37.577,13.792,6.519,-0.135,10.236,-3.588,-0.417
53.32,37.992,31.994,-15.181,-9.505,-42.078,3.156,-2.13,-2.283,3.939,-3.083,3.289
53.997,49.103,42.731,-17.645,-26.15,-23.579,9.457,-16.271,-9.403,1.806,-1.692,-5.354
54.183,40.624,46.271,3.755,-8.843,-48.364,4.688,4.67,-7.063,1.491,-15.847,5.526
55.021,50.299,53.364,-13.08,-8.931,-31.181,32.899,4.127,11.328,9.598,-2.107,-5.255
55.518,48.152,60.786,-6.06,0.005,-32.095,27.025,-7.559,10.303,2.496,-7.27,-6.633
55.58,32.606,59.57,7.397,4.006,-35.562,14.628,4.767,13.557,-3.533,-3.43,-1.086
55.384,59.685,53.184,-5.467,6.689,-33.015,16.173,-8.588,5.788,-0.496,-6.147,-8.457
55.65,52.537,50.612,-5.208,4.949,-40.22,5.552,-0.94,17.492,8.172,-11.474,-14.096
54.824,36.061,44.133,-1.118,-5.266,-32.941,4.674,1.389,10.4,6.916,-9.027,-11.287
54.959,18.768,48.839,-17.871,5.681,-29.654,-8.85,14.29,0.515,-5.708,-8.188,-7.601
55.618,46.652,53.143,-4.865,-7.686,-16.447,11.499,4.072,-1.207,9.713,-0.505,-18.704
55.781,63.646,46.982,-8.985,1.79,-29.407,11.243,-12.975,-3.758,6.438,-9.446,-9.93
55.848,38.155,59.07,-5.469,5.712,-35.521,17.69,5.576,-2.146,5.086,0.576,9.549
55.405,37.301,54.288,-2.0,5.836,-45.403,26.58,1.337,20.703,-5.504,-9.503,-5.329
54.314,28.018,36.732,-0.211,-5.948,-37.053,10.776,3.599,2.254,-2.733,-1.562,3.603
53.136,42.303,43.385,-10.432,-6.663,-28.154,16.909,2.173,4.987,13.47,-14.341,0.828
53.291,37.619,36.626,-20.143,-12.723,-32.048,11.646,2.341,-1.444,-1.572,-4.815,0.708
53.604,38.589,45.016,-5.57,-11.815,-53.557,6.219,0.554,-9.073,8.182,-12.271,1.879
53.091,40.223,43.219,-11.388,-8.74,-35.335,13.485,-1.14,3.597,6.277,-5.348,-8.087
53.384,35.129,34.997,-17.07,-11.397,-37.711,12.073,3.781,-5.107,14.175,-1.151,-10.611
53.53,34.599,32.073,-16.534,-3.782,-41.478,2.832,5.125,3.375,8.789,-5.934,-8.03
52.884,45.871,40.061,-22.374,-6.552,-27.412,2.332,-3.419,-4.274,4.143,-6.037,-2.472
53.174,40.401,30.415,-28.608,-22.221,-38.066,17.839,6.203,4.301,-3.487,-3.384,-7.582
52.768,37.488,37.114,-28.099,-15.873,-31.997,5.86,5.106,0.271,1.744,-3.58,1.417
52.804,39.28,29.228,-25.737,-26.552,-26.15,12.523,2.434,-5.762,7.406,-16.053,-12.106
53.042,29.405,31.94,-21.172,-5.836,-25.825,-0.114,3.168,-0.18,14.873,-5.123,-10.657
53.77,36.233,34.028,-13.166,-5.473,-40.522,-1.949,10.127,-5.395,-0.243,-0.161,-11.547
53.747,43.957,37.48,-14.09,-10.058,-30.513,15.013,1.415,-2.201,5.786,-4.206,-3.313
55.343,51.442,55.692,-7.122,-12.71,-41.101,25.905,6.25,6.1,16.403,-8.03,-15.77
55.434,59.196,41.242,-2.937,-10.632,-31.581,-0.42,-10.579,-2.489,6.652,-8.906,-1.233
54.94,52.496,37.471,-13.776,3.156,-22.706,20.074,-9.576,0.845,19.016,-13.706,-6.559
55.417,54.355,47.682,-3.137,-3.262,-25.582,9.427,-0.904,6.807,7.284,-5.536,-14.458
55.014,31.653,54.108,-1.998,-6.699,-29.393,11.984,18.746,13.995,0.416,-4.225,-21.373
54.371,28.56,49.321,-25.656,1.512,-34.85,3.76,1.577,10.794,5.058,-6.99,-11.533
55.027,30.45,59.941,-6.073,14.904,-30.912,21.484,8.481,1.706,14.533,-13.984,8.602
54.574,50.661,48.169,-8.513,-9.695,-25.667,15.466,-0.217,-3.193,0.193,-10.488,3.325
54.83,40.479,50.661,-4.6,-1.215,-29.627,23.356,5.697,-6.227,24.956,-16.641,4.552
55.461,31.55,47.475,-13.648,0.4,-28.768,6.996,7.64,-9.632,7.296,-1.532,-5.378
55.304,38.318,48.933,-13.39,-3.711,-29.262,19.978,4.882,-0.774,5.559,-11.725,5.765
53.416,39.762,37.922,-12.605,6.925,-39.319,7.044,10.79,2.679,4.596,-8.526,-9.797
54.939,34.19,49.006,-16.873,-4.096,-30.773,19.471,0.58,2.159,11.01,-4.405,-13.466
55.141,23.285,51.201,4.851,4.479,-33.399,18.077,10.89,4.304,-1.044,-12.445,12.86
55.838,53.004,67.616,-1.831,-11.282,-24.91,24.447,-2.503,-1.796,2.321,2.358,-2.311
55.419,48.125,45.566,-6.474,-6.333,-29.367,12.135,6.285,-1.089,-5.329,-11.966,-7.812
54.943,54.21,57.872,-7.081,-2.997,-24.318,19.379,-1.458,-8.737,1.76,-11.233,3.785
55.343,42.847,59.854,-11.933,-8.634,-26.19,22.486,7.877,-3.671,12.063,-9.356,-7.785
55.643,63.37,48.65,-15.363,13.513,-30.014,16.167,-20.618,-8.121,9.656,-3.189,8.721
56.821,61.186,70.941,6.229,7.197,-36.855,23.395,-5.359,8.546,16.703,-10.195,10.649
55.494,56.415,56.261,-12.576,5.281,-28.355,15.248,12.826,14.327,-2.063,-1.962,7.443
55.042,61.409,50.701,-11.047,-14.591,-28.762,13.715,-9.681,6.941,12.887,-14.26,-8.881
56.537,62.622,58.38,-4.913,-21.011,-32.303,10.89,1.374,-7.973,-9.846,7.838,7.16
56.353,78.503,47.054,7.461,-1.684,-40.317,2.255,-8.989,12.899,1.338,-3.702,4.47
56.471,82.477,48.269,-0.065,8.883,-38.287,-1.052,-2.572,19.74,6.528,-6.4,1.713
55.976,85.923,56.085,-12.006,3.15,-30.173,9.82,-8.671,17.994,-6.146,-8.869,4.283
55.644,95.223,65.037,-7.582,-3.264,-28.06,20.131,-12.143,2.727,10.523,-7.05,-5.809
55.709,61.556,45.065,-10.271,-16.459,-34.852,-18.06,4.513,2.317,-0.697,-3.577,-7.075
54.032,52.104,30.373,-24.404,-35.877,-28.854,1.94,5.853,1.789,-3.359,-7.44,-8.527
54.117,60.344,41.872,-24.808,-18.669,-29.239,-0.473,2.057,2.983,-2.166,-5.39,2.706
56.16,76.744,51.692,-5.877,-3.938,-36.437,9.029,-7.705,-0.659,10.736,-0.14,15.561
56.552,86.736,60.344,-4.219,-9.644,-39.285,1.646,1.961,5.288,17.277,-6.258,-2.004
55.959,69.471,60.835,1.506,-0.534,-28.62,21.805,-2.191,15.905,11.856,-9.449,-2.964
56.207,73.588,56.071,-10.486,-1.87,-25.864,-10.104,0.321,15.904,3.956,-3.176,-16.412
56.186,85.772,46.877,-12.182,4.408,-26.429,-12.589,-10.097,14.022,3.911,-2.99,-9.305
55.406,59.943,51.214,-18.222,1.168,-30.602,-10.347,-3.933,14.864,14.414,-5.048,-0.15
55.84,80.26,41.603,3.571,-17.955,-32.107,-7.104,-14.575,-2.157,-2.989,6.411,1.562
56.39,70.394,55.083,-10.647,-6.723,-29.799,-10.164,3.888,4.727,12.977,-3.456,0.249
55.994,70.553,41.82,-7.485,7.847,-22.623,-14.074,-12.007,22.283,-0.336,-9.102,-18.506
56.486,61.525,50.489,-7.401,11.789,-25.848,-6.056,-8.667,18.726,3.563,-5.816,-12.166
57.058,75.832,57.83,-1.726,13.365,-32.716,20.426,-11.644,21.269,-1.224,0.554,12.725
56.591,86.955,49.723,7.22,6.176,-33.04,11.881,-14.729,19.09,10.394,-5.071,0.911
56.552,69.78,59.349,-8.153,-6.226,-25.784,-9.527,4.168,10.029,2.233,1.41,6.97
56.219,70.853,66.157,-8.609,-10.214,-29.272,27.028,3.345,3.578,-7.028,-5.269,10.353
56.706,73.685,42.607,-3.006,10.393,-41.098,-9.502,-12.436,27.993,18.295,-9.511,-23.141
57.063,63.024,51.905,-10.306,4.664,-28.451,7.292,10.448,11.533,-4.409,-0.86,7.566
56.74,70.804,45.957,-20.966,-2.394,-28.503,15.24,4.543,23.665,-2.133,-14.133,-4.771
56.749,76.198,58.275,5.745,8.67,-42.405,19.715,7.684,5.201,6.193,1.633,15.262
56.071,75.38,49.997,-2.443,3.069,-30.057,-3.479,-6.888,17.985,7.031,-13.639,-21.934
54.823,58.901,48.868,17.776,1.753,-51.686,17.406,0.213,16.916,16.217,-3.312,7.313
55.195,86.264,56.04,-22.318,4.979,-29.84,12.679,-5.588,27.073,9.259,-15.835,-14.065
56.943,82.563,44.222,2.802,-3.978,-29.685,0.026,-4.706,8.066,-10.719,2.028,0.646
55.958,58.694,58.202,-0.781,-0.381,-27.61,-4.809,2.041,11.622,7.224,-3.139,-9.159
57.123,74.092,61.025,-9.229,3.115,-28.993,-14.849,7.05,-8.328,1.125,-1.908,18.246
56.42,86.268,72.104,-3.005,-4.781,-27.356,-0.126,1.263,-0.224,2.45,-4.64,0.003
55.329,69.491,37.845,1.402,-14.35,-33.097,11.46,-1.174,11.216,9.495,-8.712,-4.244
55.327,68.558,52.613,-5.678,-8.25,-43.905,18.214,1.41,11.717,4.66,-2.931,-0.697
55.787,52.212,53.81,-11.408,-6.358,-35.093,-16.795,8.593,2.875,5.439,-14.792,-9.718
54.999,61.166,51.831,-13.914,-4.2,-32.867,-2.635,2.434,7.935,12.308,-5.351,-4.599
56.392,77.146,58.795,-13.324,16.516,-19.56,-14.56,-12.203,9.312,-0.558,0.568,-1.12
56.11,70.927,52.453,-13.684,-16.26,-32.608,9.868,2.566,7.304,7.187,-3.421,-3.562
56.543,70.272,48.14,3.145,5.121,-35.97,6.303,6.091,-11.799,-1.442,8.003,24.521
56.692,90.66,44.479,-16.493,-14.16,-23.77,22.455,8.005,-2.852,-12.796,-3.016,21.708
56.39,99.528,60.74,-8.969,-14.727,-27.708,19.163,6.003,-15.096,-0.261,-4.262,20.871
56.356,90.607,50.039,-6.747,-12.406,-30.518,14.909,-4.898,-2.488,0.512,-1.054,0.199
56.998,92.913,55.698,6.904,1.136,-27.012,14.653,-5.873,2.429,6.073,-2.053,14.315
57.122,97.772,49.78,-6.784,-3.685,-26.37,10.417,-3.147,-5.33,-9.712,-9.056,17.006
56.748,89.792,57.533,-5.078,-2.169,-32.339,17.331,3.018,8.24,5.518,-4.257,13.282
56.545,95.534,58.757,7.647,-4.826,-40.377,11.577,-6.14,-11.595,10.742,-10.107,12.143
56.239,77.55,54.771,-14.069,0.564,-21.185,1.843,2.179,-3.177,-15.045,-7.046,16.842
56.278,93.777,45.956,-20.124,-23.301,-23.308,21.474,7.851,1.23,-15.21,-11.301,1.435
56.611,92.41,60.782,-5.211,-13.25,-24.964,6.433,-1.423,-2.49,1.394,3.528,2.819
55.86,92.359,69.78,-5.557,-5.297,-26.647,19.01,5.231,-5.191,-8.418,-10.97,14.308
56.871,81.496,54.488,-0.238,-1.696,-32.577,3.359,1.706,-9.104,0.469,2.341,21.011
56.382,74.445,54.07,6.697,1.594,-26.898,12.998,2.566,4.881,8.451,-16.31,13.008
56.543,75.316,46.495,-1.899,-13.156,-28.799,15.141,-11.404,13.229,11.062,-2.447,-1.638
56.68,83.428,60.149,5.256,6.938,-36.864,25.327,11.088,18.074,2.848,-1.405,13.683
56.824,58.645,51.642,-6.446,11.076,-33.731,-0.919,10.159,-3.766,9.685,-7.231,20.316
56.765,80.248,54.815,-6.214,4.031,-34.538,12.83,-0.417,8.437,4.9,-2.899,24.728
57.046,65.143,58.065,-9.8,14.241,-37.122,14.731,5.229,7.727,4.075,-0.794,22.257
56.934,79.621,69.562,4.704,-3.314,-27.052,15.093,-8.635,-6.424,-0.843,-11.059,14.527
56.333,68.507,54.123,-15.131,-11.016,-28.772,30.672,13.889,-1.506,-2.676,1.911,17.342
56.911,77.816,56.889,-1.355,-12.759,-24.927,34.212,-2.977,-1.026,-0.182,-4.735,4.217
57.062,72.153,60.975,2.743,-18.266,-20.504,27.176,3.801,-5.242,-3.671,-4.571,7.47
56.431,66.347,42.73,-12.47,-19.748,-27.041,14.121,-4.344,1.247,0.399,-15.487,1.202
56.451,52.706,48.07,-9.796,-8.386,-34.342,10.452,-0.981,2.864,8.431,-5.209,-1.711
56.056,45.326,43.301,-15.688,3.052,-30.181,-0.502,-0.79,2.732,15.781,-6.647,-2.748
56.151,39.951,56.682,-16.266,2.641,-30.976,-5.138,14.237,3.473,1.587,-9.023,-5.854
56.09,58.288,55.639,-14.896,-7.306,-32.834,3.434,-7.477,2.1,13.019,-1.621,-11.783
56.111,54.511,62.532,0.893,-2.348,-37.893,-2.185,5.826,9.194,4.018,-16.665,-15.191
56.259,42.281,55.209,-2.382,-2.443,-37.746,-2.37,-1.714,10.232,9.46,-9.837,-28.046
55.837,61.507,48.486,-6.629,-6.652,-20.172,-7.484,0.489,-0.579,4.484,-8.238,-0.1
56.496,50.84,48.977,-2.823,-1.029,-33.146,-14.104,-3.898,4.839,5.696,-3.993,-7.071
55.913,52.86,44.818,-4.394,4.852,-35.704,-16.268,-3.568,6.597,14.695,-8.318,-10.488
55.477,43.418,37.501,-20.282,-1.335,-22.847,-12.646,-0.232,-6.294,-3.029,-5.74,-4.07
56.088,32.39,54.904,3.269,5.661,-37.255,13.066,-0.757,8.713,12.948,-10.228,-18.035
55.643,30.332,78.158,0.391,12.821,-34.365,15.338,3.616,10.296,1.076,-6.191,1.141
55.574,31.755,59.543,-7.202,8.499,-21.913,-1.167,-6.416,-9.553,-1.019,-5.277,-5.812
54.871,32.797,37.137,-11.191,2.961,-43.099,-5.771,-2.862,-5.08,0.065,14.054,-1.047
55.105,38.092,44.877,-5.473,13.054,-13.034,-7.379,1.605,4.236,6.451,-9.898,-11.795
55.308,44.77,35.621,-17.717,8.637,-21.292,-1.099,0.288,-0.564,4.289,-9.791,3.272
55.536,57.417,40.177,-9.88,9.299,-11.332,9.962,-18.696,0.365,7.201,4.72,-4.914
53.918,30.797,31.049,-5.011,0.849,-50.694,-7.497,0.73,-7.444,-1.24,-1.528,-1.233
52.398,45.932,28.163,-19.665,-10.672,-38.907,16.79,4.658,1.601,19.216,-10.284,1.39
52.751,42.583,33.67,-24.596,-24.28,-37.504,8.496,4.969,3.956,7.034,-4.195,-1.817
53.614,32.551,24.968,-5.06,0.51,-38.084,-5.624,6.757,-5.854,-1.991,6.844,-0.336
54.208,38.793,48.286,-29.15,0.439,-37.857,10.777,-0.592,4.898,16.635,-0.374,-7.839
55.807,42.223,47.355,-1.569,0.793,-45.605,-2.486,-0.15,4.231,0.522,-5.585,-14.694
54.699,40.637,37.376,-2.432,0.232,-28.435,4.447,8.997,-16.169,4.752,-6.845,-0.262
54.173,60.332,35.336,-17.738,8.539,-40.918,14.585,-5.258,3.991,10.583,0.793,-8.223
55.707,32.261,47.828,-1.395,16.644,-31.443,-13.285,23.238,-11.695,5.402,-7.987,-14.376
54.402,53.658,59.088,-34.634,-0.077,-26.497,22.559,-6.433,4.014,6.342,-11.708,-18.059
56.291,80.922,46.524,-5.958,24.532,-25.231,11.957,-25.711,0.909,12.105,-6.538,-0.377
55.963,49.001,61.38,-5.289,7.882,-39.04,24.819,6.28,5.274,1.622,-0.811,-1.383
55.301,52.265,71.508,-3.733,11.369,-34.287,30.295,-3.011,10.8,8.368,-9.806,-0.681
55.099,30.82,35.109,-1.021,4.384,-40.678,-11.764,4.794,6.191,11.146,-7.198,-13.939
53.45,38.574,35.551,-21.738,-1.578,-26.953,-3.08,4.116,-7.344,6.743,-14.141,-16.073
54.231,36.364,17.888,-11.356,-8.523,-28.906,-1.075,9.028,0.647,-5.286,-2.565,-8.005
54.555,31.217,15.103,-1.028,-1.815,-46.132,5.813,0.18,-3.991,5.098,-7.701,3.457
53.594,30.11,18.404,-8.14,-8.659,-29.267,10.028,5.474,-3.498,4.33,4.783,2.4
54.151,23.146,11.01,-12.781,-9.814,-47.692,2.952,0.864,0.75,4.141,-7.174,0.859
53.698,43.344,16.931,-26.178,-14.784,-37.003,19.627,-2.356,-0.082,1.934,-17.609,-10.208
53.554,53.066,21.413,-21.634,-18.513,-35.548,13.646,-0.414,-2.896,3.45,-11.164,0.979
53.116,43.686,29.411,-14.611,-1.352,-36.707,8.449,-1.291,-6.118,7.316,-4.151,-5.616
53.419,59.217,36.139,-10.579,-11.389,-48.421,8.538,-12.92,-0.207,16.875,-14.434,-1.176
52.774,35.594,27.404,-22.81,-14.789,-36.838,14.234,10.666,-3.52,1.631,0.396,0.792
52.949,65.444,38.315,-13.338,-7.811,-35.893,14.731,-2.558,1.872,2.025,-7.927,0.891
53.174,64.791,43.426,-17.388,-0.747,-30.638,16.613,4.609,-2.119,5.921,-6.163,0.678
53.054,47.754,22.277,-21.191,-23.631,-48.374,8.784,2.883,7.991,11.811,-10.006,-12.364
53.81,42.445,21.742,-4.961,2.992,-33.685,-3.881,-3.108,-5.257,-3.411,3.098,10.136
53.545,28.923,3.897,-15.315,-21.096,-28.884,1.006,9.104,-5.755,0.652,-6.022,0.159
53.331,22.99,22.877,-17.587,-24.148,-36.534,23.619,15.293,15.475,5.009,-0.339,-5.373
54.048,30.041,25.301,-4.375,-0.684,-30.724,4.864,-6.378,2.684,3.864,1.159,-2.856
52.744,37.994,34.923,-22.466,-11.824,-29.679,1.189,3.89,2.705,2.208,-14.8,-15.802
51.501,18.955,12.758,-19.791,-9.979,-37.734,-25.147,3.839,1.281,-0.148,2.003,-9.865
51.156,23.432,18.185,-19.273,-1.278,-43.746,-21.942,-4.822,11.799,6.046,-5.34,-15.835
50.602,41.251,22.328,-20.59,-8.474,-37.472,-1.694,-13.158,0.599,5.478,-13.089,-21.79
49.863,18.385,0.261,-24.006,-14.523,-22.236,-22.608,-3.763,-8.629,-5.262,-5.819,4.305
48.746,-11.052,3.995,-24.012,-10.163,-30.611,-21.073,0.472,-0.304,-5.958,-0.961,5.752
47.346,1.673,21.627,-26.474,-12.7,-26.297,-30.576,0.767,-9.698,1.31,-2.374,8.466
39.931,-74.929,-90.631,172.307,1.678,-20.307,-45.752,-18.326,-5.37,-6.221,-99.776,23.53
12.081,-64.4,-141.981,-29.266,40.586,-58.28,-41.322,60.221,-2.543,-10.963,-7.46,-12.311
4.07,82.175,-87.351,-52.2,25.3,-53.459,-6.985,22.838,-22.276,-3.013,-3.829,-6.047
1.289,144.297,-33.745,-35.432,33.712,-51.711,14.803,18.749,-26.832,-2.261,-3.434,-2.721
