0.0,171.13,9.469,-28.48,57.491,-50.067,14.833,5.359,-27.228,0.973,-10.64,-7.228
23.364,39.48,-0.445,-112.35,70.703,121.166,13.171,8.78,-5.662,15.741,21.112,16.901
26.626,9.251,-5.023,2.505,25.445,-19.872,-39.682,-11.618,-12.802,-1.719,-9.176,23.154
26.631,71.117,-40.701,-32.015,40.237,-24.218,-53.879,-19.79,1.451,0.937,8.938,6.195
26.916,64.85,-11.918,-17.557,20.139,-29.473,-31.276,-14.535,30.89,15.249,-9.394,6.333
25.515,52.33,-16.548,-40.321,25.176,-19.113,-32.196,0.404,19.57,-8.504,-3.532,36.125
26.702,43.858,-2.723,-61.152,24.383,-11.958,-37.979,-0.24,25.912,-3.593,-7.003,33.906
28.303,62.705,-30.526,1.521,26.959,-19.63,-40.691,-23.022,13.731,12.554,-16.582,3.906
26.51,60.224,2.11,-24.608,26.835,-13.778,-55.179,-23.367,17.853,9.696,10.76,-1.351
27.056,69.285,-18.487,-27.737,35.065,-18.5,-38.709,-33.691,18.235,4.33,-5.348,0.511
26.437,30.489,-12.36,-22.261,31.587,-31.969,-33.173,-27.843,-4.14,10.028,-0.814,11.931
28.025,9.185,-24.794,7.321,40.081,-22.864,-39.614,-17.996,19.811,26.549,-4.602,23.137
26.736,-41.346,-56.083,-77.009,12.466,-36.784,-48.075,33.236,10.175,-0.381,-1.83,-1.134
26.956,20.699,-23.848,-11.406,29.192,-22.693,-34.139,-21.033,7.91,22.606,-0.772,21.244
27.697,-27.001,2.551,-21.451,25.314,-42.525,-20.553,44.511,24.985,6.626,3.36,-6.334
28.958,28.672,-10.272,13.489,30.17,7.746,-24.884,-7.484,7.31,17.527,-6.485,3.093
25.729,44.117,16.406,-14.014,34.124,-10.653,-17.118,-20.203,19.849,-11.502,-11.185,6.185
25.851,59.08,-1.958,-37.637,39.089,-11.911,-23.547,-16.829,25.325,-25.731,-10.372,13.674
27.241,79.389,-15.739,-18.87,31.96,-17.081,-15.02,-21.266,14.833,4.483,-7.078,9.634
29.423,32.515,-9.359,9.639,39.64,-8.417,-30.488,-10.105,5.365,20.122,6.272,7.581
26.512,43.543,10.228,-10.206,51.876,-29.418,-18.988,-20.315,3.514,2.724,-0.161,22.705
26.942,58.789,-36.905,-15.116,49.524,-39.151,-25.615,-19.572,10.776,8.629,-10.045,8.21
26.982,33.668,-22.054,6.389,12.731,-22.041,-46.258,-19.02,3.362,15.143,-2.946,9.104
25.626,42.057,-5.284,-4.95,44.317,-10.268,-36.428,-7.076,15.04,6.248,-2.12,4.532
24.999,28.26,-10.577,-21.874,53.199,-3.018,-22.518,-9.853,5.134,10.331,-5.884,-20.709
27.877,42.503,-18.669,-17.71,17.894,-13.137,-24.768,-18.88,-16.36,15.06,-0.095,8.325
32.14,5.268,-16.257,-18.96,26.964,6.648,-24.234,-36.946,12.832,22.847,-1.682,14.646
32.848,16.823,-42.282,-26.855,16.251,-20.497,-35.241,8.719,-1.244,-12.76,13.034,1.534
31.601,-24.227,-45.7,-42.595,-7.826,-42.675,-47.784,25.579,-3.905,13.447,5.8,16.337
33.924,15.836,-8.006,10.963,11.2,-23.519,-24.62,3.191,-4.246,19.71,-7.908,5.391
29.938,31.568,18.462,-9.71,9.251,-30.598,-12.051,-12.559,3.361,-4.218,6.184,4.238
29.373,42.182,-15.137,-0.649,24.952,-33.901,-19.396,-21.573,8.982,3.847,-8.331,11.561
29.815,54.712,-15.593,-22.635,41.693,-22.447,-32.448,-15.017,5.589,-1.183,5.566,11.072
32.284,31.442,-23.503,11.581,6.885,-8.666,-28.953,-16.606,-3.159,11.79,3.046,31.09
29.631,21.569,-0.233,-25.696,47.408,-31.095,-12.173,-1.758,20.765,23.446,-0.144,16.517
29.081,46.119,-20.001,20.73,19.636,-29.553,-25.843,-17.011,14.465,12.471,-16.594,14.903
25.867,14.213,-31.319,-18.977,23.992,-46.501,-52.149,-24.991,-9.819,22.405,-7.857,1.572
29.231,27.726,2.765,-60.768,28.421,24.148,-24.148,-8.744,11.586,-4.58,-18.768,7.505
28.647,29.275,1.019,-17.285,35.284,-26.856,-23.174,-1.244,6.484,-19.735,-0.404,6.859
26.995,39.127,-8.866,-19.56,18.923,-30.188,-7.343,-30.708,-3.875,7.498,-8.466,6.889
33.772,28.902,20.174,-63.222,37.435,51.673,-1.187,-26.494,4.059,9.29,-18.229,14.996
35.291,-6.801,1.071,5.433,28.471,-37.687,-24.827,26.139,-4.494,-2.56,4.704,-4.352
33.766,33.77,-20.474,-19.209,20.045,-6.348,-35.341,-18.728,-10.777,-0.93,-5.158,29.296
33.784,-23.284,-8.529,-36.4,8.244,-8.572,-18.183,11.272,-19.328,27.29,-14.646,14.076
37.296,11.045,-7.089,-25.076,8.174,-23.067,-21.226,-11.204,-10.952,6.157,-15.403,35.26
35.379,14.106,-4.932,-9.118,34.108,-44.164,-12.645,-7.08,-22.044,6.701,1.4,3.151
34.564,22.118,39.86,20.224,14.092,-22.248,6.916,1.116,-27.347,-15.839,4.394,4.527
33.055,37.264,27.232,-31.24,10.276,-19.239,2.442,-0.525,-16.596,-14.365,8.184,23.471
39.028,21.399,4.475,-17.887,21.819,-17.03,-0.517,-9.278,-28.753,34.447,-3.627,18.93
36.975,13.94,-4.161,-13.45,11.993,-39.264,-28.599,-1.912,-17.023,1.947,4.353,25.319
39.155,84.296,21.753,11.172,16.06,-30.23,-24.449,-3.365,-31.979,-14.827,7.348,25.542
39.031,18.997,-29.161,-12.572,16.387,-14.558,-26.773,-4.293,-11.906,19.873,-1.377,22.325
37.438,59.762,32.343,37.899,4.511,-33.082,-12.186,1.839,-37.436,-9.276,-23.67,26.009
33.379,18.254,0.121,-13.881,2.25,-35.989,-17.792,-6.46,-10.922,9.659,-4.962,19.502
38.574,48.556,32.392,9.802,11.153,18.082,11.27,-5.375,-28.127,-4.987,-12.1,14.276
38.011,66.193,28.75,36.079,8.621,-7.005,-17.748,-10.953,-36.42,-17.509,-2.665,24.38
36.372,33.197,9.947,-40.85,12.21,-5.289,-25.328,-4.38,-6.301,0.606,1.949,23.259
38.574,6.329,-30.952,-14.739,-10.882,-21.27,-39.549,-17.658,-2.644,20.326,-8.274,10.05
36.292,7.649,-11.139,-43.443,10.944,-21.579,-11.786,-0.792,-7.131,-20.337,-10.921,14.869
35.543,36.469,-13.323,4.2,14.295,-36.141,-22.413,-14.616,5.633,-3.222,-4.086,15.81
32.338,-29.662,-19.256,-20.554,30.791,-48.643,-10.885,-11.654,-1.423,20.207,3.443,8.792
39.895,11.93,2.74,-11.604,30.746,21.783,9.258,9.346,-7.46,1.934,17.22,16.566
38.074,17.34,-7.937,-1.427,16.694,-26.07,-13.988,-15.621,4.83,-3.25,-15.681,16.45
35.815,0.722,-6.773,-22.597,18.716,-26.677,-14.92,-12.302,-17.54,11.382,-1.63,6.408
37.692,8.411,-33.581,-18.182,-11.752,-12.249,-36.861,-27.445,-5.697,13.776,-4.417,10.105
36.253,20.856,-20.611,-6.061,19.04,-35.972,-24.481,-10.038,-3.63,-2.586,-12.532,10.194
40.427,13.751,5.153,1.174,23.857,15.746,2.894,4.654,-6.735,4.175,18.471,16.912
38.004,13.204,-17.456,2.363,11.523,-22.016,-25.331,-16.802,-4.243,0.536,-16.115,22.488
36.21,2.593,-1.928,-3.413,15.123,-35.254,-10.516,0.347,-10.21,12.634,-7.313,2.243
40.011,-13.183,-53.606,-9.845,3.243,-34.498,-33.18,9.255,-3.387,25.086,14.619,12.658
39.064,-21.479,-5.825,-11.569,35.745,-17.4,-5.665,-1.75,2.071,18.436,-15.732,-4.404
43.023,33.862,-3.746,11.562,36.986,-2.571,3.034,-5.605,-13.316,9.039,-4.771,-1.803
47.216,42.427,-22.701,7.259,12.662,-30.043,-6.822,-12.813,6.502,25.475,-17.619,6.019
46.708,15.7,-23.883,-1.594,-0.538,-53.474,-12.629,-14.313,5.167,22.662,3.115,-11.041
47.156,11.584,13.158,-22.231,15.239,-24.305,0.891,-3.705,-1.962,-0.046,8.203,-5.735
48.691,16.776,-2.826,-10.583,-1.581,-32.66,-12.978,-19.97,9.629,20.406,7.028,-9.109
50.007,38.601,11.566,-19.739,1.349,-39.31,-8.595,-22.175,10.781,16.709,-13.211,-10.934
50.018,34.306,-9.201,6.43,-0.189,-19.481,-10.922,9.801,-0.743,-3.357,-9.164,-10.075
47.785,40.684,-9.495,-43.149,-18.506,-26.32,1.043,-3.166,-15.43,17.249,-3.898,-1.646
48.398,51.714,-2.173,-7.74,-8.2,-34.809,16.965,-5.211,-5.213,-8.973,-9.118,-17.98
50.348,63.724,12.874,15.024,-0.317,-0.623,16.463,-4.029,-9.339,7.474,-1.497,-5.471
47.934,-0.424,-5.336,-32.527,6.606,-19.202,-25.811,-13.045,-8.832,9.724,-14.555,-36.362
49.016,35.326,15.725,-22.236,22.506,-16.136,-15.711,9.808,-13.642,-17.196,-6.118,-22.173
47.626,61.188,5.161,-27.991,-4.095,-30.624,-12.445,4.967,-19.994,-4.686,-7.769,5.711
48.215,20.194,1.754,-24.388,18.917,-38.727,-25.65,1.526,-2.403,17.685,-19.869,6.813
46.926,25.604,7.689,-32.775,0.64,-31.817,-13.898,-0.611,-14.857,5.474,-2.025,-2.728
48.429,55.514,17.899,-11.029,-1.566,-11.214,-4.002,-4.384,-19.776,-14.92,4.485,-10.224
47.214,31.119,11.489,-22.768,-11.011,-12.425,-24.024,-1.963,-28.19,-6.385,-25.627,-29.122
49.377,37.691,-19.513,-9.462,-4.761,-10.145,-10.447,-8.96,-18.916,23.306,11.684,15.0
47.517,6.003,-4.944,-16.595,6.263,-20.813,-12.134,-2.986,-11.253,3.275,-12.231,7.308
49.005,36.418,-23.983,10.698,0.771,-16.243,-3.015,-3.295,-4.45,12.7,5.642,4.092
46.812,31.814,21.522,-13.665,9.996,-17.068,2.891,6.268,-4.476,4.081,-8.189,0.144
48.061,49.003,9.723,4.458,-9.197,-21.249,-7.067,-5.135,-13.457,10.19,0.824,-6.187
50.31,40.758,1.716,15.656,-0.64,-22.307,15.421,-5.405,-11.652,17.134,-12.059,3.385
47.746,31.458,24.407,-45.66,-12.886,-27.607,-9.912,11.669,-7.447,2.517,2.192,-14.621
48.26,40.773,-0.214,-12.089,-5.817,-48.958,-11.155,-14.493,-12.614,-0.95,-6.958,-22.32
47.909,7.93,4.4,-8.654,-3.007,-40.903,-1.555,19.326,2.995,-0.158,-13.833,0.009
47.361,30.18,3.82,-38.262,17.409,-27.05,-10.906,-21.787,-16.484,6.878,-10.852,-9.261
48.474,50.31,12.622,6.892,-4.885,-39.273,-4.006,-3.229,-11.805,5.361,-9.836,-26.276
48.648,55.751,4.616,-9.852,9.805,-37.831,-32.431,0.413,-12.94,-4.337,-8.66,3.163
50.396,23.936,-25.171,-6.628,-8.661,-43.076,-9.813,-10.234,-16.994,12.948,-13.751,4.656
48.982,21.541,-21.58,-15.519,-0.767,-9.579,-11.458,-22.619,-1.597,4.779,-20.377,0.242
48.63,29.354,-0.756,-42.932,0.747,-17.991,-2.842,9.753,-17.139,-5.987,0.564,0.726
48.733,9.184,-18.08,-17.602,-7.833,-10.052,-0.272,-13.271,-2.06,-2.871,-5.729,1.418
48.222,19.05,10.014,-34.143,15.684,-25.868,-29.507,-2.138,12.625,11.674,-6.433,-15.808
49.192,-7.003,20.157,-10.164,-2.131,-31.417,-9.583,5.37,-2.507,2.005,-6.642,-35.402
51.685,39.836,13.787,28.678,-20.036,-36.348,10.825,1.341,-12.832,12.438,-12.824,5.635
48.02,24.751,29.104,-18.572,-12.617,-28.12,13.181,9.909,-13.702,3.454,-9.996,14.454
49.44,32.704,21.481,-3.304,-7.626,-18.045,-0.815,-2.969,-6.774,0.055,-10.765,-12.27
48.648,47.663,21.471,-19.758,-7.787,-9.954,-23.395,-1.183,-10.193,2.209,-12.563,-2.378
49.088,27.963,-7.379,-2.614,6.17,-25.676,-22.459,-5.063,-14.475,6.066,-11.797,7.468
47.695,35.668,10.13,-19.528,-9.452,-22.837,-10.405,16.109,-21.626,3.03,4.515,-25.544
48.99,57.654,12.722,-1.13,1.045,-22.9,-9.852,15.666,-4.345,-7.404,-5.229,-39.388
46.849,34.435,6.027,-6.92,-4.119,-24.026,-3.634,-27.564,-23.925,-1.794,-14.372,2.292
49.568,35.474,-16.991,-4.387,-3.596,-18.923,-0.956,-17.031,-17.766,5.21,4.864,-6.44
49.086,20.324,5.178,-0.698,-3.71,-17.162,8.678,-8.451,-1.396,-4.684,-12.655,2.354
47.587,1.757,3.456,-25.803,11.178,-21.402,-1.541,7.078,-6.562,-0.643,-11.071,-2.354
50.311,24.816,-7.18,-8.828,-4.264,-0.17,-1.937,-2.654,-19.558,-1.759,2.369,-22.501
47.446,27.481,11.952,-31.758,-5.909,-23.252,-19.685,8.591,0.663,-1.941,-12.127,-8.395
49.759,34.364,12.427,4.159,-14.064,-41.992,-21.318,-6.557,-20.936,9.089,-20.86,-21.061
46.298,19.651,21.577,1.273,-22.022,-57.316,-2.423,8.023,-7.187,-2.597,-7.101,-16.81
47.522,52.822,9.753,-8.93,-17.903,-13.609,-14.689,-11.834,-16.14,1.958,-11.401,-5.877
47.322,33.761,15.83,-35.97,-0.416,-24.765,-21.246,1.899,-5.74,12.469,-13.249,-16.818
50.361,36.056,4.129,-0.974,4.528,-29.953,-12.238,-2.332,-23.857,-8.821,-12.645,-14.76
50.319,64.743,13.415,-14.316,-15.585,-27.767,-7.812,-6.398,-21.964,-9.903,-8.098,-2.604
51.092,59.54,6.939,-2.413,3.035,-22.861,1.893,-11.753,0.553,3.93,-12.377,-10.479
52.175,33.568,-3.384,-52.047,0.351,-14.841,-16.655,0.545,-15.213,15.637,-10.378,-5.07
51.784,60.042,-12.37,-0.17,18.622,-31.037,-4.232,-35.913,-4.112,9.102,-19.015,7.231
48.499,5.362,0.543,-50.904,4.608,-34.726,-0.673,-3.667,-6.863,15.715,2.975,18.578
48.717,29.531,-29.548,-32.62,-8.504,-30.512,-30.794,-0.091,5.286,-17.54,-10.023,-3.277
47.707,22.708,-44.166,-31.716,-4.361,-36.928,-20.531,15.73,-9.905,9.077,-2.013,-1.954
46.22,21.387,-3.162,-12.648,-8.023,-44.085,23.273,18.901,-3.62,4.293,-4.526,5.05
48.196,-46.626,54.055,-19.87,57.346,-31.963,45.48,4.158,11.784,14.997,7.198,-1.743
50.613,-37.468,18.557,10.434,56.258,-40.098,20.131,-2.197,27.201,14.357,-7.26,1.919
49.997,16.118,1.672,0.887,9.689,4.116,-25.396,5.407,20.171,-1.168,-0.283,-19.646
44.515,13.179,-10.011,-15.17,10.918,-31.034,-28.917,23.126,-7.661,-19.626,3.263,-0.278
47.976,60.702,-36.379,1.551,14.403,-45.645,-5.964,-20.817,12.554,36.84,-11.889,2.442
52.695,18.602,42.002,46.339,26.996,0.895,47.321,16.428,15.213,-0.473,-13.192,5.894
45.567,35.719,-56.985,-4.905,34.154,-36.204,-10.771,33.954,5.175,4.466,-0.928,-8.322
51.667,30.942,32.121,-16.002,33.18,23.361,30.463,-2.747,13.125,25.344,2.773,-12.076
48.679,53.048,-48.329,47.747,12.29,-45.948,-41.143,22.945,36.214,-4.713,-33.157,-15.984
47.144,81.538,-15.691,-90.488,-4.649,24.931,-8.12,-7.005,13.764,-1.584,-1.852,-16.183
50.011,16.06,4.904,3.577,11.79,-21.77,-10.267,-19.522,17.265,11.977,-20.802,-46.821
50.258,35.843,77.301,-25.088,35.486,3.638,68.185,8.143,5.088,6.287,-9.188,15.159
51.086,34.848,35.85,42.439,2.06,-7.507,32.404,25.894,-0.742,-23.929,-52.985,-2.679
48.474,30.929,14.546,-56.137,11.223,9.165,11.937,14.195,-10.543,44.753,-17.114,-10.988
40.465,67.913,-38.731,-15.836,34.759,-20.151,-3.824,-10.19,6.868,-20.484,-6.368,-1.532
46.204,48.797,-29.976,-6.569,21.331,16.293,14.769,-15.688,-2.462,31.685,9.758,14.5
45.12,26.832,-16.781,-55.309,31.562,1.743,-16.533,37.99,-4.27,22.369,-37.988,-2.044
46.648,26.574,-42.594,-21.456,33.568,10.198,-27.647,-14.759,10.266,23.021,-19.148,-4.699
49.721,35.605,30.094,5.854,39.268,35.251,28.447,7.066,7.267,-23.569,-14.065,5.269
45.318,63.041,-12.38,-54.343,52.385,44.095,2.372,9.075,-4.844,-4.57,-40.879,-3.438
49.07,55.933,-24.424,-43.931,36.227,30.208,-4.683,-31.178,5.853,59.47,-13.385,-4.79
47.798,34.796,-40.321,-17.242,14.798,21.922,-22.382,2.007,32.212,-2.157,-26.321,6.019
44.25,1.458,-25.458,-40.039,5.643,31.957,3.168,-24.031,7.131,34.355,-27.551,-17.101
43.55,-6.572,-51.257,-42.092,10.702,0.688,-29.302,-5.149,6.567,9.792,-31.486,-6.323
46.661,33.72,-49.665,-53.787,17.62,20.268,-29.401,-8.556,17.538,1.263,12.197,-6.641
45.43,40.029,-58.916,-32.901,3.584,-23.827,-43.052,-1.444,21.738,5.889,-21.773,3.163
44.901,17.729,-52.461,-54.961,-12.488,-16.895,-42.924,-8.691,13.603,14.53,18.118,-1.539
47.628,-3.262,0.585,-52.209,18.047,-23.276,-24.406,-43.519,22.557,17.698,-1.093,-19.302
48.208,-38.779,-7.982,20.765,11.375,-43.766,-8.312,10.384,-4.244,14.599,-27.049,-31.839
43.077,-5.888,-74.944,-22.304,-1.797,-44.73,-16.565,-7.43,-7.113,-0.371,11.06,-8.689
40.882,4.723,-57.602,-3.08,-9.952,-66.971,-21.159,-11.873,1.013,20.946,-5.157,-22.714
39.949,68.325,-77.104,-22.564,17.347,-49.209,-0.239,-4.967,2.384,-10.673,-22.566,-9.18
47.876,40.378,-56.31,11.512,26.134,9.762,-23.912,-15.125,14.086,39.723,0.675,-13.1
45.341,61.781,-83.005,-60.542,21.755,-25.757,-8.735,2.091,8.417,-5.566,-7.075,-11.823
48.605,34.091,-52.848,-67.238,10.282,-16.52,-68.043,-5.973,11.664,4.275,6.878,-16.02
49.493,12.778,3.812,-28.408,-13.144,-21.295,-10.828,-3.395,-51.61,-0.807,7.697,-17.161
50.903,30.689,17.681,5.351,30.273,-5.431,0.867,3.531,13.515,-0.081,-31.731,-3.022
43.223,29.853,-53.412,23.85,15.846,-31.784,4.336,-16.442,10.454,28.113,9.2,3.439
46.24,65.526,-47.068,-26.495,30.042,30.658,18.665,-13.319,13.905,-4.286,-2.295,-2.413
49.873,19.189,26.465,-48.238,26.156,41.152,41.753,-15.964,16.682,26.135,-20.037,10.049
49.401,-29.537,-8.176,8.286,21.512,-54.493,-2.323,-14.763,3.834,25.88,9.757,16.886
47.901,-27.935,-20.58,-1.566,7.705,-75.188,-19.285,-29.928,1.16,26.612,-13.991,-14.376
49.225,-38.528,16.668,-18.004,35.847,0.477,19.355,-10.805,13.837,-12.321,-3.799,-17.812
44.633,1.579,-34.246,20.727,11.967,-26.848,-35.635,25.719,2.024,-17.327,14.665,-24.652
46.612,40.75,-41.862,6.089,13.277,-15.075,-1.606,-23.898,-6.538,34.545,3.99,-2.392
51.44,13.641,44.067,-23.473,38.645,17.339,43.251,20.663,12.799,17.473,1.01,0.393
48.777,10.254,27.016,3.601,2.474,-43.677,-13.206,31.702,0.96,-6.739,3.198,-7.991
54.643,55.185,50.796,-16.543,39.335,-20.798,21.399,23.975,7.203,15.939,11.597,6.771
52.632,69.337,41.249,61.469,44.542,-18.27,28.642,8.5,13.766,-4.351,-43.678,17.851
48.325,66.354,-44.297,-5.797,13.207,-20.087,-3.916,-16.225,-5.845,30.397,-1.533,6.945
49.238,75.744,-17.759,-63.806,21.943,2.048,-2.215,-30.716,4.667,-8.777,-28.955,-7.519
53.489,29.773,22.497,14.969,45.082,-27.057,23.99,-18.151,16.801,5.252,2.614,1.635
52.87,7.811,38.78,14.059,36.815,-27.529,20.512,31.752,10.099,3.596,-6.989,6.543
46.727,-2.154,-7.551,-41.864,6.128,-34.891,-38.126,-9.694,5.762,-10.404,-9.19,-27.154
49.022,39.312,10.051,7.363,48.866,19.644,-30.904,-3.95,19.565,-5.748,-29.856,-8.536
49.188,56.613,30.563,-106.542,35.457,9.677,24.666,-41.691,4.968,10.81,-13.255,-9.308
47.857,96.958,-43.538,-54.125,32.386,-34.852,20.741,-7.58,0.699,-6.074,-16.72,1.228
49.459,34.006,-19.82,-14.893,17.077,-18.088,-6.085,23.561,-2.089,38.395,-39.269,-11.253
47.602,-22.483,32.129,-28.781,45.845,0.759,16.644,4.632,-0.087,20.467,-0.168,1.05
48.795,-20.187,73.149,17.125,34.508,-30.889,24.521,-1.065,-2.962,4.214,-2.313,-1.714
48.09,40.064,-17.875,8.091,-8.466,-38.03,-8.539,-25.695,-11.466,22.045,-16.258,-8.152
51.524,6.237,53.355,-19.746,32.825,-3.096,56.275,15.663,2.861,18.901,9.106,4.245
50.021,-4.338,19.441,5.783,22.257,-26.945,-19.882,41.096,-1.165,5.041,-7.74,-6.158
51.536,32.436,34.034,-42.799,24.788,11.931,27.121,19.476,-0.305,23.445,-2.211,-5.143
47.77,55.64,-18.049,-3.968,11.544,-0.934,-10.761,-29.254,-5.707,16.958,6.99,-8.372
50.56,74.387,16.172,-85.493,28.366,-0.505,-4.532,-26.922,4.214,16.125,-21.516,-11.252
49.967,56.168,0.429,-18.166,1.973,-31.764,-2.96,4.384,-34.408,-4.14,-23.027,-28.183
52.812,16.281,44.882,-4.2,43.556,-26.748,-3.89,15.568,9.294,9.244,-18.122,6.988
46.727,-1.499,-11.181,-56.332,15.718,-35.922,-31.423,5.215,1.133,-7.286,-10.474,-18.75
50.649,53.458,9.414,26.156,34.62,42.564,-12.24,1.21,29.113,-17.695,-35.683,-15.974
51.933,26.158,21.386,-44.613,27.479,-2.662,30.374,-44.203,0.35,43.062,0.204,-8.506
52.527,0.843,41.218,14.426,28.265,-27.215,19.262,31.155,15.768,-1.719,-23.375,-4.031
49.623,72.71,-21.524,-36.777,-5.367,-24.426,-4.183,-6.325,-6.449,0.847,-0.142,-0.451
52.583,28.237,7.722,-11.308,39.272,-36.368,-15.194,-26.436,5.551,21.661,-6.369,-18.679
52.984,8.788,20.612,9.745,26.546,-36.781,7.8,4.024,-4.327,11.158,-19.578,-5.071
50.295,44.549,33.543,-0.463,41.429,-45.942,32.909,5.694,-34.776,-8.129,-8.295,4.024
51.605,12.612,37.571,-36.297,13.914,-21.635,28.296,-14.186,-12.608,-0.821,-2.039,-7.354
53.34,1.273,73.655,6.89,20.94,-42.558,52.468,17.47,14.232,0.833,-5.709,-0.5
54.412,33.447,45.684,7.789,22.99,-55.218,49.398,-2.919,7.458,10.887,2.001,7.775
54.199,17.022,64.117,9.672,13.957,-49.969,48.665,6.581,9.769,23.681,-17.119,-2.459
53.986,34.679,52.716,-7.702,8.067,-33.9,30.462,7.217,0.356,3.34,-2.957,-0.247
51.084,71.279,42.014,0.373,19.382,-15.174,-4.773,1.41,7.44,-0.515,-11.334,15.0
50.984,69.985,-14.302,6.654,7.633,-31.978,-14.357,-12.283,12.26,14.506,-3.026,-4.721
52.721,46.932,18.892,4.289,12.596,-28.847,10.096,20.286,5.816,3.277,-10.011,5.634
49.845,48.921,-6.449,2.431,0.33,3.144,-8.001,1.144,-8.288,5.152,-4.55,2.681
51.706,32.843,31.193,18.359,2.262,-4.939,14.58,6.274,-7.638,9.28,-5.779,-4.06
49.667,15.113,43.22,-12.275,-9.095,-41.332,38.871,9.18,1.204,1.256,-8.132,9.194
51.624,61.534,-7.386,18.643,6.487,-43.434,14.58,-16.541,-2.761,3.621,-13.971,2.681
48.108,14.474,8.095,-12.817,-7.891,-36.285,-8.521,8.407,8.955,0.298,-8.982,-21.46
50.17,28.912,11.183,-17.471,15.343,7.133,33.603,-0.214,2.802,10.678,2.159,-16.949
48.979,29.626,37.371,4.568,5.73,-28.372,36.844,0.501,-18.374,-5.863,-18.124,13.958
49.889,76.082,-28.122,2.976,3.127,-22.284,6.335,-27.313,-1.096,22.579,-3.929,-3.582
50.881,24.935,4.86,-26.594,4.331,-8.467,18.686,-14.167,0.262,15.92,-4.603,12.017
51.342,43.094,5.752,19.199,13.176,-28.473,35.797,33.052,1.125,0.068,-15.248,13.917
50.732,48.235,-15.427,-24.336,19.487,-25.21,10.481,10.331,7.65,-0.957,-0.696,0.466
50.269,73.333,-20.757,-5.269,4.328,-34.549,6.958,-17.892,5.863,6.0,-4.645,-16.845
51.318,53.639,6.033,8.628,6.829,-28.387,24.871,-19.095,-24.073,24.932,-17.48,-10.691
48.049,17.001,32.177,-6.474,-3.411,-25.855,19.812,2.716,-7.715,12.077,-23.969,-11.459
50.309,56.171,-29.732,-7.953,14.487,-35.787,-19.882,-22.275,11.23,20.545,-2.29,-15.902
50.149,36.645,24.397,-6.51,9.009,-10.428,3.417,9.565,14.136,8.265,-26.4,-20.163
51.25,60.947,11.413,2.567,-6.453,-4.641,-10.463,-6.52,-1.223,8.619,-8.245,-12.989
52.339,49.626,27.186,-7.856,-3.517,-19.117,35.708,7.66,-6.176,-5.162,7.347,8.288
52.346,56.95,41.987,0.85,17.766,-40.047,14.926,8.808,-4.273,-0.774,-13.247,8.914
50.645,68.503,34.4,16.246,28.896,-8.018,11.756,4.186,9.572,-4.786,3.673,3.349
50.849,76.567,14.424,-31.556,40.331,-2.76,-11.787,-21.496,4.946,6.206,-7.794,4.709
52.247,63.792,30.645,6.806,33.18,-3.809,9.235,14.046,7.498,1.918,-13.285,-0.646
49.244,64.828,21.356,-38.609,-3.077,-1.346,9.461,13.164,-13.661,-4.12,-18.9,0.959
52.88,61.4,25.188,8.28,-5.989,-17.476,24.164,-9.287,-7.093,17.409,-0.764,-9.983
49.553,36.668,24.048,31.533,-11.397,-31.064,30.679,9.235,-1.645,5.613,-27.36,-1.759
47.545,20.221,26.915,-41.604,-1.81,-21.418,30.832,-14.087,-10.989,17.402,-8.021,-6.84
49.221,10.338,57.351,21.231,10.237,-42.161,61.017,17.196,2.255,10.56,-8.433,23.758
49.636,28.532,23.581,7.21,20.532,-22.734,41.603,8.083,9.741,-0.13,-20.099,4.855
47.537,15.235,28.402,-13.827,9.684,-39.19,-0.769,10.976,9.477,0.013,-7.766,-18.857
47.549,36.955,29.745,8.171,-5.827,-18.663,-14.652,-3.362,-6.454,-0.461,-3.618,-3.527
47.125,3.242,17.013,-48.47,-3.652,-14.013,27.162,-1.274,-1.24,9.33,-4.769,-12.64
47.108,48.979,60.785,4.028,4.738,-31.045,64.626,10.101,18.076,8.749,-24.921,22.553
46.79,23.787,60.729,-2.368,5.171,-21.075,52.676,-4.665,-5.786,14.431,-14.174,-2.05
48.265,23.105,62.406,-2.706,9.823,-35.702,52.753,2.224,0.888,21.376,-9.058,18.023
47.083,15.64,38.964,45.278,23.22,-33.549,54.942,19.469,15.037,5.544,-20.515,26.195
40.441,33.083,8.837,-24.738,-3.046,-24.861,-4.393,-3.391,-22.287,2.998,-5.702,0.204
40.997,2.924,-71.256,76.066,3.075,-40.642,0.307,-20.163,15.924,23.338,-6.22,9.75
31.939,-40.999,-21.196,-16.938,22.551,-51.477,7.493,2.052,13.747,12.85,-3.759,0.743
33.199,-38.259,-39.389,-11.324,14.04,-34.963,12.698,-13.626,8.259,19.313,17.071,7.373
34.36,-57.968,14.592,-14.502,25.758,-11.49,31.575,18.894,2.574,2.346,-20.547,10.116
34.163,-70.265,34.655,-2.814,44.631,-35.952,37.6,22.008,-11.555,8.495,-7.724,15.915
33.953,-21.311,0.659,-29.715,42.507,-13.143,18.314,-17.939,17.718,9.732,8.605,-26.782
34.751,-39.075,64.336,-16.187,94.402,-45.853,38.311,4.438,34.522,11.289,-7.075,-21.284
36.844,-33.733,88.597,-2.826,109.74,-44.776,38.271,-6.478,34.401,14.382,-9.631,-21.437
36.58,-59.921,65.297,41.762,95.299,-41.972,44.25,9.749,30.56,4.556,-35.384,-32.369
31.165,-40.695,61.004,-10.499,37.193,-31.239,-0.1,-2.084,14.2,9.956,-8.517,-33.158
33.476,-33.166,24.103,-25.104,78.897,-45.447,-15.308,-15.273,35.836,21.328,-9.164,-27.288
37.393,-43.631,-11.249,-21.555,59.64,-35.012,-1.3,-6.697,28.534,36.115,7.181,-24.492
43.795,14.636,-18.113,45.949,5.796,-38.004,49.935,-6.002,-4.718,18.039,15.573,28.96
39.464,-1.767,52.846,0.376,-5.246,-47.529,61.984,4.011,-27.299,-1.14,2.766,40.64
41.63,17.707,47.956,29.451,39.37,-38.151,74.51,-14.939,-29.577,-6.457,2.373,16.801
40.563,9.479,14.346,54.598,23.156,-15.515,63.771,13.63,-10.812,-26.434,-24.993,33.268
32.312,-0.042,0.603,-47.565,-2.732,-34.287,6.744,4.484,6.325,1.458,-4.07,4.328
40.979,0.769,53.976,12.167,67.024,16.386,49.0,49.874,22.379,18.221,-19.247,-6.008
44.916,-21.94,69.347,-120.127,68.819,12.999,22.989,3.16,9.501,11.734,-8.248,-2.645
48.507,-44.483,2.35,3.078,30.85,-72.028,-20.103,-11.65,24.478,44.943,-18.598,-18.689
46.559,-22.083,-35.677,33.756,2.391,-16.139,-30.066,0.045,17.318,-2.54,-8.306,-22.868
47.354,11.015,-32.651,-20.199,26.352,35.831,21.488,-26.844,-4.164,18.288,-16.596,7.111
44.426,24.588,-74.353,-29.021,9.896,-42.363,3.087,-6.664,3.45,15.523,1.747,2.906
44.895,-28.948,-59.577,-41.397,15.887,-25.463,-14.33,-4.739,-8.581,1.105,-7.975,22.57
44.569,9.443,-83.837,-51.412,24.363,-34.443,-29.795,-15.403,0.855,-11.588,5.513,1.934
47.104,31.706,-18.673,-73.998,17.127,-10.366,-0.855,12.841,5.696,-23.45,-5.713,-7.391
47.916,-14.622,-11.138,10.706,29.793,-38.289,5.602,18.07,1.284,1.777,-23.222,1.751
42.74,113.188,-74.955,-56.838,74.814,-54.097,9.451,17.932,-28.873,-10.858,-13.057,-42.601
46.562,61.246,-62.449,-21.182,19.727,-6.846,0.98,-33.103,-15.887,35.066,-24.362,-1.094
45.504,21.17,-14.891,-46.351,13.757,7.67,-13.79,14.969,-5.813,20.285,-32.788,-15.951
45.91,45.394,-7.531,-62.201,20.32,19.954,16.381,-10.103,3.608,-0.273,-16.993,4.286
52.947,46.928,42.022,67.773,21.61,-31.272,28.751,-11.893,-11.944,2.768,-41.688,23.914
50.036,-1.132,20.342,-10.528,46.439,18.496,3.418,13.776,4.606,-16.873,-57.2,9.717
44.896,37.331,-60.636,-24.324,62.964,-42.455,-4.925,-44.463,10.297,-10.117,-24.115,-24.396
45.487,41.25,-70.151,-60.818,40.532,-38.636,-30.989,39.421,-9.147,0.978,10.144,-12.282
49.052,23.726,-23.589,73.898,31.313,-30.559,-0.843,24.947,6.749,17.412,-42.793,-4.989
48.513,60.842,-40.084,-30.608,18.425,33.978,2.916,11.987,-0.634,30.658,5.362,-4.218
52.013,28.936,37.15,61.253,40.919,-1.703,21.103,32.063,4.601,-22.646,-32.442,6.291
49.084,-1.209,10.525,-44.336,21.336,-28.995,10.09,23.777,4.752,19.32,-35.499,-0.168
48.116,48.772,-29.516,1.763,30.888,-9.022,-11.305,-17.93,1.839,36.634,1.89,-3.054
51.109,63.963,-15.775,-23.896,50.222,38.623,-29.221,-19.618,17.426,5.831,-15.652,-6.201
50.156,-44.367,74.942,-28.854,66.831,-18.06,49.465,6.038,11.341,18.064,-3.995,-0.796
51.517,-16.398,63.423,18.338,51.692,-32.24,54.079,28.999,12.244,-3.957,-22.639,18.19
48.033,39.541,5.072,-81.591,43.291,4.024,11.11,-63.72,-0.29,-4.134,-4.033,-12.594
48.527,9.841,11.936,54.177,26.99,-36.396,-21.619,50.168,-15.516,-19.867,-18.187,-14.542
51.292,-30.305,0.198,25.835,51.974,-7.42,23.135,6.89,17.623,-10.078,2.873,15.559
45.201,59.446,-49.826,-36.748,0.582,-39.545,-14.603,-11.97,-13.803,-1.665,-1.767,-7.057
47.565,0.388,-32.687,-16.279,13.247,-23.728,14.918,-17.334,-5.114,39.946,-16.563,2.218
47.898,144.362,-28.836,-59.603,2.172,-0.318,-10.044,18.305,43.707,-25.905,4.389,-12.25
47.804,-2.083,-53.929,-13.78,12.546,-29.705,-40.485,-30.162,8.14,25.147,-22.635,10.215
44.574,-51.13,-53.732,-57.561,11.94,-18.573,-44.318,-14.476,-4.975,-22.425,-6.799,-0.578
48.464,40.106,-62.932,-0.852,14.406,14.259,-12.917,-9.878,6.802,-18.517,7.1,-5.644
44.982,7.23,-31.702,-34.504,-18.88,-52.746,-19.809,-4.375,-4.235,10.534,-2.568,4.716
45.567,17.36,-30.87,-53.548,10.801,-32.737,-0.01,-2.536,-5.072,-9.111,-9.98,1.986
48.102,2.531,0.452,8.32,23.256,-31.14,10.802,32.981,-9.504,14.638,-2.779,10.093
47.17,88.223,-12.418,-31.274,-7.806,-22.585,17.454,-23.66,-8.895,-7.623,9.031,4.953
48.451,-8.117,-38.028,23.595,-15.382,-29.103,-16.079,-12.112,-23.311,11.792,-29.595,-11.232
47.066,19.966,-45.966,-46.919,-7.735,-35.211,-23.283,-44.456,-26.353,-8.177,5.08,-16.461
48.781,-51.604,21.969,-28.779,38.763,-28.43,16.112,4.585,-6.218,17.681,-18.985,-1.31
49.647,60.482,-53.173,-10.524,10.618,-35.738,4.236,-4.527,-6.868,-0.285,-9.381,-21.729
49.002,-40.751,14.093,-33.614,36.991,-20.5,16.942,-7.757,-7.501,29.393,-5.016,4.042
46.459,-52.576,-27.672,-11.85,27.855,-29.354,-14.685,-5.167,-0.823,20.458,-8.048,-21.12
48.6,-56.762,-10.977,-25.475,78.215,-32.729,6.364,-29.278,-14.876,23.682,-4.144,-2.207
51.972,-44.138,28.684,9.703,49.919,-48.179,22.726,-23.654,17.812,22.664,-1.28,-10.874
51.669,-37.388,20.397,-1.551,77.552,-53.94,36.942,-25.917,10.698,5.778,-9.71,-2.149
51.707,-56.301,32.269,20.222,59.206,-42.882,26.229,-10.639,22.076,5.018,-2.351,2.45
50.609,5.094,-11.424,19.579,66.583,-50.588,-12.776,12.356,22.088,11.463,-10.571,-3.68
48.369,69.676,-29.639,-18.627,17.09,-7.483,-8.438,-10.691,5.902,19.247,7.096,-2.418
47.347,39.944,-16.584,-9.412,-30.9,-63.244,0.381,-11.886,-1.576,15.989,-12.479,-9.196
50.177,-28.632,34.979,-26.621,25.032,-14.591,48.782,-9.114,-4.863,25.497,-1.996,29.421
51.249,7.693,4.305,-6.897,25.257,-49.619,-12.261,-3.762,-0.977,-1.233,-1.111,-5.115
50.83,77.579,-3.534,-35.842,-14.74,-53.331,-15.805,5.334,4.137,1.552,-6.788,-9.887
50.683,64.008,-42.882,-5.135,0.974,-42.676,-21.99,-34.665,-18.176,21.051,-9.834,-5.139
48.291,-1.811,-29.772,-36.285,3.589,-24.624,-50.674,4.213,2.098,4.846,-13.071,-17.38
48.478,-26.067,-22.859,-31.916,20.65,-38.835,-53.297,-7.118,3.561,4.745,5.638,-34.607
48.504,-4.729,-8.875,-39.05,7.282,-14.607,-51.062,8.418,8.905,-9.572,-24.087,-27.232
46.493,15.252,-45.878,-39.624,1.681,-49.755,-35.265,-21.642,3.623,14.265,-9.083,-11.293
46.65,113.448,-65.928,-35.046,46.105,-55.967,-2.768,12.377,-2.285,-19.806,-2.707,-31.863
48.568,26.492,-22.579,-33.554,38.649,-16.502,-2.475,-74.204,-23.367,56.504,-12.794,-5.397
49.564,58.681,-15.646,-3.467,-17.46,5.149,-62.584,-7.937,8.508,-15.089,-1.872,-12.981
52.069,82.2,5.441,-58.881,35.676,13.583,-5.106,-17.503,-0.982,35.607,2.72,0.583
45.308,53.326,-4.48,-3.037,0.744,-33.798,16.303,5.657,-9.01,-2.525,-5.535,-0.819
50.864,-8.055,5.014,25.372,56.241,-0.704,25.353,5.729,12.085,44.912,-12.875,3.955
48.62,-2.267,-0.547,-27.21,53.927,-33.24,4.619,18.93,28.924,4.409,-11.513,13.925
47.245,33.248,-24.593,21.523,17.689,-51.897,-26.997,-20.645,1.693,25.448,8.618,6.795
49.126,14.949,26.294,-74.324,37.67,2.828,7.583,10.915,18.544,-1.19,-16.71,12.895
50.188,-34.292,41.293,-15.834,51.519,-17.795,55.247,0.781,20.577,36.525,-6.171,-9.057
50.658,-2.63,16.383,39.126,49.603,-38.607,41.148,25.098,26.002,6.198,-37.628,16.506
49.338,100.588,-19.222,-40.029,19.52,22.237,-12.247,-3.848,13.235,26.938,-40.662,-4.695
52.443,72.758,3.356,-26.817,16.346,1.07,-12.974,8.92,-4.16,38.92,6.446,-10.332
49.279,122.243,-15.796,-33.611,-5.118,-24.793,-10.151,-14.028,-14.031,-10.602,-16.216,-11.442
52.398,49.68,54.485,-3.802,36.657,0.612,28.023,24.4,-6.264,50.477,-7.364,8.791
49.409,58.072,-10.322,10.517,54.692,4.928,7.61,-6.638,12.176,15.366,-17.36,-0.127
48.793,96.272,-29.07,49.23,32.313,-62.227,-26.416,25.565,-31.772,-3.388,0.521,-13.261
51.282,52.413,-28.068,-32.659,20.719,-15.583,-26.955,-13.022,2.721,52.329,2.939,8.871
49.955,75.106,-42.396,-8.387,10.069,-25.249,-60.359,-6.548,12.395,-1.51,-22.611,13.759
51.345,30.604,24.326,11.333,42.682,-32.916,0.978,35.353,15.717,22.504,-8.997,-12.325
48.358,6.996,23.365,-48.32,56.209,-8.863,22.36,-23.491,-8.951,17.133,0.879,-14.179
49.754,-12.164,32.402,22.418,53.297,-33.728,18.523,15.035,17.911,0.178,-25.547,-9.016
47.082,61.59,-26.194,-25.331,-4.954,-21.079,-58.807,-6.876,18.056,-1.812,16.511,5.948
47.961,40.346,-45.417,10.281,10.585,-19.315,-20.607,-10.312,11.958,19.523,-3.08,-4.261
44.302,22.233,-33.308,-19.682,-7.622,-45.411,-3.393,-2.979,-7.31,7.02,0.91,5.153
43.759,33.598,-10.489,-25.908,-8.311,-39.452,5.527,-3.646,3.48,6.774,7.052,-2.118
48.642,2.525,16.461,68.487,15.019,2.613,27.182,44.324,-4.712,-14.277,-10.163,20.403
50.149,39.993,13.901,-58.48,19.512,0.11,29.183,-8.702,-12.478,19.661,-24.608,-5.609
51.164,53.93,-4.137,79.54,50.952,-25.193,-9.664,-14.62,3.756,-18.028,-36.236,1.0
47.701,52.82,4.282,-87.182,28.105,22.675,2.34,-3.257,22.459,-15.942,-26.016,9.502
50.21,2.685,5.888,-57.674,40.414,-8.134,-6.666,14.18,13.081,7.592,1.883,0.502
49.564,63.697,-20.397,-1.07,52.566,-51.075,-19.337,21.127,10.933,-7.998,-4.64,2.501
49.401,29.01,-12.719,-51.625,-0.073,-0.113,-40.995,-6.201,23.435,23.259,6.61,-15.429
49.799,57.591,-39.644,-10.843,-3.353,-31.553,-65.948,-1.271,26.559,0.03,-16.373,-5.085
49.626,70.572,-26.43,5.89,0.413,-25.519,-12.608,-21.835,-4.347,26.417,2.455,3.445
53.622,11.865,58.513,20.119,31.035,-27.933,26.84,19.665,11.911,9.665,-11.342,4.467
51.693,-20.635,2.909,0.016,42.751,-16.388,7.052,-5.738,12.571,14.847,-8.811,0.997
50.757,-8.485,9.044,-0.986,44.211,-36.113,1.131,-40.428,-16.378,-6.848,-0.265,-12.567
52.479,-23.672,31.565,23.031,40.867,-25.408,26.873,-15.216,3.468,-4.39,-4.505,-13.275
46.114,-9.346,-27.845,29.079,13.011,-39.685,-45.852,22.051,2.719,-0.413,-1.484,-21.057
45.911,27.875,-39.715,9.474,12.002,8.485,10.46,-24.208,-1.082,15.331,18.342,6.623
52.414,9.804,49.107,-13.023,39.828,25.855,48.899,28.427,4.921,26.572,5.931,1.33
49.173,11.697,24.3,8.004,-0.362,-40.937,-14.993,33.062,6.723,-9.503,6.455,-8.105
55.378,58.007,54.539,-14.763,40.797,-27.235,21.207,30.227,8.154,17.121,4.589,6.202
53.655,67.08,47.281,51.914,43.434,-21.56,32.963,9.658,16.974,-9.976,-42.962,16.409
47.802,57.132,-20.953,-0.291,13.007,-10.095,-7.415,-24.704,-2.786,27.66,-15.324,-3.761
49.755,80.148,-9.536,-57.299,39.105,14.476,-1.209,-31.802,10.128,-6.517,-29.507,-11.738
54.614,35.925,33.787,10.97,57.241,-50.438,21.212,-20.266,15.72,0.515,-6.359,9.673
53.05,16.464,45.906,8.48,53.499,-17.704,14.484,19.387,18.085,0.721,-17.638,9.088
48.534,24.701,-29.938,-38.069,17.224,-34.583,-33.077,-20.371,-10.122,5.513,6.317,-24.92
50.717,41.933,7.107,51.995,50.412,-11.161,-39.773,-11.716,20.044,14.747,-19.585,-3.006
52.526,66.721,20.577,-48.965,35.065,2.52,20.299,-47.112,-3.962,39.497,1.561,-5.181
49.387,102.917,-50.017,-49.469,23.088,-24.826,6.681,-1.428,5.809,-1.694,-17.21,3.154
51.873,1.819,1.073,-34.151,13.104,-11.076,3.789,-12.083,12.348,24.831,-18.359,-23.009
51.247,41.668,-25.967,31.812,21.601,-52.33,-5.189,39.212,-11.956,4.778,-26.673,-19.96
49.123,-43.476,35.739,5.441,39.107,-23.008,23.772,2.903,-0.799,1.626,-11.411,0.314
49.221,-20.827,53.729,36.276,17.331,-19.981,11.619,33.392,-13.448,-3.491,-0.564,-5.097
51.992,-8.829,88.302,14.187,36.712,0.627,61.202,41.573,6.746,-3.755,10.121,5.725
49.482,-27.281,29.978,9.456,33.89,-20.079,-0.694,34.956,-5.262,5.594,-9.487,6.56
46.52,47.554,23.735,-3.306,-19.802,-20.344,-5.539,7.574,-7.16,-9.57,-18.666,-21.131
52.437,25.704,40.395,7.258,28.502,41.635,13.779,28.615,1.851,9.206,-11.482,-7.913
48.755,23.696,-21.396,8.524,1.409,-41.717,0.496,-5.542,-0.904,43.594,0.137,-1.851
51.359,87.075,1.836,-74.247,45.494,9.972,-12.013,-8.612,7.474,31.627,-40.983,-5.39
52.94,19.703,28.327,-49.134,47.535,4.074,13.269,-12.577,-14.955,14.034,-26.085,-1.275
53.84,31.793,23.77,41.837,40.457,-16.515,19.054,10.702,16.196,-9.236,-33.182,-3.778
49.844,17.36,-28.612,-34.663,28.363,-36.115,-23.459,-19.577,-2.954,13.381,-3.844,-1.133
53.029,62.434,-25.595,60.883,51.739,-24.323,-13.22,-8.669,25.074,13.198,-23.507,-8.417
52.489,63.27,13.717,-48.565,35.207,35.318,17.743,-22.336,-4.418,53.781,-22.59,-6.679
53.498,45.436,4.719,-23.689,27.758,-18.404,5.71,6.386,-11.659,35.203,-19.436,-2.664
53.969,-0.787,60.959,-2.948,21.201,-18.675,27.709,17.164,-1.476,-0.024,-6.448,-16.133
54.281,-8.529,73.699,9.978,27.514,-19.906,23.191,10.516,-2.847,1.024,-10.818,1.869
55.11,26.58,81.955,0.632,17.07,-29.338,41.317,15.739,-14.526,6.854,-4.218,-2.217
54.121,11.722,70.966,-12.387,18.295,-37.076,41.71,17.31,4.377,6.333,-0.878,-8.038
54.407,-0.826,69.902,16.208,32.595,-40.601,29.217,15.785,3.594,11.146,-5.862,-15.604
53.839,25.502,40.692,-20.324,12.474,-33.736,21.945,-5.136,0.856,-6.575,0.607,-15.323
54.634,49.591,61.682,7.823,-11.506,-16.091,13.778,16.02,-21.063,-13.631,-7.721,13.722
53.369,59.393,37.024,1.711,5.356,-33.336,10.675,9.176,-31.192,-11.481,-7.589,6.996
52.453,62.901,66.31,7.086,14.101,-32.33,16.637,-1.589,-33.465,-5.548,-7.477,-0.507
53.849,53.462,24.765,4.795,-6.522,-49.634,28.217,2.331,-27.03,-0.998,-9.954,7.554
53.404,28.525,63.224,-19.398,0.362,-27.147,28.648,21.353,-12.605,3.797,-9.119,-9.605
53.395,39.261,51.719,20.889,-13.854,-52.691,24.257,-0.979,-29.0,9.66,-4.711,-1.648
52.903,23.841,79.025,4.049,8.558,-11.038,34.074,15.178,-18.033,-7.626,-19.975,-16.539
50.381,18.136,57.828,-19.07,-1.087,-30.293,48.23,20.352,-14.332,2.045,0.68,-2.454
52.14,42.922,-5.308,4.905,9.295,-51.348,29.57,-9.259,-3.741,12.24,-14.849,6.906
50.988,5.386,9.801,-8.215,10.643,-23.605,11.149,0.385,-5.847,5.09,-1.452,-9.67
50.781,14.243,-5.885,-15.79,3.545,-45.05,-8.553,19.548,7.769,6.179,-18.102,14.721
52.277,37.416,22.189,-9.865,14.893,-9.014,33.146,1.335,-12.126,20.034,8.623,8.09
51.485,12.119,42.712,1.745,6.745,-39.723,46.914,11.662,-4.795,8.524,-1.737,0.725
51.506,30.129,34.415,12.097,7.189,-37.617,48.029,18.834,4.313,-6.823,-9.311,16.971
50.727,42.754,-31.128,12.408,15.843,-30.715,3.537,-22.918,-3.346,14.997,8.214,0.261
51.985,29.604,0.197,-15.799,24.361,-14.353,10.913,9.98,-2.218,18.483,5.989,2.187
52.808,41.087,2.406,11.674,21.863,-27.65,23.891,-13.95,-8.423,16.862,3.662,-0.86
48.718,14.666,35.927,-7.478,15.236,-26.788,35.954,4.994,5.054,1.956,-7.919,4.934
51.239,50.42,-28.347,14.046,-3.017,-54.623,22.483,-11.902,-9.066,13.498,-6.537,0.14
51.887,25.351,29.008,-6.816,19.303,-8.623,21.464,2.133,5.257,8.13,3.746,14.144
50.852,45.234,34.23,9.174,-2.312,-12.671,10.592,6.768,-15.288,2.453,-7.639,-17.613
53.292,40.997,41.145,-5.688,8.434,-12.285,34.545,-0.331,-19.068,0.13,8.566,-11.878
53.749,60.964,49.677,-10.489,-7.492,-29.61,25.779,15.949,-5.52,-14.134,-4.733,-0.188
53.142,66.871,36.176,15.171,-21.916,-41.624,0.851,-5.026,-17.095,-2.985,-8.585,-28.463
52.615,76.273,72.635,7.27,-31.139,-29.654,13.853,12.078,-26.48,-7.035,5.527,-20.618
53.705,75.743,28.101,-12.673,-10.762,-1.73,-14.22,2.341,-14.728,-22.562,-12.684,-41.243
53.278,57.826,37.948,-2.053,-5.806,-4.026,21.533,-2.518,-10.532,5.997,-8.798,-7.863
51.354,32.668,22.498,21.272,-2.707,-36.805,3.59,10.646,-7.84,-0.629,-5.508,-12.377
52.51,41.037,44.387,14.813,13.706,-8.363,26.375,18.951,-12.357,11.762,4.078,-28.372
50.388,46.712,46.591,-1.901,23.895,-11.776,49.228,-6.107,-3.685,11.444,-0.958,-5.338
51.789,50.002,7.204,14.748,27.217,-22.389,31.987,-10.339,-2.745,9.722,-5.026,19.558
49.823,27.331,4.267,-13.366,12.361,-36.638,3.686,13.983,4.912,5.513,-2.339,-7.732
49.742,8.145,-2.288,-1.207,4.957,-11.126,0.486,-3.377,-4.382,14.245,-14.881,-22.891
50.599,13.604,8.272,-12.074,22.989,-18.288,26.642,-10.461,6.965,22.451,4.627,-14.704
51.116,31.208,57.706,0.063,20.553,-38.246,53.147,20.877,-0.538,9.596,-3.744,2.529
51.487,41.055,53.502,18.699,13.855,-38.882,27.257,22.368,-8.739,5.418,-17.128,4.392
54.839,43.621,20.757,2.93,37.418,-27.946,20.62,1.869,-9.329,14.019,-6.264,8.939
52.373,79.924,10.718,-16.521,28.668,-47.911,14.116,2.019,-18.746,11.788,-16.972,-5.991
53.99,64.168,25.268,-8.718,27.494,-10.165,-1.099,-10.058,-1.652,-9.346,-14.755,7.589
54.597,66.7,58.503,-49.625,18.732,-28.582,20.667,17.857,9.162,2.23,2.814,-11.058
56.453,84.229,60.84,-0.25,9.178,-41.298,42.532,15.482,-13.055,3.974,-9.311,1.826
56.872,80.169,65.799,5.306,12.38,-43.195,43.316,22.162,-13.05,4.994,-7.077,-6.984
57.448,98.31,78.885,-5.978,23.241,-35.347,52.547,8.367,-10.699,7.206,-10.042,-13.721
57.386,94.328,73.538,-0.798,43.878,-35.039,43.578,9.366,1.411,-3.779,-14.103,-0.087
56.486,101.128,63.251,-12.686,32.598,-34.296,27.88,-2.625,-7.614,-0.759,-9.932,6.465
56.553,48.7,66.066,-5.557,26.069,-40.841,36.278,13.646,-1.511,3.253,-8.246,-0.973
56.42,50.679,91.606,26.2,15.227,-24.733,46.867,15.571,-4.322,-7.22,2.989,-8.178
54.964,60.675,104.139,22.472,18.25,-64.582,41.483,19.463,-7.18,-8.749,-7.944,-5.11
55.951,63.291,70.926,-1.584,5.437,-28.466,49.46,-5.576,-21.397,1.463,3.273,0.164
56.117,36.601,77.357,19.761,7.241,-29.004,36.449,27.032,-18.851,5.664,-8.974,-7.043
55.246,54.548,73.722,12.77,23.295,-33.647,41.692,8.726,-4.195,0.699,-7.644,8.323
55.791,55.54,103.363,6.364,19.341,-35.413,42.411,6.67,-11.602,-4.969,-12.155,-1.552
55.448,51.846,96.296,9.912,36.503,-40.725,60.926,4.652,6.646,7.983,-12.55,2.541
55.412,45.977,46.317,45.366,31.405,-36.554,42.113,8.673,1.647,-1.897,-12.327,-8.248
53.297,40.711,-2.462,11.103,24.605,-30.274,18.452,-25.537,-5.394,10.048,5.011,1.641
52.268,48.658,42.607,-35.273,20.945,-36.685,25.272,44.034,-7.092,-8.252,-5.682,-10.958
52.7,27.807,33.266,-45.888,13.018,-28.495,-13.564,11.028,8.127,1.24,-3.296,10.028
51.663,61.297,-13.248,-7.739,25.754,-31.881,8.86,2.966,-10.758,5.993,-4.859,-9.598
54.751,48.033,42.016,-9.391,30.551,-11.432,9.568,-14.358,16.862,13.652,2.48,-0.309
53.641,4.691,69.585,-18.041,15.259,-27.369,11.911,5.117,-17.63,-3.047,9.73,7.986
54.458,43.358,57.111,-20.354,4.781,-32.57,24.884,-0.253,5.389,5.128,-8.285,-6.095
55.112,60.286,41.844,-3.378,23.148,-45.407,10.616,38.56,0.345,2.866,-10.995,-0.643
55.322,62.846,46.087,-2.003,35.916,-15.427,-32.403,1.586,-8.876,-21.041,-11.516,-17.56
55.689,57.379,32.478,-10.042,40.202,-12.437,8.491,-1.245,0.021,-5.266,1.916,-2.504
56.467,75.453,59.034,-5.376,50.317,-32.617,25.908,3.975,15.652,7.408,-5.905,-0.381
56.174,81.905,66.02,-3.536,38.083,-43.375,32.63,5.982,1.82,11.791,-13.318,0.745
56.275,75.637,49.144,18.412,41.177,-35.525,30.613,7.96,9.042,-2.804,-20.748,0.818
51.353,22.689,15.536,-7.869,3.28,-23.51,32.04,-3.4,-18.834,17.762,3.417,9.353
51.596,25.454,30.884,-4.162,10.616,-34.928,38.832,10.907,-5.026,5.235,-3.935,23.522
52.976,28.683,65.209,-21.837,30.348,-26.982,35.267,-0.357,-16.679,16.673,-2.544,6.71
53.652,39.25,11.811,21.534,32.27,-40.749,18.907,26.089,-9.688,21.632,-15.728,-4.029
52.211,17.733,18.889,-15.197,22.972,-31.019,12.893,-16.578,-16.237,23.147,3.346,8.88
54.623,27.808,25.709,-3.968,13.706,-16.655,4.198,7.177,6.467,-14.899,-5.182,6.544
53.101,53.064,2.239,-18.561,37.63,-24.915,30.499,8.543,-15.122,12.04,-8.763,-10.384
54.743,38.826,58.6,-34.468,17.198,-30.84,31.267,6.246,-15.812,7.03,1.769,-4.133
57.066,61.436,70.592,-6.553,2.67,-46.051,27.162,6.464,-27.08,8.788,-9.551,-21.734
56.622,100.284,68.768,-6.398,27.267,-42.316,48.517,11.188,-2.108,9.449,-2.041,4.646
57.652,100.002,63.299,-2.869,8.92,-27.827,26.534,15.322,-9.963,-7.973,-7.389,-8.955
57.557,96.225,50.202,-6.01,16.436,-43.59,7.544,13.737,-18.309,4.903,-16.555,-2.545
57.729,102.899,57.356,4.195,25.939,-34.859,20.25,5.841,-7.017,3.736,-14.299,-12.151
56.898,109.815,70.045,-9.864,21.782,-35.97,26.736,4.259,-19.901,8.431,-9.836,-6.542
56.763,89.37,40.966,4.018,15.357,-41.104,42.574,3.508,-15.067,-2.558,-13.572,2.374
56.151,92.661,51.625,-3.079,21.824,-35.854,45.656,7.97,-14.667,-11.603,-2.118,2.023
54.233,45.657,16.428,40.051,3.709,-19.78,4.421,-1.78,-21.974,-10.444,-30.927,4.323
50.685,39.259,23.303,-24.166,34.925,-20.426,25.413,-12.567,-4.585,32.691,-3.089,-15.827
50.566,38.25,47.64,-9.776,8.163,-36.403,42.502,-11.176,-17.137,2.306,-17.582,2.063
53.241,46.395,20.668,16.84,32.609,-27.538,38.502,1.067,1.429,13.167,0.462,21.008
50.561,26.453,47.304,-21.0,21.186,-32.25,44.323,13.568,-4.134,11.144,-19.447,14.538
51.021,28.548,24.882,6.506,22.721,-46.196,40.57,-3.357,-16.892,0.582,-6.033,10.716
50.753,32.709,15.92,2.595,20.373,-47.081,31.655,18.591,-8.416,12.814,1.009,22.159
48.767,63.941,-19.528,22.688,-2.298,-25.804,24.315,5.15,-8.787,-6.786,-1.344,11.748
43.646,88.077,-4.13,5.398,-42.205,-40.193,5.214,22.546,-25.42,4.305,-5.62,0.441
43.435,127.265,25.373,-23.756,-54.2,-22.326,-13.859,8.801,-27.424,-2.383,-6.194,-27.731
44.796,93.968,6.018,-26.333,-35.189,-23.184,-15.259,22.781,-16.851,21.392,-3.386,-30.09
45.042,121.767,0.717,7.352,3.045,6.257,-17.121,-8.637,-18.987,17.209,-12.468,-3.227
42.373,76.795,24.286,-32.03,16.621,-25.248,1.602,5.049,-23.894,5.251,-8.551,-11.57
45.18,67.622,-16.138,-17.903,-4.462,-15.481,12.285,-2.466,-27.349,9.335,-1.975,-5.134
44.216,79.412,1.864,-22.941,-40.738,-32.695,12.151,11.091,-15.281,-0.733,0.286,1.619
44.87,82.888,-18.779,4.256,-19.981,-11.754,6.725,-14.535,-13.657,8.325,-12.981,-5.63
42.789,51.568,10.333,-15.994,-10.732,-15.566,-0.134,-0.466,-37.494,-11.145,-7.667,4.337
42.501,33.878,-29.796,-18.269,-3.29,-41.973,-3.947,28.465,-0.287,-5.638,3.562,-20.55
44.23,88.41,-12.289,-31.682,24.388,11.913,-1.8,-20.785,-16.496,7.867,4.462,-2.054
44.42,93.911,-2.516,-14.82,4.553,-31.078,-28.077,-0.483,-18.167,3.476,4.751,-3.241
44.514,60.833,3.657,-11.93,11.068,-40.768,-19.136,-4.75,-19.913,7.129,-8.792,5.73
44.533,50.219,-33.552,4.146,7.517,-18.437,-6.985,-2.732,-11.582,19.702,-4.361,-1.236
40.998,67.57,-44.289,-32.874,-27.997,-43.654,-20.306,-7.078,-0.574,10.876,-8.542,-13.034
41.282,51.203,-25.524,-39.073,-29.942,-39.285,-27.623,-2.109,6.877,16.435,-9.275,-24.647
43.41,81.083,-54.548,-23.0,4.874,-28.931,-1.213,-6.979,-4.259,10.828,-11.449,3.784
40.444,81.188,-44.718,-41.748,-8.736,-38.385,9.226,16.55,20.5,8.043,-7.871,2.658
40.678,84.312,-46.176,-40.372,-7.09,-48.405,5.607,3.012,-8.321,-1.192,-7.162,-17.961
41.645,73.288,-12.464,-43.573,-2.052,-28.878,13.135,-12.63,-36.908,4.438,-12.546,-19.374
45.496,61.444,-18.554,-28.385,-38.439,-29.521,-14.806,9.636,-32.443,14.196,0.456,-17.728
45.554,74.396,9.465,-40.618,-45.681,-24.923,11.814,1.681,-19.878,-4.967,-9.249,-11.319
46.049,120.626,19.648,-46.594,-23.609,-36.297,15.372,7.626,-26.651,-0.684,-0.456,-1.801
49.188,110.557,33.384,-1.384,4.181,-12.609,22.556,-3.537,-42.429,1.437,-11.705,13.614
46.008,84.035,49.943,-7.749,-6.142,-26.476,35.35,15.809,-56.28,-16.82,-6.172,19.172
48.309,91.279,36.618,-9.078,1.785,-28.653,19.622,-3.441,-53.106,-15.763,-0.828,22.237
47.678,67.323,1.962,15.535,6.329,-36.602,1.361,7.978,-37.784,3.435,-13.931,7.029
46.034,60.589,-28.635,10.416,2.23,-18.653,23.046,-22.932,-11.049,6.469,-22.943,26.97
40.972,1.291,14.193,-23.867,-27.446,-29.319,47.027,21.512,-12.922,-4.344,-8.652,36.245
40.683,17.524,12.425,-17.358,-40.708,-30.535,43.691,1.756,-12.958,-0.29,-10.09,32.63
40.673,16.524,2.462,-15.061,-20.989,-40.333,39.064,16.951,-7.512,1.504,-5.06,27.885
38.765,2.991,10.427,-9.343,-22.377,-44.673,41.862,24.132,-13.496,4.164,-14.093,28.553
22.692,28.13,-113.003,242.37,-1.844,-67.422,-25.196,105.328,-9.705,-23.185,-45.833,21.596
