23.263,126.819,148.396,-342.586,87.568,147.144,69.366,-45.645,-13.671,56.654,-56.814,5.266
40.094,32.76,52.214,28.206,55.687,-39.441,4.733,-16.319,21.577,13.414,-19.61,2.159
38.88,46.581,27.25,39.108,51.28,-4.5,8.205,-24.809,16.778,-17.276,10.939,-21.43
35.354,16.965,82.221,19.525,51.721,-50.104,22.073,16.543,5.821,8.802,-7.209,-14.568
35.908,-19.83,47.575,-2.841,45.319,-42.566,25.67,3.655,3.471,-1.372,-9.79,-12.316
36.525,-6.024,29.153,-37.366,14.245,-22.226,26.221,14.163,9.813,-16.828,-2.543,6.219
39.723,61.532,98.301,-66.852,16.599,-38.56,36.527,38.696,1.088,-1.484,13.494,-21.235
44.658,165.524,100.168,17.657,19.923,-36.021,22.603,18.624,-11.826,-7.606,-18.229,-37.006
43.127,108.563,71.975,14.456,29.388,6.436,-11.542,-16.005,-11.305,0.405,-13.717,16.651
44.039,127.035,113.786,26.035,15.871,-15.073,-31.692,-24.471,-16.195,-2.937,2.167,12.399
40.99,86.135,86.912,94.201,38.516,-15.359,-31.48,-16.653,-33.466,-11.877,-28.007,-14.558
32.288,35.181,93.384,7.793,102.961,-20.439,-47.493,-2.899,-6.323,-10.182,-15.956,2.834
35.832,-18.559,57.59,-29.378,47.268,-42.466,1.974,20.808,-8.772,4.07,27.332,-9.875
36.387,31.67,123.047,12.967,41.694,-23.32,8.532,0.342,-13.278,6.392,-6.626,-1.195
37.552,3.26,66.105,-20.379,38.651,-38.968,-1.289,11.804,-7.295,-2.641,0.523,6.893
41.01,35.427,63.128,-50.643,35.694,-28.108,-16.553,12.355,2.401,-14.165,16.851,-10.723
43.358,40.907,60.914,4.62,56.987,-47.052,-1.725,-15.736,-14.035,-2.968,9.825,8.09
42.516,57.216,105.405,14.024,34.217,-23.124,9.265,6.205,-30.581,-27.54,-12.253,2.382
43.246,124.155,67.46,33.574,45.822,-12.96,-13.135,-29.005,39.4,-14.494,-15.473,6.863
42.073,150.008,68.846,0.948,66.716,4.816,-29.97,15.171,70.049,-33.333,-10.151,-18.174
40.792,59.758,63.274,-10.632,47.21,-26.383,-26.506,-5.675,-0.287,4.45,-9.677,-32.072
41.675,69.206,27.972,-39.029,42.853,-32.939,-27.303,5.395,14.306,15.33,-18.585,-14.019
43.551,44.819,85.984,37.087,19.336,-34.336,45.691,-10.236,-45.574,-8.497,7.105,33.616
43.471,78.941,118.18,4.582,-7.337,-16.028,41.005,23.726,-66.953,-33.649,4.861,25.216
44.289,108.971,102.579,22.371,-8.317,-31.951,37.115,7.815,-54.681,-10.965,0.155,26.187
43.269,84.982,111.838,13.758,5.045,-19.341,56.196,-5.064,-27.787,-4.946,-6.123,6.989
46.287,53.696,61.471,16.951,39.505,-13.205,3.899,-6.832,-19.491,4.696,-30.136,20.062
44.919,31.182,77.478,27.668,72.436,-41.566,7.301,13.448,-23.995,-2.284,12.7,3.414
44.194,4.174,80.157,18.907,74.963,-40.393,17.801,11.737,-15.505,-8.515,-14.224,-2.333
45.436,36.025,84.489,3.405,43.096,-11.34,-41.146,-6.137,-16.485,-15.401,-4.672,-7.705
44.115,54.142,59.201,25.1,23.644,-9.737,-51.645,-41.305,5.86,-6.929,-38.761,-36.846
42.263,4.742,98.407,-34.174,48.433,-16.446,33.374,24.135,14.633,-14.361,-18.637,9.901
39.41,10.107,-3.998,-29.804,31.546,-42.627,37.101,15.224,28.063,4.355,-16.287,-28.158
37.547,12.801,12.473,66.139,44.378,-14.204,31.47,12.779,20.989,-1.277,-69.904,-18.715
40.534,9.861,61.601,-28.371,109.632,110.376,50.005,22.506,-0.877,-2.314,-16.326,-37.891
43.11,35.817,25.268,-35.892,82.452,-5.727,-14.302,11.487,-31.11,35.657,-15.713,-19.798
43.562,36.392,-11.696,-14.953,80.327,-23.581,-42.559,17.924,-15.126,-2.406,-20.541,-0.332
43.464,36.407,-48.768,-68.349,101.658,-32.81,-42.39,-7.87,-20.812,0.707,-4.646,-3.988
44.414,63.446,-4.23,-10.991,110.091,-50.698,-30.273,100.538,-33.724,-3.69,6.981,23.81
42.257,126.853,28.718,-62.352,100.242,2.087,-29.448,-105.663,-40.568,70.475,-28.228,2.485
44.594,9.327,-4.128,90.643,77.217,27.418,-39.869,-4.73,-15.072,-19.758,-69.115,6.111
45.773,-17.523,75.997,-23.743,94.361,-7.793,11.421,17.468,-36.931,-3.9,27.941,-17.173
49.328,-59.565,-31.536,-20.546,33.324,-79.054,35.956,27.711,-12.103,-7.102,-8.042,6.813
49.818,50.672,-6.114,44.325,6.659,8.185,-4.868,5.972,17.938,13.131,-38.633,-29.855
46.249,20.589,21.332,11.415,31.171,37.542,44.203,-11.349,5.612,26.529,-7.363,-51.138
41.642,-100.461,-56.611,-27.143,-1.773,19.294,17.95,66.266,12.177,10.908,21.51,-7.94
50.725,53.302,51.894,16.863,5.177,-39.256,94.588,-1.518,-20.971,21.77,-2.909,15.562
52.202,90.545,73.615,-12.949,-1.062,-33.506,62.916,29.593,-10.538,-13.706,-9.237,-10.792
53.11,98.774,-40.316,9.151,19.978,-29.097,-1.777,9.206,-7.681,-3.094,-10.286,-10.296
51.511,86.727,74.771,32.236,56.574,-22.831,-8.236,8.359,-22.959,15.22,-0.241,-21.479
48.664,83.705,37.812,73.984,57.712,-0.18,-13.075,-9.554,0.089,-10.088,-55.747,-3.293
45.821,20.578,-37.143,-61.365,52.21,-32.472,32.532,-11.242,-27.812,-15.239,4.566,-15.359
46.488,-76.667,-89.876,-30.224,46.343,-95.518,9.814,12.058,-3.439,-7.071,-3.962,-5.611
44.526,-26.018,-68.858,-40.801,25.349,-36.505,18.678,9.14,2.182,-8.615,-33.227,-19.121
43.698,-2.624,-67.036,-26.901,43.316,-7.089,16.493,-17.195,-11.642,20.097,-18.621,-1.733
48.658,30.451,12.52,90.35,63.35,15.178,9.758,-3.584,-16.606,0.32,-16.236,-27.738
42.525,-32.105,-50.454,-40.663,3.936,-13.834,15.102,19.672,19.0,-37.33,19.603,-12.366
35.784,-10.304,-29.646,-4.013,-11.657,2.594,24.784,7.166,9.755,-17.156,-54.656,-6.324
36.866,-83.134,-35.077,-74.339,-19.43,64.663,13.267,64.427,-6.613,25.722,-52.227,0.93
44.526,62.003,-18.41,171.459,-8.484,-27.627,-25.219,14.128,-27.734,24.776,-57.188,-15.198
47.366,47.918,-82.921,-4.379,-15.132,45.164,-19.453,11.216,59.909,-42.696,-12.111,1.503
49.605,3.899,-13.714,-104.653,16.479,27.051,6.169,51.431,30.672,50.325,30.763,-22.83
50.224,57.324,81.477,11.762,63.276,-36.693,20.503,-8.872,31.517,18.017,-24.127,-36.963
51.26,-19.44,2.221,-33.927,19.675,-52.72,42.163,9.242,2.488,-3.458,-10.452,-39.238
52.047,10.71,2.391,42.387,3.718,-53.053,13.67,-16.157,-14.048,17.189,-23.765,-38.85
49.488,-28.121,30.993,-21.179,18.645,-43.362,37.015,0.788,0.484,6.118,-5.931,-42.659
53.29,60.178,-32.553,14.691,6.12,-16.067,7.613,5.27,44.023,-13.48,-26.287,-7.435
49.042,43.619,-30.14,-56.247,-1.352,-28.137,37.641,13.862,-21.558,4.682,-1.912,17.685
50.765,71.658,26.547,-21.469,-19.856,-52.928,36.291,12.762,-38.057,1.507,-12.526,16.118
50.953,78.233,-7.411,-12.048,-36.142,-54.29,17.464,29.316,-26.922,-9.539,15.6,13.758
51.179,65.14,26.618,37.479,3.097,-37.044,-28.299,8.674,-52.134,10.999,-0.567,-16.918
49.25,62.946,39.02,-20.339,-2.282,-29.721,-3.953,-0.502,-49.62,-4.996,4.073,15.534
50.52,65.341,44.606,-25.846,14.021,-25.885,-19.459,8.524,-33.794,-8.206,-7.787,7.279
52.214,30.452,-29.498,-14.357,-29.602,-44.728,3.159,17.195,-13.717,-23.043,-2.617,5.539
50.142,37.062,-12.453,15.089,-19.609,-23.999,14.716,-16.592,-46.068,15.967,-43.816,-17.154
49.069,62.603,54.775,94.621,55.816,-25.307,6.168,0.571,-32.562,16.409,-21.563,-31.954
47.551,61.142,40.488,-9.413,69.729,28.034,-25.362,-7.048,-49.616,23.426,-12.646,-33.179
45.192,70.764,7.634,-70.969,49.284,22.52,-43.549,18.014,-36.887,20.869,-5.633,6.249
42.642,173.451,40.99,-69.255,71.311,24.366,-13.684,-99.244,-48.007,36.252,-58.658,11.35
41.101,26.039,-13.762,-44.389,6.436,-34.348,-59.514,-15.827,-12.351,-1.927,4.613,1.299
48.559,-12.15,3.65,-80.063,10.013,-3.876,29.324,9.507,-19.162,29.37,6.026,-0.118
50.381,-27.541,-44.811,7.561,34.796,-41.0,42.582,32.619,-21.396,-15.309,-20.469,11.845
52.436,48.035,37.457,-4.847,25.609,-24.679,39.42,24.11,-27.271,-4.334,6.778,-28.883
50.443,14.408,18.915,66.841,26.071,-20.249,29.532,12.62,-17.95,-17.072,-51.357,-24.027
47.898,-63.962,-32.783,11.461,-10.92,-31.187,11.812,34.162,-5.447,-8.231,-29.855,15.803
50.894,41.263,32.628,17.188,24.893,5.651,74.478,17.667,-18.755,3.003,9.228,-7.773
50.491,16.155,10.636,-18.059,-5.54,-29.74,6.87,5.559,-17.079,6.429,-15.625,7.502
50.782,56.014,23.748,17.483,18.884,-1.838,1.754,-7.033,-16.412,-19.555,-40.01,-6.419
49.725,20.604,34.914,-30.868,50.625,5.658,40.828,31.687,-11.59,-7.301,9.07,-13.884
51.06,44.803,21.858,22.473,17.945,-17.012,28.353,-21.56,-20.27,16.124,-49.613,3.114
44.094,1.098,-27.545,-94.388,21.391,-1.431,31.182,9.057,-3.423,-12.303,-17.906,10.193
48.62,44.445,44.513,86.172,19.783,-37.958,15.144,-21.801,-26.557,28.898,-28.108,-30.213
46.769,-24.478,-11.633,-35.942,39.462,-32.952,27.579,25.178,-4.03,-7.58,0.863,7.786
46.382,16.783,36.644,-0.476,59.891,-45.683,23.555,19.896,0.015,11.844,-4.55,-12.564
49.041,-31.166,-23.335,2.671,1.402,-34.694,9.494,34.81,-9.829,11.295,15.133,-17.314
45.866,22.034,18.938,21.728,59.852,65.745,34.319,-3.377,-9.974,-31.725,-35.924,-6.336
44.488,-24.018,-0.273,-69.45,27.079,2.981,52.978,15.689,-43.751,15.184,-14.357,9.41
52.91,-9.575,7.326,-1.573,10.572,-17.692,31.789,24.465,-20.697,-13.991,25.344,-38.357
51.688,36.568,91.848,2.253,23.442,-42.578,24.719,7.655,-15.737,9.139,-1.477,-27.806
52.908,-1.942,27.48,-8.204,-10.093,-42.844,36.808,-6.354,-4.156,-0.476,-14.455,-30.877
53.805,48.217,31.457,1.414,-1.537,-49.88,32.69,13.871,-18.239,15.363,-5.86,-31.404
52.705,27.13,11.112,19.009,-10.869,-34.972,35.22,-4.992,-25.203,8.77,-16.603,-11.581
49.928,-18.418,-7.005,-21.661,-1.76,-58.805,36.994,19.307,-25.519,-3.062,-7.012,-27.547
48.891,-8.999,6.459,-5.69,8.404,-36.428,38.119,-5.562,-4.242,2.658,-28.312,-42.229
47.019,-46.663,8.585,-17.258,17.939,-50.433,27.669,37.791,18.763,24.636,0.467,-21.677
52.517,65.273,47.127,19.881,23.18,-32.128,-9.369,2.297,-37.855,14.572,-6.836,-28.592
51.526,19.238,28.111,-7.113,4.251,-24.169,-17.05,-10.139,-15.786,4.549,-16.321,-21.769
51.859,43.789,0.903,-20.316,3.418,-33.841,6.815,12.568,-16.959,-9.365,3.035,-33.661
51.007,68.114,18.003,-30.241,15.374,-24.068,-13.058,0.952,-23.737,-6.108,-15.569,-43.116
51.565,42.35,8.503,-16.964,65.304,-25.13,13.23,13.605,-23.592,-2.265,-10.686,13.19
46.291,-6.107,-34.861,109.658,41.191,-57.772,-8.975,-4.478,-6.255,-0.478,-44.882,-5.141
49.868,73.187,-6.427,-24.396,51.66,29.047,42.985,23.174,-12.929,5.037,-6.606,-5.067
47.142,54.053,-19.353,65.727,35.235,5.947,-4.605,-24.007,-51.941,-0.639,-64.673,-11.472
47.291,43.971,56.998,-59.137,24.65,68.531,37.098,-18.156,-28.436,0.654,-5.432,-20.357
47.146,10.046,-10.988,10.571,40.966,10.305,49.717,-10.395,-2.772,1.703,-44.874,5.585
46.731,27.453,13.288,6.726,62.632,61.774,48.254,23.81,16.4,-25.648,-54.208,4.473
47.123,43.014,-7.181,20.124,71.003,62.79,36.566,18.401,-12.499,-15.775,-37.152,15.087
44.78,23.918,2.983,-68.691,45.056,62.268,68.681,-6.24,-19.634,-21.513,-20.304,-1.026
38.561,-85.081,8.003,-8.488,8.813,7.16,32.348,13.055,17.434,-9.981,-15.258,-5.536
48.327,-6.471,29.301,34.333,41.167,28.939,67.611,18.42,-0.979,-5.965,-34.803,10.409
44.27,-37.363,-34.128,102.149,54.166,4.409,28.65,-22.333,10.413,-9.884,-31.185,1.232
47.379,41.361,-10.137,-17.231,58.712,84.323,42.313,-6.745,18.979,-9.192,-33.529,5.097
48.13,64.252,15.543,-74.502,39.024,79.66,61.79,31.823,10.763,-15.36,-10.736,9.206
46.379,48.163,-51.674,109.471,25.957,-10.187,5.597,-32.086,-41.829,16.796,-61.278,-1.813
49.048,57.239,44.775,0.364,37.833,72.14,36.241,-22.573,-30.833,22.181,-6.048,-9.012
47.396,24.529,-23.403,21.659,45.984,13.285,40.47,-18.271,4.739,4.79,-18.703,7.018
48.63,24.849,-9.707,55.219,36.966,36.104,41.224,6.153,-6.706,-20.508,-26.249,0.525
48.226,70.272,18.863,-72.766,51.168,10.683,13.189,-3.604,-8.757,12.935,-11.481,2.884
46.635,27.949,20.604,-59.946,77.391,-5.573,69.493,-4.875,-20.712,-1.613,-25.108,7.456
42.304,-72.401,33.454,17.112,8.06,-32.528,23.563,4.601,12.927,-2.629,-17.081,-9.295
38.512,-100.076,39.049,-9.808,-0.626,-27.088,47.344,-0.349,-7.956,-9.334,-23.058,4.843
47.259,15.275,-5.516,-14.043,63.186,23.989,30.288,1.151,-7.558,14.177,-27.615,19.761
44.816,7.2,57.479,-109.018,43.628,69.626,69.547,45.138,-0.949,-22.139,-22.341,8.137
46.612,28.028,-37.477,87.187,33.968,21.266,2.451,-32.811,-29.675,15.327,-50.439,-3.571
48.97,33.361,44.914,-26.968,45.249,12.228,34.386,-2.145,-21.42,26.611,-28.054,-15.227
45.772,31.995,-15.758,78.417,12.715,25.822,30.959,1.958,-19.365,-34.411,-36.405,10.331
50.1,62.543,26.152,9.572,32.071,16.49,-5.626,10.148,-21.688,22.095,-9.385,-57.705
49.259,98.338,-3.743,-69.92,-6.745,-2.935,-69.325,-3.243,-16.982,-1.771,0.456,-34.838
49.558,24.493,50.534,57.91,35.741,-22.685,28.531,-3.858,-21.387,-15.696,-38.047,-9.407
45.062,27.068,37.507,-73.229,4.787,-28.946,-12.861,59.193,0.556,-3.862,2.466,-20.028
50.487,72.613,27.304,-49.744,11.389,-6.646,-38.064,12.175,-55.359,12.713,-12.27,-8.452
52.407,60.6,44.686,29.221,52.987,-18.893,25.384,14.518,-25.621,-6.758,-22.331,-2.557
46.647,62.873,11.691,-41.795,9.485,28.649,13.763,44.138,-27.142,-3.547,-39.767,-10.394
47.29,60.996,-18.206,37.78,15.337,-24.216,-8.149,13.045,-27.546,0.381,-8.433,-23.455
51.088,46.392,57.686,-29.619,33.115,26.088,33.439,15.088,-8.06,13.596,-4.861,-32.211
53.005,63.211,69.094,10.735,52.599,-29.235,37.698,10.061,-25.795,-5.753,-0.877,-17.748
52.977,78.429,57.109,29.375,32.205,-42.957,45.956,21.876,-16.706,-3.997,-11.29,-4.948
49.2,92.746,51.621,4.076,36.991,-11.451,-17.928,18.191,-50.423,-6.303,-19.458,-3.587
48.025,45.626,73.592,-1.41,97.606,-20.905,12.03,22.716,-51.683,34.399,-2.781,1.992
47.141,10.47,-101.49,-11.309,57.648,-103.97,26.357,23.242,-20.172,-23.804,-3.698,2.41
46.638,6.948,-33.458,-65.31,31.632,-7.461,29.004,39.061,-5.163,20.092,-48.612,-2.629
44.648,-50.063,-81.522,37.622,29.772,-44.116,18.155,13.872,-29.66,34.502,-44.325,-11.267
43.809,53.794,-50.461,-12.143,43.893,26.017,-8.996,18.72,-51.071,-28.695,-7.637,-20.405
43.541,-28.361,26.657,10.292,77.242,-3.657,24.399,39.74,-39.121,19.79,-29.29,2.4
39.186,-1.836,-47.404,106.985,60.906,-59.242,-7.173,10.004,-49.571,-15.351,-22.898,-5.516
46.605,59.226,35.597,27.052,71.674,-26.339,-21.453,83.142,-23.382,10.969,-10.742,-35.827
44.104,41.325,-2.953,-39.338,47.002,-10.353,-24.446,-24.684,-35.476,22.679,-15.799,-10.424
52.13,121.856,72.417,76.229,49.792,-40.422,-20.109,-30.711,-27.943,-3.876,-23.475,4.459
45.096,42.058,45.213,4.963,9.269,-9.31,17.979,-38.729,-19.427,5.908,-38.577,15.04
43.374,22.309,-45.142,-112.08,-23.316,-9.643,8.048,57.272,21.464,-15.136,-4.329,6.29
49.897,65.179,-10.756,-2.909,-38.788,-25.733,7.535,-10.546,-0.606,8.248,-50.794,-8.354
53.281,84.823,13.813,35.977,15.346,-43.872,2.311,-21.636,-19.875,20.152,-32.159,-16.02
47.338,36.537,49.586,11.055,57.579,-27.34,-30.911,18.771,-23.737,-5.377,-11.743,0.179
49.692,14.622,-51.012,-35.699,4.5,-39.431,-21.247,32.066,1.315,-25.573,-1.775,-15.205
50.314,114.663,3.088,-38.269,-18.482,-28.287,13.817,8.648,-15.122,8.626,-12.085,-16.484
52.399,98.784,-54.358,14.844,17.779,-16.18,-11.094,18.402,-6.215,5.358,-31.179,-7.0
51.757,105.237,14.807,68.443,15.745,-20.905,-17.373,-26.886,-33.555,12.154,-46.864,-10.163
47.761,32.805,-73.73,-7.805,19.034,9.51,31.364,-11.444,-27.534,8.809,-45.404,-1.074
46.566,106.717,-70.928,-61.781,-5.926,-18.721,11.849,-2.624,20.98,-13.896,-16.817,7.454
48.619,81.736,-65.037,-68.699,0.001,10.024,17.408,-9.39,-15.359,-8.364,-34.465,-6.619
47.58,49.042,-82.139,-36.916,-2.954,-74.557,-14.625,-13.771,-0.846,44.224,-12.448,14.478
51.658,81.2,-2.713,62.186,17.791,-36.968,-10.833,0.14,-25.325,7.372,-55.906,-10.063
49.047,-6.28,-38.92,-31.728,-1.128,-1.57,-5.457,35.862,0.547,-47.17,6.076,-19.831
46.283,162.199,-80.889,-46.962,6.221,-35.401,-17.841,-6.021,22.586,-2.393,-12.544,4.082
45.494,26.512,-56.992,4.0,37.939,-13.374,-20.879,4.058,-20.916,-3.583,-39.348,7.529
44.925,14.964,-25.235,31.665,54.651,11.09,-31.827,13.236,-16.494,6.255,-0.401,-23.478
48.348,68.337,3.768,4.763,17.308,-2.654,-11.84,-4.652,-26.615,0.935,-20.361,-37.957
44.617,46.652,-19.382,40.024,46.835,-34.672,-35.959,-16.583,-45.535,1.511,-8.007,-34.388
51.678,115.344,39.637,83.001,34.921,-37.12,-26.395,-17.091,-30.086,7.363,-53.322,-16.677
45.354,55.23,10.117,-89.856,-0.377,12.184,12.562,22.519,-10.545,15.612,-42.895,-1.385
46.487,-12.911,-67.236,-71.501,-11.861,-63.337,-20.546,70.618,42.165,-38.933,11.612,9.909
48.356,136.207,-77.952,-59.22,-18.833,-26.391,-16.898,-8.479,43.898,4.236,-20.012,12.073
50.226,64.692,-33.665,-46.166,-8.867,-16.631,24.138,-31.743,-29.591,20.436,-35.649,-8.74
51.325,99.728,-15.882,38.98,9.286,-11.314,-6.36,2.455,-26.154,0.874,-4.296,-20.464
50.324,74.739,-53.705,-37.937,26.91,23.755,-13.238,30.635,14.959,24.02,-22.995,-5.019
49.8,68.622,-12.529,-9.423,52.179,-62.335,7.35,32.905,-15.726,24.812,-25.361,8.613
52.537,31.113,-17.758,-20.957,13.633,-35.558,21.212,17.987,-16.892,0.473,-0.221,-5.99
51.844,73.029,8.848,-1.312,8.527,-57.426,20.321,9.868,-10.861,30.366,-20.274,2.802
54.199,101.828,23.36,53.987,12.731,-55.631,21.665,9.503,-13.532,12.021,-23.69,-11.992
52.132,55.894,-20.973,9.893,15.051,-27.064,20.492,-3.748,-25.753,15.454,-34.772,-6.347
47.008,-6.329,-9.511,-20.895,26.071,-30.838,51.24,3.636,0.196,-11.938,-13.028,22.243
50.519,39.358,-24.967,8.924,19.684,-0.416,50.424,14.754,-16.975,-11.111,-7.454,-5.531
51.678,105.01,7.944,66.51,7.01,-45.853,-14.495,10.61,-24.596,10.052,-42.14,-20.084
44.2,-10.498,9.594,7.701,62.115,-65.86,-38.235,-49.478,-34.477,18.856,8.663,-12.168
47.024,-31.633,-62.781,-3.732,0.585,-7.678,4.555,23.031,8.002,-34.83,-36.104,-7.544
46.163,-11.367,-5.88,-18.869,46.136,-24.965,13.686,13.543,-10.063,-3.764,-30.055,-16.909
43.024,16.458,-3.505,-76.435,12.25,18.539,19.056,7.658,-10.599,1.579,-43.392,-14.536
46.424,80.158,74.642,-32.136,54.758,62.607,4.089,58.855,-21.415,-5.938,-31.683,-0.649
41.374,147.501,186.076,49.684,75.547,-9.603,-13.984,-10.252,-19.013,6.645,-23.892,-7.189
43.058,-55.331,24.71,-33.386,17.375,-23.886,16.843,-64.934,-15.458,35.052,-46.245,22.013
47.742,-12.552,-55.611,28.157,28.31,-14.504,37.184,41.341,8.916,-2.682,-23.697,5.275
51.028,57.212,-10.945,-13.766,-27.572,-15.591,-8.345,-4.891,-17.109,13.126,-46.743,-12.369
52.466,86.318,7.476,46.412,9.719,-44.765,-10.757,-26.273,-24.8,14.051,-42.852,-13.512
47.345,16.749,-5.057,-17.044,32.507,-21.884,-13.314,7.826,-39.247,8.974,-22.766,-25.352
47.861,45.139,9.996,-56.544,9.117,-30.149,12.581,-17.053,-10.774,64.694,-30.223,-17.69
50.121,93.428,24.5,-23.082,3.156,-43.102,-6.483,20.162,-3.657,-9.129,-1.002,-35.439
51.727,106.066,-0.889,-43.939,-5.252,-25.781,14.651,14.841,-10.02,11.022,-28.513,-12.855
49.146,50.848,59.345,17.726,31.563,-20.67,9.486,34.521,-5.757,-19.097,-58.6,-16.905
48.177,82.557,-69.802,-28.054,10.372,-34.921,25.122,25.262,-28.412,0.231,-36.268,-7.765
49.815,-3.012,-41.513,-36.874,14.598,20.854,7.256,3.565,16.953,-59.98,-2.946,-26.705
45.865,18.976,-81.444,-17.509,9.367,-4.958,9.837,15.742,-13.063,-11.839,-19.614,-6.671
50.546,60.228,-45.284,-36.615,26.579,-29.24,34.861,-25.399,-12.998,14.795,-11.111,1.449
51.189,114.693,-9.256,49.798,5.415,-47.982,-23.119,12.472,-36.376,-4.251,-39.976,-11.988
48.561,3.302,-47.091,-8.019,2.911,-52.657,-14.596,14.499,-4.967,-4.876,-21.702,0.281
43.411,15.025,-6.654,-53.575,28.915,51.814,22.286,17.303,-23.375,-10.454,-24.415,-27.941
46.035,34.843,-0.865,23.823,37.124,52.726,7.301,9.255,-26.192,21.945,-37.085,-23.621
46.116,94.547,70.857,-42.595,62.326,118.608,24.316,20.549,-2.261,-30.479,-26.961,-17.796
44.579,66.51,20.276,-75.67,0.18,5.379,27.675,26.407,3.75,17.313,-35.529,-5.978
45.619,-66.201,-38.644,-51.244,20.222,-31.592,-0.115,-15.678,1.151,62.961,-13.393,18.47
51.482,87.916,-33.127,-43.214,-10.498,8.686,-1.941,27.898,19.879,-8.584,-4.975,-6.678
50.188,63.557,-27.384,-38.315,-16.08,-35.732,1.071,-17.792,2.197,31.464,-14.711,-3.601
50.982,18.7,-5.143,-11.268,3.178,-11.776,31.257,4.724,-5.223,1.74,-35.035,0.186
49.575,32.449,38.805,11.142,22.215,-25.367,35.088,45.293,-31.472,-24.203,-36.288,-20.951
52.179,41.376,-35.729,-23.747,10.579,14.912,16.828,0.857,42.878,-32.576,4.021,9.05
48.561,7.904,72.051,9.917,59.656,-30.862,55.886,31.478,-16.197,-15.826,-7.787,-22.603
48.39,14.748,44.814,-72.156,5.82,-15.742,50.041,55.257,-30.442,23.076,-8.766,-0.349
53.957,88.845,19.981,51.11,22.658,-10.939,30.069,6.695,-2.898,-3.467,1.49,-16.269
50.423,69.087,46.263,-13.817,14.402,-23.408,41.788,-8.995,-7.236,20.746,-18.291,-7.885
52.651,72.007,18.738,-20.372,21.606,-37.285,42.643,17.672,9.659,-8.045,-14.719,-16.758
50.819,52.51,-36.441,37.087,34.175,-28.935,33.253,36.207,-35.113,2.788,-64.592,-11.95
45.188,34.937,34.032,67.559,94.782,-21.759,34.638,47.599,-12.452,2.063,-31.733,-20.846
43.942,27.096,65.242,48.495,109.9,8.419,17.972,11.634,-5.791,2.037,-19.572,-31.306
42.869,40.441,28.348,-37.414,81.207,1.674,-5.933,5.63,-32.186,38.464,-11.913,-17.511
43.476,36.899,-8.972,-14.194,90.081,-26.585,-36.667,12.081,-15.153,-1.7,-23.535,-1.121
43.561,32.803,-47.507,-69.03,108.741,-31.211,-38.472,-10.781,-19.723,-1.626,-3.36,-7.067
44.373,66.926,-0.225,-6.464,110.36,-52.337,-30.137,98.416,-30.94,-4.073,7.207,23.735
42.403,125.921,20.663,-60.924,101.27,-8.154,-34.26,-106.238,-37.914,61.179,-26.101,3.259
44.772,7.293,-2.219,92.583,78.321,27.333,-36.961,-6.674,-10.807,-22.568,-67.534,6.903
45.553,-22.351,78.497,-22.666,93.301,-16.499,10.956,17.451,-34.232,-4.292,30.62,-18.018
48.767,-54.227,-22.456,0.391,45.956,-55.215,27.807,32.044,-19.569,22.37,4.931,5.497
49.62,56.009,-2.346,37.372,0.781,11.216,-1.92,5.221,17.361,18.349,-36.899,-29.185
46.989,35.478,8.693,-8.983,52.14,18.952,43.167,1.784,-5.75,22.234,-8.354,-32.675
43.682,-84.463,-72.022,-6.417,4.233,-41.727,8.958,41.424,9.956,-21.048,-7.413,1.41
49.697,43.68,45.681,8.189,3.421,-13.842,95.441,-0.186,-17.619,24.091,23.79,9.797
52.334,94.061,67.365,-11.055,1.858,-35.384,57.658,21.634,-13.914,-7.919,-12.76,-9.526
53.325,94.233,-49.601,10.854,12.348,-37.812,-12.628,9.571,-6.954,-6.727,0.515,-12.773
51.527,86.491,75.448,31.528,58.851,-27.482,-7.061,5.748,-19.636,14.969,-1.226,-23.113
48.306,80.643,32.029,94.372,57.13,-15.223,-8.475,-15.564,-6.028,-8.495,-53.476,-1.846
45.892,20.088,-39.229,-63.769,55.872,-32.012,33.577,-11.6,-25.379,-15.156,5.576,-17.188
46.711,-66.433,-90.49,-17.93,41.439,-83.216,9.256,14.99,-10.092,-0.714,5.702,-5.963
44.63,-24.346,-69.708,-39.512,27.015,-32.395,17.287,9.492,1.089,-3.95,-34.228,-20.838
43.603,-1.249,-68.168,-27.378,43.3,-6.337,18.65,-17.076,-12.035,18.313,-18.925,-1.694
48.404,40.796,12.26,64.945,69.947,30.309,16.326,10.26,-10.649,-3.384,-3.34,-30.933
45.009,-24.755,-25.703,-52.301,19.282,-24.455,23.895,12.668,13.157,-8.647,7.292,-9.636
44.306,-2.785,67.401,-9.349,21.946,-41.366,70.227,10.296,-16.272,-6.601,-16.525,-29.372
46.769,-71.925,-14.136,-10.223,3.67,-52.389,29.087,49.286,-12.509,-24.399,3.999,-11.422
47.431,58.584,19.996,115.576,24.146,-43.985,-7.702,3.903,-19.616,23.133,-30.799,-18.803
47.641,31.224,-48.367,-41.549,6.359,34.452,-0.393,13.075,44.403,-19.662,-21.141,4.577
50.503,-24.964,-37.092,-69.659,6.958,-48.784,-0.485,21.069,30.415,-8.496,10.191,-11.575
52.617,79.341,-3.323,-4.527,6.976,-32.892,7.923,-14.917,36.863,-0.746,-22.895,-24.488
49.813,46.937,66.159,16.597,64.569,-32.329,14.595,-6.581,23.338,0.435,-25.0,-37.967
50.62,-23.114,-2.077,-36.363,15.441,-56.342,37.673,17.929,2.256,-1.524,1.038,-39.464
51.422,11.374,4.002,42.59,-2.109,-61.224,13.312,-10.815,-12.133,22.244,-14.242,-37.647
52.581,51.259,-33.195,-1.488,8.704,-4.339,16.271,-6.917,42.674,-23.876,-13.069,-5.988
50.386,22.144,8.93,-36.27,-3.235,-42.05,57.843,22.015,-19.903,-5.912,-2.582,8.643
50.528,33.504,10.569,-1.667,-14.365,-62.049,38.98,12.294,-27.47,4.041,-1.963,1.059
51.288,56.369,38.071,-13.235,-11.893,-61.123,38.865,10.725,-30.95,5.46,-14.204,4.057
51.877,55.437,11.732,-8.985,-15.917,-33.609,31.068,26.768,-21.345,3.259,6.284,8.721
51.869,61.45,40.733,22.915,10.046,-41.148,-17.692,-3.884,-41.179,12.707,5.206,-11.508
50.954,58.956,35.73,-10.683,22.885,-40.72,-30.29,-5.799,-20.602,-5.727,3.591,3.365
52.419,26.391,-22.512,-14.585,-27.789,-46.104,9.363,14.533,-8.12,-23.354,-1.167,3.174
49.947,33.801,-14.639,22.063,-17.977,-29.418,21.589,-15.722,-37.263,1.874,-39.634,-16.353
49.533,63.229,44.769,55.263,65.69,32.411,21.27,-1.583,-31.659,8.846,6.579,-30.735
47.957,56.827,49.251,-4.485,72.962,11.053,-24.768,-6.408,-42.699,7.048,-16.234,-32.744
44.582,77.062,7.287,-75.546,46.085,24.63,-40.563,14.838,-37.704,28.456,-4.562,7.213
42.962,172.118,50.38,-64.785,81.258,16.752,-17.36,-98.075,-50.56,29.377,-59.326,11.398
44.953,15.393,25.046,-126.054,8.743,-34.334,-1.784,-33.438,-23.086,15.739,17.05,0.221
51.149,0.432,8.476,3.858,34.298,-49.297,68.189,5.75,-21.355,0.146,-13.159,1.774
50.595,-29.575,-37.511,1.876,32.642,-46.017,44.98,35.012,-22.838,-20.576,-20.475,12.477
52.034,43.468,30.369,-14.882,31.081,0.083,40.734,24.646,-25.577,2.661,26.253,-30.5
51.19,41.497,30.086,38.33,34.541,-24.97,26.634,26.765,-27.939,-3.96,-42.868,-24.428
48.927,-52.406,-28.373,-5.566,-3.106,-37.151,13.332,35.731,-5.509,-5.37,-25.499,16.87
46.266,3.176,42.57,-105.741,10.798,39.38,66.813,35.802,0.258,-24.839,-22.187,4.68
51.02,-8.583,-19.263,-23.606,-14.763,-74.041,10.526,35.159,-10.614,0.013,-0.276,3.37
52.349,77.076,30.034,-32.31,13.756,-15.665,-10.424,15.418,-20.666,-11.546,-6.67,-18.549
51.11,62.879,59.188,60.233,49.686,-9.394,-4.226,-14.658,-44.822,-20.739,-39.363,-12.456
44.198,-10.667,62.804,-3.969,37.821,-33.506,42.703,5.698,-18.349,-1.54,-3.392,36.812
49.806,22.853,35.268,-29.855,51.199,7.562,42.904,31.82,-12.783,-7.943,11.91,-14.204
51.122,40.839,17.056,28.356,18.787,-19.194,23.098,-19.265,-24.34,19.043,-52.037,4.467
44.703,10.399,-25.393,-89.742,18.851,-4.87,28.441,8.622,-10.47,-7.795,-21.621,11.045
49.139,40.284,44.31,80.045,27.07,-38.418,9.785,-22.614,-27.431,26.935,-27.473,-29.006
46.869,-15.91,1.711,-47.826,54.72,-35.006,26.909,18.033,-3.156,17.331,1.764,-8.516
48.058,9.624,66.126,0.355,58.337,-50.145,38.672,7.055,-18.957,8.663,-13.006,-14.304
49.759,40.026,24.97,-28.053,49.456,-48.398,34.118,10.696,-24.518,24.064,-29.085,-17.925
49.049,50.353,16.215,57.845,69.436,9.985,19.204,-14.804,-34.817,-6.488,-45.031,-8.254
43.907,-19.277,16.74,-95.059,43.962,-17.125,49.958,-3.311,-27.354,6.223,-17.06,1.03
49.393,-17.65,35.05,-84.179,17.324,-9.09,52.155,25.687,-20.959,2.435,-14.627,-18.183
51.914,40.269,92.501,9.361,24.721,-32.852,27.5,5.96,-12.662,3.056,-0.367,-32.834
53.07,8.438,39.133,-7.849,0.723,-36.009,28.065,1.105,-6.303,15.226,-12.675,-27.361
53.849,48.761,29.323,1.059,4.19,-45.634,34.354,13.831,-17.086,17.794,-5.152,-28.959
52.995,15.652,5.662,15.808,-7.027,-43.883,31.753,-4.104,-22.321,9.097,-9.333,-10.944
50.756,-13.603,1.313,-9.106,-4.005,-50.466,39.367,23.634,-25.094,-6.196,-10.09,-25.275
49.423,-14.549,14.187,7.791,25.481,-55.435,49.411,1.866,-0.683,10.297,-22.078,-30.701
47.695,-48.906,22.101,-13.767,24.539,-41.073,43.314,28.524,4.212,21.441,-22.284,-14.181
52.135,63.498,44.186,19.468,34.609,-11.357,6.338,-1.935,-28.423,2.518,2.281,-31.706
51.397,34.199,56.613,-9.727,12.868,-24.289,-27.204,-4.475,-12.81,2.524,-12.756,-30.106
51.307,-19.413,-24.407,-31.944,-5.226,-50.772,32.334,12.741,-1.283,-23.902,6.235,-4.385
52.497,32.93,22.403,-22.646,0.32,-52.94,22.404,2.757,-23.663,1.516,-8.018,-36.763
52.105,61.389,15.902,-2.679,0.763,-39.941,-7.826,-4.081,-11.795,-6.709,-16.129,-30.809
49.448,59.734,-9.996,30.942,18.219,-9.996,-23.318,0.424,-19.516,-10.098,-53.515,-29.651
35.838,-50.247,-40.534,-18.792,-12.595,-29.098,34.347,-14.267,-19.394,-16.243,-20.607,-6.809
37.945,6.566,12.082,-78.908,-30.655,23.315,30.407,23.357,-26.794,-55.419,-10.844,-28.633
44.189,3.963,2.975,-15.71,29.988,1.356,5.099,18.099,-30.743,9.354,-47.617,-37.322
40.969,85.064,-74.668,-8.752,-10.608,-9.209,-17.919,-53.046,-1.731,-22.782,-25.941,-4.264
42.184,-19.703,11.55,-90.187,35.492,-2.867,26.225,8.237,-38.379,-5.471,-15.736,-17.31
45.445,25.123,4.273,-48.35,27.119,-4.987,11.753,6.213,-6.028,0.176,1.229,-48.043
46.886,26.6,20.815,-25.182,35.664,-37.524,8.801,-0.686,-11.617,-0.059,-15.343,-45.039
45.051,-0.364,-28.077,42.362,21.859,15.38,20.174,5.916,-27.958,-5.52,-14.524,2.617
42.99,25.979,-37.518,-46.965,36.157,-14.569,15.461,44.614,-22.254,26.422,-35.388,10.237
42.237,36.118,-56.731,21.922,-14.835,-6.185,-29.059,-2.572,0.256,-15.979,-36.601,-3.019
42.915,7.102,31.723,-119.909,19.23,25.825,6.938,41.785,-23.759,16.001,26.32,-23.762
45.153,3.313,-21.291,80.789,10.37,-9.719,-25.998,-53.789,-36.463,-10.394,-50.127,-13.895
43.347,-41.016,-36.039,36.855,22.306,2.493,34.655,-19.203,-10.494,2.564,-46.892,-8.135
45.202,-3.683,-9.077,-12.683,35.7,-20.266,15.487,8.039,-15.788,12.089,-3.363,-13.82
45.119,-14.601,-5.545,-11.696,66.782,-16.52,8.142,41.118,-7.806,0.505,-26.557,5.432
47.147,41.086,10.288,-60.47,17.835,3.775,5.671,21.771,-35.803,5.758,11.841,-29.134
47.626,52.438,-1.689,20.865,7.225,-11.428,-23.127,-13.206,-25.156,-9.157,-46.712,-18.331
39.879,-33.16,-37.785,46.629,-22.022,-37.226,-18.36,-36.391,-13.627,9.501,-18.629,-1.822
38.8,-20.061,-55.606,15.002,-13.896,15.563,-2.706,-31.971,1.864,-25.258,-31.866,-3.205
41.376,51.263,-58.559,-25.547,2.724,-2.721,-30.33,-24.043,-0.727,10.926,-64.041,-1.165
41.115,4.77,-17.824,-49.108,27.935,31.008,72.728,-1.617,-26.587,-14.083,25.597,9.183
45.126,-27.361,-9.634,39.036,67.268,3.881,25.956,19.562,5.802,-6.105,-65.004,6.356
39.715,26.338,-50.395,-91.635,-11.563,13.28,-38.899,0.029,4.524,5.376,-2.149,-19.472
45.394,16.787,-1.412,36.667,18.885,-29.239,1.192,-5.281,-21.553,15.458,-39.061,-14.92
41.699,4.165,-68.349,67.849,-18.71,-42.136,-44.139,-32.233,0.069,-19.498,-36.15,-17.963
39.536,86.553,-93.145,-42.567,28.117,-25.54,5.561,23.174,-6.912,-33.088,-1.782,0.628
43.851,13.835,-29.186,-34.393,43.538,40.819,-0.48,63.954,-23.236,-25.936,-29.677,-7.261
46.296,47.397,-4.343,16.756,29.618,5.789,2.887,-29.072,-13.214,-14.857,-19.636,-28.825
44.998,16.742,47.346,-63.299,13.261,-1.851,25.089,20.389,-20.356,-12.387,-22.217,7.114
45.594,12.401,4.547,6.579,10.746,-23.913,8.766,8.857,-19.159,-1.144,-3.814,7.359
47.126,74.501,-4.368,31.412,34.977,4.952,-8.302,31.031,-27.619,-10.618,-26.891,-39.188
43.637,41.409,-21.037,6.859,-12.324,-18.932,-15.579,-2.949,-27.09,11.563,6.401,-13.179
45.671,132.007,-20.365,-36.482,-19.737,-8.065,0.807,16.909,-14.31,-12.62,-17.841,-12.497
49.009,67.682,6.578,-41.397,18.38,-12.401,-19.83,9.406,-12.498,37.711,-6.029,-40.528
48.715,78.415,3.59,27.071,20.917,-19.305,-34.91,-19.671,-7.665,7.933,-38.358,-38.412
46.227,47.542,19.222,-55.65,31.809,-19.816,21.818,3.106,8.103,21.514,-32.036,-24.072
46.09,22.766,-26.691,-8.244,19.327,-40.348,7.706,-0.384,18.68,12.796,-0.076,-16.614
49.588,108.607,59.694,49.336,33.751,-35.214,19.694,-0.902,-9.239,-14.631,-15.346,1.295
45.661,135.053,128.937,-37.192,68.219,-17.352,16.615,-16.507,-23.466,31.315,-1.043,-18.533
47.368,70.906,-35.075,38.864,38.587,-32.675,-13.58,6.03,-19.425,17.5,-22.714,-19.696
47.872,45.548,-5.722,-84.85,13.01,-18.352,31.307,15.898,14.425,12.341,1.56,-20.816
49.048,68.387,-47.632,23.452,-25.408,-2.741,8.384,-19.203,-2.312,7.235,-68.186,5.159
46.477,45.948,15.993,-59.973,62.186,22.071,52.667,70.405,-6.214,-15.67,2.516,-16.391
46.402,158.677,84.626,9.673,40.337,-21.746,-59.483,-18.301,-21.987,2.043,-6.23,-42.497
46.432,129.02,85.158,10.473,45.772,-10.106,-48.471,-10.27,-23.549,0.469,-26.652,-24.897
44.038,66.395,68.946,74.449,79.023,-22.313,-14.423,-2.01,-36.423,7.482,-20.925,-3.229
43.652,73.88,26.28,-36.296,132.315,-16.318,-3.073,5.875,19.019,-5.81,3.728,9.094
45.626,90.915,84.4,23.923,100.509,13.489,-33.086,19.262,-31.793,-10.668,-10.316,-4.885
45.075,132.755,46.621,52.92,96.672,4.581,-43.163,24.795,-20.779,7.688,-41.642,-15.992
46.534,129.362,89.42,-4.402,129.217,21.181,-0.379,34.097,-10.784,23.454,16.777,-27.041
51.229,151.635,98.229,101.644,70.075,-45.147,-35.497,0.577,-29.822,-9.417,-13.556,12.697
46.387,103.012,101.799,5.211,56.773,3.683,3.217,4.238,-29.303,17.809,-27.939,11.111
45.554,-27.578,-0.788,38.496,57.148,-0.58,-2.731,-38.636,-31.686,35.999,-44.579,25.487
41.642,-32.36,-48.211,-70.979,-37.008,-38.483,20.504,17.653,0.407,-1.452,8.473,1.552
41.833,19.781,-57.08,-22.894,-25.225,-64.9,16.564,12.286,-6.648,1.144,-5.796,1.117
48.771,78.856,-30.039,-53.059,-17.021,38.011,20.74,11.721,-10.913,20.441,-18.891,-20.113
51.522,130.665,3.575,59.134,-14.414,-46.019,-30.903,2.988,-22.651,-11.805,-34.872,-24.322
48.914,6.362,-56.205,-38.181,10.298,-22.845,4.551,28.092,-0.173,-39.19,-5.455,-13.63
48.015,141.342,-11.717,-98.931,-40.012,-33.583,-7.223,-9.378,0.848,25.965,-17.151,-2.297
53.007,104.141,-40.363,9.14,12.195,-16.946,-5.111,17.249,-6.874,4.445,-23.791,-9.698
51.81,122.907,60.941,69.939,31.373,-15.598,-12.52,-33.964,-34.015,11.117,-37.161,7.616
47.943,54.243,-51.171,-75.75,7.792,15.005,45.331,-26.301,-21.899,-16.72,-28.965,3.898
41.587,-28.417,-46.725,-68.957,-31.03,-25.671,30.789,29.055,-1.951,-13.229,9.126,11.374
49.167,54.819,-41.742,-72.104,21.474,22.325,38.702,-24.892,-19.691,17.047,-27.378,-23.769
49.388,36.918,-42.892,29.937,-29.447,-24.983,28.913,5.391,-10.621,-5.305,-14.001,18.169
51.536,126.859,14.775,46.323,-14.189,-37.912,-35.531,1.285,-20.419,-18.165,-38.311,-10.808
49.073,13.566,-42.33,-17.23,26.442,-22.635,16.742,26.509,-10.964,-35.147,-15.896,-17.296
46.75,126.651,-11.002,-21.367,-41.237,45.469,-33.944,9.238,-12.429,-18.372,-17.317,-25.227
43.547,98.347,55.045,-109.707,10.513,12.105,26.298,-20.896,-19.522,13.872,-23.038,-13.336
49.155,111.835,105.941,14.773,82.078,36.351,-8.116,21.486,-7.47,-32.686,-13.081,-10.406
51.674,106.114,41.534,-12.048,-24.87,-14.212,12.866,41.13,-9.643,13.189,-20.201,4.871
49.254,23.003,-45.384,-17.949,-8.352,-62.916,-27.883,66.635,7.281,47.875,6.322,-9.895
48.38,133.518,-71.374,-38.998,-28.895,-13.582,-13.72,-41.986,43.835,10.379,-26.391,3.285
49.837,58.385,-18.002,-48.978,-29.823,-2.72,11.353,-12.558,6.313,24.471,-55.056,0.439
52.116,115.671,33.304,50.923,6.785,-42.599,-14.054,6.079,-10.79,6.888,-32.832,-20.398
49.71,122.963,30.242,-22.076,9.022,9.47,-21.165,-12.383,7.01,4.572,-16.084,4.631
48.347,55.491,-4.675,-43.854,23.54,-41.894,5.722,-20.965,-17.229,59.69,-7.83,14.706
45.051,31.834,5.513,58.125,-3.184,-79.963,-29.925,22.55,-40.724,2.413,-5.001,8.578
52.608,45.952,-6.055,-25.014,-5.46,-27.15,11.08,26.025,-5.22,-0.458,15.038,-0.375
54.38,101.429,34.418,46.601,0.824,-53.516,20.826,-6.499,-14.659,11.834,-19.927,-8.121
50.878,57.348,-31.008,31.83,6.168,-29.559,31.961,5.913,-22.135,13.927,-62.588,14.212
46.919,44.147,-2.579,-104.803,-18.306,-14.054,28.418,21.439,-19.471,-11.671,-23.945,-18.555
48.096,51.931,-31.077,12.413,-48.446,-36.631,17.832,-13.744,-49.61,26.167,-36.804,2.265
52.146,113.895,37.437,46.883,-0.227,-41.437,-3.828,-8.381,-29.119,2.285,1.382,-21.683
51.933,68.645,-27.687,35.064,-7.344,1.096,-4.247,12.031,0.744,20.83,-18.892,10.866
48.476,24.664,34.479,-13.067,12.092,16.586,54.321,46.335,23.076,7.964,-21.795,-12.215
47.771,87.652,-44.573,56.184,-33.437,25.785,-6.194,-18.16,5.803,12.884,-47.652,-11.257
49.408,82.962,78.977,-18.496,9.103,15.606,39.477,46.966,11.824,-10.061,14.366,-4.553
51.257,153.366,117.175,96.728,77.605,-18.535,-41.999,-2.727,-31.871,-0.709,1.957,-0.628
47.231,82.944,76.174,11.352,39.386,-23.008,-21.904,28.912,-29.046,21.588,5.176,1.258
47.533,84.813,93.028,4.87,45.308,-4.529,3.579,13.046,-30.041,7.621,-25.466,27.661
45.239,-2.694,-13.809,-0.61,40.111,-7.517,-7.321,-24.385,-38.702,37.219,-43.885,15.997
41.799,-14.255,-48.271,-61.76,-31.821,-42.385,19.519,20.515,1.494,-1.211,-6.673,2.089
50.271,44.98,13.054,-37.07,-21.416,56.943,58.379,9.66,-0.227,1.901,1.148,2.692
53.038,112.454,34.721,47.372,1.833,-59.749,-4.45,7.355,-20.541,8.152,-19.048,-17.43
51.61,46.467,-48.1,23.249,-21.733,-39.707,-18.041,-7.334,7.234,-0.304,-21.862,-4.127
44.906,16.814,-63.434,10.796,-30.998,-61.861,-3.506,23.222,-14.875,2.319,-24.434,-12.951
48.952,73.279,-3.236,-17.432,-16.623,-30.822,8.884,9.753,-38.517,59.602,0.007,13.062
51.034,97.468,8.91,-18.342,2.877,-23.63,4.883,23.395,-15.178,24.426,-6.743,-28.766
54.183,106.104,-41.093,-34.765,1.497,-37.349,7.458,7.109,-24.755,2.997,9.374,-10.289
52.986,95.949,36.927,29.75,21.449,-35.43,42.789,21.865,1.049,-10.637,-35.085,5.651
51.547,124.756,27.96,72.274,28.355,-28.064,-31.498,-6.021,-44.397,11.456,-42.817,2.198
48.402,52.518,-62.15,0.669,2.247,-17.716,30.859,-4.572,-32.108,-11.284,-43.44,4.679
41.513,-27.703,-42.598,-72.281,-33.735,-35.193,26.619,25.117,-1.144,-11.632,-2.87,8.864
47.567,79.157,-60.103,-115.313,7.424,17.822,21.273,2.558,-2.529,-13.812,-18.1,-7.178
49.24,43.302,-60.697,-5.648,-1.614,-48.551,-11.044,4.541,3.801,55.9,-26.265,-25.296
50.946,134.18,16.291,64.33,-0.145,-38.138,-24.782,2.751,-16.216,-21.875,-43.602,-12.331
49.929,2.431,-5.684,-31.549,18.563,-26.087,18.036,28.921,-10.923,37.709,11.426,11.104
49.306,44.317,18.358,32.934,34.771,-22.348,43.785,-33.654,12.616,19.427,-26.748,34.45
48.895,46.972,40.677,25.904,8.3,0.112,25.975,36.915,7.881,-42.45,-14.416,1.751
46.162,66.288,-4.527,57.232,7.977,6.808,-22.393,-0.883,-7.274,-3.955,-18.751,-24.432
47.08,63.581,22.928,6.679,18.08,17.933,11.004,22.752,-28.351,16.034,-39.113,5.242
49.076,102.617,84.123,-17.705,36.72,1.871,-17.09,-0.519,-37.485,-8.254,-9.847,3.38
49.256,23.779,17.163,-41.962,21.21,6.305,31.482,12.96,23.543,-12.284,-29.05,15.71
48.021,129.954,-76.14,-54.03,-32.558,-16.314,-16.657,-36.511,40.857,11.715,-20.788,8.433
51.021,52.676,-14.166,-38.435,-1.446,-4.576,14.896,-5.482,-0.994,12.591,-42.272,-1.398
51.329,119.469,12.708,39.964,-1.451,-46.933,-41.443,2.86,-21.049,-3.053,-39.795,-17.749
51.938,70.877,-57.656,-16.361,-2.117,-15.896,-17.01,11.105,40.29,-21.05,-17.48,6.487
48.068,32.832,60.74,10.168,11.786,-36.788,14.79,79.825,-18.762,-22.797,-3.759,11.556
51.517,26.565,-8.309,-28.887,-5.131,-23.644,22.056,40.145,-3.054,-28.896,32.461,-6.716
53.879,93.436,26.64,33.036,16.799,-14.041,34.198,-10.22,-9.996,1.684,12.908,-12.528
52.356,78.713,-4.79,3.996,-3.738,-52.089,27.283,19.764,-27.516,10.329,-42.887,-1.717
43.852,40.761,10.827,30.985,19.261,-26.514,4.762,21.52,-4.074,-13.713,-31.946,-10.277
40.387,13.807,85.477,-44.183,90.104,84.348,40.104,18.029,-5.073,2.464,-43.13,-35.44
42.822,40.464,22.911,-40.819,77.043,1.848,-11.743,2.744,-35.824,43.403,-14.906,-16.448
43.289,40.66,-15.372,-16.808,85.061,-28.972,-40.912,16.158,-10.865,-7.996,-17.473,0.742
43.506,37.596,-49.04,-71.061,109.42,-27.91,-41.049,-7.003,-18.26,-1.313,-3.855,-9.321
44.087,71.996,-8.691,-10.361,115.782,-44.054,-33.441,104.579,-26.252,1.65,5.643,21.241
44.159,57.174,23.975,-31.936,105.222,-14.793,-33.27,-29.529,-42.321,84.907,6.395,-8.606
45.516,12.908,-6.561,138.005,63.373,12.739,-44.797,-12.041,-18.587,-10.023,-38.356,1.444
45.819,-17.442,75.568,-25.672,94.619,-13.309,12.919,15.834,-37.486,-4.886,28.234,-17.332
49.435,-60.613,-30.884,-13.912,30.551,-72.27,36.974,31.782,-15.884,-9.65,-10.937,5.747
50.386,53.319,3.636,30.459,9.552,3.853,0.856,2.385,15.848,17.569,-32.13,-32.475
45.128,42.219,10.592,-55.893,32.141,49.781,44.968,1.495,-14.228,12.371,-29.406,-28.366
43.695,-82.311,-76.821,-10.667,-9.301,-50.687,5.816,30.777,18.854,-46.339,-25.927,4.617
50.059,50.093,43.172,11.564,7.854,-4.484,100.74,-2.475,-16.885,20.726,29.682,10.474
52.405,87.961,75.016,-10.14,1.986,-35.739,62.824,26.85,-10.295,-8.176,-12.502,-11.791
52.963,98.034,-48.42,5.867,17.228,-30.602,-7.359,8.035,-11.051,2.141,-3.957,-10.009
51.489,90.518,76.68,28.765,54.024,-24.155,-10.103,7.457,-16.398,14.363,-3.002,-24.703
48.369,77.84,29.694,96.942,60.541,-26.668,-11.514,-21.559,-7.26,-3.341,-51.198,-1.195
45.909,20.38,-39.638,-61.72,53.727,-31.657,31.215,-12.405,-26.689,-10.41,2.392,-17.348
48.166,4.074,-104.88,-18.872,66.511,-84.25,11.013,18.636,-22.679,-5.49,5.451,-17.903
43.149,1.187,-67.061,-28.124,40.184,-5.796,21.79,-11.764,-10.941,20.936,-15.408,-5.474
49.349,42.764,28.191,68.989,59.006,9.332,15.561,-1.957,-19.682,8.265,-2.77,-32.672
43.538,-18.78,-9.039,-59.075,35.615,-8.262,29.929,9.856,-2.422,13.86,20.96,-12.425
46.792,-72.687,-14.384,-8.729,-1.391,-50.982,28.905,44.978,-18.482,-23.95,7.719,-9.382
47.544,62.526,17.618,110.97,30.764,-32.102,-4.953,1.227,-18.26,21.904,-34.307,-27.299
44.853,17.943,4.837,-95.591,25.038,-1.454,21.038,29.715,24.949,22.949,-34.544,10.399
50.491,3.45,-6.381,-82.757,17.255,-9.966,8.708,48.939,29.925,24.829,19.045,-15.809
50.447,63.705,81.935,0.339,64.28,-44.215,17.819,-0.569,28.824,19.324,-22.205,-36.227
50.425,-3.805,32.365,-29.536,34.999,-43.499,33.554,3.484,0.233,26.204,-8.802,-32.871
52.24,10.583,12.142,34.895,5.188,-59.306,19.559,-15.975,-13.706,19.646,-16.127,-39.681
53.072,45.711,-30.383,2.64,16.249,-9.648,14.615,-5.305,44.85,-22.953,-19.094,-11.548
50.043,16.466,8.963,-26.416,-4.664,-36.945,54.756,22.397,-19.852,-4.836,-14.261,6.573
51.218,59.385,39.304,-10.105,-11.002,-55.908,44.93,10.95,-24.182,6.672,-13.963,3.017
51.757,56.079,-1.414,-5.883,-20.664,-50.1,30.849,21.083,-14.197,3.19,6.696,10.306
51.803,68.451,35.784,31.009,13.585,-27.354,-2.448,6.883,-42.359,9.423,-0.216,-4.082
50.84,58.028,47.836,-23.559,18.964,-31.63,-21.041,13.505,-30.018,-8.326,-12.021,6.672
52.302,25.326,-23.017,-17.184,-20.129,-38.251,9.633,15.131,-12.393,-14.875,1.651,4.48
52.256,68.485,20.34,-28.191,-17.796,-40.729,21.087,4.964,-42.467,7.303,-14.577,-21.538
51.844,2.259,-8.108,13.399,-0.172,-40.929,6.585,3.572,-34.985,14.133,-9.711,-35.199
47.472,-10.391,-10.686,22.679,16.464,-32.972,-4.067,28.19,-15.251,0.438,-40.175,-38.946
48.901,64.845,42.747,65.918,58.971,25.945,23.315,2.708,-35.925,1.886,3.244,-24.224
47.757,58.505,41.655,-2.055,69.577,22.281,-21.049,-2.777,-47.499,17.613,-15.417,-27.368
44.53,87.373,4.833,-61.38,51.807,23.943,-48.492,38.568,-32.042,24.478,-11.75,6.393
46.337,76.059,-2.925,-13.591,49.593,43.614,-47.271,-14.966,-53.375,12.589,-55.706,-7.917
45.41,10.997,25.292,-123.501,5.455,-27.231,0.036,-33.026,-25.906,18.575,12.749,-3.114
51.273,-0.905,10.854,5.715,35.109,-53.588,66.318,7.982,-19.568,1.953,-15.554,1.037
50.994,-24.914,-35.076,-2.555,33.472,-50.895,45.121,31.261,-21.531,-16.208,-13.984,9.108
49.742,25.791,34.279,-72.434,32.111,52.114,55.761,27.439,-11.866,-16.33,16.927,-32.743
51.268,31.285,19.937,39.471,32.025,-28.385,22.147,28.328,-19.87,-15.197,-42.539,-23.044
44.436,-102.844,-54.38,25.506,-27.864,-41.424,9.32,29.668,-10.01,-32.4,-5.433,-4.187
50.518,45.404,32.2,19.07,22.207,-7.934,87.325,19.1,-21.919,-6.876,14.047,-3.774
50.109,25.908,40.339,-13.551,8.484,-37.857,-0.316,-1.806,-17.118,-2.922,2.617,-0.261
51.101,-4.768,-17.091,-13.647,-11.262,-56.605,5.691,33.525,-15.383,17.072,11.99,0.54
52.147,86.625,28.672,-21.126,12.849,-14.196,-4.105,17.346,-24.574,-13.47,-11.709,-20.964
50.902,61.279,53.863,70.819,47.563,-17.081,-11.791,-17.565,-50.164,-11.317,-36.406,-9.723
44.34,-11.355,60.964,-2.863,39.695,-34.158,43.415,2.805,-19.097,-4.572,-3.679,37.369
49.806,20.999,33.362,-27.98,52.044,6.64,42.771,32.9,-12.712,-8.006,8.213,-13.363
51.032,45.271,19.048,25.0,17.359,-18.67,24.316,-23.83,-19.128,16.206,-52.291,4.339
43.656,-4.525,-30.489,-94.784,21.996,-10.997,30.664,2.989,-10.498,-10.887,-24.116,7.641
46.97,40.052,10.095,122.571,14.449,-49.341,-0.324,-1.721,-34.364,22.605,-35.089,-11.138
44.411,-22.74,-5.344,-73.235,48.45,-6.454,42.511,10.325,-18.322,6.025,21.893,-3.894
47.72,-71.281,-18.532,-14.175,23.021,-56.076,32.069,41.106,-26.337,-4.4,10.336,-12.064
47.489,33.475,19.321,60.269,52.616,32.129,19.673,7.72,-15.455,-24.669,-31.788,-8.279
44.048,-22.781,19.199,-70.145,32.619,-20.889,57.269,12.612,-32.339,5.159,-12.48,8.453
53.561,2.957,21.424,-2.275,11.193,-49.246,25.1,20.238,-18.527,-24.983,10.345,-34.032
52.979,0.412,26.592,-6.123,-13.021,-43.573,36.507,-3.42,-10.021,-3.255,-12.524,-34.595
54.036,49.898,35.981,-2.497,-3.444,-48.695,31.646,16.858,-17.625,16.69,-4.291,-31.764
53.084,16.414,2.973,13.47,-12.034,-52.916,24.588,-6.268,-22.544,3.712,-14.273,-12.843
50.675,-17.911,4.77,-5.155,7.781,-48.452,38.265,15.005,-17.455,-6.511,-11.262,-33.97
48.898,-27.921,13.535,-12.713,22.482,-68.672,34.891,37.305,5.378,7.803,2.703,-16.406
52.565,61.928,44.514,20.925,28.589,-38.36,-8.496,6.052,-38.772,9.754,-8.369,-23.853
51.191,19.734,34.602,-12.636,5.928,-26.859,-12.716,-8.189,-16.158,5.488,-22.734,-18.695
51.988,40.0,6.622,-21.79,5.595,-35.435,10.766,11.219,-13.565,-8.699,0.388,-34.505
47.567,21.127,-44.144,72.615,37.045,-17.465,-15.662,-20.779,-4.244,-20.372,-88.566,-22.93
45.002,17.364,35.448,2.328,19.401,15.628,51.915,-13.894,3.598,9.345,21.043,30.997
44.986,17.879,40.145,-7.253,42.669,-39.828,47.124,4.122,-5.144,-5.811,-6.075,10.642
45.104,-0.884,34.51,-13.585,22.439,-47.372,58.505,23.587,-3.607,3.369,-6.938,-0.136
45.242,-5.537,40.583,-16.301,14.016,-46.521,39.752,9.11,20.149,11.372,-13.259,-0.545
45.245,48.229,13.425,-36.101,37.987,-38.627,27.648,7.696,37.211,16.339,-18.582,4.312
45.642,9.718,27.671,-11.811,8.498,-32.417,39.998,13.329,11.641,10.879,-15.579,16.791
45.781,-4.604,9.823,-20.573,40.094,-51.671,35.207,17.455,20.052,18.573,-9.399,-2.443
47.578,73.626,20.5,-44.439,31.751,-32.298,41.029,31.118,-47.376,-31.579,2.314,7.264
49.67,36.714,30.672,15.113,18.796,-16.892,22.606,17.963,-23.156,5.189,-39.153,-34.476
43.223,2.485,37.059,16.321,28.548,-40.697,48.969,10.989,18.207,13.641,-4.177,19.429
44.606,20.533,34.041,-3.765,39.982,-23.797,43.25,-4.028,23.561,8.952,-21.896,26.571
44.552,7.115,27.812,-24.876,15.577,-37.764,53.79,15.961,10.08,-0.18,-6.801,19.784
45.502,26.338,-0.942,-16.794,-5.27,-38.601,26.791,12.493,32.918,0.899,-4.012,5.967
45.714,8.18,22.966,-10.284,8.221,-36.982,36.972,0.084,25.743,17.505,-15.719,3.533
43.86,10.197,38.672,26.183,9.68,-50.458,36.144,5.685,12.165,8.429,-14.4,-5.969
44.014,-6.177,46.481,-10.119,8.072,-37.089,42.425,-7.391,7.892,9.573,-9.698,13.414
44.261,-25.238,25.003,-11.288,39.048,-45.264,24.285,17.854,35.86,-11.987,-10.107,-18.425
44.757,-12.628,30.698,-8.492,24.58,-36.068,16.545,0.431,16.834,10.062,1.075,9.196
41.885,-74.42,2.029,51.301,26.085,-44.585,17.409,10.797,21.197,-4.733,-24.596,18.497
37.24,-84.818,14.545,-66.219,2.286,-20.014,36.497,-2.115,21.903,-1.32,-14.946,10.529
40.595,-112.175,32.731,-9.006,30.558,-45.143,43.808,-15.808,31.147,13.789,3.088,-26.07
40.972,-86.77,18.703,27.441,52.207,-28.315,39.753,-15.589,55.792,-0.51,-46.116,-15.885
39.517,-57.017,54.382,-138.188,3.542,11.678,54.57,50.634,25.751,-21.532,-10.84,14.151
44.553,24.82,49.757,-1.58,6.125,-50.283,55.461,22.053,3.699,22.661,-3.764,25.866
45.622,40.75,14.317,-11.51,11.67,-41.108,11.348,-4.443,34.338,34.344,-4.23,1.835
44.956,21.708,36.448,-8.244,19.664,-27.092,40.605,-11.343,27.709,16.494,-16.597,0.827
44.588,55.93,9.071,-24.399,31.026,-45.803,39.124,15.594,29.025,25.212,-15.04,4.244
44.319,10.614,1.053,24.971,40.038,-21.677,35.112,-25.317,34.947,17.886,-50.489,-8.874
38.32,-94.287,-0.903,-14.872,20.071,-40.377,27.581,-19.375,18.401,33.446,-4.828,-22.064
40.248,-85.561,30.939,-35.163,18.221,-36.173,31.725,8.188,36.046,-0.501,0.784,-30.883
46.02,24.059,6.413,70.283,38.332,-29.506,8.862,14.95,10.439,28.268,-44.102,7.815
36.376,85.177,107.518,-102.793,81.076,41.411,-3.621,-23.949,28.49,-25.183,-15.654,-22.241
43.066,29.101,36.535,10.664,85.244,-35.853,-35.006,-0.66,-30.768,1.431,-2.389,-6.035
44.03,13.869,128.679,48.471,113.375,-0.483,6.16,12.821,-23.308,-5.79,-19.173,-19.023
42.112,72.261,65.855,-105.023,79.109,20.23,-6.499,-13.072,-43.908,17.096,-7.786,9.57
43.529,-11.667,-26.488,60.151,46.516,-49.636,19.548,-54.566,-46.192,2.56,-19.578,15.584
39.589,-47.592,25.542,-0.264,-60.758,-31.374,34.269,-8.263,-45.176,-1.633,-3.094,10.31
37.96,-84.408,36.08,6.224,-43.243,-39.657,61.683,9.042,-32.419,4.321,-13.504,26.796
37.627,-96.01,14.776,-7.137,-48.839,-17.547,55.831,7.808,-22.266,-11.746,0.345,9.795
40.522,-15.461,75.14,-59.724,8.077,27.854,77.847,22.581,10.613,-26.146,-28.809,21.54
42.731,-7.739,43.679,-24.395,55.408,-49.533,37.376,25.298,6.978,-2.766,-21.691,15.666
44.077,-11.216,34.487,-3.677,13.062,-42.919,65.73,32.857,-4.945,6.544,2.923,19.126
43.678,-11.575,13.507,-1.558,-12.775,-48.493,38.909,0.347,1.617,23.321,-11.367,21.906
44.108,-12.334,17.07,-27.484,19.999,-39.33,65.957,10.296,-2.449,6.226,-4.157,19.166
48.285,50.063,-4.711,3.041,39.685,6.7,-9.393,-12.836,-6.467,-25.867,-21.181,-36.922
48.186,55.114,43.484,-67.781,28.46,-16.579,11.079,-3.264,-7.665,-21.174,-10.344,-11.408
50.127,35.567,44.15,-4.224,2.713,-23.05,17.055,21.332,-36.793,-8.203,-6.186,-8.644
49.128,60.175,18.556,-11.011,-5.585,-24.534,-13.038,2.627,-27.035,-10.627,-6.71,-9.955
48.577,54.066,21.19,-3.074,13.661,-29.56,26.684,20.124,-40.412,-23.877,-0.546,1.556
46.961,30.846,23.836,5.423,39.554,-35.26,11.912,-26.517,-21.912,-10.946,-12.714,2.398
47.793,28.66,31.986,-19.686,46.586,-25.492,19.126,23.541,0.287,-24.114,-4.986,12.063
49.152,69.361,-8.18,-10.838,19.246,-32.411,19.995,-10.049,-14.011,-1.535,-20.93,-8.982
50.103,66.358,34.55,-7.871,24.097,-2.879,32.028,1.829,-2.361,-7.946,-23.516,-11.396
48.435,39.049,42.054,-22.023,50.751,-27.639,35.452,3.708,-11.23,1.432,-15.905,-20.268
47.18,35.062,-13.782,33.496,57.017,-4.636,25.52,1.162,-26.855,-14.37,-20.44,18.647
36.333,-59.886,15.552,18.06,-43.305,-46.089,42.536,-7.366,-12.765,2.725,-2.452,2.492
40.383,-33.861,48.567,-94.347,-10.921,-24.937,54.798,27.806,5.588,-6.29,16.223,25.843
44.486,23.529,15.377,-11.905,10.905,-42.56,14.534,-8.324,34.678,33.754,-12.626,-3.866
44.44,42.353,32.931,-3.997,5.636,-49.265,28.323,11.485,22.829,10.57,1.785,9.413
44.495,-2.63,32.643,-2.092,8.434,-31.142,26.689,9.77,16.581,28.443,-24.741,-4.102
44.427,18.924,34.169,-22.444,39.284,-29.331,19.678,31.271,31.172,8.927,-8.744,-30.462
42.458,74.459,54.954,44.136,54.893,-42.529,1.629,23.293,27.514,-8.976,-14.193,-16.69
41.562,88.602,141.341,-64.214,72.408,7.286,-2.939,-33.707,-20.367,43.37,-12.054,8.962
46.068,80.538,68.117,40.811,37.754,-14.726,-27.84,52.543,-36.165,-24.342,-17.334,20.159
42.646,126.616,84.743,-39.386,49.227,18.302,-37.065,-32.422,-23.195,54.786,-18.096,-9.427
46.4,84.122,98.441,-44.065,93.636,-32.3,-12.412,-30.646,-22.925,-0.223,4.711,-5.37
49.185,126.816,120.369,82.726,88.049,-40.559,-21.263,5.316,-19.763,-1.192,-21.576,1.905
47.701,94.672,69.648,-9.13,39.62,-7.311,-9.875,-12.787,-40.765,-11.124,8.608,30.753
48.702,80.031,66.647,3.838,92.271,-36.198,4.469,10.653,-16.18,-12.918,-2.426,45.688
46.508,66.578,-61.228,-6.423,76.18,-69.125,10.764,6.19,-14.838,6.607,6.1,3.549
43.053,45.667,3.694,27.776,43.944,-35.614,3.887,10.32,-7.332,7.766,-27.702,-1.87
44.142,44.324,92.896,-31.589,106.915,43.027,33.409,16.25,-3.926,26.108,-5.345,-38.049
43.985,30.445,58.195,79.023,93.202,-16.659,17.277,15.665,-14.04,-0.571,-58.001,-21.768
43.351,34.896,26.317,-35.846,75.908,-6.078,-13.978,9.588,-33.887,32.89,-13.365,-17.657
43.627,37.28,-9.329,-12.51,81.63,-23.816,-38.87,16.795,-14.136,-3.026,-19.297,-1.215
43.659,36.021,-46.633,-66.654,108.595,-32.059,-38.665,-10.116,-18.18,-2.329,-1.525,-6.455
44.26,75.264,-0.547,-3.7,113.369,-53.307,-32.688,109.716,-27.321,-4.218,11.17,21.087
44.551,37.455,22.211,-25.972,103.87,-34.132,-35.668,-20.273,-27.248,57.82,4.106,-0.743
45.549,14.958,-6.832,127.992,59.396,21.34,-45.219,-14.806,-19.765,-14.005,-38.948,2.644
44.827,-25.509,58.165,-48.875,96.954,20.055,13.974,21.262,-29.517,-1.939,37.244,-19.093
49.231,-59.218,-32.172,-24.988,35.119,-65.984,38.738,28.452,-16.893,-6.365,-7.716,6.008
50.288,51.77,3.374,32.706,8.515,4.146,-0.403,4.959,18.685,14.691,-35.227,-32.035
45.578,40.769,8.542,-43.017,38.505,42.853,47.158,-5.071,-9.694,13.858,-28.153,-29.555
43.503,-81.504,-78.622,-9.86,-6.867,-51.876,4.503,29.435,19.562,-44.661,-27.03,5.398
50.718,48.578,52.21,19.789,8.229,-48.223,95.764,-3.706,-19.675,22.289,-4.915,16.352
52.261,89.976,67.042,-7.832,3.648,-38.15,57.333,27.956,-11.411,-6.625,-9.062,-7.162
53.509,91.325,-52.531,11.372,11.805,-38.478,-11.566,10.444,-8.262,-7.422,-3.306,-8.796
51.68,91.249,78.061,28.619,54.479,-18.619,-7.588,3.747,-21.03,14.961,-4.802,-24.159
48.719,81.854,39.207,83.091,61.347,-8.64,-2.974,-14.332,-0.693,-12.951,-51.308,-2.727
45.88,23.185,-36.717,-60.687,52.441,-29.795,32.617,-10.935,-28.127,-12.29,4.633,-18.165
46.48,-72.089,-92.528,-33.322,46.474,-94.972,11.257,10.603,-0.411,-8.722,2.036,-3.7
44.612,-24.3,-68.639,-39.058,24.008,-37.499,20.855,5.134,-1.975,-7.078,-32.74,-18.767
43.534,-3.321,-69.073,-25.837,44.248,-4.322,18.047,-16.387,-10.206,17.748,-17.462,-5.073
48.025,28.496,15.149,36.424,72.817,49.87,26.248,6.107,-9.139,-17.037,-5.261,-28.655
44.79,-30.338,-22.734,-44.005,29.962,-23.851,26.778,20.39,6.895,-6.331,13.26,-7.199
44.658,-11.738,65.793,11.814,19.333,-47.506,58.368,0.951,-22.574,-4.257,-3.67,-31.446
46.888,-73.451,-12.605,-10.849,-2.417,-55.203,27.934,46.133,-15.148,-20.278,8.631,-9.712
46.524,62.384,13.8,95.079,36.262,10.569,19.465,-5.36,-11.417,-4.767,-14.209,-27.315
48.544,32.094,-49.093,-25.19,2.702,26.086,1.283,8.761,48.266,-31.341,-12.821,7.234
51.846,1.753,-5.63,-64.976,9.856,-32.239,0.697,38.127,44.939,-19.81,-6.672,-20.273
50.392,59.29,75.75,2.897,64.669,-42.544,14.833,-7.362,24.179,17.091,-26.08,-34.323
50.903,-14.324,7.86,-28.184,20.783,-47.67,33.411,8.884,-3.549,9.679,-2.056,-35.226
52.179,11.763,8.373,34.907,7.88,-53.45,21.581,-15.491,-13.446,16.532,-13.989,-40.728
53.433,61.726,-26.474,2.152,7.382,-18.836,12.787,-6.355,44.921,-14.578,-18.0,-10.992
49.866,12.818,-10.032,-49.698,11.997,-44.47,48.685,14.661,-12.637,-1.104,-5.436,2.188
51.554,56.665,34.014,-22.74,-5.506,-57.013,32.718,8.636,-32.885,-1.33,-15.403,5.669
51.849,62.564,2.647,-7.334,-19.474,-53.926,29.28,31.12,-15.434,-5.843,8.826,5.786
51.779,63.144,39.743,25.309,7.856,-40.924,-14.728,-0.625,-42.204,10.413,8.021,-8.404
51.151,69.387,36.029,-13.127,27.449,-39.859,-24.625,-0.094,-20.664,-10.818,3.477,2.989
52.317,29.521,-26.18,-12.005,-25.689,-47.785,7.543,18.64,-13.346,-20.249,-3.716,3.725
52.044,68.456,21.168,-23.789,-20.284,-44.991,25.913,9.303,-46.475,6.151,-18.587,-18.121
51.622,9.062,0.157,12.311,0.667,-37.845,7.676,-0.558,-35.171,13.005,-19.116,-35.651
47.456,-5.198,-11.479,38.847,2.551,-35.678,-7.722,26.231,-20.795,-4.198,-30.3,-33.828
50.15,68.114,37.447,46.688,55.482,32.943,22.844,7.726,-23.768,10.286,10.225,-33.48
44.783,46.821,92.537,69.713,114.7,-43.326,-4.41,5.159,-35.225,-13.211,-12.044,-26.597
47.887,57.459,42.872,-7.196,70.638,16.873,-22.948,-4.71,-42.845,13.753,-15.911,-28.268
44.648,79.188,3.804,-65.1,50.063,25.05,-46.562,23.78,-36.397,26.201,-10.692,4.315
44.259,121.855,19.382,-53.634,64.032,31.679,-33.983,-60.3,-50.214,59.193,-60.791,6.8
45.366,12.057,30.07,-124.544,14.696,-27.236,6.8,-28.951,-23.79,16.231,2.628,1.915
50.531,-25.162,-42.308,0.392,33.639,-42.191,42.039,29.386,-20.508,-14.106,-17.984,11.229
51.101,40.845,28.721,-28.243,29.55,28.939,50.856,29.482,-24.47,0.346,33.656,-29.203
51.126,30.711,25.753,42.533,38.176,-26.714,27.449,26.93,-24.21,-4.168,-44.532,-25.134
49.87,-59.526,-13.983,-26.133,-11.978,-49.497,29.486,14.065,-12.696,10.372,7.926,18.566
46.907,-15.69,-41.199,56.65,-7.459,-27.184,23.775,4.434,12.976,-7.312,-41.575,24.927
50.775,40.095,31.664,15.739,26.913,9.457,74.82,19.079,-17.736,6.955,8.302,-8.049
50.52,16.765,11.556,-16.198,-6.187,-33.796,6.355,6.154,-18.454,10.081,-18.117,8.387
50.808,56.764,23.752,18.383,18.236,-4.191,1.623,-9.054,-18.997,-16.315,-40.017,-7.487
49.862,28.841,39.108,-36.907,49.258,1.746,37.576,33.99,-9.15,-6.942,15.474,-12.988
52.416,-2.924,-19.04,17.952,2.025,-39.02,22.007,11.394,-22.248,-1.047,-25.477,8.678
43.605,-6.694,-21.351,-110.054,18.004,-14.692,32.884,20.447,-8.041,-14.354,-17.785,9.325
49.182,40.737,46.433,77.924,27.796,-38.832,10.328,-20.29,-27.721,26.007,-27.528,-33.015
46.063,-15.121,8.847,-49.255,57.9,-31.554,30.514,6.338,4.473,10.658,-6.475,-4.764
47.65,13.535,59.853,-4.161,59.132,-45.004,42.054,14.335,-12.379,7.903,0.299,-13.11
50.244,-42.418,-9.076,-0.044,7.557,-26.656,28.759,19.14,-14.579,15.316,9.416,-13.918
48.167,0.75,18.989,10.113,1.627,-29.377,38.668,20.085,-7.254,-5.447,-30.239,-19.292
47.491,25.847,31.453,35.992,59.339,35.207,26.322,0.586,-14.136,-30.017,-36.47,-10.116
44.967,-24.011,26.602,-60.832,32.245,-18.707,57.858,10.597,-43.756,-6.439,-11.294,7.314
52.934,-7.457,17.482,-2.833,17.608,-21.549,27.713,25.055,-15.905,-12.237,29.947,-38.038
52.983,-1.902,24.179,-5.139,-7.568,-42.456,36.723,-1.358,-4.851,-1.956,-15.097,-31.91
53.858,50.017,32.518,-3.672,-2.96,-48.681,33.773,11.815,-18.622,14.511,-2.4,-27.607
53.039,25.184,13.706,19.383,-4.76,-35.121,35.87,-8.666,-18.065,12.926,-15.19,-13.128
50.139,-22.691,5.315,-0.247,4.864,-48.402,50.798,13.767,-18.24,-13.697,-11.616,-23.747
48.093,-46.554,4.159,-5.054,26.15,-56.688,35.037,39.681,15.013,7.364,-4.626,-14.27
52.167,62.256,45.268,14.355,35.728,-6.864,6.46,-1.651,-30.03,4.459,1.03,-30.613
51.514,20.358,35.005,-11.249,6.893,-25.151,-14.3,-12.959,-16.642,6.159,-16.954,-22.052
51.459,30.209,9.185,-40.74,7.909,-25.587,18.792,29.646,-9.271,-12.815,-20.095,-25.776
46.289,30.338,-45.75,103.796,-0.559,-5.354,-14.95,-32.025,-21.115,-20.981,-84.365,-15.629
32.018,-79.995,9.048,-18.214,-55.275,-36.159,30.461,0.184,-24.133,-14.684,-3.148,-3.572
32.499,-116.703,-24.363,-33.562,-49.906,-46.987,16.67,0.99,-21.286,11.48,-3.642,-3.394
30.482,-92.202,-7.416,-29.055,-63.968,-33.776,24.214,9.999,-31.998,-6.819,-19.081,5.31
30.146,-133.421,-30.231,-32.659,-55.982,-31.25,14.552,3.574,-25.289,-4.799,-14.372,2.363
31.283,-147.085,-2.132,-84.567,-35.086,-15.32,27.36,-1.832,-18.046,1.973,-5.254,-2.161
33.392,-159.071,-12.501,-8.696,-33.503,-39.945,30.384,8.014,-18.349,-4.252,-9.498,11.411
32.624,-144.059,-8.549,-23.421,-26.317,-33.927,44.506,10.941,-1.486,-17.908,-8.881,25.127
38.104,-106.664,12.005,9.306,-19.432,-30.23,7.28,-8.634,-15.248,-2.017,-1.972,-11.411
38.537,-79.852,-5.249,-38.953,-13.944,-27.428,3.771,-11.549,14.83,-3.835,-7.191,-5.486
37.648,-99.503,11.852,-14.961,-6.712,-32.316,8.092,4.977,1.533,-4.026,-7.571,-1.452
37.19,-106.49,-26.862,72.425,-13.19,-35.562,2.272,-3.837,-1.526,10.784,-20.984,0.108
27.926,-184.96,-52.81,-32.914,-24.318,-72.773,22.875,-0.816,-11.34,-1.796,0.002,5.012
27.812,-162.42,-38.689,-45.913,-23.053,-48.514,25.562,5.153,6.714,-13.891,-2.885,-6.822
28.651,-145.756,-37.314,-44.266,-31.32,-45.905,32.457,8.9,10.754,-5.633,-5.099,-2.209
29.781,-156.458,-28.51,-50.219,-34.895,-39.494,25.479,19.498,-7.181,-6.448,7.918,10.659
31.889,-101.773,-3.399,-66.762,-59.19,-29.898,23.312,14.043,-25.669,-2.163,8.511,4.452
35.343,-67.126,9.028,-51.453,-45.239,-32.472,10.233,19.241,-10.313,-9.294,6.59,-9.668
39.681,-10.759,16.885,-64.91,-27.42,-17.675,19.354,27.893,-5.521,10.224,-8.09,-6.687
42.811,74.106,-15.335,-27.577,-49.352,-45.276,-2.482,7.126,-23.68,-2.466,-3.512,3.595
44.753,33.153,-0.523,-22.744,15.171,-31.052,0.678,14.893,7.542,20.003,-7.112,-29.166
44.862,9.724,-8.358,-36.307,17.488,-51.358,15.165,-4.095,24.451,25.09,-16.156,-23.815
36.456,118.108,-60.331,359.579,28.867,-10.016,-32.119,88.095,3.928,-54.622,-154.939,16.058
