0.0,171.13,9.469,-28.48,57.491,-50.067,14.833,5.359,-27.228,0.973,-10.64,-7.228
35.225,-91.54,-81.872,28.557,23.839,192.794,56.045,-4.865,-15.877,79.777,47.712,-12.041
38.255,-100.484,-77.131,103.859,1.163,-25.82,1.709,-55.108,-14.701,12.29,-60.037,12.413
39.921,-97.062,-64.832,85.926,13.696,25.875,14.46,-61.578,-7.448,-5.984,-40.059,8.082
37.679,-104.926,-73.97,56.678,18.216,65.453,18.29,-49.86,11.936,-33.0,-3.123,-8.728
45.11,-19.222,-119.141,171.142,37.532,89.263,-15.548,-91.875,-6.248,-27.194,0.165,-2.632
40.341,-82.197,-60.984,113.058,15.85,-2.799,-7.602,-67.467,-20.681,-4.08,-60.911,15.968
37.212,-161.595,-123.53,76.985,-33.456,-82.489,-4.358,-15.791,3.561,-18.494,-39.002,6.234
34.356,-115.031,-91.747,20.578,-22.167,2.115,40.262,-55.554,1.075,-16.151,-19.119,10.842
34.131,-166.129,-13.415,-127.561,-9.906,22.237,55.141,41.584,3.903,-38.028,-42.517,9.917
45.509,-15.285,-127.28,164.049,22.638,78.106,2.509,-83.993,-6.213,-32.497,6.784,-0.293
41.02,-121.062,-89.21,51.493,-27.607,-20.738,13.693,-41.513,1.789,-30.274,-41.529,5.402
39.634,-107.458,-67.035,77.348,-17.608,-37.049,19.683,-61.216,-12.853,19.343,-39.201,10.745
46.794,-16.541,-119.968,169.416,12.126,29.627,-14.23,-100.851,-21.596,-5.043,-17.822,5.81
41.177,-83.973,-59.568,78.739,-15.636,-15.747,10.392,-59.006,-17.445,7.201,-26.98,9.024
34.416,-84.158,-57.607,4.884,-47.601,-37.244,29.082,-40.671,-24.025,3.858,-10.586,7.2
34.636,-82.117,-44.568,16.563,-49.811,-48.907,23.978,-39.655,-25.718,18.18,-18.618,4.318
36.564,-112.745,-2.158,-90.764,-39.926,26.811,31.116,16.098,-19.775,-16.646,-56.092,4.086
38.765,-68.259,-49.024,33.441,-16.593,27.603,15.846,-41.717,-3.395,-13.8,7.103,-12.88
40.735,-61.428,-42.007,40.908,-9.199,9.48,4.753,-40.488,-8.05,-2.032,-1.788,-8.771
40.948,-71.031,-33.01,42.67,-10.519,-32.873,-8.197,-36.201,-14.092,14.425,-15.865,-0.298
47.754,22.654,-82.058,136.305,12.975,23.136,-30.718,-80.57,-16.757,0.877,12.973,1.905
42.348,-43.83,-25.915,44.99,3.16,-15.271,-11.111,-43.703,-13.965,7.138,-4.077,0.523
39.958,-100.221,-75.822,10.303,-51.571,-31.56,-4.305,12.921,-3.957,1.083,29.817,-10.223
36.935,-64.947,-52.75,-39.261,-54.865,-17.813,15.936,-3.896,-0.863,-17.182,-10.588,1.988
41.125,-52.041,-37.923,-12.11,-19.288,38.612,34.536,-17.884,6.826,-18.99,-7.363,-1.123
48.475,32.862,-93.929,139.164,-4.382,-37.804,-35.089,-72.606,-16.523,0.988,-17.616,3.911
41.861,-83.298,-78.186,14.467,-26.277,-8.587,-2.936,7.258,9.126,-8.534,5.377,-8.302
41.041,-57.029,-42.21,25.008,-14.239,-46.02,-4.535,-29.418,-5.232,20.309,-19.718,4.936
48.481,24.7,-88.298,131.13,9.886,-28.364,-37.002,-75.727,-11.151,5.184,-5.068,5.649
41.478,-25.125,-47.842,53.807,-18.215,-26.145,-5.582,-9.874,-7.136,-2.43,6.702,3.066
36.013,-22.914,-20.462,-12.348,-46.338,-25.39,25.551,-10.803,-11.772,-0.219,1.08,-1.887
41.156,-70.587,-50.328,-14.309,-34.625,40.005,14.214,7.447,-6.253,11.308,-6.557,-9.602
41.084,-46.084,-38.202,27.112,-35.99,-49.686,7.345,-22.655,-8.214,27.601,-13.059,1.563
42.091,-56.77,-46.784,38.691,-19.411,-14.352,4.183,-32.635,-5.109,3.838,-9.325,-1.474
41.016,-60.365,-37.031,31.512,-23.037,-57.221,-4.972,-32.199,-7.818,28.948,-21.209,-0.519
48.089,20.16,-91.074,143.29,10.272,-18.281,-35.984,-83.706,-11.726,4.966,-12.351,0.34
42.291,-51.419,-41.165,54.505,-3.205,-26.011,-13.309,-36.163,-4.903,12.428,-23.752,7.25
38.642,-100.757,-85.155,39.353,-49.837,-76.517,-6.856,17.583,4.362,-10.166,0.886,-2.759
34.541,-53.805,-50.988,8.625,-30.753,-26.482,22.938,-22.37,5.027,6.734,-4.827,-7.278
40.251,-53.452,-39.617,42.285,0.321,5.688,6.806,-41.229,-2.394,6.784,-12.883,0.27
46.696,19.368,-94.399,171.093,7.328,-61.667,-54.048,-86.062,-20.097,-2.255,-49.775,10.23
41.682,-95.064,-83.139,46.66,-26.088,-22.786,-5.079,-22.521,7.171,-29.525,-37.325,-4.288
38.493,-81.911,-63.983,53.332,-4.477,36.953,8.581,-41.397,-0.016,-11.986,-1.245,-0.894
47.024,-7.436,-93.446,174.391,13.604,-44.651,-42.668,-108.259,-26.055,-1.465,-53.608,13.605
40.168,-78.429,-57.931,98.964,7.348,-18.659,-9.288,-64.483,-14.949,4.569,-41.076,9.308
31.741,-76.07,-66.731,27.975,-24.284,-0.508,17.931,-40.793,-5.193,-10.684,-7.752,-11.968
32.114,-68.557,-59.646,57.857,-18.127,-41.728,14.033,-47.697,-15.949,11.498,-31.198,-0.705
41.42,-115.972,-93.779,67.121,-19.95,-11.915,2.385,-28.11,1.917,-34.999,-50.335,-3.433
37.744,-96.43,-83.424,75.857,-5.28,34.182,25.985,-51.706,0.666,-10.652,-21.052,-6.859
38.769,-99.568,-83.308,71.793,4.79,58.724,22.346,-54.605,-1.231,-13.958,-15.011,-3.344
38.499,-93.215,-81.865,80.088,1.446,25.467,13.012,-51.506,-1.629,-2.241,-30.794,6.892
45.288,-15.777,-124.242,172.125,30.544,81.031,-10.671,-96.268,-12.943,-15.452,-6.09,-2.403
40.333,-86.146,-67.346,113.282,6.277,-25.793,-11.232,-66.382,-19.945,5.529,-64.908,13.278
37.029,-173.634,-143.64,85.468,-26.018,-80.369,-17.748,-25.649,-2.333,-21.543,-54.338,4.743
33.497,-134.701,-140.345,48.698,-18.418,-22.8,3.038,-60.469,-16.163,-0.214,-49.712,6.787
40.36,-88.239,-84.354,56.038,-8.624,33.702,23.029,-46.433,-1.441,-7.399,-21.107,4.037
46.226,-11.759,-137.838,187.939,18.027,18.698,-17.494,-97.072,-8.594,-6.266,-44.672,11.827
38.773,-137.793,-122.864,46.967,-13.747,66.1,16.853,-27.245,-0.97,-16.061,-10.704,-10.775
38.402,-109.82,-102.31,86.008,-14.383,-9.531,13.367,-55.11,-7.584,10.303,-51.046,7.662
46.078,-26.807,-144.975,189.96,18.917,28.718,-17.486,-102.362,-16.197,-9.061,-41.473,9.317
40.42,-91.633,-102.521,99.516,5.462,-13.35,-0.258,-52.347,-15.551,6.686,-55.221,16.889
35.601,-55.768,-89.676,-40.14,-13.555,-23.42,6.628,4.341,4.768,4.709,7.306,2.966
33.429,-54.618,-117.736,0.846,1.011,1.821,6.135,-47.776,-6.995,-7.522,-77.482,4.634
47.412,6.78,-9.488,-128.036,4.721,100.267,12.1,73.501,11.561,-17.052,72.697,-38.689
49.514,78.184,-19.451,-34.162,18.048,6.58,-19.452,-4.464,1.494,-9.426,-10.083,4.961
53.79,125.402,1.61,-31.24,13.926,19.364,-30.441,-2.343,-6.876,-35.396,35.014,-22.461
53.32,90.444,25.558,8.566,35.081,-15.263,7.938,20.387,-2.079,-13.06,-16.571,4.265
54.872,96.33,2.953,-9.012,43.285,20.226,-12.75,-19.607,-15.66,-0.299,5.835,4.214
52.929,97.369,20.163,-30.158,42.537,-38.169,-26.392,20.013,-11.701,-0.647,-8.744,-3.273
53.688,103.526,-25.678,-56.933,-1.742,-22.959,-31.434,-8.411,-3.004,21.268,-15.511,-2.041
51.32,65.646,-67.058,58.738,17.699,-56.204,-28.398,-54.434,-17.392,8.013,18.459,9.41
51.732,10.26,10.76,-103.243,20.511,-28.811,19.238,28.924,11.522,13.484,19.891,-9.565
53.654,34.988,8.049,34.891,37.556,-15.837,17.727,-3.481,9.385,-5.981,-54.446,-4.953
46.859,-32.741,15.165,-46.207,54.384,-49.512,32.255,5.045,27.204,15.112,-9.267,-32.816
49.053,-5.732,28.482,-23.213,61.491,-52.077,23.459,17.108,35.691,14.836,-18.87,-34.904
49.533,-12.883,-17.5,-75.62,15.711,-38.938,3.606,22.735,20.509,-5.115,6.059,-27.721
52.281,55.238,44.544,-12.929,30.417,-33.451,-3.223,-7.554,39.784,22.087,-20.843,-23.595
53.606,32.852,71.381,-0.231,29.458,-17.767,26.318,1.755,12.094,6.308,-7.461,-12.528
52.892,30.573,69.611,-4.339,29.47,-15.653,15.632,19.82,-3.766,-17.266,-28.083,-7.975
50.116,7.883,2.973,20.658,49.359,-28.332,-28.442,-6.951,9.594,2.424,-22.988,-16.628
46.502,-38.806,-38.108,-41.071,1.97,-55.809,35.166,23.801,-8.796,-1.277,1.811,-8.643
48.428,-21.414,7.743,-37.948,23.441,-13.686,18.832,5.208,12.243,-0.143,-5.645,-19.185
52.852,63.497,-32.711,57.112,14.196,-70.68,-18.096,-40.61,-18.028,11.593,-6.778,7.04
48.564,-15.822,8.824,-20.482,-2.546,-33.959,23.063,20.628,-1.847,14.325,-17.05,-1.741
47.579,8.557,16.528,-22.594,4.969,-33.919,24.08,-3.895,3.248,2.812,-12.439,1.246
52.194,55.009,-21.634,50.574,15.152,-81.299,-29.842,-51.807,-18.475,19.44,-18.257,-1.359
49.002,7.701,1.549,-22.82,14.981,-11.28,1.51,-1.609,5.302,-12.235,-5.445,-3.982
52.676,52.914,-7.242,-6.11,21.51,-14.113,-56.002,-8.241,-7.239,-6.918,-14.252,-21.566
49.152,91.341,-30.244,23.188,-18.806,2.273,-38.206,-9.145,20.135,-16.91,-30.628,9.291
50.758,-3.75,-26.86,-30.216,0.998,53.4,14.169,21.117,26.025,-36.64,-49.606,-17.625
50.257,64.582,-14.98,-65.936,1.948,13.984,-17.903,3.686,1.572,-17.497,12.46,-14.447
54.938,86.024,37.015,-15.712,5.711,16.238,8.223,2.103,-8.893,-14.637,-24.823,-39.186
51.955,60.105,9.232,1.126,23.739,7.839,18.741,-7.331,8.857,1.604,-5.3,4.021
50.799,77.993,-4.587,-13.947,-7.232,17.361,-27.998,-3.508,-13.497,-20.577,-65.941,8.381
52.294,95.08,-20.295,-64.28,49.904,3.971,-22.253,6.633,-21.332,-2.89,4.084,4.872
53.35,91.156,-55.33,-57.974,32.92,-50.391,-14.87,13.854,1.537,-25.02,4.13,-0.993
54.978,114.525,-9.135,-24.886,79.023,-29.243,-11.801,-2.466,-18.067,-25.552,3.952,20.558
51.027,58.291,-42.931,58.424,21.4,-96.481,-54.127,-53.199,-17.505,12.109,-14.46,12.604
50.286,22.896,24.872,-101.828,55.898,-37.536,18.785,0.004,14.38,15.122,23.331,-0.053
55.207,76.943,62.688,0.533,40.203,-42.806,26.13,4.867,4.185,8.697,-3.584,-7.314
52.842,37.153,-26.999,117.528,44.12,-46.384,-20.417,-27.549,-6.079,4.718,-33.2,12.032
49.587,4.55,60.49,-63.659,56.035,29.016,27.369,0.885,0.333,0.869,20.512,-34.817
54.19,70.64,79.16,19.834,54.266,-21.561,12.677,14.338,10.013,-5.768,-30.77,-9.626
52.515,20.366,-28.892,19.87,-10.043,30.045,10.414,17.912,-12.99,-47.433,-38.344,-25.285
50.19,1.728,29.415,-84.947,29.89,-2.805,5.76,7.729,17.579,5.856,10.84,-23.515
54.25,48.337,33.163,33.762,23.301,-8.262,10.438,-11.527,8.241,-0.54,-43.245,-2.421
49.236,2.304,31.924,-70.603,13.012,-15.614,9.564,2.817,-4.686,-1.223,-0.983,-10.159
54.898,56.087,0.447,47.584,28.391,-37.193,-13.029,-42.338,-18.2,2.527,8.594,-0.829
51.125,11.193,33.286,6.019,27.81,-46.776,2.533,-1.372,9.517,16.665,0.589,10.77
50.372,-26.048,-14.367,-42.931,6.734,-45.448,19.637,13.146,20.138,2.871,-3.143,-11.584
49.534,-19.239,6.817,-8.169,14.407,-37.304,24.234,6.805,7.444,5.241,-6.789,-18.091
52.652,51.743,-47.256,46.555,12.37,-23.656,-2.95,-47.69,2.678,5.04,27.244,-3.152
52.484,40.378,-21.13,-14.357,33.02,32.856,13.662,-8.194,11.82,-39.442,-31.021,-6.066
53.36,26.845,20.988,-23.528,2.174,7.359,-8.424,-12.466,-4.075,11.771,3.468,-26.991
56.227,50.12,25.716,9.569,15.352,-3.629,-6.501,5.547,-9.919,-19.818,-12.87,-19.128
53.809,27.288,22.4,-1.512,45.681,-56.102,3.782,6.677,9.075,12.223,-16.539,-4.34
50.92,64.011,-21.411,54.649,22.64,-15.353,-5.077,1.255,-15.519,-18.034,-67.118,-5.184
49.867,36.989,-75.635,-54.35,4.642,-33.818,-1.731,-13.274,-11.261,33.358,25.725,-9.932
52.822,63.263,18.017,-34.89,15.358,-15.907,-33.294,4.468,23.107,-3.121,-1.105,-33.837
51.629,50.76,-4.834,28.732,1.543,-38.185,-62.699,-22.589,5.865,16.833,-30.417,-22.899
51.018,59.116,11.329,-93.973,27.743,-3.498,-18.867,1.285,-21.907,-3.744,23.105,-27.684
54.368,108.983,4.621,-31.674,26.899,-25.285,-37.229,-30.147,-9.163,0.106,-8.244,-15.219
54.359,106.576,-16.954,27.01,27.468,-42.303,-42.474,-29.021,-25.802,-8.959,-45.632,8.175
49.592,65.007,-102.953,-66.361,7.166,-44.681,-5.394,1.922,5.534,-9.314,19.961,-11.243
53.084,87.558,-29.576,-11.57,19.248,5.61,-16.549,-1.315,5.031,-27.011,-39.099,-11.281
48.544,15.512,-22.402,-43.912,43.075,-27.888,29.04,-42.419,-27.279,29.932,-1.451,-8.532
51.968,-26.224,2.607,-51.175,64.308,-11.667,-21.743,10.082,0.896,-22.654,-38.191,-13.919
50.194,-53.84,-16.688,-51.578,78.024,-47.663,-12.176,9.572,23.322,-0.67,-11.749,-27.715
49.302,-55.779,-49.675,11.835,76.276,-60.387,-27.142,-15.875,-7.208,24.119,-23.127,-21.051
52.285,10.727,12.752,-100.081,66.67,13.328,21.28,-4.659,17.088,-34.198,-17.561,-10.269
54.511,22.849,59.975,-0.994,53.157,-44.845,75.704,16.985,-5.611,-6.061,-5.211,-34.268
53.325,48.399,10.609,43.855,57.753,-14.277,31.317,-4.25,-26.895,-17.217,-51.864,6.065
51.337,-4.611,-3.542,-61.896,29.301,-45.532,26.83,-16.275,-9.182,22.63,-8.732,-23.878
53.102,25.538,58.959,10.594,40.098,-42.165,34.784,-12.332,-15.1,4.647,-21.758,-13.527
53.238,18.399,70.298,-4.825,43.312,-27.796,32.252,-1.141,12.664,-9.203,-19.872,-28.967
53.421,6.968,67.343,33.568,42.353,-35.269,24.125,-23.999,17.838,14.368,-10.771,-25.764
52.828,7.64,46.028,46.481,47.918,-18.728,29.476,-16.044,0.171,-2.979,-20.042,-12.627
50.992,30.331,-30.384,92.404,23.873,-62.348,-33.709,-82.601,-17.817,17.51,-10.509,0.828
47.327,17.185,-8.255,24.159,42.46,-8.303,25.198,-41.42,-21.081,-5.62,3.516,3.316
49.357,-18.026,-37.589,-18.867,26.992,-55.91,42.313,-6.417,-14.896,6.169,6.964,-14.86
49.049,9.783,-6.141,-11.29,51.369,-62.947,57.0,-5.058,-18.997,19.015,-12.708,-21.914
49.595,17.841,-13.752,-12.311,54.99,-40.455,44.263,-14.082,4.974,3.487,-3.265,-15.377
53.355,62.73,-28.764,43.09,22.903,-66.969,-14.881,-50.224,-13.798,14.795,-3.195,0.563
50.096,1.879,-32.119,-31.805,7.074,-56.449,5.976,-3.627,1.028,8.894,-15.133,-8.51
49.556,31.875,-8.39,-20.422,42.923,-33.729,30.382,-14.391,2.362,-2.101,-1.006,-20.214
52.277,62.686,-43.805,27.119,30.29,20.432,-14.837,-45.016,-6.493,-16.826,3.582,-3.392
52.498,5.276,58.044,-90.432,50.359,-19.763,14.057,29.298,14.215,-7.04,-8.005,-9.559
54.172,62.689,46.774,61.895,39.057,-33.937,17.576,2.729,-34.328,0.374,-54.173,-23.455
51.655,43.378,45.649,-89.736,71.94,-20.114,34.782,7.818,-18.923,2.572,19.952,-15.389
56.009,89.765,47.231,-3.707,43.622,-36.062,32.131,9.875,-9.743,7.204,-15.776,-9.705
51.272,83.152,-44.036,-59.749,32.684,-14.41,-38.852,46.029,2.302,-17.559,-21.338,-8.808
52.767,99.322,-13.781,-65.344,27.368,-14.69,-22.624,-14.733,-16.641,27.695,-9.586,-12.001
54.911,81.461,-14.425,29.272,12.551,-55.991,-36.513,-28.832,-39.747,14.339,-19.207,-4.088
52.111,43.581,-22.66,67.355,48.918,-4.107,-8.862,11.632,-1.676,32.224,-68.307,-28.76
49.656,88.091,-3.559,-105.75,42.802,20.59,-10.716,-6.938,-25.877,15.134,-28.015,-23.651
54.49,47.583,-2.935,70.057,55.273,-14.286,-15.869,-34.151,-25.035,29.489,-22.485,-15.105
48.522,45.962,-83.239,-43.819,44.077,-67.785,-9.613,35.925,-13.26,5.244,-15.526,-7.583
50.866,93.512,-21.649,-91.187,55.364,-3.556,-18.587,-1.843,-11.843,25.363,-9.806,-9.787
50.104,54.633,-71.289,99.251,31.662,-55.162,-38.368,-59.245,-26.997,20.664,-18.371,1.339
50.389,49.427,-32.285,23.591,92.997,-16.69,0.977,60.18,-26.099,38.387,-17.773,-15.13
47.138,81.868,-73.13,-62.025,96.433,-28.342,-14.4,-42.014,7.529,15.721,2.442,-7.983
51.696,63.999,6.629,-66.06,13.836,-18.26,-38.773,-3.996,-30.363,-0.114,-5.323,-24.408
50.072,24.833,-19.764,31.456,45.547,-19.269,23.648,18.807,-21.254,20.582,-32.82,10.328
48.833,11.704,-2.465,-32.482,37.932,-48.551,22.55,-42.892,-27.735,35.754,-13.859,-12.985
50.438,2.318,6.37,-7.766,55.784,-56.544,17.204,-15.358,-0.877,27.894,-17.886,-3.642
51.026,48.719,-58.282,90.033,24.848,-43.397,-30.887,-49.193,-10.014,3.97,-4.117,3.754
47.068,6.888,-33.64,25.277,46.066,-23.248,-0.126,-40.581,-15.877,25.39,-14.766,2.893
48.27,-9.507,-62.854,-42.392,31.074,-63.496,41.384,-4.609,-21.967,14.092,3.661,-13.368
49.459,21.752,-25.251,-5.699,40.149,-48.353,42.836,1.298,-26.759,12.091,-7.527,-27.404
49.359,-8.999,-1.756,-42.731,40.858,-45.685,36.372,14.657,-1.522,9.269,-25.307,-18.45
52.733,60.251,-40.802,45.628,14.351,-78.063,-27.235,-49.529,-12.513,19.952,-8.719,2.431
49.493,-5.441,-21.728,-27.042,11.93,-31.774,14.168,4.053,7.597,-2.633,-15.094,-11.469
55.392,32.048,35.529,-26.284,49.229,25.287,53.31,12.564,13.982,-2.184,1.933,-3.416
57.244,61.707,63.257,-5.333,12.734,-38.27,35.142,7.573,17.122,-0.705,-8.57,-6.783
55.699,50.1,5.628,69.029,23.323,-48.624,15.51,-19.026,-13.886,16.857,-58.121,14.603
46.981,33.691,-56.737,-41.048,59.287,-10.307,11.896,-12.127,-7.456,-3.642,-27.217,-3.728
51.207,27.12,-59.111,-78.01,24.365,-47.415,-3.732,3.449,-28.093,-3.405,-10.025,-24.467
52.685,47.402,-1.461,-52.387,25.311,-28.167,-19.88,-11.184,-29.042,-4.186,-0.113,-23.088
53.229,10.099,25.185,18.673,50.788,-13.056,-2.313,6.636,8.031,10.116,-55.613,-22.893
54.909,66.347,8.791,-20.684,40.693,42.173,-6.207,-24.205,5.596,-21.007,43.186,-40.142
52.456,84.304,1.625,58.21,11.047,-8.093,-27.783,-41.708,-14.109,-24.117,-55.532,-31.931
50.083,35.919,-93.041,-45.841,50.507,-74.66,12.299,-24.707,-7.703,-19.34,-7.859,-32.262
50.813,25.436,-19.204,-20.708,12.312,-50.568,-22.652,-24.326,-12.504,19.013,-13.509,-39.224
50.47,20.495,-28.687,-36.938,36.716,-18.518,-3.671,-5.212,0.654,-17.751,-23.807,-27.361
51.155,43.042,-66.713,67.152,48.071,7.819,0.03,-30.806,1.18,-19.978,4.434,-27.119
50.343,11.525,-50.301,-66.873,22.856,-39.264,2.913,-7.975,-4.388,3.985,25.116,-29.245
52.842,60.794,-3.558,-34.367,3.582,-36.701,-23.918,-11.722,1.264,0.21,-16.465,-31.326
52.771,63.492,-59.943,60.928,37.513,-57.394,-23.977,-36.132,-13.013,10.232,-30.17,-15.234
48.88,12.638,-47.787,-1.322,56.561,-41.235,16.208,-37.062,-13.649,27.533,-18.757,-22.53
49.657,33.71,-13.837,-59.396,59.012,-42.227,24.277,6.154,-7.404,27.153,-25.823,-34.263
48.093,19.446,-85.249,-11.577,44.332,-57.506,17.802,4.47,-23.185,-6.213,-17.932,-21.646
45.097,19.458,-42.703,-41.095,60.601,-19.606,33.613,-12.026,-15.892,-17.344,-31.764,-27.44
47.486,20.21,-19.595,-9.045,48.266,-36.731,13.272,-19.477,-13.873,35.793,-17.742,-8.512
45.956,5.577,-22.79,26.292,36.708,-52.311,10.73,-27.332,-18.211,36.934,-23.688,-9.577
50.691,75.662,-63.213,79.209,56.683,-22.424,-16.257,-35.685,-23.954,6.913,11.261,-8.219
46.402,40.829,-32.801,12.526,53.26,-49.021,-7.494,-22.978,-21.448,25.005,-24.326,-10.706
48.038,-4.3,-59.848,-37.696,29.756,-78.452,40.99,3.082,-20.766,6.817,-5.307,-12.73
47.592,22.72,-22.203,-8.176,44.996,-55.918,59.139,-3.194,-17.71,22.839,-14.961,-19.16
49.215,35.762,-15.837,-45.179,44.753,-21.212,42.932,6.289,-8.299,-16.859,-15.57,-26.406
52.86,63.485,-33.063,44.223,22.955,-86.117,-12.566,-36.945,-15.765,22.834,-8.613,9.637
50.42,6.343,-30.864,-4.372,7.997,-49.392,21.108,-10.004,-2.983,4.302,10.094,-14.425
54.303,71.058,36.036,-76.765,47.496,-2.558,20.569,13.737,0.285,-0.946,10.812,-8.071
56.902,91.767,-5.233,48.864,44.935,-40.421,-18.5,7.797,-15.215,6.609,-34.763,-8.652
50.317,60.517,-19.337,-16.261,57.718,-15.224,18.596,0.658,-8.182,23.229,-33.499,9.478
50.773,78.843,-42.933,-114.369,16.214,0.112,0.925,45.441,-3.093,-8.616,45.357,-17.153
54.454,95.689,-16.365,-59.503,58.644,5.347,8.998,20.659,-26.251,-0.504,-11.454,0.167
54.55,72.592,-8.323,-2.678,72.495,-37.259,22.737,-13.561,-9.831,0.774,-23.839,31.989
54.877,78.729,-22.783,34.791,67.404,25.402,-13.089,-10.631,17.469,-9.521,-14.04,-6.596
50.217,65.098,-111.408,-24.303,72.268,-29.687,2.778,-36.697,2.986,6.387,-4.315,-14.762
48.998,11.636,-57.624,-56.722,81.038,-34.581,-18.076,-14.928,-4.514,-4.988,-9.027,-24.584
49.308,26.979,-54.876,-11.848,69.601,-40.202,-5.903,-9.87,-4.834,-9.171,-26.517,-21.621
50.938,49.405,-60.339,91.064,53.699,-81.995,-27.434,-47.048,-19.116,15.664,-27.087,-0.958
51.318,21.383,-52.582,-81.687,29.698,-52.962,-17.907,5.336,1.993,3.247,-1.43,-20.406
53.943,75.849,-35.504,17.79,28.545,-60.473,-50.926,-31.783,-12.017,17.523,-10.589,-7.173
50.141,27.589,-52.461,-14.424,60.583,-38.098,-19.655,-13.165,-4.111,13.201,-34.763,-11.8
49.702,-15.597,-0.198,-22.037,100.416,-39.178,10.889,-17.395,7.523,5.884,11.821,-38.906
49.897,1.821,-1.164,5.729,106.923,-65.597,10.872,-4.13,-4.242,14.43,-10.528,-39.545
49.596,-3.768,-84.815,-7.344,61.772,-64.554,9.222,-3.96,-13.143,-7.484,-27.629,-33.424
46.35,10.569,-61.883,-20.086,73.934,-24.552,23.429,-27.139,3.794,9.34,-19.723,-36.549
46.623,-9.089,-58.69,6.741,69.237,-39.881,11.043,-24.625,-12.053,21.201,-33.623,-25.034
45.619,-24.167,-41.563,2.049,66.692,-5.173,28.884,-30.686,11.612,-18.607,-10.681,-41.786
49.639,36.355,-60.27,7.542,73.673,72.629,4.754,-4.308,2.71,-33.292,-17.403,-27.529
53.751,62.606,39.364,-46.705,40.509,8.051,20.297,-11.592,-13.338,4.814,-9.98,-7.468
54.464,16.165,25.4,-7.885,1.386,-71.416,46.125,4.828,-9.411,1.031,1.512,-22.933
53.352,19.355,25.601,-10.717,45.24,-44.529,60.452,-7.349,-12.102,-11.831,-0.674,-32.143
55.075,29.671,-17.693,44.188,46.761,-10.462,25.415,-18.614,1.913,-17.355,6.411,-14.915
50.468,1.17,-23.452,-18.227,56.868,-51.914,37.941,2.923,-20.849,-5.463,-1.209,-33.374
53.027,41.817,-21.025,-7.796,42.809,14.192,9.305,7.475,11.985,-33.774,-4.046,-19.214
50.74,28.337,-24.053,-36.414,31.448,-29.652,13.597,-33.139,-0.192,0.92,-2.331,-16.161
51.874,18.688,-10.266,-25.18,23.862,-43.298,-9.075,-22.202,-1.548,12.769,-3.4,-10.934
51.206,76.623,-46.376,3.845,92.067,-39.684,10.154,-3.147,16.272,-24.994,-48.106,-21.792
52.07,41.818,-40.543,-94.805,31.202,-15.165,-3.868,-2.444,-1.796,2.348,13.808,-23.061
53.459,94.185,-23.117,17.137,-0.113,-28.556,-48.218,-25.301,6.313,1.399,-30.27,-11.286
51.023,85.006,-27.968,-48.25,18.564,-22.173,-22.728,-47.734,-19.326,13.695,-14.608,-6.003
51.345,51.369,-54.355,77.47,26.432,-74.434,-55.652,-45.626,-25.293,21.966,-31.249,1.68
49.565,77.275,-29.738,-57.366,18.827,-32.764,-28.16,-7.078,-27.309,40.42,0.555,17.03
51.562,61.442,-61.893,-17.148,-1.215,5.799,-26.471,-2.0,-0.17,-6.424,-42.062,-4.374
47.58,56.905,-36.724,-128.031,34.724,5.514,36.708,-49.678,-10.055,-48.048,-6.807,-19.384
50.249,42.203,-76.297,100.865,3.381,-71.011,-44.107,-46.322,-27.69,15.887,-38.348,-0.321
48.255,10.366,-86.434,-51.811,32.538,-10.036,-1.204,0.158,-20.886,1.852,12.075,-26.016
47.408,7.231,4.054,-129.344,23.519,40.316,40.052,-6.869,-8.758,-34.537,-35.47,-10.408
49.794,-4.589,-28.55,36.658,62.774,-31.887,44.413,-9.197,-12.474,-11.427,-38.236,-13.527
43.493,85.313,-92.27,-31.687,31.482,-36.919,28.521,-34.927,-30.694,6.201,-25.328,-13.055
49.14,55.01,8.213,-48.611,66.408,-21.462,84.854,12.823,-44.961,43.495,-10.938,-15.723
49.415,5.874,-51.406,1.71,34.406,-70.714,35.615,15.331,-25.165,-11.474,-15.796,-8.375
43.211,7.883,-47.38,44.914,34.324,-48.527,33.795,-32.469,-29.979,41.123,-34.134,-7.226
42.935,-5.722,-63.071,50.084,25.693,-32.988,11.442,-52.379,-38.85,35.712,-37.408,0.548
43.634,16.048,-61.17,6.736,51.35,-33.264,21.657,-33.333,-40.95,36.781,-10.289,-0.147
47.658,21.256,-62.906,54.156,47.183,81.498,6.26,-30.169,-5.899,-46.275,-17.387,-1.068
42.829,-13.154,-64.501,56.753,46.659,6.278,10.134,-76.096,-29.814,8.516,-32.088,3.419
46.327,-12.008,-52.162,-63.468,38.089,24.211,64.32,19.889,-6.063,-22.102,59.601,-15.45
48.65,28.128,-29.774,-16.813,64.43,-59.09,57.54,6.304,-11.803,-0.68,-5.375,-27.308
49.635,12.894,-10.355,-23.517,53.698,-34.747,55.259,-7.358,3.134,-6.739,-7.933,-21.773
52.7,65.654,-39.991,54.668,20.903,-58.014,-9.035,-40.057,-4.854,8.33,2.914,1.343
49.411,8.968,-21.123,-26.695,8.061,-35.889,28.644,15.309,3.314,-6.682,-12.157,-12.681
48.231,27.283,11.967,-19.388,20.529,-33.387,41.437,1.988,-6.799,-9.876,-20.738,-1.183
52.592,56.155,-39.574,56.727,28.392,-51.37,-13.908,-53.627,-11.701,10.197,14.059,7.517
48.664,31.692,-13.765,6.09,45.492,-48.854,19.151,-14.607,-16.552,20.164,-6.964,-12.416
49.214,27.095,-15.443,-49.317,66.111,-33.546,34.533,-16.397,-23.549,6.146,-4.873,-15.329
49.002,37.026,-65.327,22.621,35.893,-20.788,-17.044,13.886,9.068,-9.499,-32.349,8.443
47.251,8.106,-96.807,-17.243,69.208,9.051,28.941,9.888,-18.041,18.656,-4.651,-25.57
49.065,63.635,-47.2,-114.107,34.535,15.183,2.524,-3.291,-28.808,9.645,5.706,-10.396
53.197,64.652,-43.424,51.497,30.612,17.536,-20.616,-3.272,-34.55,-3.594,-72.781,-23.667
46.115,74.159,-116.961,32.752,47.036,-4.489,3.154,-54.149,-34.085,19.428,-37.413,-4.52
55.443,108.898,-38.314,54.048,4.864,1.501,-54.562,-13.425,-19.081,-10.502,-59.08,-12.851
47.656,38.123,-59.11,-28.334,32.391,24.267,-11.383,-21.112,-18.792,6.973,-17.778,4.795
52.37,46.633,-25.349,-6.509,40.865,38.067,28.807,26.072,3.442,-6.585,-39.417,-17.073
46.364,108.224,-13.843,-68.121,-28.76,-2.458,-33.943,22.873,2.408,-15.845,4.343,1.349
52.804,175.304,-29.248,-54.302,11.683,6.997,-58.091,-8.394,-2.357,1.963,-30.704,4.628
50.691,54.598,-68.292,102.117,8.039,-43.627,-68.805,-42.853,-30.035,9.805,-35.654,6.237
51.612,45.96,-28.621,-89.382,-1.859,-24.702,-19.456,20.519,-14.778,-7.149,2.503,-17.512
53.035,106.415,10.019,-2.684,-20.626,-10.517,-51.977,-18.655,-12.939,-15.168,-26.961,-35.046
50.842,73.881,-38.442,-4.175,14.471,65.6,-50.161,-11.106,-0.998,-42.205,-32.508,-10.01
46.864,133.823,-59.175,-84.984,44.369,-9.147,-13.911,-40.647,-25.457,3.446,-11.112,9.265
53.983,96.032,44.829,-66.816,25.177,12.563,5.094,9.029,-37.819,18.927,-9.449,-14.165
56.675,118.307,61.642,-8.598,16.102,-38.723,27.554,15.05,-25.627,3.825,-4.638,-26.819
57.101,96.431,37.047,13.419,17.1,-59.504,-0.868,-9.494,-21.514,16.46,4.803,-2.891
56.18,78.007,39.525,14.364,19.347,-38.096,20.401,1.104,-15.198,5.846,-26.2,-20.237
56.299,70.753,17.932,-34.862,31.127,-17.638,2.932,6.87,8.216,-6.729,-11.583,-16.778
57.557,83.04,5.974,1.379,25.043,-51.978,-32.248,-16.957,-16.462,13.852,-20.107,-22.133
54.169,78.805,-25.832,22.2,1.978,-14.052,-46.215,-33.328,5.977,14.784,-42.391,-10.136
52.032,59.227,6.775,-64.922,50.675,4.727,18.925,-1.411,-23.279,27.473,-31.648,-6.37
53.797,33.355,14.942,-72.919,47.688,-26.736,15.397,-14.245,-11.906,0.611,7.07,-20.827
56.07,43.365,64.332,8.723,58.101,-32.105,17.854,3.523,-5.696,-1.952,-17.556,-36.497
55.603,109.763,-6.858,10.249,14.757,-26.211,-57.211,-26.909,-10.03,0.159,-30.497,-0.451
51.954,56.787,14.044,7.648,36.474,-20.057,-18.401,2.99,-13.181,12.715,10.076,4.506
52.197,-24.266,-4.746,-69.369,33.927,-61.304,21.246,-20.081,-24.407,17.165,-14.58,-25.696
53.129,5.797,13.694,10.734,52.749,-51.921,6.015,-2.179,9.806,15.569,-30.758,-33.16
53.441,67.563,-32.635,48.453,19.735,-19.956,-21.605,-33.857,4.027,3.95,18.624,-4.823
49.322,39.411,-54.803,-0.138,-0.031,-23.862,12.277,-11.339,-2.203,4.349,-7.428,-6.907
54.385,63.906,-17.245,-26.724,52.818,50.316,-0.01,-29.058,-8.156,8.223,-20.71,-29.371
54.578,32.354,21.393,-8.964,55.733,1.89,21.548,1.98,-25.519,17.081,-20.844,-11.174
52.504,18.744,5.836,-27.322,89.657,-46.92,34.469,0.35,12.165,14.202,5.623,-0.082
51.215,44.509,-26.493,57.8,51.898,-25.25,0.108,23.766,8.498,-1.449,-54.951,-0.014
51.385,47.887,-4.153,-125.721,57.435,20.184,38.702,-17.475,-17.829,17.816,18.401,-35.691
56.547,74.257,56.116,6.103,57.876,-34.442,11.979,4.771,6.553,2.39,-20.486,-27.951
55.68,100.234,12.663,10.887,14.886,-32.677,-47.037,-33.981,-20.706,2.867,-13.449,-8.728
54.206,78.552,39.898,-15.472,32.914,38.079,-10.574,-14.107,-2.702,-24.437,-16.512,-8.459
52.707,-5.89,1.805,-54.934,31.816,-46.641,34.612,5.738,-1.054,24.107,-9.922,-8.25
51.087,30.175,-1.191,-11.186,19.537,-42.069,14.955,-16.844,-0.543,23.878,-9.326,-9.026
54.812,63.776,-25.391,16.514,20.053,-17.87,-20.795,-28.776,-5.923,2.768,29.347,4.613
54.411,65.594,-25.007,-18.151,15.396,-33.063,-7.346,5.246,23.49,6.843,-24.733,15.018
48.411,58.948,-47.211,7.942,39.406,-18.508,7.099,-19.034,-20.791,8.968,-46.928,-4.172
54.022,73.03,-23.762,-26.536,21.581,71.453,-17.706,-12.57,-0.821,-20.4,40.844,-19.468
54.664,100.088,-36.383,12.461,21.719,5.838,-48.55,-2.263,-23.902,-17.809,-27.27,-4.909
51.186,107.764,7.969,-76.484,58.079,-19.004,30.21,-74.334,-31.448,20.635,-13.953,-21.16
52.832,112.799,6.555,28.317,18.607,-14.288,-42.166,6.096,8.908,-5.543,-29.363,-17.982
52.244,70.723,-47.395,-56.076,25.442,3.056,-11.888,4.3,-19.224,-3.825,-21.227,3.584
53.311,58.52,15.143,-68.16,47.586,-20.392,3.531,4.067,-21.977,28.316,-5.129,-29.829
56.475,85.491,11.042,10.014,28.958,-31.006,-20.715,-22.763,11.993,0.74,15.587,-30.238
53.686,64.505,9.667,24.147,18.959,-19.317,-16.243,6.505,13.164,-4.335,-48.816,-10.962
44.773,79.064,24.259,-79.064,-12.202,-22.673,40.923,7.264,14.253,-1.74,-13.435,-4.902
48.499,44.657,8.152,-12.139,39.278,-14.746,8.034,-24.861,1.99,9.548,-12.749,-28.381
52.663,88.281,-18.233,53.896,23.151,-28.368,-22.153,-29.29,-0.13,12.429,27.218,6.216
48.397,30.641,-56.959,3.315,-4.253,-32.927,-13.965,-16.571,-11.545,10.898,-8.314,-7.549
56.864,117.488,22.088,-2.826,24.92,-16.1,-46.67,-6.097,-10.749,16.334,-0.297,-14.488
52.925,76.446,-33.28,45.761,59.283,-19.058,-26.276,3.51,-15.308,4.121,-32.649,-2.824
54.365,48.149,26.576,61.9,72.886,7.779,10.291,11.9,1.598,1.781,-38.494,-0.758
52.184,123.03,-4.945,-30.757,30.84,2.402,-43.025,20.371,-11.987,15.751,7.398,0.429
52.56,58.774,-56.387,-30.659,21.746,-18.202,-12.253,0.281,-14.384,-1.321,-47.108,5.526
52.606,51.058,19.093,-74.554,39.205,10.535,17.883,14.652,-20.349,18.685,30.543,-30.899
55.385,78.041,22.158,-13.26,27.425,-8.484,-18.552,-6.88,12.046,-1.072,-12.391,-29.721
55.303,81.941,30.418,3.389,16.781,-32.29,-6.594,3.548,7.398,28.584,-22.449,-20.381
53.639,57.855,25.212,-36.909,-4.741,-35.883,4.458,7.93,12.127,8.032,-6.726,-26.899
56.156,80.01,30.215,-29.258,-6.893,-30.854,-22.774,4.662,13.249,1.465,-12.505,-36.847
54.648,93.731,-35.149,26.754,-1.996,-54.579,-39.787,-25.914,-9.199,11.242,-32.073,-8.325
51.296,66.335,-71.041,69.419,-3.378,-11.235,-27.453,-39.253,-12.195,-2.777,26.356,-3.042
47.482,52.836,-56.093,3.686,10.553,-35.463,-3.943,12.476,-21.268,29.697,-14.394,-7.409
42.358,81.159,-80.952,-27.425,19.211,-52.385,13.512,-8.271,-33.152,25.647,-7.191,-8.6
51.532,59.728,-49.354,-86.422,29.431,21.122,6.046,13.912,-21.648,-6.841,37.948,-12.7
53.519,44.713,-11.965,-21.838,60.935,-13.734,-10.603,2.639,8.743,17.352,-19.298,7.915
54.294,84.466,-13.208,-17.181,21.064,3.54,-31.931,-7.593,-18.4,-6.194,-9.193,-10.456
54.396,64.333,30.898,2.911,32.036,23.063,7.603,-2.463,-7.657,2.248,-13.72,5.499
56.919,76.275,21.447,15.976,37.916,-36.477,-50.888,-28.546,-11.045,15.433,-7.443,-24.284
54.243,58.313,6.162,39.297,31.098,8.219,-24.977,10.665,1.335,15.424,-40.567,-31.146
49.551,84.324,-13.107,-12.314,-1.047,-38.999,36.812,0.483,3.066,22.948,-9.467,0.285
53.788,58.566,25.592,-44.846,14.696,15.915,10.336,-11.736,-15.428,2.967,-13.615,-16.253
56.61,105.539,-0.377,-12.403,13.734,-42.966,-44.821,-16.736,1.728,13.512,-5.63,-0.406
53.857,42.569,-27.71,11.436,2.52,-19.177,-4.358,12.272,-15.798,-6.726,-50.782,-11.282
52.904,64.582,-1.04,-70.777,29.211,82.573,7.596,11.062,-15.859,-25.0,-12.789,-18.652
54.474,56.802,-6.512,37.066,47.951,23.063,-13.991,16.864,-9.792,23.581,-41.32,-37.48
43.292,98.059,-89.379,-17.134,35.393,-34.624,0.293,0.695,-15.112,-0.904,-11.083,-29.519
51.845,86.697,-21.723,-111.302,46.451,24.542,27.56,-9.771,-36.33,40.399,27.638,-22.358
54.416,111.72,2.732,-41.394,2.883,0.092,-42.71,15.854,-15.713,-4.82,-8.655,-9.133
51.383,103.557,-10.487,-61.136,16.576,33.007,-9.985,-10.149,-28.457,-2.328,-1.209,-5.916
56.545,80.964,14.995,2.207,52.358,-6.979,-28.092,-17.204,-12.981,-1.431,23.391,-24.782
54.417,42.647,19.573,57.414,47.593,-31.297,-25.7,17.434,-14.738,12.966,-67.926,-39.97
48.536,87.781,-22.869,-26.946,1.52,-32.992,39.191,-11.522,5.708,23.958,-1.287,2.939
53.163,65.017,4.288,-64.767,13.85,27.227,-13.724,-19.333,-5.933,9.287,-14.845,-30.353
56.37,116.972,-11.44,5.324,2.956,-27.798,-37.555,-21.478,-13.306,-1.605,-14.773,-14.915
53.824,70.854,-8.764,-82.688,18.065,-18.092,-3.247,14.611,5.079,15.56,-7.285,-11.016
54.016,108.761,-14.898,6.728,8.851,-3.381,-44.136,-4.764,-0.963,-7.64,-27.55,-25.72
56.334,96.553,-2.196,-15.104,21.835,14.604,-39.945,-11.89,-12.054,12.513,19.136,-30.601
56.098,76.318,17.492,2.177,55.68,-12.107,-24.978,13.003,13.939,-8.357,-19.197,-31.82
54.443,52.814,28.229,-11.979,32.137,-23.329,-20.25,37.493,-18.342,18.655,-17.917,-20.93
55.093,72.98,-22.671,-56.976,3.276,-16.984,-2.075,-1.835,-20.933,-2.327,-8.517,-6.434
54.322,75.993,-17.587,35.706,16.398,-19.942,-9.714,10.855,-33.051,-19.275,-48.845,26.582
53.509,65.213,19.105,-60.207,37.24,-5.854,13.519,-0.317,-32.381,29.832,-0.498,-38.728
54.962,68.264,12.477,8.633,28.089,-2.849,-20.146,-11.622,7.11,-6.731,-41.469,-22.986
49.049,77.37,37.824,-31.526,1.357,-23.113,23.492,36.41,19.397,5.094,-10.448,-7.375
49.477,77.906,0.598,-5.243,7.246,-48.402,-8.98,-30.561,-9.627,12.404,-9.517,-6.646
50.821,55.396,45.394,-30.071,0.396,-10.988,-17.799,17.501,-9.314,-10.05,-22.038,-8.608
49.353,35.636,-37.81,-7.048,3.394,-24.157,-12.772,-1.592,-5.753,17.225,1.318,-23.214
46.044,19.714,-29.621,13.495,27.561,-43.626,-12.189,-30.336,-10.686,33.373,-37.822,-4.207
52.438,82.313,22.519,-105.043,28.888,99.923,-12.705,13.388,11.166,-29.207,10.213,-24.451
53.448,86.506,-24.615,43.424,46.778,-38.907,-34.856,0.302,-33.404,9.981,-32.473,-5.501
54.12,27.206,59.209,33.552,62.871,-1.78,19.772,16.576,-24.72,4.157,-32.12,-2.485
51.071,97.795,-1.724,-41.698,24.405,-8.673,-42.408,-2.264,-31.692,29.578,19.623,-1.37
53.954,77.542,-41.727,-21.098,2.03,-24.593,-15.416,-1.064,-17.535,-8.602,-41.832,-1.066
54.382,56.218,13.087,-59.653,34.402,0.333,2.654,4.437,-30.508,31.025,7.545,-17.762
56.654,83.45,20.685,11.9,32.631,-30.099,-16.459,-21.939,9.123,4.982,16.716,-27.773
56.224,49.632,42.864,-9.929,20.428,-19.504,-7.973,-17.6,-3.141,28.253,-17.173,-24.882
56.045,30.162,51.805,-23.606,18.722,-33.586,11.059,11.004,0.081,11.078,-16.139,-39.164
56.415,55.401,21.414,-22.447,27.941,-33.008,-12.363,-1.733,11.978,8.394,-12.831,-44.426
57.127,97.143,-4.438,-29.126,21.414,-6.978,-39.393,-10.606,2.916,-8.94,-3.757,-25.754
55.823,76.594,16.97,8.404,-6.471,-14.891,-24.803,-13.192,-6.038,4.081,-41.799,-31.537
53.986,92.535,-17.337,-46.023,6.516,32.238,-27.371,-1.773,4.42,-8.634,2.153,-20.685
55.438,85.765,-6.505,16.404,23.515,-5.711,-29.205,11.983,-12.056,7.025,-24.34,-33.58
47.896,44.246,1.512,47.789,22.708,-5.37,8.679,17.446,-21.701,-12.305,9.532,-39.429
51.379,80.784,-32.189,-66.722,-14.575,12.239,-33.747,-4.833,-18.431,31.972,9.83,-20.128
52.54,65.111,7.186,-58.713,24.917,24.684,-17.16,23.877,-36.185,-10.492,21.442,-2.783
55.375,143.778,10.683,-6.854,-0.247,-26.096,-46.286,-3.364,-33.838,-10.532,-3.88,-43.026
53.885,133.059,-11.756,2.395,-1.114,-9.34,-59.199,-22.657,-18.513,-7.259,-28.087,-20.317
46.759,6.3,-34.707,48.843,6.736,-37.149,-51.453,-7.58,-9.226,9.881,-8.651,-17.089
51.088,84.682,-32.463,-21.483,26.556,64.12,-25.439,-24.486,-6.658,1.662,-19.469,5.732
53.518,32.194,32.395,-55.65,29.109,25.885,-13.587,5.357,-22.479,-24.057,-11.401,-16.716
56.308,83.925,23.333,-2.72,21.129,-4.76,43.3,12.858,47.211,-25.395,-11.916,16.876
50.159,103.018,-30.685,-57.689,6.982,-8.352,-0.311,-8.609,23.918,-8.328,-6.993,27.095
56.273,68.445,43.328,-26.083,35.625,8.328,39.923,14.535,15.595,1.518,15.964,9.335
55.303,68.989,-20.653,73.122,37.187,-24.967,-7.247,-16.822,12.22,-5.706,-46.564,28.823
50.32,15.538,-57.6,-1.119,-10.701,45.641,-3.881,25.889,15.495,-46.612,-37.1,-11.357
52.19,32.202,-26.197,30.414,32.488,96.481,11.444,-45.215,-6.142,2.126,-0.822,-21.689
43.653,0.257,-17.835,-87.803,6.361,-26.077,-6.143,37.483,-0.497,-16.715,8.928,-25.149
52.149,18.83,13.848,-100.648,8.39,-4.846,18.298,15.733,-10.766,-7.945,-7.998,-16.172
51.981,-0.159,43.325,-21.719,58.588,-0.488,34.737,10.909,-15.777,-1.02,-35.519,-5.459
53.001,65.141,-9.373,65.013,38.018,-61.808,-2.802,-37.725,-14.496,5.879,2.061,17.637
49.216,11.673,32.457,-4.815,48.334,-49.138,23.618,0.208,-7.695,6.343,7.066,12.144
47.507,-30.06,-46.325,-7.993,10.657,-78.782,40.751,14.992,-13.454,-14.301,-12.822,2.347
45.01,-27.363,8.494,-23.63,11.637,-49.424,74.736,9.301,4.769,0.185,-11.674,-2.038
47.602,-13.867,11.589,-26.58,16.95,-18.422,49.388,1.897,-3.662,-1.106,1.774,-2.113
50.643,43.726,-63.407,103.33,17.25,-5.842,-2.894,-41.763,-4.067,-15.788,4.109,4.298
44.619,-77.289,-54.649,-1.837,-12.331,-20.4,1.363,-9.375,3.518,-12.211,-6.184,-16.242
52.78,87.544,59.24,-131.231,40.877,63.966,61.351,61.942,29.752,-35.736,16.877,-6.883
57.397,126.808,2.087,21.094,48.184,-53.302,-14.025,29.131,3.254,17.959,-3.211,22.436
52.759,142.241,-8.927,-27.116,56.841,-35.154,-12.095,0.951,35.906,16.844,-11.208,14.992
50.012,85.628,-23.686,40.849,54.44,-18.232,-16.801,-26.712,26.449,26.347,-59.869,16.763
47.639,8.877,-69.478,5.529,3.001,39.979,0.37,11.851,-3.019,3.772,-26.452,-13.076
54.313,58.036,1.555,-33.069,55.076,23.608,18.046,1.382,-17.601,12.476,12.717,-8.433
54.426,60.346,21.933,26.615,12.166,-6.689,3.186,15.514,-25.36,-10.927,-31.986,-12.9
55.499,97.079,-0.795,59.983,0.24,-7.174,-19.508,-13.656,-25.267,2.653,-52.63,12.385
43.774,123.284,-41.405,-39.923,-5.008,-5.67,13.296,49.544,1.688,-44.092,-19.114,-11.478
47.948,39.004,-38.434,31.867,67.849,35.49,11.518,-28.15,-25.507,47.164,-55.562,-14.825
52.154,53.047,-34.947,104.628,33.773,54.671,-24.543,-29.397,-3.062,9.615,-18.993,-4.384
47.56,28.599,-30.592,-105.019,9.519,25.804,-18.082,63.184,-15.322,28.106,-18.136,-9.448
48.525,39.67,-57.973,72.136,28.87,6.623,-20.695,-42.494,-19.616,14.06,-23.356,-14.332
52.504,88.806,-31.61,-6.738,29.47,84.752,-25.778,-27.761,-12.955,-11.94,-6.459,-9.25
45.44,46.31,-52.357,-57.944,57.682,3.377,0.279,-44.092,-8.767,-53.307,-33.112,-7.432
53.943,24.361,59.118,7.128,79.896,-12.952,2.033,28.856,-10.124,5.913,-13.758,-31.523
51.342,43.192,-13.068,0.683,42.052,-8.224,-50.981,-26.597,-30.602,-10.48,-24.148,1.953
52.755,-12.86,15.672,-77.398,30.645,-5.609,17.944,36.034,10.656,-3.08,2.41,-43.95
53.825,-3.715,36.629,-8.806,73.522,-39.883,13.446,1.148,-3.705,18.432,-12.047,-47.907
55.202,19.626,55.55,-8.689,58.558,-37.886,12.679,4.601,1.017,6.694,-13.887,-38.144
55.157,44.212,33.466,21.774,38.905,-32.809,0.842,-13.072,-3.627,-2.147,-26.895,-15.367
52.203,-2.752,39.891,0.521,46.294,-44.683,28.512,17.204,-9.234,-1.139,-5.192,-16.441
53.848,45.874,-16.448,73.947,49.194,-51.192,1.983,-35.946,-11.45,2.688,6.374,6.66
50.554,-18.123,20.873,-21.788,44.055,-28.233,2.81,-16.14,-16.144,13.317,-11.464,1.483
51.139,-33.509,7.611,-44.097,12.689,-32.115,-10.802,4.262,4.089,-0.252,-1.508,-27.622
51.48,-44.093,12.44,-6.678,16.787,-31.062,-23.451,1.84,0.278,3.128,-11.864,-37.955
51.284,3.205,20.018,-43.565,10.568,-25.807,6.214,6.314,1.288,-2.688,-4.787,-28.846
54.785,53.366,-16.532,23.609,24.226,-63.94,-29.346,-49.869,1.271,23.545,-3.538,-22.891
51.349,4.885,5.102,-3.194,-4.395,-33.913,-13.797,-5.881,7.212,12.291,-30.28,-41.345
49.579,8.944,8.675,-35.87,-31.255,-22.604,-14.764,3.374,-13.489,-1.759,-17.436,-36.168
50.319,24.79,-27.248,-4.358,-0.405,6.096,-34.984,-27.449,8.307,-12.026,-62.961,-23.984
44.441,-10.4,-48.098,35.868,-20.652,-29.679,-9.734,-3.012,-8.625,-0.212,-12.243,-4.386
48.937,46.444,28.722,-135.876,11.919,42.554,3.06,18.786,-18.557,17.379,-14.469,-34.858
50.228,22.215,27.217,41.838,-16.104,-43.444,-37.337,-26.139,-16.894,11.968,10.508,-11.328
53.095,45.657,39.484,43.554,27.888,25.262,-8.039,9.308,-2.831,12.813,-32.731,-27.753
45.234,-8.282,-24.395,16.678,27.348,-45.238,-6.722,-42.058,-27.753,35.475,-29.072,-7.863
52.643,57.553,8.138,-30.426,29.513,87.267,-14.632,-18.144,3.654,-38.336,11.482,-33.457
49.893,0.644,-2.066,26.408,37.702,-30.459,-9.788,-22.091,-40.222,21.555,-3.411,-8.208
54.03,49.174,28.373,15.08,11.606,22.095,-25.765,45.678,7.149,-9.814,-12.829,-35.096
47.253,-19.552,-23.708,21.835,0.388,-39.312,-32.392,9.938,-14.787,18.469,-15.023,-38.619
51.158,75.681,-43.414,-12.423,44.942,11.194,-9.534,29.37,-8.785,29.762,-32.232,-28.988
53.329,71.246,-19.635,55.557,-8.951,-25.753,-33.076,-42.775,-24.821,4.212,-80.081,-3.36
47.777,-22.725,-67.666,5.304,12.081,-7.154,17.479,-17.341,-16.921,11.315,-58.679,-21.784
50.17,62.686,-51.512,-44.624,24.987,10.082,-17.02,-7.168,-3.717,-6.596,-34.131,-11.586
54.308,55.769,-6.616,-10.993,39.845,74.173,20.527,-14.79,10.105,-15.885,20.191,-24.024
54.42,78.76,2.658,-61.45,44.804,-7.818,-4.16,13.808,-18.637,-1.648,-22.364,-24.602
54.889,67.648,23.107,28.05,38.55,-17.897,7.742,29.022,-17.962,15.482,-40.111,-29.693
48.434,59.196,-16.504,-63.062,51.942,-47.774,27.63,-51.081,-5.971,25.035,-13.016,-15.848
52.523,33.327,-16.433,-47.512,66.681,-40.207,7.754,-4.469,-2.745,11.407,-23.117,-14.745
55.286,56.89,36.653,3.053,53.208,-9.971,-10.009,7.811,17.548,-7.317,-36.224,-40.171
54.765,35.824,60.728,-14.757,59.854,-12.4,17.563,-8.12,-6.486,6.183,3.196,-30.23
54.562,16.574,38.594,26.798,70.038,-36.202,15.735,-4.615,-19.69,-2.368,-14.268,-13.65
52.785,44.404,3.953,26.928,67.641,8.683,20.267,-1.612,5.005,-36.427,9.707,4.156
50.074,-12.259,-43.94,-12.478,35.267,-74.933,35.172,7.141,-25.706,-1.114,-8.937,-10.794
50.332,19.399,-1.83,-14.788,41.366,-25.226,33.924,-6.161,-13.411,19.545,-30.519,2.694
49.462,9.225,-13.393,-16.899,49.464,-27.979,55.2,-15.392,-14.397,-0.088,7.359,0.785
50.938,39.686,-65.538,95.551,14.546,-51.441,-24.619,-67.611,-18.473,6.14,-16.757,1.882
45.934,-33.832,-84.946,4.642,9.577,-28.393,10.691,-36.833,-14.962,-6.5,6.202,-14.52
52.451,58.795,18.404,-92.368,21.23,28.487,2.094,-45.27,3.857,-5.598,9.615,-47.235
54.832,21.254,57.263,43.307,17.704,-21.083,3.366,-0.12,6.171,-2.757,-40.569,-35.015
47.31,41.982,-31.839,-51.437,54.434,-51.045,-1.275,-13.572,-37.788,2.279,7.792,-40.837
49.789,53.38,-28.598,-35.399,70.155,-35.514,-4.249,24.866,-24.629,-7.464,-18.615,-17.387
53.564,27.925,7.653,-64.946,4.382,-17.271,41.057,4.406,-19.454,-3.81,-10.821,-5.415
54.776,29.318,54.244,7.282,16.772,-16.674,35.752,6.301,1.99,-4.206,-27.037,1.302
51.621,68.173,1.182,-91.19,25.966,-11.889,0.158,-14.857,-21.653,14.275,-17.686,-13.404
52.185,15.441,7.52,32.847,33.563,-15.003,14.047,-10.331,14.389,-1.913,-42.925,20.254
55.423,71.118,-0.034,7.517,49.261,-27.95,7.847,-44.237,-3.068,23.732,24.866,2.916
53.582,42.699,9.667,27.917,53.282,-29.782,36.069,10.7,-10.743,8.086,-47.718,31.85
51.549,11.288,44.02,-4.732,16.644,-12.214,23.563,-4.467,-30.673,-0.23,7.636,-21.108
51.226,7.216,32.748,19.584,60.745,-29.996,24.101,-5.506,-9.297,-17.296,-33.35,2.95
50.486,25.972,33.946,-75.8,55.068,-27.538,5.94,-38.083,-30.866,26.905,-2.577,-13.1
56.229,57.996,43.196,24.646,63.267,26.007,16.466,24.8,2.186,-29.394,-21.058,17.451
50.634,67.291,-77.354,-54.714,45.351,-17.357,10.118,-25.912,-0.316,2.503,10.308,4.073
50.009,-45.712,19.949,7.314,65.151,-20.967,-15.911,5.245,-10.464,-5.422,-39.689,-25.293
52.632,51.693,-26.515,18.382,44.878,12.143,-17.551,-69.948,-17.187,-3.684,51.911,-13.088
51.499,-3.939,13.981,22.71,96.255,-37.004,23.34,-8.088,2.486,-9.636,-4.842,-0.242
46.254,10.658,-35.366,43.298,92.837,-84.87,-2.397,12.419,-24.374,13.266,-4.165,-10.247
50.084,68.959,1.301,-142.343,44.786,53.824,23.478,45.614,8.61,-27.627,-8.708,-12.173
52.501,90.806,31.238,-108.973,50.056,-31.584,17.887,24.08,1.994,33.373,8.029,-0.246
57.41,166.382,36.056,-9.393,43.515,-37.046,24.53,-4.581,7.342,9.291,-7.672,24.597
58.637,139.22,29.666,-5.086,29.465,-48.279,-7.566,5.679,1.05,0.546,3.043,22.845
56.168,100.665,23.981,11.89,14.892,-39.611,27.697,-12.251,19.565,14.628,-17.897,-2.87
55.065,45.891,23.761,-1.742,20.507,-31.491,23.318,-2.058,-5.386,-2.907,-16.346,-16.71
56.37,73.367,47.039,8.373,2.076,-32.973,26.302,3.874,-3.217,3.912,-6.715,-8.67
56.59,97.268,6.367,14.869,18.964,-23.293,6.438,-16.822,-6.17,8.88,-31.434,9.761
55.802,73.905,-12.438,23.676,31.603,-25.627,-5.414,-16.567,-2.294,11.601,-0.254,2.584
51.701,22.099,-3.191,-0.507,49.247,-20.175,1.915,13.387,2.697,2.002,-20.279,-7.456
50.529,42.016,-16.881,-26.447,61.264,-0.575,-24.2,18.329,-19.258,15.545,-43.393,-3.288
51.232,86.182,-54.874,-71.786,36.196,-10.831,-8.582,-17.74,2.567,17.616,18.095,-8.036
51.904,21.194,-35.219,-14.639,51.165,-33.817,-25.844,-31.287,-2.28,3.597,-12.338,12.448
53.019,28.333,31.932,-37.154,20.777,-9.595,-0.592,-12.535,-33.646,16.01,-5.174,-30.046
53.261,34.299,41.574,65.718,-6.252,-5.249,14.073,-12.032,-8.306,-15.959,-71.19,-28.988
51.209,31.195,28.75,-97.496,36.403,47.748,14.851,24.804,17.854,-53.767,-11.411,-25.019
54.973,98.347,41.357,17.349,18.482,2.251,-11.81,2.011,4.967,-22.023,-38.958,-47.282
49.982,61.754,-45.844,-46.634,65.815,-23.484,17.425,-33.123,4.578,-6.253,-6.703,-19.891
50.972,24.51,-49.921,-26.826,64.304,-28.438,5.321,-9.868,-7.112,-11.001,-16.214,-5.535
51.84,45.305,-65.012,75.369,38.565,-58.703,-21.14,-50.417,-18.861,12.177,-10.951,-12.621
50.229,23.556,-61.092,-70.051,46.769,0.163,15.821,1.154,6.976,-10.151,8.773,-16.564
52.83,50.375,-76.814,50.206,45.06,-17.551,-17.518,-35.326,-10.338,-2.449,6.114,-12.232
48.867,34.358,-42.321,-41.24,69.885,-24.852,31.27,-44.906,0.596,-7.84,-21.878,-23.663
53.033,2.926,22.2,-21.516,51.8,-9.033,9.273,7.429,-46.889,26.337,-11.315,-31.91
49.938,15.058,-50.363,-27.564,36.624,-66.557,17.663,-3.129,-24.853,-12.924,-14.475,-31.574
47.81,12.574,-34.539,6.421,56.288,-48.789,1.768,-12.681,-24.721,22.468,-26.593,-20.773
46.811,-3.543,-20.802,-30.61,53.467,-3.884,19.199,-32.978,-11.428,-24.242,-15.5,-25.741
46.311,-8.33,-28.305,32.829,46.937,-18.473,18.883,-43.767,-9.256,11.185,-18.473,-16.782
50.086,59.13,-60.184,61.88,60.292,40.933,1.06,-20.279,-8.238,-26.963,37.17,-13.342
46.434,39.932,-34.154,10.832,53.914,-46.917,-8.689,-23.234,-19.486,25.779,-26.074,-10.765
48.182,-12.515,-60.191,-31.799,29.856,-72.066,51.714,2.713,-23.808,11.264,-5.913,-7.606
48.279,3.12,14.925,-30.013,31.694,-30.496,64.901,11.033,0.177,-0.025,-18.1,-12.106
50.509,36.237,-12.54,-24.29,50.272,-31.869,44.615,-8.845,-7.968,-13.271,1.368,-30.718
53.545,68.661,-25.539,35.057,19.79,-76.051,-11.43,-40.138,-23.471,15.244,-4.767,1.463
51.155,3.438,-22.429,-3.118,15.715,-49.403,34.435,-8.866,-1.312,6.783,1.752,-2.592
56.43,80.58,46.789,-51.004,45.574,-10.497,22.643,33.249,-34.185,13.136,3.465,-14.627
58.086,110.734,35.822,9.122,27.363,-36.778,8.765,2.338,-16.013,-1.203,-27.316,24.679
51.584,71.252,-9.772,-4.011,37.513,-23.832,1.527,11.781,-22.151,1.598,-29.795,4.686
51.579,47.755,11.084,-52.568,77.696,-47.243,20.172,7.895,-11.547,41.756,-3.589,-4.789
53.893,82.263,9.823,90.978,38.276,-13.477,10.558,-14.52,-15.696,-0.776,-53.384,16.04
52.011,72.6,-19.137,-123.792,8.382,-12.215,1.059,29.832,-26.938,-1.55,28.272,-34.038
56.66,139.996,10.79,-19.639,-7.597,-24.935,-44.974,-16.649,-10.905,-0.959,-13.671,-36.061
55.534,150.197,28.12,-30.112,-31.172,-27.325,-35.722,4.04,-31.878,0.354,1.298,-35.206
56.444,161.09,25.715,-20.371,-23.219,-18.108,-44.899,-25.003,-26.684,-3.79,-15.419,-27.561
55.607,99.617,-12.526,8.537,23.42,-54.55,-61.751,-14.526,-8.582,9.062,-5.84,-23.237
52.663,65.417,-18.409,-24.165,19.785,-29.218,-34.407,-34.785,-0.895,12.506,-7.996,-16.002
52.207,13.505,29.455,-33.692,65.418,-29.045,15.712,-13.637,10.044,-4.807,2.457,-6.415
54.198,39.533,72.464,-12.62,39.895,-34.654,28.156,19.541,0.075,1.13,-6.278,8.377
56.28,76.973,83.631,-8.17,32.689,-43.027,25.055,12.627,6.353,6.354,-1.446,17.851
56.238,79.2,44.293,28.307,35.869,-69.394,-11.019,-25.583,-12.388,17.878,-8.034,8.41
54.134,63.498,26.526,36.19,9.639,-17.34,-16.615,-3.815,6.624,3.263,-28.013,-12.217
47.443,35.937,-51.647,17.451,80.833,-23.615,27.058,-60.031,3.431,-0.175,-32.455,-25.778
55.208,110.952,-1.923,-32.292,54.6,49.675,-12.843,-5.474,-5.499,-19.977,33.614,-26.004
54.254,56.372,33.77,8.53,67.594,-17.047,17.45,24.373,-48.408,-16.887,-24.891,-5.25
54.41,44.404,94.9,14.837,59.887,-24.94,43.459,37.565,-9.207,-7.105,4.033,-25.412
54.678,56.623,7.659,-8.852,-3.665,-56.401,16.717,16.802,-7.882,-6.699,-10.859,-26.731
50.633,35.144,-1.911,4.901,6.409,-25.107,-15.396,-20.703,-1.983,2.437,-39.298,-26.2
47.695,5.613,-7.281,13.987,35.707,-51.886,34.508,-34.063,-12.18,14.895,-11.772,-15.138
48.27,4.773,21.052,-65.821,32.497,-14.574,8.702,39.11,1.21,-21.565,-32.31,-19.884
52.552,50.257,49.04,-72.391,45.185,-35.172,14.302,-16.591,-26.397,26.859,-6.32,-19.028
55.712,40.511,21.41,6.865,27.907,-55.16,53.226,21.585,5.704,8.719,-4.603,-4.775
52.402,43.087,25.106,-14.84,10.676,-25.458,36.361,6.243,-4.058,15.348,-13.844,-17.69
52.98,30.422,33.881,-18.454,19.23,-41.904,37.908,1.765,0.654,4.719,-4.698,-22.46
55.357,60.672,6.059,2.554,17.822,-4.153,15.751,-3.349,-5.087,-20.929,-14.988,-12.957
52.376,12.441,-1.143,-8.221,47.959,-41.116,43.499,1.942,-12.839,-3.452,-2.216,-29.856
54.148,37.832,-28.756,14.092,52.367,-0.486,1.269,-11.299,2.708,-30.899,-9.669,-27.153
51.257,25.988,-10.675,-23.035,38.878,-55.758,14.783,-17.065,-17.291,19.161,-9.526,-10.264
52.964,14.061,-14.87,-17.752,38.857,-40.886,-17.31,-9.2,-19.216,10.511,-6.819,3.26
53.258,63.556,-20.091,-25.676,68.255,-34.51,-16.066,34.918,9.64,3.025,-6.214,-12.68
51.469,48.774,-31.196,-87.22,44.813,-46.164,9.427,-12.565,-34.703,34.749,9.535,-32.429
54.728,105.192,32.279,-29.37,-15.814,-29.807,-38.172,17.497,-17.746,-2.914,-12.203,-40.532
51.335,34.458,-10.617,-42.683,5.131,-16.366,-31.441,-12.072,-26.533,-3.815,-11.398,-26.136
50.867,54.877,-48.141,92.002,9.432,-78.736,-45.356,-51.272,-35.537,9.638,-19.826,0.537
47.028,63.901,-38.388,-59.388,19.781,23.11,-2.119,-20.511,-19.135,-28.152,-15.496,-0.538
52.682,101.847,-65.946,-56.176,-1.469,27.098,-18.351,8.695,-17.756,-38.881,-18.763,-46.453
46.573,152.161,-73.459,-93.989,-8.695,-24.301,2.204,30.825,6.094,-30.188,4.417,9.584
50.487,75.805,-36.09,-65.166,24.598,-22.94,13.935,-55.494,-26.765,44.367,-33.268,-5.022
49.653,52.809,-84.116,108.237,-2.334,-48.129,-27.137,-53.014,-25.205,2.35,-3.835,0.211
49.991,24.545,-61.181,-20.451,-11.683,57.603,-2.368,-0.833,-21.912,-12.121,9.936,-37.447
44.81,26.724,-67.958,-1.495,2.62,-32.526,8.77,-20.648,-37.666,30.539,-34.369,-12.282
54.565,76.381,-35.784,46.12,40.83,-1.664,7.336,-7.149,-18.246,19.299,-6.805,8.379
45.101,87.32,-80.173,-32.089,35.264,-24.997,26.813,-16.314,-43.914,14.188,-35.798,-14.485
47.533,54.281,-15.95,-72.135,47.389,40.023,77.031,-11.664,-26.676,-7.747,-34.684,-0.534
43.702,23.434,-49.419,22.184,29.413,-51.627,24.35,-29.284,-35.996,23.746,-27.655,4.51
41.698,6.41,-62.485,0.301,30.006,24.143,34.859,-62.981,-24.592,-22.515,-43.832,-3.593
46.274,28.378,-15.074,-26.73,49.405,-3.826,42.916,-27.723,-38.436,39.237,3.435,4.379
50.155,37.196,-56.654,100.777,40.926,0.193,-16.206,-56.054,-22.079,-12.949,12.866,5.843
47.915,9.656,-4.012,4.77,46.296,-20.982,-14.873,-44.786,-23.741,32.548,-15.951,-5.463
48.936,6.772,3.439,-66.778,26.089,-16.62,23.141,2.233,-6.795,-1.802,-1.755,-8.577
50.452,13.623,-2.112,-42.621,53.111,-39.885,32.534,5.448,-8.362,4.981,-18.997,-20.539
51.823,23.502,-3.629,-25.391,32.558,-1.311,17.086,7.418,13.844,-34.7,-30.087,-4.551
50.073,17.878,-38.449,-3.93,2.686,-56.621,10.214,4.834,1.319,-1.246,11.677,-10.75
55.548,75.076,58.245,-60.772,55.28,-5.497,34.675,25.351,-14.956,32.793,-12.579,-32.606
56.544,118.206,8.528,45.053,18.015,-2.348,-10.559,-34.535,-15.294,-10.707,-54.609,-20.054
51.96,54.822,31.578,-61.56,51.579,-21.356,14.417,2.654,-16.914,20.887,-36.813,-13.174
52.193,29.651,20.324,1.499,57.489,-13.209,44.918,2.033,-19.943,6.905,-20.024,4.97
50.429,-1.192,-47.807,15.614,51.471,-32.403,-4.093,25.648,10.512,-3.764,-39.985,6.402
52.587,48.534,-26.243,-0.653,46.908,23.81,0.51,12.387,-26.988,30.32,-19.864,-36.377
45.92,69.652,-91.292,0.679,38.07,22.128,15.423,-46.889,-13.026,-9.601,-48.416,-2.77
54.39,108.39,-51.824,24.041,-0.595,-3.718,-57.97,-22.102,-24.292,-7.597,-36.962,-6.62
48.672,48.745,-54.404,-38.366,36.578,42.624,-12.548,-33.469,-22.997,-3.738,-41.676,-14.206
49.621,19.416,-30.963,-90.54,36.289,-42.269,13.82,3.357,-20.736,-3.78,-34.125,-9.649
48.529,87.417,24.652,-191.693,30.321,24.339,-12.641,64.081,-15.649,-38.714,3.886,-15.725
53.856,104.479,-47.848,1.98,8.556,-9.882,-2.674,7.404,-8.183,-28.129,-9.308,4.607
51.755,110.688,-47.262,83.099,26.671,10.361,-28.379,15.502,-16.852,-11.21,-19.295,-0.371
57.067,171.341,8.583,-20.338,2.392,-37.053,-66.903,6.358,-27.409,-11.263,3.672,-20.784
52.492,165.449,-35.025,69.069,4.79,-17.874,-58.65,-11.473,-26.744,-14.961,-57.413,-13.971
54.4,193.772,66.421,-23.693,21.778,44.19,33.563,1.821,-13.974,28.188,12.227,3.193
56.292,171.358,75.82,4.659,-5.682,-24.199,31.531,-21.177,-23.927,5.318,-18.476,21.958
56.927,138.625,58.769,1.214,-7.045,-42.303,22.611,13.705,-15.973,4.576,-3.944,19.28
56.636,136.511,38.429,7.772,1.244,-20.451,11.835,-18.057,-15.321,8.759,-18.522,4.335
56.057,103.786,47.859,-10.558,14.952,-27.508,9.01,-0.145,-16.266,0.829,-1.67,-4.224
56.37,117.241,38.072,9.821,-7.446,-43.227,24.714,-15.497,-9.095,13.193,-10.81,5.77
55.8,97.846,29.072,4.146,-9.846,-32.624,27.563,-6.506,-14.64,-0.22,-25.305,-7.885
56.37,83.999,-16.54,1.804,22.577,-46.601,-12.734,-20.154,-28.158,5.83,6.541,-3.04
50.91,63.286,-26.326,-2.258,-4.337,-43.006,-8.321,-23.065,-19.684,10.363,-15.723,-21.903
52.148,84.195,-2.405,-105.197,-5.535,-5.954,-24.254,11.272,-17.233,-27.393,-10.833,-10.309
53.308,64.332,4.687,-7.925,-0.251,-16.007,-21.544,0.982,-2.447,-7.504,-40.465,-36.104
51.365,43.892,21.789,-74.504,47.919,-1.336,40.576,-10.303,-36.397,38.686,-24.788,-6.731
55.897,60.07,16.072,-97.369,38.942,-6.991,23.887,1.22,6.148,-5.457,-10.746,-18.559
59.372,93.819,76.649,11.133,27.043,-35.622,8.473,8.406,-0.936,-1.137,-15.595,-5.152
56.936,119.857,6.861,0.005,27.915,-20.017,-30.84,-10.329,-16.556,-5.515,-21.609,-7.88
54.845,84.013,17.338,-17.915,50.906,32.692,-6.407,-8.486,2.918,-15.585,-27.362,-1.227
52.984,56.977,-47.883,-33.495,23.288,-42.557,2.5,-17.664,4.889,17.935,-9.576,1.651
57.18,56.715,27.452,-27.292,47.424,-8.094,23.569,24.082,16.552,-8.134,-7.128,-22.831
58.566,92.449,49.943,17.009,40.989,-67.237,30.949,-3.021,28.599,29.221,-12.667,-10.913
57.535,69.09,38.413,15.776,36.965,-31.629,42.72,0.016,10.983,5.753,-38.078,-7.656
56.235,100.968,16.287,-32.825,58.865,-4.376,38.646,16.404,35.751,-9.866,4.362,-2.498
57.388,123.534,30.953,-5.847,36.196,-38.683,36.57,3.1,-6.811,2.14,-5.434,3.904
56.851,69.629,-1.999,11.548,34.802,-49.048,-19.946,-28.012,-18.881,10.884,-29.826,3.276
54.372,35.11,10.206,1.309,50.386,-5.914,15.805,6.463,-16.384,13.819,-31.697,-6.287
51.126,26.896,-3.498,2.596,59.802,-39.16,5.83,30.523,29.79,9.246,-31.307,-13.939
53.579,24.51,-1.623,-69.674,28.167,-26.67,10.163,-13.771,-15.158,17.357,7.485,-40.05
56.602,64.819,72.676,6.264,31.672,-31.655,14.485,4.342,-7.374,17.828,-7.347,-33.332
56.185,74.136,76.881,-4.511,22.649,-25.711,14.058,-7.339,-6.073,5.763,-11.278,-40.587
56.172,46.158,47.122,12.24,50.477,-27.871,-7.765,-2.645,-13.673,17.119,-21.372,-11.999
57.614,86.597,44.655,-3.29,40.016,-45.448,-23.86,-5.47,-22.94,30.861,-10.266,-10.706
57.782,84.529,75.363,12.368,34.723,-33.572,-6.979,-3.269,-8.212,12.076,-9.036,-7.949
56.436,71.583,58.048,-16.936,51.226,-43.969,34.414,-0.495,-7.84,5.163,-4.584,-16.998
58.194,110.436,58.626,-14.292,30.898,-37.527,41.326,18.166,-3.861,-11.19,-8.705,-12.86
58.966,105.967,28.844,3.354,20.068,-27.557,-3.657,-16.603,-21.182,-7.937,-13.696,-3.36
56.49,60.785,10.841,-18.287,2.941,-21.744,10.198,10.529,-16.181,-13.801,-34.007,-13.519
55.952,111.393,-3.728,-46.885,27.821,37.999,-7.973,14.701,-10.432,-26.122,-14.32,-12.959
57.002,84.158,24.612,-7.038,29.282,-42.659,-4.686,-23.131,-18.743,24.081,-14.579,8.047
54.034,62.989,40.999,12.082,42.276,-26.62,11.376,4.581,-3.048,2.678,-39.581,-2.053
52.683,42.41,-27.429,-75.7,6.687,-24.137,0.777,7.82,-12.55,-12.341,17.85,-1.073
53.182,25.106,-34.31,6.399,42.114,-26.659,-22.769,7.213,-16.17,-8.437,-41.838,35.548
51.878,75.36,12.163,-106.97,30.341,10.033,37.111,-46.579,-9.62,19.458,8.295,-11.682
56.329,99.547,21.825,-3.119,-1.29,-16.169,-18.055,-6.335,-1.067,-21.459,-21.819,-16.795
56.77,85.395,4.947,-10.228,4.662,-58.311,-42.086,-31.947,-26.987,11.86,-0.881,-12.366
57.244,101.699,27.608,9.909,6.145,-24.33,-28.45,-21.148,-13.138,-1.072,-33.782,-18.811
56.564,50.187,55.919,10.442,35.989,-36.248,6.667,39.757,8.511,-20.029,-8.538,-36.138
55.356,85.184,14.089,28.263,23.195,-41.458,-42.13,-33.396,3.141,6.806,-0.848,-20.423
51.023,34.099,-35.831,6.25,8.069,-51.859,-21.083,-11.68,20.517,12.043,-6.211,-32.138
56.458,106.212,30.098,-42.701,38.479,36.741,-13.062,5.295,-0.246,-9.072,43.091,-28.381
54.707,92.843,-7.195,42.212,42.492,-13.403,-27.84,6.544,-13.482,-11.413,-43.893,-4.363
55.283,82.428,57.775,-35.9,72.995,38.3,11.561,39.692,14.997,11.819,-13.458,-16.135
52.213,87.125,14.562,-29.591,58.825,-1.472,-16.258,6.706,0.727,13.654,-10.944,-14.322
55.454,75.213,-13.899,-83.236,25.021,-17.499,3.678,15.191,-10.455,-9.917,-1.502,1.537
54.549,86.827,-26.169,62.911,60.792,-28.853,-7.172,-4.37,7.344,-13.524,-53.952,40.39
55.861,102.612,42.207,-67.257,39.12,12.866,-3.854,28.137,-7.605,4.338,7.247,-19.169
58.867,109.087,31.396,3.411,16.679,-28.471,-24.058,-21.051,-16.037,5.427,-5.587,-14.762
56.433,81.342,26.176,-53.973,-4.736,-20.545,-42.051,7.583,14.263,-3.706,-4.036,-35.576
58.991,103.865,22.211,-23.079,21.188,-32.503,-32.753,-11.817,17.928,22.417,-10.865,-31.437
57.713,69.833,40.513,-20.637,24.996,-33.375,-19.884,9.725,28.093,5.954,-7.278,-47.758
58.057,69.252,13.901,5.503,26.599,-26.613,-30.493,-34.011,23.544,9.158,-0.838,-38.182
55.673,53.665,23.846,34.184,30.05,-35.664,-16.176,27.984,21.471,-6.829,-26.399,-49.632
52.349,47.699,-46.361,-63.569,30.031,-28.078,2.913,8.788,-20.58,-18.553,24.568,-9.457
53.895,62.609,10.2,-19.653,50.732,0.6,-4.686,17.973,12.03,13.774,-14.078,16.559
51.62,85.722,-11.99,-18.666,17.438,-10.7,-20.786,3.843,-29.98,1.268,-14.716,-2.435
54.297,44.575,33.853,35.239,16.283,-7.375,4.006,-4.523,-15.812,17.679,-30.435,17.949
57.313,114.032,12.435,1.178,16.208,-8.421,-60.02,-22.799,-10.769,9.809,-9.51,-8.884
56.156,56.312,62.974,-7.165,45.939,-1.188,-7.098,-8.677,10.812,21.848,6.612,-33.43
57.471,81.762,53.551,6.106,42.888,-35.7,3.197,20.254,16.515,15.872,-10.817,-29.227
56.842,54.895,43.634,15.672,53.055,-56.537,34.72,-10.135,10.88,37.69,-13.575,-17.272
57.491,48.291,59.866,-2.046,28.023,-16.167,33.458,-1.639,0.71,-6.064,-30.378,-8.727
56.043,95.32,-2.676,8.695,12.872,-54.674,-29.119,-13.343,10.781,8.556,0.426,-11.691
54.07,28.149,-21.488,-0.172,5.012,-14.591,-3.965,14.533,-21.908,5.755,-38.617,-18.298
52.085,37.272,25.98,-126.479,24.509,45.91,3.928,3.221,-8.752,-22.233,-18.328,-24.373
56.799,41.709,40.012,-25.762,48.632,-1.76,-8.224,16.575,-20.115,27.211,-6.265,-42.856
57.082,100.478,39.17,15.317,15.897,-34.038,-4.536,-21.138,-20.344,18.472,-26.358,-31.368
53.342,96.834,5.422,-20.147,-2.562,-12.204,-37.151,9.202,-2.682,-14.819,-16.954,-16.729
51.31,76.41,-21.531,-29.459,23.519,-5.084,-22.729,-5.48,-36.626,12.781,-17.096,0.201
55.988,106.445,14.062,-3.535,38.743,-36.475,-41.376,-16.13,-18.514,20.627,11.039,-18.541
55.896,43.734,68.256,15.597,46.716,-13.899,-23.383,-8.62,-7.881,27.09,-28.892,-44.908
53.923,85.717,-34.162,-74.356,12.313,-30.641,1.967,48.437,-26.678,-26.097,-17.385,-25.574
55.752,67.525,39.53,-13.029,14.359,-19.84,-4.431,1.43,-9.05,35.4,-20.575,-51.006
56.065,112.38,-9.591,7.204,7.856,-47.207,-35.598,-18.537,-7.301,0.751,-23.475,-10.611
52.763,51.114,-0.824,-76.505,12.575,-12.44,7.218,-3.602,-2.635,11.219,-3.651,-6.316
55.096,47.642,26.453,-30.692,29.56,-2.177,8.775,-32.007,-11.366,22.0,-6.814,-20.332
59.422,68.718,31.642,-3.906,42.648,-37.047,-16.936,-11.724,-0.001,11.225,3.459,-12.371
57.224,68.143,31.43,-11.356,30.167,-29.761,-39.917,-2.074,-16.958,0.837,-13.017,-43.556
56.735,55.815,49.415,-5.645,39.64,-30.545,-21.025,34.869,-18.241,10.748,-14.364,-14.738
56.808,80.705,5.249,-60.457,-0.455,-0.625,10.427,-3.347,-24.808,-14.793,-1.892,-8.559
56.223,67.193,-5.274,54.435,33.31,-18.202,5.069,3.06,-42.523,-16.699,-59.863,22.471
55.694,65.035,33.49,-39.766,33.334,29.303,-2.758,0.273,-22.12,25.49,22.598,-47.275
57.935,73.831,19.692,18.332,32.81,-40.09,-36.392,-17.743,-9.093,13.096,-7.11,-22.135
54.951,87.232,34.328,6.226,11.224,-31.996,22.61,8.716,13.959,-2.557,-14.476,2.702
55.216,83.198,66.089,-37.948,39.531,-23.784,8.732,6.079,-21.093,45.001,-1.103,-35.314
57.998,137.651,37.961,14.713,41.21,-17.72,-10.374,-32.444,-16.546,5.394,-46.954,-28.162
57.652,134.516,19.458,-0.38,12.869,-16.97,-47.143,8.976,-29.557,-7.903,11.706,-29.148
54.523,58.064,-8.025,-46.255,6.413,-38.02,-3.306,1.968,-0.258,12.243,-5.864,-32.707
55.709,71.136,55.061,25.253,6.488,-13.105,-5.593,17.101,-12.636,-2.139,-17.173,-9.487
56.704,88.665,11.463,-29.987,34.695,30.278,-31.295,-32.933,-8.7,9.833,31.46,-13.638
55.91,79.263,-6.247,32.718,33.48,-24.767,-41.949,17.224,-20.606,-5.067,-19.433,8.945
54.114,35.09,64.715,-36.92,73.86,15.62,34.252,15.032,-18.889,14.386,3.584,-15.374
54.924,90.036,59.752,9.151,22.871,-17.917,-10.33,3.965,-8.176,2.769,-10.577,-5.954
54.528,73.301,22.168,-18.158,27.524,-25.674,-47.926,-16.698,-12.379,15.453,-15.396,-1.156
54.532,75.052,-36.753,-15.052,18.601,-12.529,-11.702,10.074,-16.46,-7.501,-39.725,2.999
55.735,80.342,30.281,-64.807,38.531,10.161,-5.421,-5.343,-22.317,12.57,-4.801,-25.008
58.071,49.22,47.055,0.384,37.005,-39.059,-23.167,22.599,-7.934,12.575,-4.336,-4.436
56.034,37.9,33.61,3.757,32.243,-31.515,-31.593,-7.589,-4.064,2.099,-17.418,-16.811
55.34,84.895,-7.478,-11.922,8.981,-35.277,-14.762,-8.602,-9.123,-3.245,-11.014,-42.599
56.843,72.478,31.245,-28.419,-3.695,-22.728,-26.057,-5.454,-2.946,6.272,-14.635,-42.676
56.889,90.927,-12.23,20.957,-9.085,-25.645,-51.883,-24.229,-24.783,7.184,-36.119,-21.369
53.369,72.826,-5.244,-89.783,2.091,22.867,-36.89,11.06,-0.291,-25.7,-21.202,-14.796
54.98,63.445,23.514,-43.25,-9.341,-25.653,-35.431,0.143,0.747,-5.077,-5.764,-35.524
57.224,92.565,19.844,-9.902,25.51,-19.941,-24.219,-20.133,-1.977,-16.874,-2.544,-61.505
55.621,40.161,9.691,21.564,44.33,-29.737,-31.799,17.937,7.206,28.477,-45.373,-12.883
51.784,41.367,-47.778,-43.423,25.266,-14.667,-4.094,0.313,-42.259,0.606,-27.58,-19.513
52.273,28.542,6.019,-60.594,72.815,-41.617,13.657,-44.773,-42.57,23.062,-7.609,-21.948
53.405,69.222,-7.071,31.007,70.11,-59.012,7.587,69.748,-26.826,-6.439,-16.322,2.943
54.303,122.205,-44.751,6.1,64.35,-34.228,-19.81,-15.159,-36.961,4.148,20.967,4.355
55.012,74.677,17.32,35.679,23.511,-32.555,-28.277,-12.072,-69.74,0.521,-23.533,-25.485
51.935,115.919,-42.069,-12.601,17.05,-32.261,-11.784,16.411,-54.315,-24.721,-13.066,-14.649
54.607,8.803,14.833,13.346,63.194,-16.55,27.622,6.321,-33.098,15.054,-23.222,-33.392
51.08,8.633,-19.636,-6.599,43.257,-35.676,8.305,44.496,-22.781,-19.809,5.291,-18.856
54.583,49.082,-2.528,17.777,0.93,26.444,-41.212,-0.044,-34.13,-13.916,-12.545,-48.486
52.945,117.984,-62.879,23.488,24.69,-73.344,-52.771,26.804,-35.393,16.722,-30.439,3.192
50.248,66.522,-101.73,-46.688,22.916,-53.509,0.222,-16.138,-21.695,0.414,-3.25,-11.715
55.089,23.17,21.554,-25.318,64.792,-4.323,27.179,32.72,-24.325,15.699,-6.01,-26.187
53.298,84.106,-39.857,23.502,-3.862,-76.013,-29.461,-32.847,-21.652,15.08,2.846,23.482
54.715,58.133,14.059,-13.224,5.759,3.602,-22.336,18.054,-29.507,6.419,-12.025,-27.586
53.59,-0.685,11.688,65.761,46.533,-20.548,2.126,-9.418,-1.412,12.585,-48.6,-20.346
46.376,30.022,-40.99,-37.409,79.195,-18.162,16.71,22.913,-15.066,50.151,-65.046,-9.119
48.586,22.94,-74.989,-37.501,25.311,-38.4,15.412,-2.733,-25.562,-0.979,18.643,-23.33
54.4,32.999,1.916,41.573,25.964,-32.708,-54.145,10.022,-40.577,-11.494,-33.372,-25.509
50.349,122.531,-2.284,-83.637,-23.171,3.585,-5.353,6.788,-51.327,-27.955,18.977,-21.781
54.583,38.578,24.745,10.562,35.611,-17.422,-36.831,11.087,-15.066,27.467,-32.462,-4.685
48.548,-10.055,5.922,54.184,22.878,-45.17,-6.911,35.278,16.253,23.891,-3.928,4.752
52.673,72.747,-37.882,39.2,29.426,-46.837,-44.387,-54.466,-29.378,3.638,15.281,4.562
54.525,54.228,-0.709,41.529,72.112,-21.904,-34.387,42.834,9.551,-0.186,-17.2,-6.153
46.465,25.682,-119.449,-51.616,10.709,-42.586,-0.689,32.538,-25.238,5.988,28.605,-9.86
49.056,92.224,-50.994,-80.875,49.31,2.864,36.264,-72.926,-28.753,33.492,-50.779,2.641
44.337,49.217,-79.164,-0.771,-4.934,-17.97,-6.001,-7.199,-41.46,-1.951,-19.922,-31.007
51.589,132.968,-56.382,-52.743,48.409,-9.331,13.185,-7.573,10.099,0.059,-8.363,-4.784
54.683,-3.961,15.588,-16.606,45.432,-35.679,-16.535,-18.831,2.78,32.885,2.988,-8.739
55.443,90.937,-49.942,38.182,46.994,-42.749,-26.274,17.993,4.621,2.839,-18.505,8.533
53.153,17.882,15.641,16.754,45.449,6.047,-0.299,28.359,-8.221,0.506,-22.773,-28.768
53.419,65.685,-39.964,12.581,42.302,13.388,-5.884,-47.007,-12.456,7.468,45.106,1.754
53.788,24.585,31.625,3.036,30.098,-17.757,-14.464,53.141,-17.744,-31.255,-18.47,-2.907
51.606,27.885,-8.435,99.167,31.588,15.531,-17.977,-32.521,-17.776,27.155,-53.639,-2.707
53.361,61.728,27.573,-39.363,27.499,6.961,-4.077,-32.739,-33.259,12.749,-17.445,-28.743
51.576,79.986,5.706,20.269,24.276,-6.376,-23.004,34.707,-5.423,18.19,-28.237,-19.445
53.787,25.584,-31.276,24.16,11.054,-23.382,-0.575,-25.019,-26.354,10.147,-43.543,2.434
49.442,49.125,-31.357,-22.061,33.269,-3.057,-0.038,21.203,-31.421,18.614,-38.403,0.791
50.201,44.867,-27.743,-43.851,43.658,34.316,15.24,-42.304,-29.67,1.435,-49.002,-3.858
48.827,81.485,-37.068,0.931,-0.277,12.637,6.281,-20.85,-13.694,-8.454,-51.705,-10.857
54.189,54.011,-8.678,-13.854,33.147,64.218,-2.754,-47.952,-17.207,-12.624,35.894,-15.481
50.427,7.388,5.915,-22.567,50.355,-30.49,-7.646,-23.504,-18.482,29.757,-33.388,-0.067
51.01,27.243,6.975,-43.968,4.814,23.137,17.558,1.448,7.915,0.688,-27.902,-8.592
43.991,111.432,-65.896,-33.656,27.675,-10.094,40.608,-38.829,-14.298,-43.313,-15.711,-12.801
44.482,169.667,-93.765,-48.341,55.487,-58.1,33.48,20.938,-35.21,-27.579,3.872,-13.005
48.704,129.885,-49.456,-43.126,45.65,-24.807,16.811,-20.296,-64.975,1.899,-4.217,-14.912
49.757,113.032,-22.318,-0.805,-39.614,-18.106,-25.404,-8.301,-55.97,-15.245,-19.718,-26.306
51.548,71.904,-56.7,101.578,10.841,-26.664,-55.187,-31.286,-43.965,-4.391,-54.692,4.147
50.681,17.758,-24.277,-69.497,23.563,43.547,19.045,-2.68,-34.094,-17.636,20.108,-28.614
47.863,4.322,-32.753,91.578,0.712,-44.985,-24.192,-6.053,-56.037,-14.969,-22.649,-6.497
49.115,110.602,-21.256,-69.336,-0.026,68.176,-10.631,-20.923,-1.51,-32.8,-6.429,-8.944
52.264,39.157,10.299,48.16,-1.927,3.918,-51.243,-20.494,-34.433,-5.267,-29.991,-19.88
51.797,57.06,17.004,4.251,34.901,45.368,-16.557,-2.654,-40.308,25.997,-37.382,-30.856
49.148,107.21,-18.916,-15.016,61.678,-76.916,-30.304,110.618,-1.893,27.959,12.495,-24.496
52.75,18.895,-28.271,-11.243,18.95,-20.291,6.675,32.562,-30.304,17.079,-35.783,-10.74
48.404,99.738,-52.129,-19.114,19.947,-33.286,18.335,-44.952,-33.398,-5.306,-20.688,-12.719
52.674,55.976,-4.447,17.986,40.23,-29.827,-13.523,49.988,-17.335,38.733,-14.534,-20.287
53.67,103.447,-24.055,23.268,-1.176,-6.879,-42.139,-31.614,-33.218,6.239,8.495,-4.128
49.715,77.46,-23.189,16.18,17.41,-11.985,-22.113,18.114,-46.342,13.357,-16.69,0.924
50.96,30.331,-58.212,-56.959,-4.867,2.45,-24.644,-0.18,-35.261,-6.721,-45.026,-31.224
44.715,39.688,-95.213,-35.993,17.678,-34.238,7.865,-27.622,-38.343,19.492,-44.048,1.543
51.43,43.599,6.424,-122.086,39.346,8.077,37.916,-22.603,-10.625,33.358,30.365,-6.741
53.532,65.484,-30.515,54.098,11.61,-74.669,-33.391,-26.856,-16.285,7.477,-32.295,-8.676
51.262,32.457,-55.996,-51.68,-3.37,-16.914,-13.281,8.442,-24.833,-28.972,-52.721,-27.735
45.5,1.012,-75.435,57.144,-7.414,-49.668,4.638,-35.429,-29.988,23.907,-21.213,-0.097
54.118,97.197,-47.759,12.352,5.265,21.734,-33.353,-10.108,-20.559,3.003,25.722,-13.896
47.608,9.121,-56.225,34.954,26.519,-41.007,-18.709,24.032,21.821,17.794,-12.73,-0.57
45.95,-7.94,-61.307,-69.087,85.801,-11.693,4.804,-19.166,11.439,-24.862,-2.547,-34.718
45.051,7.809,-82.225,17.363,78.499,-33.994,-25.377,53.273,16.602,-31.336,-33.584,-21.936
51.65,32.277,-24.719,-92.736,47.518,-4.475,34.566,-14.713,-24.27,-0.836,10.023,-13.347
52.619,21.33,10.639,-3.268,58.188,-8.966,-12.392,4.477,22.668,8.065,-9.154,-16.026
48.875,-13.721,-8.942,58.311,57.207,18.83,27.59,-19.603,-13.566,26.176,-55.698,-11.769
54.635,65.939,-4.844,24.098,53.53,-50.214,-33.645,-37.662,-20.053,28.869,-23.652,6.642
50.021,-14.251,-6.151,14.738,58.833,-49.244,-10.264,13.38,3.14,23.509,-28.546,-6.348
46.547,-64.422,-39.754,-2.051,88.095,-26.475,29.475,13.638,23.688,13.135,-57.392,-23.073
51.292,109.107,-42.567,-82.525,36.752,33.711,9.708,-14.152,-11.406,-2.747,11.89,-25.823
52.373,91.345,-77.513,45.038,48.449,-57.842,-27.938,-10.64,-30.033,14.281,-10.164,-5.724
52.279,10.09,-29.577,-65.925,40.404,-22.896,7.309,-3.479,-11.955,15.785,-34.5,-12.129
52.526,25.784,3.357,15.898,26.733,5.983,11.261,-2.285,-13.744,32.456,-50.449,-24.879
54.789,86.179,-25.956,4.006,17.366,-17.016,-32.654,-37.228,-26.941,10.805,-4.215,-25.83
50.489,51.651,-30.3,-26.404,39.662,-22.372,3.672,-5.801,-33.727,20.079,-3.915,-5.797
49.581,79.374,-10.435,21.683,36.736,-31.931,49.66,0.79,-49.327,6.304,-54.733,-12.114
52.795,29.108,-28.45,-59.094,57.11,-21.156,14.467,7.071,-2.726,27.244,-12.867,-20.442
51.498,12.122,-3.677,82.963,56.157,-18.021,9.069,9.649,-18.086,1.242,-70.32,-8.073
51.071,60.138,-13.55,-53.025,68.806,22.113,-0.762,14.462,-36.962,34.181,-21.739,-17.632
55.159,61.413,7.401,6.0,65.293,-45.93,-18.186,-43.938,-33.049,35.794,-11.773,1.252
51.417,133.686,-20.375,-26.452,33.437,-28.426,-12.975,-43.667,-20.76,9.365,0.291,4.895
50.361,25.004,-3.419,28.064,10.3,-36.511,-44.233,-13.17,-46.833,-6.145,-11.535,-25.003
53.198,6.304,-17.456,5.953,20.518,-5.569,22.087,-2.784,-9.298,12.043,-25.768,-25.545
51.774,-22.319,-16.336,59.377,73.515,-25.418,26.007,5.372,-7.714,27.437,-63.007,-3.48
53.174,15.961,-12.216,-30.31,89.489,18.126,30.579,12.699,-28.644,40.677,-9.649,-18.82
51.99,125.813,-88.111,4.698,40.762,5.705,-28.65,3.707,-18.113,14.875,2.879,0.151
50.389,46.381,-60.379,-59.411,14.071,-16.913,-12.471,-4.508,-19.665,-15.476,-37.166,-23.555
50.849,107.021,-15.354,-138.27,26.676,20.16,-23.32,10.855,32.784,-52.356,17.818,-15.348
55.136,47.265,5.687,3.919,55.596,-38.095,-30.483,14.669,-30.297,2.697,-23.814,-28.244
52.561,71.295,-14.026,-9.487,65.852,-44.791,-8.331,66.184,-10.979,2.185,-23.875,-7.707
49.613,90.833,-40.446,30.133,69.058,-26.96,-0.358,-10.214,-15.154,26.193,-44.44,-18.378
51.206,94.543,-99.382,-47.746,33.293,-23.258,3.99,2.291,-9.375,-39.347,21.711,-14.626
54.854,30.985,-3.274,3.692,40.533,22.679,-7.306,-15.027,22.18,31.52,-39.43,14.158
49.499,19.701,-5.353,-86.475,28.166,-21.647,8.705,-5.691,-31.385,-9.236,-16.019,-28.795
54.139,19.057,6.337,62.761,27.827,-7.993,-1.855,-15.256,14.691,7.66,-31.126,17.43
51.92,77.791,-63.859,53.398,41.352,-25.841,-20.582,-36.357,-23.511,-1.689,18.247,-5.322
54.854,-0.159,22.156,22.717,68.941,-23.818,6.36,13.162,9.029,1.861,-15.094,-1.668
51.591,59.698,12.971,3.943,9.718,-13.751,-15.488,-6.67,-34.082,4.965,-21.67,-24.304
51.243,31.553,24.471,-17.65,50.673,-11.578,22.84,-21.881,-5.852,42.453,-46.458,-10.739
52.191,38.947,26.987,-42.737,87.83,-31.369,22.358,-25.137,-23.229,40.432,-32.721,-20.92
52.772,28.013,1.796,59.621,53.655,1.715,-10.883,12.066,-14.049,-46.537,-57.045,3.812
50.366,-6.57,-35.142,-55.159,39.01,-25.052,9.797,4.666,-25.979,16.866,-20.344,-10.378
48.061,-8.383,1.473,14.709,18.241,-97.005,-34.532,3.296,17.362,30.559,31.856,-11.529
52.61,74.48,-37.78,34.993,40.798,-84.902,-30.532,-50.881,-33.862,8.888,-10.218,-0.221
51.959,-43.253,31.225,-31.611,108.049,-47.968,26.14,6.548,-13.577,-0.597,-0.717,-22.046
52.827,-3.289,27.475,2.795,92.992,-36.785,18.08,16.166,-4.256,-12.114,-26.318,-14.63
49.183,153.101,-47.534,-53.367,62.442,-31.356,3.551,-9.97,14.927,-35.535,0.134,-19.379
51.085,93.653,-13.396,0.909,33.175,-5.921,-40.387,36.782,-22.147,-12.76,-9.085,-32.324
51.09,69.295,-79.645,-74.706,48.695,-65.756,18.292,8.887,-7.343,-32.744,-1.554,-24.67
51.857,-3.518,-0.884,-7.852,52.018,-45.24,0.978,35.347,-10.084,-8.553,-24.409,-15.144
49.317,101.135,-33.025,-53.661,-15.291,-36.814,-30.713,25.829,-23.323,-19.26,-1.228,-53.381
51.487,45.9,-10.296,-29.586,22.199,-9.311,-15.112,-44.608,-22.296,33.526,-43.766,-18.514
48.95,34.328,-22.0,-49.757,41.833,-24.112,-12.465,-12.047,-23.282,36.27,-46.688,-7.549
54.194,57.64,-10.31,16.288,47.98,-70.566,-22.468,-58.783,-35.651,21.968,-11.313,-4.291
51.493,41.362,-22.165,-30.271,61.291,-9.198,-12.113,29.831,-43.436,32.209,-44.364,-17.376
47.373,-39.36,-6.464,-60.107,39.66,1.76,21.093,31.621,-4.42,23.626,-21.415,-25.964
50.764,12.557,77.621,35.364,82.941,-13.473,30.942,47.375,-10.709,4.003,-21.249,-40.605
50.387,27.755,99.289,13.353,109.274,1.232,12.212,-8.794,-1.663,60.404,0.414,-6.774
55.781,82.214,-36.804,11.826,33.516,-58.178,-40.796,7.763,-25.021,17.486,13.968,0.639
54.381,61.703,-30.307,-26.569,-4.645,-28.608,-45.108,6.33,-32.952,-4.866,-10.364,-26.984
50.595,33.676,-62.972,56.269,-2.122,-20.733,-30.939,-25.736,-46.541,-20.243,-58.373,-18.286
54.073,99.887,-32.171,-72.433,35.057,37.368,-22.619,-12.36,-9.189,18.905,-30.309,-5.096
54.658,46.901,4.815,-17.913,61.984,8.147,9.657,2.522,-14.984,31.327,-18.356,-11.374
54.191,25.828,26.795,-76.282,31.326,-27.765,-3.953,-4.851,-4.594,5.98,14.661,-27.972
57.668,56.346,59.162,14.835,58.41,-22.974,30.878,-16.469,3.719,-23.614,-12.051,-34.345
56.633,40.931,58.667,11.866,47.899,-23.796,2.134,4.427,-10.194,9.654,-28.572,-37.285
56.212,96.461,-0.942,13.862,20.462,-24.219,-48.659,-30.01,-8.742,6.7,-26.718,-7.781
52.837,46.409,12.569,10.634,38.85,-23.227,-14.679,-4.873,-6.192,21.203,-5.221,-11.311
51.349,-37.271,-25.241,-43.279,26.498,-61.763,14.325,-27.205,3.619,22.263,-16.582,-11.956
53.989,-22.474,37.542,-13.034,48.614,-42.598,8.83,29.652,18.21,-3.03,-0.062,-37.704
57.211,50.333,58.96,8.676,24.766,-58.289,23.681,-2.022,-5.063,16.984,-16.019,-39.613
57.025,52.661,43.222,13.405,35.931,-32.924,30.264,12.168,17.236,-6.407,-22.546,-9.495
55.665,29.182,27.763,8.748,27.348,-42.855,51.934,-8.062,4.196,9.525,-6.361,6.317
55.971,32.219,52.62,-30.112,24.892,-28.805,0.557,2.817,0.007,-5.198,-11.503,2.777
55.872,19.932,33.866,5.342,55.786,-25.715,26.338,5.084,-26.549,-5.197,-23.39,16.156
53.5,29.657,31.111,-40.143,78.846,-37.982,40.417,1.054,7.727,15.388,-8.092,-3.719
54.441,22.444,48.384,5.732,66.631,-53.443,42.493,-2.549,-6.809,13.5,-0.822,-18.97
55.853,30.102,29.936,-35.518,40.794,-55.496,31.628,11.92,-11.424,5.025,7.188,-26.264
56.441,65.305,64.91,10.852,49.141,-45.001,-3.081,9.177,-0.558,5.28,-25.601,-39.499
55.484,96.374,9.158,15.618,15.944,-26.433,-41.652,-30.747,-20.49,7.014,-14.534,-5.485
55.252,85.582,35.301,24.395,21.643,10.645,-23.467,-19.781,-8.944,1.722,-10.244,-8.411
52.132,1.245,-5.316,-66.419,24.319,-46.536,29.094,8.86,-5.436,18.971,-27.328,-2.063
56.462,93.327,55.718,-4.056,-1.834,-24.491,13.452,30.412,10.641,-25.844,6.833,-60.083
57.772,99.321,25.801,4.745,-2.053,-23.795,-12.335,-9.711,-36.718,3.036,3.912,-23.81
56.142,72.658,2.663,3.499,-23.57,-25.39,-23.761,7.374,-4.701,-0.257,-36.055,-28.006
55.38,102.593,-11.914,0.896,4.388,-21.869,-43.105,-15.994,-23.035,13.009,-4.789,-14.402
54.463,103.668,-33.923,-3.542,10.015,-4.067,-47.616,-8.009,-19.655,-18.02,-20.222,-16.471
51.83,106.67,7.69,-76.825,38.788,-27.909,32.417,-69.928,-34.431,9.305,-6.447,-25.899
53.513,103.409,7.425,33.997,20.63,-26.197,-21.013,0.61,8.983,-11.758,-23.944,-1.559
52.874,58.052,-36.386,-65.675,22.799,-3.366,-10.136,4.3,-10.111,-5.333,-11.643,4.985
50.253,61.057,13.032,-123.789,25.832,-0.092,35.429,-27.963,-17.798,9.293,7.899,-23.746
55.648,56.298,42.863,-16.658,12.98,-34.362,-1.079,9.313,4.099,-0.567,-13.801,-26.358
57.57,94.638,12.817,-6.219,27.674,-39.314,-28.197,-17.991,-9.868,3.278,-6.477,-13.584
54.568,96.722,6.83,9.019,13.304,-21.483,-21.367,-9.503,6.959,-11.989,-30.158,-27.95
54.603,27.675,53.195,-15.973,49.037,-10.989,-20.421,-7.411,-24.334,23.329,-3.095,-43.124
56.129,109.962,13.88,3.384,14.619,-55.119,-52.712,-13.722,3.812,9.276,-20.499,-21.247
57.4,116.288,5.693,-16.752,35.141,2.208,-45.393,-11.494,-5.959,8.522,15.2,-17.551
56.454,64.39,55.535,29.361,60.659,-32.809,-2.676,19.217,3.622,9.082,-17.962,-3.474
55.663,106.927,14.884,-30.446,17.651,-16.468,-59.038,-6.363,3.644,15.22,-6.204,-14.556
55.159,70.776,-23.079,28.127,21.948,-24.385,-19.929,1.363,-22.8,4.404,-45.387,-7.546
54.003,51.495,38.698,-56.468,29.889,-29.692,-5.847,11.972,-18.636,19.73,1.781,-21.095
56.539,78.274,21.004,3.743,28.953,-18.091,-28.462,-25.452,8.404,-8.727,8.476,-39.287
55.435,66.387,27.896,7.482,20.391,-33.928,-15.246,-7.23,8.486,29.257,-27.333,-22.467
55.392,70.49,27.052,-45.132,3.123,-36.137,-13.453,6.202,0.867,20.633,-9.871,-31.253
56.607,87.768,-11.411,3.106,12.52,-23.843,-32.736,-18.024,5.732,-8.582,-7.161,-27.792
57.028,116.48,13.073,-15.023,-22.286,-32.603,-32.749,0.263,-5.476,0.101,-12.751,-37.571
54.599,72.225,-26.054,9.249,13.978,-66.931,-31.398,-41.123,-11.376,17.973,2.934,-0.242
56.042,94.347,-0.26,-27.436,17.963,-16.015,-49.69,21.802,0.216,-13.14,-9.782,-39.294
47.595,59.887,-20.87,-20.444,37.221,-32.33,1.286,-15.377,24.092,-1.572,-15.14,-48.503
52.567,62.275,-50.637,-73.815,26.023,-23.789,-5.201,11.538,-22.655,-20.3,3.456,-6.544
53.27,65.38,2.013,-25.083,48.931,-7.822,-0.347,0.327,0.975,16.012,-15.509,16.987
53.097,93.822,-11.865,-10.342,10.617,2.145,-29.199,4.063,-26.608,-2.853,-16.63,-1.067
55.139,53.379,25.937,31.031,26.628,4.796,-0.365,-5.266,-14.735,18.882,-20.361,10.824
56.549,81.652,18.329,10.614,30.729,-30.813,-51.203,-24.065,-13.548,24.207,-11.555,-26.379
54.528,55.679,17.278,33.763,35.618,22.201,-16.069,11.491,1.632,21.768,-35.708,-30.82
52.259,72.367,-13.255,-56.767,14.374,7.258,9.269,-7.802,-10.851,20.993,-9.511,-1.474
55.67,47.893,42.567,-73.01,7.327,6.846,10.098,-14.808,-20.852,-10.962,-5.006,-17.593
58.134,63.074,19.886,20.913,19.949,-41.857,2.136,-24.703,-13.775,4.823,-20.031,4.904
55.037,14.391,56.839,-55.059,29.631,-4.257,20.496,15.264,-4.206,-21.621,-22.481,-29.011
55.864,38.554,30.871,8.326,49.932,-10.988,12.997,5.759,-9.436,7.356,-21.256,-27.278
52.409,24.075,33.687,-9.3,44.182,-37.288,45.225,15.089,-1.366,-17.654,-9.633,-31.1
54.985,58.12,0.124,-57.133,46.05,-41.696,18.212,5.503,-8.721,10.748,17.939,-27.278
54.522,114.113,6.182,-46.095,-1.519,-13.034,-38.29,24.25,-7.011,-5.317,1.984,-9.263
54.17,121.904,4.22,10.003,13.361,-19.823,-32.285,-11.738,-9.613,0.71,-48.614,-8.748
51.649,95.81,-0.045,-63.322,25.478,9.95,-10.757,-9.92,-17.79,-9.946,-8.982,-12.568
55.318,68.532,33.647,-50.288,51.73,15.387,-13.462,1.251,-9.55,-22.861,-8.338,-11.388
54.516,51.517,24.623,44.035,37.347,-25.402,-13.282,6.527,-16.158,12.788,-53.704,-34.31
51.821,23.632,20.703,-114.796,44.289,19.458,33.624,-3.332,7.218,-11.557,-18.193,-30.223
57.724,126.266,15.588,-41.13,22.295,-14.654,-23.593,-7.504,-15.377,4.587,-10.831,-48.543
57.855,113.476,-2.658,-9.028,6.482,-34.317,-54.89,-5.248,-23.467,0.33,-7.658,-17.421
55.628,50.982,14.461,-75.254,15.333,-8.077,8.961,16.186,-2.858,2.566,-9.918,-14.581
54.702,73.556,-20.058,0.764,11.294,-11.218,-42.897,-13.242,-5.421,-8.089,-30.761,-2.342
57.012,89.363,1.127,-34.463,20.145,19.114,-39.823,-21.854,-12.563,3.949,21.155,-26.231
57.549,69.939,27.574,-18.006,31.518,-20.356,-32.794,6.898,-13.969,-11.294,-9.54,-36.292
56.208,98.667,23.559,17.18,25.223,-20.767,-33.163,8.563,-25.956,7.036,-31.368,-38.609
55.324,92.483,-15.712,-68.126,-12.951,-12.393,-4.538,3.769,-25.604,-12.912,-7.942,-12.736
55.044,69.77,-0.113,13.619,15.241,-19.743,-3.634,14.973,-34.57,-7.053,-39.991,25.747
53.058,72.162,18.004,-62.603,29.851,-1.737,5.696,-15.794,-25.979,16.376,5.556,-41.335
56.798,93.23,8.829,9.855,31.162,-28.185,-29.653,-19.63,4.927,1.786,15.289,-18.655
53.057,59.113,5.115,43.888,13.01,-15.923,-22.497,-6.08,0.899,7.818,-60.921,-17.561
47.355,97.362,14.501,-15.737,14.131,-14.54,42.329,-14.199,19.261,13.262,4.337,-20.725
47.886,56.955,4.555,-9.258,23.053,-24.537,9.7,-37.026,-3.964,6.958,-7.382,-24.054
52.965,81.167,-12.949,55.724,15.411,-68.614,-31.187,-30.593,-10.25,17.83,-6.067,8.32
49.224,47.833,-43.889,-25.982,-4.474,-31.433,-11.165,4.759,-6.269,15.353,6.275,-12.695
45.215,23.798,-34.96,31.27,14.824,-46.421,4.885,-33.487,-23.512,27.684,-33.585,9.176
57.395,119.056,3.263,5.868,33.853,-13.795,-49.06,0.312,-20.323,6.233,-23.897,-9.286
52.614,37.377,54.638,-62.347,75.094,29.057,34.081,16.591,-17.615,7.126,-25.312,-5.716
51.548,87.056,6.451,-37.015,33.575,15.754,-28.308,-1.419,-29.72,12.558,14.348,-10.27
54.05,70.727,-22.421,-53.109,26.891,-12.003,-41.825,-8.968,-17.213,5.515,-15.875,2.478
53.737,62.765,47.585,-84.634,16.703,36.42,-3.378,-5.612,-33.353,3.46,-9.694,-21.497
56.921,76.271,48.497,-13.447,22.568,-37.617,-25.088,3.407,-9.832,-2.181,-5.418,-43.966
57.976,85.065,34.638,4.282,32.966,-43.075,-33.912,-20.938,-6.81,-0.487,10.64,-27.95
56.594,67.239,2.265,-27.661,-8.036,-41.32,-11.561,-5.332,-3.071,-5.583,-4.308,-50.836
56.76,64.639,26.626,-18.12,8.974,-35.505,-23.433,-17.654,4.81,8.183,-7.887,-49.043
56.246,83.353,2.389,0.071,0.62,-8.829,-30.937,-11.751,-0.299,-19.491,-26.587,-37.154
55.874,85.857,-11.193,-41.921,11.977,13.454,-38.29,-18.355,8.442,-7.839,12.146,-21.557
54.759,51.424,-3.756,24.313,36.828,-18.054,-43.959,14.805,0.266,10.27,-53.909,-37.95
46.143,-27.503,-51.877,-29.67,-18.749,-46.487,-15.672,8.437,12.459,-9.339,-6.435,-11.911
44.024,23.872,-10.615,-21.416,-10.074,-28.939,-8.517,9.691,4.192,21.026,-11.211,-19.14
44.595,-5.464,-12.903,-14.241,6.456,-15.192,-13.63,-12.365,-1.414,22.748,-15.16,-21.597
41.242,-42.927,-33.411,28.468,-3.701,-44.643,-9.744,-19.986,-2.553,24.169,-19.467,9.187
45.591,18.83,-64.105,10.175,30.03,121.111,-15.97,-20.009,18.721,-48.263,-28.269,-6.573
42.319,-25.894,-34.23,21.049,13.438,12.476,-13.557,-20.76,2.064,-0.636,2.461,3.769
40.243,-89.188,-92.521,12.368,-43.699,-85.412,-14.193,29.414,11.273,-19.736,-14.929,-0.426
34.964,-94.687,-81.081,8.52,-30.946,-48.46,23.349,-40.362,-2.71,17.735,-15.546,15.745
40.769,-63.514,-55.139,45.473,-13.436,-17.42,23.503,-43.131,-6.112,4.048,-28.116,13.969
44.305,-7.543,-107.977,86.194,26.2,127.201,9.174,-37.114,20.936,-56.602,-9.537,-6.609
40.568,-114.832,-94.625,49.654,-29.589,-28.657,6.723,-21.884,8.869,-29.741,-33.976,3.409
38.485,-94.013,-64.124,75.444,-19.403,-35.744,27.009,-59.395,-13.569,14.305,-41.7,9.763
44.178,-27.788,-114.48,122.669,17.777,125.579,7.435,-72.567,2.996,-48.462,16.988,-7.136
39.188,-80.352,-60.384,80.812,-18.571,-19.553,9.135,-56.744,-20.483,7.152,-31.048,11.707
32.584,-78.778,-51.644,5.283,-50.704,-44.172,27.507,-37.103,-29.556,6.873,-17.885,8.548
31.888,-72.994,-51.028,9.837,-47.651,-20.488,30.831,-35.755,-20.428,-8.834,-4.929,-0.58
39.541,-98.959,-76.407,32.564,-26.996,14.572,8.289,-6.221,-1.495,-25.005,2.529,-12.318
35.988,-64.657,-46.123,38.292,-17.262,20.177,20.51,-40.265,-3.297,-11.261,0.918,-10.897
37.847,-57.307,-36.138,54.176,-9.985,-20.277,1.84,-40.801,-10.677,6.224,-22.508,-4.086
36.509,-66.608,-36.683,54.526,-14.396,-34.107,-4.002,-44.276,-15.087,10.486,-22.061,0.079
42.174,6.385,-83.644,110.558,18.409,113.815,-10.642,-57.977,-2.535,-38.514,26.693,-12.666
37.857,-43.687,-26.353,56.09,0.325,-32.858,-19.884,-39.943,-13.37,13.252,-20.385,10.823
36.188,-111.329,-86.534,20.318,-51.793,-54.731,-13.67,20.651,-3.785,-6.785,22.174,-9.822
32.064,-63.519,-51.088,-42.042,-49.878,-17.013,20.01,2.731,0.904,-18.952,-8.983,3.917
35.345,-53.358,-41.19,-22.023,-18.795,41.677,26.68,-10.035,4.441,-18.416,-20.621,1.91
42.81,20.778,-88.148,146.103,-11.607,-79.463,-43.743,-75.508,-25.651,3.293,-39.321,9.029
36.944,-85.864,-84.588,17.226,-29.339,-7.587,-4.287,15.365,8.95,-11.335,9.77,-11.675
34.69,-42.355,-35.749,22.062,-17.355,-51.549,-4.417,-15.567,-4.949,21.458,-27.432,3.637
41.972,24.377,-88.528,142.309,6.873,-37.602,-41.44,-69.109,-18.226,5.864,-11.411,7.067
33.448,-24.76,-51.936,53.973,-16.768,-6.283,-5.588,-7.842,-1.341,-3.329,8.636,-2.368
27.301,-23.812,-20.642,-10.927,-43.571,-21.275,30.26,-12.043,-10.479,-6.449,0.905,-2.139
33.697,-85.543,-68.887,9.267,-29.881,37.614,4.966,11.531,-5.322,3.39,1.653,-7.372
31.743,-44.536,-46.856,32.357,-33.332,-46.843,0.639,-25.237,-5.623,20.409,-16.625,-1.922
32.605,-51.043,-42.377,35.922,-17.941,-35.741,-2.895,-32.96,-6.54,6.881,-21.338,-4.375
30.562,-46.237,-44.869,25.914,-10.721,-11.306,9.169,-28.753,5.851,8.13,-2.637,-9.893
37.712,17.47,-86.811,152.788,3.412,-70.998,-50.05,-76.555,-21.855,5.785,-36.991,6.586
30.781,-47.287,-39.32,52.117,1.371,-28.298,-10.487,-31.829,-6.672,7.982,-25.964,5.48
28.525,-106.072,-98.379,39.691,-45.121,-73.689,-20.85,38.178,4.586,-14.119,3.722,-11.144
22.797,-37.4,-53.909,-0.02,-29.858,-36.347,18.267,-14.106,-2.306,4.106,-15.116,-8.065
25.192,-57.623,-30.6,-43.967,5.253,53.798,20.54,-10.179,-3.033,-19.366,-46.13,-1.547
33.885,25.974,-103.564,171.458,21.26,-19.98,-48.738,-68.263,-27.028,-4.799,-26.006,4.541
27.722,-97.015,-98.726,31.101,-9.919,19.65,1.096,13.109,1.273,-15.425,-4.176,-10.063
24.786,-49.569,-63.872,47.938,12.257,-0.387,3.603,-21.799,-8.769,-0.076,-15.358,-6.432
32.212,19.492,-98.627,166.852,23.19,-57.643,-53.546,-73.263,-29.381,-0.761,-51.167,6.34
24.234,-39.342,-66.057,75.756,26.282,-24.233,-13.158,-20.143,-20.353,-1.306,-41.393,7.903
15.734,-16.031,-68.181,0.465,-6.22,-45.83,8.631,1.924,-19.565,4.912,-25.227,-11.446
15.432,-7.825,-61.156,6.558,5.606,-39.632,10.128,5.62,-16.01,-1.227,-27.218,0.012
24.155,-91.832,-114.096,36.479,-6.822,-34.883,-9.002,12.512,3.934,-33.27,-38.599,-5.488
20.139,-39.392,-84.472,46.861,12.403,-33.409,1.42,-0.265,-16.283,2.225,-44.375,9.124
20.324,-41.017,-74.347,41.525,17.438,-25.302,-0.878,-7.399,-18.662,0.286,-37.882,9.628
18.525,-25.583,-69.812,35.54,15.163,-32.039,-1.363,-0.967,-16.64,9.034,-40.056,6.978
25.347,39.801,-100.681,145.387,32.111,-51.707,-49.064,-51.87,-28.318,0.947,-44.874,5.189
17.762,-5.057,-58.796,40.407,24.642,-29.889,-19.291,-4.156,-19.963,-3.23,-38.037,6.086
15.602,-75.782,-138.503,6.893,-8.995,-83.217,-20.015,53.388,-9.65,-22.88,-13.672,-7.119
10.134,-5.648,-116.944,-53.902,1.73,-42.317,-4.108,16.67,-22.352,-3.964,-17.281,-3.986
13.98,-10.647,-62.006,-7.713,11.372,-21.754,11.13,13.616,-16.245,1.509,-19.719,4.964
18.381,67.232,-104.608,113.516,19.63,-54.734,-56.308,-18.77,-18.547,5.055,-32.373,9.228
10.611,-7.574,-109.155,-11.109,5.518,-68.007,-8.986,57.354,-14.752,-27.915,-6.802,-14.547
7.094,139.291,-52.136,73.816,32.35,-58.855,-44.712,27.007,-18.075,-15.721,19.54,-7.527
