0.0,171.13,9.469,-28.48,57.491,-50.067,14.833,5.359,-27.228,0.973,-10.64,-7.228
23.822,58.661,-66.701,103.449,15.612,146.686,-35.958,57.626,-27.021,62.979,-53.122,-0.891
33.018,106.808,42.923,290.448,80.7,26.029,-45.759,70.16,-20.642,0.066,-125.785,12.594
0.0,171.124,9.477,-28.475,57.495,-50.088,14.839,5.359,-27.217,0.952,-10.65,-7.221
40.863,95.479,117.413,110.333,75.967,5.851,-18.457,19.168,-24.968,15.482,-33.17,3.924
27.155,2.728,-94.57,149.576,-1.849,-37.646,-53.511,54.012,-40.128,-19.939,-79.743,17.931
33.353,-11.563,-42.162,38.008,8.741,18.456,-35.694,1.996,-37.836,50.771,8.996,5.915
31.68,3.442,8.304,-56.394,0.97,-15.081,-37.949,-4.712,-34.174,-11.923,12.378,-10.808
41.701,77.473,88.12,98.331,59.612,-18.865,-17.415,19.657,-10.303,-5.897,-45.264,5.1
27.254,-7.08,-69.022,130.364,3.865,-6.615,-40.112,37.064,-31.161,-4.932,-76.741,16.798
35.044,12.991,-19.167,-18.78,36.336,30.33,-46.988,10.749,-12.782,11.226,24.94,-6.681
35.004,145.593,-88.181,-92.436,31.852,-45.365,-54.0,19.425,7.36,-8.997,9.476,9.746
39.345,181.473,21.837,-16.403,58.356,27.164,-31.377,-65.585,-27.038,7.338,-51.794,10.96
28.593,-5.641,-39.913,36.849,3.477,-30.99,-38.783,7.67,-17.022,5.416,-33.019,-2.69
26.225,40.792,-78.392,140.841,6.442,61.002,-59.603,58.661,-19.302,28.824,-74.355,-2.259
32.066,119.746,32.48,286.898,76.905,28.686,-45.42,59.87,-26.601,10.95,-129.462,14.933
0.001,171.109,9.465,-28.479,57.501,-50.092,14.798,5.356,-27.223,0.927,-10.649,-7.227
40.914,90.687,123.688,105.622,80.809,10.813,-15.469,15.702,-23.687,17.046,-35.586,1.615
27.141,0.416,-91.981,152.037,1.836,-39.683,-52.347,53.143,-37.477,-21.245,-78.21,19.27
33.304,-11.177,-42.122,38.344,9.347,19.494,-35.455,1.43,-38.065,51.482,9.932,5.39
31.404,2.161,3.515,-52.992,0.478,-12.956,-41.469,-3.78,-34.632,-9.428,7.003,-13.114
41.074,84.145,94.661,96.136,55.291,-10.805,-14.699,14.882,-18.243,-2.419,-42.169,0.631
27.234,-8.573,-70.448,132.624,3.888,-5.533,-41.043,37.602,-29.337,-9.349,-76.212,15.943
34.981,12.654,-20.278,-18.423,36.472,30.6,-47.426,10.145,-12.948,12.079,25.289,-8.082
34.922,144.892,-88.63,-93.627,32.524,-43.961,-55.239,18.923,8.646,-8.483,9.494,8.414
39.543,178.144,25.607,-23.618,58.953,28.466,-31.682,-73.677,-30.553,6.297,-48.895,10.108
28.585,-14.061,-37.502,24.382,7.611,-25.97,-33.33,7.572,-20.681,-5.433,-23.774,-8.347
36.383,17.394,12.456,115.835,27.544,100.935,0.219,20.297,-18.953,3.478,9.042,1.663
39.089,119.412,122.127,-2.288,24.151,120.334,35.243,-11.343,-21.409,-22.171,62.333,-9.665
37.908,64.451,45.165,207.315,58.133,6.733,-30.354,25.115,-23.119,-4.183,-99.195,11.431
28.579,50.623,50.836,181.788,25.617,-1.018,2.921,-38.141,-43.546,26.49,-21.37,11.855
32.091,41.074,12.101,215.216,34.905,8.105,-27.292,11.316,-28.356,-16.509,-92.973,25.477
38.967,97.086,167.913,60.326,46.0,-30.764,13.241,-22.686,-45.285,7.967,12.509,-1.683
41.106,86.744,109.095,106.41,69.829,-8.495,-11.532,11.035,-20.655,5.872,-47.745,5.518
33.556,4.668,-29.246,56.393,-5.34,-3.156,-38.095,12.268,-33.667,-19.397,-54.696,21.977
27.69,57.876,56.565,159.985,-6.865,-86.473,-14.535,-22.208,-28.472,7.021,-40.658,4.197
39.336,5.082,-18.381,119.386,7.149,14.443,-22.437,0.281,-31.26,7.966,-26.934,14.657
40.138,48.499,65.878,22.562,12.206,12.882,12.426,-19.933,-23.977,13.655,23.776,9.693
41.931,74.52,86.624,96.683,53.625,-16.46,-14.075,14.982,-14.214,-3.587,-47.234,2.949
33.824,10.045,-26.964,149.8,5.464,71.426,-19.289,18.618,-23.619,-26.704,-79.221,21.577
36.419,13.011,-4.817,2.662,29.453,-20.053,-46.639,13.18,-19.4,-1.104,2.53,3.911
39.292,130.741,17.099,-150.151,28.798,-13.849,7.148,-13.757,-15.755,-1.491,11.427,10.428
43.567,149.924,54.337,78.113,65.133,-1.571,2.066,-42.936,-37.139,-22.221,-59.329,23.735
33.34,12.57,1.329,60.873,-10.532,-54.797,-24.425,-6.102,-31.245,25.996,-16.597,16.828
30.2,14.01,-29.762,121.706,12.448,43.374,-11.941,11.936,-17.224,-22.561,-46.491,19.73
36.003,23.948,32.333,18.915,8.124,143.303,14.25,3.918,-38.644,38.647,-1.546,2.153
24.735,61.34,-18.898,131.62,-27.786,-91.628,-29.452,-41.772,-46.93,13.083,-53.366,24.771
35.69,98.425,143.396,25.414,46.268,99.96,55.517,-15.222,-26.379,5.707,65.196,-9.489
37.615,71.836,66.351,158.001,57.004,29.756,-18.726,-8.831,-23.988,-5.688,-79.632,11.548
28.029,49.383,33.638,98.342,20.806,103.465,15.154,5.222,-18.453,-7.044,33.274,5.139
35.951,81.746,111.179,149.462,27.559,-9.777,-11.582,3.903,-32.507,-6.716,-65.845,4.853
24.874,71.133,-2.297,146.214,-12.799,-30.655,-16.353,-35.174,-34.691,12.34,-29.516,24.801
38.492,155.212,163.63,48.326,23.946,67.314,34.027,-15.646,-31.578,13.61,41.56,-8.614
41.58,85.053,117.866,95.469,61.671,1.549,-8.829,3.144,-28.778,16.302,-39.728,6.441
32.53,-7.99,-11.017,31.847,-1.931,12.368,-29.133,-2.729,-32.466,-16.027,-52.051,11.57
28.577,68.492,53.116,141.583,-14.578,-75.378,3.487,-33.913,-33.575,10.378,-31.589,7.208
43.206,33.868,80.827,49.236,4.68,6.735,-10.456,-12.147,-38.411,14.738,2.826,7.977
40.971,20.192,78.968,-6.64,-9.879,-33.549,7.431,5.791,5.971,4.144,-0.502,-13.105
43.381,55.671,114.709,46.851,21.497,-39.427,-9.938,-29.461,-25.941,6.918,2.604,3.261
43.806,57.893,115.407,51.186,49.988,-9.447,-2.221,-2.74,-11.942,-24.28,-2.989,-8.437
42.505,45.279,135.503,19.853,23.802,-11.878,31.84,11.954,-13.815,4.219,-2.206,-3.222
44.147,51.183,107.58,-2.639,41.708,-37.615,32.24,20.089,-6.805,4.93,7.046,38.152
47.725,88.025,36.875,-10.257,0.381,-46.006,69.358,21.686,-21.208,2.382,2.825,31.584
49.629,131.572,27.503,-42.019,10.519,-47.936,72.865,35.183,-24.773,-6.91,-0.693,28.467
50.229,74.21,-45.039,107.031,7.662,-16.133,1.419,28.74,0.237,-11.511,-90.129,23.685
47.317,136.824,-45.673,15.303,7.251,11.969,-25.814,86.288,-3.925,6.507,-0.935,-13.82
45.829,151.683,52.894,-69.397,45.596,24.29,-39.228,-44.847,-48.755,49.172,11.695,-16.708
49.546,107.258,-37.41,89.062,3.0,-28.904,-0.594,35.307,3.594,0.158,-13.88,-1.998
43.733,92.513,84.216,69.938,90.379,36.169,-28.275,30.076,-19.999,24.757,-37.001,-34.739
46.829,97.103,-48.342,51.048,22.533,-8.965,-5.238,81.434,5.155,22.935,-31.917,1.862
44.222,104.139,124.712,-33.113,70.763,76.446,40.918,-46.864,-45.846,62.328,22.764,3.653
50.703,72.532,-41.001,75.619,24.464,-40.254,1.924,6.365,19.264,-8.898,-32.364,3.103
42.451,115.532,-17.436,-3.878,53.063,-14.569,-44.476,84.108,-7.247,13.777,-20.781,24.67
40.096,172.581,15.035,-33.882,63.193,108.883,14.926,-64.764,-32.476,93.86,-107.62,21.804
46.371,76.536,131.318,12.237,86.012,21.108,32.796,36.779,7.854,11.961,27.849,-18.705
50.921,92.611,-38.589,55.431,2.419,-53.014,6.09,29.78,6.251,-6.793,-4.494,11.365
45.67,20.543,88.596,27.752,44.447,-16.07,-10.947,-1.215,-30.509,-15.52,-17.653,-25.54
42.223,23.175,69.252,129.238,68.846,14.683,-33.784,-21.223,-15.944,1.657,-89.491,-7.701
46.19,64.313,-55.727,81.584,22.494,-12.883,-17.481,54.153,13.976,18.508,-72.412,3.986
43.02,75.006,112.948,-75.44,70.676,80.023,22.615,-18.526,-20.693,19.909,11.688,-1.678
49.121,69.12,-55.433,103.442,14.814,-36.492,-7.259,10.411,11.131,-16.026,-47.166,6.994
35.907,238.204,7.092,42.992,73.93,-25.38,-11.397,16.864,-3.99,-17.04,-12.541,5.927
45.098,125.06,-64.475,61.486,1.406,13.921,-18.137,93.729,-35.271,39.964,-18.505,4.949
40.388,5.777,96.249,-152.727,85.168,12.251,5.319,21.967,-4.066,35.539,10.582,-1.654
49.545,101.407,66.957,33.105,57.555,1.846,16.86,34.533,-5.935,13.133,-54.855,19.013
44.346,14.457,42.062,58.431,61.616,-8.946,-24.381,22.476,-21.0,-7.346,-40.251,-1.381
43.426,30.014,9.252,-66.642,40.938,109.86,55.854,-5.665,-10.983,12.037,2.733,8.166
40.041,37.386,-5.178,138.463,32.799,-20.146,-42.029,53.112,-24.936,-31.438,-57.225,10.635
44.388,85.472,115.926,-54.313,54.591,100.746,-11.739,-7.252,-29.009,34.293,31.235,-21.794
50.092,84.708,-37.944,88.279,22.732,-14.769,6.824,36.082,1.488,-13.024,-22.358,4.835
39.644,33.052,18.454,62.893,56.925,95.236,-6.416,-0.894,-14.048,-22.367,-74.868,-3.754
48.71,73.07,-19.679,-22.607,-9.821,-17.781,18.341,-4.898,-31.624,17.787,24.263,-2.594
42.847,65.119,24.616,80.423,30.972,-1.396,-19.088,34.541,-55.406,-19.039,-77.537,7.204
43.585,81.505,106.352,-89.342,63.824,83.426,10.637,-16.019,-19.637,-3.281,14.6,-11.518
50.193,101.366,-45.486,86.434,10.25,-65.554,3.902,52.971,-1.06,-15.621,-39.061,14.045
43.085,102.543,62.514,25.259,59.435,46.776,-34.031,37.322,-41.436,49.446,-33.342,-2.712
41.272,133.33,-13.21,-32.021,16.131,35.881,12.387,32.513,-37.077,15.71,-45.618,26.735
35.822,-7.285,-33.365,111.769,59.502,-56.738,-56.145,8.098,-41.092,53.176,-4.399,3.001
44.686,89.385,-16.813,6.372,1.761,8.296,-63.579,18.719,-27.972,3.326,0.859,-16.455
49.875,107.286,-56.336,80.268,20.645,-53.294,6.325,37.161,4.315,-10.169,-18.224,8.73
39.732,258.891,21.852,18.211,95.941,-43.169,-36.992,10.4,-10.867,5.351,-23.819,10.465
47.895,43.464,28.656,5.066,6.845,-57.908,15.75,-0.436,-16.107,9.588,-9.63,-18.739
41.686,51.747,5.234,142.677,64.023,13.593,-45.13,38.954,-11.128,-19.165,-104.261,-0.363
34.406,30.076,92.913,-241.914,49.274,102.884,70.971,18.343,-0.007,14.798,4.926,-7.3
45.215,50.921,101.138,-13.749,86.66,-12.912,-45.015,-13.749,-14.684,0.157,6.567,-19.852
43.24,61.982,-7.21,123.062,46.481,20.534,-40.945,67.031,-4.97,-25.909,-91.41,-4.888
40.268,31.086,20.391,-150.03,34.158,133.532,28.265,-17.086,-44.678,29.662,27.899,-26.072
45.566,20.406,103.249,-30.126,45.937,-31.38,-34.945,10.595,-29.305,-29.23,0.94,-41.573
46.581,29.791,152.594,26.444,80.812,-22.611,-3.64,3.355,-14.118,-17.805,6.141,-14.222
50.314,78.698,-37.664,66.959,-1.49,-68.317,1.155,-5.613,-4.302,-18.895,-23.189,12.581
39.792,151.368,-17.485,138.849,73.274,-54.875,-67.765,137.781,-42.126,-40.264,-31.119,-6.845
42.979,82.717,-78.869,115.756,4.828,34.237,-32.653,40.463,-21.588,36.813,-55.809,-14.283
34.115,111.646,87.747,-180.411,21.297,54.603,30.013,-10.361,-14.365,38.321,-47.005,1.53
43.853,125.96,42.89,48.096,93.394,71.193,-13.781,68.403,-7.186,6.311,-19.24,-10.99
41.525,185.703,-31.773,12.913,47.073,84.761,17.167,43.226,-30.006,101.991,-50.65,8.991
44.883,132.24,125.482,-29.623,120.612,51.243,24.048,4.191,-64.392,73.503,19.705,14.063
49.803,63.871,-32.489,91.925,34.635,-31.789,9.721,-4.856,10.287,2.688,-24.819,8.24
40.102,109.857,-1.782,13.612,93.849,3.714,-43.841,118.878,-15.316,17.092,-43.767,3.496
42.514,120.337,-5.875,-30.793,55.274,96.125,29.722,-55.227,-34.557,82.376,-43.335,7.119
45.58,58.964,146.17,4.183,119.575,15.728,40.517,52.978,-25.685,-25.264,29.521,5.448
49.913,68.127,-45.602,95.041,18.823,-36.761,4.936,-1.65,16.946,-15.348,-38.934,9.087
44.455,81.08,82.066,81.096,72.445,32.461,-30.868,-5.467,-12.038,1.242,-18.183,-22.08
40.842,175.373,-58.264,12.194,45.399,68.412,-8.086,21.653,-14.008,55.16,-57.956,7.75
40.056,111.894,-61.463,59.911,123.278,-39.193,-37.669,109.845,9.622,-27.356,3.841,13.599
43.679,113.059,90.073,-27.336,103.689,44.17,-1.687,-27.08,-59.253,60.383,11.187,-18.671
49.724,101.88,-52.914,76.717,11.59,-67.683,-2.46,38.845,5.573,-2.16,-32.017,10.888
37.335,44.531,-6.634,165.406,99.388,34.414,-32.951,3.233,-22.461,54.367,-94.12,34.977
43.987,37.105,-53.753,26.71,15.125,61.426,0.594,3.688,-11.083,4.565,-15.985,-9.443
42.97,59.007,-80.779,33.087,-36.54,7.764,5.167,-38.428,-23.798,33.691,-32.134,8.316
44.058,20.918,-5.44,-138.176,-13.695,5.931,35.122,14.37,-9.096,-9.935,-22.322,-4.424
43.665,105.56,27.374,-104.805,73.065,-10.518,60.797,-56.356,-24.254,-32.962,-17.74,15.059
49.442,3.608,-18.056,55.205,-7.666,-63.274,32.452,18.931,-20.546,19.666,-40.305,5.868
48.749,75.271,-55.287,84.028,5.836,19.587,23.216,22.504,5.225,-0.64,14.31,-4.57
39.836,119.052,76.634,58.638,50.08,47.549,18.31,16.726,3.478,12.678,-72.291,9.192
45.597,87.089,-52.143,54.345,-8.639,32.794,-6.962,31.927,-22.116,39.18,14.845,-24.107
43.764,114.973,15.97,7.974,47.152,35.754,-9.569,65.87,-34.231,38.402,8.671,-21.69
47.03,154.739,34.713,-48.583,59.085,9.487,14.484,-63.05,-21.846,13.022,-31.464,12.457
48.073,18.005,16.001,59.696,22.224,-18.059,20.132,-21.567,-31.427,10.967,-31.213,0.361
48.624,-1.615,-34.601,23.877,12.138,-52.324,25.181,-41.469,-10.041,34.057,-22.449,15.732
45.772,2.546,8.673,-46.561,18.71,-40.264,23.968,45.761,-3.287,-21.88,29.581,15.302
50.114,114.283,-15.995,-18.603,-5.102,-13.103,-21.599,27.592,-5.471,-15.459,-36.386,-2.836
46.361,31.138,40.287,4.278,31.017,-40.773,-18.816,14.083,-43.053,12.036,5.16,14.036
42.547,24.009,-39.634,96.148,4.545,-74.242,-11.334,112.749,-18.205,3.824,-29.585,1.471
49.713,40.835,-10.289,-5.544,10.14,-35.947,42.133,7.973,-1.36,41.932,-6.316,3.098
49.562,77.376,9.013,17.573,1.891,-15.257,-25.447,-19.658,-3.204,18.674,-36.247,-22.312
49.636,45.461,21.289,-41.664,-0.265,-0.03,-14.889,3.084,-20.433,14.481,-6.331,-25.403
50.343,81.111,-48.642,78.136,18.829,-35.007,-7.523,19.094,-5.672,-12.408,-46.429,-1.101
47.068,80.1,-37.765,-13.385,36.345,1.401,23.54,-15.377,-30.501,41.906,-21.001,16.799
49.481,5.946,-23.39,21.632,-4.4,-42.454,40.89,-13.689,-16.727,17.408,-39.227,9.063
41.174,12.445,-13.547,-137.441,9.71,89.01,28.618,77.455,23.794,-50.064,-67.798,7.656
39.708,118.751,73.323,54.854,50.915,50.27,19.241,16.777,9.008,13.282,-66.258,2.879
45.644,80.913,-48.14,50.254,-14.199,34.3,-1.548,28.699,-23.206,42.581,18.4,-23.243
41.177,116.005,47.347,-67.516,36.047,-17.104,2.961,0.885,-19.962,-1.438,-15.949,-6.9
45.257,164.057,25.932,-47.41,75.978,-39.842,-16.117,21.981,-7.947,-2.756,8.792,5.855
51.648,100.598,-12.5,30.17,13.466,-28.978,6.802,7.238,-2.388,14.563,-1.72,-0.64
46.754,50.493,35.273,-13.929,21.74,-0.669,-16.45,4.958,-18.328,-1.323,-41.121,-2.829
46.229,67.14,-16.876,-49.945,20.314,78.502,31.282,-62.305,-19.619,60.184,-1.585,-18.441
43.84,-40.224,-30.901,47.231,27.611,-18.278,-0.953,-16.14,-7.68,29.944,-35.135,-6.722
47.935,-56.866,40.359,10.181,13.79,-29.986,46.376,-6.512,-6.141,28.644,15.28,5.359
51.201,48.005,-24.115,76.096,23.649,-47.413,18.325,-14.801,1.767,-10.327,-46.672,19.577
45.795,1.383,-28.43,83.594,-9.283,18.787,3.265,17.238,-12.862,-14.056,-69.472,7.076
40.583,117.907,18.289,-148.928,36.044,4.801,69.668,-87.732,-39.059,6.629,-22.623,8.135
47.784,46.519,18.97,-83.396,12.176,-10.401,4.685,-6.659,-10.551,-4.328,13.371,-13.452
51.743,62.933,-32.484,76.286,19.232,-34.381,-9.511,-5.473,0.18,-14.109,-40.84,-5.383
47.095,105.345,-34.276,-57.128,63.89,11.402,32.995,-16.673,-21.377,8.521,-7.758,24.771
48.705,0.818,-25.793,20.283,-8.174,-31.615,36.191,-13.401,-11.622,24.596,-39.211,3.401
44.123,35.777,-25.094,-74.666,15.213,133.935,42.966,64.354,21.214,-59.139,-38.603,-0.959
39.452,123.858,74.723,39.729,48.03,56.254,15.489,23.336,4.513,6.192,-75.926,7.07
44.973,92.531,-55.893,62.002,-11.637,33.328,-6.237,41.069,-25.081,39.16,15.302,-24.103
41.664,151.018,46.175,9.083,42.019,-44.965,-28.626,40.848,-20.843,-0.893,6.658,-4.846
46.219,161.366,25.882,-51.112,56.203,4.114,23.585,-71.315,-15.967,27.42,-41.22,13.86
46.006,69.077,-31.64,8.582,16.969,-51.265,4.233,86.971,-23.95,0.609,-19.771,8.511
50.548,20.516,0.962,32.256,0.498,-17.311,29.111,-11.337,-25.791,7.708,-6.239,-15.864
47.238,-7.347,83.094,25.017,11.455,-35.828,52.401,29.842,-35.507,-8.034,-10.42,-10.576
47.664,45.744,33.562,-57.801,-2.974,-1.133,11.971,-26.683,-36.606,4.628,-9.148,-21.285
52.3,78.17,-21.495,29.791,11.649,-11.058,12.966,17.278,6.713,-7.948,-6.23,-12.038
48.692,98.095,46.807,19.134,6.6,-6.136,-54.997,-7.349,-16.005,-12.727,-7.672,-14.923
46.188,-11.696,17.189,77.48,28.28,-27.61,25.819,24.645,-34.674,38.835,-40.341,-5.916
48.806,20.364,-57.745,1.229,31.671,-39.449,9.239,-5.923,-4.169,34.523,-15.303,-3.231
45.352,-46.339,50.503,37.867,28.871,-32.441,50.097,62.07,-14.524,-3.546,-37.127,17.096
48.141,21.447,23.506,-39.189,9.603,34.055,18.965,4.568,15.194,35.639,40.582,-46.24
50.763,57.04,-9.518,72.867,25.69,-7.103,24.331,-6.331,13.277,-17.564,-28.206,-15.812
46.712,77.228,-26.925,-41.912,51.441,18.95,35.586,-28.601,-15.508,27.926,9.139,3.407
49.726,6.55,-3.451,-0.98,-10.672,-55.599,58.989,-23.081,-19.649,32.432,-13.887,21.415
44.131,-8.442,-32.97,104.167,-33.407,-34.786,18.684,18.934,-27.659,-15.406,-62.548,8.7
49.914,87.272,-40.115,88.198,-6.455,-53.593,5.864,17.479,0.89,-16.177,-50.319,7.525
39.538,112.672,67.928,45.198,44.661,49.003,22.737,13.433,5.87,2.431,-80.025,5.772
45.689,84.805,-46.589,47.237,-12.119,35.9,0.443,25.981,-23.585,43.028,17.613,-19.0
41.444,113.46,50.835,-71.485,40.832,-25.908,0.816,-2.062,-18.039,0.7,-6.395,-8.478
46.326,156.876,29.685,-43.234,81.252,-41.083,-14.96,21.062,-6.204,-6.675,7.144,7.538
52.107,95.657,-1.587,37.102,15.434,-33.048,5.646,3.677,-2.517,10.821,2.902,-4.474
46.517,2.865,17.802,54.21,21.046,-2.425,25.912,-40.199,-19.913,2.311,-49.986,-8.753
49.681,11.217,-22.305,-1.294,-1.818,-38.45,4.61,-23.469,-8.689,46.079,-17.939,-24.4
45.414,-5.71,10.206,48.239,19.541,-3.343,-3.757,-5.331,-18.849,12.443,-75.121,-35.178
45.788,-33.989,27.42,-61.173,41.291,80.518,62.008,12.399,-11.777,18.189,16.612,-24.649
49.616,61.24,-32.195,100.162,20.042,-3.759,30.37,15.65,5.261,-15.44,-27.011,-1.43
45.755,6.025,-26.571,25.928,10.203,54.534,16.502,0.473,-23.78,38.246,-43.907,-30.32
45.254,10.316,-40.603,-17.631,8.21,64.445,36.97,3.891,8.499,-10.694,-0.63,0.26
44.615,2.242,67.197,27.02,45.244,20.185,-23.209,27.29,-25.223,24.718,-26.371,-14.28
40.232,16.94,17.164,63.431,21.626,-40.567,-69.387,-4.001,-19.767,18.069,14.24,-32.116
51.338,52.169,-43.859,50.736,3.377,-21.882,10.196,-18.909,-1.752,-6.212,-25.712,-5.647
41.647,152.361,-85.035,29.209,41.27,-66.139,-12.771,39.771,4.861,-12.498,-29.692,10.573
47.593,28.335,-38.492,24.662,6.29,-36.781,16.762,14.545,-25.093,29.318,-32.275,-0.224
40.153,82.105,5.36,-45.287,40.096,2.617,-35.331,-56.002,-38.87,83.229,-27.237,-11.967
43.669,78.835,-109.152,9.767,-22.908,-103.967,-36.745,88.214,2.185,19.968,10.916,15.954
39.86,131.782,4.079,-2.182,-32.695,-5.542,-13.033,-25.866,-32.103,28.809,-30.803,-5.799
42.663,-14.687,100.725,41.899,48.045,-16.655,13.472,14.839,-17.436,8.597,-8.385,-14.749
40.929,1.416,16.782,53.212,44.161,-42.669,-57.59,16.668,-10.716,-4.147,-7.079,-16.385
45.596,5.747,-46.626,30.053,-12.181,-60.661,-11.059,0.715,-17.499,31.196,-12.693,29.07
36.368,24.871,-0.091,143.353,75.335,-24.551,-48.742,48.658,-0.628,16.073,-88.491,9.304
39.071,19.127,-11.39,-9.417,79.423,170.377,27.545,-3.11,19.867,52.51,67.175,-27.895
46.014,33.195,-7.568,32.455,-1.832,-36.619,-12.702,17.787,-23.043,25.074,-33.813,-4.544
38.443,131.642,7.911,-91.253,64.717,30.483,-4.616,-48.419,-54.451,105.63,-51.536,6.189
41.611,138.672,2.479,-44.985,-3.652,34.632,-22.869,-17.27,-42.343,47.822,-30.25,-11.117
42.756,57.133,119.036,16.784,46.765,-2.318,32.237,-20.574,-26.365,50.884,-19.239,-9.993
44.191,66.566,36.833,7.767,38.265,-46.566,-49.144,16.684,-14.39,-11.827,6.431,-17.34
47.488,13.675,-36.824,14.502,-15.956,-45.782,13.268,-15.53,-14.845,2.153,-36.255,14.687
42.565,24.853,25.466,69.254,30.117,23.483,-15.168,64.228,-9.896,-40.338,-53.274,28.234
43.951,12.59,-24.921,46.246,71.929,28.666,-10.673,12.711,30.579,37.815,46.191,-28.515
45.452,50.707,15.716,68.05,25.427,12.493,14.294,13.31,-35.341,61.72,-1.14,-30.974
42.989,112.499,-9.692,-11.808,40.02,88.181,-30.36,15.438,-42.097,63.041,-26.676,3.118
43.625,90.975,22.887,57.593,32.067,-4.904,-15.017,11.317,-31.862,46.317,-13.825,-14.011
44.087,73.695,154.679,57.295,73.408,-18.358,22.763,-30.999,-30.731,-9.01,4.416,-12.639
46.57,32.879,76.376,3.58,22.809,-10.485,15.014,-21.777,-54.275,-9.169,-10.263,-6.512
43.941,65.175,49.194,72.907,51.038,-14.346,-30.498,3.868,-21.912,-20.943,-58.275,-3.876
44.796,-11.557,-9.365,29.793,78.824,21.377,1.911,-9.178,24.323,20.119,66.165,-35.121
44.25,96.705,25.967,66.892,72.018,-21.017,-46.792,41.117,-55.281,-17.476,-31.378,0.898
45.497,3.086,-31.6,98.656,4.77,-31.591,24.432,39.231,-19.068,24.547,-69.585,4.403
35.835,107.078,54.656,-60.282,97.664,71.074,42.861,-45.944,-43.026,24.788,-78.257,-20.038
44.459,22.675,-44.726,86.419,16.251,22.286,28.955,34.928,-4.295,60.67,-16.763,9.907
38.54,30.884,39.962,-11.026,91.713,109.477,11.571,-29.89,-23.344,26.274,-40.836,9.68
46.388,47.723,-29.611,42.335,-17.468,-25.079,-0.974,24.592,-32.248,34.813,-17.334,-9.801
43.226,133.183,67.12,-76.402,68.717,61.843,5.386,-27.544,-58.113,48.627,4.94,-4.379
47.477,-32.077,-31.841,38.307,37.342,-74.231,0.313,-8.414,19.766,28.718,-21.996,-12.346
42.444,-22.516,66.892,-13.559,107.197,-35.883,-13.784,-1.76,26.339,1.495,-15.176,-40.973
41.937,69.982,26.775,-7.594,47.21,-32.259,-71.011,45.217,-13.472,-16.959,14.957,-9.45
49.041,47.951,-23.407,31.803,20.503,-24.494,11.62,19.2,11.954,-5.518,-48.187,3.594
45.426,63.679,19.59,-69.684,40.601,56.93,57.386,-21.35,-29.079,17.8,-53.488,6.119
46.255,21.028,-28.095,-13.501,19.409,58.414,23.631,17.547,17.996,-19.884,-8.338,2.533
48.473,36.378,-13.192,38.38,28.588,10.136,23.329,-8.108,3.974,19.754,-9.325,8.941
46.859,43.676,-40.215,23.1,-15.095,12.489,0.836,-0.645,-8.924,-11.721,29.319,-12.373
48.818,65.739,3.144,-22.245,17.542,28.124,13.135,-11.499,-20.428,14.061,35.193,-19.793
46.39,34.341,-46.813,83.431,-2.994,-78.331,-3.274,-3.152,8.436,-13.765,-20.035,-4.474
45.81,33.069,-21.213,-6.481,20.12,65.297,18.719,14.994,2.973,-24.126,-9.452,-8.886
47.239,24.606,-16.31,-18.511,-10.223,-27.424,-18.248,-0.242,-32.077,12.565,10.101,-9.764
48.419,27.335,-22.892,57.787,6.84,-25.755,14.018,-12.878,-14.357,-9.309,-48.818,-8.756
45.339,32.393,29.511,-36.857,47.19,64.998,25.868,-25.852,-14.837,-25.852,-49.563,-8.992
48.418,30.057,-25.08,60.296,12.629,17.6,30.408,-8.439,-13.677,-1.577,3.126,0.603
49.416,22.427,-15.23,57.035,23.853,14.438,22.869,-19.424,-17.399,6.937,-10.683,-2.02
48.944,51.845,-46.022,35.792,6.105,7.697,-6.703,-6.944,-2.978,-10.373,17.851,-9.863
46.131,54.059,26.794,-90.908,51.303,5.781,21.966,-21.651,-6.671,-19.838,-23.403,-25.712
47.552,67.02,-46.71,56.834,-5.668,-68.748,6.11,-6.305,6.854,-18.592,-14.41,-7.987
47.118,71.266,-5.42,-9.41,43.974,45.59,20.409,38.377,7.305,8.069,-8.699,-18.976
51.765,62.584,8.022,15.076,16.163,-27.561,19.318,-15.387,-4.254,-1.638,-6.876,-15.938
51.057,30.949,-0.827,26.558,6.423,-52.415,3.48,-13.878,-7.21,-5.059,-28.282,-25.856
49.743,57.447,28.875,-7.2,11.461,17.826,26.026,-0.389,7.706,-18.38,-12.417,-17.812
52.115,69.179,1.03,-12.816,0.669,-52.322,-17.769,17.035,-10.559,8.119,1.163,-3.987
51.147,57.961,-15.103,22.31,-1.438,-47.153,-9.09,-6.372,-7.519,-14.138,-22.429,-4.906
50.953,84.622,3.317,11.555,29.224,6.992,0.711,3.306,-14.491,-18.839,-22.074,6.619
50.235,62.515,5.487,6.765,18.161,-8.157,24.891,31.097,8.253,-11.85,-32.401,11.731
49.749,60.38,-14.767,71.194,6.115,-0.901,17.478,-5.629,-7.604,10.77,-0.665,-6.542
49.518,35.35,-54.494,45.4,12.501,45.686,20.775,-8.5,17.398,14.265,-29.259,4.551
48.315,-24.34,19.826,5.915,-21.439,8.734,-7.178,-2.737,-29.437,-6.106,2.932,8.069
47.627,44.738,27.957,-26.893,-25.116,-2.291,-57.479,11.811,-22.474,-20.325,-22.793,-13.981
42.77,2.151,4.759,77.163,23.133,-18.635,-72.444,1.236,-24.349,-16.254,-7.423,-14.334
44.005,115.449,25.832,-51.291,52.45,62.447,-44.67,-35.148,-57.903,38.36,-22.504,3.736
43.212,6.466,77.869,-101.201,47.405,-15.102,-0.886,7.701,-31.597,37.068,-1.124,7.008
47.552,81.51,-14.027,22.028,4.545,-53.738,-2.416,62.153,-14.94,-5.067,1.597,-13.629
49.548,125.333,-18.394,-59.884,16.179,15.833,36.09,-39.675,0.47,10.993,-47.682,15.408
48.725,91.096,27.004,-84.496,-8.014,5.395,18.092,31.9,-6.652,-8.97,-10.247,10.296
50.055,113.183,-30.673,-3.956,-1.715,-24.91,19.611,1.183,-7.22,8.127,-23.82,10.044
50.379,108.213,3.706,-48.274,-5.837,-5.027,28.032,-5.673,-8.76,5.261,-27.088,-3.009
50.966,108.0,-18.613,47.702,0.574,-75.178,5.894,11.435,6.563,-14.761,-17.453,-5.298
48.027,173.253,111.602,56.467,56.8,-13.199,-3.075,-11.912,-19.721,-4.21,-0.04,9.975
51.017,79.145,-6.221,37.162,-26.751,-34.619,18.338,8.896,-17.883,-14.233,-22.198,-4.866
46.085,128.561,72.252,56.321,43.819,-26.982,-15.4,0.362,-9.159,4.391,-6.74,-8.449
43.57,132.873,175.233,40.363,74.627,-9.309,-16.627,-13.839,-32.065,7.442,4.955,-12.81
52.136,105.922,-2.716,48.603,6.902,-35.137,9.486,24.657,9.344,-15.861,-9.056,-2.162
49.083,65.405,-19.65,9.082,-2.694,5.76,13.54,-15.162,-11.63,10.578,-13.005,6.758
47.565,120.195,52.071,34.806,23.663,-3.325,2.187,0.648,14.992,-26.523,-17.219,1.894
49.615,39.079,-23.007,23.135,-19.454,-60.607,9.178,0.175,-20.356,9.283,-12.199,11.363
49.164,92.911,27.694,-27.932,16.077,18.394,14.54,12.273,0.028,-26.774,-24.504,9.132
48.72,15.012,5.571,-10.575,-21.366,-51.945,8.263,-1.673,-8.098,2.846,-5.174,15.551
51.199,92.931,-20.556,57.706,7.587,-59.022,14.646,8.747,3.323,-5.626,-21.29,7.493
46.288,51.84,-2.852,3.748,-8.96,-14.06,9.465,23.136,-19.816,34.621,3.36,6.477
48.937,43.255,-37.566,10.009,-3.49,-43.949,6.339,-3.543,-8.37,25.389,-3.099,9.853
45.3,61.473,-0.196,-42.247,14.811,-39.272,12.825,22.564,-2.999,-0.275,-7.183,14.852
48.404,120.797,-9.177,-84.158,19.836,-30.394,18.074,6.866,-13.588,4.705,-8.377,15.841
53.268,115.201,6.213,35.337,10.107,-44.18,14.054,11.712,2.686,-17.182,-23.067,-1.311
51.468,86.589,-12.058,11.513,25.835,-12.437,22.689,-3.314,-7.123,21.001,-13.783,7.863
49.743,110.358,38.749,-2.063,18.833,-23.787,20.559,5.433,1.64,-12.13,-3.967,-2.565
51.978,68.759,5.53,9.48,1.133,-23.729,31.282,-3.452,-13.469,15.504,-4.961,6.533
50.392,98.926,-5.582,84.367,13.533,-75.918,3.56,20.051,2.962,-19.175,-18.629,2.136
41.715,135.525,142.351,43.422,73.326,-31.98,-45.273,-6.78,-22.572,-0.461,3.034,-1.046
46.39,97.359,14.205,57.241,16.868,-10.565,10.468,24.175,-6.734,19.483,44.974,-12.131
43.04,131.032,193.868,40.252,65.753,-17.444,-30.591,0.99,-37.857,-3.097,-0.043,-7.393
49.455,103.957,-12.047,62.057,18.474,0.058,16.325,23.116,8.925,1.224,11.242,-7.55
46.585,45.353,-9.436,4.121,-10.315,-40.182,9.456,16.256,-20.246,29.793,5.301,5.459
48.939,63.668,18.691,-46.825,31.308,31.685,45.391,-45.367,-10.02,0.62,-25.38,10.901
48.587,34.339,27.583,-53.345,5.244,-11.768,-1.041,-2.088,-10.403,9.776,-10.918,6.359
52.81,70.662,42.235,-25.08,-16.165,-43.555,-28.519,7.834,-17.672,-4.332,-5.457,-15.96
52.866,78.728,-8.442,28.112,0.713,-66.975,-9.294,-12.188,-9.092,-13.872,-16.399,2.093
49.118,86.397,2.275,0.527,18.331,13.788,1.507,9.826,-27.418,14.199,-12.856,0.942
51.672,34.925,24.468,-11.566,0.497,-35.945,34.868,4.5,-19.349,29.344,9.502,4.862
54.167,116.063,6.523,-22.4,-2.412,-37.524,1.454,25.582,-3.595,-17.277,-2.42,10.194
53.131,109.761,2.44,7.94,8.72,-37.725,1.245,13.554,9.127,-20.238,-25.165,9.593
55.464,100.017,10.319,1.2,-3.129,-31.204,18.28,10.255,2.007,-18.737,-13.778,12.985
53.192,128.554,7.121,31.67,-0.963,-24.988,-2.546,18.365,17.809,-18.121,-19.063,8.88
52.181,100.881,-14.392,26.691,11.4,-13.31,0.815,12.288,-7.724,-29.796,-16.993,11.631
52.844,99.041,-0.838,33.332,10.279,-36.735,3.842,7.87,-4.226,-5.618,-21.225,13.291
52.314,105.076,-26.516,-22.534,-13.088,-27.142,10.005,26.69,-1.985,-9.237,-5.202,3.594
49.902,120.379,-27.005,-0.179,-4.729,-32.231,11.694,4.24,-4.828,9.309,-19.759,-6.522
50.563,107.238,5.037,-28.88,3.273,-4.273,33.094,-0.936,1.983,7.273,-21.695,-2.246
51.399,113.374,-10.177,59.546,1.585,-76.856,8.43,29.565,2.372,-17.282,-15.759,3.732
48.235,163.86,97.793,63.478,56.363,-3.165,-14.479,-24.359,-18.722,-12.065,-15.848,18.358
45.953,142.208,108.531,47.748,59.122,-17.104,-14.987,-21.513,-13.832,-1.402,6.214,0.505
50.382,78.161,-4.972,30.546,-18.394,-19.273,21.762,14.161,-17.881,-2.414,-2.07,-7.139
45.945,121.524,74.483,64.612,42.366,-35.345,-21.384,-0.113,-8.527,10.714,-1.908,-9.563
43.816,143.545,166.6,33.532,72.938,-31.528,-27.844,-6.582,-32.966,-0.564,-1.606,14.471
51.983,107.297,-7.467,35.033,8.51,-39.757,8.411,13.044,9.84,-18.114,4.17,-10.306
49.468,77.577,-30.367,14.269,-7.745,-19.733,13.68,-1.071,-11.653,2.548,-6.837,17.973
48.157,127.453,55.231,38.953,17.982,-6.094,18.133,9.479,1.32,-27.581,-13.163,-0.489
49.034,49.304,-25.997,22.739,-23.12,-51.268,3.854,-3.848,-29.522,13.036,-6.498,5.729
49.367,109.603,56.665,-17.37,28.556,10.248,4.932,12.617,-5.875,-21.254,-13.7,14.466
48.653,40.247,18.346,-17.534,-26.259,-35.573,5.724,5.149,-23.765,12.047,19.481,3.385
50.893,93.418,-17.172,67.235,1.236,-73.85,10.205,7.602,6.493,-20.972,-28.352,3.744
47.143,48.393,6.417,12.856,-16.23,-36.21,-0.314,26.101,-9.427,13.677,3.766,7.891
48.009,61.448,-19.165,0.346,9.209,-0.14,10.224,-3.775,-6.341,22.588,12.398,6.349
48.634,77.455,44.526,-15.701,6.614,-37.58,18.911,22.195,-28.107,-1.068,3.847,6.686
51.594,115.262,10.834,-39.763,9.606,-40.141,15.412,12.215,-4.698,-14.864,-12.446,10.019
51.436,95.052,-9.935,11.821,1.49,-22.634,23.424,-4.263,-9.605,-5.066,-20.038,3.989
50.319,128.443,58.192,9.367,33.653,-44.133,16.843,-10.585,-1.97,-0.902,-10.681,1.477
52.362,64.278,2.37,-2.373,3.159,-26.354,28.784,3.763,-14.768,16.946,1.305,6.362
49.624,45.643,19.329,-3.738,-12.143,-45.936,37.47,7.961,0.115,1.005,-3.812,-1.945
51.055,93.668,-12.21,70.518,3.546,-71.547,8.783,12.217,1.07,-15.391,-21.802,3.968
46.63,32.598,-14.646,-16.057,-22.609,-61.734,-0.493,5.48,-1.024,5.579,6.743,8.461
48.738,54.204,-19.929,21.749,-14.922,-69.048,22.58,14.18,-18.342,12.883,-3.618,9.156
46.272,75.919,19.646,14.666,2.208,-81.462,0.083,9.694,7.529,-4.571,2.473,5.104
43.901,78.781,23.476,7.285,-5.94,-45.484,17.41,3.983,-6.973,6.158,1.474,-6.408
45.743,68.317,53.605,11.725,4.25,-12.789,11.037,22.424,-16.512,5.484,15.255,-6.376
52.026,85.136,-30.395,38.371,2.171,-32.342,10.189,-1.928,4.503,-7.109,-11.706,2.365
45.978,49.761,-4.214,-22.371,-4.309,-21.299,8.082,-6.567,1.724,-1.588,-13.711,10.558
49.222,48.718,-0.862,-29.564,16.487,30.482,33.358,-18.707,3.15,19.647,-25.946,7.91
49.571,32.246,20.105,-20.465,-5.035,-6.521,-16.545,22.175,-12.31,9.39,-5.657,8.17
52.408,66.033,35.549,-28.895,-23.703,-26.61,-31.212,13.188,-20.559,-7.306,1.941,-20.092
52.564,80.786,-14.975,27.804,-3.343,-61.43,-11.481,-3.974,-7.109,-17.026,-14.496,6.55
49.808,88.259,3.584,6.35,14.518,14.025,-12.131,8.607,-38.707,34.54,-10.916,-0.695
49.365,51.498,46.894,-45.708,17.173,8.161,23.097,-10.918,-23.625,14.898,1.255,9.293
54.492,107.777,1.708,3.068,9.415,-45.445,-1.304,24.03,3.997,-22.856,-8.135,9.298
53.208,113.758,4.352,20.686,20.153,-23.631,3.895,4.48,6.327,-18.861,-23.922,14.25
55.098,96.792,5.975,-3.238,-8.683,-25.091,16.605,21.922,-2.099,-1.166,21.378,11.699
52.594,97.069,-0.515,10.826,4.721,-5.802,11.792,18.063,11.238,-24.736,-9.397,4.766
52.769,113.42,-8.77,12.342,1.855,-25.732,8.628,16.235,0.211,-14.07,-10.355,7.789
48.68,24.607,-31.513,53.648,27.567,-14.13,-0.516,-12.109,-5.69,36.035,-63.08,11.941
47.896,44.032,19.746,-6.873,7.022,19.892,-36.2,32.701,-18.6,20.612,8.405,7.626
49.914,97.954,78.449,-16.743,19.086,-12.557,-90.761,3.144,-33.885,-15.7,10.661,-23.278
52.453,79.394,-15.706,41.292,1.691,-60.873,-14.612,-14.574,-14.087,-11.287,-17.532,1.678
45.258,127.144,24.271,-24.806,58.217,50.027,-48.991,-12.001,-48.613,22.203,-32.392,13.956
48.156,35.284,33.009,-66.877,27.311,41.906,34.384,-15.09,-17.53,21.755,-17.278,4.395
51.704,63.009,68.531,-43.934,-26.891,-40.062,34.333,47.103,-24.415,1.68,3.62,-2.375
52.946,99.082,-8.738,12.347,-0.133,-38.026,7.473,5.633,-1.689,-16.57,-28.511,16.081
54.914,93.111,9.748,-7.287,-11.194,-35.162,18.269,16.472,-5.36,-11.336,-10.411,13.063
54.06,115.658,3.408,9.954,-12.308,-25.022,6.357,7.005,10.036,-18.175,-10.434,4.379
53.047,90.111,-10.092,2.269,6.159,-25.908,10.047,16.864,0.099,-24.961,-14.679,19.048
52.772,104.756,-15.157,14.944,-2.592,-37.65,10.112,6.77,-3.513,-11.06,-25.364,21.076
49.845,38.958,11.491,22.967,6.475,-18.883,18.268,5.866,-13.311,9.678,-50.059,9.018
51.081,80.995,45.455,11.392,26.064,35.694,-22.588,2.407,-7.18,-9.456,9.869,9.012
49.774,105.571,114.135,-8.63,29.245,-5.432,-76.169,9.798,-26.733,-17.91,19.13,-18.392
52.598,104.426,-22.757,38.983,-10.948,-57.624,-4.723,11.69,-12.024,-10.454,-15.548,0.25
47.717,59.351,53.238,71.917,20.599,-15.327,-46.123,-5.686,-20.557,-14.467,-38.593,-14.348
46.003,119.642,73.491,-23.242,82.125,40.071,-53.526,18.134,-45.9,24.431,-25.144,0.909
46.856,72.506,44.804,-70.996,24.933,25.574,27.803,-25.364,-30.5,35.568,-14.721,2.217
55.08,98.281,26.395,-0.968,12.803,-38.548,14.846,34.931,-7.419,-14.301,-11.047,6.826
53.883,108.157,-22.668,-5.585,-7.658,-18.214,12.003,23.714,4.653,0.491,-2.036,3.506
53.408,118.942,4.07,5.583,0.699,-27.951,11.619,14.464,8.458,-20.972,-9.631,11.773
52.912,110.573,7.539,-3.937,11.654,-18.588,4.491,14.463,13.292,-34.392,-17.03,2.061
53.0,114.847,-19.255,24.626,6.511,-28.496,3.063,18.967,-3.645,-19.828,-13.656,10.212
50.507,42.593,15.654,35.674,8.973,-21.297,16.987,8.772,-12.648,3.724,-55.986,11.57
50.659,81.429,43.268,-0.603,25.524,49.117,-18.376,4.474,-5.057,-9.725,19.471,5.758
49.713,106.474,113.053,-12.976,26.775,-5.601,-74.105,7.987,-25.093,-18.257,17.581,-19.499
52.062,105.363,-19.938,36.371,-16.98,-55.875,6.119,16.833,-9.788,-11.429,-16.289,3.632
48.028,63.611,56.929,68.668,17.792,-10.241,-36.817,-7.601,-23.057,-13.789,-40.035,-10.686
46.27,119.874,74.374,-16.257,84.231,41.847,-52.544,18.015,-49.987,29.421,-18.769,0.642
46.331,65.25,42.524,-96.527,18.783,9.981,22.75,-39.998,-40.108,50.049,-19.563,6.355
55.13,92.459,23.483,-11.97,10.524,-25.591,20.505,25.001,1.098,-11.649,-11.3,5.112
54.436,97.204,-22.781,-3.125,-7.541,-36.76,6.179,14.089,0.793,-11.117,-11.952,16.617
53.387,119.982,-3.105,8.324,6.067,-31.662,8.977,15.684,16.961,-19.419,-19.917,11.866
55.192,94.006,14.586,-7.989,9.879,-14.372,-8.456,-9.946,-3.254,-15.795,-4.169,-5.616
55.259,72.575,12.518,-3.138,16.86,-19.286,-7.415,-1.645,3.756,-15.541,-1.033,-30.341
49.998,84.524,-28.733,92.923,27.152,-45.771,-27.875,16.005,7.357,-25.399,-36.441,3.802
50.569,48.691,27.772,-15.538,-9.89,-5.847,7.507,-30.255,4.935,16.072,5.253,-31.617
51.161,92.223,-25.694,93.838,14.296,-56.99,-24.704,25.298,8.81,-22.937,-33.22,-2.412
51.806,68.441,5.566,-32.201,-40.602,-6.913,21.745,-11.283,-5.876,12.837,1.05,-22.681
49.442,78.068,-51.422,82.66,2.509,-44.409,-17.393,25.17,5.881,-24.063,-51.119,12.705
50.351,40.756,21.231,-41.029,-49.133,-46.147,45.599,0.207,-30.926,11.271,-3.171,19.953
54.678,63.664,3.567,24.54,-24.056,-41.865,27.811,1.664,-26.492,-14.52,-20.077,16.132
51.193,82.594,69.426,15.492,29.218,-31.705,30.255,6.836,4.337,3.968,-15.953,-3.567
44.084,63.9,-95.563,220.424,32.645,-1.441,-9.721,41.391,-2.78,-20.756,-125.135,2.611
31.28,32.209,75.716,-258.773,64.291,134.169,39.491,5.616,-16.936,51.518,13.624,-12.788
43.75,31.622,37.884,-0.684,43.041,26.282,-36.151,16.684,-26.45,-13.417,-13.68,-28.858
45.002,74.881,-79.996,180.948,4.495,-17.647,-20.736,16.601,-2.033,-24.897,-102.932,24.091
23.223,266.61,19.319,-48.775,37.989,0.01,41.558,17.956,-40.756,-13.107,3.856,-3.939
46.236,26.407,-46.432,38.149,31.407,47.52,45.365,-21.378,-18.979,74.673,18.384,-4.194
40.564,17.319,64.873,112.975,39.843,14.831,13.752,78.615,-17.795,-11.247,-58.924,1.965
43.664,138.052,92.82,-14.546,35.524,19.141,10.718,-76.406,-57.299,36.057,2.99,-11.944
49.25,72.898,-36.823,106.916,9.58,-54.181,11.158,18.113,5.295,-17.782,-65.795,5.793
41.458,89.004,4.145,-32.388,43.932,-10.411,6.902,47.849,-40.29,43.228,-17.023,26.103
42.492,13.806,46.575,26.006,63.708,-24.118,-21.551,-22.396,-38.479,43.372,17.06,38.462
46.68,36.982,-41.021,13.476,-1.526,28.097,-0.741,7.417,0.328,-13.268,-3.598,-7.994
45.882,93.066,59.059,16.493,42.377,-10.522,-35.794,-24.114,1.072,17.804,21.342,-38.534
47.686,94.368,-52.637,111.778,-4.422,-47.62,5.587,12.133,12.777,-28.627,-57.111,8.059
38.275,275.105,20.357,27.451,93.812,-26.293,-37.758,10.063,-9.994,-1.708,-11.019,7.232
46.778,63.496,-29.695,43.058,12.553,31.426,7.1,17.077,-22.503,53.191,-17.491,-20.375
39.525,153.212,-30.341,28.817,62.604,19.809,-39.717,67.517,-46.849,2.494,-8.073,10.794
45.843,95.846,85.353,-41.752,54.917,48.42,-24.078,-9.836,-71.348,56.773,22.787,-15.53
46.305,77.403,-53.153,174.177,24.763,-12.23,-1.323,45.041,9.816,-25.183,-39.022,-14.259
27.61,324.636,8.373,-57.539,77.209,12.454,30.687,19.474,11.575,-31.295,17.546,-6.747
47.079,71.783,-27.155,35.748,14.415,-10.938,6.919,33.186,-26.838,37.259,-14.155,-1.683
45.792,80.248,59.958,-36.983,27.509,13.997,-16.639,-15.717,-39.854,80.937,9.006,-24.154
48.606,167.488,-7.228,99.577,-26.15,-63.882,-25.395,86.98,8.176,-26.108,-1.952,-25.531
44.666,114.661,52.914,-69.487,48.216,40.368,43.914,-10.474,-20.734,63.333,-20.481,18.589
43.775,85.386,83.526,93.316,83.961,-6.255,-23.778,7.83,-0.288,-0.883,-24.169,-11.866
48.457,87.606,-55.541,102.922,1.838,-44.751,3.924,11.233,4.694,-5.026,-40.809,11.601
40.276,116.385,0.249,106.251,34.122,22.46,-65.825,0.885,-58.752,4.891,-34.409,4.562
40.101,189.508,-31.712,56.43,51.948,-52.934,-54.879,58.399,-17.084,-24.008,-3.384,-2.847
46.494,65.438,-27.551,52.361,-25.19,-35.482,1.916,27.545,-13.095,7.181,-47.524,-15.448
34.614,210.248,33.44,115.28,28.583,89.501,15.117,-15.275,-46.487,21.239,-96.257,-1.233
41.641,81.849,58.752,-164.693,46.989,187.264,76.576,35.303,-3.641,27.063,-3.015,-6.986
45.05,211.336,81.661,5.105,60.909,-6.568,-5.065,-22.74,-33.279,-0.634,-27.542,-14.041
48.444,77.65,28.927,-6.109,15.96,-57.529,29.362,18.857,0.362,10.252,8.39,5.736
41.299,72.419,34.817,166.632,52.54,6.262,1.179,65.69,-7.558,-21.343,-113.574,18.777
38.761,113.104,122.053,-135.136,39.674,149.952,77.041,4.345,-6.392,32.531,1.964,-2.299
44.623,-9.334,77.783,-24.832,103.625,-21.76,-19.533,14.714,24.208,7.04,24.911,7.66
42.96,68.041,-13.6,155.832,55.1,24.725,-43.198,62.133,12.287,-34.898,-95.594,8.065
32.297,111.222,62.973,-229.689,33.036,135.346,51.978,-29.168,3.37,0.244,-55.141,0.527
33.647,318.259,-20.172,2.642,48.197,-64.934,-0.334,11.594,-9.265,-1.534,-4.185,-4.447
46.206,166.45,83.938,-42.025,64.243,60.734,-4.594,-13.852,-67.245,59.862,20.866,-6.897
50.95,86.82,-33.282,60.934,-6.485,-63.815,-3.147,13.619,-8.796,-19.955,-27.696,14.013
43.732,110.577,2.936,29.138,49.515,-6.86,-33.475,71.734,-34.447,-15.537,-34.24,-13.836
41.067,185.5,-29.862,23.963,43.087,-6.521,-13.482,59.4,-76.064,5.369,-14.302,17.12
47.021,51.578,-52.052,62.453,-28.38,-26.379,-0.134,10.854,-29.844,3.155,-64.434,-17.117
35.08,112.919,-75.099,193.013,21.374,22.808,-47.262,53.335,-11.997,-32.97,-25.777,-29.336
29.033,109.318,126.466,-303.407,0.719,4.466,44.132,-28.799,-29.088,26.537,22.28,-8.345
42.863,64.784,30.557,91.213,11.988,-37.979,0.501,1.264,-14.486,2.306,-9.565,5.123
44.671,183.07,6.433,41.023,43.393,11.286,-65.059,80.039,-15.06,12.712,-20.154,18.908
48.959,68.391,-2.663,28.254,28.471,-43.658,16.698,6.083,-3.018,21.547,-17.604,0.678
47.271,72.618,133.502,3.793,121.424,-21.647,5.257,5.035,9.497,15.571,4.759,9.351
50.67,94.583,-28.187,62.229,16.02,-23.47,16.892,16.65,3.266,8.521,-5.113,5.681
43.224,84.656,51.274,16.042,-4.694,-5.678,-20.295,30.409,-28.141,-18.867,8.804,3.885
44.421,106.512,52.915,21.718,77.826,11.683,-22.758,55.008,-9.369,3.962,-19.558,13.716
48.39,70.159,-13.983,15.02,32.366,-48.511,10.916,-8.363,-6.99,27.887,-13.361,3.301
45.392,94.704,98.31,-26.945,118.991,-22.843,5.582,8.015,0.428,7.604,11.917,0.803
45.662,134.13,-75.493,158.586,16.898,-50.381,-19.681,92.216,5.769,-9.253,-23.139,7.46
41.75,98.839,-20.042,-118.299,28.852,81.342,10.825,-22.747,-15.507,83.343,-38.011,17.635
45.371,84.635,36.774,25.669,45.292,-6.133,-21.251,4.648,12.487,-4.655,-4.59,3.564
44.597,90.994,64.989,77.645,66.978,2.386,-41.696,-1.853,-30.866,0.426,-40.926,-2.951
51.11,105.634,-32.73,60.62,15.974,-32.298,-4.052,51.556,-6.642,10.976,-28.176,2.41
45.446,131.271,92.914,7.033,71.568,21.314,9.331,-7.23,-25.943,29.691,6.769,5.346
46.89,69.6,-58.18,35.099,-20.573,-36.799,-19.489,-17.229,-4.11,-2.29,-49.898,-11.853
43.545,79.101,23.558,5.792,-6.564,9.798,-33.891,14.63,-10.563,-5.591,0.687,-30.811
43.017,-5.285,-81.936,41.105,10.938,-64.6,15.426,-4.241,-1.502,-10.953,-18.682,-2.175
46.777,38.611,-28.924,-90.949,15.639,73.102,48.145,26.276,8.699,-37.066,-34.992,5.269
44.803,114.199,-23.366,-113.945,36.872,-28.368,54.327,-40.606,-28.943,-4.942,-19.625,21.504
49.967,42.384,-25.65,31.95,-6.47,-59.05,26.916,17.969,-7.787,15.495,-30.353,7.365
49.637,89.415,-47.532,87.15,-5.374,-46.477,4.839,12.984,-0.492,-10.27,-48.126,8.107
39.803,117.063,72.398,47.54,53.783,54.209,19.925,14.512,8.403,7.136,-75.082,4.26
46.166,85.631,-54.105,60.591,-13.053,4.642,-13.865,33.757,-22.273,28.398,-5.054,-21.952
42.751,149.339,21.89,11.059,36.948,24.642,-10.988,47.233,-20.08,15.795,12.608,-12.618
46.369,154.157,36.187,-54.549,65.656,8.885,11.283,-68.356,-16.713,11.79,-31.628,14.406
47.886,20.163,13.019,38.691,23.399,-18.058,29.582,-10.3,-21.495,10.975,-18.713,2.956
48.701,22.8,-33.538,5.596,5.331,-48.11,14.962,-22.163,0.885,10.049,-28.661,10.843
49.812,113.986,-20.069,-33.231,-11.675,8.062,1.184,29.868,5.788,-12.527,-32.756,2.798
43.849,71.486,37.706,25.905,59.748,-68.326,-6.712,-1.103,-59.214,3.943,4.709,6.24
43.73,71.468,-50.914,71.346,19.058,4.905,6.393,66.656,-28.488,18.525,-49.046,10.078
48.92,48.414,-28.851,-6.404,12.607,36.729,46.244,3.524,-13.617,66.659,42.213,-6.621
48.17,77.497,-8.764,-6.28,8.31,-26.92,-19.922,-19.534,-2.435,13.108,-18.541,-19.477
49.32,103.228,1.834,-52.944,-18.072,-17.497,-8.873,-44.987,-22.694,19.48,-4.364,5.627
51.011,70.57,-34.717,66.063,12.688,-21.488,0.198,-4.93,-1.148,-13.733,-36.863,-5.67
43.056,131.758,2.021,-86.101,50.785,10.967,53.918,-58.347,-27.912,25.199,-45.263,11.44
50.56,40.102,-13.893,-10.285,-10.851,-51.65,40.463,5.43,-15.364,29.521,0.688,21.786
45.432,33.741,-54.416,102.051,0.181,-19.404,22.859,15.559,-3.322,-2.104,-79.514,33.116
49.779,86.744,-45.513,89.227,-0.649,-51.874,9.957,19.959,1.187,-8.923,-43.963,11.185
41.339,87.408,36.253,14.215,25.766,63.029,26.166,-4.742,-0.563,20.928,-82.259,16.166
47.678,62.929,-52.118,42.454,-12.43,12.724,5.13,4.68,-26.832,31.44,5.823,-1.075
43.726,119.985,41.328,0.01,27.462,-50.407,-12.563,13.813,-24.426,-13.618,-6.127,-0.197
45.241,161.841,22.205,-48.76,73.609,-39.254,-13.272,21.752,-7.227,-1.425,8.85,6.104
51.947,94.583,-7.674,43.152,8.732,-38.663,12.457,8.326,-6.902,1.398,-8.452,-0.373
48.415,40.555,22.173,-19.9,6.105,0.905,2.189,-4.705,-23.595,14.25,-28.486,-10.744
44.119,28.773,-1.471,81.588,23.475,-13.459,-45.778,-15.198,-6.811,26.1,-35.224,-38.374
48.487,65.06,-18.243,-4.209,-10.724,3.18,6.154,-6.86,-25.611,47.51,16.486,-21.779
44.591,22.614,5.952,72.731,19.811,-36.239,-25.1,-25.463,-28.228,37.514,-18.092,-4.189
48.515,-8.89,49.473,-15.11,13.619,-30.421,39.791,-0.114,-1.717,27.834,12.31,5.568
50.944,52.002,-19.714,67.532,26.587,-63.886,19.303,-11.249,0.46,-12.659,-41.243,7.869
45.049,48.666,-40.005,70.365,-22.218,-6.957,-14.692,75.536,-27.577,-16.656,-51.585,-13.065
47.396,87.011,-16.492,-49.683,22.906,47.89,36.836,3.784,-15.68,62.269,38.825,-9.143
48.81,116.526,7.902,-56.371,-0.067,-8.551,4.033,-28.498,-3.297,-8.715,0.98,9.325
52.141,89.824,-17.908,58.659,5.091,-34.961,13.546,-0.488,-8.015,-21.174,-39.078,0.513
46.219,121.207,-21.851,-68.035,60.23,-5.565,26.418,-17.86,-11.846,9.887,-27.294,14.604
50.184,36.05,4.541,-14.466,-22.989,-44.702,41.603,-2.9,-1.77,7.319,-19.866,22.41
48.865,51.768,-8.087,35.325,3.252,-37.626,35.228,7.899,-2.795,17.197,-30.251,17.288
49.868,85.283,-37.268,93.951,-4.441,-8.414,20.163,22.303,-14.715,4.196,-30.461,11.875
41.147,118.764,75.76,108.268,62.496,25.338,6.054,36.657,4.582,6.412,-73.944,8.364
45.967,85.34,-46.886,53.7,-19.437,4.794,-7.238,36.775,-27.416,28.46,-2.755,-25.806
44.106,167.363,62.863,25.756,31.3,25.539,7.899,38.808,-27.74,16.242,-24.026,16.148
46.806,174.635,39.563,-69.725,46.504,3.743,17.453,-64.059,-11.274,27.848,-29.841,9.377
48.104,93.349,-12.897,11.879,-0.393,-6.528,-8.542,84.176,-10.301,-7.686,-33.501,-5.048
49.201,51.532,-35.575,-5.365,-4.704,-27.641,12.529,-9.926,-28.554,34.756,-17.031,-15.815
47.726,30.424,36.688,2.619,4.129,2.398,53.604,13.061,-14.497,-1.276,-18.741,2.691
48.927,69.368,30.82,-48.145,-24.748,17.304,18.526,36.312,-24.51,-7.774,4.699,-28.15
52.326,100.044,-25.092,40.744,-10.026,-42.491,9.376,22.822,-1.315,-4.047,-23.656,-1.772
46.588,104.728,35.16,28.274,-11.102,-9.663,-62.692,0.256,-17.305,-13.73,-20.951,-15.495
46.651,11.498,14.746,25.686,25.034,4.828,20.675,33.181,-8.876,38.17,-20.262,-6.939
48.635,27.856,-48.511,-10.598,12.946,-54.894,0.009,-12.177,0.416,29.864,-21.126,0.647
48.173,37.666,58.296,19.554,18.684,-38.415,27.849,46.87,11.809,21.862,-10.612,12.186
49.097,49.407,26.988,-36.799,-23.973,-10.06,12.163,-23.428,9.779,-1.934,-11.342,-28.509
51.425,75.173,-13.449,66.494,15.305,-50.519,17.768,-12.802,12.086,-18.337,-26.61,-6.765
47.524,80.567,-26.936,-39.977,26.315,-33.158,22.198,-26.074,-18.08,17.645,-2.559,17.555
49.384,50.26,-28.741,4.016,-3.896,-50.281,33.339,12.369,-17.257,13.681,-34.489,25.099
49.965,86.97,-44.63,80.164,-2.599,-50.475,1.042,7.597,-0.349,-5.189,-43.684,7.24
39.565,113.044,66.035,53.778,49.083,50.211,24.221,13.031,5.341,2.045,-78.72,4.178
46.251,82.051,-46.14,49.845,-18.414,4.725,-6.452,26.423,-23.274,33.624,-1.282,-17.633
44.127,117.875,53.487,-117.06,44.16,-1.627,4.093,5.192,-19.29,3.191,-16.461,3.157
52.492,85.599,-10.635,32.465,8.253,-48.19,9.06,0.098,1.514,3.313,-4.113,-5.293
47.516,11.46,9.379,52.193,16.03,0.325,20.458,-20.55,-15.519,14.073,-58.971,-7.986
46.34,24.491,-47.536,4.56,10.637,95.689,27.733,1.389,-2.431,5.08,3.59,-26.549
49.482,4.082,50.609,-9.497,4.985,-24.028,30.713,40.021,-1.473,0.762,0.414,-13.5
49.684,68.604,-42.559,94.987,10.529,-50.099,7.523,5.741,7.66,-11.826,-66.235,8.763
45.719,50.197,-23.511,-24.605,11.304,83.185,28.773,6.539,-18.398,32.182,-48.869,-13.939
46.655,49.319,-52.951,-28.386,7.572,49.082,25.955,19.626,-4.298,22.412,12.293,0.606
43.322,16.97,57.386,6.962,42.776,2.766,-24.708,6.5,-32.023,27.52,-12.347,-13.364
52.065,47.892,-36.473,38.038,-1.176,-31.773,12.734,-30.365,-6.041,-10.782,-32.605,-8.944
43.48,132.827,-62.346,44.145,49.326,-62.734,-13.686,42.249,-10.509,-19.423,-39.528,6.919
47.817,24.694,-57.104,22.818,-0.054,-34.934,13.607,14.02,-29.245,38.286,-24.208,-1.533
41.114,-0.71,20.391,-10.807,41.845,-47.532,-58.152,-18.83,-4.356,0.838,4.455,-35.489
44.054,72.566,-104.6,22.602,-11.662,-59.418,-32.131,81.482,7.069,31.281,31.606,9.51
39.922,125.214,8.332,1.293,-36.854,-4.303,-14.658,-22.716,-32.697,26.126,-29.404,-5.82
42.518,-12.505,100.628,40.175,44.045,-7.302,15.685,11.604,-23.039,12.265,-7.046,-15.656
40.976,0.315,16.011,52.695,48.747,-37.842,-53.144,15.935,-8.881,-7.748,-5.465,-15.705
45.518,5.99,-46.035,29.677,-11.33,-47.513,-7.779,-1.471,-19.298,35.275,-1.173,27.041
36.485,24.352,-0.932,137.614,76.259,-20.863,-52.462,44.796,-1.618,19.834,-85.248,10.869
38.141,24.252,-13.646,-24.387,82.331,186.654,24.421,-2.618,23.073,50.015,53.608,-22.117
45.734,42.757,-14.229,38.45,2.056,-25.926,-11.256,20.232,-25.283,32.526,-23.464,-4.176
39.539,112.895,0.146,-75.616,59.148,36.007,-14.984,-20.599,-51.038,114.593,-49.698,2.471
41.498,143.399,0.475,-50.909,1.044,34.4,-19.218,-19.125,-43.067,47.702,-31.733,-11.138
42.926,54.212,119.524,19.948,47.989,-3.305,29.33,-14.162,-26.1,52.395,-15.731,-10.811
44.256,63.464,40.743,13.894,40.923,-37.265,-48.932,21.636,-14.845,-10.539,3.346,-19.841
47.453,13.096,-36.221,15.339,-18.986,-40.873,15.415,-16.023,-20.063,6.01,-32.763,14.737
42.496,20.203,24.352,65.45,32.579,24.601,-15.215,63.408,-9.01,-41.066,-51.176,27.434
43.496,12.648,-29.72,44.067,89.354,43.033,-1.009,7.739,38.296,38.221,61.023,-30.49
45.359,55.091,18.105,66.339,27.885,25.41,17.082,6.449,-36.525,61.944,-0.074,-27.867
42.568,114.347,-9.705,-20.116,47.032,95.637,-24.178,12.742,-45.016,67.986,-30.37,5.097
43.881,89.409,17.495,47.519,36.94,9.797,-11.035,-6.561,-33.155,54.567,-18.12,-14.132
42.846,86.45,146.404,22.639,65.798,27.719,33.431,-19.87,-35.243,9.338,-0.562,-13.13
46.827,34.024,70.437,-2.314,21.906,-8.665,15.535,-17.67,-48.616,-7.135,-16.433,-9.408
44.46,24.094,70.959,57.592,53.457,-7.989,-3.879,49.983,-34.197,-28.293,-42.935,-1.39
43.779,-25.625,-17.925,41.378,92.082,35.599,1.36,-10.365,28.961,29.255,61.876,-30.589
44.414,89.586,19.335,69.98,75.711,-25.627,-45.402,43.016,-50.914,-20.427,-33.893,-4.014
45.684,7.022,-33.663,95.05,5.611,-23.357,26.106,28.933,-23.369,31.639,-57.109,4.972
35.836,110.09,57.704,-71.175,94.061,69.34,45.573,-47.384,-42.045,19.974,-73.608,-18.265
43.751,22.844,-50.186,82.943,21.495,49.516,32.773,36.032,-5.174,67.635,-2.008,9.405
39.13,29.712,38.673,7.416,92.01,108.057,10.645,-25.757,-25.125,30.573,-28.531,6.452
46.293,47.463,-26.683,38.875,-16.772,-10.746,2.478,24.003,-29.455,39.374,-4.575,-8.956
43.151,134.345,67.897,-81.86,72.917,63.812,9.865,-27.789,-55.293,48.988,2.91,-3.879
47.878,-9.994,1.467,32.076,44.836,-82.144,-15.898,3.757,18.493,16.701,-7.675,-23.48
42.481,61.613,27.722,-14.303,47.5,-31.958,-70.409,43.928,-8.764,-18.359,8.722,-10.996
49.082,55.116,-21.292,28.67,20.252,-20.973,13.068,25.461,10.882,-0.731,-46.812,1.723
44.881,48.296,13.562,-57.878,50.369,51.628,37.579,-19.727,-24.538,2.698,-55.561,4.485
48.129,26.656,-21.908,35.518,19.368,-42.35,3.056,18.242,7.043,16.751,-45.963,5.918
48.75,32.747,-10.875,45.069,26.627,-8.972,13.475,-9.897,3.621,17.908,-28.698,16.728
47.483,51.903,-35.613,35.703,-22.284,-35.582,-7.69,-4.811,-16.885,-8.775,-4.993,-4.585
48.565,69.297,9.732,-26.426,20.84,29.971,9.647,-11.748,-19.048,8.865,29.042,-14.536
46.404,40.0,-44.824,90.554,-10.157,-75.287,-6.333,-0.697,6.149,-14.43,-15.198,-9.237
46.598,38.412,-32.281,29.04,18.681,42.179,15.364,1.082,-1.147,-9.271,21.42,-11.958
47.489,30.766,-10.334,-17.294,-6.37,-49.609,-36.949,12.823,-44.736,15.386,-12.357,-5.02
48.319,28.877,-28.525,67.602,5.248,-28.391,7.033,-9.696,-17.055,-7.22,-48.764,-5.548
47.164,36.226,5.615,22.231,37.656,56.687,26.923,-24.469,-21.865,1.436,-24.341,-10.801
49.082,35.753,-17.317,70.295,5.129,-25.511,23.952,-6.217,-22.877,3.613,-23.48,9.478
48.775,20.091,-7.059,40.811,33.261,41.86,25.137,-15.083,-7.913,-6.077,-3.117,-5.012
48.793,52.01,-43.409,32.486,11.333,17.597,-2.464,-11.588,-0.312,-13.57,19.585,-8.266
47.086,60.273,17.705,-69.665,44.617,30.055,20.491,-21.608,-17.669,-2.002,-25.738,-22.087
47.331,66.119,-42.925,60.12,-4.702,-77.129,4.567,-8.683,12.225,-21.298,-17.528,-10.813
49.382,75.0,-38.619,44.574,34.442,-15.053,7.379,27.246,-4.082,20.931,30.616,-12.841
48.248,66.559,15.162,-66.001,41.813,-5.174,37.746,-11.704,-15.21,2.068,-28.517,-18.079
50.816,31.341,-9.312,31.85,6.172,-48.008,1.842,-10.319,-6.346,-5.358,-26.047,-18.927
49.872,66.158,29.868,10.285,10.02,7.082,22.058,-4.072,5.263,-9.599,-20.778,-13.471
51.769,70.107,-1.869,-9.829,-0.509,-51.852,-17.268,16.64,-9.021,2.591,4.312,-3.164
50.597,61.305,-18.517,26.256,-4.85,-48.56,-9.795,-2.42,-7.795,-18.571,-26.453,-7.506
50.486,86.083,4.788,3.86,28.214,13.91,-1.223,5.216,-14.831,-20.529,-20.324,8.709
50.056,68.343,5.408,0.794,17.582,-5.06,29.891,24.795,5.619,-3.093,-33.07,9.819
50.379,53.965,-20.029,64.211,7.719,-19.235,13.288,-6.286,-7.924,12.823,-2.495,5.029
50.599,36.712,-53.838,65.719,9.257,-35.232,1.598,-12.648,16.203,1.073,-80.201,19.995
46.959,-26.016,8.205,-14.275,-20.553,29.689,2.396,0.837,-26.833,5.35,5.209,6.281
47.214,41.041,15.058,-33.468,-37.979,-0.878,-47.901,10.662,-19.733,-15.935,-24.318,-16.218
42.879,-4.213,-26.2,50.061,4.331,10.739,-42.986,7.106,-17.495,-12.119,-23.005,-23.669
42.963,114.546,15.156,-54.161,39.099,55.591,-38.768,-32.378,-52.687,24.067,-26.794,-2.108
42.298,6.751,85.252,-97.693,56.598,-9.196,-6.75,11.341,-27.097,27.946,-0.262,9.038
46.395,86.279,-30.201,18.714,-2.346,-62.041,-7.391,68.445,-15.867,-8.648,1.095,-14.164
48.538,130.501,-28.147,-75.313,16.792,20.115,34.415,-49.093,2.465,13.776,-47.082,13.217
48.979,93.52,26.301,-84.287,-11.881,6.539,19.892,29.555,-12.866,-7.403,-17.573,15.459
49.926,112.3,-28.381,-2.444,0.514,-29.22,11.336,1.45,-9.505,5.121,-16.065,11.279
50.328,113.369,12.895,-37.169,-1.052,-7.155,24.03,-3.12,-10.376,-0.225,-21.597,-0.469
51.243,105.676,-24.387,48.927,-1.736,-70.216,4.087,11.872,4.623,-12.409,-15.718,-4.321
48.133,168.758,112.711,58.757,48.2,1.326,1.076,-19.959,-26.651,-14.05,-13.762,10.27
45.493,152.622,105.152,56.639,65.812,-32.033,-2.589,-21.451,-8.822,-1.3,-6.727,13.537
50.884,77.561,-7.481,36.48,-23.083,-27.467,23.034,7.232,-20.567,-9.289,-20.848,-3.92
46.33,128.508,72.159,51.937,48.05,-23.698,-16.248,-0.597,-6.298,-1.472,-5.752,-9.129
43.473,137.921,179.859,51.619,78.018,-16.854,-22.139,-6.173,-35.462,3.997,6.63,-13.87
51.356,104.069,3.672,44.089,15.954,-0.244,15.226,29.766,6.066,-0.496,16.481,-6.99
49.073,64.405,-28.36,15.15,-6.475,-5.432,11.845,-16.397,-14.076,9.904,-12.713,14.164
48.275,105.001,27.562,29.428,8.863,-0.626,9.591,16.529,16.71,-29.023,-13.163,3.716
49.679,40.648,-24.898,26.386,-15.162,-52.566,9.959,-1.285,-17.525,10.209,-2.69,6.911
48.666,72.031,16.024,-25.532,6.582,10.99,16.667,-6.977,0.569,-23.437,-23.638,11.34
50.949,93.16,-24.576,56.697,7.344,-49.537,14.391,7.625,3.12,-3.754,-13.099,8.046
45.429,69.352,14.256,0.937,6.048,-4.764,12.125,14.822,-21.419,39.186,-9.684,1.225
48.888,47.519,-49.272,8.206,-17.089,-52.192,-0.257,-6.419,-9.076,19.321,-13.721,13.292
45.621,83.74,-14.333,-32.936,12.621,-47.977,8.519,10.505,-2.916,-3.288,-10.089,4.429
48.063,120.721,-12.83,-78.881,20.169,-35.646,14.098,8.085,-8.849,8.215,-3.128,12.246
52.995,118.385,-2.233,24.981,16.801,-17.372,14.779,17.308,-5.515,7.224,-2.801,-1.546
51.327,87.625,-8.208,12.769,27.74,-18.005,24.303,-0.362,-5.111,17.593,-7.57,6.971
49.946,116.926,47.233,9.318,25.972,-38.364,19.969,-3.221,1.542,-3.855,-15.433,-2.667
51.722,66.853,4.272,4.307,0.601,-14.839,38.85,-4.831,-10.487,11.985,-2.81,10.306
50.558,94.088,-15.203,84.142,11.62,-71.039,5.449,16.823,2.174,-16.133,-14.391,1.824
41.697,125.717,135.135,38.622,75.745,-26.423,-47.818,-3.503,-19.897,0.914,1.844,-0.147
45.692,99.159,27.85,43.671,26.269,11.946,11.031,23.521,-2.82,13.483,32.247,-14.128
43.273,126.4,189.493,43.313,66.626,-19.196,-26.461,3.092,-35.225,1.473,0.382,-1.999
50.146,101.758,-17.101,64.967,15.542,-9.863,17.411,19.78,10.008,0.269,11.721,-4.702
45.987,60.325,1.366,-2.192,3.465,-1.78,14.764,10.205,-3.69,22.678,2.14,-7.782
47.992,61.073,31.701,-52.83,33.094,19.77,40.5,-35.956,-4.679,-3.64,-33.984,6.585
49.812,28.509,22.425,-25.025,-4.71,-7.569,-13.12,16.971,-11.637,19.685,-0.66,7.928
51.942,62.918,37.096,-29.962,-21.459,-23.691,-27.734,11.382,-25.035,-5.8,6.996,-15.012
52.897,76.895,-9.346,32.497,-1.396,-61.411,-10.277,-9.341,-10.631,-12.043,-15.247,2.254
48.889,90.221,8.119,-1.568,21.249,17.179,-0.215,6.333,-30.0,12.995,-15.967,4.03
51.588,34.176,22.042,-12.289,2.401,-26.416,38.986,2.078,-22.697,29.081,14.508,2.364
53.895,120.859,17.571,-16.09,6.369,-38.249,0.07,26.335,-2.461,-19.471,-2.009,6.688
52.966,112.64,7.674,14.128,11.051,-37.36,2.651,18.764,9.952,-22.671,-27.126,6.984
55.587,95.855,3.026,-0.612,-9.756,-27.093,24.859,11.721,-1.027,-16.283,-16.956,14.101
53.021,128.613,13.275,37.827,1.715,-23.926,-2.012,20.051,15.195,-20.253,-20.309,4.935
52.185,101.997,-18.579,30.317,6.413,-25.066,5.801,7.957,-5.057,-27.18,-16.856,7.338
52.869,103.476,7.709,37.711,11.752,-45.035,1.568,13.061,-1.177,-15.758,-22.014,11.12
51.961,99.233,-25.435,-26.871,-14.422,-13.921,11.097,26.044,-2.371,-5.46,2.907,0.084
49.97,122.311,-25.363,-3.47,-0.499,-30.075,14.463,3.25,-2.605,9.193,-21.789,-5.037
50.47,107.239,9.876,-29.896,2.707,-5.074,31.442,0.375,-0.341,8.492,-22.424,-6.589
51.655,102.045,-23.306,54.651,-4.97,-70.639,13.377,23.833,1.038,-10.564,-14.838,6.111
48.748,154.962,74.631,61.827,33.149,-15.033,3.238,-20.54,-13.134,-9.188,-21.167,12.392
46.014,138.703,103.515,46.804,61.382,-15.63,-12.887,-22.241,-13.022,-2.554,3.513,2.601
50.005,79.306,-4.518,30.877,-18.451,-16.005,23.627,11.386,-19.481,1.124,0.711,-5.433
46.224,117.933,69.128,56.7,41.04,-28.793,-18.963,1.659,-10.256,12.625,-5.822,-10.618
42.369,139.139,161.611,-1.263,74.361,-19.889,-24.273,-1.99,-25.551,9.607,-0.536,9.57
52.259,108.167,-7.501,39.05,6.463,-53.574,7.661,9.365,7.134,-21.391,-4.978,-7.068
49.365,77.697,-37.247,18.748,-12.044,-29.067,13.721,-4.228,-12.404,0.594,-10.173,15.827
48.142,132.369,63.506,45.351,22.565,-7.619,10.08,5.722,-1.814,-27.098,-14.45,3.147
49.115,49.663,-28.957,19.498,-23.258,-43.14,6.956,-2.775,-30.279,14.332,-1.419,5.128
49.617,95.419,29.696,-24.78,12.984,15.215,14.855,14.376,-1.876,-15.883,-21.387,12.303
49.268,38.948,27.334,-9.314,-27.921,-48.573,3.684,8.436,-22.05,-1.283,-2.74,2.526
51.084,91.126,-18.132,65.261,2.916,-70.07,9.442,7.721,8.23,-17.361,-26.964,-0.496
46.379,63.638,29.304,15.27,3.668,-14.56,8.107,23.08,-11.104,20.94,5.268,4.023
48.049,61.171,-11.472,-3.436,7.091,7.9,13.965,-2.188,-0.48,17.995,5.952,6.255
47.053,82.094,48.123,-41.809,7.374,-18.266,22.507,15.463,-30.275,0.098,-7.052,12.61
50.968,113.3,-20.168,-42.449,24.024,-48.935,19.947,28.566,-10.667,1.633,-0.684,16.511
53.387,121.413,-0.984,20.24,13.523,-25.204,11.723,22.951,1.08,3.757,1.189,3.273
51.2,96.159,-9.001,10.73,8.525,-10.097,17.065,-0.715,-10.985,7.398,-15.939,0.669
50.187,130.355,54.972,9.132,29.96,-37.155,18.414,-6.487,-2.623,-0.155,-6.08,0.387
51.963,66.716,8.485,6.326,3.556,-23.14,34.899,-1.407,-13.235,15.871,-1.625,1.85
50.904,94.363,-13.661,65.13,3.241,-73.966,11.077,9.895,-0.032,-18.771,-26.685,2.139
46.598,29.263,-12.428,-12.283,-20.699,-56.624,0.277,3.618,-1.69,5.339,7.025,5.939
48.352,57.57,-21.218,12.39,-5.698,-12.968,32.947,7.004,-11.484,8.861,13.648,4.359
46.184,76.534,12.79,13.718,3.461,-77.684,3.691,5.499,5.93,-4.458,6.868,-0.694
44.043,78.087,19.222,7.573,-8.197,-47.71,13.288,5.148,-4.573,2.617,-1.512,0.176
46.065,69.574,47.959,12.921,-0.169,-17.799,9.031,24.38,-13.761,0.816,17.467,-4.626
51.834,82.953,-33.273,43.694,1.131,-41.502,4.009,-6.752,5.341,-11.94,-24.953,3.524
46.383,52.147,-17.129,-8.115,-6.359,-30.755,12.592,-10.538,-12.556,10.597,-2.891,14.472
48.863,47.83,1.523,-35.776,13.583,31.485,36.401,-18.266,-1.374,15.982,-25.585,8.882
49.402,35.292,24.527,-20.462,3.442,-5.023,-20.981,22.373,-13.829,13.231,-2.172,10.499
52.032,60.762,32.0,-35.953,-21.137,-25.441,-25.982,16.934,-25.897,0.548,-1.044,-14.972
52.759,79.057,-15.654,30.909,-2.813,-60.115,-12.692,-5.591,-8.344,-13.598,-12.164,5.536
49.564,85.19,6.709,10.332,14.213,6.226,-8.448,19.195,-34.258,29.676,-5.764,-1.231
49.629,48.895,44.12,-36.897,21.273,13.572,26.208,-13.578,-21.083,11.926,0.559,8.273
53.051,94.956,45.743,-18.972,15.206,-11.416,3.961,42.403,-14.354,-4.02,-15.163,-2.238
52.684,110.425,8.146,16.672,12.058,-20.439,9.159,15.203,-7.517,-14.38,-21.993,7.832
55.785,86.087,11.472,13.577,-5.185,-23.127,17.808,1.681,-4.148,-8.534,-1.762,8.494
52.84,117.36,5.165,37.512,-1.594,-29.976,5.941,4.83,-2.738,-24.98,-11.667,8.282
52.902,95.053,-10.815,24.582,7.304,-23.094,15.216,9.217,9.934,-26.149,-6.167,10.068
52.291,88.244,-15.828,25.785,0.534,-39.871,8.86,-0.446,-9.962,-14.43,-20.007,13.546
48.786,6.954,-30.795,57.955,34.158,-21.531,-6.51,-6.262,0.003,26.969,-80.644,19.858
47.728,43.739,16.703,-15.338,12.233,31.954,-36.68,30.922,-19.235,29.863,9.333,6.966
50.309,97.415,78.929,-22.47,16.761,-19.549,-88.244,0.299,-32.046,-18.71,9.537,-22.218
52.093,83.336,-20.821,41.63,-2.977,-65.277,-18.193,-9.361,-15.594,-16.158,-25.121,4.538
45.458,125.565,27.402,-14.115,55.431,44.173,-51.52,-7.882,-49.805,28.604,-28.545,14.14
47.862,39.002,27.326,-80.395,27.06,35.769,30.078,-27.694,-18.405,22.997,-20.85,5.636
51.188,56.249,69.261,-42.606,-19.742,-39.765,32.343,50.676,-28.763,6.303,11.623,5.866
53.336,105.125,-6.789,22.735,-0.023,-26.787,6.686,11.157,-1.561,-17.836,-31.507,21.581
54.912,95.96,8.931,0.393,-8.162,-25.77,25.0,2.859,-1.521,-10.656,-5.567,12.699
53.348,101.605,-1.805,8.55,-13.881,-24.272,2.956,4.085,-3.982,-20.243,-13.294,16.865
52.803,100.469,-17.983,27.317,-1.814,-24.39,13.03,-1.309,-2.069,-26.165,-11.586,15.152
52.994,100.924,-23.085,19.635,-13.814,-34.034,-4.209,4.297,-2.902,-3.231,-24.476,10.573
50.198,33.61,15.326,24.845,4.474,-20.312,16.476,11.526,-11.481,3.942,-52.795,11.867
50.9,82.291,42.907,0.98,25.569,43.371,-20.327,4.747,-6.473,-6.785,12.676,8.796
49.801,102.434,111.678,-10.902,27.741,-6.009,-73.559,8.252,-24.246,-19.519,17.236,-18.961
52.787,107.906,-22.967,34.796,-9.702,-49.357,-1.671,17.461,-12.059,-3.804,-11.128,1.781
48.074,58.357,55.575,52.12,19.264,11.054,-34.163,-1.395,-19.566,-10.133,-34.909,-11.719
45.908,121.331,75.135,-29.031,82.705,38.873,-53.731,10.796,-47.863,20.195,-24.833,-0.562
46.562,76.744,45.237,-72.221,27.211,21.875,27.996,-29.95,-34.297,39.392,-15.724,2.824
54.996,85.56,27.175,-2.029,19.712,-36.423,15.887,33.454,-9.654,-4.843,-3.495,14.205
54.067,101.963,-25.062,1.254,-14.086,-26.97,11.264,17.458,1.181,-4.38,-1.717,7.879
53.157,92.351,-2.524,9.228,4.744,-31.99,23.274,0.966,-2.718,-20.614,-16.301,21.537
52.716,97.237,1.698,19.484,3.99,-18.447,7.121,-4.201,0.106,-33.189,-16.205,9.53
52.691,108.328,-0.55,7.598,8.754,-21.671,7.246,8.473,0.525,-9.873,-22.83,12.052
49.636,59.288,4.197,14.876,11.968,-1.81,21.991,-7.245,-13.31,25.831,-26.893,7.589
50.853,75.194,40.282,12.797,26.529,34.357,-29.393,-0.464,-7.059,-12.03,15.773,9.064
49.711,125.649,137.509,11.878,22.422,-15.7,-77.761,9.699,-32.826,-17.717,5.194,-27.652
52.154,104.541,-20.564,38.43,-18.074,-46.321,2.582,21.379,-11.446,-6.839,-10.455,2.575
47.933,62.26,57.845,68.296,21.086,-6.951,-38.863,-11.003,-22.967,-13.09,-38.181,-15.339
46.021,122.744,72.707,-20.394,83.109,39.522,-57.218,17.115,-45.87,27.085,-23.309,-0.52
46.431,62.09,39.54,-98.681,20.66,9.215,23.217,-32.913,-30.301,42.751,-20.812,6.027
53.561,72.563,39.539,-40.475,10.775,-5.983,28.751,48.936,-1.846,-18.262,-4.841,2.166
54.399,101.405,-16.439,-2.901,-8.052,-36.722,8.447,6.285,0.351,-7.646,-0.688,12.404
53.191,114.159,3.43,14.277,-4.289,-27.37,16.398,-1.192,1.047,-25.084,-18.308,10.311
54.923,83.108,4.911,-6.428,7.909,-24.966,-11.767,-11.946,4.149,-7.708,-15.731,-7.107
55.218,85.099,2.132,7.748,23.42,-24.241,-14.71,-11.442,13.483,-9.371,-4.225,-27.401
50.602,87.45,-19.657,80.16,27.815,-47.077,-27.164,21.324,9.09,-23.358,-26.977,-0.04
48.919,58.071,46.741,-35.696,5.974,37.408,23.603,-26.219,-5.215,30.807,20.717,-30.977
51.162,90.744,-23.929,99.461,18.503,-52.438,-25.015,25.601,9.458,-21.857,-29.316,-4.304
52.26,67.923,5.442,-29.33,-40.764,-17.465,15.07,-15.403,-5.466,9.873,-3.762,-22.51
49.334,81.313,-43.33,86.26,5.913,-40.637,-16.372,29.667,8.584,-21.478,-53.384,9.46
50.808,43.58,30.303,-45.242,-47.594,-39.599,47.897,3.501,-29.819,-1.439,-16.953,17.559
55.102,71.695,16.548,23.818,-19.301,-38.379,25.814,-2.45,-31.829,-15.421,-16.73,17.832
50.399,49.994,68.061,29.076,-0.662,-28.626,38.942,-9.423,15.119,-4.058,-23.275,6.919
43.05,44.45,-174.728,136.564,12.034,-29.735,-12.447,-52.57,3.524,-7.444,-87.676,22.601
31.937,-5.784,-95.348,48.818,17.751,187.104,13.958,124.252,37.91,-103.368,-133.454,-1.33
29.29,33.225,-197.216,260.714,-6.478,91.355,-5.829,54.258,-6.178,52.411,64.376,-5.307
40.892,97.048,-71.977,33.365,17.585,234.924,50.402,52.915,0.537,53.453,118.023,-17.219
29.129,-34.378,-114.501,108.952,-15.015,-23.787,-21.978,29.261,-34.202,4.737,-71.077,7.621
40.156,-18.191,-130.721,119.121,-28.593,-64.021,-16.646,-11.303,-11.207,36.843,-16.143,16.24
34.179,-43.692,-56.067,-78.274,-30.622,-32.231,0.905,12.901,-25.907,12.707,35.543,-11.453
46.892,93.749,-69.615,101.843,-28.773,-70.8,-13.734,18.683,10.175,-39.202,-44.457,12.969
29.268,-35.906,-101.0,98.725,-24.621,-4.807,-13.848,31.784,-26.854,9.505,-68.508,15.249
39.912,-19.377,-133.227,111.004,-31.935,-92.625,-23.23,-0.152,-12.861,22.163,-32.594,11.83
33.178,-45.564,-73.756,-82.724,-24.011,-21.155,-8.392,1.917,-18.993,13.469,20.312,-17.316
47.497,101.75,-66.792,81.471,-20.187,-67.578,-8.722,20.663,3.249,-22.759,-30.028,21.622
39.882,-73.174,-4.886,-40.894,52.858,-18.478,24.144,-8.582,0.565,43.618,-14.634,6.164
40.243,-51.962,3.538,19.586,-9.356,-31.345,-16.68,16.653,-30.53,-14.831,6.292,16.618
41.092,1.586,-126.3,138.022,-25.613,-8.513,-37.994,18.169,-1.9,-0.81,-37.97,4.18
39.823,80.545,-129.293,268.737,-12.561,-44.1,-36.572,52.25,9.31,-50.658,-130.349,17.946
31.696,15.651,-206.363,288.473,-29.07,-78.217,-60.033,59.949,-2.209,15.411,-40.353,13.69
29.458,99.133,26.257,-268.154,32.705,246.686,69.04,38.46,-13.896,18.478,-103.774,14.915
30.588,-42.716,-115.614,83.329,-26.668,-29.582,-14.358,29.626,-25.62,-0.085,-58.227,7.026
33.645,6.705,-67.3,-77.857,13.068,215.028,59.841,2.851,-0.012,14.355,-8.715,6.709
34.549,-44.656,-64.445,-55.461,-6.074,-7.198,4.962,12.161,-32.677,7.172,-9.073,-8.587
42.074,72.404,-47.072,-125.207,35.198,6.412,22.202,-38.096,-25.602,6.4,-12.282,-2.456
40.912,18.5,-18.653,-32.844,32.742,-54.848,-0.012,71.06,3.982,-19.669,12.45,23.303
40.479,-14.59,-125.516,104.26,-33.291,-91.129,-25.01,1.183,-12.293,13.846,-39.669,12.81
33.186,-63.592,-85.639,-67.567,-27.272,-27.68,-4.918,12.686,-11.593,-11.449,7.9,-16.42
46.564,98.781,-84.07,101.61,-7.755,25.264,9.026,29.475,8.375,-22.618,21.835,0.023
41.323,165.78,-110.593,-5.593,29.331,-48.119,-14.055,16.83,4.155,14.879,-22.606,13.409
45.193,-7.893,-82.44,91.494,19.606,-10.976,21.579,-12.168,-4.181,31.489,-28.206,10.096
31.526,-49.464,-171.974,17.646,14.404,-56.283,4.049,-72.518,4.017,15.995,-25.284,17.534
37.314,72.485,-62.043,-67.663,39.538,72.783,38.879,-32.476,-3.632,-41.357,-29.321,-3.539
35.364,91.427,10.796,-55.916,64.031,56.94,39.803,-55.539,-29.027,37.252,-81.958,26.305
35.182,91.787,-44.163,-7.824,-7.254,14.175,-16.0,-102.255,-22.755,36.802,-86.768,17.892
40.87,-56.482,36.5,-48.284,71.884,37.865,14.25,47.511,13.267,-7.545,24.631,-1.398
48.889,83.664,-59.167,113.097,2.15,-49.711,3.696,7.331,6.135,-25.922,-38.718,7.897
32.947,7.486,-142.864,122.168,1.496,-39.798,-7.667,-18.843,-39.246,10.641,-53.946,12.93
44.015,8.962,-88.051,69.332,19.087,42.716,27.77,-16.81,-20.239,69.593,14.611,5.766
41.273,75.025,-60.049,-61.59,24.102,7.83,33.068,-78.603,-20.039,-20.306,-30.875,2.32
43.713,49.526,-24.426,-81.094,8.202,18.212,22.268,-7.406,-4.738,-6.778,-45.655,14.403
40.423,47.732,-19.639,-33.326,13.009,-30.61,5.189,-87.442,-11.019,52.591,-10.939,13.729
42.684,7.085,-120.97,98.384,-13.032,-86.391,-15.698,-13.47,-2.13,2.378,-42.401,9.401
30.508,10.349,-133.822,-20.083,0.713,-68.103,-7.162,-45.616,-8.395,15.48,-9.128,4.916
33.403,-65.08,-84.81,-68.747,-25.071,-30.54,-5.422,13.33,-6.7,-11.217,6.605,-17.269
47.189,80.585,-64.635,100.363,10.761,36.428,15.452,13.423,16.706,-10.535,15.029,-8.868
40.532,143.024,-121.846,-6.095,24.449,-55.118,-22.172,19.43,10.198,2.436,-30.465,17.009
45.924,-15.074,-82.735,89.068,17.088,-29.257,16.423,-19.122,-7.386,38.285,-37.554,9.84
31.388,-17.138,-165.853,22.812,18.776,-65.188,-1.627,-27.715,2.156,16.567,-12.084,10.244
35.996,166.291,-1.595,-53.125,55.797,39.344,54.836,-71.425,-32.22,32.114,-71.989,18.344
43.785,6.132,-79.442,89.832,23.366,-6.806,13.372,-17.189,-10.328,42.392,-12.022,10.145
36.852,87.324,-50.457,34.872,1.987,-2.803,-28.891,-86.084,-14.683,31.246,-78.205,15.696
39.982,-82.779,44.484,-63.773,67.964,17.874,-1.49,44.727,0.32,19.608,24.618,-2.265
48.86,84.725,-59.704,111.772,3.12,-44.991,5.227,11.525,7.895,-22.297,-42.158,12.27
32.969,43.12,-131.524,97.627,8.333,-40.081,-17.932,-1.364,-37.284,16.263,-38.477,10.718
44.113,10.836,-90.147,70.759,23.968,40.316,32.407,9.573,-19.162,67.426,22.807,2.027
40.737,87.128,-81.052,-53.385,30.434,3.57,20.903,-77.598,-20.822,7.014,-24.058,0.625
49.486,73.384,-44.511,102.627,8.787,-51.387,4.679,6.192,2.14,-11.722,-59.356,14.441
40.627,85.413,-63.249,-2.769,13.557,-1.518,-14.256,-56.226,-3.662,37.902,-60.738,18.213
41.533,-63.005,24.75,-40.981,56.831,-10.368,6.261,45.348,-4.908,7.779,6.596,-2.362
42.056,13.559,-126.39,89.814,-16.084,-79.842,-16.486,-19.741,-9.701,9.882,-37.115,10.102
37.365,7.671,-81.733,51.869,19.285,45.735,16.029,15.486,-39.562,14.216,-33.403,8.908
39.256,7.925,-2.721,-181.627,0.422,15.743,13.536,65.487,-10.825,1.098,7.706,-12.031
46.081,129.823,-85.148,27.812,55.725,-36.496,-41.986,57.434,-5.652,14.79,-49.556,-12.745
43.113,-14.131,-126.103,96.37,3.32,-29.096,-6.896,-3.563,-2.656,31.836,-68.314,19.348
39.867,71.736,-79.068,-68.374,35.937,46.902,29.805,-39.217,-8.217,-29.85,-59.557,5.357
46.571,4.637,-66.058,31.342,21.984,-53.108,23.443,-20.035,-3.158,41.885,-9.811,11.066
41.563,6.158,-71.249,32.539,-17.105,-41.827,-55.047,37.337,10.172,-39.49,-8.09,-0.529
41.981,-59.174,-21.387,-26.5,66.687,-25.271,19.963,33.433,-2.379,51.175,13.268,-8.933
49.655,65.222,-72.036,84.054,-4.677,-39.12,11.242,-11.859,2.281,-15.296,-36.128,17.979
37.028,9.753,-102.191,54.284,-12.102,-42.956,13.161,-23.054,-40.757,4.513,-34.166,16.325
45.397,-1.583,-92.322,68.987,11.434,-55.674,2.779,-7.004,-11.546,32.267,-62.42,16.883
39.715,61.949,-83.833,-78.641,39.59,-4.61,32.072,-67.811,-12.748,-0.515,-17.829,6.579
49.339,74.577,-49.82,97.043,12.512,-20.553,10.228,6.673,7.47,2.967,-35.314,10.185
39.152,69.954,-71.016,5.74,-12.375,-0.674,-5.373,-60.095,-14.185,39.57,-46.196,15.857
41.308,-68.778,32.25,-39.579,67.709,-18.006,20.308,11.861,-19.369,28.649,21.571,3.322
42.178,14.443,-126.594,88.426,-17.74,-79.735,-16.574,-18.982,-11.648,7.436,-40.136,12.339
37.359,-9.59,-84.399,77.702,13.746,45.657,26.806,18.661,-23.465,10.922,-12.373,-0.811
33.984,-74.694,-86.242,-67.492,-26.233,-40.359,-4.738,14.942,-5.182,-19.069,7.752,-15.573
47.896,92.297,-61.962,108.798,0.793,-21.556,14.5,17.956,10.402,-22.32,-20.143,4.527
39.099,149.223,-103.821,-4.571,30.021,-0.657,4.363,19.694,7.835,3.069,5.055,13.568
43.96,-20.518,-131.024,119.527,16.999,-63.561,-7.902,1.503,11.154,17.381,-63.981,19.619
41.432,90.472,-58.165,-51.353,39.041,30.608,21.829,-49.813,-18.568,-10.803,-76.2,10.356
33.653,81.693,12.175,-125.585,54.084,12.919,39.8,-63.538,-13.167,1.624,-64.867,7.28
37.674,109.84,-38.247,-29.501,0.032,33.737,-9.136,-95.465,-22.913,46.091,-78.866,25.907
42.484,-49.5,56.131,-29.332,79.41,-15.628,2.187,40.652,-7.736,6.723,-0.655,3.327
49.0,81.794,-58.158,104.639,2.115,-45.734,5.385,2.07,6.681,-25.246,-36.907,5.771
33.431,23.115,-86.56,95.43,-2.102,-28.446,6.422,-35.917,-44.492,6.711,-49.118,9.063
45.191,22.811,-90.064,64.944,8.777,-20.169,4.293,3.185,-12.561,46.34,-31.277,10.469
39.547,74.766,-81.555,-80.73,41.122,5.816,15.557,-71.963,-17.965,20.073,-28.848,-1.741
49.598,76.229,-45.941,97.127,12.345,-47.65,3.814,4.888,5.959,-4.177,-55.422,8.91
39.77,79.866,-26.869,-34.184,-13.919,42.735,16.253,-62.922,-17.654,22.742,-45.306,15.606
43.762,-72.346,14.584,-38.66,55.318,-41.095,40.376,41.638,-7.316,24.705,8.402,-12.197
41.911,13.019,-131.33,85.873,-20.759,-78.276,-21.717,-9.374,-0.494,-2.046,-70.361,22.515
33.287,31.653,-6.014,-234.571,63.772,231.452,60.678,32.073,10.899,10.119,-115.495,22.079
36.789,10.236,58.212,-247.512,-7.409,23.244,41.918,9.94,8.525,31.277,-1.431,4.329
49.441,135.281,12.261,-8.302,-28.684,-44.995,43.907,9.005,-18.82,-15.914,-9.192,6.941
50.955,119.503,-18.754,46.941,0.274,-65.672,21.026,19.349,-5.358,-23.384,-22.147,2.393
41.255,73.048,3.983,106.257,44.033,19.518,27.757,-56.175,-24.829,1.428,-100.189,30.139
43.315,11.986,5.485,-41.44,46.505,103.751,42.136,-6.711,13.79,-7.382,-9.336,6.487
43.68,39.759,-14.379,-54.505,49.636,-27.376,-18.314,4.235,4.74,-12.172,9.566,-3.078
43.37,72.135,38.068,33.754,38.498,-8.154,-25.892,-26.803,1.415,-11.182,-29.239,-7.117
47.056,70.42,-10.526,13.912,33.167,66.541,-0.105,33.547,13.018,-14.888,-33.953,-0.228
44.248,83.568,-61.703,-30.04,-20.162,-40.526,-18.135,19.493,-34.317,29.99,20.138,7.856
39.88,203.938,-93.877,37.473,28.57,-77.301,-2.271,78.433,1.96,-16.223,-9.09,4.017
47.095,63.974,-42.283,54.993,-20.143,40.924,14.198,6.808,-36.047,67.913,2.897,-5.297
41.484,122.318,-125.934,11.879,23.818,-77.61,5.276,29.055,-46.532,-13.83,-28.019,-1.489
48.073,43.247,7.76,5.115,-3.758,43.594,6.15,-15.758,-31.132,66.697,8.588,-24.363
51.245,67.679,-36.495,45.838,18.459,-65.442,-16.246,-14.231,4.521,-6.932,-25.562,-3.959
45.008,46.617,-15.926,48.694,-13.8,4.715,-21.054,47.224,-9.282,4.924,-27.175,-24.262
48.728,30.01,-48.333,56.293,0.355,23.835,10.519,-8.484,-9.512,24.746,-37.755,10.673
44.094,65.354,-7.912,15.412,-49.827,-15.962,8.628,13.363,-23.199,-9.759,-13.444,1.034
50.006,90.21,38.854,-12.046,-46.483,-34.098,30.625,14.314,-17.189,18.448,7.38,8.907
51.149,93.871,-17.182,56.901,-7.729,-57.203,-2.148,-9.707,-2.628,-22.81,-24.473,-1.456
46.205,120.705,-58.004,-1.519,-13.025,-32.657,-6.144,11.71,-24.951,17.043,-2.966,7.891
44.553,129.905,28.649,0.479,-22.331,-8.093,19.133,26.948,-28.461,8.64,3.879,-12.171
48.771,85.587,15.573,-5.893,-21.506,23.847,49.098,6.852,-25.922,25.812,-6.49,6.974
50.44,60.864,32.095,-50.932,-9.496,-6.332,14.379,-16.439,-12.244,14.349,-6.418,-17.026
51.838,56.914,-24.086,57.04,14.253,-56.565,-17.577,-19.518,-5.089,-14.242,-20.245,-9.307
41.755,15.918,-30.252,67.265,39.921,14.323,-44.371,38.252,-14.988,13.918,-69.342,5.341
47.764,21.407,-36.03,20.693,9.024,-17.476,4.72,-19.969,-3.684,47.529,-10.568,4.118
42.144,43.318,16.593,34.19,-5.692,-33.537,-25.122,-28.508,2.906,-15.255,-17.216,-16.663
42.645,68.537,45.344,-62.217,22.323,26.294,13.69,30.884,1.201,-14.088,-56.636,0.335
44.848,30.793,-19.881,-10.054,26.738,48.57,14.887,-25.959,-21.311,50.037,-10.916,-10.44
41.54,130.794,54.895,89.79,-28.117,-29.801,6.335,0.112,10.495,-29.439,-43.826,-8.689
48.669,28.61,-30.053,53.833,-18.695,-14.919,7.894,1.739,-29.227,22.976,-10.88,-21.405
37.305,-30.071,-86.975,58.358,-36.913,-111.36,-14.983,-9.199,-53.413,12.534,-20.083,-4.324
49.174,37.251,39.08,15.761,-20.134,-0.601,26.577,-7.829,-19.341,18.817,-4.399,-18.289
50.102,71.947,-31.035,82.884,7.284,-50.838,1.916,-9.785,-5.088,-16.236,-51.572,9.121
45.254,97.821,-2.02,17.359,-36.015,1.531,3.371,64.148,-23.213,30.113,10.32,-1.448
50.334,71.205,-15.631,46.737,-39.301,-19.837,0.349,8.687,-22.854,21.698,-24.261,-2.271
50.293,97.254,31.775,-13.334,-56.732,-32.235,13.694,2.659,-9.057,0.987,-9.143,-6.743
51.146,82.05,-28.485,50.601,25.418,-60.605,0.092,-4.997,23.5,-11.802,-30.799,5.224
46.719,149.821,-82.208,-21.736,-0.154,-67.374,-6.702,5.504,-13.481,-5.001,-13.938,4.169
45.979,155.906,14.368,4.694,-6.632,-47.394,26.669,7.239,-10.74,6.953,-6.935,8.497
50.621,69.324,-0.756,12.21,-21.435,-30.233,20.825,18.054,-30.449,23.579,0.342,-6.617
48.516,144.994,41.065,-3.249,-26.366,-27.794,52.304,29.775,0.868,-5.779,0.577,13.049
50.907,112.684,-28.289,50.369,12.923,-57.718,18.157,21.225,-1.259,-13.766,-18.214,7.304
41.996,70.397,-12.267,108.893,21.116,11.397,4.154,-47.542,-29.559,38.878,-95.357,32.638
47.654,24.315,-33.818,36.563,16.947,-34.752,-3.306,12.552,-7.476,46.755,16.206,-3.509
45.759,88.508,12.007,-24.087,22.06,83.527,10.163,-8.377,-2.906,13.75,-51.718,9.118
45.624,83.473,-40.372,-23.532,-29.743,3.677,-0.429,-4.769,-35.068,4.494,-24.213,9.747
42.156,166.582,-69.668,30.225,5.471,-24.245,8.196,79.519,-20.734,-11.352,-22.885,6.241
47.947,31.687,-45.833,92.663,-26.41,-13.699,4.605,4.126,-30.777,35.621,-38.193,-9.862
40.674,138.45,-122.267,24.066,27.254,-83.809,0.824,21.577,-39.655,-14.201,-19.201,5.238
49.398,52.129,15.068,22.951,16.437,11.912,5.864,-26.9,-31.856,38.664,-1.923,-23.063
51.157,69.412,-38.029,50.854,23.244,-62.213,-25.392,-10.524,5.465,-8.425,-31.081,-3.585
44.993,47.288,-11.885,38.318,-11.189,-27.319,-10.185,52.577,-4.147,9.054,-32.349,-12.648
49.439,4.416,-25.22,58.462,-2.59,-33.531,20.018,1.31,-16.819,31.345,-31.27,5.534
46.743,38.158,-11.433,-38.513,-20.796,-15.121,-21.231,9.773,-6.566,-7.13,5.888,-19.633
47.922,59.309,39.042,24.358,-60.259,-39.329,44.91,-21.452,-29.14,29.53,8.209,10.777
48.58,75.619,20.727,-14.288,-14.093,-1.252,23.757,34.716,3.998,-21.861,-46.814,12.33
47.213,46.16,57.138,-13.644,72.477,-28.368,-8.059,61.32,4.481,2.997,-30.165,-15.129
51.942,57.167,4.971,-21.348,-5.018,6.884,31.361,-4.039,-21.465,30.403,19.443,-15.073
51.685,24.845,44.133,-17.143,-8.777,-38.203,9.086,16.296,7.89,-3.464,7.518,-32.724
53.275,67.645,4.493,33.885,-16.07,-44.721,27.606,-23.335,-17.403,-0.838,-19.68,-0.494
50.888,42.519,30.079,-41.385,-20.891,-24.144,-10.166,26.091,-23.63,3.649,15.351,0.969
52.293,78.296,1.209,-9.933,-30.402,-33.285,-6.609,-16.501,-21.263,11.52,-6.443,-4.353
50.288,80.696,10.287,26.85,-24.837,-43.912,19.385,-7.529,-39.588,-29.338,-14.653,0.589
50.666,57.871,61.96,-57.34,-20.63,-4.384,46.751,21.801,-0.829,9.937,-9.331,2.147
52.548,64.73,-4.411,63.111,-16.618,-30.139,21.636,0.815,-15.064,-8.717,-15.187,-0.973
44.573,30.848,9.185,8.109,-55.168,-32.064,-3.458,-1.188,-20.646,0.348,-5.863,0.939
51.829,65.335,13.18,62.068,47.718,-34.388,-26.2,-9.479,-5.181,12.834,-54.084,25.79
51.423,34.378,-6.29,0.321,-18.009,-12.244,-9.52,-37.985,-23.66,-6.241,-23.275,14.94
50.753,50.544,44.814,-35.37,-13.536,-14.342,-43.297,6.206,-27.49,-7.27,22.349,-10.595
52.563,58.963,-5.617,58.946,6.315,-29.24,-21.051,-22.974,-10.044,-24.751,-31.642,7.485
48.839,59.957,-32.649,-3.014,-4.574,-5.114,-13.326,15.79,-39.222,43.673,-10.243,5.43
53.682,54.132,23.402,18.102,27.598,-32.793,9.741,-8.244,-18.804,-8.317,-16.627,22.856
47.263,45.515,-54.203,66.665,-26.125,-70.812,-1.759,44.63,-13.867,-20.568,-20.914,-1.984
51.89,102.418,-9.506,39.417,10.727,23.882,8.614,-9.139,-1.537,33.615,-34.033,12.484
48.595,89.506,11.384,-100.622,7.098,46.109,15.39,31.147,5.488,-3.939,-6.233,5.519
50.195,109.205,-35.684,-7.906,-3.387,-27.05,15.148,-0.916,-5.244,5.495,-22.919,9.426
50.659,107.492,0.603,-45.61,-11.01,-3.236,24.74,-3.841,-10.91,3.839,-23.44,-6.324
51.675,93.683,-30.411,41.831,-6.56,-68.126,15.127,11.743,2.842,-11.403,-26.376,5.52
48.466,164.464,108.214,61.791,45.346,-8.01,2.683,-21.398,-27.002,-13.536,-16.884,6.232
45.586,150.42,103.008,52.726,68.425,-27.172,2.805,-20.623,-3.803,-7.96,-0.571,9.355
50.813,76.691,-15.614,22.529,-13.122,-38.141,21.514,5.496,-9.985,-11.368,-21.063,5.533
46.184,122.599,71.105,46.177,47.452,-15.017,-14.267,0.086,0.439,-15.134,-0.621,-14.81
43.698,127.048,183.505,44.784,78.407,-30.439,-19.922,-0.101,-37.537,6.947,1.049,-11.165
50.892,106.826,23.461,36.833,20.675,17.808,20.817,34.774,1.51,4.093,15.862,-9.35
48.884,69.329,-19.709,9.562,1.817,7.234,10.283,-21.504,-10.288,17.471,-18.815,13.39
48.272,96.225,9.873,17.313,-0.574,1.506,10.656,18.536,15.227,-26.328,-14.525,4.436
49.249,41.99,-26.249,27.136,-11.641,-51.907,11.792,-0.758,-20.425,18.897,4.991,10.28
49.857,100.09,22.755,10.054,8.254,2.766,14.724,-19.008,-8.129,-12.04,-4.041,9.336
50.476,80.511,-8.376,45.327,5.094,3.814,23.155,25.42,4.692,-28.993,-4.057,-4.96
46.783,51.702,2.031,21.661,-14.625,-22.213,6.567,20.515,-19.182,34.807,-2.111,7.889
48.778,46.238,-35.868,19.297,-1.406,-26.498,6.458,3.522,-9.731,28.133,8.202,0.51
45.346,69.371,2.123,-36.952,17.886,-37.862,5.452,31.978,-5.302,-1.766,-4.062,7.599
50.873,105.091,-23.728,-52.068,23.083,-47.551,13.856,23.894,-11.399,-1.753,-5.632,13.605
53.243,114.819,5.569,33.579,8.828,-39.873,11.448,11.23,-0.537,-15.864,-23.82,2.298
51.834,75.938,-21.477,11.91,19.284,-27.194,24.882,1.399,-8.1,9.901,-15.443,8.398
49.955,115.748,40.233,10.691,23.236,-30.735,20.07,-0.717,-0.086,-4.823,-13.758,-0.664
51.599,69.964,15.335,6.469,10.972,-8.035,32.26,-5.142,-11.022,14.994,-1.068,7.868
50.263,95.125,-12.656,79.61,14.584,-61.789,1.77,15.469,2.005,-10.083,-8.606,1.194
41.617,135.579,135.262,38.556,83.552,-21.1,-38.415,-7.769,-5.901,-4.872,-1.987,-2.521
45.95,100.617,22.051,43.635,22.102,10.419,10.036,21.525,-9.945,18.654,29.873,-11.9
42.522,131.495,176.843,38.559,82.44,-7.779,-17.504,-7.765,-28.856,-0.802,6.792,-1.817
50.276,104.555,-14.548,49.864,17.265,-6.273,16.095,21.756,7.097,3.398,7.867,-4.447
44.508,68.925,27.497,-40.676,7.334,-4.898,18.164,-13.464,-8.305,14.759,-24.724,-1.534
47.499,64.892,21.181,-53.606,30.573,16.708,45.182,-37.929,-2.292,-3.587,-32.459,12.273
48.792,31.009,24.929,-18.487,-0.842,-12.658,-6.966,8.788,-11.824,19.202,-4.796,8.886
51.936,61.565,23.892,-19.751,-31.875,-31.2,-22.777,10.908,-19.954,5.295,5.547,-8.898
52.502,76.465,-16.923,44.791,2.833,-41.728,-6.055,-4.862,-9.449,-7.211,-3.544,-2.124
48.858,72.379,-4.244,1.999,8.75,6.25,1.965,20.016,-27.979,23.556,-7.637,7.985
51.321,20.53,-2.385,-10.152,-4.978,-26.256,41.437,-9.239,-21.366,23.503,8.856,6.439
52.153,73.488,51.961,-39.801,-8.25,-31.88,23.186,43.276,-15.092,-9.375,-7.543,-1.271
53.311,94.4,-2.977,7.609,1.111,-23.525,13.672,10.35,-5.378,-9.913,-29.931,16.895
54.491,86.529,-0.981,-1.381,-11.632,-28.876,22.495,9.56,-10.977,-9.546,-7.9,15.602
53.094,90.444,4.843,24.967,-0.296,-29.375,17.984,-0.86,-8.071,-3.109,-17.44,10.745
52.054,90.638,-2.915,21.547,1.217,-27.198,16.503,2.22,-6.268,-17.28,-18.757,17.515
52.628,96.199,-6.987,20.15,4.935,-37.628,14.223,10.648,-2.977,7.39,-22.805,10.794
52.492,103.979,-29.04,-25.157,-15.764,-35.263,8.088,23.234,-3.855,-12.872,-13.136,0.97
50.126,115.414,-31.206,-4.808,-6.618,-33.088,14.674,0.634,-6.059,11.234,-18.338,-3.192
50.764,101.63,-7.943,-27.202,2.848,-6.645,27.204,3.739,-1.019,4.515,-22.559,-3.742
51.806,102.054,-29.934,31.479,-6.704,-69.089,6.706,14.238,6.909,-7.939,-20.695,8.838
47.692,128.607,59.181,-39.568,4.459,-11.785,26.558,20.112,-4.982,5.965,-23.366,-2.168
46.432,139.315,105.342,44.211,57.073,-18.464,-2.154,-8.646,-4.219,-14.052,-1.591,-1.147
50.154,80.352,-13.461,23.363,-16.641,-30.092,11.302,3.915,-12.02,-3.907,-9.335,-9.523
45.873,125.255,71.033,59.332,41.455,-35.256,-17.264,-7.469,-8.791,9.169,-2.202,-5.821
43.782,125.335,154.448,30.064,64.814,-30.507,-17.311,-8.63,-32.398,1.569,-7.114,13.88
52.281,107.419,-6.607,38.281,7.185,-38.247,12.514,14.764,2.686,-15.729,3.546,-4.038
49.699,71.213,-36.389,18.115,-9.039,-25.994,5.972,-3.009,-11.775,-0.599,-9.976,14.469
48.982,117.168,32.833,35.621,0.876,-10.31,18.863,13.508,1.918,-27.919,-9.154,0.322
49.945,43.301,-25.862,19.427,-24.318,-45.443,12.202,-0.1,-19.464,11.323,-14.459,11.504
49.643,76.706,9.925,-12.57,0.101,3.976,16.619,-3.833,-3.643,-10.403,-15.369,8.217
51.203,89.216,-21.93,65.751,6.193,-60.01,9.749,12.281,4.307,-8.551,-25.882,1.451
46.871,55.274,18.233,19.344,-3.718,-21.029,9.009,25.884,-18.666,23.641,7.799,8.612
48.345,55.859,-26.827,0.36,4.946,-0.287,13.436,-5.586,-1.939,25.383,12.978,7.207
48.097,75.37,27.445,-26.793,11.84,-34.784,29.501,22.839,-16.553,7.66,5.816,1.504
50.96,116.193,-35.444,-43.4,25.302,-52.647,12.962,24.259,-5.992,-15.706,-11.677,7.429
53.484,122.441,2.869,14.789,9.182,-26.085,16.348,20.157,-1.176,3.044,-2.666,4.237
50.854,92.644,-13.224,-5.139,7.942,-0.76,19.783,-4.644,-6.554,3.539,-6.001,-1.843
50.226,123.872,57.363,8.333,31.62,-49.051,18.607,-13.773,-2.227,7.591,-20.964,-1.38
52.008,60.971,3.287,3.799,-1.517,-27.601,32.445,0.814,-13.882,17.58,-7.015,5.526
51.039,90.817,-19.979,66.406,6.982,-56.586,5.7,8.692,-0.01,-8.276,-11.323,1.074
46.661,49.843,-2.299,-8.725,-3.992,-17.673,6.813,5.232,-4.907,32.459,11.275,3.504
49.13,55.917,-8.52,16.274,-24.836,-64.937,29.103,16.099,-30.166,10.875,-4.349,8.616
46.815,76.804,7.178,32.835,4.955,-83.516,0.502,7.792,8.796,-4.407,14.403,-0.239
44.357,74.858,26.636,10.597,-8.741,-65.094,14.417,6.417,-8.829,3.653,-9.473,0.854
46.147,67.667,54.841,9.307,2.93,-17.029,6.099,25.014,-12.893,-3.667,8.835,-9.165
51.918,81.724,-29.024,47.735,-1.001,-31.711,9.615,-5.839,3.592,-9.73,-15.833,5.536
46.65,49.856,-12.686,-6.002,-9.551,-37.883,14.065,-7.669,-14.362,20.092,-7.183,12.583
51.436,28.319,-11.316,7.22,9.542,-35.66,12.538,-2.883,-12.287,36.916,-34.387,10.965
48.706,35.824,26.673,-41.942,8.371,-0.445,-15.125,12.777,-11.084,10.639,-6.813,11.271
52.879,73.473,32.895,-25.913,-24.146,-35.357,-39.732,4.045,-20.972,5.32,-3.668,-18.366
52.889,72.026,-12.619,27.027,3.957,-62.431,-9.363,-4.962,-2.521,-10.366,-14.765,2.708
49.125,91.077,9.289,-17.264,10.296,24.141,3.811,4.461,-33.667,15.909,-19.71,3.315
49.619,44.293,36.465,-42.412,14.838,8.577,28.608,-19.124,-23.116,13.228,-3.418,8.154
52.629,89.646,38.242,-21.723,8.523,-14.796,10.88,26.38,-17.803,-15.647,-14.117,1.107
55.353,90.584,8.555,1.053,-11.591,-40.745,18.8,3.064,-10.319,-9.877,-13.943,21.09
53.127,94.464,-0.818,34.221,-13.847,-32.756,12.815,2.95,-9.074,-6.051,-14.642,13.907
52.948,79.421,6.755,-6.663,0.478,-6.732,12.276,0.859,-7.146,-12.163,-12.659,4.239
52.072,85.907,-19.05,18.437,0.029,-23.679,5.319,0.62,-1.808,-10.865,-30.791,14.352
48.76,14.135,-28.555,51.723,30.738,-21.891,-6.237,-9.962,-0.735,30.667,-78.035,18.321
47.522,44.875,14.808,-18.707,11.993,39.062,-32.551,28.946,-21.226,36.331,13.912,6.692
50.035,98.327,79.327,-20.407,20.127,-13.875,-87.735,5.072,-33.657,-19.382,9.305,-23.497
52.436,77.671,-12.005,35.95,2.575,-55.802,-12.63,-10.994,-15.269,-12.368,-28.532,0.824
45.495,127.23,27.816,-21.331,55.452,47.317,-48.19,-12.531,-49.945,24.222,-31.074,13.218
47.496,40.687,31.449,-82.809,17.786,35.163,25.931,-23.072,-21.986,26.939,-21.297,10.739
52.818,68.458,38.879,-43.493,-19.818,-22.073,25.372,40.494,-23.883,-9.115,-4.472,0.702
53.129,99.184,-13.596,7.704,0.753,-33.77,18.495,2.132,-3.347,-15.13,-28.074,26.235
55.127,81.403,7.014,-3.709,-12.803,-41.189,27.551,3.724,-7.748,-7.314,-12.983,19.563
52.856,91.238,-18.638,24.32,-20.503,-28.445,-1.597,1.64,-8.093,-8.316,-17.204,15.292
52.811,76.871,-12.14,1.422,-3.775,-21.291,20.045,-0.27,-6.133,-13.881,-14.893,23.372
52.736,85.725,-18.516,17.255,-1.684,-16.106,14.733,9.496,-2.095,4.403,-9.779,18.898
50.227,34.988,16.321,22.053,6.847,-21.346,19.296,9.26,-11.731,4.304,-48.653,11.019
50.711,82.462,43.756,-6.182,26.219,49.748,-17.557,5.295,-9.042,-0.591,15.21,7.548
49.81,102.937,110.036,-10.955,27.479,-7.643,-74.561,6.965,-24.067,-19.214,18.834,-18.118
52.797,86.529,4.509,40.422,-2.762,-53.031,-7.328,-17.641,-19.131,-9.298,-20.94,-8.63
45.833,124.328,68.189,-17.091,81.592,40.791,-56.364,22.54,-45.693,26.517,-27.63,-0.742
47.553,63.495,40.195,-55.931,21.618,28.263,32.989,-17.992,-21.962,25.843,-11.937,-2.854
54.673,76.883,19.845,-9.127,12.969,-37.835,15.739,26.162,-14.057,-1.315,5.229,11.165
54.436,75.165,-9.271,-5.21,-5.43,-37.047,14.376,2.331,7.108,-6.68,-23.587,-4.118
52.8,104.974,7.918,33.574,1.489,-23.485,18.281,2.604,-3.502,-14.42,-17.803,12.726
52.392,89.526,2.801,6.93,10.672,-16.284,14.703,8.424,0.278,-18.666,-8.428,11.133
53.056,108.768,-14.577,5.574,13.782,-31.955,12.487,15.326,-9.98,-8.734,-14.306,14.682
52.968,97.704,38.843,14.503,3.77,-14.82,13.845,37.157,-2.192,8.858,-21.91,3.731
49.05,183.925,120.965,97.495,55.637,45.377,-60.342,15.732,-18.601,2.343,-20.053,5.289
50.947,91.28,54.163,2.567,14.609,30.873,-45.258,6.443,-30.415,-12.642,-16.314,-14.792
47.444,77.82,41.111,57.1,22.559,28.984,-63.441,25.652,-38.945,-17.279,-15.225,-20.388
46.632,114.835,-3.085,2.722,64.142,30.831,-66.635,20.722,-41.418,61.446,-21.688,10.772
49.081,42.737,-16.445,-69.277,20.467,26.856,46.076,-14.523,-16.417,13.679,26.061,-3.061
53.791,62.695,34.203,-38.586,8.854,-6.155,30.169,50.169,-6.933,-18.835,-0.148,10.046
55.089,92.743,-2.832,-14.059,1.498,-43.393,12.933,11.079,-4.199,0.831,6.673,9.606
54.523,79.309,17.857,-27.029,12.06,-8.55,5.801,-10.144,-9.232,-3.063,-7.742,0.955
54.93,85.81,39.896,7.644,21.354,-31.031,-12.664,-5.707,8.149,-16.762,-8.824,-24.12
55.011,124.742,5.582,4.701,9.609,-37.086,9.649,26.494,12.964,-14.277,-3.539,-0.729
51.972,55.981,30.955,-8.361,3.093,-24.459,6.765,-28.791,-6.759,31.272,-23.203,-42.99
55.197,125.126,1.152,-8.768,3.9,-54.15,2.825,35.301,11.628,-17.889,-10.874,-2.394
52.828,95.07,16.982,-9.829,-28.418,-36.79,18.395,-12.851,-14.538,26.345,-14.378,-16.029
54.349,138.852,8.374,-25.149,8.64,-43.784,12.083,25.307,11.08,-21.295,-11.838,-0.76
52.236,73.099,35.01,-3.71,-40.813,-65.779,51.486,2.721,-31.605,4.582,-0.679,17.876
55.525,98.515,27.811,28.545,-5.53,-39.317,22.316,-3.274,-27.237,-2.293,-23.516,14.144
52.727,83.696,-21.045,-14.64,5.941,-47.71,13.844,40.893,8.358,11.918,-18.053,2.33
49.971,108.724,-0.248,-21.291,-4.933,-29.82,30.214,0.76,-9.32,17.652,-15.113,-0.068
54.091,92.379,14.931,23.832,13.006,-49.479,22.535,18.443,-0.157,7.486,-12.762,-1.828
50.763,125.144,112.297,28.171,110.437,-50.923,-28.776,7.474,35.583,6.782,-9.96,-17.478
51.373,80.948,33.25,7.411,67.448,-60.995,2.208,2.466,54.856,11.73,-6.851,-24.897
51.053,55.325,7.617,17.993,22.984,-45.796,-5.893,20.141,10.653,30.505,-13.987,-19.269
49.221,133.399,80.144,-54.027,41.27,8.569,4.102,17.318,3.375,-1.193,-3.708,-6.063
52.738,144.173,100.573,1.502,53.32,-32.043,20.447,6.583,16.19,7.084,-21.72,-8.011
53.56,73.78,4.816,26.639,14.083,-62.043,6.862,8.345,1.369,-5.007,-8.472,2.47
51.15,92.937,13.739,13.716,16.86,-41.194,-7.036,24.465,13.297,22.616,-12.589,17.286
50.891,48.919,-5.744,-2.566,7.249,8.363,17.611,5.703,-0.927,44.199,-11.682,2.268
49.731,74.858,36.982,-77.592,14.714,-14.759,29.273,-3.242,-1.588,-2.292,-13.561,-3.63
53.132,78.533,-16.734,46.78,13.247,-39.312,7.437,1.378,17.153,3.168,-29.848,2.455
50.545,95.766,-5.995,-39.221,6.053,8.485,23.603,11.279,-5.514,0.537,4.473,2.109
52.499,70.061,38.611,-4.133,56.099,-37.375,12.602,0.279,26.402,9.562,0.488,-9.412
51.047,52.581,-35.887,-2.623,13.948,-79.73,-2.623,37.497,15.469,6.84,-10.339,0.3
50.554,107.536,49.547,-37.033,32.774,-9.14,32.056,-13.7,-16.935,9.367,-8.535,-14.548
53.276,110.346,39.532,-27.417,23.044,-36.306,37.204,21.519,-32.512,8.428,-4.767,-10.741
54.808,101.757,6.041,21.07,0.777,-55.663,0.16,9.965,-1.386,-10.697,-13.376,-2.977
53.635,85.013,20.889,3.061,17.669,-22.565,46.133,8.191,-1.266,16.951,-2.447,24.502
53.168,93.319,50.12,11.58,14.333,-43.583,43.707,15.244,-17.968,-16.677,4.008,42.957
53.149,33.455,7.757,8.145,-5.495,-43.023,29.364,20.534,1.387,1.327,-28.715,10.228
51.103,117.151,-0.781,-18.056,-13.215,1.454,27.481,2.821,8.639,-20.124,-4.076,-1.523
53.465,96.716,19.361,22.011,14.24,-40.277,14.268,23.989,8.206,0.08,5.112,-14.889
50.246,130.614,24.03,23.872,25.022,-72.461,-1.129,14.645,12.245,-1.211,-3.265,2.314
48.692,116.609,-16.983,-10.403,5.333,-56.975,-17.829,2.584,10.549,-9.272,7.987,7.794
51.565,61.166,-8.129,15.526,7.085,-34.155,7.3,17.434,10.641,25.951,-4.23,-6.046
53.06,85.493,20.456,-10.457,18.345,12.91,13.638,12.74,0.501,17.246,-8.254,-4.223
49.44,100.116,-2.453,-43.79,-9.104,6.125,15.49,16.958,3.225,0.97,-16.557,3.367
50.22,94.915,-33.451,-15.115,-16.251,-48.49,-4.636,-1.411,3.052,-1.733,-5.813,14.517
51.327,55.229,-17.587,2.729,-7.217,-24.575,6.065,8.054,4.983,21.783,-16.297,2.099
51.172,108.591,18.459,-16.799,15.374,-11.169,21.404,-17.231,-2.908,-1.488,-7.806,6.109
53.281,80.633,-14.525,49.889,10.353,-40.471,1.098,11.855,3.4,8.813,-19.465,-2.208
48.878,96.478,46.125,-73.646,1.631,-16.412,11.526,0.996,-8.489,2.046,-17.168,-1.712
52.445,87.162,49.944,5.624,35.445,-41.208,17.122,5.242,8.206,1.301,-9.832,-11.133
52.423,68.353,2.389,3.598,-9.392,-39.459,15.549,7.628,6.67,-0.108,-16.951,6.533
50.834,106.859,4.727,-14.152,6.733,-27.076,8.677,11.599,9.305,-5.95,-5.878,10.086
52.485,117.406,62.28,3.636,40.112,-25.238,3.886,-1.889,-7.546,10.893,-9.108,7.691
54.445,130.916,58.839,-4.218,33.192,-32.524,5.884,11.393,-18.096,-7.968,10.223,26.079
54.422,102.988,8.559,16.827,10.812,-36.558,2.808,23.187,-11.293,15.337,-9.779,14.551
52.051,136.811,21.929,11.56,23.649,-34.666,-15.356,40.246,-8.927,8.489,-2.177,13.762
52.934,73.494,-11.971,-26.614,9.704,-28.55,21.874,26.802,1.029,14.712,-19.933,0.211
51.876,131.087,-7.32,-11.322,-0.808,-28.715,10.979,-1.003,-0.84,13.193,-13.87,-1.648
54.001,98.136,16.381,23.552,18.002,-18.513,14.924,9.036,3.225,21.495,13.661,-6.377
50.958,111.646,100.286,28.757,94.994,-32.904,-5.852,6.055,26.054,-10.713,-8.72,-22.827
51.568,65.23,39.087,8.383,58.883,-51.802,3.35,-1.429,37.288,3.958,-9.59,-24.485
51.211,48.209,-0.4,9.417,6.522,-53.094,-8.492,32.214,18.759,0.929,-17.661,-18.445
50.995,139.572,69.342,-19.248,31.555,-11.535,-5.442,-0.998,-7.543,11.986,-1.663,7.387
53.241,139.246,106.612,1.344,52.581,-26.388,10.49,9.991,25.421,6.34,-13.022,-31.798
53.537,80.545,6.806,20.186,14.2,-64.652,2.75,3.254,2.494,-0.988,-6.543,-0.273
51.701,93.532,16.222,8.171,21.855,-33.64,-2.331,19.435,12.155,11.389,-18.947,15.364
49.093,117.727,-13.154,8.397,-23.659,-52.174,-13.482,14.085,-3.377,-14.826,-5.756,11.792
51.206,58.201,-0.079,2.392,-0.146,-1.573,16.285,2.988,-3.181,40.614,-11.898,-5.394
51.633,88.127,33.447,-34.618,20.877,-1.165,18.634,-12.833,1.359,4.931,-13.951,-13.802
53.25,72.881,-10.04,60.664,5.308,-59.63,-7.433,16.222,12.482,4.884,-25.152,-8.625
51.62,95.302,-11.079,-17.218,1.525,-24.525,23.269,-3.188,-2.044,-8.436,11.57,14.467
52.816,103.09,39.112,-10.801,30.123,-36.07,-1.661,16.855,27.42,-4.726,11.653,-8.492
51.518,60.955,-21.3,0.02,-10.987,-77.903,-6.066,37.517,-1.83,-1.974,-4.718,-3.395
51.329,104.365,63.025,-9.296,29.234,-19.534,29.975,-4.714,-19.551,25.679,-7.327,-22.418
53.191,107.223,42.148,-25.477,27.058,-34.504,35.944,22.285,-32.428,5.097,-5.59,-12.869
54.458,94.163,13.962,26.752,1.044,-50.342,6.956,23.724,-6.241,-12.548,-31.824,4.181
52.986,91.942,28.034,4.679,27.832,-13.029,45.424,0.475,0.019,20.051,0.143,7.441
53.173,94.888,52.089,11.612,20.809,-29.919,45.619,15.831,-17.45,-16.629,5.411,41.491
52.692,51.442,3.017,9.528,-16.336,-41.418,24.766,26.569,-6.187,-5.925,-31.368,10.633
49.397,124.113,-18.404,-3.508,-9.174,-46.1,9.963,-16.588,6.494,15.492,-11.528,1.46
49.647,109.239,27.993,-16.196,-20.461,-21.368,26.085,11.908,-5.999,7.119,-16.183,-9.286
54.323,92.132,-6.759,13.22,4.98,-32.219,14.849,10.846,6.778,17.99,10.663,-5.442
50.797,87.911,-26.1,-13.352,-16.618,-48.493,-6.748,-6.259,-1.283,-3.054,-4.054,3.914
51.964,56.901,-6.069,0.45,-8.24,-45.195,15.539,23.811,11.898,23.695,0.41,-6.869
52.543,91.315,31.447,-46.211,12.031,-17.666,37.867,1.894,9.828,9.841,3.054,-8.249
53.033,58.033,-21.59,38.026,-3.922,-57.029,6.368,8.907,0.496,3.94,-34.752,6.065
48.859,139.41,-2.196,-22.12,0.362,-36.52,-1.022,-3.087,-0.163,11.53,-8.716,3.013
53.474,94.077,28.626,-53.029,-8.823,-13.392,3.314,2.188,-10.34,2.553,-9.166,-2.212
53.196,93.659,-21.564,44.19,29.659,-37.412,14.171,36.206,4.39,-1.039,-49.012,-4.157
52.525,108.672,-21.87,62.126,17.497,-29.711,-8.653,30.024,7.706,7.381,-46.63,14.97
51.657,83.153,-23.38,69.995,20.518,28.255,-0.056,17.026,3.857,23.851,-7.185,-3.02
53.098,94.606,2.865,9.54,11.128,-7.184,26.567,1.767,8.515,13.804,46.441,-8.44
52.641,73.263,-16.986,63.6,15.82,-18.134,5.157,12.813,9.916,-7.965,-52.833,3.625
49.572,103.392,11.92,-60.402,16.494,15.348,35.699,-6.443,-0.411,33.381,-12.319,7.933
55.64,95.623,4.034,15.751,27.803,-45.826,0.681,20.734,-3.687,-0.982,-21.786,17.217
52.073,91.232,-27.148,-13.605,-11.918,-36.869,15.283,-6.975,8.55,-18.347,-19.66,-4.335
53.765,92.141,-12.937,-25.359,-2.436,-36.073,12.849,22.643,9.509,9.123,-22.935,-1.648
51.634,125.072,-8.355,-9.786,-10.382,-32.395,13.394,7.367,7.246,9.226,-22.341,0.335
55.09,82.268,11.863,-5.765,4.371,-47.767,8.744,13.858,-2.811,5.367,-4.473,10.338
53.759,85.102,18.912,-2.64,40.931,-44.986,-6.457,-14.027,30.105,21.458,-2.679,2.765
52.185,36.374,-12.843,-6.537,7.452,-39.541,-8.21,15.927,18.739,-1.259,-34.084,-5.329
50.919,95.797,18.773,-78.889,7.705,2.157,0.225,16.8,4.708,-8.38,-1.203,4.284
54.145,87.815,22.545,5.501,22.947,-28.972,5.632,4.143,20.172,-0.968,-31.472,-1.611
51.374,92.66,16.778,6.605,13.182,-49.875,0.551,19.038,17.179,11.612,-17.89,18.332
51.58,62.308,-0.621,2.728,-5.929,-2.624,13.589,6.322,7.424,30.205,-14.9,-0.546
51.011,95.734,29.293,-52.95,13.53,-5.896,21.196,-6.338,8.172,3.308,-13.974,-6.612
53.079,83.522,-11.017,53.432,7.426,-54.743,-8.496,20.227,17.787,5.669,-30.882,-1.493
52.127,106.499,2.447,-15.959,-14.198,-46.787,12.415,-7.953,-5.017,6.252,0.843,6.292
52.381,84.414,-4.163,6.565,24.795,-42.487,-6.706,15.923,19.984,3.422,-20.517,0.815
51.055,112.161,52.635,-32.406,28.889,-12.541,16.897,-10.776,-17.824,11.726,-10.904,-6.324
54.396,111.551,26.45,-23.083,18.564,-47.62,20.827,17.323,-24.674,-17.772,-5.424,-19.809
54.878,100.73,10.461,21.751,4.725,-52.483,5.1,15.927,-3.195,-9.197,-15.343,-2.77
53.966,80.165,18.875,0.04,18.246,-25.078,45.355,10.069,3.961,8.624,-8.453,25.467
53.321,98.746,56.497,8.561,13.693,-41.817,42.053,10.673,-17.484,-17.69,4.792,43.009
53.397,49.701,3.64,4.736,-0.605,-46.893,22.372,33.745,15.001,-0.668,-26.349,15.115
51.434,132.844,-8.366,9.439,-5.776,-24.06,21.935,-6.634,11.555,0.008,-17.93,9.623
54.497,106.519,19.013,10.41,15.51,-31.567,5.931,19.44,5.533,14.351,22.748,-3.622
50.893,124.499,22.282,32.018,35.659,-66.64,-17.19,13.404,13.174,9.716,2.782,-6.212
48.499,120.543,-19.057,-4.287,9.611,-58.333,-26.408,9.008,8.218,-10.663,2.11,9.23
50.729,69.546,8.378,10.105,12.219,-14.88,5.245,19.475,14.84,36.224,2.611,-10.029
54.228,98.246,34.009,-24.753,12.81,-17.126,17.955,14.684,1.605,3.998,13.285,1.992
53.571,88.016,16.861,40.025,19.266,-31.216,9.906,3.292,18.88,19.836,-45.099,-3.27
50.078,102.345,25.809,-42.986,6.784,15.964,10.245,13.121,-4.046,5.284,-31.325,12.763
50.448,97.361,-11.32,-17.343,-0.551,-50.719,-1.676,2.806,-3.723,-13.215,2.463,27.698
52.661,79.761,4.309,16.935,23.536,15.301,8.696,14.794,8.673,5.679,-19.967,4.156
53.481,106.505,13.816,37.611,21.011,-16.78,-1.244,3.52,-2.378,-0.536,-5.312,13.697
54.043,81.473,-6.863,57.968,14.031,-43.339,-0.214,16.139,2.258,1.138,-38.023,2.65
51.804,101.344,45.589,-12.211,45.005,40.014,12.3,4.789,11.089,2.597,11.377,0.156
54.371,87.053,1.437,17.483,11.883,-36.365,9.366,0.751,-2.834,21.872,5.22,10.511
52.724,106.819,1.066,-16.559,2.34,-51.762,-15.234,8.624,1.795,-1.099,-17.085,8.586
53.867,90.922,36.676,-2.796,15.726,-32.191,3.019,2.386,-22.979,5.959,-9.018,27.147
55.33,79.289,17.239,-19.974,4.187,-36.183,-8.373,18.169,-6.116,-18.071,8.29,14.963
55.305,90.258,-8.374,-5.614,1.53,-33.348,-1.302,23.324,-5.334,-4.639,-11.116,10.095
53.874,106.077,-13.896,20.164,12.804,-37.513,-11.594,16.092,-8.582,8.972,-13.606,23.924
52.521,77.625,-5.949,-23.925,14.722,-8.53,22.978,29.34,9.848,28.495,-6.968,5.785
51.799,128.069,-3.672,-10.686,-6.713,-20.528,12.219,5.29,0.62,10.547,-17.992,3.138
54.5,105.999,20.536,13.077,15.329,-52.39,7.145,37.619,5.107,2.953,-8.736,-0.217
51.501,129.07,15.088,20.927,18.717,-46.749,-9.141,26.027,16.986,13.689,7.504,-4.78
49.553,137.262,-10.539,-14.482,-4.036,-50.082,-14.985,10.064,9.57,-14.849,5.153,15.999
50.742,111.582,19.781,2.842,27.188,2.377,1.243,9.423,4.54,43.364,-32.684,3.238
54.694,87.152,33.467,-12.88,11.909,-30.302,17.375,6.277,2.852,11.182,9.403,18.557
54.883,93.473,21.325,-2.046,10.417,-25.227,1.386,17.221,16.435,-16.193,-23.82,14.515
51.528,93.053,17.931,-9.815,3.662,-45.786,21.304,11.017,15.928,1.698,5.909,22.424
51.795,96.378,16.366,-9.565,-6.135,-43.163,28.155,9.851,-6.621,13.845,-5.907,27.354
53.64,61.275,0.373,12.736,-1.982,-32.36,15.787,16.89,10.898,1.491,-18.299,12.288
52.674,105.276,27.096,-7.338,13.87,-30.941,26.885,-14.773,8.909,16.834,-24.082,8.718
53.563,88.585,-12.119,39.704,5.643,-53.693,-2.648,15.668,13.812,8.07,-28.022,9.239
51.151,116.68,8.884,-38.116,16.101,9.154,33.179,-3.238,12.442,22.991,-10.873,9.116
52.814,76.645,-2.614,-4.078,24.91,-30.846,8.028,15.022,15.846,7.666,-24.09,14.741
50.234,76.045,-1.441,-9.745,36.223,-27.991,19.943,12.134,-2.889,7.534,-3.955,25.766
51.968,112.409,47.278,-4.291,2.811,-22.086,8.937,15.009,-13.26,-13.531,-6.747,-20.704
52.717,122.163,15.773,-33.895,4.184,-36.987,29.723,19.745,-33.084,8.112,-5.842,18.971
55.421,95.828,3.304,3.283,3.302,-45.612,6.333,19.6,8.184,0.379,-16.215,9.005
52.422,111.103,52.835,-2.527,34.127,-16.276,-14.865,5.413,2.088,-1.334,-15.37,2.332
53.099,101.746,-0.025,-21.938,13.178,-27.847,-9.071,-19.256,0.959,9.589,-15.246,-4.215
53.073,100.859,37.829,5.197,30.348,-43.138,17.347,24.451,-0.026,-14.251,-5.119,27.053
53.645,81.047,28.481,6.843,-1.021,-33.165,41.791,33.38,-10.345,11.374,5.794,13.247
54.775,94.707,8.197,12.288,6.124,-26.527,21.329,22.573,3.662,17.861,5.499,-5.91
51.578,115.65,-15.629,-32.254,-12.927,-38.306,-2.771,14.138,1.731,-6.371,-2.923,21.395
51.812,79.197,-10.146,4.605,-3.253,-38.45,16.224,17.596,18.057,28.022,-9.471,5.514
52.16,113.31,10.652,-14.816,-13.317,-23.458,28.957,-18.308,6.371,10.367,-18.946,5.842
52.587,69.627,38.623,-28.626,17.06,-38.384,37.552,10.176,18.887,24.508,-7.036,-7.206
55.004,96.494,-6.705,-5.931,1.885,-51.597,7.685,26.003,10.269,-10.453,-16.536,6.68
52.164,120.649,-2.428,6.218,-10.165,-31.428,1.804,-2.297,2.37,-4.431,-16.15,1.585
51.266,86.805,-17.24,11.999,-9.238,-41.132,14.363,14.553,0.256,1.299,-16.883,34.075
54.321,88.457,14.453,-7.488,8.231,-23.28,9.332,29.491,1.814,1.481,11.972,3.254
53.238,89.375,21.616,11.763,8.233,-28.766,21.109,0.664,8.535,-23.967,-4.332,-3.499
54.174,95.206,19.65,15.085,13.127,-42.579,7.131,10.45,12.369,-20.847,-12.004,0.599
51.104,79.787,11.567,61.251,11.762,-14.829,11.466,10.55,16.276,-26.027,-19.216,-10.286
51.485,63.756,4.116,45.333,20.49,24.522,21.094,21.386,7.476,-20.594,2.724,1.162
52.683,72.465,30.644,-37.391,22.363,30.787,36.854,42.773,9.664,-18.227,25.521,-0.099
51.474,78.501,8.266,76.094,11.532,-39.667,26.838,-6.045,8.387,-17.807,-12.555,18.564
30.782,108.863,-70.468,369.989,20.529,-31.925,-25.488,104.714,-2.094,-46.337,-97.621,14.222
