1.701,178.327,53.175,-62.42,35.616,-44.025,18.408,-7.389,-25.018,4.12,6.228,-29.339
32.104,-70.159,-81.46,38.359,-28.797,85.089,-8.699,-41.369,-6.186,34.808,-0.997,-17.326
29.873,-124.116,-105.929,11.959,-22.449,6.512,-35.144,-34.807,9.968,-24.525,-16.728,-15.423
27.24,-96.69,-65.021,-30.159,-27.508,-1.13,-48.982,8.674,0.257,-23.156,-62.749,-5.391
28.167,-77.361,-59.399,-9.764,-16.643,72.382,-20.927,-19.298,-1.33,-26.449,-55.303,-9.265
27.175,-62.093,-75.407,-20.23,-21.349,45.168,-44.711,12.697,11.008,-35.131,-69.87,-7.747
25.091,-70.632,-31.407,-84.884,-15.438,66.859,-17.189,-14.723,-5.946,-22.237,-71.969,-7.511
22.812,-90.921,-85.803,-11.842,-24.18,-12.501,-51.845,5.136,2.626,-29.755,-12.024,-22.901
18.521,-34.535,-73.485,2.058,-18.172,-50.133,-51.289,-15.839,-1.992,-1.187,-16.299,-19.326
27.74,-78.556,-42.344,-110.598,-0.694,141.5,6.41,-30.686,-7.792,-7.624,-84.714,-4.654
28.016,-164.183,-82.523,-92.924,-5.728,16.329,-23.356,12.615,16.653,-31.136,-42.419,-8.653
27.741,-91.424,-89.778,17.6,-13.451,35.389,-37.88,10.163,14.601,-38.926,-35.494,-8.568
28.321,-54.993,-43.562,-23.055,-21.377,79.097,-19.448,-25.961,-8.048,-23.7,-63.806,-8.966
27.243,-90.936,-69.217,-62.721,-18.482,43.364,-35.454,4.213,6.738,-24.361,-56.736,-9.132
24.458,-99.611,-45.779,-97.058,-13.502,28.739,-22.826,-1.051,-5.976,-18.639,-46.955,-10.319
21.291,-74.457,-78.389,9.446,-27.939,-56.011,-60.098,11.913,-2.061,-28.593,3.707,-21.638
16.931,-36.028,-72.194,-31.859,-13.333,-13.136,-41.174,0.194,-7.894,-6.621,-27.766,-13.96
31.281,-78.614,-95.37,36.943,-24.173,81.489,-12.563,-62.044,-12.944,37.044,5.595,-22.36
29.792,-135.581,-93.331,-31.252,-16.761,27.11,-33.774,-8.01,19.008,-47.023,-54.67,-9.139
27.779,-85.01,-99.704,39.214,-22.392,35.786,-39.178,3.87,6.42,-28.364,-13.815,-19.019
27.628,-73.2,-43.958,-46.27,-17.43,76.098,-21.503,-6.784,-9.246,-30.548,-70.181,-3.586
25.982,-89.66,-77.49,-34.599,-14.946,43.315,-38.417,20.199,7.762,-31.152,-64.048,-9.529
24.598,-72.038,-35.027,-88.24,-17.069,51.539,-19.513,-18.783,-7.98,-10.737,-64.039,-0.202
21.921,-88.023,-100.847,3.577,-19.797,-37.242,-51.04,21.499,15.754,-25.869,-1.497,-11.869
16.735,-22.707,-95.811,34.509,-16.232,-43.345,-55.868,13.14,-20.333,1.596,-16.342,-14.984
7.422,31.669,-100.151,-36.079,20.801,-46.902,-43.134,28.352,-31.924,0.237,-10.369,-18.488
2.997,104.502,-70.32,-55.226,23.663,-53.43,-5.989,10.654,-33.259,-9.184,-2.695,8.555
28.302,-59.301,-60.154,-34.701,-0.877,186.253,18.938,-29.911,-11.922,54.399,-6.797,-19.833
29.828,-123.963,-106.539,12.797,-22.714,6.598,-35.856,-34.128,11.669,-23.62,-18.147,-14.266
27.534,-91.592,-63.823,-27.999,-25.972,8.364,-45.105,8.679,-0.282,-28.203,-74.799,-3.094
26.899,-82.89,-49.634,-59.761,-16.531,75.881,-16.331,-9.073,-1.279,-25.248,-59.465,-9.863
26.19,-79.997,-73.457,-46.351,-21.77,33.147,-41.967,17.816,8.987,-30.977,-61.788,-7.744
25.519,-77.1,-44.039,-56.38,-13.698,70.742,-18.621,-15.332,-5.244,-28.71,-66.512,-10.005
22.636,-80.183,-88.565,7.328,-31.078,-59.475,-60.412,-7.452,-9.653,-5.093,-12.616,-19.416
18.603,-50.871,-87.771,-3.156,-18.261,-43.683,-51.681,-15.253,-11.522,-0.085,-15.539,-18.608
27.648,-79.373,-41.483,-113.59,-1.432,139.156,6.383,-30.444,-7.958,-8.541,-86.148,-5.284
28.042,-164.943,-82.064,-90.958,-7.013,13.477,-24.321,11.064,15.989,-29.479,-43.747,-8.696
27.675,-91.192,-88.1,17.502,-12.109,36.135,-39.037,9.912,13.257,-38.984,-38.368,-9.059
28.29,-53.129,-43.536,-24.966,-22.767,75.412,-18.696,-25.465,-5.541,-24.782,-67.929,-7.849
27.298,-90.706,-66.477,-65.534,-21.01,41.823,-36.655,4.581,6.008,-21.869,-58.934,-8.394
24.937,-91.44,-37.245,-115.206,-12.634,35.034,-17.117,-4.007,-5.57,-20.729,-51.606,-5.509
22.101,-106.777,-81.795,-24.542,-16.924,-19.0,-49.971,37.385,0.206,-23.377,-21.679,-17.397
17.469,-38.666,-77.623,-30.746,-20.512,-18.701,-44.107,-0.647,-10.934,-7.172,-38.017,-15.279
30.302,-77.974,-91.139,7.439,-16.351,119.809,-5.876,-55.559,-6.574,18.876,-3.45,-24.539
29.722,-137.637,-91.989,-30.403,-16.95,25.825,-34.086,-7.892,17.942,-45.574,-51.065,-10.742
28.22,-74.535,-101.45,63.163,-34.867,-10.594,-47.159,-6.135,-1.242,-8.833,-10.178,-16.776
27.452,-68.023,-43.566,-42.93,-18.53,72.364,-23.031,-12.361,-9.22,-23.341,-74.747,0.353
26.389,-85.829,-79.435,-27.747,-15.99,51.9,-35.225,17.134,7.24,-34.758,-56.904,-12.456
24.24,-76.871,-35.143,-95.473,-16.132,43.135,-20.735,-18.888,-9.24,-11.478,-64.5,-0.785
21.9,-91.824,-103.766,5.087,-17.358,-33.744,-51.764,19.536,15.483,-23.096,0.231,-13.074
16.383,-10.468,-87.999,43.318,-12.458,-44.615,-57.503,12.076,-17.93,2.751,-17.264,-15.471
7.117,38.291,-89.777,-46.721,17.994,-45.206,-33.058,14.36,-37.513,-7.455,-7.689,-19.543
6.978,17.019,-116.459,-82.502,35.64,-56.75,-32.29,-1.505,-17.139,-5.464,-4.808,-9.534
47.304,145.584,-28.199,91.557,6.767,-80.327,-56.623,84.653,2.708,-25.809,6.657,5.295
44.073,13.442,-106.639,63.17,-29.102,-53.023,-23.608,-20.474,-27.233,68.483,27.096,5.148
48.133,14.55,8.004,29.946,-4.27,-3.48,29.203,28.181,-8.495,17.51,-24.586,-1.557
46.648,41.473,-3.869,-68.451,1.169,20.043,2.788,-7.0,-34.079,21.827,1.041,-24.043
46.673,77.201,20.191,7.053,-41.269,-8.772,-23.865,12.11,-20.48,-30.682,16.811,-17.438
49.915,67.985,-49.862,40.21,0.598,-66.25,-44.798,11.5,-34.434,-9.526,-20.965,1.189
46.686,-14.399,48.559,42.309,24.751,-6.64,-1.351,42.583,-22.446,2.996,-47.62,5.231
39.301,-7.996,-54.559,-18.902,3.199,94.211,31.828,-16.004,-6.832,-35.831,-64.906,15.738
48.387,13.66,-5.373,42.386,-10.939,-15.734,19.343,16.629,-11.438,18.518,-56.266,-0.519
46.547,41.587,-14.585,-77.588,12.202,28.227,3.211,-8.697,-29.321,11.102,8.773,-24.553
46.711,80.047,0.757,26.303,-42.892,-30.077,-31.017,-2.139,-37.911,-22.185,4.392,-5.605
50.066,85.233,-46.049,32.985,-6.098,7.077,-30.789,14.619,-67.896,45.78,6.506,-8.045
44.634,43.149,38.272,-66.488,16.789,2.409,11.671,-25.199,-42.22,16.688,-19.334,4.645
36.544,-9.621,-22.005,-2.807,16.417,8.2,22.179,-12.618,-20.946,-32.252,-22.201,26.134
49.641,39.152,-40.847,17.398,-5.484,-21.726,4.921,8.193,-20.652,59.731,-14.901,4.471
44.849,37.642,-42.698,-13.749,-35.331,53.133,-38.62,3.429,-29.59,-15.773,-25.513,-22.673
45.623,118.431,-14.231,-46.991,-32.118,-11.363,-52.872,-25.88,-25.498,3.845,-7.915,-3.469
50.984,82.166,-4.796,27.671,-23.382,-6.963,-37.54,23.885,-33.839,-5.257,37.598,-19.833
48.384,82.201,57.597,-29.944,20.003,9.495,-7.951,-27.787,-35.118,20.591,-10.83,-3.173
42.847,-40.751,-114.038,60.586,-32.457,-110.519,-27.747,-29.069,-24.83,26.761,-35.996,17.104
37.933,-73.69,-69.246,57.475,-39.303,-54.086,-39.955,-55.729,-27.631,23.248,-16.847,-3.348
32.58,-117.636,-53.427,-15.51,-24.826,16.135,-36.001,-4.159,-9.213,-47.971,-59.888,-1.321
31.702,-87.235,-48.384,-32.598,-21.467,33.706,-27.398,-25.199,-2.363,-33.42,-59.664,0.141
44.715,30.042,-112.984,84.386,32.245,71.309,-17.864,12.883,-7.812,-4.781,72.329,-11.835
35.581,-48.093,-69.236,-45.928,-14.604,11.068,-23.959,-37.943,-11.613,0.15,-36.505,-7.345
44.958,121.696,-126.91,-68.439,28.316,-24.48,-27.231,-18.889,-4.052,6.89,-1.502,8.377
42.94,-32.197,-139.396,68.885,-34.736,-90.254,-38.637,-52.523,-18.447,50.096,-23.737,5.269
46.877,11.275,-37.33,9.483,8.536,49.322,40.716,30.22,-14.423,6.268,12.227,16.996
46.889,49.305,14.162,-96.505,-12.994,3.698,-3.285,21.979,-31.315,24.678,-3.719,-1.084
48.433,98.056,42.173,-10.646,6.065,-22.52,-8.093,-12.639,-30.94,26.974,-20.851,-2.208
51.691,41.87,-19.234,51.38,36.605,-14.381,10.186,13.469,-32.058,14.455,-8.116,10.304
49.375,18.354,75.575,40.787,19.252,-35.005,34.583,2.934,-26.921,14.457,-3.826,5.605
45.259,17.89,35.304,106.537,-2.781,0.997,1.264,8.873,-29.986,-21.509,-78.254,11.818
38.173,15.452,-40.112,-54.37,16.177,77.551,31.188,1.75,-19.833,-36.871,-81.274,19.529
46.813,-9.231,-23.108,51.825,18.914,-15.772,34.493,30.927,-12.077,42.347,-13.783,13.305
44.9,54.652,3.264,-118.51,-14.202,-2.165,0.567,-8.042,-35.01,9.982,-2.302,-16.387
48.699,85.109,54.991,-3.453,-1.69,-22.159,-2.432,-12.908,-26.535,28.702,-2.276,1.624
51.683,37.601,-6.389,52.754,24.483,-52.456,0.112,11.161,-28.224,-9.602,-34.307,5.63
49.543,3.91,80.169,51.274,18.945,-34.51,39.304,4.796,-30.549,25.105,5.528,1.098
45.183,9.09,38.35,91.08,-6.392,-9.06,-2.739,6.252,-30.579,-17.099,-60.464,2.616
41.988,-12.384,5.288,-109.652,18.352,71.159,22.594,53.446,-47.134,7.558,-51.083,10.177
46.51,21.536,-50.473,51.451,-25.365,19.736,-18.989,-5.653,-46.369,15.13,-23.603,-17.892
45.086,76.014,-57.082,-33.697,17.999,18.275,-4.349,-57.287,-13.647,13.52,-41.117,9.156
49.809,26.657,-16.427,29.85,59.361,49.921,16.626,27.997,-16.774,9.873,3.343,-10.293
48.162,39.061,30.202,36.396,27.092,-18.714,-22.1,22.365,-34.042,30.049,-39.147,10.693
48.437,-15.663,-74.448,-25.493,-16.631,-83.583,-6.162,-26.291,-16.615,56.642,-12.463,16.258
51.459,-21.186,38.524,-17.169,14.858,-44.294,65.849,41.604,17.071,9.042,3.977,-8.249
49.52,-15.993,-38.672,60.085,-12.515,-58.277,-2.416,-7.892,-33.123,15.811,-51.604,3.553
41.794,76.583,-101.317,11.642,44.516,-14.115,-15.007,-56.255,-22.979,-22.177,-35.852,-3.484
44.06,-16.246,-107.245,54.911,-22.809,-67.759,-45.964,-40.052,-22.292,43.473,-29.536,13.406
49.276,48.953,-82.054,45.532,15.013,-27.195,-27.21,15.126,-7.772,0.892,16.883,-3.951
44.813,-18.406,-116.654,1.294,-27.059,-86.607,-42.206,-41.16,-23.217,48.645,-22.39,-3.428
44.426,-39.362,-109.434,-8.518,-39.939,-85.649,-36.271,-31.565,-25.161,39.588,-20.525,-7.471
44.659,-12.82,-130.19,32.455,-29.46,-16.351,-15.991,-23.027,-7.494,11.698,44.174,-14.792
47.926,73.18,-113.29,-35.107,-12.619,-97.474,-39.759,31.164,-7.135,11.66,-4.276,0.817
48.677,100.695,-60.159,11.77,-23.134,-51.465,-52.364,11.64,-20.546,-1.277,-15.454,-34.94
50.039,34.209,20.604,-1.224,18.775,-22.322,3.899,15.711,-18.847,30.496,-6.622,-4.892
48.715,41.621,30.5,11.12,23.684,-11.663,12.609,16.939,-27.321,-1.606,-19.314,32.728
48.646,-8.096,90.901,12.368,41.928,-35.166,28.064,25.013,-28.463,29.374,12.8,1.052
49.883,80.196,64.095,53.185,19.262,-25.365,10.216,0.235,-19.528,-7.853,-18.313,-8.848
47.525,23.829,-68.01,17.3,-40.109,-72.154,-25.246,-21.013,-19.375,40.62,-18.408,-6.479
47.965,21.761,3.896,51.371,-28.191,8.008,27.772,12.416,-25.434,-7.893,-40.122,-2.672
44.753,15.44,-8.259,-120.377,6.262,8.283,22.061,-30.959,-18.545,-43.395,2.256,-22.772
47.677,-14.666,76.834,31.359,31.871,-23.43,57.869,5.113,-11.038,15.721,16.142,9.203
51.875,30.404,-3.387,37.85,42.796,-63.382,7.442,-6.293,-9.416,-2.866,-15.061,22.295
49.586,25.842,72.145,30.443,55.445,-39.183,38.003,17.776,-23.886,14.708,13.233,-2.118
49.681,116.297,60.457,39.517,1.464,-25.639,-15.479,11.538,-26.876,-1.057,-19.849,-16.511
49.998,34.559,-6.995,-11.66,-16.832,9.849,24.088,-40.214,-28.186,33.918,4.666,-13.747
46.898,9.441,-8.299,48.9,-59.444,1.836,2.135,-12.633,-41.588,-16.461,-57.044,18.396
45.722,14.214,-36.363,3.613,20.421,61.833,24.856,-0.154,-16.538,-21.092,-39.192,0.84
44.678,85.066,-37.647,-65.945,44.581,96.434,12.773,-14.331,-22.338,4.532,-43.752,8.321
47.393,82.297,49.414,-18.079,21.501,20.643,2.858,29.016,-37.401,24.141,-5.149,4.299
48.527,13.677,85.666,-3.646,43.212,-15.645,-9.497,-58.734,-48.402,49.888,-9.981,4.46
49.806,52.337,34.656,28.828,53.198,-20.367,20.737,12.501,-4.285,-15.556,-45.979,9.491
35.884,-47.679,-47.977,56.274,-41.483,-24.473,-32.285,-50.944,-19.26,22.557,-9.645,-13.532
44.108,30.492,-58.218,-48.471,21.117,126.315,-0.842,53.174,3.159,-56.883,0.942,-10.394
39.444,20.855,-44.448,-16.784,-2.809,-23.058,-30.142,-23.46,-11.388,14.482,-14.397,-17.355
39.136,12.401,-35.021,-59.907,-18.596,-0.589,-19.401,-7.666,0.518,-30.271,-24.708,-15.075
45.791,29.086,-131.31,21.9,-10.904,-66.617,-24.678,-14.138,-23.453,41.158,10.181,-4.923
44.97,134.621,-123.342,-48.388,-16.204,-53.285,-36.785,-10.313,17.408,0.899,1.479,-6.634
46.911,83.601,-44.888,19.386,-42.343,-1.41,-51.505,9.89,-48.517,17.455,-29.529,-23.858
48.737,54.638,-20.665,-20.564,17.959,33.126,8.803,-26.437,-48.958,15.91,-13.153,-26.864
47.608,73.535,44.963,0.399,-35.539,-19.817,-20.533,7.252,-39.509,-14.665,-0.881,-24.225
50.368,82.418,-36.519,8.209,-7.572,-67.967,-55.259,8.439,-12.128,-18.974,-16.599,-12.377
48.475,54.991,87.884,17.529,-11.303,-27.958,18.379,4.612,-22.95,10.105,-4.81,-4.988
47.739,81.657,70.733,13.334,-4.552,-18.32,2.439,41.941,-11.091,-9.909,-26.61,-10.392
47.608,31.9,-70.831,-7.37,-37.425,-74.422,-24.121,-14.458,-21.05,28.885,-23.163,-12.878
46.825,72.356,-16.159,-8.743,-57.616,9.35,-23.162,14.11,-16.73,-2.861,-8.137,-37.587
45.746,73.448,-69.93,-18.006,-44.453,0.702,-37.01,-41.635,-27.64,16.717,-36.381,-7.406
48.896,68.187,-14.106,-27.658,21.535,1.671,-5.732,-12.827,-44.775,24.153,-9.83,-29.211
45.491,119.916,-22.878,10.184,-19.005,-56.642,-54.949,34.536,-54.233,-5.884,8.234,2.103
48.617,107.36,-56.568,9.966,22.453,39.424,-30.043,6.591,-40.487,54.4,-28.936,-6.007
49.307,-3.152,96.241,22.605,24.228,-31.212,24.071,25.249,-21.058,10.279,5.009,2.117
48.652,102.601,62.161,27.264,11.63,-7.93,14.864,5.834,-14.023,-32.65,-19.766,-18.774
49.765,49.572,-16.981,-10.836,-20.175,29.101,-8.664,21.3,-11.945,2.239,10.775,-13.515
48.306,75.792,-21.617,-49.452,-17.969,-8.061,-23.915,8.609,-23.109,15.261,-36.36,-11.028
48.103,34.18,-70.511,38.648,-59.031,-19.466,-23.014,-12.439,-54.333,37.777,-19.66,-12.496
45.415,72.611,-44.009,-103.653,27.671,39.832,30.256,-10.836,-6.716,-33.829,-33.887,-3.469
47.648,74.293,48.462,-100.729,49.371,6.941,24.189,11.675,-31.526,31.351,-2.74,-0.211
51.696,40.474,1.037,3.302,-36.106,-46.592,1.26,20.105,-20.798,35.799,3.246,-17.812
52.361,50.098,-2.348,-31.857,-4.258,-16.644,24.686,-10.942,-14.913,18.158,-3.674,-8.605
52.732,36.522,-14.327,-4.178,-15.205,-41.325,4.698,6.813,-17.926,9.684,-23.692,-3.686
48.51,30.158,-77.7,-12.2,-53.021,-69.481,-36.359,-32.917,-29.273,33.152,-19.177,-15.299
48.719,23.468,-71.672,-7.469,-59.014,-36.92,-30.401,-23.614,-23.721,13.732,-0.92,-16.47
49.007,25.087,-50.77,-47.498,-54.532,-44.785,-24.545,7.283,-5.116,19.223,-3.958,-24.927
49.028,46.111,-49.338,-42.574,-76.673,-20.888,-25.799,-24.77,-5.259,-4.851,-12.978,-20.452
47.406,5.139,-64.103,-2.623,-76.784,-79.815,-37.375,-12.139,-21.679,35.116,-15.127,-8.045
49.485,64.778,-52.535,-45.638,-48.87,-10.366,-14.515,10.568,-12.22,5.638,29.429,-20.867
49.883,98.095,-49.825,-49.233,-34.487,-43.551,-25.098,-4.485,-10.853,-1.677,-13.204,-12.813
53.745,52.289,20.908,-11.897,25.676,-35.323,65.359,3.858,-7.741,29.235,-6.949,11.443
54.007,39.026,28.507,-11.75,-36.187,-42.19,29.777,-2.013,-35.426,20.923,-17.569,-15.406
53.297,22.469,53.162,-5.338,-17.066,-34.015,13.059,20.492,-0.264,-5.941,-2.15,-30.527
53.466,17.115,47.337,14.655,-3.591,-53.297,52.727,23.138,-7.325,5.89,-9.834,3.455
52.226,51.949,1.736,9.179,-17.954,-41.954,11.556,41.794,-25.422,-26.236,-17.679,6.314
52.301,31.803,7.834,6.297,-2.565,-4.95,18.872,8.999,-27.47,40.257,-24.111,4.448
50.912,48.65,8.411,-22.17,-33.929,-4.359,4.463,-0.861,-16.945,17.046,-32.574,4.658
49.992,53.81,0.047,-57.654,-13.077,-12.134,2.488,8.161,-20.691,19.86,-27.969,-9.783
49.263,30.162,26.028,-85.626,-39.192,0.59,39.206,-34.778,-11.355,1.745,-15.316,-6.997
51.684,41.946,43.97,16.17,-36.446,-32.679,34.954,46.786,-6.78,-4.708,-17.135,-2.827
50.682,82.939,-16.739,-0.927,-42.005,-32.301,-14.592,24.676,-37.482,8.719,-9.702,-19.727
50.891,103.419,-22.363,-42.487,-44.092,-2.384,-25.551,12.514,-47.795,11.353,-15.102,-19.446
49.783,55.48,-24.795,-2.828,-30.746,-23.056,-25.44,19.121,-44.347,32.622,-21.311,-17.245
52.288,48.277,2.104,-35.86,-29.813,-16.345,10.461,3.722,-22.022,44.533,9.526,-11.044
52.419,59.692,32.841,-15.785,-9.806,-18.6,-3.713,-13.584,-4.076,-0.425,-16.853,-34.636
52.727,71.784,26.624,38.195,2.327,-19.895,24.218,-3.217,-15.197,12.057,-24.688,-7.049
50.689,72.369,23.498,-43.848,-28.75,-4.63,20.757,-24.703,-29.818,20.435,-17.865,-10.861
51.457,41.39,29.052,-11.398,-25.247,7.322,3.572,-26.145,-30.146,15.217,-4.939,-31.708
52.369,44.178,11.315,-19.555,-14.378,-41.336,4.593,11.9,4.801,19.177,3.405,-30.628
52.529,35.507,42.747,15.005,-2.248,-34.535,7.492,40.167,-4.252,27.265,-19.607,-20.841
51.904,63.917,11.438,-27.113,-33.56,-5.212,-16.158,40.152,-37.602,-2.616,-3.535,-25.775
50.715,112.318,-29.977,-22.089,-20.012,-15.138,-7.106,-38.203,-40.041,22.429,-33.366,-13.137
50.267,61.374,31.489,-53.43,-40.165,-1.019,42.018,-17.462,-20.211,14.735,-17.965,11.035
50.509,46.07,20.167,0.04,-54.066,-20.479,10.867,20.589,-27.39,-1.612,-29.704,3.434
50.713,59.911,21.577,-49.083,-41.257,-19.224,17.51,-27.807,-37.314,19.727,3.124,-19.64
52.784,47.058,47.187,2.889,-4.255,-41.838,61.888,11.258,0.678,23.029,-9.01,8.245
52.946,46.287,22.746,-11.058,10.123,-35.17,62.02,-2.445,12.873,5.793,-5.991,0.91
52.753,36.211,9.08,-4.22,-9.997,-70.007,34.93,24.163,-0.965,26.153,-12.451,4.13
49.802,82.779,-29.809,-27.799,-49.225,-33.578,-10.794,1.228,-19.884,20.441,18.397,-11.32
50.042,70.84,-50.935,-28.52,-75.316,-39.434,-28.363,-4.396,-20.561,15.597,8.219,-14.4
50.196,55.213,-44.247,-41.119,-73.99,-33.056,-24.023,-11.002,-27.821,14.828,3.554,-21.766
52.013,37.454,8.375,-63.951,-46.266,-14.75,7.498,-23.178,-26.819,19.205,-17.843,-21.633
53.525,32.585,-2.114,-0.795,-13.218,-42.707,16.909,30.412,-6.382,5.397,-15.065,-8.88
53.606,28.288,-1.348,-28.389,0.04,-33.944,34.109,-8.423,-25.433,49.943,-0.419,2.923
52.403,62.497,-25.456,3.782,-57.492,-60.762,-18.52,29.335,-24.163,-5.315,-1.671,-30.728
53.925,24.502,-1.466,-22.844,6.977,-1.091,36.423,-9.45,-19.989,44.402,-9.533,-16.842
53.375,24.247,16.643,-14.801,-6.26,-35.531,38.897,28.647,-15.52,9.247,-26.681,4.657
52.256,86.655,-37.836,-38.331,-30.522,-14.37,7.065,-18.334,-31.36,13.985,-21.908,-15.597
53.39,52.396,-20.075,-13.474,-9.753,-19.438,14.416,35.466,-23.571,39.851,-4.709,-18.276
53.674,50.443,-3.538,-14.215,-29.415,-36.87,0.658,17.466,-30.28,34.107,8.711,-15.791
55.641,43.27,17.276,-2.197,11.977,-27.449,23.326,16.454,-16.283,4.43,-3.47,-3.708
54.295,64.034,25.429,-18.776,-24.468,-34.965,6.918,18.042,-32.321,8.236,-4.611,-26.682
53.327,68.948,-40.437,15.813,11.06,-55.463,-33.635,30.214,-18.001,-19.348,-19.37,4.924
52.844,35.236,11.891,-42.299,12.98,-23.602,46.163,-13.136,-21.88,64.706,14.017,7.128
54.644,53.135,-1.431,-11.18,-0.995,-53.524,21.311,34.304,-6.514,12.969,-23.064,6.934
51.284,70.519,-42.761,-53.746,-45.446,-23.844,-10.635,1.011,-23.522,1.368,-13.775,-9.467
52.636,71.904,-45.739,-36.419,-16.513,-5.125,-23.561,21.144,-14.879,1.646,-22.732,-14.764
51.227,72.046,-46.981,-45.807,-32.903,-31.623,-12.685,-5.337,-20.291,3.259,-9.149,-20.103
51.699,90.008,-39.364,-34.632,-44.727,-28.668,-13.446,-11.483,-20.881,-9.643,-9.033,-26.715
51.346,89.369,-49.809,-31.884,-43.614,-41.026,-21.751,-1.749,-5.354,6.772,0.918,-27.003
50.617,101.548,-38.16,-47.112,-33.992,-22.943,-0.911,-5.041,-2.861,-18.045,-14.265,-24.968
52.813,71.847,-47.395,-12.651,-21.119,-21.722,-21.781,13.992,-10.804,10.989,11.745,-19.458
51.656,102.027,-50.128,-40.372,-36.172,-34.515,-13.134,-23.544,-28.276,-3.814,-5.637,-22.457
49.885,61.457,-50.079,-27.472,-40.263,-37.553,-33.037,-8.425,-14.241,15.242,-11.376,-24.135
54.381,42.721,4.141,-25.582,26.024,-28.237,51.6,9.47,-5.065,19.292,-6.605,-2.558
54.069,45.491,-1.676,8.252,6.955,-49.187,39.169,16.921,5.202,-8.332,-24.992,-10.607
53.322,76.556,-23.857,-58.571,7.878,-9.418,23.565,-20.552,-15.373,14.223,-24.306,-15.575
52.25,78.969,-20.957,-77.716,8.615,-25.283,25.627,-33.435,-21.883,11.642,-22.512,-27.66
52.914,25.894,-10.133,5.593,17.202,-30.715,34.318,18.601,-3.446,14.219,-32.612,-11.083
51.846,99.128,-71.678,-53.714,-31.745,-39.143,-19.462,-8.025,-20.43,2.519,2.139,-15.448
53.338,52.151,-3.074,4.041,-7.498,-38.286,25.441,38.518,-25.426,14.016,-28.154,-15.585
53.881,64.242,-22.808,-17.161,-0.781,-19.363,22.08,9.184,-41.151,33.958,-28.712,-5.155
52.591,75.216,-3.94,-58.944,-30.344,-18.079,3.124,-12.376,-20.103,12.079,-12.156,-18.309
55.299,68.573,-7.199,-0.578,-26.22,-33.977,-3.785,19.026,-33.981,15.942,-13.472,-7.588
54.258,39.058,12.334,-22.646,-5.722,-17.98,29.595,19.256,-24.683,7.686,-15.794,1.716
51.855,92.52,-40.772,-20.969,-31.792,-54.214,-12.065,-9.754,-21.601,1.807,-9.652,-20.632
53.355,82.186,-48.543,-5.758,-14.267,-42.111,-23.29,14.921,-20.868,-10.226,9.889,-15.264
51.055,93.136,-26.674,-41.265,-49.468,-25.832,-15.742,4.167,-12.228,0.516,-10.132,-25.793
51.335,82.991,-43.109,-40.135,-46.922,-28.483,-16.621,6.162,-16.219,-8.04,-13.589,-22.143
51.341,79.111,-40.445,-42.678,-44.443,-22.816,-14.057,9.685,-12.606,-7.4,-4.807,-22.733
52.965,81.327,-41.848,-16.89,-17.784,-62.218,-26.729,9.557,-15.43,-19.469,-7.78,-15.722
50.656,70.31,-44.666,-44.661,-49.562,-61.427,-28.346,9.33,-20.742,13.912,-16.706,-17.495
50.02,90.371,-35.885,-35.27,-28.52,-29.747,-19.217,2.423,-18.302,10.653,-17.512,-31.964
53.949,37.046,3.589,-26.06,39.558,-6.061,32.096,4.346,1.503,14.767,-11.838,-12.848
53.001,84.888,-24.285,-52.633,0.185,-21.149,19.092,-22.292,-17.075,16.698,-32.253,-11.17
53.667,71.181,-5.238,-48.694,29.641,-6.576,33.477,-12.112,-17.173,21.736,-22.491,-18.583
53.589,22.913,-6.091,5.365,15.828,-33.479,29.791,10.247,11.462,15.49,-24.284,-12.621
52.445,93.743,-65.892,-57.136,-22.85,-36.635,-17.277,-0.633,-15.585,-1.228,9.044,-11.575
54.22,55.075,-20.117,-0.867,5.582,-37.628,12.52,36.779,-18.322,10.173,-23.102,-13.557
53.559,31.829,-26.879,-8.395,-5.574,-9.606,13.166,17.608,-18.889,14.754,-18.696,-6.413
53.307,80.382,-34.456,-46.627,-23.626,-39.534,-1.888,27.561,-35.675,22.313,-8.164,-10.133
55.274,40.772,8.393,-9.83,5.576,-44.331,13.688,-10.643,-17.398,15.173,-13.065,-17.674
54.381,63.415,-4.289,-0.913,-34.425,-39.846,19.408,19.211,-15.997,-10.264,-6.592,-20.073
53.728,53.421,2.473,-30.259,1.169,-32.112,10.963,34.15,-9.202,25.317,-13.462,-4.17
50.891,93.213,4.336,-44.018,-50.59,-35.68,-19.981,3.931,23.199,18.243,-9.097,-24.979
50.418,90.078,-0.659,-29.906,-57.778,-34.843,-19.231,5.67,19.131,13.99,-7.572,-20.853
50.519,70.066,-5.127,-32.361,-43.288,-30.849,-16.964,-3.611,20.212,19.195,-21.588,-20.459
51.736,41.861,-39.396,-49.113,-49.248,-71.84,-38.709,5.793,4.329,39.189,-6.17,-7.389
53.163,77.087,-35.816,-11.47,-32.845,-34.467,-26.613,13.713,5.274,3.328,15.81,-13.069
51.99,88.491,-26.959,-38.324,-60.993,-39.262,-28.549,-2.809,8.508,24.719,-5.287,-11.704
50.997,74.01,-49.593,-21.699,-51.274,-18.684,-9.753,-0.508,14.78,8.674,-1.71,-13.123
51.368,35.587,24.652,8.508,-1.118,-12.358,23.698,9.802,-9.592,48.257,-26.62,-16.21
50.562,-0.507,-18.287,-5.95,18.276,-5.14,20.296,17.804,26.064,9.691,-6.891,-7.601
49.553,75.436,20.922,-40.546,-29.887,-17.631,18.893,-27.979,-12.16,-5.716,-21.424,-17.554
54.127,93.361,-38.935,-6.788,7.025,-63.193,-11.414,47.164,5.51,-4.112,-7.03,34.815
53.587,76.973,-25.666,-27.503,20.787,-50.127,28.552,9.843,22.751,14.067,-7.84,15.874
53.373,71.122,-21.678,-10.929,-0.659,-42.15,19.048,39.545,-3.276,-3.858,-19.624,6.301
52.183,46.526,-12.45,-1.117,-30.389,-12.64,24.96,-13.726,-26.614,26.74,-20.939,-6.632
46.542,12.746,-101.515,28.804,-50.464,-72.696,-28.26,-37.441,-18.344,48.822,8.84,-0.142
46.339,11.78,-48.23,-88.085,5.361,-15.356,36.142,-60.16,-31.912,9.003,-33.792,-14.456
48.779,9.759,-55.161,23.01,12.354,-14.959,6.899,32.688,21.088,9.974,-17.569,-19.471
50.831,34.632,-10.261,-32.868,-40.802,-4.484,15.564,-18.465,-36.854,11.332,-23.321,-3.397
52.24,43.118,-35.372,-10.423,15.348,-87.213,18.18,-5.751,-1.984,-13.8,-2.33,5.795
51.786,12.004,-32.755,-20.68,-1.671,-35.583,29.592,-2.566,-30.808,25.984,-4.171,11.444
52.647,23.647,-23.837,-6.219,-27.728,-20.059,25.892,-8.981,-29.923,0.462,-15.38,3.958
50.821,12.39,-42.261,-0.564,-8.268,-11.921,25.295,23.938,-6.818,17.277,-31.794,21.938
49.613,74.629,-92.193,-36.911,-28.167,24.161,-17.087,28.666,-12.308,11.97,33.603,-21.414
49.859,130.143,-76.462,-86.687,-31.556,-15.145,-13.22,-5.027,-36.384,-0.195,-19.01,-16.084
52.925,65.088,-28.666,2.564,-30.786,-30.33,-10.223,4.866,-26.626,16.547,10.113,-13.092
50.37,86.545,-43.756,-25.984,-71.75,-23.274,-33.328,10.592,-11.093,4.6,-27.932,-19.169
51.81,15.778,17.18,-24.759,-19.68,-11.383,41.107,-1.37,-21.085,21.57,-3.854,-1.212
49.411,11.949,-39.051,55.67,-19.969,-19.54,26.096,5.38,-9.285,-31.208,-60.45,9.958
38.819,-51.098,-83.302,-28.365,-69.446,-29.968,-30.841,-29.306,1.94,-0.47,-23.842,-17.082
44.053,39.948,-2.651,-191.25,-66.093,-13.64,-21.513,48.995,-0.447,-1.66,9.3,-25.181
51.8,95.891,-19.262,-40.008,-90.31,-19.13,-21.55,-2.015,-9.621,4.003,-4.67,-11.742
52.239,109.346,-33.098,-46.181,-70.138,-27.74,-27.974,24.297,-11.209,1.967,-9.111,-20.232
53.044,67.811,-25.258,-16.332,-27.67,-32.587,5.37,17.176,-17.748,39.817,-20.251,-0.361
51.628,44.187,-3.595,-30.511,-51.463,-16.476,3.307,-0.914,-12.505,36.97,-20.084,-28.619
51.553,26.578,15.012,-22.252,-46.04,-15.282,36.42,1.095,-15.772,3.834,-2.966,1.543
53.021,39.69,-20.974,9.807,-4.963,-46.391,7.511,10.098,-33.553,-1.187,-36.839,-6.051
50.272,4.906,-7.179,-2.648,-20.718,-28.797,19.077,30.854,-28.568,50.767,-17.215,-18.311
51.909,39.031,-12.646,11.99,-7.826,-20.222,42.332,-22.31,-20.433,-2.459,-27.297,-18.26
47.447,45.19,-94.005,10.024,-42.149,-29.079,-12.139,-24.136,-20.985,11.55,3.294,-4.892
47.336,2.266,-65.868,-22.056,-19.001,16.842,13.182,-31.358,-16.235,21.933,-45.251,12.578
50.85,44.444,-38.503,-29.231,-14.761,-3.031,8.516,-16.553,-30.409,29.235,-13.702,-35.421
50.727,-3.077,-12.326,-2.566,-17.919,-50.223,31.772,22.855,3.55,18.374,-2.386,20.903
50.693,3.667,-19.741,0.265,-7.915,-43.592,31.204,35.355,0.564,25.695,-7.958,28.995
53.008,35.867,-31.814,20.015,9.241,-25.318,10.006,13.129,-31.347,-7.386,-9.582,-4.374
49.961,-7.399,-18.569,-9.193,-7.863,-13.028,18.964,28.375,-32.73,67.453,-24.188,-1.763
50.829,28.722,-12.999,-15.712,-8.49,24.321,47.889,-12.605,-25.008,-7.333,-17.705,-12.247
47.906,43.59,-60.601,-110.282,-12.192,-12.331,10.541,-36.779,-28.97,-11.363,-3.226,-38.154
49.368,17.476,-40.427,-83.6,-12.938,11.597,22.198,-25.388,-4.767,-10.448,-31.409,-15.73
49.151,11.07,-38.546,-84.509,3.169,20.971,23.06,29.945,-14.134,7.622,-22.341,-5.262
49.824,14.881,-36.626,-106.549,29.689,-28.368,42.744,15.6,-8.776,31.06,5.866,-8.513
51.953,38.633,-16.325,8.669,-10.562,-31.53,39.102,-18.233,-3.442,15.785,-49.365,10.843
49.826,11.192,-19.697,-65.062,-1.925,-11.55,38.954,-11.511,10.009,0.181,-29.061,-6.056
45.362,22.091,-123.003,22.752,6.326,-41.928,13.061,-45.232,11.628,-13.302,-33.503,1.246
47.843,57.445,-46.442,-64.65,-52.22,25.914,-17.485,42.715,4.63,-27.139,-11.93,-24.662
48.091,66.287,-86.372,-41.234,-46.754,-41.821,-27.049,11.658,-20.182,26.777,29.709,-11.916
49.341,99.209,-77.461,-87.262,-7.028,-20.464,-14.967,-23.577,-12.659,18.14,-27.037,-7.077
53.23,88.358,-26.962,-26.677,0.629,-11.742,16.067,18.361,-30.217,37.083,-17.237,-20.871
52.046,39.502,-14.054,-4.586,-14.23,-27.639,32.058,-0.693,-37.408,5.957,-26.258,1.122
50.743,11.37,-6.573,7.865,-25.48,-2.591,29.142,23.249,-34.984,39.216,-27.96,-8.158
48.315,40.897,-83.946,16.387,-37.802,-23.112,-3.729,-19.434,-8.171,10.346,7.267,-2.489
48.286,21.886,-19.36,-57.862,-26.29,15.422,23.269,-7.642,-6.453,0.202,-9.316,-13.109
50.534,74.81,-28.257,1.256,-39.093,-27.311,-1.794,16.441,-31.323,13.659,-13.238,-10.334
50.464,60.494,-19.974,-51.649,-30.919,16.836,-0.622,-15.673,-30.201,7.167,-35.13,-15.012
49.714,46.997,-17.33,-76.94,-26.516,-14.202,39.948,-51.82,-17.259,10.668,-16.675,7.559
52.658,21.577,-23.254,-14.789,-1.491,-54.7,24.515,-1.312,22.343,24.66,-1.219,7.819
52.936,37.301,-6.957,-29.061,-9.749,-52.16,26.821,29.102,2.807,16.102,-17.236,6.418
52.06,10.376,-15.641,15.155,-26.808,-42.957,6.915,36.467,-5.999,22.039,-30.929,-7.704
50.764,18.274,1.236,-23.263,-53.431,-30.274,23.327,-7.856,-29.603,19.768,-6.502,-7.648
52.773,35.041,-31.393,-10.102,-14.147,-51.282,-3.649,-14.385,-5.428,3.475,-21.632,6.622
52.425,55.566,-5.429,-26.431,-32.04,5.154,17.25,6.345,-18.263,47.017,-13.588,-6.468
51.14,26.976,-6.403,-31.754,-44.537,-17.978,7.937,-8.354,-8.393,36.563,-21.223,-11.428
53.521,41.853,-4.587,-24.595,-28.497,-30.039,9.122,20.985,0.081,27.423,-1.625,-13.986
51.581,58.502,-3.337,-42.773,-76.81,-26.606,-5.737,-7.018,-13.874,6.391,-11.551,-35.307
52.947,59.045,-17.954,-23.527,-52.395,-9.773,-19.461,-7.558,-6.73,-2.05,-5.335,-30.998
51.164,7.271,-13.556,33.334,-31.902,-79.015,7.109,46.981,-13.409,40.102,-29.835,5.099
51.11,51.236,54.697,39.56,31.939,-18.19,29.856,18.094,-18.828,25.965,-10.035,-13.496
48.079,124.219,30.319,14.701,-4.546,-25.673,-36.872,16.321,-34.128,-24.489,26.368,-14.681
52.968,93.731,-0.665,-26.165,27.699,9.403,-6.17,27.221,-35.791,46.978,-23.617,-0.651
53.683,56.08,-27.228,-15.719,12.84,-37.787,35.417,16.448,-21.509,32.101,-14.734,-7.534
52.47,50.869,-23.614,-23.506,1.039,-25.524,32.706,18.055,-4.608,24.383,-20.638,3.097
52.265,44.275,10.463,-10.726,-53.49,-38.528,39.436,-0.661,-49.406,12.999,-4.802,-7.634
51.748,34.471,-39.828,17.952,-16.479,-40.549,17.088,3.077,-9.046,13.867,-48.485,18.826
45.847,31.784,-78.288,-55.924,-61.768,-45.32,-40.019,6.022,-7.031,8.861,1.327,-19.14
47.598,72.554,-88.414,-48.809,-42.139,-41.858,-25.397,-6.287,-20.45,2.048,0.988,-14.305
50.993,54.828,-29.658,-73.422,-28.442,4.993,14.648,-13.714,-21.935,10.449,-26.468,-5.652
52.839,54.327,-27.159,-21.908,-24.797,-0.321,1.476,-21.995,-25.127,20.524,-10.106,-9.191
52.6,27.678,1.512,-25.372,-36.728,-18.003,19.269,23.885,-9.904,24.31,-16.569,-2.483
53.566,29.058,28.212,-13.492,-42.819,-32.567,29.062,2.723,-24.197,21.777,-11.383,-0.354
53.551,41.125,15.588,-10.306,-38.511,-64.192,50.4,14.242,-43.639,14.916,-4.995,30.134
53.847,47.383,23.691,-8.854,-36.619,-39.076,51.412,3.125,-8.942,7.019,-10.192,24.254
52.446,63.19,-11.173,-16.518,-65.356,-25.446,3.949,11.797,-18.821,-11.511,-10.77,-20.044
53.81,87.538,-29.3,-38.935,-45.142,6.235,-24.6,15.169,-20.743,-9.293,5.764,-33.491
54.095,62.647,22.584,-20.319,-53.436,-18.864,20.704,-4.241,-20.666,30.864,-27.281,-13.829
53.064,91.086,-22.061,-17.053,-53.764,-27.828,-2.971,-5.444,-15.643,-0.687,-20.119,-41.208
52.893,59.312,-4.72,-18.799,-37.814,-14.213,-1.604,39.609,-7.455,20.585,-17.45,-29.962
52.814,48.993,-3.469,-32.555,-22.542,-18.517,29.261,12.022,-43.276,18.816,-12.605,-7.778
51.777,-8.827,-19.031,3.125,-4.849,-43.007,46.953,-10.563,-15.713,13.258,-2.125,21.24
51.207,8.885,-22.288,-15.195,-44.608,-21.817,2.223,10.493,-3.098,-9.543,-8.366,-3.096
49.241,27.203,-54.139,-21.595,-65.608,-48.519,-22.198,-10.064,-14.014,11.353,-0.496,-11.294
48.802,29.481,-48.422,-41.79,-71.745,-46.719,-24.636,-16.756,-33.612,20.996,-16.082,-12.914
49.141,54.74,-68.396,-28.627,-52.495,-46.973,-21.392,4.607,-17.425,30.104,24.819,-16.893
50.079,108.513,-54.753,-62.213,-43.435,-30.068,-15.176,1.167,-20.833,6.169,-10.195,-18.57
52.877,54.037,15.958,-27.596,14.278,-16.377,65.178,-0.97,-14.978,24.401,-4.168,10.968
52.744,53.086,-5.823,-54.497,-13.176,-39.264,22.189,-14.916,-18.489,13.3,-18.901,-4.366
52.88,25.66,33.615,8.93,11.345,-48.932,57.953,7.39,0.399,24.037,-18.811,5.582
52.31,71.695,0.959,25.133,-14.886,-36.751,26.498,49.984,-12.299,-17.803,-8.203,2.618
52.52,32.011,26.123,20.196,1.659,-10.941,42.462,17.181,-9.348,30.787,-15.325,-0.027
50.623,38.38,8.969,-6.385,-22.818,-6.034,4.612,13.555,-28.024,20.009,-19.561,5.63
51.17,31.543,12.48,-13.185,-4.975,-11.042,6.13,50.696,-9.333,22.41,-12.373,-14.229
51.822,45.535,-1.243,-35.822,-25.705,-7.243,21.691,3.304,-14.314,31.722,7.464,-8.685
51.05,92.712,-6.855,-23.774,-45.209,-3.945,-13.78,23.209,-36.332,0.188,-12.293,-24.237
51.082,102.67,-4.944,-17.633,-49.156,-23.992,-17.293,31.135,-46.735,12.593,-8.441,-32.242
50.662,62.104,6.516,-7.573,-27.987,-22.145,-11.391,3.17,-41.204,28.613,-24.934,-19.726
48.269,91.548,-31.978,-25.07,-55.636,-33.834,-8.114,-18.935,-25.085,-7.201,-13.928,-30.314
50.61,67.362,15.088,-84.579,-43.336,10.376,9.814,3.324,-20.743,-1.114,-13.338,-22.041
53.164,65.075,41.218,-5.915,-19.844,-34.498,14.022,2.926,-11.216,22.057,-16.419,-16.845
53.092,47.667,28.14,37.033,12.302,-31.587,18.772,13.229,-3.415,28.23,-25.443,-7.609
50.21,64.903,22.725,-46.473,-21.835,-11.691,35.152,-32.918,-19.808,14.919,-17.697,-7.757
51.419,34.406,29.856,-9.683,-21.41,-16.64,8.296,-9.514,-19.42,12.729,-17.149,-49.594
51.928,49.347,-31.413,-30.182,-43.0,-54.896,-23.249,-7.631,5.451,8.669,16.073,-28.51
52.773,39.259,7.524,-18.867,6.082,-31.001,4.76,47.988,8.439,21.733,-19.133,-25.551
52.127,69.187,18.395,-10.218,-3.236,0.792,16.517,2.889,-25.713,51.646,-33.413,-15.686
50.438,65.135,7.807,-45.447,-39.907,-9.707,-15.538,45.727,-37.427,28.709,-15.373,-17.121
51.63,44.942,-2.682,1.537,-16.092,-33.232,-10.833,16.218,-28.738,4.99,-23.173,-16.277
48.213,77.282,-22.478,-38.419,-64.736,-22.238,-6.447,-7.076,-23.667,-2.933,-14.873,-12.558
51.443,53.822,0.134,-13.67,-32.566,4.514,24.334,7.317,-26.727,15.101,-10.351,14.567
51.654,48.817,33.158,-25.781,-27.424,-21.188,29.773,-1.702,-31.895,19.469,-20.106,-0.702
53.197,41.68,30.707,-6.254,5.118,-38.242,65.465,16.625,9.579,5.986,3.458,6.499
53.389,24.765,17.968,-8.403,-7.356,-71.08,49.64,8.526,1.712,31.891,-9.528,1.946
53.199,53.614,45.997,-6.418,4.979,-44.441,66.621,14.533,8.478,5.076,-6.73,-9.599
52.84,48.71,-15.191,-4.309,-29.729,-63.98,7.191,31.151,-11.389,22.377,-7.615,-3.517
50.737,81.312,-40.803,-38.565,-77.739,-60.314,-35.233,12.452,-27.892,15.675,-7.216,-21.817
52.572,49.901,2.847,-59.625,-30.754,-18.752,21.609,-24.182,-28.451,28.045,-18.482,-12.898
53.396,47.709,5.597,-13.774,-19.0,-31.06,22.517,28.959,-30.423,6.08,-19.988,-11.357
53.284,64.214,-21.151,-34.947,-21.31,-16.867,11.031,2.325,-29.084,39.777,-17.999,-7.002
54.321,26.803,-0.943,-10.84,-10.678,-30.822,32.919,7.999,-20.02,41.81,-5.004,-12.597
54.229,27.221,2.805,-24.804,9.748,-46.572,29.801,14.941,-8.665,6.446,-20.912,-7.323
52.74,91.045,-34.567,-44.123,-31.934,-21.76,2.835,-18.318,-33.874,29.692,-14.191,-8.332
54.406,50.894,-4.129,-7.085,1.74,-47.36,19.177,34.819,-15.667,27.87,-5.637,-10.33
53.154,78.346,-24.967,-28.124,-31.823,-22.295,2.907,12.934,-36.678,21.031,-9.353,-16.125
55.884,58.438,7.488,-18.6,1.61,-41.237,14.781,12.243,-20.896,10.408,0.427,-9.999
54.01,74.543,-28.206,24.604,7.101,-49.464,-17.334,43.214,-20.383,-17.232,-12.62,-3.757
53.369,46.399,11.038,-39.806,16.345,-25.744,38.556,-9.212,-10.376,59.333,8.378,3.161
54.383,40.438,2.63,-12.11,-10.013,-62.402,12.991,46.769,-14.588,13.232,-22.909,6.729
51.395,89.935,-41.66,-38.65,-45.792,-29.726,-8.4,6.281,-15.768,-17.048,-10.013,-25.286
52.252,79.711,-44.73,-37.443,-17.85,-8.286,-13.673,13.948,-17.805,5.936,-9.82,-17.787
51.918,93.639,-45.937,-31.295,-36.937,-41.549,-21.308,-16.629,-13.662,3.94,-20.332,-26.699
51.68,88.589,-37.622,-43.782,-54.877,-54.277,-15.36,10.875,-23.218,4.891,-17.072,-19.903
51.861,91.642,-56.23,-52.715,-34.05,-35.032,-19.977,-4.646,-25.078,7.19,-12.148,-25.247
52.082,91.649,-39.613,-33.868,-27.86,-43.016,-11.632,-9.276,-21.447,-5.951,-10.518,-22.528
52.666,69.175,-45.182,-31.401,-13.873,-26.474,-11.834,21.532,-14.871,4.811,11.919,-17.272
51.738,83.185,-49.374,-51.012,-41.83,-16.813,-17.748,-12.951,-5.906,-14.924,-14.865,-22.231
51.48,85.333,-50.197,-29.157,-45.452,-60.89,-25.459,2.224,-20.17,10.863,-18.653,-16.018
53.817,32.027,-1.45,-33.048,29.1,-16.164,45.556,18.723,6.202,10.939,-14.315,-21.405
52.845,86.753,-35.891,-66.073,7.859,-20.164,18.293,-17.412,-21.167,18.202,-33.633,-5.16
53.056,59.526,-23.324,-40.001,10.781,-9.278,26.012,-11.858,-22.797,26.357,-27.395,-18.761
53.012,102.276,-44.82,-37.709,-6.301,-17.479,7.238,-10.733,-15.911,16.483,-11.908,-16.65
54.099,71.227,-8.838,-13.908,13.306,-19.897,30.231,40.883,-20.438,8.676,-18.33,-10.767
53.115,77.721,-10.767,-41.504,-21.338,-22.182,5.927,18.324,-30.141,18.854,-11.918,-23.015
55.131,74.208,-8.69,-3.245,-17.487,-30.245,0.767,12.854,-34.634,20.489,-8.975,-17.227
53.733,27.451,34.017,-26.662,10.985,-29.977,40.588,-2.105,-12.352,20.23,-10.275,-3.137
54.068,54.878,-11.602,0.303,-4.916,-45.786,14.586,33.062,-4.27,-2.185,-11.176,-5.563
51.97,96.616,-38.802,-43.438,-35.25,-18.707,-16.368,8.034,-18.894,3.064,-23.302,-20.158
51.844,96.884,-43.132,-38.098,-45.329,-23.849,-24.853,-9.902,-16.374,-18.724,-6.421,-24.788
51.315,97.176,-32.317,-39.147,-37.156,-26.702,-4.677,-0.114,-25.682,0.781,-20.375,-26.466
51.248,89.468,-29.274,-33.86,-49.054,-36.834,-14.632,-6.435,-35.909,8.541,-18.772,-22.184
52.019,96.7,-48.289,-22.621,-18.153,-38.808,-12.509,13.902,-7.06,-5.044,-11.03,-29.775
50.468,95.45,-37.312,-36.354,-42.679,-28.846,-9.547,-11.364,-25.347,12.743,-18.236,-22.273
52.025,86.33,-47.164,-41.263,-19.885,-7.804,-20.857,20.591,-16.355,0.512,-9.838,-23.937
51.948,120.013,-49.288,-38.057,-44.642,-25.08,-16.481,-18.469,-19.204,-9.071,1.575,-33.943
50.956,78.608,-48.581,-43.697,-45.608,-24.408,-25.622,5.425,-18.598,-7.367,-5.674,-14.162
52.705,46.309,-9.633,-60.87,8.98,-14.658,23.887,12.78,-9.104,23.722,-24.23,-4.218
54.931,57.22,-16.603,-5.517,13.27,-38.887,11.399,22.424,-22.105,22.454,-15.664,5.118
52.432,73.869,-21.044,-57.664,1.947,-15.901,26.993,-22.031,-21.001,18.387,-31.371,-16.839
53.101,98.471,-43.064,-46.488,-14.292,-27.597,4.085,-21.731,-19.078,25.788,-17.784,-9.923
52.645,68.038,-25.754,-48.379,-22.379,-9.232,8.273,-23.273,-21.873,23.182,-42.933,-11.646
53.62,89.207,-25.771,-46.017,-20.814,-45.361,-5.36,22.12,-28.439,24.515,-8.47,-9.405
55.502,36.732,8.075,-10.576,-10.334,-48.967,15.383,-5.106,-29.642,-1.412,-17.819,-15.185
53.804,91.949,-6.853,-9.779,-41.338,-23.645,1.946,0.255,-39.572,-3.37,-28.126,-31.687
53.02,83.789,-7.99,-48.787,-18.595,-14.741,8.88,7.133,-28.835,17.723,-23.595,-2.77
53.439,105.214,-43.789,-15.118,-25.039,-51.578,-30.535,14.456,-25.486,-36.305,-8.545,-10.823
51.388,46.399,-42.884,-42.795,-64.444,-64.746,-31.907,-2.324,-39.524,22.079,-11.819,-7.974
51.79,81.693,-36.112,-41.366,-52.344,-42.917,-26.698,15.512,-7.98,10.786,-4.885,-21.253
52.938,71.461,-37.423,-27.626,-24.952,-59.809,-31.37,1.151,-14.183,-9.868,-8.827,-3.634
51.641,106.945,-49.31,-35.095,-41.111,-41.678,-15.641,-16.359,-23.337,-0.876,-18.309,-9.114
50.542,64.601,-22.023,-39.899,-54.638,-21.976,-17.771,2.589,0.986,3.609,-15.521,-24.208
49.58,56.683,-38.704,-9.611,-30.43,-33.1,-7.665,24.97,8.985,14.395,-18.047,-2.047
45.846,82.458,-57.014,-4.969,-14.401,-14.487,-6.787,13.431,-1.779,12.614,-11.338,-4.903
43.156,55.095,-28.663,-20.952,-22.231,-28.407,-20.027,10.865,1.356,16.666,-18.343,-10.831
44.667,59.757,-48.287,12.804,-23.445,5.616,-1.045,-8.077,-12.902,5.602,-6.835,-23.593
40.752,10.214,-47.26,-2.522,-48.915,-35.458,-26.466,9.204,1.644,7.883,-8.147,-11.895
44.244,51.739,-66.191,54.881,3.058,-55.671,-2.343,-26.784,-7.961,0.768,-29.718,-6.693
39.083,-1.873,-60.794,4.32,-43.052,7.781,-13.108,-24.141,-4.939,-8.143,-16.525,-15.24
44.474,30.126,-50.05,3.872,-3.378,65.429,19.527,-31.02,-9.666,-14.656,7.686,-17.34
40.872,-11.472,-55.179,-7.108,-55.354,-8.712,-17.079,-16.882,-18.136,11.818,-33.454,1.38
46.091,42.776,-48.067,19.32,-3.623,-50.493,9.832,-27.521,-9.922,6.451,-27.895,-0.529
44.231,23.21,-71.903,36.187,17.487,30.38,11.428,-11.989,5.237,-42.618,-12.581,-23.882
40.868,-10.773,-10.171,-72.715,-48.849,-7.522,7.234,-38.108,-24.358,-24.783,2.508,-18.279
46.407,37.883,11.352,-0.925,-2.15,8.679,42.912,5.684,-1.007,-51.371,-0.537,0.229
44.143,-32.346,14.395,17.388,-9.547,-47.123,29.471,-20.169,17.101,22.902,-21.408,7.305
44.385,6.927,17.553,-38.557,6.397,-20.916,33.362,6.962,28.162,-13.436,-32.24,10.169
42.249,-68.419,-14.494,36.132,-13.03,-16.862,34.875,3.345,9.301,14.321,-38.563,21.856
43.743,45.799,-95.337,45.451,21.988,46.27,16.523,-12.752,9.853,-12.145,11.214,-12.897
37.495,-40.593,-67.244,-26.016,-40.257,13.062,-7.663,-36.455,-2.694,-4.743,-45.287,-20.991
45.725,50.164,-48.248,26.913,-14.196,-50.376,-24.794,-8.883,-4.16,5.522,-10.364,-34.608
39.289,-14.22,-53.474,22.059,-45.005,-12.638,-16.363,-34.919,-16.004,5.826,-38.298,-12.495
44.028,43.91,-71.532,61.695,14.053,-60.509,-11.657,-31.917,-4.439,11.211,-52.567,2.137
35.412,-40.179,-88.533,8.403,-35.204,11.98,-19.679,-21.441,-8.424,-23.715,-25.098,-29.117
40.059,17.692,28.438,-176.793,-43.263,28.97,-2.726,43.469,2.167,-4.342,-13.178,-23.564
45.334,99.071,51.693,6.255,-58.042,-38.113,0.404,0.892,-24.972,11.406,-10.526,-4.632
47.739,86.533,31.877,30.783,0.792,-33.849,17.733,-2.435,-24.755,11.565,-4.992,-9.76
46.092,73.091,51.813,-24.408,-43.972,-18.907,1.198,2.108,-20.187,12.157,-3.738,-28.947
47.683,92.541,13.773,36.666,-19.806,-64.318,-0.62,-24.422,-30.572,-6.232,-9.292,-19.841
47.446,68.249,37.503,32.068,17.853,-67.852,28.301,-29.868,-18.667,6.274,-22.126,-5.165
46.665,16.249,-37.228,43.437,27.642,-49.033,35.38,-62.642,0.772,35.946,-46.624,15.533
44.586,25.844,-118.655,52.492,27.34,-74.757,-2.631,-19.207,5.394,2.755,-37.331,-8.098
36.278,-83.654,-122.19,32.692,-33.346,-0.402,-12.839,-47.56,-7.043,2.592,-36.168,-23.22
47.068,55.052,-67.886,20.463,-15.547,-39.608,-9.952,-23.693,-7.565,13.795,-7.9,-28.051
41.661,-10.48,-61.259,22.107,-55.061,-20.463,-21.313,-30.637,-25.921,11.595,-45.72,-19.301
44.407,36.552,-97.223,69.564,0.959,0.004,7.04,-31.867,2.074,3.305,-6.248,-3.805
37.466,-49.508,-91.727,-1.577,-45.547,25.463,-18.544,-28.266,-1.557,-5.184,-36.982,-23.661
44.934,22.106,-41.432,-1.633,9.886,71.153,39.301,-37.949,4.904,-15.969,23.601,-17.093
40.244,-34.525,-32.902,-13.181,-36.606,-16.382,3.679,-27.729,-9.34,19.005,-22.293,6.8
46.455,44.347,-52.111,31.533,3.835,10.936,28.376,-37.13,5.65,8.724,13.357,-1.767
42.451,-13.844,-33.934,-48.909,-10.416,26.536,6.84,45.075,-4.505,-42.634,-60.998,-12.959
41.596,-20.511,-6.357,-86.745,-49.567,10.79,19.981,-21.163,-19.63,-18.239,6.827,-21.402
46.761,9.51,-3.882,6.947,3.87,8.019,47.97,-16.882,15.117,-46.497,-15.933,5.94
46.593,19.174,-29.063,49.789,25.132,-64.92,31.902,-40.29,2.119,21.403,-44.471,2.376
44.478,46.415,-92.89,66.682,16.884,-94.642,-4.43,-17.807,-9.623,8.639,-50.892,-1.982
36.186,-44.227,-76.647,0.821,-38.847,10.879,-18.535,-24.253,-2.494,-19.72,-76.318,-12.9
42.059,24.758,-43.606,-57.27,-8.45,117.046,18.302,2.29,24.226,-52.332,19.965,-40.088
38.072,-8.024,-54.519,-89.736,-32.223,9.955,-12.916,13.289,1.579,-5.011,-50.918,-10.244
41.652,8.544,18.33,-152.789,-34.179,11.079,-5.704,33.472,-1.389,0.698,-6.784,-22.693
45.607,111.307,40.987,-17.855,-47.116,-10.818,-16.093,-25.412,-10.583,6.377,-13.675,-15.214
47.716,103.251,25.219,-29.372,-5.37,6.226,5.649,34.331,-14.076,1.425,-20.536,-14.958
46.413,110.307,21.971,-6.858,-20.561,-21.765,-8.244,13.277,-38.006,4.961,-21.55,-35.215
46.772,102.462,42.159,-31.852,-9.19,-25.828,18.636,1.937,-35.91,9.67,-9.321,-17.461
51.023,87.973,-26.725,-37.194,4.091,-19.479,10.865,23.166,0.164,46.941,19.37,-7.639
53.067,64.693,-5.11,6.194,19.758,-47.396,48.764,29.65,-3.451,17.307,-25.647,11.483
50.1,89.065,-32.986,-35.105,-29.338,-0.943,11.714,-9.216,-29.38,5.215,-30.784,-13.105
50.421,72.421,-29.608,-30.459,-10.557,-5.854,10.993,4.492,-46.245,21.188,-29.867,-11.491
51.176,62.32,-17.492,-33.755,-11.34,-7.41,25.933,-13.818,-44.409,23.134,-23.869,-19.635
50.084,60.538,-9.548,-60.576,-24.376,-24.528,13.592,12.471,-16.118,-1.603,-21.0,-12.796
51.727,54.164,-10.953,-32.28,6.152,-10.884,27.946,-9.143,-17.237,27.804,-25.483,5.124
49.398,83.113,-25.534,-49.991,-31.085,-18.422,17.627,-22.44,-41.19,-1.017,-14.094,-17.436
51.885,48.438,-9.917,-23.058,-27.695,-19.477,27.174,-9.257,-19.09,11.639,-5.038,-6.888
51.493,67.674,-9.861,-42.997,-5.647,-33.575,30.306,-1.382,-8.45,-5.733,-13.315,-17.172
51.057,42.026,-38.563,-18.779,5.933,-16.497,24.929,-2.651,1.065,17.39,-14.292,0.088
49.457,54.702,-51.254,-43.555,-37.146,-68.472,-7.336,9.433,-17.224,14.542,-17.004,1.966
51.173,21.961,12.412,-32.598,30.192,-22.201,37.095,4.095,5.228,36.343,-12.959,-9.069
52.267,67.305,-7.262,-29.469,-6.604,-23.437,32.613,-4.655,3.142,-0.217,-18.086,11.6
50.445,79.538,-47.504,-26.65,-32.324,-18.916,-1.559,7.983,-23.188,5.198,11.846,-16.295
51.628,30.2,-7.342,3.935,-15.566,-32.428,5.891,50.76,-27.04,26.278,-14.644,-12.858
50.596,59.697,-43.298,-19.858,-22.66,-46.195,12.516,7.495,-20.707,17.482,-15.228,3.529
49.297,41.077,-29.777,-52.93,-11.58,-35.023,22.523,0.651,-11.541,-9.601,-6.54,-37.477
49.543,73.023,-56.953,-37.575,-52.266,-69.989,-16.285,22.121,-36.858,3.52,-14.393,-6.431
49.247,28.065,-14.72,-33.346,-55.381,-29.993,22.169,-11.567,-46.124,3.829,-12.083,-16.152
50.29,37.211,-7.683,-31.414,-29.567,-34.339,37.708,13.591,-22.064,0.951,-2.798,-7.938
51.14,51.935,-28.683,-30.972,-11.595,-65.553,21.595,15.193,-16.418,15.639,-14.001,4.238
51.373,69.977,-16.157,-42.937,-17.17,-31.165,19.106,6.599,-7.803,12.251,-20.011,-9.356
51.269,82.036,-38.143,-34.445,-57.982,-19.245,-20.015,-12.934,-36.468,31.099,-12.316,-16.648
49.499,97.795,-46.724,-58.413,-54.535,-22.497,-19.052,4.657,-32.657,-20.752,-9.299,-31.121
51.623,68.201,-23.177,-39.273,-41.387,-33.707,-1.122,-3.83,-33.62,32.777,-7.438,-13.569
51.837,92.69,-42.267,-24.304,-47.479,-28.958,-16.769,22.879,-36.157,-21.333,-7.876,-30.009
51.088,85.51,-42.523,-43.555,-33.045,-17.332,-7.003,-9.916,-22.695,12.93,-11.817,-11.883
50.679,66.469,-38.81,-73.748,-30.434,-23.984,6.572,-1.357,-26.755,-19.54,-5.138,8.589
51.589,31.512,-9.47,-9.276,-20.385,-39.934,37.77,41.362,-13.079,-21.664,-5.171,1.999
52.694,57.633,-26.361,-36.561,1.102,-47.701,11.644,25.286,-7.797,47.313,-10.349,2.06
52.803,38.317,-21.425,-15.953,-9.397,-42.368,13.091,26.904,-29.395,30.45,-13.749,-1.041
51.613,63.996,-12.996,-37.548,-20.632,-11.53,-13.201,6.825,-33.921,29.825,-11.143,-32.055
52.203,32.596,-33.554,-38.915,-13.185,-30.699,-1.386,-21.151,-10.147,3.971,-8.327,-19.915
53.017,39.913,-6.299,-25.124,14.508,-36.324,35.096,38.193,-2.482,-4.454,-22.395,-17.534
52.806,45.466,-17.798,-34.472,9.069,-32.312,18.816,27.662,-19.799,6.237,-16.573,-6.137
53.017,31.14,-19.303,-31.158,21.264,-51.416,27.077,6.482,-13.283,17.362,-14.698,-11.917
53.046,40.724,-20.51,-30.164,-7.279,-21.951,23.295,-14.815,-18.02,23.648,-20.409,-4.73
50.835,34.463,-33.312,-53.893,-46.541,-19.915,-2.78,11.592,-19.996,-15.315,-9.21,-26.794
51.123,43.876,-54.973,-9.65,-30.791,-30.389,-18.959,-15.379,-16.021,5.239,1.612,-7.681
51.609,94.348,-49.783,-56.115,-47.634,-53.915,-28.482,36.156,-16.876,18.594,5.167,-10.906
52.14,126.097,-44.614,-50.001,-16.944,-29.03,-8.709,-7.313,-25.342,5.328,-17.03,-13.202
54.57,69.19,2.03,-26.605,19.906,-30.164,54.376,20.797,-6.276,32.547,-8.21,12.584
54.698,69.38,-9.724,-43.49,13.119,-11.948,35.167,6.184,-23.472,13.447,-15.786,-9.295
55.113,39.609,26.277,-19.311,16.019,-48.725,53.155,9.062,-3.191,3.967,-10.665,-18.603
54.895,60.922,-3.362,9.676,11.601,-46.653,40.228,29.16,-21.272,11.498,-19.015,2.692
54.06,61.068,-14.577,-17.252,-4.686,-45.035,25.617,39.191,-20.953,39.121,-23.482,9.789
53.064,43.703,-22.342,-14.972,-12.142,-25.333,13.387,22.36,-31.504,22.148,-20.303,6.414
53.17,79.043,-25.226,-43.191,7.957,-4.814,9.827,2.041,-11.112,1.265,-24.043,-14.642
55.322,45.645,-11.14,-1.373,11.259,-43.095,18.306,26.059,-16.384,3.946,-19.622,10.498
53.59,85.515,-36.551,-13.51,-24.528,-31.978,-8.718,27.425,-50.467,-6.188,-12.215,-27.65
53.414,72.368,-37.184,-30.528,-24.567,-21.981,-13.964,28.161,-45.253,15.893,-14.667,-26.516
53.165,69.85,-6.799,-30.78,-1.248,-16.645,21.112,-6.454,-53.656,20.963,-21.732,-12.16
52.197,98.629,-47.683,-23.771,-4.515,-49.609,-8.876,18.749,-19.621,-0.851,-15.462,-19.335
50.937,85.703,-37.824,-37.724,-30.84,-22.309,14.367,3.874,-32.121,-0.554,-28.62,-5.527
54.023,63.814,-18.727,-34.88,1.215,12.021,13.657,20.514,-15.044,3.849,9.361,-6.366
54.289,48.468,2.334,-22.818,14.491,-46.15,31.609,28.374,-10.501,17.2,-20.124,-4.842
54.071,53.826,-12.085,-12.48,15.69,-26.5,9.504,24.352,-8.114,26.12,-25.673,-7.967
53.694,80.481,-13.665,-43.288,-9.44,-25.555,17.891,1.526,-24.356,30.693,-23.413,-12.688
52.845,44.974,-11.178,-18.442,-22.75,-22.474,3.391,-7.454,-19.928,18.178,-27.097,-39.167
54.819,63.055,-29.614,-27.473,9.263,-51.486,-18.196,12.314,-2.46,9.768,-30.729,-9.064
53.782,35.854,3.006,-18.447,4.552,-45.576,26.364,44.02,3.669,14.962,-23.276,-6.548
54.238,70.157,-17.089,-23.243,-42.389,-22.394,-12.844,46.882,-38.284,-4.507,-10.058,-17.864
53.597,68.207,-14.656,-22.42,-11.852,-33.817,11.125,24.057,-30.17,19.462,-20.463,-12.381
52.042,79.344,-22.668,-25.905,-37.334,-26.507,-4.066,3.683,-20.735,10.041,-18.234,-11.692
53.2,69.465,-1.57,-77.581,-14.544,-10.557,23.917,-2.282,-10.081,5.541,-11.186,-6.444
53.556,53.415,-6.061,-25.154,-17.342,-22.69,17.319,27.431,-19.346,15.494,-26.327,-9.78
55.039,70.453,9.238,-24.832,11.104,-39.604,47.6,-0.189,-15.704,8.601,-7.854,1.233
54.509,61.784,-33.798,6.991,2.637,-55.39,-2.824,35.908,-7.572,-6.573,2.996,5.921
51.281,100.697,-44.405,-54.627,-38.548,-27.082,-15.097,-5.593,-20.849,-10.511,-16.35,-23.178
51.147,91.029,-44.986,-49.951,-40.133,-21.457,-20.004,6.635,-12.854,-2.349,-12.625,-23.474
52.523,50.994,5.054,-61.182,-10.802,-13.186,20.866,3.98,-16.147,8.449,-18.661,-21.424
52.198,101.648,-32.123,-65.749,-15.509,-8.327,3.287,-19.913,-8.709,10.592,-24.708,-14.913
54.297,52.218,8.908,1.009,-7.721,-29.158,40.632,-2.677,-31.939,4.649,-17.552,-5.072
52.625,78.355,-25.927,-39.57,-30.348,-11.529,3.942,-0.457,-13.826,18.783,-1.121,-10.148
53.727,69.929,-12.263,-0.659,-5.8,-22.744,20.678,40.558,-24.75,-9.494,-26.281,-13.895
53.451,61.318,-19.145,-7.174,-49.724,-16.431,4.178,23.985,-46.178,-9.291,-14.518,-4.499
55.702,49.892,-2.558,-2.885,-7.268,-29.353,17.795,24.179,-16.935,3.301,-1.961,-15.484
54.008,115.492,-18.909,-5.402,-35.32,-29.618,-21.157,1.819,-10.042,1.353,-27.471,-22.844
53.882,71.034,-11.566,-59.936,-13.32,-23.913,12.848,3.627,-24.202,28.67,-15.714,-6.101
54.892,65.959,1.871,-28.78,-3.635,-32.251,46.936,10.731,-12.239,20.881,-8.617,9.301
55.052,72.859,9.247,-44.276,3.625,-19.646,34.605,4.919,-28.336,12.723,-21.106,-8.963
55.459,47.518,2.448,-12.036,22.692,-55.782,11.23,6.931,-1.18,14.38,-6.659,-9.534
55.923,56.864,-5.314,-8.455,32.143,-42.704,29.087,16.314,-7.868,8.898,-4.396,12.616
53.755,69.08,-26.88,-11.344,-2.394,-33.617,22.283,30.057,-20.236,-0.33,-24.601,7.593
53.83,73.773,-13.039,-42.106,19.838,-10.951,32.983,0.694,-17.643,21.43,-18.651,-8.957
53.837,65.892,-32.988,-10.752,-9.661,-39.447,-13.579,4.137,-15.127,5.831,-6.012,-9.506
53.779,59.931,-27.26,-25.387,-14.624,-34.651,5.22,28.118,-16.518,25.729,-0.783,-5.588
52.976,60.225,-13.658,-59.564,-15.017,-16.112,7.718,24.548,-20.985,11.643,-25.702,-5.335
54.313,80.349,-32.934,-19.09,-12.325,-50.266,-22.967,21.773,-32.306,-11.771,-4.995,-13.368
52.833,112.22,-61.932,-41.386,-22.187,-17.327,-17.806,27.218,-18.137,-10.118,-21.706,-28.348
52.552,64.297,-48.477,-34.621,-23.633,-33.453,-2.84,9.073,-43.756,6.852,-15.1,-8.478
51.445,90.943,-78.04,-43.786,-22.618,-28.775,-12.144,7.485,-20.718,-2.948,-4.32,-14.447
51.337,97.489,-60.931,-48.801,-29.209,-23.608,6.011,-5.845,-27.099,6.677,-15.149,0.78
54.597,58.044,-16.668,-41.875,-16.945,-5.003,4.474,23.201,-23.705,12.623,9.369,-17.262
54.686,60.768,-4.713,-17.603,3.061,-41.377,35.369,23.609,-8.377,20.789,-21.839,-7.474
53.911,62.95,-24.358,-18.177,-23.769,-21.659,20.415,5.599,-35.503,19.136,-29.423,-0.066
52.772,79.136,-13.605,-68.02,-9.33,-14.826,28.045,-37.211,-10.174,19.168,-16.337,-15.428
53.891,81.947,-25.477,-14.118,-22.838,-39.127,7.549,26.555,-28.117,-3.602,-14.005,-12.055
53.143,56.813,-18.192,-42.06,-41.653,-12.116,-7.758,-16.553,-38.452,18.55,-28.215,-30.928
54.365,52.858,-39.594,-25.739,12.726,-18.437,-0.877,21.451,-2.754,10.957,-8.367,-9.33
53.711,45.482,16.352,-42.194,12.193,-41.092,40.387,-9.363,-14.351,37.619,-18.903,-12.655
54.221,75.617,-24.168,-0.304,4.585,-46.437,23.825,16.941,-19.35,-2.907,-29.378,-14.459
53.509,63.473,-22.432,-35.066,-41.325,-29.842,-19.165,48.257,-33.599,-4.653,-7.096,-23.946
53.248,56.609,-16.017,-40.482,-15.004,-22.53,-2.743,-3.844,-35.033,14.214,-17.81,-21.288
52.145,90.226,-52.244,-25.823,-11.392,-34.465,-2.81,17.144,-0.817,-12.158,-9.727,-27.057
50.928,85.249,-48.583,-51.817,-41.287,-26.33,-10.576,-7.144,-25.171,-4.394,-12.3,-22.117
52.979,71.567,-1.22,-50.419,-31.205,-4.995,15.177,15.276,-25.01,10.05,-17.828,4.095
52.847,76.732,-6.396,-41.958,-18.178,-31.256,21.921,-21.801,-22.298,10.122,-9.111,-7.09
53.912,43.28,7.831,-21.574,-0.884,-39.846,49.644,13.594,13.531,-6.415,0.255,8.644
54.025,48.775,10.585,-26.057,0.94,-41.383,50.585,18.462,7.674,-3.871,-12.334,-0.584
54.639,60.418,-12.045,-8.369,9.845,-33.99,21.132,14.822,-5.216,-6.21,-1.767,-3.648
51.981,80.163,-55.463,-35.692,1.653,-56.525,1.436,-5.679,-8.125,8.071,-12.46,-21.773
51.409,76.248,-34.977,-23.89,-15.164,-35.306,2.515,1.036,-16.534,5.748,-13.62,-17.684
50.938,81.083,-53.265,-42.085,-33.375,-24.818,-12.139,11.094,-13.967,-5.249,-9.944,-22.108
50.802,97.494,-51.865,-43.798,-27.29,-31.477,5.145,-14.309,-26.752,0.743,-18.926,-8.127
53.305,37.204,-18.342,-54.334,-6.595,-1.903,29.322,4.885,-18.417,7.331,-19.943,-12.606
52.444,85.888,-38.124,-75.337,1.371,-21.754,9.877,-21.454,-18.483,27.538,-29.702,-10.12
53.229,74.034,-23.053,-61.65,12.14,-2.03,32.934,-20.826,-22.146,18.859,-32.607,-11.026
52.674,80.78,-40.318,-41.537,-11.231,-7.936,12.658,-2.203,-6.056,6.503,-14.269,-14.371
53.929,40.007,-16.158,10.926,-2.046,-65.927,9.255,55.41,-5.976,16.802,-23.74,-13.618
53.157,69.131,-2.659,-25.927,-17.527,-20.4,14.171,16.514,-40.961,16.846,-13.421,-15.956
55.568,61.583,-10.322,-23.671,1.837,-12.056,9.983,9.616,-16.934,1.943,4.891,-19.516
54.349,98.808,-25.318,-13.552,-2.811,-48.108,2.276,27.595,-27.082,-19.028,-19.02,-28.328
51.885,76.069,2.707,13.401,3.259,-28.921,-2.096,40.257,-27.236,18.002,-18.037,-8.074
49.94,107.834,14.464,-44.778,-20.793,-24.39,-15.958,5.154,-20.642,9.752,-13.117,-0.781
54.574,33.954,-4.625,-23.183,14.314,-22.029,26.232,6.285,6.675,16.896,-8.343,-7.666
53.175,99.373,-33.655,-62.184,-1.12,-25.859,11.797,-21.801,-17.822,20.541,-28.657,-9.497
54.847,44.809,1.283,-34.333,11.57,-10.667,26.5,-1.751,-16.022,45.936,-23.837,-15.494
54.198,32.699,-13.429,9.134,-2.158,-35.602,22.193,13.25,5.783,0.75,-12.936,5.249
52.635,93.428,-26.336,-40.447,-15.748,-15.67,12.622,-20.207,-21.711,5.832,-22.941,-21.072
53.621,46.125,-26.246,-30.107,-14.986,-36.418,5.84,22.311,-18.381,35.562,-24.812,0.783
53.802,51.835,-6.843,-38.788,-7.08,-27.477,3.219,-2.543,-35.844,14.209,-17.562,-18.141
54.767,75.154,-6.358,-19.828,-20.189,-10.09,0.511,9.75,-28.293,0.81,-20.854,-8.382
53.88,37.085,0.802,-22.86,-14.908,-25.034,23.449,11.995,-19.122,11.25,-14.535,9.19
51.509,87.002,-35.39,-41.178,-31.594,-35.964,-13.715,14.637,-8.449,4.076,-10.948,-18.707
51.667,69.437,-26.798,-26.633,-34.648,-39.221,-17.843,0.069,0.483,12.619,-8.422,-33.725
52.886,66.348,-44.636,-14.179,-29.504,-39.086,-27.477,9.255,-8.067,8.27,10.413,-20.755
51.211,68.262,-40.094,-39.864,-51.499,-63.12,-27.478,5.108,-22.676,22.191,-9.312,-11.792
51.88,67.571,-33.009,-35.426,-45.879,-41.627,-15.423,17.064,-9.521,1.815,-3.287,-20.238
51.482,72.922,-46.821,-32.782,-54.5,-45.874,-23.612,-8.966,-17.493,19.104,3.685,-29.874
53.067,54.521,-51.5,-5.291,-25.081,-66.498,-33.594,-0.7,-1.137,1.731,-15.345,-3.089
50.283,63.278,-52.746,-72.699,-51.864,-25.61,-24.053,9.838,-2.822,-5.062,-0.852,-16.275
51.85,91.766,-46.073,-33.04,-48.371,-47.851,-34.831,5.983,-12.061,21.208,4.432,-16.157
50.667,83.465,-42.142,-31.553,-59.33,-19.614,-16.451,-9.602,-13.22,7.756,-5.608,-17.618
50.861,66.937,-34.046,-40.46,-54.353,-31.547,-20.21,6.288,-10.207,8.204,-7.954,-23.53
53.135,72.445,-56.423,-15.147,-23.536,-25.413,-28.909,18.152,-7.164,11.522,19.048,-16.138
51.839,90.266,-37.437,-48.235,-39.741,-22.171,-15.641,-12.567,-13.852,4.795,-17.277,-19.018
54.829,16.023,20.474,-20.352,19.586,-34.794,24.887,28.497,4.99,14.661,-16.322,-4.222
53.174,81.02,-25.066,-54.113,-5.749,-28.251,17.703,-38.612,-12.675,6.808,-21.44,-15.394
53.903,46.325,-6.516,-58.406,0.626,-7.612,24.612,-32.469,-29.408,30.069,-20.969,-13.852
54.256,20.668,-14.954,-8.603,12.87,-35.492,13.17,11.292,21.947,10.241,-24.836,-16.661
52.376,85.226,-27.606,-57.784,-14.913,-16.725,7.352,-21.006,-20.405,5.258,-23.242,-14.075
53.818,36.852,-2.812,2.05,-14.581,-49.293,18.424,38.638,-13.232,45.753,-21.385,-14.179
53.208,66.25,-10.638,-37.564,-33.437,-10.737,7.605,5.208,-37.178,29.098,-15.371,-9.215
54.596,67.389,-13.147,-42.844,-10.064,-12.907,5.658,-5.669,-20.444,4.023,-12.301,-17.725
52.718,49.866,-21.4,-40.623,-23.288,-22.075,19.419,-49.423,-20.148,22.7,-11.083,1.773
54.955,20.534,34.808,-5.272,-0.488,-41.124,55.775,23.386,-11.238,-4.604,-0.446,8.792
54.159,61.671,-19.21,-3.652,-12.513,-41.003,-16.374,13.605,-25.108,-3.219,-3.982,-13.466
51.774,87.797,-40.353,-31.6,-39.293,-26.747,-8.729,-12.641,-20.004,9.214,-22.99,-20.259
52.567,76.792,-29.506,-28.107,-22.106,-7.386,-23.889,16.095,-18.69,7.349,-17.629,-9.444
50.772,71.017,-34.282,-39.014,-48.581,-17.885,-13.806,11.039,-5.726,4.747,-17.83,-8.931
51.2,83.837,-43.452,-55.617,-48.244,-27.731,-12.44,-1.246,-15.887,0.176,-9.569,-15.89
49.796,64.65,-57.684,28.553,-57.601,-47.299,-35.236,4.447,-11.447,17.494,-26.476,-3.254
37.902,48.429,-34.891,-29.486,-65.373,-30.348,-32.382,7.063,-2.607,3.631,-12.794,-14.966
35.488,44.75,-28.875,-35.788,-61.082,-34.991,-27.705,3.3,-13.783,7.426,-12.773,-7.862
33.849,51.559,-14.508,-35.429,-58.118,-26.053,-5.077,-2.084,-9.673,5.404,-17.767,-9.363
32.767,44.524,-13.648,-29.653,-56.153,-39.081,-15.486,-7.518,-22.912,8.092,-14.625,-0.209
32.426,20.547,-26.116,-39.588,-74.971,-25.36,-7.461,24.139,-36.608,-12.052,0.031,-2.075
31.559,19.139,-14.138,-41.846,-74.959,-22.283,0.065,28.622,-30.69,-29.918,-8.302,-3.504
30.542,30.192,-25.681,-39.356,-65.375,-24.924,-12.048,15.3,-23.149,-2.845,-9.962,-6.34
29.31,36.585,-38.158,-19.116,-70.47,-30.065,-16.52,4.985,-24.897,2.544,-10.649,-4.901
24.756,9.588,-46.985,-56.999,-71.824,-27.404,-18.795,-2.418,-28.305,7.878,-5.381,-19.234
23.403,23.647,-44.199,-9.222,-78.445,-27.699,-20.905,5.111,-26.511,-3.641,-15.763,-18.246
18.584,48.384,-63.498,-19.928,-72.509,-36.887,-32.884,-16.845,-16.823,6.707,-10.815,-18.176
16.101,40.074,-51.364,-29.316,-63.961,-30.648,-24.651,2.91,-4.651,-4.286,-7.539,-17.653
10.75,58.141,-77.671,30.556,-38.983,-39.239,-33.824,56.663,-19.276,-16.674,-28.566,-24.53
