0.0,171.13,9.469,-28.48,57.491,-50.067,14.833,5.359,-27.228,0.973,-10.64,-7.228
25.344,26.427,-65.48,-100.813,42.621,184.0,21.124,69.921,8.367,45.058,-32.262,10.251
27.8,89.278,-78.323,162.377,4.68,-60.819,-11.056,-0.414,-2.267,16.374,-66.94,30.136
37.672,26.629,-37.772,35.57,39.084,-28.22,-52.516,4.137,9.712,5.421,-3.011,16.353
28.061,97.888,-57.753,153.52,22.152,-72.718,-46.059,-11.422,-17.992,-1.02,-64.136,39.764
26.382,32.535,-47.966,-78.176,37.071,144.503,2.229,32.744,6.59,-15.808,-85.502,22.479
32.367,7.751,-97.703,132.684,-1.14,-67.545,-41.641,2.845,-16.061,44.747,-47.164,28.892
36.557,3.604,-26.684,8.073,31.808,-11.977,-46.319,27.93,2.505,-8.492,-11.312,9.938
34.401,-5.007,-84.499,80.323,30.097,-42.633,-40.376,-19.098,-7.137,5.861,-40.387,23.847
33.497,32.474,-83.569,67.702,6.709,-46.924,-35.645,33.977,16.736,-16.46,-32.266,18.279
32.727,24.649,-104.749,114.398,9.975,-31.917,-30.772,26.244,1.155,15.893,-19.149,26.034
36.663,11.021,-20.784,6.339,34.997,-11.759,-45.417,28.132,-3.64,7.301,-16.561,16.349
33.301,53.459,-88.834,105.753,10.027,-49.406,-42.91,29.189,-9.439,28.823,-48.911,27.024
33.329,129.569,-51.463,131.049,55.202,-13.826,-50.969,10.285,0.099,-14.237,-44.479,16.33
33.013,35.137,-99.065,107.084,15.833,-69.456,-38.715,25.604,-7.379,32.653,-46.315,32.795
37.134,9.705,-17.427,0.02,45.646,-26.627,-51.477,23.903,-4.037,-4.515,-16.179,10.498
34.654,9.707,-53.898,34.426,23.235,-21.724,-34.559,26.447,15.175,-25.536,-52.743,9.312
33.272,39.861,-101.404,92.37,12.522,-7.47,-18.282,29.263,15.196,6.557,0.656,15.051
27.928,88.977,-77.272,163.781,2.305,-66.172,-12.172,-2.873,-1.953,14.936,-70.224,31.175
37.974,27.515,-36.082,32.73,37.485,-32.843,-54.279,2.317,8.228,5.564,-8.348,18.348
28.625,105.119,-55.437,151.478,25.581,-59.154,-43.329,-9.901,-18.176,2.575,-55.369,39.668
25.394,30.086,-37.768,-109.039,36.1,132.131,1.984,31.613,3.446,-12.047,-90.063,23.752
32.257,14.314,-99.358,135.375,3.39,-38.061,-35.568,-3.092,-14.986,46.707,-35.214,27.018
36.612,3.271,-27.864,8.232,31.354,-14.384,-47.442,26.712,2.239,-10.068,-14.556,10.798
34.491,-3.349,-84.504,80.582,29.611,-47.16,-39.878,-23.643,-7.064,4.412,-45.34,24.207
33.459,33.009,-84.799,65.81,4.947,-49.579,-39.858,34.005,16.424,-17.589,-33.547,19.175
32.935,25.979,-104.543,114.929,9.09,-39.232,-31.524,23.706,-0.337,13.71,-23.634,27.861
37.385,15.409,-4.87,-8.446,27.406,-20.118,-41.346,25.0,-6.675,3.971,-1.336,11.43
33.726,48.16,-77.022,94.992,8.795,-56.467,-33.152,21.814,-12.589,24.087,-42.923,29.024
33.433,129.215,-49.86,130.527,53.77,-19.978,-51.964,9.265,-0.437,-15.217,-49.173,16.478
33.231,34.821,-89.931,101.652,7.026,-73.662,-37.547,25.478,-14.812,26.444,-41.898,27.794
37.2,8.971,-21.081,1.598,43.708,-28.696,-50.249,23.411,-3.026,-6.306,-18.5,10.987
34.23,8.195,-58.197,43.11,22.494,-21.551,-34.376,26.0,16.417,-26.038,-58.64,10.666
33.473,39.494,-97.47,86.096,3.441,-78.884,-35.174,26.986,9.26,-3.629,-55.911,25.238
40.266,66.221,27.839,49.294,-13.174,-4.384,-0.28,-31.149,-25.986,34.073,-10.0,7.76
41.839,39.086,-16.321,61.636,20.584,12.055,-44.018,-6.906,11.635,-5.408,-23.44,10.568
32.704,100.12,-16.47,82.94,16.155,-60.514,-29.985,-19.254,-11.954,18.164,-26.992,17.306
30.922,49.317,4.45,-20.206,-26.049,-22.07,-27.209,-1.084,-5.654,8.172,-5.396,0.968
37.837,33.123,-43.044,52.877,-8.359,19.315,-10.117,-20.903,-6.076,18.873,12.855,10.321
34.286,-2.774,-77.782,92.153,-6.053,-19.762,-28.119,-34.701,-15.227,31.826,-9.063,17.733
41.115,42.138,-34.41,62.613,5.613,26.396,-48.853,7.718,10.981,-16.471,-11.899,7.686
37.304,25.745,-38.234,13.813,8.275,-42.429,-33.247,-13.28,-4.399,11.23,30.59,9.295
41.417,38.724,-11.026,67.917,-13.639,5.036,-7.957,-26.087,-9.638,-7.109,3.666,26.594
40.536,45.316,1.921,43.41,-10.874,-7.56,-13.449,3.048,-11.879,6.32,-3.866,26.988
41.652,17.19,-22.189,27.484,0.638,14.914,-48.801,1.642,-5.085,0.794,-2.432,3.401
39.858,61.594,-11.019,36.792,8.761,41.27,-26.554,-16.555,-6.189,10.654,-21.34,25.873
36.71,84.799,-27.522,105.557,60.585,-26.484,-20.575,-17.52,-4.971,-11.844,-29.161,35.267
37.014,10.331,-18.783,73.789,18.849,-25.489,3.113,-18.449,-28.684,36.739,-23.898,34.975
44.001,26.895,13.012,50.697,22.11,30.215,-34.859,-6.168,-6.253,-12.055,5.754,5.713
41.426,33.621,-3.832,33.305,14.838,44.862,-26.096,5.201,12.506,-26.636,-31.224,6.698
35.783,27.051,-90.097,107.236,-8.765,-53.87,-45.487,19.924,8.832,0.127,-63.624,16.881
37.605,54.704,6.149,67.439,-1.224,-2.156,5.48,-37.123,-10.216,24.47,-44.417,26.584
42.642,45.207,-8.035,52.143,8.414,20.588,-38.106,-14.025,-1.789,-12.888,-20.078,13.995
32.818,95.466,-31.319,100.426,-2.064,-50.873,-44.718,-9.02,-11.383,6.505,-39.251,9.269
33.95,46.919,-3.173,-15.293,-14.794,25.562,-25.076,-16.888,-7.291,15.414,11.06,0.277
39.277,44.254,-43.289,69.453,-21.482,-23.766,-30.649,-26.566,-5.891,9.67,-32.758,18.415
38.57,34.402,-51.097,58.015,-19.666,-39.821,-38.74,-0.546,-3.191,14.029,-33.14,12.707
40.982,33.936,-27.839,78.249,8.708,11.359,-37.748,9.911,-0.443,-12.076,-16.362,8.168
37.671,10.336,-48.146,29.815,13.683,-50.02,-36.507,-19.017,-1.988,11.967,-23.497,12.052
38.76,58.136,20.098,-35.832,-20.318,23.695,-25.454,-20.496,1.123,-5.081,21.562,4.524
40.724,19.364,-11.94,55.229,-8.532,13.519,-8.618,-18.282,-12.573,-22.363,-19.337,19.218
40.472,14.048,-2.798,33.995,-16.114,-23.836,-9.738,-18.95,-13.784,7.933,-31.958,20.975
39.548,38.438,8.037,-48.739,2.572,28.076,-40.395,-19.597,-2.588,5.754,-41.562,13.892
41.755,62.239,-3.106,27.424,8.944,-1.63,-32.631,-3.14,7.363,4.226,-37.279,21.13
40.196,57.322,-19.584,82.121,25.501,-20.985,-49.418,-37.915,-27.351,-8.529,-29.849,18.643
43.296,59.503,-7.232,5.362,0.912,31.412,-18.31,-42.594,0.892,0.858,-26.773,22.408
52.822,37.058,60.245,-61.272,23.942,32.738,-38.671,12.136,33.074,-10.362,1.674,-28.825
55.307,93.749,63.83,-23.207,20.596,-8.345,-42.807,22.146,43.013,-3.187,-5.776,-45.712
54.711,124.199,26.862,-12.59,-7.871,-18.936,-41.019,-19.513,-16.475,35.962,-22.933,-16.777
52.871,74.632,-6.496,-32.473,-12.762,-20.64,-27.166,16.496,-3.584,6.212,-7.861,3.812
52.922,88.096,4.479,-20.326,-20.988,-41.075,-20.652,4.418,-9.261,1.735,-5.899,-2.21
53.174,79.38,-17.985,-24.158,-31.355,-29.999,-28.088,11.289,-8.173,10.529,0.922,9.077
51.774,67.737,-4.42,-38.361,-38.005,-19.147,-16.377,21.903,-6.007,-2.811,-8.687,3.496
52.196,68.256,-14.063,-24.366,-45.167,-38.437,-14.279,-0.109,-1.445,-5.779,2.941,6.484
53.487,77.132,-15.912,-21.37,-26.84,-36.468,-32.77,3.537,-10.043,-15.162,3.069,0.564
52.327,79.718,-10.916,-13.653,-46.229,-44.208,-28.191,-0.388,-0.132,5.479,-4.467,3.793
52.38,119.605,-12.245,-30.613,-35.213,-15.789,-26.347,-9.342,-9.972,-15.018,-5.005,-14.692
52.156,74.297,-0.848,-27.187,-37.705,-28.859,-11.335,3.03,-1.159,4.142,-1.519,-0.981
53.247,71.29,22.532,-67.614,-13.873,-20.771,-18.091,4.899,-0.007,9.56,-7.691,-4.796
55.363,85.67,-5.614,-8.061,2.763,-32.118,-32.005,-4.715,12.884,-14.896,-8.795,-10.044
53.73,73.614,-11.596,-29.54,-18.167,-17.185,-26.313,12.895,-0.927,0.508,4.132,3.567
53.503,66.032,16.155,-18.742,-29.04,-36.687,-25.5,-4.255,-3.286,6.003,-9.892,2.914
53.292,79.389,3.35,-16.017,-36.843,-27.673,-21.24,2.002,-0.469,-6.902,3.639,-1.471
53.246,76.302,-11.882,-21.875,-30.005,-28.265,-30.156,10.567,-4.114,-9.893,2.966,1.462
52.353,89.799,5.12,-22.319,-44.62,-26.356,-19.502,1.648,-2.735,4.811,-4.883,0.109
52.463,96.696,1.836,-33.772,-43.098,-14.511,-17.769,-2.25,-8.604,-0.261,-10.676,-3.744
53.196,72.078,16.126,-15.265,-41.927,-30.774,-14.602,4.189,-5.384,1.81,-10.571,0.257
54.12,80.229,4.841,-7.762,-31.526,-35.21,-33.88,14.201,-5.896,-16.638,-3.413,-1.639
52.748,80.1,4.299,-9.864,-47.093,-36.335,-20.056,-1.616,0.718,1.401,0.814,-8.578
53.08,120.432,-6.061,-20.5,-28.739,-25.901,-25.937,-15.782,-3.305,-7.889,-4.106,-2.484
53.06,81.351,12.742,-23.998,-46.72,-36.471,-19.056,-2.891,-1.504,6.705,-7.307,-6.223
54.021,83.329,22.668,-53.182,4.814,-16.567,-25.048,-4.048,10.225,0.806,-10.816,-13.923
55.877,81.576,3.716,-9.884,3.451,-18.548,-29.388,-2.95,11.728,-12.689,-15.29,-14.884
54.252,70.929,-10.627,-19.805,-23.967,-45.652,-30.216,-3.932,-1.81,-4.703,13.096,3.933
53.226,96.509,-13.766,-19.155,-37.338,-28.183,-17.326,-9.473,-5.116,-13.47,-6.132,-0.136
53.438,80.053,-16.033,-16.611,-25.883,-32.945,-22.443,4.247,-1.977,-11.563,3.338,3.693
52.437,79.282,2.75,-31.174,-34.098,-31.862,-9.345,21.628,0.753,-1.261,-6.456,3.702
52.392,73.616,-2.197,-18.632,-42.788,-21.781,-11.514,1.09,2.644,11.107,-1.892,-5.506
53.156,77.498,-5.829,-35.079,-32.394,-16.057,-21.579,13.312,-7.447,0.181,-8.034,-0.209
52.548,85.843,6.574,-26.756,-27.402,-27.311,-12.45,4.449,-2.04,-7.382,-1.578,1.734
53.064,119.651,7.573,-33.098,-32.571,-28.454,-13.447,-5.102,-5.34,-13.775,-7.958,-3.102
52.958,77.627,6.585,-15.134,-46.718,-25.827,-17.402,-0.299,-1.925,9.03,-6.007,-2.954
55.012,46.009,29.292,-43.105,16.707,-28.958,-16.991,22.467,19.658,4.191,-1.627,-17.991
55.411,76.1,8.802,-26.408,4.07,-30.8,-30.447,2.772,4.73,-4.257,-4.858,-19.533
54.073,69.481,2.136,-23.02,-11.989,-17.897,-27.113,6.755,-5.557,-2.7,5.082,1.567
53.526,85.854,-3.498,-10.571,-24.396,-31.331,-17.285,-10.638,1.263,3.881,-1.82,-10.665
54.162,80.225,1.293,-24.384,-24.297,-37.37,-32.739,-1.028,-0.175,-11.387,-0.875,0.093
53.676,86.443,7.155,-4.142,-33.702,-34.186,-6.304,-13.166,-6.005,9.563,0.191,3.845
54.306,78.902,-15.126,-19.648,-22.418,-31.015,-22.825,3.099,-6.639,-17.819,1.964,1.886
52.126,86.045,16.464,-42.421,-32.394,-30.049,-19.618,0.968,-8.758,10.951,-2.536,-0.606
53.586,62.872,24.202,-10.07,-11.064,-39.357,-7.708,12.587,8.589,5.005,-4.709,-12.296
55.35,59.641,10.33,-24.868,3.851,-25.089,-23.227,13.961,3.414,8.581,0.997,-6.371
52.509,106.233,-10.764,6.893,22.785,-21.007,-37.444,60.718,14.383,7.78,-31.874,-7.957
47.583,134.484,5.648,0.624,2.759,-2.655,-46.037,-62.588,-13.598,59.712,-42.173,-13.568
40.963,82.639,-41.592,25.552,-16.229,-54.441,-38.42,32.47,-20.111,20.126,-22.279,14.156
38.835,86.365,-57.353,24.335,0.271,-10.199,-30.558,-6.582,-11.016,33.156,5.122,17.839
41.804,59.318,-28.786,25.692,16.285,73.012,-16.669,24.74,3.302,10.775,-0.009,8.454
38.987,40.815,-29.038,34.186,13.575,-36.942,-32.542,-5.699,4.33,13.369,-9.687,16.228
39.159,31.446,18.385,1.885,-3.996,-22.707,-20.81,-20.949,-3.129,18.492,18.775,19.91
43.788,38.751,-10.723,25.23,-0.505,27.472,-9.238,-15.571,10.561,-14.404,-6.105,17.162
42.13,34.511,-18.587,23.065,-14.08,-12.649,-15.968,-4.739,-4.773,2.285,-20.642,18.39
40.823,42.17,6.023,-54.367,11.477,53.215,-29.327,1.366,8.514,-3.526,-27.447,17.205
41.793,72.266,-2.187,42.39,-7.592,9.92,-36.298,-10.792,-0.962,1.607,-43.993,20.186
38.304,76.052,-27.055,92.009,28.504,-15.825,-37.731,-31.322,-18.286,-2.687,-44.69,31.395
46.194,0.912,64.276,-9.171,69.575,-14.903,19.309,-3.567,-2.57,63.735,3.9,-2.134
46.924,24.31,41.35,25.354,57.311,-4.535,-40.08,-9.488,2.976,-13.144,-43.604,0.024
46.059,80.855,-19.069,21.082,8.99,29.712,-19.135,-79.364,-1.906,25.93,-37.916,23.67
47.145,-3.111,41.466,43.364,39.151,-11.096,-6.77,29.799,-13.716,26.398,-20.107,0.506
43.296,102.743,35.755,-55.875,36.36,33.852,-10.628,-86.734,3.543,-2.627,-24.583,10.33
41.386,41.194,-33.126,77.23,-33.51,-51.736,-41.0,-12.099,-14.291,-3.235,-25.472,9.414
38.499,39.501,-47.165,63.695,-24.89,-20.852,-26.528,-18.671,-6.959,13.512,-45.353,21.532
42.857,57.587,-36.649,76.336,15.343,53.086,-19.442,-4.292,8.325,-15.373,-2.39,5.771
38.694,17.503,-38.264,29.745,16.661,-62.38,-31.719,-15.267,-3.104,5.72,-20.606,13.861
42.979,66.442,25.97,-25.179,-20.372,20.015,-21.356,-4.078,-7.335,-9.368,13.791,21.547
43.804,24.799,-6.406,42.709,-8.646,-10.393,-13.031,-6.589,-7.763,3.361,-14.122,25.059
42.886,45.379,-14.447,20.577,-14.621,13.085,-19.326,-7.436,-6.748,-6.596,-36.112,29.1
45.347,27.793,-23.384,50.974,1.374,9.765,-37.139,-17.651,10.248,-4.216,-2.588,11.756
43.37,54.129,9.924,75.885,3.752,7.817,-9.442,-44.049,-7.405,-4.437,-25.511,25.019
41.378,49.481,-4.766,57.994,19.2,2.268,-49.779,-19.135,-14.786,-13.46,-20.182,-4.242
45.346,-5.066,5.98,20.869,37.436,23.995,-30.685,-44.695,4.133,11.049,-22.914,0.812
48.581,-1.776,56.134,12.463,70.47,30.397,-7.223,34.301,11.122,-16.583,20.031,-7.628
47.888,41.144,-9.301,23.752,-10.701,-16.393,-36.902,-26.303,-16.974,0.571,-28.97,3.378
46.469,28.85,32.566,-14.047,32.41,5.365,-38.798,-46.422,-8.829,8.314,-11.66,-35.894
45.618,98.103,18.084,-12.671,29.205,-20.36,-41.907,18.838,-12.045,0.074,-0.091,9.853
47.109,36.237,-8.789,-20.394,14.882,-8.055,-48.479,-14.694,-5.045,19.945,-23.888,8.736
44.773,55.919,-10.903,-25.87,3.929,-17.755,-85.357,0.1,9.89,-18.495,-16.821,-15.013
42.228,38.558,-45.478,72.664,-31.093,-25.015,-35.068,-32.972,-11.354,5.562,-28.511,10.933
41.246,58.464,-22.44,58.489,-18.101,15.431,-13.121,-15.882,-12.861,13.092,-15.489,9.304
43.169,39.141,-20.168,39.032,-0.101,26.447,-21.162,7.674,6.033,-15.661,-25.195,8.564
39.761,37.881,-32.541,30.338,2.296,-47.21,-35.894,-4.599,-7.886,12.503,-2.58,8.578
41.164,44.867,10.99,12.938,-28.779,-19.714,-26.129,0.231,-14.544,21.124,9.251,11.209
40.648,23.835,-35.453,88.779,-19.683,-18.393,-16.618,-28.478,-7.294,3.175,-31.647,16.66
42.388,68.268,11.165,24.483,-11.891,30.617,8.348,-5.668,-4.125,-2.709,-7.78,18.362
43.072,19.246,-18.382,19.08,6.792,17.233,-33.104,-15.116,1.999,6.11,3.965,12.268
39.468,19.091,-3.636,18.576,3.624,39.692,-22.95,-9.396,1.965,-41.562,-54.62,13.929
41.243,65.581,-4.576,63.04,9.996,22.702,-33.155,-37.574,-14.564,1.959,-24.192,25.41
46.631,26.773,14.611,25.032,20.257,27.993,-21.665,-13.624,-23.991,36.326,-14.572,5.38
48.452,9.774,36.151,81.546,38.346,1.14,-1.609,0.233,-1.023,-8.804,-27.347,16.26
46.426,36.664,20.533,-31.679,41.316,45.776,-36.889,10.51,-1.49,-16.367,3.573,-17.867
46.705,18.266,16.018,26.948,34.748,-22.433,-36.483,0.672,0.325,12.114,-26.379,-15.76
46.34,6.089,52.793,-5.972,71.334,-5.983,-3.536,-2.074,20.189,10.254,-6.69,-14.462
42.027,35.198,-45.906,58.795,-7.031,-33.408,-36.413,-8.579,-4.078,6.896,-23.568,10.278
43.096,106.245,-25.563,11.752,-10.648,-32.167,-25.664,30.237,0.088,10.668,-4.1,19.28
43.385,41.922,-24.319,52.495,-2.561,18.769,-34.63,-5.69,-11.149,-0.552,-29.63,8.608
39.578,28.797,-35.109,16.717,11.957,-41.934,-30.677,-13.217,-2.862,13.027,-16.269,7.319
40.995,51.65,14.199,3.434,-16.181,4.45,-15.71,-7.976,-1.237,10.915,9.339,11.253
41.871,40.213,-32.756,75.334,-25.227,-32.355,-30.024,-6.322,-8.821,2.254,-0.604,14.084
43.013,35.76,-36.473,48.984,-23.212,-9.17,-22.619,-6.488,-10.241,9.085,-27.777,28.203
43.112,37.737,-21.666,15.883,9.622,43.199,-36.918,-11.546,7.322,4.326,13.573,5.874
44.516,-7.865,-0.804,20.502,23.211,55.65,6.139,-48.482,6.432,-1.843,-13.492,-10.425
45.939,-2.201,6.766,70.718,42.87,-24.871,-35.953,-39.585,7.51,5.103,-24.58,-12.395
44.61,31.731,1.507,65.008,-4.306,-15.342,-16.392,-36.534,-5.5,4.657,-12.143,5.043
48.128,-36.278,89.165,-9.327,61.717,45.179,-0.017,21.073,-4.284,-12.089,14.637,1.937
51.085,42.082,70.806,25.677,68.135,-28.021,-15.25,-11.688,34.623,9.733,4.226,-31.35
54.84,67.891,2.647,-23.713,11.375,-20.479,-19.374,22.47,9.654,-4.262,9.02,-14.956
53.599,80.546,-16.165,-24.097,-10.678,-35.255,-32.552,7.402,-6.264,-0.557,5.353,-1.029
52.753,80.099,5.749,-13.86,-26.804,-28.35,-21.086,-1.163,-4.205,7.156,-4.398,4.872
52.995,83.332,-12.844,-25.338,-28.152,-29.641,-14.999,-3.868,-6.82,6.556,4.249,8.179
52.523,80.772,-7.908,-16.22,-42.51,-33.531,-8.977,1.127,-1.755,-4.656,-8.49,6.281
55.526,58.655,18.257,-15.76,0.72,-21.371,-4.605,18.732,6.566,13.678,7.888,-0.11
54.579,72.544,14.403,13.807,6.275,-30.718,9.291,11.258,11.843,0.802,-25.38,12.273
52.869,72.642,11.383,-55.913,-30.586,-24.065,-3.119,-20.093,-9.141,13.853,-15.395,-6.928
54.606,45.375,21.308,3.836,-28.538,-38.267,5.826,5.728,-3.513,2.269,-17.465,-11.801
54.158,69.867,3.659,-26.915,-28.635,-13.563,-27.516,18.269,-3.733,8.436,19.374,-9.728
55.022,64.301,30.833,-5.517,-9.683,-24.295,-8.136,4.343,8.755,19.352,-0.616,-21.13
55.204,53.509,57.235,-11.14,8.106,-26.554,-5.168,0.431,13.418,14.632,-13.933,-18.838
55.911,51.909,7.41,-33.195,23.672,-42.39,-28.376,0.586,22.872,1.643,-6.332,-20.509
54.62,61.31,8.471,-40.57,16.313,-26.064,-36.061,1.282,9.086,7.872,-17.501,-13.295
54.164,82.506,-2.978,-25.726,-27.178,-29.987,-38.385,16.696,-5.503,-3.122,4.273,-2.864
53.493,93.753,-3.382,-23.61,-45.054,-38.289,-19.514,-5.891,-6.2,0.288,2.734,0.578
55.375,95.498,34.681,-29.388,-30.727,-16.042,0.872,-5.268,3.465,15.369,-16.755,8.465
54.211,64.51,10.663,-31.974,-30.008,-20.928,-14.181,12.949,-9.962,-11.888,-7.623,-9.948
54.836,65.418,46.453,-22.18,-20.781,-9.344,3.063,-4.096,-21.08,34.674,-12.37,-10.994
55.04,55.094,37.149,-8.27,-0.489,-26.287,-3.374,-8.205,18.322,28.448,-2.398,-38.267
55.685,64.674,52.696,-9.838,12.431,-35.37,19.501,1.035,9.37,-8.46,-6.772,-10.725
56.285,42.337,44.101,-12.876,25.129,-39.24,-5.165,15.009,16.822,1.873,-2.513,-4.98
55.666,65.507,14.164,-15.727,21.134,-24.411,-21.707,3.265,18.356,-3.536,-8.086,-9.709
54.328,72.434,-4.355,-22.773,-22.468,-35.118,-39.637,9.487,-5.351,-1.561,1.682,-0.325
53.054,105.179,-10.965,-25.116,-41.506,-35.121,-9.601,-6.343,-0.596,4.31,-19.23,-1.038
51.989,76.288,-14.009,-10.637,-49.998,-35.24,-20.632,-3.982,1.808,0.477,-6.587,5.309
53.432,70.624,22.781,-67.393,-23.557,-18.585,-0.543,1.836,1.768,13.914,-10.691,5.765
55.796,61.623,21.135,-6.49,0.736,-43.956,2.412,15.12,4.126,-4.677,-11.344,12.96
55.201,70.363,19.591,-10.912,-2.639,-42.637,-20.154,12.652,16.312,2.188,-8.134,-24.758
54.877,94.689,-2.698,-19.29,-15.259,-36.649,-38.492,21.794,8.295,-19.214,-4.103,-5.958
56.283,73.552,57.39,-2.826,-6.877,-32.007,17.414,17.426,-1.456,2.525,-16.796,9.024
54.744,69.374,23.926,-28.913,3.292,-24.374,-18.074,9.712,-0.684,11.722,-14.075,-5.815
53.796,78.809,6.68,-20.999,-13.768,-31.385,-32.952,11.108,-3.695,16.178,-1.783,-6.469
53.63,112.477,-2.768,-32.528,-27.06,-21.7,-16.691,-38.277,-16.046,-8.227,-11.897,-10.623
55.5,39.912,44.075,-0.723,-11.099,-32.369,16.591,20.831,6.091,-2.523,-3.082,-4.724
53.94,69.942,35.669,-30.649,-5.422,-7.094,-0.481,3.529,1.243,21.298,-19.992,-4.367
55.81,83.043,33.883,-6.928,-7.33,-24.756,4.939,39.142,6.407,6.891,-7.651,-18.204
54.811,63.24,16.387,-25.979,1.185,-27.528,-16.85,4.787,-3.413,30.234,-6.282,-19.671
54.82,132.786,-29.334,-24.711,-18.029,-25.302,-30.158,19.915,1.171,-15.377,5.978,-0.371
55.282,52.116,47.269,-7.959,-0.458,-25.968,15.51,11.89,-0.7,16.334,-10.933,-6.997
54.924,42.364,33.177,-11.05,-4.594,-35.749,9.527,10.776,20.892,14.136,-1.463,-12.297
55.619,72.797,14.654,-5.078,9.741,-37.939,-13.034,14.23,4.567,-2.693,-15.063,-3.43
53.72,89.314,7.242,-33.964,-24.451,-16.112,-25.764,0.762,2.937,-0.684,-17.621,-5.396
54.172,96.072,5.232,-38.203,-22.388,-12.815,-13.128,-13.675,0.42,7.078,0.874,-4.517
54.022,86.671,13.339,-11.505,-8.009,-31.7,-27.52,14.187,-5.081,-4.779,13.194,-0.515
53.342,83.115,9.456,-15.573,-46.047,-30.911,-16.466,-6.487,1.116,13.268,-4.798,-6.323
53.724,91.153,16.085,-24.423,-30.291,-35.609,-7.784,11.054,-1.534,-6.076,1.288,-1.155
53.459,75.935,8.894,-17.378,-23.907,-42.367,-9.104,0.855,4.253,3.268,-3.66,-0.637
54.724,98.007,8.19,-8.308,-12.503,-35.659,-29.567,-2.328,-1.71,-24.857,-3.831,-2.845
53.491,71.139,6.446,-29.797,-20.293,-35.332,-13.489,-7.709,0.665,15.267,-7.192,-11.562
54.485,70.548,13.272,-21.735,-34.694,-40.26,-21.316,13.288,-5.623,-13.761,-4.208,-9.314
54.951,94.468,20.219,-39.552,-6.034,-30.383,-1.265,-1.978,-8.129,13.984,-7.624,-9.792
55.159,88.724,29.212,-22.154,-27.308,-26.238,-19.511,-1.318,-9.604,6.153,-7.462,-10.352
54.373,98.61,-4.374,-25.686,-3.234,-35.109,-23.506,0.299,-8.122,7.829,8.8,4.917
55.029,77.765,51.008,-29.728,2.916,-32.046,-4.929,-1.753,-3.252,20.74,-6.477,-15.415
55.484,63.999,24.791,-16.835,0.038,-30.975,14.115,15.497,1.015,4.076,-6.556,6.01
54.774,65.37,3.582,-25.033,-5.529,-30.88,-32.955,3.006,-8.354,-3.066,4.801,-13.52
54.449,77.599,-9.173,-19.208,-26.187,-32.594,-28.602,-7.672,0.55,-4.585,-1.978,-10.538
54.571,72.217,4.401,-12.37,-16.604,-31.876,-32.251,-0.747,-4.562,-20.088,-4.478,0.862
54.204,92.003,8.528,-9.499,-29.031,-49.577,-22.814,1.326,-3.198,-1.767,-12.012,-11.709
53.427,63.782,11.131,-19.864,-38.127,-21.323,-19.826,-2.446,-1.816,4.132,-6.195,-8.322
53.807,63.963,4.482,-35.738,-32.229,-19.183,-36.998,8.446,-1.504,-2.932,-2.394,-7.849
53.216,80.899,22.963,-14.757,-32.815,-54.787,-30.538,-6.018,2.364,-5.383,-8.262,-14.006
53.025,86.524,17.02,-33.912,-16.568,-33.38,-43.96,3.54,-6.723,7.404,-11.335,-6.193
53.176,71.76,5.616,-27.776,-38.884,-33.348,-36.848,2.5,-6.75,-3.695,1.192,-8.192
54.018,72.434,-3.723,-25.178,-24.392,-34.921,-42.041,17.61,-6.99,-10.367,5.381,-3.017
53.324,81.687,16.559,-20.535,-23.44,-43.285,-23.053,12.33,1.323,-0.48,4.885,-2.504
54.59,113.458,3.839,-20.563,-27.947,-26.978,-8.043,-4.862,5.765,-14.802,-5.892,-0.892
53.581,84.596,-1.453,-26.451,-14.648,-33.806,-9.927,-3.534,-4.315,2.576,-4.312,-5.993
55.281,66.148,6.27,-18.77,-19.723,-43.586,-26.283,0.932,-11.88,-19.048,-2.35,-0.335
54.42,67.038,-3.552,-24.609,-23.416,-49.213,-31.899,12.517,-8.363,-9.91,0.43,3.226
53.864,72.64,5.154,-17.137,-33.194,-27.695,-13.096,2.846,4.905,-7.646,-7.549,-11.288
54.065,71.564,-9.894,-23.891,-24.424,-26.473,-31.485,11.173,-5.278,2.247,8.595,-2.657
53.26,79.383,-1.008,-6.015,-42.838,-41.565,-24.946,1.088,2.398,-0.347,2.313,-8.39
52.169,79.429,21.772,-19.136,-38.169,-22.07,-36.085,-4.518,2.467,3.449,-8.504,-18.141
53.169,111.887,10.915,-31.801,-13.89,-26.31,-26.216,-17.37,-8.547,9.674,-7.198,-3.533
54.409,56.774,18.668,-9.376,-16.553,-25.832,-23.081,8.038,8.665,9.404,-1.121,-16.705
55.317,61.151,6.65,-19.834,5.203,-23.799,-30.885,4.697,-5.283,23.491,-8.505,-6.071
54.621,52.453,26.943,-9.107,3.897,-32.41,5.754,6.651,17.934,10.82,-6.029,-8.255
52.314,82.676,-7.267,4.158,19.481,-15.635,-42.088,61.739,27.569,1.176,-28.238,-17.879
49.005,55.609,13.777,-28.45,61.49,-4.234,-17.923,-26.255,-8.272,40.684,-31.736,8.937
43.411,30.793,-63.232,12.976,-22.106,-55.986,-39.829,2.445,-8.998,16.645,-16.993,13.594
39.738,60.061,-76.26,37.797,-18.495,-40.834,-40.911,17.663,0.75,13.912,2.204,20.412
39.993,41.69,-17.887,-12.152,13.511,57.219,-21.655,16.986,-5.583,41.804,-23.888,13.93
39.663,32.9,-37.408,44.301,19.045,-46.545,-30.077,-6.084,-3.253,3.226,-16.976,9.305
36.18,-4.665,11.995,-33.969,0.265,-19.07,-11.2,-3.211,-2.594,11.29,12.81,26.961
42.384,24.054,-6.225,22.408,-12.365,26.934,-7.362,-25.957,-4.247,-22.609,-17.005,14.959
41.654,45.519,-9.278,25.424,-6.138,-22.243,-26.543,-2.906,-4.069,16.442,-31.781,20.078
42.012,46.657,-38.537,34.544,7.283,51.68,-49.174,7.21,9.665,-2.095,-43.76,8.191
42.731,74.489,5.73,10.649,9.183,12.332,-19.557,-2.317,3.524,22.506,-38.608,22.542
39.628,66.969,-7.781,105.631,30.377,-8.303,-31.342,-21.838,-20.522,-2.842,-46.176,29.896
41.704,30.033,3.414,26.154,7.68,-8.488,-10.459,-24.889,-18.15,35.383,-14.319,25.966
49.105,1.867,70.69,-2.398,44.266,32.327,7.8,9.063,3.152,-12.745,6.593,-6.852
47.657,-31.094,39.486,29.884,41.399,19.358,12.702,-1.242,22.482,-18.546,-25.946,4.816
47.064,-51.427,62.081,19.292,63.131,-34.412,12.077,-4.136,-0.907,30.149,1.032,-13.297
46.009,51.485,8.772,15.455,48.457,-32.777,-55.12,60.703,3.442,-24.897,-14.513,2.033
46.396,-21.761,-1.86,-35.06,44.2,18.115,-12.382,-34.607,15.288,8.534,2.252,-10.524
44.632,-41.5,20.034,41.421,52.691,-59.971,-1.157,-15.333,19.581,21.158,-30.64,-5.904
41.274,4.51,-29.245,14.314,-8.753,-45.792,-20.647,-11.357,20.626,-0.41,-4.628,7.423
41.145,17.197,-61.535,62.574,-28.142,-41.03,-30.452,-29.595,-4.537,15.987,-39.239,15.026
36.898,13.619,-74.196,98.759,-16.581,-13.356,-26.281,-34.289,-15.65,23.306,-25.847,20.849
42.232,39.44,-36.219,60.681,1.875,9.428,-30.934,-7.071,1.594,-10.731,-8.626,10.122
38.619,26.571,-48.602,43.059,23.246,-54.559,-25.484,-17.738,-11.561,0.627,-24.953,11.96
39.011,31.548,5.283,-16.47,-22.122,18.724,-23.165,-11.459,-5.262,-4.998,32.194,11.337
41.119,21.806,-12.097,34.446,-25.849,2.528,-15.406,-14.51,-14.055,-11.204,-9.262,5.545
41.727,53.314,-17.135,4.806,-10.499,44.815,1.192,-4.421,7.044,-25.739,3.181,17.832
44.247,39.484,-17.902,26.233,-0.717,21.521,-39.883,-13.739,11.18,-10.719,-8.676,4.665
40.096,48.925,-10.088,48.194,-1.89,39.718,-15.268,-36.757,-18.502,-7.143,-53.013,25.592
41.144,53.025,-7.486,52.803,52.389,25.125,-36.926,-32.83,-19.532,-1.466,-11.216,-0.64
43.947,104.26,-29.772,-17.747,13.787,0.09,-29.414,30.004,-8.725,6.631,-16.44,21.176
46.5,5.277,42.64,-7.106,58.771,89.841,15.128,6.204,-0.439,4.35,-3.995,3.312
45.967,7.07,48.639,44.43,39.733,39.023,2.328,30.74,8.896,-19.302,-30.197,11.722
45.483,4.724,48.436,-48.117,28.779,20.587,31.738,-8.141,6.076,36.9,9.886,-4.343
44.713,40.414,59.444,109.261,60.403,-42.527,-8.627,0.786,7.545,19.977,-60.776,8.449
43.294,-30.726,66.346,-71.862,20.655,23.245,14.225,16.512,-38.598,14.816,-5.341,11.009
41.393,37.722,-61.164,72.871,-20.162,-24.612,-33.441,-29.243,4.504,0.275,-49.28,13.88
38.291,33.067,-52.343,69.98,-24.334,-26.635,-30.203,-25.503,-9.346,5.325,-35.236,16.258
42.881,33.762,-29.725,56.554,4.747,30.901,-34.376,-6.683,10.039,-10.757,7.302,-4.365
39.566,28.206,-15.759,33.879,-7.024,-35.463,-43.512,-12.884,9.776,1.353,-21.175,3.528
37.543,35.435,1.294,-11.882,-22.793,-29.272,-39.793,-19.4,-9.798,2.764,7.066,17.527
40.679,18.715,-29.569,65.118,-31.263,-35.26,-29.755,-6.86,-16.769,3.003,-23.477,10.358
41.004,36.159,-9.809,22.742,-9.072,15.202,-16.379,-14.725,-1.672,-3.244,-5.152,10.767
40.146,44.085,9.194,-52.28,22.368,40.207,-36.563,-8.09,2.104,-3.478,-52.375,22.282
39.577,43.465,-18.506,33.146,6.923,45.007,-25.626,-27.931,-5.328,2.999,-45.072,26.0
39.415,54.314,-31.521,68.362,36.884,41.656,-26.283,-26.448,-18.905,-28.189,-3.841,8.485
44.112,58.577,-18.746,37.98,46.661,-25.146,-46.804,36.064,-7.322,33.874,-28.667,3.289
46.84,19.636,33.998,34.884,51.932,48.941,6.104,-0.024,9.844,16.463,-5.102,12.268
47.101,11.016,88.33,-8.14,55.759,27.619,37.849,2.398,2.831,13.988,16.149,13.368
41.857,1.513,-37.889,148.568,33.079,-60.27,-6.815,49.791,18.868,3.356,-46.487,22.485
39.031,58.32,2.769,45.19,19.983,46.188,-18.972,-34.25,-11.502,29.968,-4.545,9.966
47.563,25.042,60.446,15.28,61.348,14.042,7.542,-14.503,6.286,29.534,-5.471,8.084
42.553,25.555,61.842,-107.91,12.244,-9.368,17.6,-48.637,-3.092,-2.837,-14.14,-0.855
48.494,-2.051,89.77,14.089,71.909,-19.35,55.807,3.834,24.272,-1.881,-7.265,-6.354
49.262,-6.537,71.434,35.174,57.939,-48.186,39.23,-10.904,6.117,10.054,-2.02,-3.703
47.662,-31.707,89.957,24.138,64.315,-54.027,52.75,-4.462,18.576,3.687,-6.381,-3.033
48.533,-25.385,80.655,26.718,60.028,-28.983,57.554,9.965,27.615,-7.286,2.521,-8.301
47.757,-20.742,94.942,22.679,69.058,-48.981,53.833,12.289,19.634,20.255,3.996,-6.943
49.778,-4.119,67.901,44.717,66.847,-24.72,32.083,-19.682,23.626,-0.132,0.836,2.114
47.312,13.817,66.973,41.266,62.469,-25.103,21.511,-4.863,11.521,2.977,-40.358,6.722
45.398,20.349,44.102,-0.199,70.885,3.116,-5.787,13.391,15.259,-16.99,-29.36,14.555
45.299,16.002,16.226,-39.767,31.66,29.803,-7.875,-21.401,15.246,-11.893,-18.016,7.406
48.713,-38.432,94.327,-39.85,78.739,-25.157,9.36,36.49,13.819,5.074,5.892,-8.663
50.177,-12.81,77.66,44.488,78.153,-49.383,-3.811,-18.516,29.309,15.227,-9.655,-22.828
54.517,54.639,23.152,-37.222,21.057,-14.923,1.933,23.944,37.552,-19.056,8.129,-30.005
54.406,56.771,9.498,-25.663,6.161,-18.579,-31.812,3.859,-0.844,1.282,-9.916,-13.227
53.307,56.954,-0.876,-10.89,-18.06,-27.65,-34.183,7.55,0.247,-4.136,-4.66,8.554
54.462,47.85,35.029,-23.234,12.826,-0.95,6.137,24.804,10.566,8.425,0.874,-0.084
53.682,70.408,15.292,-51.062,-16.297,-14.064,-5.902,-1.134,-1.564,8.328,-6.943,-6.05
55.222,39.302,35.871,-4.948,-8.124,-31.679,9.565,14.897,11.031,0.476,-16.431,-21.018
54.657,75.085,-2.31,-18.811,-14.763,-34.176,-29.95,4.279,-5.619,4.506,8.201,-2.721
54.787,63.714,30.696,-31.696,-1.982,-16.452,-5.596,-2.72,4.281,16.48,-9.785,-13.445
55.389,34.552,31.216,-20.758,15.957,-39.921,2.707,-4.167,19.72,19.788,-17.105,-14.8
55.335,51.844,26.93,-30.765,25.334,-19.131,-23.404,10.738,22.266,3.554,6.268,-21.273
54.645,70.804,2.661,-33.614,12.539,-21.718,-28.023,5.553,8.443,16.998,-18.253,5.013
54.031,88.714,-16.725,-7.339,-15.537,-29.619,-38.202,11.595,0.345,-6.536,8.421,-2.151
53.061,110.744,-11.024,-19.271,-36.55,-11.503,-12.12,-2.849,-6.189,-2.27,-10.026,-2.784
52.65,75.202,-16.873,-19.349,-38.399,-41.9,-16.105,2.506,-3.824,4.662,-0.978,7.07
54.803,86.075,26.085,-25.72,8.304,-10.538,18.627,-5.468,-0.036,4.552,-3.434,19.49
53.409,81.008,4.747,-45.266,-37.175,-15.635,-28.6,2.653,-5.463,11.321,-6.66,-6.225
54.927,38.571,37.885,-21.474,-10.255,-26.64,23.351,5.3,-0.504,19.824,2.893,-13.142
55.317,58.533,15.81,4.514,5.98,-41.25,-1.791,32.369,-0.887,-3.566,-12.623,17.454
54.792,69.88,26.68,-10.348,-21.539,-27.51,-11.77,-3.16,2.47,9.277,-11.795,-27.848
55.373,55.625,55.006,-10.976,19.052,-23.555,12.085,-1.418,9.015,0.206,-10.176,-15.891
56.336,49.509,23.347,-31.826,17.532,-40.284,-23.801,2.555,27.512,-5.243,-3.563,-21.615
55.074,55.215,3.356,-27.277,14.848,-33.232,-37.952,9.449,22.773,2.937,-15.76,-25.931
54.177,82.757,-7.376,-19.837,-15.007,-36.926,-44.861,0.513,-5.408,-16.398,0.955,5.031
52.437,98.284,4.015,-39.131,-35.199,-22.604,-22.789,-0.555,1.68,0.766,-4.87,6.278
55.016,58.401,34.146,-45.534,11.417,-22.411,-8.531,20.457,6.302,18.563,1.763,-6.201
55.363,85.533,17.816,-14.852,11.156,-31.206,-17.231,3.913,13.953,2.837,-11.366,-5.603
55.92,54.992,44.628,-7.418,-2.595,-48.178,16.249,1.895,4.36,5.266,-7.679,-11.539
55.83,55.209,25.391,-10.545,15.848,-40.008,6.181,16.513,3.847,-8.03,-10.046,8.754
54.971,61.644,13.832,-14.642,-5.068,-40.008,-22.702,10.707,1.708,29.702,-6.839,-15.05
54.674,34.069,21.878,-24.872,-9.121,-39.503,-28.204,-5.011,7.274,7.957,-14.118,-21.936
54.927,75.284,-0.533,-23.935,-12.071,-37.571,-43.987,29.613,9.251,-6.666,6.762,-13.716
55.708,76.022,44.244,-5.657,-3.965,-5.577,14.05,11.914,9.309,14.956,-2.189,-2.602
55.122,75.814,2.665,-12.364,-11.306,-34.702,-23.87,9.243,-1.54,-8.899,-0.57,4.771
55.392,52.489,39.991,-2.159,-5.844,-35.957,18.007,14.393,2.283,5.066,-11.515,-7.092
55.427,60.755,22.498,-13.86,-2.601,-33.385,-15.604,6.589,7.35,-3.53,-5.966,-4.475
56.122,72.176,47.014,-13.816,0.543,-21.992,7.674,36.778,12.788,6.616,-8.052,-25.947
54.988,76.522,17.012,-26.017,6.559,-25.833,-18.949,-5.215,7.249,22.095,-8.305,-28.377
55.184,117.167,-15.958,-25.519,-10.271,-21.245,-25.968,25.751,3.867,-19.098,4.987,-1.554
55.748,61.362,34.847,-3.939,5.395,-29.209,-4.678,-0.27,-0.172,16.947,-7.216,-7.388
55.227,41.228,33.641,-8.162,-3.894,-47.265,5.597,3.085,13.09,25.927,-8.861,-2.613
54.88,54.821,27.089,-16.824,-6.333,-25.784,2.328,36.543,9.782,-2.535,-10.901,-8.584
54.038,89.95,22.103,-24.086,-15.305,-20.505,-35.845,-7.807,1.41,5.944,-6.575,-9.939
54.651,101.255,21.113,-32.94,-12.792,-25.483,-8.667,-17.619,4.417,-17.793,-14.935,-2.289
54.496,83.354,11.725,-14.733,-5.722,-49.793,-33.291,19.98,-6.046,-9.911,7.132,7.203
53.588,96.342,22.362,-12.09,-3.495,-26.298,-16.63,-8.185,-4.505,8.326,-3.903,-6.491
53.108,85.352,36.029,-27.292,-12.182,-28.548,-11.966,11.804,0.165,1.332,-4.77,-2.794
53.175,92.91,25.371,-11.949,-22.765,-25.065,-6.886,1.943,-2.517,17.79,-2.201,-4.0
54.112,94.937,19.125,-25.917,-10.653,-11.456,-16.848,20.956,-1.684,13.379,-3.114,-3.493
53.294,104.405,23.628,-10.583,-20.845,-32.369,-10.2,-14.014,-2.649,13.676,-7.062,-2.138
54.182,83.212,25.847,-16.407,-25.313,-39.734,-6.858,0.272,3.403,8.6,0.526,-10.846
54.269,78.7,16.727,-15.491,-19.46,-36.61,-33.284,6.923,-11.039,-16.703,-0.837,-1.661
55.66,72.897,36.402,-22.927,0.128,-27.744,-7.03,12.999,-7.168,26.379,-7.102,-8.334
56.211,79.554,29.751,-31.931,-16.794,-35.584,-17.125,5.458,-11.848,-3.327,3.064,-4.043
55.821,67.569,38.222,-14.751,-3.109,-33.134,0.016,-9.25,-10.179,11.051,-1.948,5.079
56.036,55.193,41.228,-10.548,-0.843,-40.642,16.189,15.245,6.224,-4.888,-8.96,9.951
56.122,108.978,36.86,-4.583,16.027,-44.361,7.521,-1.995,5.112,9.327,-9.123,-10.968
55.569,96.456,17.649,2.543,-7.175,-45.992,-6.478,-4.793,10.244,23.142,-16.868,-2.294
55.763,82.068,14.992,-14.486,-14.849,-37.233,-35.805,-5.42,-0.061,10.092,10.379,-0.698
55.468,81.278,14.217,-13.693,-25.148,-30.788,-16.006,-6.003,-0.569,3.23,-4.634,0.143
55.057,74.183,-9.477,-21.459,-20.534,-41.11,-32.583,3.521,-4.193,-14.032,4.503,-2.099
54.525,87.379,6.2,-34.343,-22.625,-25.034,-21.358,-7.974,-12.17,3.81,-3.202,-3.506
54.239,92.114,11.906,-14.842,-35.334,-28.836,-11.257,-6.497,-1.217,7.048,-6.438,3.305
54.198,64.553,19.7,-30.504,-29.415,-28.045,-10.441,9.699,1.517,4.986,-0.65,-1.819
54.736,92.387,14.867,-33.43,-23.623,-32.424,-32.473,-7.384,1.768,-1.213,-8.029,-8.464
54.46,98.528,25.745,-40.356,-29.342,-22.706,-23.653,-5.583,-7.381,15.286,-5.277,-2.994
56.111,88.468,32.815,-32.083,-1.384,-27.63,-23.356,-15.588,-1.775,11.751,-4.064,-11.175
56.541,76.302,35.525,-9.807,-2.338,-33.681,19.993,10.103,8.905,-7.933,-8.758,-8.472
54.917,81.987,24.735,-22.805,-14.418,-27.072,-16.385,0.891,1.178,9.518,-5.497,1.662
54.733,77.049,2.474,-29.173,-24.116,-31.054,-34.66,10.23,-8.81,8.995,1.007,-2.731
54.914,81.651,5.207,-25.203,-16.996,-43.84,-27.102,3.342,-10.487,-18.006,2.035,1.454
54.862,75.74,18.456,-20.543,-24.737,-27.946,-24.132,9.338,-2.41,1.806,0.75,-6.304
55.398,114.222,-5.364,-5.294,-18.611,-43.134,-23.081,-33.154,-9.872,11.563,-0.449,-4.115
54.691,75.312,29.774,-27.495,-20.857,-16.584,-27.171,-5.409,-4.577,7.681,-1.253,4.24
56.466,68.241,20.197,-21.965,-0.409,-35.255,-18.562,3.577,2.42,-3.622,-7.576,-4.227
55.248,88.467,7.939,-25.737,-13.302,-31.214,-31.084,19.854,-8.356,-24.777,5.011,3.171
54.694,85.805,27.826,-22.237,-7.167,-29.455,-9.891,0.728,-7.994,-1.606,-4.064,12.61
54.658,91.205,1.26,-20.67,-20.952,-29.62,-24.879,-16.351,-7.638,-2.747,1.567,-11.139
54.509,81.239,20.305,-22.511,-14.34,-15.683,-28.647,-3.4,10.034,-8.527,-10.164,7.307
55.509,75.781,10.239,-21.881,-16.813,-36.847,-31.554,3.058,-4.717,-5.225,-7.065,-0.218
53.248,79.749,10.043,-21.847,-31.687,-18.475,-22.168,-9.511,-1.822,6.597,-11.532,-8.533
54.601,72.39,15.192,-29.569,-24.636,-23.335,-23.294,6.186,-4.149,7.624,10.484,0.144
55.271,84.316,12.102,-10.357,-25.136,-40.156,-25.339,-0.226,3.714,6.812,-1.844,11.415
56.339,87.632,27.117,-26.232,4.225,-30.099,-27.474,3.002,-8.73,17.593,5.75,-8.055
56.168,94.625,43.254,-12.826,-6.197,-35.956,-8.7,2.692,-13.004,9.944,-11.4,-2.517
54.862,69.947,17.227,-18.902,-17.751,-30.104,-20.232,2.367,-3.574,-5.82,1.728,6.24
54.195,74.813,8.334,-23.672,-24.897,-36.547,-20.847,-8.869,-8.926,-8.633,-9.374,2.255
54.553,75.903,14.988,-24.776,-16.401,-6.138,-26.239,7.071,-9.523,-10.231,9.242,3.314
54.817,77.419,13.04,-22.246,-17.192,-33.419,-25.215,1.861,-7.288,9.453,-3.374,-3.998
54.033,78.865,12.412,-13.589,-37.012,-30.478,-18.579,6.801,1.007,9.726,-13.315,-7.374
53.673,75.299,6.953,-31.702,-35.15,-30.375,-20.936,-19.062,-4.858,7.124,-5.806,3.878
55.09,79.399,8.303,-29.875,-23.291,-42.791,-29.324,3.753,2.063,-10.019,2.632,4.888
54.802,81.579,16.414,-37.944,-27.91,-29.336,-22.076,1.36,-1.569,0.652,-1.715,-7.956
55.813,96.085,13.946,-25.958,-6.082,-21.454,-12.51,-16.252,7.133,11.165,-14.528,15.825
35.941,130.458,-151.218,400.057,6.371,-24.09,-96.94,84.097,5.032,-44.143,-135.021,2.921
