0.005,171.111,9.413,-28.62,57.323,-50.123,14.93,5.315,-27.165,1.033,-10.6,-7.289
37.127,29.277,-123.742,200.903,10.191,142.723,31.906,-5.505,-13.524,57.448,57.484,-19.236
47.703,27.523,-16.674,10.808,-6.834,74.405,59.978,-6.699,11.122,-6.496,58.48,-18.401
43.9,63.581,120.723,19.95,5.576,-29.143,90.488,18.43,19.893,10.843,-1.813,4.469
42.472,38.275,97.196,56.865,-0.371,-12.607,81.583,3.413,1.1,14.727,-47.476,12.87
45.905,21.44,-72.495,67.844,-0.552,31.627,33.145,-0.802,4.18,-10.698,7.993,-4.241
34.03,66.461,-18.123,-3.339,15.523,-62.377,62.206,42.915,6.538,-0.228,7.456,32.294
42.05,44.698,-102.098,103.67,10.386,63.756,12.837,50.154,15.208,-15.56,-16.759,-1.622
43.241,65.834,40.335,-51.844,15.016,121.672,81.841,13.178,4.266,47.999,4.745,-4.809
48.178,39.138,19.302,6.186,-9.83,28.172,56.339,-11.838,-2.801,-0.42,-28.254,2.197
41.93,-19.531,37.156,60.693,-31.872,-42.989,56.728,42.451,4.312,-20.166,-9.638,7.271
40.759,3.193,-47.546,89.356,4.928,65.742,59.065,35.606,6.493,-34.23,-25.546,5.796
50.368,12.637,80.629,-63.55,43.78,137.977,86.161,-28.995,-2.16,29.592,10.233,-54.833
54.239,71.763,129.42,30.466,-29.045,2.523,46.806,-3.902,-27.528,-28.851,-20.676,-39.876
54.515,85.333,211.913,49.637,23.363,-11.622,50.091,40.505,-28.023,-3.036,0.442,-41.865
53.221,159.862,195.15,68.826,23.832,-5.265,18.043,11.127,-4.709,-5.318,-44.007,-57.885
55.645,69.575,92.582,6.851,-15.259,-0.042,51.24,1.944,-15.876,0.757,0.727,-46.895
54.012,56.452,204.359,42.959,53.873,-7.405,27.566,40.993,-0.551,-11.003,-6.647,-57.628
53.629,126.536,174.422,61.869,36.974,-27.901,-1.851,-14.343,8.48,7.372,-35.763,-64.659
54.28,-9.215,69.081,66.635,32.879,-55.67,60.453,-38.697,-15.102,32.316,2.807,-32.257
49.086,-18.223,143.925,84.101,82.601,-7.766,27.827,36.401,9.738,-9.834,-37.417,-21.581
50.903,146.425,137.093,-15.45,58.356,1.573,53.877,-82.935,-13.242,19.569,12.053,-15.913
55.744,64.852,88.566,63.803,-23.211,-14.654,38.186,-28.641,-45.727,12.495,-35.147,-23.733
53.814,63.183,178.558,18.222,35.385,5.795,5.659,53.507,-5.066,-32.75,10.764,-45.492
54.62,29.721,40.276,57.054,-11.535,-9.865,11.246,-30.083,-18.057,9.267,-42.955,-40.018
52.07,92.162,17.51,71.871,21.454,-38.676,-1.961,107.639,4.745,2.596,-2.444,-30.794
53.181,33.899,160.695,68.807,78.728,-27.169,50.166,13.474,-14.931,59.427,3.995,-15.372
51.719,43.046,168.651,29.277,112.097,-23.158,34.137,-0.593,15.214,4.312,-6.63,-6.558
55.563,-6.465,84.366,12.017,13.382,-14.543,63.878,3.522,-15.793,-1.365,-2.185,-16.551
56.272,108.587,81.464,18.119,-19.788,-19.723,19.312,45.409,12.888,-18.948,-16.969,-36.019
52.606,64.46,156.916,58.939,45.043,24.392,42.428,21.738,-8.837,6.604,-39.565,-28.172
51.625,52.284,195.34,75.75,80.495,10.005,45.895,17.247,-14.576,35.249,22.043,-34.997
51.888,38.016,176.962,48.818,113.279,-33.397,52.287,0.406,18.957,4.654,-11.824,1.131
54.383,-3.212,62.358,12.84,44.798,-42.798,70.359,-2.746,23.623,0.426,5.546,-6.189
54.531,0.693,130.535,55.191,4.894,-59.788,77.672,19.092,-6.658,-2.085,-8.961,-22.432
52.251,17.647,140.659,61.806,31.866,-14.303,60.841,11.471,-2.613,-21.726,-44.396,-19.654
49.684,-36.807,186.353,55.274,73.084,-24.842,57.639,9.425,-4.947,4.19,-3.328,-22.566
50.51,23.103,180.47,75.402,51.404,-17.745,54.611,46.327,-9.142,-19.451,-26.773,-28.268
51.369,82.693,190.34,29.745,37.966,15.854,21.945,-14.455,-33.361,-3.026,-28.109,-41.0
55.01,31.856,59.716,10.391,1.722,-10.918,64.307,-17.954,-23.347,-6.791,8.237,-3.041
54.946,5.508,74.263,15.483,-6.527,-55.276,66.967,12.277,-44.066,-4.429,-6.877,11.992
54.471,15.986,90.962,18.926,-1.68,-34.375,62.182,24.398,-18.391,-4.538,-14.796,-12.116
54.231,-5.972,70.784,-17.952,14.582,-34.221,48.359,5.922,-12.503,-3.766,-12.391,-28.34
55.437,41.806,76.485,30.38,-24.617,-17.638,42.77,-17.856,-31.607,3.918,-2.137,-43.492
54.491,-12.549,108.598,20.349,18.043,-22.887,54.567,16.428,-11.698,10.811,-31.876,-43.5
55.756,67.66,83.023,7.19,-22.785,4.328,26.051,-6.852,9.801,-3.669,-14.411,-56.879
56.651,-0.969,80.898,16.871,4.47,-45.088,48.023,-10.618,-2.644,14.872,-2.797,-55.643
55.964,3.425,96.443,48.841,-12.92,-30.137,39.209,-13.211,1.83,0.056,-26.042,-56.471
56.224,59.284,100.487,42.084,-27.065,-17.231,36.05,-16.537,-13.905,-5.462,-47.738,-42.337
55.637,23.458,118.408,38.601,-2.956,-0.439,63.384,6.162,-1.785,-21.419,-12.502,-33.504
54.052,-26.57,65.789,33.964,38.125,-34.405,89.221,-20.319,26.182,-13.214,2.12,-12.263
54.721,7.071,124.261,-29.038,21.507,-32.431,78.406,47.804,38.714,-10.608,8.341,-12.179
55.395,67.808,86.786,68.49,-18.124,-15.411,50.226,11.635,2.015,-19.819,-45.706,-3.111
55.465,85.469,104.818,17.907,-29.921,1.767,71.951,-18.906,-36.958,6.243,-7.159,1.199
56.245,58.467,89.48,42.913,-42.035,-43.368,55.837,-10.613,-31.831,1.75,-12.759,-8.079
55.316,40.465,92.917,17.915,-24.093,-31.569,62.551,6.65,-17.054,3.755,-24.367,1.36
56.352,81.144,94.319,20.175,-37.7,-9.816,43.546,-29.349,-15.225,-1.35,-29.704,-36.671
55.871,6.158,130.436,29.851,-9.667,-30.066,66.096,0.647,-19.043,-4.386,-9.304,-29.185
55.185,4.719,83.243,56.272,-13.286,-24.121,28.103,3.023,-12.702,-4.087,-33.891,-44.87
51.019,-6.138,107.484,46.253,15.904,-10.677,50.207,24.798,-10.25,2.175,-49.916,-4.848
44.453,193.501,140.133,-76.547,16.723,19.415,74.121,101.233,20.243,-62.128,6.131,-5.373
52.975,66.768,179.907,99.808,66.463,-7.707,41.625,-16.717,-32.058,83.305,-26.509,-28.018
49.875,112.814,168.481,119.743,37.95,10.03,41.143,78.169,-6.023,-27.941,-46.511,-30.366
51.394,24.977,186.449,72.411,83.374,32.204,0.47,7.404,-30.802,47.243,-9.64,-46.787
50.701,51.724,214.68,69.871,72.942,1.913,43.697,-14.3,-32.762,17.919,10.143,-9.241
51.582,6.63,228.91,72.902,88.109,-30.705,7.941,-12.521,-39.784,6.722,12.938,-3.508
52.317,55.325,238.602,87.132,89.77,-14.178,6.163,9.318,-22.962,-32.195,-11.01,-25.369
46.745,3.551,181.766,132.755,125.685,-8.374,-6.306,21.43,8.152,-14.425,-32.227,-2.27
39.864,151.027,190.123,48.324,77.175,-20.769,44.787,29.995,-1.024,-27.71,-15.169,-29.604
55.857,17.405,62.557,10.437,30.606,-8.046,46.826,3.093,-26.163,29.71,2.694,0.801
55.811,12.864,76.126,34.165,0.722,-40.482,75.065,-1.658,-40.808,-14.165,8.688,17.251
54.557,13.608,73.244,34.059,-2.412,-21.709,65.914,32.282,-20.976,-17.517,-23.487,-9.747
51.338,32.364,-10.679,23.63,-7.413,-31.228,27.536,-24.708,3.803,5.112,-2.653,1.178
47.265,-53.846,3.723,-5.97,-1.654,-66.456,42.773,-18.651,3.042,29.919,-17.941,12.484
47.343,-92.674,7.978,0.677,3.411,-76.177,59.1,-8.783,4.611,38.147,-15.069,17.574
47.12,-103.252,32.067,-25.901,4.355,-39.056,68.656,9.068,18.502,-8.123,-9.247,16.811
48.434,-94.835,32.365,13.628,7.416,-38.672,76.244,-9.985,6.025,-4.37,-10.109,19.975
48.61,-67.372,19.526,25.318,14.467,-50.98,64.03,1.282,2.246,10.189,-34.97,28.757
47.451,-31.49,-8.694,-20.611,59.332,-48.231,87.946,-5.413,-9.267,-15.834,-4.285,10.192
47.529,-82.467,18.417,25.836,28.767,-77.4,79.189,-33.036,-28.896,14.141,-10.017,20.997
47.508,-96.001,37.034,1.019,27.46,-73.579,86.331,-11.326,-35.706,16.998,-5.253,20.046
46.929,-79.233,22.468,-5.65,29.176,-46.451,72.569,51.832,-19.777,-11.178,-16.477,17.649
43.762,-0.674,-61.708,-46.692,8.618,-19.714,15.885,2.874,-12.501,-15.656,-18.834,14.472
41.762,-56.6,-67.857,28.563,3.833,-22.115,34.487,-62.24,-2.728,-10.518,-32.361,16.985
37.716,-173.669,24.087,-54.008,-7.703,-47.393,58.699,10.726,11.099,-7.397,9.864,8.917
44.322,-104.134,79.617,-72.363,8.851,-22.499,78.56,32.954,8.516,-22.273,1.738,15.596
49.857,-55.593,61.488,-12.803,9.988,-15.549,58.359,25.952,5.58,-17.764,-29.452,0.725
42.959,-23.23,56.202,-112.874,2.318,2.93,60.573,107.797,15.69,-38.33,-5.978,23.129
48.825,20.975,64.803,-45.702,18.784,3.67,47.698,-0.067,26.766,5.389,6.064,-12.822
51.567,107.325,31.363,24.732,35.372,-13.987,31.532,-44.872,17.859,-7.649,-39.529,-18.535
41.629,-43.12,50.397,18.141,49.298,-76.415,65.645,-23.099,-14.994,34.625,-17.221,-1.924
48.056,32.52,109.245,-46.401,53.057,14.935,55.693,6.465,43.113,-39.936,-2.904,-18.961
51.303,64.996,161.006,14.847,30.415,-17.051,62.515,24.898,-11.248,-20.176,4.575,-17.401
51.788,103.78,149.609,54.39,58.603,-39.77,64.682,-6.42,-30.361,-15.306,-12.302,-18.352
48.691,100.293,138.255,57.069,37.94,-24.542,43.865,13.911,-15.853,-4.18,-31.761,-12.793
48.06,53.929,142.071,10.762,87.362,-21.105,38.453,-36.358,1.017,18.621,-26.785,-9.637
48.974,4.065,141.514,34.72,94.193,-33.119,9.363,17.762,8.828,2.682,-10.329,-16.569
48.935,89.966,123.539,59.978,112.475,-16.782,23.505,25.088,45.107,-34.645,-8.013,-8.383
49.643,87.435,163.611,51.012,94.014,7.936,49.474,-18.359,1.32,7.696,-31.556,1.528
44.756,75.429,150.908,7.486,54.497,-25.34,16.725,-8.013,-24.585,-6.825,-1.053,-12.73
47.14,78.682,164.682,46.972,92.896,-42.157,-22.68,26.853,2.353,-1.328,-5.665,-26.421
45.757,80.371,154.621,37.6,105.145,-4.454,-3.374,-0.511,-28.837,4.687,-2.735,-26.732
48.955,8.448,168.364,30.142,124.818,-29.649,-20.421,4.054,-12.203,10.525,11.429,-22.322
51.496,49.325,174.803,29.829,138.84,-34.284,-10.801,-4.239,9.117,-6.41,8.789,-0.916
52.819,96.926,194.654,79.34,112.879,-28.986,3.114,-32.416,-15.501,11.659,-0.72,15.819
51.515,76.234,204.144,93.69,80.669,-17.42,36.281,-18.475,-34.924,14.132,-11.927,3.997
51.298,86.381,143.693,-13.813,117.684,-44.153,15.558,56.682,14.628,-33.248,-0.75,0.331
53.877,69.726,187.52,54.935,51.3,-35.065,7.022,22.993,-28.782,-10.54,12.572,-21.384
55.098,63.514,124.611,32.264,13.333,-21.211,75.15,-1.46,-43.347,7.447,3.216,-4.19
55.089,24.237,115.345,30.067,-18.713,-30.485,67.586,5.858,-32.528,-2.126,-9.731,2.52
55.254,17.585,61.491,22.093,7.78,-31.088,24.16,6.927,-4.797,10.271,4.278,-21.25
54.606,1.26,74.88,3.421,21.932,-40.986,13.723,10.518,7.808,13.55,-13.803,-34.838
52.892,33.2,36.613,-4.033,-22.692,-29.081,23.492,5.707,-17.863,-1.515,-14.723,-12.916
54.16,52.255,21.081,-3.672,-9.223,-55.176,3.212,-4.263,-16.399,4.829,-13.765,3.105
51.947,35.366,37.758,-5.928,2.298,-33.933,13.358,4.103,3.026,-5.962,-7.696,-4.462
53.242,58.166,51.817,-5.074,-10.579,-35.079,18.55,-6.288,-7.056,6.857,-3.588,-10.933
54.089,42.34,12.482,-8.109,-4.344,-60.712,-0.373,6.526,-20.366,4.847,-14.78,3.218
52.863,44.73,55.466,-16.416,-8.722,-27.773,7.55,-0.957,-12.535,-1.508,-6.118,-3.15
53.148,37.21,31.794,-9.451,-15.052,-28.25,11.391,4.152,-4.563,-0.75,-6.733,-13.225
54.159,44.805,13.76,-5.462,-22.545,-43.739,13.654,-3.948,7.524,14.723,2.004,-9.993
53.816,50.74,10.973,-15.717,-21.211,-25.628,8.265,-13.945,4.878,12.054,-4.524,-9.258
53.534,37.4,13.086,-17.478,-3.359,-11.014,27.508,4.212,11.159,-6.484,-7.997,-0.993
52.435,29.264,11.057,-22.887,-22.545,-19.397,24.188,6.197,14.061,-1.835,-14.228,-5.979
52.363,38.497,3.917,-6.463,-19.523,-18.957,14.928,-6.018,7.04,3.801,-10.149,-5.967
49.968,10.774,-7.446,18.797,-17.476,-51.576,34.677,-6.002,7.878,8.21,-2.704,3.707
48.006,22.783,46.135,-29.515,8.178,-23.0,30.301,74.852,10.394,-9.016,-28.611,-9.0
47.82,9.66,144.739,26.802,83.521,-7.677,70.433,-38.769,-21.531,36.948,10.045,-22.3
46.703,-59.25,91.938,96.9,41.756,-31.125,36.395,1.14,-0.693,-6.639,-38.564,-15.803
48.316,-22.972,89.985,-45.144,25.837,45.04,90.286,62.033,5.362,-35.576,-5.7,-16.262
47.9,145.155,170.128,0.943,62.392,-33.62,65.161,47.09,-13.401,-11.333,-7.825,-29.346
50.325,107.004,60.463,29.24,30.672,-17.262,52.182,-54.874,-21.952,37.666,-44.926,-0.638
47.444,-36.083,55.227,-19.879,78.111,-40.957,55.576,16.019,38.736,-2.125,-11.688,-24.636
49.269,40.006,137.951,-17.39,72.538,-10.954,14.924,20.48,2.489,-17.205,-6.685,-20.634
49.405,73.444,8.385,37.496,57.59,-35.956,73.495,-67.534,-5.168,-15.8,-47.634,1.978
53.38,-8.888,43.195,-26.457,5.281,10.062,39.819,-0.98,20.958,-1.98,18.984,-34.839
54.019,35.375,75.158,31.814,9.135,-20.791,14.05,-14.104,28.26,-0.761,-23.004,-33.427
51.135,96.41,117.889,37.388,124.395,-45.714,22.592,-2.39,-4.58,-11.782,-15.011,-14.847
51.763,138.484,169.046,44.306,100.737,-17.205,24.865,0.11,-5.293,-14.888,-17.783,-15.123
52.398,38.673,42.965,-2.354,-4.768,-18.328,51.494,10.835,-7.595,-3.554,-9.524,-0.853
51.811,32.784,109.917,17.502,75.82,-36.989,68.654,20.793,21.11,20.324,-15.812,-13.01
52.508,111.189,170.611,49.391,103.774,-18.305,56.712,-9.915,40.302,-11.033,-24.425,-1.273
51.223,31.636,112.374,105.645,18.761,-42.313,67.067,-17.511,-24.1,29.316,-25.065,13.818
51.476,20.49,100.296,-39.095,-16.826,-18.278,58.582,43.712,-3.127,3.799,-4.395,-4.807
51.763,70.635,208.315,58.56,49.642,-5.936,36.487,34.031,-27.766,-9.493,-24.885,3.942
51.302,81.479,165.225,26.657,48.059,14.52,-25.845,19.781,-14.847,-5.128,-14.946,-25.677
53.653,63.789,62.285,-12.067,-13.648,6.18,57.288,-13.899,-13.887,1.246,-18.208,-21.312
53.449,128.732,184.424,56.425,-0.035,-49.352,20.338,5.202,-54.467,-9.673,-1.826,-21.177
53.227,143.142,171.467,71.208,3.7,-12.322,3.966,-10.23,-77.676,-11.356,-14.498,-2.535
54.955,94.853,131.291,30.869,-19.419,-0.646,45.254,-20.926,-57.751,-3.324,-16.152,0.638
55.569,93.406,62.966,25.941,-21.765,-18.688,20.152,-16.267,15.062,5.319,-25.839,-13.452
53.72,59.029,118.469,12.649,17.648,-26.682,45.85,-1.604,-13.922,2.921,-16.227,-20.196
54.214,10.047,121.084,13.829,49.294,-52.19,94.007,32.176,-8.944,-1.336,-8.494,3.221
54.639,-11.298,69.681,6.062,48.807,-48.87,88.747,16.691,2.217,-2.53,1.04,8.668
55.645,9.845,74.089,17.338,35.509,-42.974,76.218,10.741,8.214,4.172,16.751,27.971
54.606,-3.903,68.426,19.031,10.688,-35.193,67.697,17.42,-0.742,-3.307,-19.281,21.83
54.083,-7.615,91.495,9.045,4.827,-39.293,80.6,21.667,-4.131,-7.777,-4.888,20.691
54.536,14.579,100.572,21.517,6.582,-51.679,74.647,10.104,-19.146,4.553,-6.975,18.171
55.306,28.769,72.714,12.154,2.655,-50.312,56.351,11.742,-24.526,-12.719,-8.629,42.341
54.78,28.35,95.513,14.028,0.446,-43.946,69.072,18.666,-22.897,3.995,-0.659,24.966
54.83,50.799,92.746,2.137,-3.707,-33.637,68.02,12.888,-39.449,-13.492,-1.374,29.31
55.312,34.067,67.27,17.364,-11.739,-50.629,65.429,12.42,-34.568,-2.517,7.775,20.861
55.626,32.016,72.127,10.221,-10.364,-35.398,70.726,17.057,-29.655,-8.022,-8.794,26.741
55.081,16.026,54.08,11.898,-11.641,-40.273,64.055,1.062,-20.168,4.177,-1.623,20.362
54.379,0.153,46.38,10.351,11.64,-47.402,59.621,-7.098,10.661,7.141,-2.115,3.636
55.306,13.552,38.228,4.199,27.285,-47.621,55.498,2.483,11.791,8.521,1.751,3.722
54.625,14.943,47.855,-4.362,12.813,-39.408,69.887,10.106,-17.517,-3.258,-18.146,-6.222
53.565,39.845,17.534,-18.363,26.437,-41.167,22.921,3.884,-11.882,3.208,-5.411,-19.39
56.136,26.854,35.753,-0.938,23.488,-50.512,32.057,-10.11,-7.458,25.154,-19.097,-44.063
56.246,53.377,68.429,9.5,-3.574,-13.679,43.916,-10.061,-46.989,-15.004,-0.335,-38.538
57.261,74.217,107.638,5.719,1.108,-46.601,49.324,29.434,-19.167,-8.878,-10.558,-41.168
57.635,112.99,62.916,23.027,-15.971,-29.478,4.714,-1.443,-4.231,-0.959,-21.722,-44.283
57.111,70.084,50.588,-9.257,4.549,-27.91,45.87,0.163,-22.113,1.666,-15.408,-32.592
57.121,70.453,71.892,15.796,24.221,-37.986,48.933,0.663,-29.457,-7.83,-21.411,-50.351
56.36,35.379,97.902,-1.376,23.948,-34.559,56.329,13.579,-21.862,-4.469,-16.74,-36.307
56.167,53.073,72.299,18.719,18.756,-35.604,40.545,-0.742,5.344,-11.686,-40.896,-33.373
54.662,8.64,58.568,9.824,66.379,-45.466,83.388,7.598,-4.566,-2.043,-24.549,-11.518
54.206,14.516,69.28,21.273,42.004,-35.305,57.46,28.497,2.502,-1.332,-18.9,0.012
53.761,112.438,-8.63,-49.487,34.494,-22.269,21.866,-48.883,-5.005,-20.362,-7.197,13.704
56.567,24.851,56.034,-4.824,24.02,-26.421,28.414,10.017,-22.102,-13.48,-7.417,4.998
55.003,-4.21,72.828,-53.444,6.155,-25.321,-5.258,39.072,-10.879,-4.747,4.413,-15.267
55.799,21.516,48.531,-14.388,4.395,-26.958,-3.787,8.568,-16.724,-3.433,-8.06,-31.396
54.321,83.362,14.942,-36.227,37.017,-4.535,35.767,47.648,4.964,-29.04,-19.859,-22.662
56.264,37.03,58.029,21.319,49.856,-39.9,59.959,3.141,-13.127,47.964,0.727,3.219
55.6,20.318,62.643,22.695,54.882,-42.856,72.326,9.607,16.895,8.809,-20.165,22.098
55.142,1.039,63.483,9.426,53.027,-37.88,54.173,-7.811,15.655,15.368,-7.069,12.737
56.398,18.198,36.255,-1.465,4.387,-45.305,62.599,-11.069,-29.985,6.13,1.066,-16.952
58.101,85.308,46.314,-17.507,-17.029,-17.719,28.214,7.948,14.981,-24.357,-14.079,-24.492
58.569,122.211,50.479,8.9,6.309,-20.094,-3.548,8.417,8.441,-4.842,-27.729,-6.143
56.033,38.907,64.986,31.173,34.091,-6.071,30.411,7.357,-5.115,2.259,-36.346,-2.379
55.591,23.652,83.161,25.331,55.424,-44.433,55.602,17.037,13.281,23.638,3.574,-9.222
56.377,28.994,43.761,-0.048,53.507,-44.227,48.45,10.649,25.546,4.587,-7.339,-4.78
56.41,31.194,68.66,21.108,39.033,-55.805,57.321,14.196,-1.005,11.642,-16.703,-5.117
55.717,21.643,69.334,17.177,25.025,-34.192,47.446,-3.538,-13.093,11.334,-12.521,-6.593
54.958,23.435,52.711,-21.947,7.694,-24.499,-0.622,7.291,-28.144,13.975,-8.396,-17.276
55.738,45.815,49.998,8.594,20.224,-30.129,54.586,-23.013,-13.439,3.205,-0.83,-0.749
55.878,25.611,29.078,3.253,9.191,-28.432,34.667,-24.485,-7.909,0.275,-10.602,-13.949
54.161,-19.964,38.486,21.046,25.317,-66.319,30.706,3.971,15.267,12.133,-11.489,-37.203
56.304,35.978,49.681,19.805,-4.525,-7.482,30.5,0.514,-28.358,-15.698,-3.491,-25.9
55.615,1.616,83.079,4.66,29.812,-30.367,44.152,25.144,-19.785,2.747,-20.427,-38.77
56.872,72.482,64.932,7.233,-12.311,-19.669,10.445,3.353,1.419,-3.624,-17.701,-42.888
56.774,37.96,54.138,-12.35,6.537,-35.035,44.668,6.001,-24.608,5.92,-9.394,-39.357
56.692,62.485,92.194,21.236,-20.47,-20.864,31.506,0.517,-22.135,-12.191,-20.329,-27.231
55.361,12.531,101.873,6.904,32.315,-12.78,52.629,23.537,-7.112,-4.068,-13.541,-29.692
55.044,1.553,60.34,10.604,36.605,-77.175,77.814,-1.668,13.609,35.759,-15.596,-0.226
56.415,44.636,89.096,-13.162,54.867,-34.723,71.68,24.434,32.629,-1.923,-5.012,-9.093
56.278,80.008,67.743,75.4,5.317,-24.784,37.44,3.636,6.957,-13.647,-45.466,1.464
56.623,112.066,50.461,-28.917,26.111,1.475,28.335,-15.829,-49.216,17.419,-7.648,-2.101
57.437,58.229,57.45,22.914,-1.326,-33.009,32.187,-2.81,-25.907,2.144,-15.901,-13.293
56.209,64.954,62.387,-4.629,1.952,-26.459,56.136,1.945,5.317,-6.237,-20.576,14.659
56.574,72.72,78.196,16.91,-21.426,-12.614,33.193,-28.75,-16.229,3.063,-27.637,-24.484
55.74,6.736,110.278,12.076,-10.151,-41.69,54.839,13.47,-21.11,-4.316,-1.571,-22.439
55.454,17.813,47.829,38.046,-14.46,-29.524,26.206,-13.53,-21.574,-3.961,-10.457,-36.266
54.163,1.553,78.062,39.696,18.698,-20.955,73.635,22.432,-2.371,-13.052,-33.058,1.495
54.835,87.52,14.306,-23.301,23.515,-25.179,60.995,-58.238,-3.752,-20.638,-6.493,7.905
55.446,59.098,78.514,14.85,0.792,-45.892,26.787,32.257,-2.239,-10.247,-5.112,-16.093
55.13,-2.446,78.044,25.594,39.628,-32.681,31.961,0.344,-15.812,30.683,-17.573,-30.361
54.783,2.533,82.075,15.388,37.235,-26.858,53.209,-4.855,-12.358,8.081,11.515,2.443
55.417,-1.727,29.798,14.632,17.01,-57.005,40.87,-10.652,-7.871,13.299,2.671,-17.623
55.837,41.843,58.045,13.677,13.6,-24.871,60.66,10.726,-4.96,0.177,-14.572,-2.535
55.675,23.64,50.27,9.197,8.761,-28.364,56.12,-17.379,-16.858,17.161,7.38,-1.366
55.912,28.751,67.71,21.796,22.719,-55.109,45.405,7.722,-13.002,-4.074,-14.567,5.113
54.417,29.226,79.442,-30.452,22.698,-22.801,34.381,13.95,3.563,5.974,-10.037,-8.764
55.718,15.021,51.59,15.655,41.37,-32.623,34.764,9.849,16.039,-4.247,3.323,-12.155
53.646,16.308,80.194,-25.235,26.543,-36.866,48.421,21.613,16.171,6.35,-15.351,-18.237
53.372,13.127,36.515,14.712,19.027,-34.87,26.47,15.954,10.071,-2.639,-13.732,1.129
55.036,40.154,47.672,-16.096,30.536,-9.75,41.247,5.912,-1.65,-4.814,9.92,5.131
55.45,29.936,30.608,8.83,20.953,-61.042,33.666,12.956,-4.06,7.717,-20.818,15.165
54.401,36.265,41.738,-7.615,15.87,-40.622,47.784,-3.364,-0.558,16.435,-4.096,5.127
55.559,19.8,35.752,3.591,16.395,-28.326,19.355,18.704,-3.658,-8.516,-9.196,-24.119
55.158,86.358,3.283,6.55,38.038,-30.066,34.326,29.62,-5.153,-11.594,-12.879,-17.369
55.615,26.63,55.613,11.645,49.638,-36.011,32.515,-3.443,10.188,40.819,-6.762,-1.36
55.337,40.834,66.675,-21.524,34.511,-39.817,17.226,46.706,11.795,-4.573,-7.201,-10.573
55.777,34.294,60.056,-4.914,31.674,-12.095,18.061,9.949,-13.655,7.295,-25.422,-15.337
55.724,20.164,58.515,-1.962,50.834,-31.064,35.217,13.785,8.278,21.474,6.194,-15.034
54.424,7.777,73.572,16.819,34.19,-26.814,37.418,9.19,-6.051,8.91,5.628,16.289
54.199,42.593,20.086,0.502,-0.977,-35.9,35.032,14.708,-2.793,-8.968,-6.109,18.711
54.858,46.122,44.743,-23.067,11.199,-26.294,43.357,-3.895,-13.739,-1.473,-8.762,4.37
55.083,34.129,63.41,20.414,20.713,-26.848,49.915,11.687,-19.281,-11.633,-21.238,-2.814
54.665,34.582,52.07,-15.936,33.134,-18.776,40.485,-0.324,7.102,12.27,2.842,-20.573
55.642,19.402,43.982,18.89,39.313,-38.064,31.927,6.042,11.595,2.651,0.976,-11.39
54.817,36.232,78.829,-8.991,25.246,-32.343,40.134,13.262,5.52,-6.465,-8.964,-18.97
55.519,50.673,61.384,3.974,41.833,-36.784,30.405,-5.115,14.709,10.714,-18.302,-11.44
54.325,36.944,43.213,5.851,21.532,-34.898,32.97,2.198,11.679,6.475,-12.261,2.483
53.286,14.354,40.258,-1.98,17.512,-36.705,20.309,15.74,6.388,13.478,-12.165,5.754
54.965,40.223,47.704,-15.582,28.025,-10.723,44.508,2.175,-1.133,0.995,6.644,8.827
55.687,27.547,30.942,17.712,21.521,-54.631,36.961,7.0,-6.814,9.489,-4.045,12.041
54.583,33.772,42.078,-4.288,17.352,-47.746,46.413,-5.608,-3.492,9.5,-4.865,2.613
55.106,-16.309,52.432,-0.17,20.421,-60.458,41.188,11.809,-9.326,24.644,-21.009,-17.197
54.112,95.684,-2.723,-38.003,25.222,-34.648,37.875,9.26,-14.396,-26.497,8.418,10.791
55.364,16.433,105.927,36.16,9.029,-12.75,34.842,-7.855,-29.283,24.231,-19.051,-23.581
53.614,65.09,138.9,75.699,12.218,1.638,13.224,38.483,-37.166,-11.18,-50.964,-15.538
52.703,46.468,94.051,-41.08,37.606,50.069,25.501,8.615,10.253,1.768,-9.547,-37.232
54.219,-12.239,31.099,37.761,6.281,-14.959,35.09,-33.547,-18.745,10.462,-7.157,-28.079
50.732,-47.803,99.125,49.015,39.882,-3.623,66.669,22.676,8.648,-10.065,7.597,-7.88
42.035,106.142,140.68,2.764,23.008,-25.586,54.724,22.968,8.496,-9.101,-9.084,-37.734
50.576,8.558,183.138,54.163,86.996,-22.791,37.479,10.965,-8.865,50.564,17.567,-26.675
49.959,39.185,226.551,53.952,72.922,-32.991,69.764,16.222,2.831,-2.1,-13.713,-37.713
50.511,41.341,213.135,92.566,68.191,-17.591,39.222,-0.382,-12.014,-6.176,-35.154,-47.034
42.587,1.565,146.958,130.352,88.225,-25.378,42.282,-20.932,4.528,-12.976,-37.249,-29.391
36.592,-24.829,118.257,67.844,97.621,-79.278,52.308,-62.987,-31.678,43.702,-23.751,-0.754
37.987,-180.89,47.707,-22.825,5.234,-41.929,73.842,8.058,4.923,9.887,-11.41,-4.652
42.022,-39.552,58.063,2.786,54.216,12.27,40.698,45.936,57.775,-81.132,-8.66,-16.402
36.734,-46.902,176.082,67.434,97.505,-28.364,51.125,19.31,-1.458,-32.523,-16.765,-8.695
37.841,38.431,157.961,65.836,96.361,-27.804,44.984,-22.187,12.937,-8.383,-0.755,1.342
37.827,9.903,145.706,112.837,102.975,-83.851,29.051,-74.148,-17.953,53.927,-19.803,2.328
38.019,6.759,143.776,69.389,119.931,-66.691,49.729,-49.449,-3.281,34.753,-20.337,1.637
38.245,-137.083,104.37,-2.885,37.461,-50.21,90.325,6.836,7.401,19.444,-2.526,-3.923
44.199,-92.015,57.492,-43.721,34.603,-16.242,59.168,55.74,25.583,-27.979,-13.659,8.22
42.101,-27.618,164.346,51.21,109.311,-42.42,34.44,-8.201,1.494,-5.08,7.519,9.548
42.94,-0.814,180.235,78.276,114.621,-30.241,39.341,-23.989,-1.262,-12.439,-2.229,8.562
46.74,125.816,144.989,70.06,154.559,-25.984,36.732,-16.804,-1.702,-8.729,-8.097,10.625
43.037,129.516,155.325,47.01,122.978,-54.776,48.385,-7.399,13.025,15.338,-10.062,6.431
43.449,114.302,141.052,45.597,141.899,-53.115,52.242,-7.899,4.128,10.111,-4.273,-4.631
45.517,18.557,64.369,-10.164,80.585,-53.252,88.945,-9.874,-6.759,20.154,-21.531,13.111
47.354,50.834,74.004,77.005,60.055,-58.55,49.5,10.769,13.723,-2.386,-3.086,6.941
40.562,108.955,98.328,-0.386,91.752,-25.531,-22.749,-5.013,-10.07,-14.746,-6.203,12.82
39.161,72.474,81.366,94.995,91.261,-25.554,-14.314,-56.285,-12.729,-8.423,-25.3,2.913
41.559,123.65,117.707,34.723,100.865,-34.666,-17.309,-19.607,8.487,16.381,-13.819,-9.13
42.314,96.205,119.066,20.005,97.859,-29.824,-15.264,-28.212,13.19,13.557,-10.41,-0.648
46.1,34.653,35.498,-25.044,39.58,-42.234,27.837,-18.258,9.877,25.454,-2.45,12.586
49.026,20.765,34.006,-11.478,30.789,-24.226,27.634,23.065,13.549,-19.174,-15.039,21.294
45.167,-32.024,150.303,22.32,70.507,-33.167,47.262,-10.642,-6.64,3.743,-3.749,8.572
47.639,-49.823,103.98,27.341,41.241,-62.963,79.1,-9.524,-21.342,24.131,-11.749,8.39
48.776,-59.645,53.162,10.146,12.958,-6.888,55.651,16.22,5.132,-17.414,-54.629,6.217
41.7,-70.397,39.743,92.633,34.29,-54.999,45.3,-14.589,1.574,17.789,-5.642,-1.265
49.029,14.84,174.676,9.667,79.446,-7.869,61.202,-22.892,-12.637,-0.201,-4.261,0.403
51.629,22.976,222.941,51.171,56.913,-21.717,71.789,21.479,-6.192,-19.089,-15.534,-31.812
53.522,-4.065,147.252,41.103,3.49,-26.382,86.407,10.068,-18.375,0.995,-10.428,-15.973
52.918,-22.002,106.005,18.19,-16.287,-37.568,85.843,21.93,-14.228,-9.911,2.625,-9.059
47.458,5.622,168.02,68.408,81.185,-29.774,68.245,71.423,-5.11,-26.072,-2.603,-22.236
45.277,-24.755,59.783,11.754,40.566,-24.682,74.286,-24.022,-31.193,33.428,-52.889,4.521
45.787,-2.295,38.656,29.741,23.793,-16.392,72.505,8.485,-3.434,-16.432,-44.119,1.09
46.441,-44.813,163.142,-24.214,95.728,9.466,39.194,7.706,-4.311,0.912,-3.159,5.488
52.23,-11.598,87.789,-9.867,-7.79,-5.718,65.384,14.977,-9.058,-8.416,15.113,-19.959
53.133,91.281,135.972,32.034,31.458,-13.731,22.605,33.2,0.453,-16.396,-17.422,-32.922
52.38,33.645,71.805,18.903,-13.125,-36.684,51.224,5.704,-15.319,10.456,-14.563,-11.124
50.165,2.725,99.247,48.851,88.663,-41.711,31.384,7.69,9.867,31.353,-14.101,-18.104
49.861,-5.772,145.084,40.821,124.372,-35.967,33.589,-2.51,3.148,13.954,-5.046,-2.489
50.86,12.039,102.821,70.277,50.222,3.079,43.382,9.08,-2.468,-18.52,-40.734,-3.17
51.68,16.609,83.147,1.489,5.633,16.623,75.53,-10.517,7.034,-17.627,-1.277,3.347
49.908,73.078,126.662,66.155,49.877,-0.973,-8.729,11.223,-1.919,-15.806,-27.703,-28.125
49.302,39.031,179.307,13.822,89.749,19.755,8.508,-37.254,-1.21,-12.377,-21.962,-26.939
50.921,-25.353,99.821,58.51,23.357,-43.281,69.853,40.958,-7.013,13.458,2.667,-8.557
47.817,80.337,126.774,-8.927,47.111,9.405,29.757,-19.354,-24.916,-3.293,-24.542,-17.69
47.285,64.49,118.943,3.873,72.498,-30.64,22.041,-1.163,-0.017,13.05,-8.36,-33.738
51.691,105.561,128.608,-17.048,13.162,-15.965,21.24,6.176,-25.962,-3.619,-7.905,-11.652
53.872,11.678,48.474,27.967,5.504,-39.824,25.926,-23.1,-10.275,27.633,-9.084,-5.238
54.444,62.619,89.472,-16.294,28.125,-31.219,32.309,6.124,23.329,6.565,-0.237,1.134
54.631,30.518,40.709,8.918,2.734,-41.983,22.134,10.756,1.583,-6.532,-6.996,-21.758
53.91,42.626,18.132,6.9,-10.71,-29.622,9.237,-11.034,-23.89,3.513,5.535,2.968
53.329,53.546,46.734,-14.746,-8.033,-39.056,9.031,-2.15,-7.757,1.255,-2.225,-4.784
52.745,29.694,39.441,-9.967,-13.419,-34.601,5.115,13.802,-8.585,-10.232,-7.397,-8.595
54.008,46.443,19.56,-4.951,-18.758,-51.333,0.618,-4.859,-15.876,-4.275,-12.51,8.933
52.365,42.841,18.932,-5.999,-13.478,-67.032,13.564,-0.662,-12.708,16.553,-14.968,-7.597
53.092,53.467,57.089,-11.5,-14.13,-35.767,18.693,-2.466,-9.743,6.468,-10.164,-8.524
53.94,47.982,10.712,7.346,-4.847,-46.468,5.995,-2.026,-21.318,5.437,6.434,-1.553
52.424,45.634,42.546,-9.124,-9.409,-32.564,4.943,-8.411,-16.885,4.13,-9.196,4.369
52.847,39.571,14.857,-9.823,-14.739,-25.549,15.723,3.199,-7.459,3.75,5.236,-13.664
52.457,25.868,26.004,-28.8,-11.762,-32.87,21.662,10.38,-2.743,11.298,-10.856,-7.835
52.96,38.773,-1.614,-14.317,-16.208,-37.207,13.427,-10.871,-8.166,12.205,3.098,-8.649
52.347,35.406,7.0,-10.808,-22.045,-51.009,13.556,-5.498,-9.951,20.31,-22.945,2.845
53.441,50.829,5.78,-10.675,-2.637,-52.753,5.575,0.984,-7.86,-4.311,-16.124,4.825
51.918,26.061,0.101,-5.705,-11.133,-61.232,25.286,-11.896,-9.465,21.217,-25.242,-5.401
51.653,34.458,0.972,-11.815,-13.921,-24.088,26.801,-6.587,4.067,-3.255,-13.385,-4.434
51.409,30.252,-7.453,-1.046,-13.93,-56.844,15.533,-4.215,-2.449,19.054,-11.824,1.854
47.485,-48.451,-52.115,33.705,-25.914,-77.008,26.994,-20.129,-30.876,12.384,-30.031,1.084
44.98,-27.678,34.78,-44.901,15.776,-37.247,48.833,25.846,23.294,-1.816,3.7,3.1
46.802,108.84,104.28,15.05,6.992,-32.88,54.679,8.291,-8.901,-12.94,-4.949,-6.93
50.763,49.616,148.919,-19.41,42.255,-15.536,5.026,13.048,-35.901,37.415,-25.345,-43.919
53.505,-34.151,57.205,34.921,-4.117,-28.94,28.669,-13.244,-19.812,12.288,-18.165,-27.046
50.181,42.956,106.293,-9.795,54.325,-12.958,6.114,32.691,16.775,-17.674,-19.462,-25.99
46.536,-25.501,-29.55,28.71,13.472,-35.009,52.04,-31.616,-0.596,1.072,0.638,-8.122
45.029,-3.898,62.897,47.769,42.531,9.837,55.583,5.975,7.47,-31.653,-21.729,-33.102
49.356,120.441,131.61,-35.2,77.568,53.905,34.814,3.636,45.357,-56.163,11.712,-34.453
52.409,164.649,35.358,22.346,52.086,-9.335,28.275,-51.401,63.822,-12.56,-50.668,13.546
51.858,14.027,-4.127,54.785,-4.123,-32.688,43.969,-54.375,11.786,16.954,-24.872,7.362
50.53,60.281,131.075,-20.112,34.848,-70.878,58.04,8.861,3.364,15.857,4.122,-2.164
52.981,81.19,162.326,78.041,88.094,-22.724,26.542,11.04,-21.865,-29.999,-13.335,-17.783
51.297,6.971,29.806,4.495,-2.589,-31.151,59.528,17.748,-11.804,-6.668,-7.894,-10.287
50.941,127.702,88.488,7.128,66.233,-16.463,35.201,-22.144,38.524,-21.273,-26.622,1.568
50.024,8.958,87.861,-1.161,57.507,-40.859,34.906,-21.16,11.57,29.909,-28.569,-8.335
52.386,-38.099,18.205,20.649,23.915,-29.257,47.38,-10.639,19.298,-0.699,-19.899,-4.202
51.916,127.355,51.137,56.875,45.72,15.848,47.399,2.314,37.169,-44.949,-31.861,0.705
48.195,63.046,156.934,5.081,52.369,19.497,22.772,-22.788,-37.549,4.165,-12.132,-11.411
49.78,9.953,-11.092,-7.722,-1.012,-55.042,29.2,1.358,-14.521,10.757,-22.342,-11.916
52.831,55.483,143.33,-1.378,15.223,-8.002,40.39,36.51,-39.509,-3.802,-8.023,-25.075
52.465,70.849,168.945,57.889,67.498,-26.508,62.475,11.583,-35.915,1.592,-3.89,-3.505
52.821,73.578,176.357,49.883,85.777,-32.465,55.072,14.372,-22.659,-1.317,5.959,4.79
53.616,59.311,164.557,48.547,47.969,-37.735,75.03,11.947,-25.225,0.961,-13.931,11.908
53.549,63.866,146.206,47.343,56.597,-30.272,56.847,25.437,-33.697,-18.853,-8.256,12.252
54.746,86.5,121.724,0.122,39.166,-21.412,43.971,-15.038,-6.726,2.855,-7.919,-13.235
55.55,37.453,106.818,14.582,15.17,-28.229,65.54,3.116,-19.885,-6.714,-17.918,-23.209
55.52,6.525,67.727,17.579,41.921,-48.927,76.298,25.662,6.472,-3.786,-0.342,8.194
55.67,24.484,76.857,16.762,26.573,-39.877,77.766,7.902,-6.282,-3.915,11.915,17.387
54.63,13.26,87.885,17.281,28.783,-48.194,78.114,11.915,-14.41,0.94,-3.103,18.929
55.616,23.294,71.928,9.21,21.616,-45.512,64.424,18.719,-11.627,-4.122,5.423,30.557
54.808,33.612,97.608,14.749,20.044,-39.724,86.038,12.294,-13.652,-8.048,-7.506,26.547
54.677,19.081,101.044,10.068,11.841,-34.972,63.642,15.986,-21.534,-16.129,-3.431,34.393
55.01,13.94,91.325,20.875,0.156,-55.341,84.71,13.289,-28.741,7.553,2.731,31.559
55.166,39.772,127.135,33.273,-6.675,-39.972,70.982,10.483,-31.926,3.878,-8.438,7.671
55.333,42.83,123.68,27.7,-8.347,-37.433,75.187,16.097,-27.898,-3.412,-5.011,19.029
55.828,26.335,85.384,27.722,2.04,-40.476,70.432,6.693,-38.641,-4.651,15.182,34.276
54.799,16.655,105.341,30.351,13.169,-48.958,61.21,-1.792,-22.156,3.055,-5.773,18.022
54.399,-9.499,66.306,17.099,25.774,-38.471,66.859,10.473,25.199,-1.126,3.034,-7.469
54.63,-8.42,76.938,8.403,22.288,-49.266,68.192,20.66,20.664,9.982,-12.243,-7.03
56.151,9.502,81.837,5.638,-13.023,-40.941,53.431,10.041,-7.373,7.196,2.505,-21.601
55.508,33.457,72.561,25.765,-33.283,-18.549,42.84,8.749,-25.318,-11.049,-24.231,-22.668
55.27,14.644,46.99,8.307,-2.178,-38.067,37.164,-0.91,-17.668,-5.359,6.472,-20.488
54.539,16.205,46.321,-2.517,28.868,-42.163,33.795,33.814,-6.745,8.996,-19.519,-19.0
55.773,37.944,37.416,-14.528,29.987,-18.949,41.407,-14.288,-0.666,-0.796,-17.047,-40.583
56.174,55.71,62.423,1.12,-2.718,-6.636,38.489,1.93,-43.364,-19.941,-4.709,-39.537
56.081,41.991,78.53,-21.29,10.961,-24.797,42.688,41.295,-33.009,-15.462,-2.219,-17.514
57.119,79.999,73.348,15.454,17.916,-36.228,48.3,-2.383,-35.812,-10.774,-20.898,-46.511
56.152,42.259,77.407,1.917,31.196,-28.599,52.558,21.91,-16.205,-3.255,-26.905,-25.576
54.454,10.629,54.137,0.63,68.554,-43.976,81.169,6.305,2.968,-6.932,-17.709,-13.64
54.265,11.345,67.905,25.308,46.219,-40.956,52.373,26.665,8.984,-4.551,-17.389,1.441
53.4,138.857,-11.752,-41.816,42.122,-34.122,29.549,1.679,8.937,-28.376,-5.877,11.396
55.576,27.111,42.199,-28.532,18.437,-26.726,14.287,-1.801,-23.668,4.846,-13.086,9.251
55.067,-1.728,75.054,-52.565,2.878,-24.619,-4.497,42.401,-11.019,-5.147,2.336,-15.709
55.497,21.062,40.466,-7.064,3.836,-28.239,-2.277,7.038,-16.072,-9.124,-25.671,-28.944
55.629,96.953,2.833,2.861,54.109,-16.887,28.032,33.674,-6.394,-2.22,-4.674,-24.894
56.294,33.83,60.44,21.657,48.752,-40.631,62.325,-2.776,-11.007,46.402,1.953,3.479
55.822,30.606,61.617,18.927,56.988,-41.881,74.516,12.781,19.467,10.276,-21.288,24.831
55.543,8.772,63.769,-3.195,51.107,-35.422,52.173,-7.071,22.753,10.365,-9.322,14.909
57.601,53.912,51.973,-23.258,-2.592,-51.519,39.307,33.156,-13.422,9.179,3.995,-10.423
58.029,120.963,47.22,5.382,2.542,-26.68,-5.217,-10.942,1.113,-9.39,-21.478,-9.611
56.916,45.016,78.401,48.229,34.999,-26.562,31.871,5.264,8.803,-9.258,-32.24,-5.618
55.055,25.119,85.411,21.639,50.555,-14.098,60.676,12.521,12.94,18.72,5.013,-13.76
55.736,21.065,56.272,-12.502,54.947,-48.574,45.516,14.948,22.397,9.205,-6.369,-0.955
56.529,31.87,68.602,27.015,35.442,-57.342,54.573,16.953,-3.552,9.602,-16.983,-4.351
55.806,20.25,69.037,17.204,25.359,-32.782,46.47,-4.341,-14.2,9.15,-11.532,-8.187
54.959,23.177,52.865,-21.8,9.359,-28.428,0.726,11.927,-28.144,11.248,-4.303,-16.28
56.126,34.728,49.604,10.609,10.947,-56.847,51.385,-20.03,-16.223,19.731,-1.999,6.46
55.029,6.748,47.697,-13.827,16.783,-29.311,27.189,-4.498,4.289,-14.409,-13.951,-13.609
56.276,34.344,52.375,23.156,-1.037,-5.302,34.585,-0.758,-24.499,-16.868,-5.028,-30.225
55.491,4.036,83.335,3.54,23.442,-28.102,44.376,25.249,-21.501,1.225,-17.483,-39.191
56.749,69.232,62.209,7.04,-10.527,-19.292,13.256,-3.131,0.641,-3.82,-14.466,-38.024
56.742,28.073,30.784,-3.394,6.155,-35.406,42.003,3.963,-22.871,5.699,-17.958,-32.312
56.999,36.392,63.825,5.092,9.727,-35.999,56.777,0.895,-18.978,-10.312,-36.088,-39.609
56.517,68.034,94.299,18.28,-21.972,-18.493,25.918,-6.961,-24.144,-15.986,-22.423,-28.646
55.456,23.656,117.634,3.822,15.662,-22.657,45.095,32.855,-17.571,3.508,-2.548,-25.8
56.281,53.563,107.083,37.972,2.785,-28.107,45.332,-13.476,-20.383,9.97,-29.015,-26.021
55.175,8.659,68.491,15.434,52.556,-46.505,86.113,2.582,15.179,9.564,-20.129,-6.995
56.443,45.69,88.619,-16.615,47.874,-37.068,68.986,26.013,31.916,-5.885,-6.905,-8.25
56.171,85.219,68.908,67.08,4.144,-19.117,40.897,14.187,6.522,-8.698,-41.121,4.344
56.202,101.517,42.92,-22.797,21.037,5.386,31.203,-28.846,-42.49,22.095,-16.019,-4.166
56.248,65.351,54.625,7.058,0.971,-23.681,56.183,-6.081,8.692,-4.699,-23.925,9.276
56.545,72.239,78.231,17.623,-22.778,-16.333,33.334,-27.782,-19.768,5.098,-32.578,-24.244
55.659,5.992,112.391,13.578,-9.812,-41.759,57.485,15.737,-22.4,-5.091,-4.451,-18.744
55.594,16.507,42.745,37.652,-13.927,-39.752,25.609,-11.346,-21.022,-0.883,-4.485,-32.453
54.267,-0.023,78.97,38.017,16.929,-20.356,73.38,25.073,-2.085,-13.108,-33.71,0.616
54.32,81.589,7.819,-28.796,16.843,-9.385,58.764,-31.062,2.968,-41.676,-1.72,11.452
55.054,25.857,79.33,-6.947,11.765,-46.929,56.243,56.453,-5.278,4.665,-3.179,2.265
55.193,11.346,79.562,16.524,39.138,-28.353,56.761,-10.701,-9.998,10.858,-19.099,-11.111
54.648,7.408,80.006,10.436,32.79,-23.378,43.596,-9.393,-21.341,4.764,5.072,-2.389
55.632,0.065,34.09,11.98,24.821,-50.804,43.212,-12.861,-1.391,11.485,10.334,-12.144
56.027,44.643,58.229,18.901,17.498,-32.8,53.24,9.432,-7.468,4.347,-14.767,-1.64
55.546,25.159,40.456,8.148,6.582,-35.815,60.999,-22.09,-19.644,21.983,8.539,-2.251
55.804,27.944,65.022,24.239,21.593,-53.356,41.468,9.273,-14.649,-0.398,-15.94,6.104
54.911,28.606,64.65,-21.159,26.951,-23.899,38.995,4.763,11.375,-5.765,-3.258,-12.668
55.439,13.283,58.138,8.456,42.866,-21.939,34.717,14.348,18.85,-5.09,-7.112,-12.069
54.038,37.715,82.435,-9.709,31.956,-33.363,55.843,11.429,12.163,-4.853,-9.165,-11.745
54.893,44.478,73.849,-6.477,40.228,-38.311,42.145,2.959,14.721,11.772,-14.787,-19.768
54.918,27.991,62.842,9.266,45.494,-41.685,20.252,4.818,10.115,12.962,-16.773,-9.961
54.072,26.923,46.024,5.187,20.11,-46.921,26.623,-0.826,11.45,3.906,6.01,-0.141
53.561,11.74,30.58,15.342,15.984,-34.089,30.359,14.089,3.876,-7.815,-9.717,-3.825
54.811,34.103,52.076,-29.388,28.859,-10.052,41.03,12.217,-1.404,-2.325,-2.508,4.927
55.558,33.642,30.812,8.343,24.038,-66.705,36.007,11.613,-7.679,5.374,-17.931,13.817
54.611,38.155,45.403,-12.008,13.629,-46.811,46.041,4.802,-5.25,11.403,-15.786,4.788
55.101,14.418,60.139,-24.614,25.393,-28.246,25.984,27.865,-8.694,6.896,-11.699,-16.964
54.525,80.054,19.047,-28.065,26.074,-28.998,32.076,38.738,-12.855,-2.762,-25.64,-16.926
55.07,36.477,50.938,-2.541,51.784,-13.833,45.945,-10.446,5.005,31.896,-0.823,-5.231
54.443,2.249,64.641,-3.437,50.674,-40.926,36.256,-0.567,14.638,12.255,-0.694,-3.195
56.274,62.817,41.464,-7.538,12.738,-37.435,13.179,37.157,-17.175,7.583,2.566,-9.887
55.351,43.808,53.972,-14.171,27.242,-12.544,16.731,9.573,-27.753,8.374,-22.585,-14.242
55.946,15.551,61.2,10.465,58.066,-51.818,36.413,9.322,9.915,8.163,-6.433,-10.654
54.667,17.14,76.7,26.325,37.222,-43.334,32.305,12.554,-6.896,6.649,0.422,22.79
54.247,44.542,30.579,-1.405,2.062,-37.343,34.261,12.696,-3.35,-6.911,7.842,13.647
55.528,45.217,49.815,-4.311,12.029,-53.378,44.642,-10.761,-25.917,-6.551,-8.646,-5.91
55.336,25.992,51.005,18.425,15.653,-55.078,37.746,14.244,-26.079,-4.112,-20.896,3.295
54.679,26.102,52.007,-12.543,31.27,-24.748,39.213,0.561,12.822,12.061,5.086,-19.016
55.397,15.7,44.795,16.935,45.613,-30.834,37.577,5.672,11.655,-3.052,4.911,-14.017
54.378,31.778,83.908,-10.704,25.413,-30.567,44.711,15.747,6.024,-4.25,-8.486,-19.033
55.409,51.319,57.004,6.072,40.927,-41.09,27.417,-7.556,14.286,6.89,-22.745,-11.743
53.541,11.426,41.807,1.353,22.101,-34.292,27.404,23.141,9.516,11.078,-9.632,6.316
54.913,38.946,53.243,-20.414,26.899,-15.871,44.393,11.12,-1.746,-2.091,-2.424,9.229
55.591,28.865,31.784,12.058,21.366,-54.72,34.246,7.133,-5.529,11.207,-1.072,14.196
54.566,35.524,41.857,-3.191,17.655,-43.577,46.308,-6.204,-2.1,8.329,-1.295,1.597
55.389,-1.987,35.003,6.275,40.783,-65.268,54.063,8.223,-2.801,20.128,-4.528,-32.756
55.681,11.156,54.261,11.721,30.277,-31.58,58.706,19.086,-36.536,-6.146,-21.739,-19.884
53.719,73.817,12.263,-37.826,20.62,-24.877,37.391,0.011,-1.197,-39.433,11.658,2.702
55.172,5.36,135.27,49.305,8.908,-43.938,31.904,5.389,-26.117,8.304,2.457,-19.928
54.27,66.552,146.666,69.508,11.684,9.509,17.321,34.721,-34.27,-13.263,-49.534,-19.034
51.599,62.916,118.172,-81.237,17.212,17.43,20.814,10.344,-12.743,43.515,-10.37,-40.551
50.203,-25.105,167.943,60.301,87.259,-19.424,22.851,-23.029,-15.295,-0.449,-4.242,-7.265
54.307,-17.686,39.563,25.502,6.265,-22.929,36.715,-25.67,-18.427,10.899,-2.279,-27.649
51.256,-48.091,108.757,14.777,37.013,4.551,75.159,19.785,8.121,-13.856,16.639,-7.993
47.386,-34.616,134.149,81.958,88.085,-34.463,35.002,45.094,25.184,-9.202,-37.144,-21.416
42.071,107.834,139.522,3.343,18.503,-26.697,50.669,23.274,5.687,-5.704,-6.546,-37.868
50.478,15.912,188.725,53.39,86.279,-27.492,36.923,17.049,-9.741,48.685,17.844,-26.732
50.39,42.002,220.664,80.0,70.442,-19.307,39.613,2.319,-11.696,-4.266,-35.073,-45.699
50.068,68.797,143.938,12.242,69.302,17.025,-7.106,34.81,7.315,-24.94,5.755,-17.127
50.373,95.053,115.256,10.091,39.752,-25.835,-39.66,-2.294,-23.288,-4.448,6.314,1.41
50.164,95.507,94.347,-5.834,34.408,-27.418,-37.646,-9.398,-13.777,7.024,4.434,5.465
50.855,98.325,115.097,5.247,39.196,-25.092,-44.568,-7.546,-19.833,-3.004,3.203,2.303
50.373,100.724,105.447,17.142,34.216,-32.443,-34.33,-4.627,-15.392,-0.487,3.731,-0.898
50.217,117.402,108.947,5.435,30.181,-17.996,-23.413,-3.755,-22.439,5.549,-6.616,5.041
50.585,112.86,110.375,28.11,42.876,-22.981,-39.806,-4.459,-12.306,3.47,3.65,-6.024
50.113,106.777,105.091,11.971,37.213,-25.33,-27.353,-8.102,-12.946,8.804,3.608,-0.559
50.765,96.746,108.255,19.379,43.509,-33.115,-47.592,-2.738,-17.743,4.4,-0.205,2.053
50.465,107.918,113.678,16.016,44.557,-26.514,-37.123,-5.068,-13.179,8.016,-3.269,-9.244
50.576,99.448,111.986,28.196,41.299,-26.131,-44.568,-2.151,-16.329,0.081,-2.957,-11.8
49.809,105.457,105.558,9.454,34.264,-22.481,-47.846,-5.144,-27.038,2.159,2.103,2.977
50.46,115.922,106.896,4.344,37.195,-16.461,-44.517,-15.064,-22.065,-2.645,-0.427,8.201
49.985,97.957,88.625,17.923,28.446,-25.784,-41.238,9.005,-16.354,-2.316,-1.31,8.854
54.47,60.919,11.323,-1.895,-10.06,-43.601,-4.661,2.365,-10.197,-5.082,-19.044,-2.758
53.285,70.243,19.177,-15.841,-14.534,-50.844,4.219,-1.615,-5.86,9.754,-16.496,-14.947
54.151,57.52,17.016,-3.084,-6.81,-33.248,-1.53,9.146,-7.082,6.198,11.339,-12.289
52.725,70.922,46.287,-13.328,-3.507,-28.916,0.515,7.489,-5.924,-1.729,-13.728,-3.198
49.675,112.575,101.306,12.83,30.164,-17.734,-23.509,-0.697,-12.919,-2.149,-7.728,-2.3
50.201,112.757,110.016,2.861,39.468,-29.645,-37.736,-5.403,-14.764,-3.752,7.604,0.282
52.864,51.8,8.698,-11.151,-25.241,-53.491,9.347,1.484,0.439,33.296,6.22,-12.284
54.052,65.551,10.352,5.413,-0.963,-39.941,4.292,12.043,-4.887,3.529,1.099,-14.231
54.209,57.486,20.463,-13.665,-1.241,-44.915,2.935,-3.162,-16.965,11.088,-4.455,-6.104
53.071,64.109,20.701,-11.986,-11.612,-27.556,4.859,7.381,-1.877,10.259,-22.719,-18.834
52.406,74.73,33.751,-11.736,0.341,-34.549,7.479,0.579,-16.448,-1.414,-9.201,-27.323
52.348,80.821,29.712,-18.448,-17.666,-26.3,5.204,-9.544,-4.632,0.692,-2.487,-12.142
53.492,80.304,18.08,-1.403,-14.112,-48.071,9.43,3.916,-6.741,13.162,4.192,-14.345
53.564,60.36,6.356,-18.593,-6.588,-15.622,7.69,6.639,-1.677,-10.16,-18.97,-0.462
51.116,36.934,-11.449,-24.03,-27.41,-59.498,7.492,-7.84,-2.976,28.031,-4.906,8.054
52.148,47.34,-12.481,-21.375,-15.569,-46.085,4.601,5.172,-17.184,1.018,3.615,13.251
53.325,56.704,-19.982,-18.263,-5.98,-55.007,-5.216,-4.16,-24.587,7.26,0.97,6.68
51.242,43.856,-31.06,-5.85,-35.731,-70.666,6.495,-9.15,-13.819,24.691,-8.369,13.033
51.49,27.718,-13.919,-13.846,-30.723,-70.055,15.164,4.25,-9.143,22.628,10.935,2.948
51.278,19.409,-14.921,-19.823,-43.23,-68.624,9.829,0.644,-16.224,8.34,-10.179,10.234
51.571,45.096,-11.255,-18.069,-18.435,-62.496,0.696,-2.041,-13.674,13.465,-19.061,0.78
52.557,60.386,13.113,-20.565,-27.726,-56.588,14.451,4.515,-11.724,10.277,-11.111,-10.491
52.843,35.753,14.304,-20.138,-7.238,-8.343,3.776,2.174,-2.493,-7.026,-0.502,-9.299
52.919,63.698,38.418,-10.351,-17.735,-33.214,6.47,-5.915,-9.803,5.229,-15.158,-11.141
52.732,64.345,3.882,-32.436,-11.862,-64.85,2.112,13.283,-10.277,4.242,-19.502,-18.116
53.008,73.826,32.417,-7.257,3.403,-37.638,12.669,-5.386,0.873,5.499,-12.139,-10.842
53.42,49.515,14.357,-1.871,-10.593,-34.737,4.643,-1.483,-8.278,2.375,6.093,-12.33
52.665,56.758,37.897,-11.516,-6.62,-30.221,10.792,-3.615,7.174,0.5,-6.889,-24.221
52.472,54.969,2.009,-22.949,-17.349,-57.95,6.464,2.324,-4.627,16.034,0.708,-16.548
52.405,57.799,32.731,-2.294,-1.48,-29.985,8.068,-2.369,1.17,-0.569,-11.16,-17.063
53.834,62.571,10.96,6.265,-2.408,-49.466,-3.755,0.56,-8.172,14.846,-8.793,-3.74
52.559,70.698,41.064,-5.199,-8.45,-31.501,13.256,-11.722,0.161,2.412,-6.087,-14.858
52.765,67.847,6.804,-15.66,-5.871,-46.299,20.641,13.193,3.51,17.021,4.356,-23.279
53.03,63.814,-1.5,-22.731,-22.51,-62.135,14.768,2.343,-1.971,14.015,-15.532,-8.392
51.81,21.983,-3.904,-7.381,-33.832,-69.965,9.367,-3.807,-9.435,25.522,-12.573,-3.561
51.741,41.201,-1.699,-15.643,-30.634,-49.568,9.206,-3.923,-12.816,19.438,-8.882,9.55
53.454,48.057,-7.041,-19.705,-8.528,-44.538,2.115,-5.719,-15.591,5.728,-26.056,8.748
52.289,53.381,-21.634,-18.718,-15.075,-58.99,15.236,7.829,-16.688,12.438,-12.74,-5.11
52.033,55.886,-16.029,-28.126,-0.716,-32.52,12.2,1.564,-11.966,4.477,-3.153,-7.107
52.635,71.653,-0.62,-25.97,-33.014,-52.823,21.952,2.281,-16.276,6.456,-16.427,-13.545
52.624,74.765,32.479,-9.059,-12.689,-35.366,22.366,3.988,-18.656,2.006,-15.918,-16.502
51.848,54.312,24.395,-19.082,-12.967,-33.23,11.662,-5.878,-4.23,4.201,-12.645,-4.565
53.481,42.655,10.684,-7.8,-9.658,-16.554,0.727,-2.217,-5.433,-2.299,7.097,-12.0
52.693,49.69,29.838,-26.001,-5.918,-18.138,-2.676,17.246,-1.831,-18.432,-12.734,-20.844
53.378,74.268,18.121,-19.868,-12.35,-54.24,8.57,11.462,-7.561,8.408,-14.486,-10.368
52.606,67.923,32.539,-10.291,-7.003,-32.554,11.293,-9.842,-3.52,3.419,-14.699,-24.274
53.529,58.587,10.892,-17.059,0.541,-18.299,6.657,16.219,-3.063,-8.337,3.016,-15.72
53.684,58.246,9.081,2.137,3.83,-39.235,2.421,7.429,-20.303,9.259,1.16,-7.666
53.036,53.338,16.913,-24.916,-5.417,-37.576,12.387,9.487,-1.318,5.056,-7.705,-20.278
53.455,72.12,20.32,-22.646,1.795,-12.47,5.345,11.302,7.085,-14.755,-15.471,-11.281
52.55,45.848,1.557,-8.586,-20.126,-51.639,13.638,-7.48,1.727,15.062,7.5,-25.939
53.92,63.347,11.463,2.907,3.608,-27.236,8.352,3.96,-8.814,-0.371,9.003,-15.636
53.966,55.496,14.267,-10.169,1.78,-27.936,4.182,-0.83,-0.062,5.296,6.646,-10.452
52.895,66.914,8.531,-19.39,-9.363,-57.342,4.738,14.925,-10.953,11.43,-15.911,-13.406
54.102,66.721,5.585,-12.412,-4.215,-43.19,5.067,4.025,-17.119,13.167,10.037,-6.237
53.881,69.067,4.989,-12.75,-6.515,-60.947,2.189,9.214,-13.886,2.147,-12.188,3.102
53.459,63.705,17.524,-6.416,-11.604,-29.752,12.441,-6.33,-1.067,7.671,-0.567,-10.656
52.697,54.014,18.392,-16.211,-26.796,-62.07,17.936,0.909,-3.001,19.95,-12.753,-9.045
53.625,60.55,30.752,-24.988,0.975,-17.532,9.26,12.87,-8.5,-2.557,-5.209,-14.88
54.127,55.197,3.637,-4.948,-8.936,-47.462,2.322,3.055,-11.424,10.85,5.719,5.166
53.391,62.337,23.227,-15.817,-8.618,-56.542,20.601,4.044,-6.469,6.678,-17.241,-15.49
53.506,64.962,-5.336,-10.298,-12.53,-67.714,20.099,0.37,-15.621,12.537,-21.195,-4.994
52.296,48.109,22.53,-13.751,1.384,-33.904,21.389,-1.666,-4.526,-1.973,-9.796,-13.474
52.082,28.643,23.942,-4.521,-18.188,-20.341,31.772,6.893,-5.102,-6.656,-19.845,1.097
52.345,30.963,45.668,0.598,-25.484,-40.031,30.868,14.243,0.152,1.614,5.14,4.308
52.629,16.629,19.282,10.475,-13.212,-24.909,44.475,5.454,-2.934,-5.455,0.055,19.747
51.424,11.405,12.547,-16.267,-28.961,-39.63,30.057,7.95,-7.708,-2.783,5.522,17.301
51.783,25.982,-25.385,10.659,-26.619,-36.076,24.594,-15.674,-5.682,-0.87,20.659,4.784
51.842,36.263,-17.813,-0.916,-29.12,-14.264,22.846,2.867,-9.158,-21.335,1.677,2.068
50.802,31.291,-1.281,-27.137,-41.201,-29.091,23.083,0.532,-15.833,4.37,-4.098,6.555
51.213,51.928,-4.902,-17.891,-65.287,-34.925,4.883,12.724,-25.213,-10.619,-5.182,-0.811
52.161,22.399,-4.562,-5.641,-34.857,-51.927,31.197,-25.997,-14.525,22.305,7.496,7.772
52.356,9.853,38.938,-12.36,-38.397,-23.404,51.501,14.213,-7.337,6.476,-6.923,8.723
52.637,36.674,2.319,13.223,-20.854,-70.49,45.342,-1.205,-4.133,13.302,3.479,22.851
52.228,45.225,-25.803,16.979,-22.35,-34.759,32.453,-14.311,-12.371,13.224,17.531,7.767
50.288,45.943,11.282,-27.869,-38.993,-38.339,32.116,1.36,-13.296,-1.021,1.613,5.214
52.065,52.31,-16.531,1.241,-18.622,-13.54,30.863,-6.222,1.786,-10.892,-3.757,-3.758
50.521,50.319,17.78,-18.576,-37.795,-32.99,39.367,10.406,-4.621,-8.28,-9.518,5.761
50.557,50.372,29.669,-1.055,-51.271,-48.612,30.082,14.845,-29.534,-0.897,-0.156,-0.938
51.994,55.687,10.777,-13.798,-33.525,-18.681,45.263,-15.007,-6.387,0.937,-16.847,19.931
51.681,49.416,59.8,8.395,-35.598,-46.216,56.033,21.448,-0.409,-3.255,1.432,5.258
50.937,56.017,68.339,13.918,-32.531,-36.382,50.933,17.111,-2.697,-4.889,-6.615,-4.357
50.525,60.072,76.493,-0.794,-37.175,-25.45,61.416,1.446,-10.689,-0.877,-17.359,-1.739
51.72,55.758,45.678,24.469,-13.017,-18.413,63.096,24.949,5.883,-1.477,-3.251,4.711
48.799,68.107,58.531,-2.725,-13.818,-38.642,57.101,15.252,2.481,15.397,-19.054,2.816
50.809,76.679,5.181,23.56,-24.745,-8.557,38.03,4.199,-12.861,13.629,11.522,-4.206
47.938,91.982,77.256,6.643,-18.041,-37.602,59.188,20.787,-0.034,7.656,-3.386,-9.327
51.93,62.024,17.54,14.62,-21.167,-51.514,40.552,4.828,-6.393,18.312,20.358,-3.053
50.61,84.581,115.612,41.335,-5.428,-42.77,79.125,31.432,5.758,20.957,-15.832,-0.667
51.628,55.003,27.003,36.278,-10.724,-31.598,62.897,0.052,6.088,4.382,22.798,-2.453
47.232,93.331,112.896,25.435,8.177,-35.658,77.007,11.815,8.016,5.422,-10.664,0.865
48.825,90.463,54.964,11.384,4.442,-18.979,52.288,24.629,10.767,9.329,-12.552,-0.031
52.384,66.089,133.952,14.202,40.125,-7.071,6.186,-16.637,-9.988,14.133,1.896,-43.052
55.098,5.38,93.151,-10.632,24.142,-31.664,29.806,6.401,-2.946,12.182,-15.634,-47.079
55.836,52.916,103.4,17.014,3.846,-25.766,36.233,-2.988,-47.184,-2.706,-13.121,-29.234
55.079,69.986,193.29,51.048,38.773,-32.81,26.182,30.811,-30.625,-7.354,-6.847,-40.72
55.471,129.843,166.362,42.317,40.463,-21.423,-28.193,13.582,-8.337,-4.203,-10.897,-43.216
56.903,76.643,82.621,18.794,16.785,-30.082,35.986,-3.435,-9.859,6.283,-6.653,-33.194
54.599,53.111,174.891,19.45,76.73,-30.542,20.78,32.029,-20.063,-6.84,4.062,-39.172
55.874,123.347,183.146,49.815,59.639,-26.443,-20.62,-3.275,7.83,8.983,-18.93,-46.8
55.738,10.071,45.444,31.212,21.125,-54.284,45.668,-7.611,-8.989,40.196,-14.374,-26.9
54.018,-0.512,98.936,2.112,75.645,-47.879,61.133,20.374,31.2,0.613,-7.778,-21.507
51.86,43.664,146.159,40.761,90.066,-25.676,19.376,37.186,11.476,-5.899,-31.66,-6.071
53.823,119.472,100.801,-25.905,24.336,-6.725,33.462,-73.301,-48.946,37.357,-16.777,-2.18
54.401,32.86,88.888,44.907,29.145,-19.333,22.14,3.121,-29.217,5.32,-32.804,-31.288
53.36,41.425,130.655,-39.87,31.497,-6.561,-0.979,28.246,-21.265,0.753,3.26,-11.727
55.457,31.588,39.77,20.295,-2.028,-33.506,5.469,-6.105,-11.438,9.695,-20.1,-34.67
54.086,89.652,48.513,38.207,22.258,-47.613,13.796,88.98,0.494,-2.788,1.24,-34.944
54.383,60.861,146.867,58.829,86.78,-19.969,38.667,18.67,-6.221,38.43,1.5,-8.571
54.271,66.828,126.114,-6.287,52.004,-39.807,14.108,51.592,-8.072,27.433,-10.717,-10.851
54.781,84.798,124.895,46.681,52.186,14.324,16.482,15.675,-28.111,25.376,-25.94,-23.301
53.132,71.003,163.987,38.8,88.501,7.506,31.335,13.823,-6.55,31.532,7.321,-21.773
54.918,12.599,89.734,2.932,69.751,-39.125,42.215,11.448,18.121,2.537,-0.506,-13.712
53.212,-6.599,148.933,14.156,70.215,-23.522,21.101,13.515,-26.334,5.529,3.475,3.287
53.832,41.099,108.719,-8.45,6.923,-3.824,7.854,-2.392,-39.651,4.381,-10.678,0.399
55.562,31.556,60.861,1.967,4.853,-28.248,46.882,-8.04,-21.821,7.155,12.257,9.593
55.486,18.868,83.867,18.646,12.03,-60.149,58.944,13.391,-21.803,-2.245,-4.93,18.096
54.909,20.334,99.084,22.4,7.6,-36.98,56.317,18.1,-12.613,-1.168,-9.944,0.263
56.119,17.227,60.552,-5.169,18.483,-54.686,34.768,3.747,-4.497,27.356,-13.606,-27.006
55.885,37.061,88.621,17.681,-2.629,-29.69,43.345,-9.2,-20.97,-0.929,-7.94,-41.91
56.833,54.47,86.46,12.913,-6.213,-34.684,28.452,-20.54,15.565,-0.178,-16.044,-48.578
56.985,47.202,120.82,29.903,6.28,-21.678,34.566,-3.109,-1.407,-3.554,-35.174,-53.913
55.897,57.558,134.277,12.092,4.07,-19.164,47.243,36.977,-14.884,-9.567,-2.304,-33.74
55.967,20.075,103.099,37.45,57.903,-39.883,36.201,9.651,12.544,9.91,-30.382,-31.679
54.749,19.034,82.406,3.558,43.9,-39.262,76.138,13.961,30.487,10.364,-13.487,-7.411
56.186,55.141,91.741,-7.764,27.925,-40.187,66.567,0.422,28.45,11.526,-7.545,-0.929
56.646,85.371,95.968,54.368,10.45,-32.138,45.487,10.982,-0.542,-9.687,-30.196,5.274
56.539,76.216,88.946,9.783,-12.897,-3.04,34.246,-8.605,-43.11,14.347,-14.892,-4.347
55.777,60.068,90.257,13.134,-13.374,-27.592,54.48,15.307,-12.424,4.57,-9.967,-2.769
56.421,65.538,99.255,15.334,-19.495,-16.305,29.761,-16.917,-10.825,-3.254,-19.327,-31.062
55.777,23.067,88.799,20.564,-16.256,-29.637,30.912,21.118,-21.676,0.784,-18.278,-19.181
54.227,23.716,82.456,-3.681,12.428,-22.626,51.762,30.113,-0.741,9.631,-22.407,-6.408
54.862,73.699,50.119,-12.569,5.17,-13.314,52.649,-19.473,-0.754,-9.639,-6.149,-3.156
54.772,52.594,80.6,-11.394,35.45,-30.218,53.611,-14.991,-21.455,1.736,-14.393,-19.291
55.194,7.068,85.595,38.393,19.786,-45.466,67.403,-7.063,-12.714,-11.884,2.094,-6.077
42.009,111.987,127.044,24.265,31.746,-17.872,75.476,27.436,5.543,-21.648,-20.403,-29.657
51.244,46.862,202.169,83.782,73.825,4.303,57.07,33.303,-3.635,-0.566,11.584,-31.006
50.462,25.533,75.595,-91.913,48.674,75.008,63.071,11.218,3.702,-2.384,16.759,-17.496
55.371,9.495,51.737,20.298,41.576,-37.844,31.902,11.643,6.681,-1.38,3.24,-13.929
53.75,31.923,84.229,-9.658,23.621,-35.156,52.308,18.151,9.398,3.185,-5.378,-17.391
55.319,53.335,64.185,2.878,38.231,-41.381,34.243,-9.838,11.457,12.456,-25.155,-9.862
53.242,15.257,26.47,6.252,1.334,-66.168,31.801,7.549,4.863,9.408,-11.537,4.453
55.039,38.816,47.439,-17.429,27.49,-13.266,38.436,6.068,-0.167,-2.358,-0.135,6.155
55.522,30.99,28.311,9.257,24.101,-62.172,31.697,10.163,-4.165,10.698,-14.412,11.893
54.545,39.839,40.547,-9.521,17.018,-46.959,45.35,0.492,-5.99,15.187,-7.58,5.584
55.531,21.903,35.268,0.412,15.015,-31.195,14.978,19.399,-6.412,-7.813,-10.102,-26.116
55.276,88.674,2.695,12.1,37.499,-30.905,31.722,30.162,-8.199,-11.927,-14.631,-20.46
55.723,27.57,61.531,11.016,55.267,-47.408,31.159,-1.988,10.993,41.915,-6.974,-5.75
54.723,8.275,65.058,-9.449,41.74,-41.631,24.154,15.584,12.27,10.005,1.511,3.324
56.406,58.143,41.906,-8.025,7.407,-45.858,8.695,39.631,-20.405,-5.757,-13.101,-10.164
55.17,45.052,53.575,-19.639,25.713,-15.034,12.811,4.325,-28.196,12.19,-26.106,-13.081
55.505,18.751,62.366,2.41,66.643,-34.375,25.633,12.61,13.54,17.341,-3.637,-19.416
55.556,17.696,42.75,-11.578,49.277,-51.924,46.325,22.236,22.126,14.949,-1.847,-4.91
55.544,14.313,60.229,17.117,35.008,-54.91,51.806,5.806,-8.737,1.727,-13.908,-11.062
54.499,11.463,78.074,24.732,36.26,-47.898,31.379,19.919,-2.328,5.172,2.534,20.588
53.469,32.774,20.778,2.488,-7.446,-31.22,32.695,10.827,-2.607,-7.602,-9.805,11.895
54.77,45.967,41.914,-18.433,11.813,-25.506,41.257,-3.954,-11.26,-1.308,-2.69,3.696
55.188,29.316,47.068,17.476,16.584,-58.466,37.044,9.476,-28.604,-10.992,-22.931,0.291
54.764,34.514,51.043,-15.709,32.733,-22.952,38.763,4.707,9.729,12.84,4.14,-17.777
55.273,18.835,52.858,8.288,41.211,-16.284,29.85,14.868,15.663,-5.834,-12.411,-16.726
53.971,28.6,81.358,-18.369,26.596,-32.781,40.038,17.812,4.155,1.407,-9.578,-18.02
55.359,50.568,62.812,5.614,41.571,-41.566,31.558,-6.007,13.7,12.65,-17.056,-10.545
54.107,40.004,42.975,6.658,17.96,-32.595,28.384,8.885,3.449,3.912,-11.908,-4.055
53.412,5.125,39.925,5.369,24.372,-38.317,31.274,28.065,7.099,0.982,-14.359,6.712
54.676,35.347,53.725,-27.374,22.777,-7.427,41.003,11.953,-2.277,0.034,-3.384,4.922
54.957,32.651,58.934,0.518,32.54,-39.802,39.6,12.181,-9.16,7.396,-16.966,13.359
54.448,36.496,44.87,-2.401,16.915,-46.835,43.063,-6.069,-0.582,6.91,-4.505,1.744
55.473,11.973,49.304,-0.147,35.148,-61.293,42.467,20.811,-0.233,20.168,-16.538,-19.654
53.181,116.6,-17.448,-39.032,38.867,-41.154,40.299,21.989,-8.57,-21.355,-3.307,-11.956
55.06,44.316,65.251,-9.27,43.333,-22.618,43.35,-8.906,-20.292,38.227,-21.685,-22.865
55.655,63.841,71.005,22.115,12.018,-32.599,46.242,36.626,-30.453,8.373,-32.47,-21.216
56.117,56.682,38.068,-40.753,6.184,-36.055,-9.664,10.027,-0.098,1.195,23.24,-16.892
57.042,86.43,64.628,23.295,-3.555,-23.291,-7.062,-31.861,8.303,3.868,-25.018,-29.816
55.154,-5.409,51.297,-0.147,21.122,-52.079,26.266,2.69,-9.286,21.582,-26.607,-20.035
54.124,-7.549,56.758,-2.621,44.808,-42.085,41.998,20.441,11.339,3.147,-7.465,-4.476
52.278,83.388,-27.81,-28.627,11.462,-43.097,40.577,6.396,-24.911,-3.456,-4.791,-6.503
55.539,50.534,24.824,-18.976,20.837,-24.956,41.447,-27.225,-17.531,7.798,-1.698,-2.25
56.115,21.478,72.69,7.707,22.314,-28.144,41.521,16.748,-2.019,-13.2,-16.126,-7.163
55.017,26.515,62.302,-12.176,26.183,-27.824,34.624,9.55,12.864,-2.955,-3.131,-12.967
55.463,12.471,57.438,14.473,40.431,-19.718,35.505,14.822,13.164,-3.549,-8.951,-12.04
53.973,33.093,82.944,-16.767,27.25,-31.772,53.339,19.309,13.826,-1.867,-7.461,-11.79
55.409,51.771,63.906,0.688,33.366,-34.6,40.415,-9.673,13.964,10.365,-24.573,-12.859
54.766,21.661,59.368,13.757,42.509,-48.073,25.745,8.633,8.737,13.376,-10.214,-9.544
53.225,11.776,36.226,5.01,19.263,-36.569,27.458,19.871,7.819,2.498,-14.304,0.827
54.36,37.067,55.464,-29.698,25.904,-9.759,42.739,13.12,-5.565,-3.564,-6.608,5.285
55.523,37.575,27.308,10.579,26.585,-61.996,31.509,10.188,-4.011,11.015,-9.632,10.622
54.521,39.954,47.142,-10.244,14.624,-45.97,44.585,4.342,-0.574,15.763,-16.573,6.572
54.534,14.644,57.753,-28.759,25.588,-29.671,27.287,28.626,-9.985,4.41,-13.644,-13.808
55.081,88.635,8.193,0.564,35.404,-23.199,34.14,31.338,-5.59,-8.508,-18.216,-21.197
55.215,31.938,55.641,6.98,49.927,-23.054,39.881,-7.799,9.627,36.159,-1.24,-6.223
54.627,4.509,68.852,-2.429,44.67,-40.72,33.942,4.663,8.492,10.456,-1.881,0.442
56.358,56.512,43.75,-5.455,1.735,-44.321,7.907,41.617,-19.37,-4.748,-8.798,-10.226
55.098,42.856,55.278,-18.076,25.943,-16.472,15.271,6.344,-26.618,12.714,-26.946,-10.475
55.914,19.443,62.232,2.601,59.128,-50.88,35.248,17.101,9.546,8.634,-7.337,-12.178
55.36,9.232,57.25,21.052,34.051,-58.43,51.27,9.594,-8.153,4.514,-16.984,-10.745
54.718,21.557,65.262,13.254,25.991,-35.608,25.547,25.439,-7.063,2.29,-1.916,19.563
55.487,47.073,45.484,-6.273,11.969,-51.812,42.454,-7.302,-26.319,-12.455,-8.673,-4.115
55.276,30.464,45.702,25.011,21.132,-57.955,43.002,8.608,-27.137,2.793,-10.526,1.787
54.601,30.218,49.911,-14.27,33.013,-25.865,38.985,-2.203,10.143,11.714,5.32,-20.413
56.038,22.112,47.274,21.235,38.255,-54.917,29.493,1.643,6.928,7.85,-3.792,-7.069
54.248,36.027,76.188,-16.325,31.269,-31.574,42.894,11.855,12.435,-0.67,-8.447,-11.298
55.275,50.338,55.467,6.384,44.45,-40.833,30.37,-7.776,15.848,6.829,-14.806,-9.75
53.527,17.065,38.778,9.907,18.138,-32.798,19.587,18.389,7.968,4.974,-10.875,0.737
55.489,36.396,43.231,-3.651,28.902,-34.604,35.896,5.473,-10.291,6.296,9.499,5.211
55.54,32.875,33.114,9.523,26.061,-47.175,38.292,7.477,-10.531,6.355,0.026,9.742
54.425,42.177,36.806,-5.831,17.836,-38.066,47.409,0.518,-1.463,6.79,0.783,-2.782
54.737,26.725,68.106,-6.514,30.112,-36.833,44.642,33.406,-6.525,2.526,-19.495,-1.136
54.443,88.278,38.481,-52.926,37.948,-37.015,67.183,-33.6,-34.788,-6.825,-13.504,-15.738
56.456,82.969,66.265,42.444,22.47,-31.482,47.916,40.796,-20.619,-3.747,-20.608,-14.851
55.328,75.543,52.209,-56.693,8.627,-27.807,23.582,-5.961,-33.425,15.331,-0.551,4.481
57.8,109.833,100.078,3.435,-23.707,-23.536,9.802,15.766,-16.664,2.63,-6.414,-32.38
58.753,126.585,74.691,17.297,4.641,-18.415,7.259,-19.675,-5.637,2.523,-39.507,-19.975
55.322,27.532,81.334,2.52,36.712,-38.371,45.022,-1.245,6.466,-10.712,-15.94,-8.929
56.424,38.257,80.377,-4.885,-29.089,-38.154,58.937,30.712,-26.412,10.984,-7.76,-15.761
57.332,74.843,64.851,26.522,-7.762,-21.711,42.398,6.026,-23.21,1.028,-29.27,-4.656
56.717,59.258,61.782,22.164,26.825,-12.335,52.529,40.955,-15.009,-15.376,-16.733,20.495
55.084,37.914,36.066,-36.272,29.232,-46.215,74.908,-21.418,-19.035,13.703,-13.256,12.832
56.222,24.862,72.224,-21.861,42.26,-39.572,88.009,50.667,6.476,-15.4,-7.377,6.332
57.797,48.286,58.887,-0.893,27.82,-59.653,52.618,17.624,-11.976,-1.368,-11.19,30.074
57.536,50.402,65.869,14.87,31.239,-51.563,53.836,3.533,-13.067,9.337,-12.222,13.503
55.666,3.63,66.337,22.602,58.562,-43.945,51.877,6.612,28.281,2.185,0.945,-10.855
54.645,40.683,84.882,9.197,48.54,-44.873,60.3,11.254,18.653,8.527,-7.973,-11.068
55.381,46.564,65.929,11.54,41.689,-35.688,37.147,-7.3,9.286,1.521,-17.521,-7.022
53.158,16.294,23.125,9.081,11.895,-57.634,36.898,1.088,5.822,5.862,-1.108,0.992
54.649,36.322,55.527,-27.187,29.303,-10.837,42.54,10.593,3.055,-5.144,-6.958,3.028
55.256,26.72,31.628,9.157,22.065,-62.873,32.647,12.912,-2.414,1.176,-16.807,12.831
54.613,32.971,45.426,-12.528,12.096,-54.405,49.177,6.912,-0.19,20.577,-9.101,6.666
56.309,44.072,80.077,-2.236,23.649,-23.694,19.353,0.688,-14.951,-3.538,2.07,-9.601
56.159,41.555,30.255,22.485,22.964,-39.292,36.148,13.048,-25.678,-9.658,-17.911,-0.611
53.785,72.252,22.429,-33.022,20.064,-25.675,23.621,29.388,-18.498,1.88,-28.698,-17.83
56.092,81.309,58.223,-4.728,36.576,-11.808,59.846,9.945,-17.724,11.407,0.853,10.831
56.293,71.282,71.043,-0.791,48.555,-30.333,70.603,-21.671,-26.15,16.645,-2.162,17.8
56.843,67.226,47.156,20.249,9.101,-51.804,30.737,33.676,-32.401,-16.166,-12.146,2.035
54.13,76.194,33.22,9.695,25.202,-12.893,37.93,-1.037,-45.493,7.784,-28.557,-11.477
56.595,53.998,66.346,1.89,49.904,-15.702,43.409,13.25,-12.948,17.738,2.799,6.51
57.425,67.165,56.491,6.712,66.267,-54.765,63.801,5.012,10.92,4.43,-4.845,7.461
56.694,69.355,50.589,-1.032,41.119,-40.524,64.384,9.449,-31.293,-15.733,-10.083,3.919
55.568,44.674,76.57,-3.482,19.608,-52.033,98.16,26.099,-40.891,-7.683,3.469,38.444
56.969,61.665,66.425,8.414,29.258,-59.564,71.51,30.763,-30.148,-0.965,5.926,47.981
56.442,88.412,82.759,11.239,41.382,-39.51,72.669,15.89,-14.455,-5.719,-13.356,44.641
56.543,62.811,67.829,5.644,39.554,-37.864,54.414,-3.571,-5.609,15.407,-0.253,15.957
56.531,31.57,85.372,35.805,45.889,-43.682,33.75,-1.081,1.789,4.314,-15.088,-19.594
55.985,14.709,69.792,9.912,60.647,-44.555,56.521,20.722,16.875,2.699,9.178,-1.133
56.016,56.376,88.735,11.217,52.578,-51.255,51.441,5.634,14.852,15.824,-13.276,11.506
55.838,36.368,66.475,12.864,42.763,-55.178,60.465,6.181,16.177,28.239,-8.155,1.888
55.345,19.241,73.75,19.114,53.483,-50.388,59.669,13.386,11.943,3.161,-18.965,6.636
55.88,38.377,43.036,-0.735,43.439,-48.053,36.293,-0.555,-0.89,11.379,-0.62,8.898
55.989,16.349,42.917,7.208,52.936,-52.154,46.014,1.564,9.203,21.617,3.693,-7.739
55.658,23.658,78.389,1.251,51.494,-49.829,73.689,14.699,4.381,10.304,-9.792,-8.044
55.638,23.175,97.206,22.442,46.41,-27.82,59.828,7.589,-38.658,-9.373,-19.546,12.947
55.783,45.816,17.259,11.482,26.012,-51.025,56.918,3.996,-25.187,-4.094,-10.264,1.366
55.208,67.4,50.021,-10.023,38.971,-25.796,56.328,-13.708,-45.515,10.875,-16.873,-1.923
54.109,75.912,47.387,66.739,18.59,-47.222,52.995,35.94,-23.28,5.601,-29.714,-13.167
55.635,66.614,57.768,-44.673,-13.047,-0.392,2.227,18.518,-13.259,-0.583,14.252,-24.247
53.711,56.988,92.121,35.486,-6.358,-38.147,88.915,-5.266,-27.233,19.832,-10.926,-9.472
55.612,39.199,73.943,52.18,52.224,-38.164,77.861,-0.489,-14.929,10.663,-20.734,-22.445
56.024,40.579,46.865,10.61,15.302,-34.408,70.676,26.746,-24.823,1.381,0.254,1.109
55.234,27.221,48.829,15.505,43.881,-19.881,82.356,4.264,-15.102,15.199,-9.832,4.245
53.475,51.167,23.331,42.327,61.776,-56.261,54.616,72.626,22.869,7.596,-22.575,0.58
56.079,69.241,58.17,52.577,55.187,-17.529,75.031,-22.791,0.904,39.346,5.005,11.489
55.936,19.496,53.262,1.688,24.423,-62.191,61.608,-7.992,5.643,5.936,2.951,15.901
55.681,1.799,71.295,20.646,34.744,-68.05,74.758,16.907,-3.1,4.918,-3.841,21.076
55.01,18.282,74.416,1.742,25.074,-43.178,70.098,14.769,2.757,2.447,-8.51,9.913
55.99,45.774,94.329,31.524,-1.207,-17.39,28.746,5.853,-33.336,-13.605,-28.107,-14.626
55.239,21.564,51.311,4.287,-18.638,-32.956,49.754,17.471,-27.059,15.558,-18.243,-5.71
52.286,61.097,31.044,-25.602,6.539,-38.577,50.238,25.544,-19.513,-25.732,-0.123,-2.879
53.556,96.574,129.716,60.672,10.296,2.675,58.702,3.49,-37.94,-6.948,-29.186,-7.585
48.075,133.88,149.812,107.162,12.737,-20.463,57.078,52.706,-32.187,-8.363,-41.302,-17.013
46.673,64.494,130.969,-8.968,64.63,34.67,19.672,22.271,2.671,47.82,-19.6,-34.422
48.758,98.331,162.822,6.726,65.766,-11.106,4.863,-60.146,2.347,14.213,-15.116,-51.085
48.414,1.928,188.314,53.117,95.886,-8.677,-3.0,-6.245,-11.319,-0.766,-13.818,-22.839
47.177,-44.175,186.845,75.946,123.97,9.692,-2.557,6.014,-11.877,3.379,-33.192,-24.357
43.481,-37.441,183.583,72.37,124.762,26.11,-5.1,65.603,-6.435,0.915,-17.543,-9.9
41.278,105.292,256.005,-53.344,98.018,37.421,66.304,-70.923,-48.081,64.284,-26.682,-9.724
47.574,30.941,234.912,80.022,95.374,-7.19,28.067,11.626,-11.314,-14.482,-33.537,-37.085
42.304,-21.586,199.642,92.151,128.254,-33.051,-6.122,18.352,-1.195,-6.305,-26.381,-34.028
23.543,73.279,29.981,330.98,64.124,-98.284,-59.491,119.248,-8.93,-47.068,-81.353,-18.661
