23.606,73.122,172.736,-386.788,107.172,128.42,91.098,-115.731,-41.05,66.055,-56.473,22.4
42.949,-47.098,4.745,41.972,72.493,9.228,-34.787,19.292,21.753,-5.096,-58.25,34.612
39.188,-5.093,-18.517,-17.407,42.667,124.195,16.446,-23.772,8.953,-11.321,3.093,19.102
47.979,58.618,40.061,-31.451,14.725,24.487,-71.4,16.486,-41.177,38.2,28.423,-32.482
50.064,47.395,45.634,9.912,22.669,-22.083,-35.574,-41.25,-8.023,9.529,-1.718,-16.434
46.793,-12.326,50.169,35.254,43.588,-48.709,-23.557,-23.954,-4.651,7.601,-8.962,7.833
45.729,-9.146,23.721,-13.556,27.879,-41.696,-10.463,5.091,11.947,16.276,-1.364,25.693
46.691,-30.013,74.106,-14.359,61.665,-39.583,4.187,15.241,-10.707,-6.032,1.542,2.474
47.803,11.155,127.269,16.052,64.626,-43.06,8.479,9.173,-19.58,-7.682,4.766,-19.267
48.716,43.876,44.12,11.103,51.427,-24.104,-59.649,-2.307,9.525,-18.617,-13.662,-9.548
46.561,1.95,28.234,-26.212,19.813,1.153,-25.298,-19.553,-6.893,5.51,-6.182,15.354
45.693,-9.891,59.362,11.969,73.443,-27.804,-23.531,71.936,-1.678,1.418,-0.499,26.147
46.277,101.185,13.669,-87.672,78.188,4.096,-34.519,-46.527,-28.479,33.15,-22.484,-9.587
47.243,21.607,-5.254,19.392,28.071,-27.207,-73.771,-10.356,-0.912,2.574,-27.938,-14.043
42.461,-2.189,2.436,56.933,39.083,-15.408,-43.929,-12.725,2.274,5.798,-10.178,-9.211
34.917,-10.386,30.829,23.233,47.527,-6.402,-62.394,-4.436,-5.056,-21.439,-14.308,-5.909
40.119,40.191,25.809,31.575,60.025,58.836,-26.753,3.149,-7.812,3.24,33.539,-3.944
49.092,47.681,79.693,-13.048,19.109,54.82,-42.468,-11.931,-33.301,16.535,34.35,-43.715
47.039,-14.309,56.264,36.766,71.335,-26.321,-36.092,-15.695,-5.249,19.314,-15.055,3.059
46.23,16.259,23.1,-19.88,13.813,-12.615,-14.201,-1.029,2.249,-16.427,-11.04,32.255
48.483,32.191,68.19,-21.089,19.881,39.141,-64.507,5.425,-36.311,-6.546,4.23,-29.948
49.012,57.774,48.608,-7.164,16.456,9.892,-53.503,-16.631,-30.472,0.676,14.47,-33.057
49.787,2.493,88.883,21.151,23.733,-29.161,-17.785,-15.32,1.362,-0.478,-7.282,-34.733
46.913,0.819,46.881,61.048,42.925,-18.844,-3.8,44.557,1.749,-5.91,-55.736,-21.813
46.61,44.752,57.469,-67.563,36.071,49.252,-38.692,-13.529,-43.222,6.21,28.665,-43.707
47.895,48.825,27.81,27.0,10.844,17.216,-76.209,-4.537,-7.131,-17.325,-29.301,-16.302
46.599,24.023,48.924,-11.443,24.049,23.618,-38.178,-21.589,-17.774,9.419,13.801,-8.598
43.132,-28.371,26.066,-45.57,51.228,-36.139,-54.744,0.784,39.288,4.945,11.98,-0.997
43.6,-10.752,2.63,6.472,19.064,-12.99,-29.918,-1.412,24.913,-9.18,-31.456,16.837
46.295,11.804,80.078,-89.929,66.993,50.623,-43.219,-12.35,-25.212,0.377,8.261,-30.663
48.032,11.446,64.935,54.785,34.866,1.796,-81.085,-3.939,-21.798,-18.792,-50.382,-33.447
38.098,43.889,67.017,-31.524,31.499,-28.522,-37.191,24.849,-24.002,-23.253,-4.464,-15.949
41.056,-39.124,55.126,-130.35,21.601,19.786,-11.779,-2.928,-12.991,-1.623,-15.584,4.146
45.259,-46.023,10.973,-13.276,74.364,-38.854,-28.545,-3.941,25.19,3.094,4.133,23.242
45.647,-34.695,17.328,-57.893,72.911,-41.212,-3.293,-1.722,19.515,-3.247,17.742,14.463
47.032,57.829,-8.913,66.277,-1.993,-0.325,-70.113,-18.29,-11.174,-10.646,-61.567,-16.693
44.719,1.471,15.613,29.368,47.645,-15.458,-37.954,-51.379,-35.631,44.503,-23.561,10.187
43.837,56.769,32.257,-104.39,28.856,75.27,-32.227,1.666,-12.702,-25.538,-36.817,-16.99
47.848,74.631,27.832,-33.88,38.434,48.282,-18.84,-27.495,-61.792,48.388,-25.965,-17.677
47.563,28.125,41.783,-14.409,18.239,52.366,-51.293,-9.046,-22.785,-7.085,-7.883,-33.841
46.705,53.199,57.089,-63.248,11.373,46.475,-51.223,-36.605,-16.665,-8.464,18.903,-50.898
47.457,-9.545,17.686,51.292,59.824,-17.809,-55.214,4.262,-5.355,2.198,-15.295,13.656
42.241,-26.091,24.882,-46.301,66.387,-1.919,2.843,-30.03,-21.396,16.447,8.452,17.023
47.277,-25.949,12.382,20.784,19.105,-37.825,-39.395,-14.773,-11.594,-8.853,-6.455,27.002
46.559,-9.783,0.064,-45.818,40.274,-5.806,-34.853,2.149,6.018,-15.856,-15.877,8.212
45.835,19.464,-0.423,-23.973,88.485,-46.572,-29.711,49.118,2.524,3.845,2.036,12.725
50.815,28.373,101.012,24.898,53.125,-6.237,-44.827,-4.264,-27.857,15.239,26.167,-46.761
48.154,1.447,63.356,75.886,45.556,-9.944,-58.266,2.908,-11.878,1.573,-47.32,-46.371
35.96,3.355,78.764,31.529,59.073,-22.773,-49.754,-14.935,-4.853,-8.967,-9.915,-30.167
43.584,54.881,82.551,-99.865,38.353,79.087,-29.029,-28.018,-23.44,-5.336,0.994,-36.614
48.519,20.484,87.604,1.35,28.588,7.808,-20.154,2.883,-27.91,6.486,-8.152,-19.14
47.325,-1.863,28.379,34.528,27.972,40.942,-48.006,7.141,-25.723,-8.344,-24.479,-17.332
44.505,-15.791,-0.23,-1.565,62.494,-10.272,-14.791,-4.76,-25.162,38.967,-0.45,19.469
46.345,49.168,-14.389,-9.087,17.088,31.54,-38.972,-5.792,-26.452,15.963,12.643,-21.709
45.218,-73.357,-17.468,-16.162,53.29,-46.838,-11.392,-9.449,8.847,12.004,-6.667,16.818
44.509,-39.452,10.331,-16.92,75.456,-31.827,-23.731,70.981,14.47,5.738,-6.185,-3.526
43.317,-11.05,11.096,-71.333,73.487,-9.153,9.985,-38.414,-21.053,23.967,-6.545,-17.045
46.742,-46.456,69.307,-1.066,47.778,-27.992,2.041,11.334,-13.969,-12.502,-19.522,-24.26
44.179,-59.502,8.989,50.593,40.529,-47.886,-9.437,19.784,-14.84,5.051,-23.243,-5.715
41.793,-53.808,6.755,-76.256,38.301,-30.91,10.518,0.94,-15.727,10.939,2.993,1.27
42.387,20.882,-32.195,-46.886,38.568,-0.921,-43.383,67.609,-23.232,11.009,-3.144,-25.012
41.933,105.421,-3.12,-70.786,40.962,1.74,-24.043,-99.483,-44.46,64.11,-29.825,-8.121
41.799,-15.386,-27.832,-44.723,32.592,-27.98,-49.046,10.262,-24.506,7.564,-9.076,-20.929
39.399,23.609,-11.288,3.075,-1.235,-6.776,-76.447,17.96,2.283,-17.567,-35.616,-28.554
43.686,12.433,69.475,-76.737,93.343,44.748,3.659,-28.548,-14.666,60.133,37.668,7.676
44.906,-4.043,11.594,65.652,81.82,-5.286,-47.164,-12.438,28.92,10.768,-63.31,37.879
39.463,16.551,6.205,-67.256,43.496,135.131,3.815,-6.548,22.88,-41.165,-39.29,12.993
47.711,40.282,31.543,-36.465,37.062,41.937,-74.464,17.98,-28.601,33.237,24.473,-27.566
52.032,27.646,-19.9,45.911,14.173,-52.437,-3.687,-42.806,-18.46,8.084,-7.22,-26.653
47.255,-21.309,28.8,1.649,22.929,-60.135,-15.048,2.766,-3.661,3.619,3.878,-1.189
51.947,53.177,-23.382,62.947,20.489,-60.86,-15.866,-35.962,-40.168,-4.034,-12.087,13.301
50.25,24.317,-16.622,5.521,47.537,-39.092,43.93,-46.271,-27.487,9.153,30.21,-14.276
52.806,77.55,-2.068,49.686,47.086,-47.378,-62.36,-8.819,-30.559,1.029,11.738,-15.177
48.801,21.195,-70.907,23.505,11.091,-47.013,-4.411,-84.867,-29.971,14.304,-27.638,-17.156
47.695,-22.808,15.878,3.653,28.311,-32.666,-16.73,5.228,6.701,11.747,7.19,2.833
51.38,36.341,-37.428,63.128,44.975,8.78,-7.112,-46.178,-37.545,-16.044,-2.5,-20.213
48.046,43.336,-64.921,13.598,87.531,-3.888,10.408,50.63,7.2,-25.49,18.762,4.088
52.046,82.144,-21.365,17.949,60.866,33.423,-27.25,-16.704,-35.933,44.95,35.586,-19.682
51.3,29.144,-49.089,29.141,3.182,-69.996,-33.857,-34.873,-27.77,3.275,-20.402,-30.233
45.743,-16.918,2.428,23.207,15.735,-48.309,-25.697,-5.522,4.698,0.825,-20.57,-4.991
48.524,61.116,-70.128,125.614,12.329,-55.487,-38.391,-25.589,-46.896,-13.286,-48.792,-6.922
42.12,32.667,-143.997,65.352,8.939,-57.778,-18.009,-64.396,-31.347,18.551,-27.874,0.726
38.276,38.581,57.236,-52.408,50.639,77.147,-16.747,-22.432,-33.723,-27.753,-59.249,0.253
51.978,55.01,-42.528,-8.196,-11.177,43.143,-9.08,-20.627,-41.1,10.523,10.217,-55.413
50.72,-11.638,33.766,3.316,-12.766,-5.73,-21.395,-2.016,-4.524,-6.446,-26.333,-63.196
48.034,-33.932,28.889,28.403,31.58,-40.306,-13.596,-4.459,7.207,24.757,-13.213,-5.242
49.108,11.011,3.66,-23.192,32.077,36.803,-2.787,25.959,-5.476,-49.633,-55.192,5.825
52.047,52.466,-38.222,5.436,14.187,-19.815,-35.667,-13.653,-54.499,22.51,-0.641,-51.677
52.207,72.867,-7.983,10.234,30.498,63.222,-21.795,-30.0,-49.181,12.705,18.866,-35.832
49.415,61.098,0.383,3.246,12.595,-16.807,-38.628,-30.779,-25.052,-34.913,-6.402,-61.664
52.283,14.105,-6.359,36.609,31.692,-12.822,22.912,-36.677,-18.076,11.459,10.869,-41.517
48.535,-16.791,56.614,2.613,35.351,-34.11,22.12,37.765,2.195,10.066,-34.289,-22.92
48.781,51.046,-63.083,126.391,7.881,-60.873,-34.776,-28.434,-42.884,-21.024,-58.918,-6.019
47.661,64.33,-39.942,-90.557,35.514,50.534,0.187,-46.488,-33.656,3.049,31.195,-44.631
52.311,70.119,-15.191,72.661,24.496,-22.378,-65.486,-21.604,-39.994,-4.936,-28.944,-7.875
48.121,47.688,-53.478,-42.801,19.339,29.713,3.83,-49.81,-23.729,1.678,41.224,-27.623
51.745,29.695,-26.692,69.526,43.529,-72.339,-29.277,-50.081,-40.686,-3.731,-20.878,-9.257
47.555,47.291,-93.781,30.438,45.853,-48.703,8.846,-15.005,-9.891,-3.346,-1.995,13.791
53.246,68.679,16.131,-0.092,44.165,46.769,-35.035,-19.095,-33.914,-1.845,10.875,-33.239
52.269,50.892,40.987,-4.766,16.032,-20.437,-37.262,-33.637,-22.303,-22.563,-1.668,-72.582
53.798,41.212,-4.1,17.972,5.746,-49.832,-31.25,-30.45,-27.476,4.4,-18.003,-50.7
48.494,79.835,-47.926,126.272,33.426,-44.127,-41.322,-12.607,-48.246,-22.375,-23.197,-19.953
44.983,79.752,-98.472,8.439,11.603,-38.532,-9.628,-33.564,-29.053,13.44,-6.171,-15.707
45.364,-0.984,41.396,-95.954,44.021,79.945,-20.054,21.138,-5.779,-11.872,-23.375,-1.608
49.532,23.573,-91.174,-18.076,58.839,-62.366,11.449,-47.081,24.8,33.328,10.958,6.001
48.406,-8.071,20.846,-17.667,37.641,-15.488,18.378,-0.144,19.545,-7.876,-30.184,36.373
53.1,92.113,30.462,-5.482,-2.811,-15.755,-57.822,11.224,-3.53,8.125,5.833,-28.884
48.197,48.753,-52.837,133.745,21.65,-67.257,-45.849,-24.963,-48.598,-22.777,-51.78,-5.907
48.998,30.43,-67.016,-9.012,62.933,-2.676,20.27,-52.633,-22.718,29.503,5.131,1.764
44.108,4.334,-67.205,48.41,66.168,-83.992,-16.633,-32.282,-20.403,27.905,-26.711,-0.351
54.167,56.34,12.022,38.827,19.464,-16.735,-32.681,-46.876,-47.629,4.818,6.495,-39.936
48.131,80.479,-43.929,62.452,39.544,-73.836,-36.314,21.429,-39.865,1.092,-1.707,-39.459
53.717,62.919,0.645,-3.305,-0.847,-46.686,-23.661,-1.569,-28.186,19.559,-16.49,-42.919
52.093,39.985,50.699,7.595,-3.401,35.357,-28.007,-25.024,-11.627,-3.541,2.711,-49.795
49.782,42.932,-59.547,123.127,9.651,-21.068,-44.65,-38.494,-37.629,-12.689,-68.104,-10.757
51.028,81.049,-22.083,-30.605,-7.168,8.981,-33.26,-51.633,-45.281,27.975,26.132,-56.129
50.721,18.125,-16.424,112.643,72.089,-59.454,-42.31,-46.255,-48.948,10.247,-31.207,0.314
47.692,20.694,-84.868,-14.908,56.492,-23.256,25.643,-75.69,-17.126,26.657,25.34,-1.44
47.667,-32.4,42.968,3.094,39.151,-14.678,13.121,3.009,19.122,-4.81,-5.886,-5.443
52.212,33.525,-31.932,28.283,49.735,26.68,-4.88,-24.921,-19.647,-18.554,5.573,-5.697
48.236,55.12,-92.07,21.063,78.683,-46.331,-1.053,29.23,5.126,1.633,2.741,-5.814
53.492,58.317,22.074,15.212,56.454,51.887,-3.97,-35.212,-30.174,29.379,50.874,-50.548
52.797,23.527,51.684,8.009,46.809,-56.19,-25.553,-32.082,-19.09,34.358,-19.272,-72.036
53.706,28.545,12.72,13.808,23.008,-16.719,-13.684,-21.25,1.482,-8.338,8.637,-70.397
49.915,-5.174,26.361,32.314,29.156,-22.65,-43.543,-4.822,3.994,3.047,-23.627,-43.5
50.523,66.03,-44.364,81.252,16.279,-53.017,-38.788,-32.278,-41.299,-9.614,-20.051,-26.605
43.74,46.873,-100.959,47.442,8.799,1.84,-18.95,-64.298,-0.097,-24.43,-8.287,-38.27
50.46,53.954,-38.07,76.642,44.775,0.776,-38.234,-29.892,-58.7,10.693,10.451,-14.842
47.861,39.751,-18.47,-76.75,47.195,47.497,31.817,-44.754,-25.19,-5.197,7.837,-31.464
51.073,-1.775,59.106,-28.794,9.27,-7.625,-31.812,5.794,-24.274,12.807,6.878,-36.483
49.041,49.17,-59.763,128.224,18.139,-34.282,-27.677,-28.15,-48.536,-22.569,-47.151,-18.362
49.006,0.943,-104.811,-4.796,70.65,-18.86,27.633,-54.469,-6.448,14.18,2.513,-5.712
45.158,18.448,-36.27,28.244,30.309,5.743,-10.181,-6.893,26.986,-69.235,-50.804,11.874
53.271,110.572,-12.197,11.322,17.221,2.65,-50.981,13.657,-36.381,12.197,48.495,-33.701
50.168,0.427,-32.904,40.103,29.154,4.538,-9.86,-62.19,-25.684,2.888,-23.114,4.341
45.673,-67.691,15.787,-8.08,42.579,-22.249,1.533,60.417,19.782,-0.675,-35.821,-8.657
46.168,9.897,45.049,-59.75,43.671,28.066,16.141,-15.915,-24.837,14.482,6.744,-27.659
46.626,-22.715,75.485,47.537,71.854,-9.185,-4.184,18.933,-36.161,-6.608,-28.018,-14.274
43.356,0.1,5.241,-38.999,38.856,-32.684,26.481,-2.495,-17.841,1.989,9.357,22.578
46.945,-11.341,65.215,-15.283,60.836,-28.15,19.09,-1.207,-23.572,3.579,12.788,-2.843
43.939,15.857,29.78,-43.524,40.698,6.58,-38.267,87.458,-17.484,-0.723,-25.277,-15.608
42.763,54.97,-14.369,34.693,76.001,44.901,-40.918,-47.498,-48.258,12.283,-92.376,-16.254
32.644,-18.554,119.435,-260.869,42.267,-1.253,-8.701,14.421,-15.667,30.953,19.269,-21.154
47.178,16.558,9.116,18.509,37.163,-18.403,-43.462,-45.119,-4.98,-6.926,-7.988,16.806
46.473,-30.881,48.536,7.286,59.569,-1.532,-9.249,7.314,5.67,-27.7,-3.703,29.122
47.47,-2.902,94.072,1.191,64.769,-30.905,-0.864,12.811,-8.863,-13.689,15.217,2.07
49.868,51.605,-23.277,-1.967,34.504,-9.755,-18.019,53.832,-15.008,-5.278,-16.126,2.878
48.505,47.429,1.078,-34.522,11.513,-2.248,-39.44,-13.468,-47.162,33.387,-38.891,-9.495
53.169,17.594,-2.933,2.237,23.021,-39.369,-12.198,-30.874,-25.546,8.85,-15.119,-9.4
47.167,-2.956,-72.396,133.36,-0.943,-77.026,-26.601,-29.204,-27.86,-1.964,-47.77,0.209
42.578,30.003,45.005,-142.733,12.567,68.713,-23.899,22.097,-14.121,-27.072,-49.959,9.736
44.785,-30.333,-0.582,18.241,64.062,-43.307,-49.392,-12.741,-23.909,22.604,-17.265,26.379
51.297,11.513,-84.832,-8.389,16.868,-77.996,-2.565,-56.511,-27.226,27.362,-7.593,3.23
47.293,-37.985,-54.939,112.819,2.014,-9.206,-15.017,-9.415,-8.824,-31.667,-56.454,16.079
48.892,24.531,2.524,3.985,40.424,61.411,-4.026,12.075,9.406,-22.824,-22.993,0.478
52.873,32.957,-1.873,1.57,23.103,-27.12,-14.597,-22.723,-6.631,24.726,11.491,-3.1
52.834,11.035,-35.72,35.061,14.855,-61.217,-1.925,-28.34,-30.906,17.554,-23.489,-38.401
48.544,26.557,5.608,-23.151,-1.305,-9.445,-60.072,22.838,-29.719,-12.296,-29.88,-39.611
49.07,8.588,-42.868,110.994,4.162,-24.398,-10.558,-24.614,-12.889,5.013,-36.643,14.487
47.967,10.299,-80.561,47.362,-30.455,-61.799,-23.233,-40.503,-28.891,20.327,-17.266,-2.918
48.965,36.472,7.798,-53.613,18.957,51.491,-34.987,-13.216,-3.698,-5.86,-17.62,-13.271
51.981,16.056,-23.956,23.352,33.054,-42.914,-18.513,-23.979,11.256,12.139,5.259,8.216
52.009,24.06,-11.537,36.657,5.252,-68.143,-31.64,-12.496,-27.484,5.987,-19.085,-23.607
47.56,-4.483,33.163,-103.728,25.687,3.161,-4.097,6.218,-41.762,-14.968,-24.933,-3.698
45.658,-13.554,21.88,80.852,52.523,-36.813,-37.762,-0.498,-9.67,-14.607,-24.775,28.701
50.428,25.054,-91.729,31.947,-10.045,-39.962,-26.068,-38.363,-30.334,22.704,-16.507,-3.674
48.59,-22.221,10.944,5.315,-7.375,23.559,4.9,8.87,-5.944,-20.001,-2.721,9.004
49.226,31.089,27.414,-63.216,20.428,42.1,-20.671,41.225,-18.087,-19.013,-31.839,-14.068
50.385,86.139,-40.379,-33.585,42.373,20.896,-11.645,-18.749,-44.977,18.134,-35.77,1.055
50.987,94.413,-30.251,8.537,-26.854,-49.298,-36.514,-23.302,-38.028,-7.849,-18.585,-15.353
47.28,11.049,-62.035,108.154,16.569,49.421,-15.489,-9.771,-6.554,14.82,-8.902,-7.274
46.748,11.323,-85.068,62.092,-30.894,-69.413,-23.75,-45.206,-30.297,20.508,-20.666,-7.231
46.023,40.011,-6.666,-12.428,21.366,95.537,16.157,4.639,12.188,-32.472,-15.828,-13.298
52.59,38.097,-25.362,-7.702,1.332,-34.913,-51.5,-12.998,-10.755,14.503,8.432,-17.721
51.57,26.474,-14.245,46.278,13.138,-40.569,-28.402,-33.159,-21.817,4.794,-36.428,-17.533
49.029,-1.426,-4.141,-19.22,34.559,70.69,0.457,4.534,-6.538,-50.816,-4.056,9.864
47.688,9.708,36.243,74.947,29.477,-8.701,-46.632,10.676,-7.324,-19.625,-30.881,-2.706
50.117,49.626,-97.163,51.996,-37.295,-16.563,-42.245,-66.727,-15.021,9.32,-39.406,-4.216
47.838,-14.252,-9.627,86.745,19.974,8.762,-30.997,-28.259,-33.652,17.846,-74.419,-9.906
52.198,49.885,17.891,55.029,31.998,-5.852,-15.776,-21.543,-12.584,18.031,-37.658,12.648
53.491,33.919,-1.688,-5.301,30.657,-40.618,-15.497,-7.546,3.561,21.253,9.831,21.503
49.892,29.979,-71.165,22.19,-26.387,-93.738,-14.556,-38.021,-46.176,-1.048,-14.078,-14.287
46.958,15.362,-3.387,68.729,7.652,-20.638,-75.243,-23.5,-17.089,-17.478,-60.425,-25.901
50.699,36.346,-47.49,56.532,12.066,19.087,-38.04,-15.281,-20.787,21.675,5.211,1.381
48.405,-1.385,36.533,-0.101,50.26,9.69,-42.718,0.198,-10.964,-8.57,3.253,3.592
48.381,-6.047,-90.591,41.171,-16.674,-70.568,-22.988,-51.05,-23.597,20.732,-28.63,-5.376
46.852,-39.562,-24.555,66.509,39.213,-47.32,-28.735,-38.508,1.119,32.525,-32.25,21.847
45.384,-40.55,-0.793,-17.655,30.524,30.714,-3.373,13.936,10.688,16.576,-22.798,17.509
46.497,40.607,19.425,-37.176,28.286,77.223,-19.969,-37.878,6.932,-35.101,-12.92,-29.833
42.445,-58.928,11.825,-15.639,56.988,36.82,-11.013,18.914,-13.71,-18.293,-69.416,4.152
43.96,-47.367,14.129,30.479,70.589,50.228,15.622,2.737,-39.94,15.894,1.728,-9.041
44.277,80.313,-6.392,-71.928,53.154,9.017,-22.132,-85.041,10.097,-23.328,-0.462,8.824
45.541,7.429,11.656,7.655,21.159,1.782,-67.7,6.244,-19.525,-39.625,-28.756,0.778
42.223,-33.548,32.582,-42.448,63.378,101.435,3.94,-1.35,-4.837,-30.712,-19.883,-17.094
47.724,-4.963,83.515,22.649,81.447,-21.762,-15.237,10.452,-19.989,-6.404,-5.544,-27.112
46.959,44.854,26.653,-42.253,31.268,-23.445,-97.2,-6.402,1.175,-5.44,4.249,-2.838
49.36,41.225,67.867,-9.874,70.236,-30.256,-48.08,-27.504,-3.029,20.119,-0.555,-27.425
52.676,16.312,-21.137,22.217,9.31,-60.843,-12.006,-10.872,-2.378,28.735,0.053,-11.806
50.938,65.609,15.98,-20.213,-4.089,21.662,-16.744,4.778,-10.529,-18.572,-15.591,-4.075
52.399,29.062,-0.613,-17.929,30.936,2.778,-19.33,-9.547,8.732,6.999,-16.198,-15.626
52.154,51.473,-49.879,5.96,-8.107,-72.213,-56.272,-8.71,-1.788,13.22,-1.441,-31.984
48.391,79.62,16.125,-26.513,13.104,-10.492,-92.686,-27.742,4.941,-8.613,-12.116,-32.709
51.3,20.097,-26.085,54.357,23.571,-48.739,-48.633,-14.354,-22.028,-1.262,-6.681,6.788
48.216,0.804,-118.728,85.294,-20.089,-48.113,-36.721,-53.526,-18.611,13.184,-50.05,2.77
47.333,46.163,-18.232,-53.332,34.874,-34.421,-48.998,28.196,-14.392,34.397,6.238,0.469
51.603,54.725,-11.259,47.142,54.129,-42.325,-20.153,-55.155,-10.023,3.652,-21.271,-2.418
48.415,48.994,-72.115,73.113,-5.364,-56.313,-39.039,-2.346,-14.624,-18.489,-29.732,15.979
50.023,-7.119,-40.465,80.0,13.995,-67.674,12.916,-24.649,-25.572,23.019,-29.987,-0.291
43.154,-50.018,-12.549,-36.031,36.631,-43.537,1.533,-6.9,-34.001,-8.151,-2.362,9.439
47.395,-3.682,-3.906,-25.176,33.433,44.222,-36.733,3.81,-11.105,-32.548,-62.247,-2.56
43.367,45.474,-3.628,-106.475,6.887,40.455,26.014,-10.349,-19.172,-20.154,-29.805,5.942
46.698,11.218,-30.161,16.405,2.725,28.003,-47.845,-36.017,-0.252,-13.337,3.656,-11.992
48.604,31.517,-20.438,92.357,18.994,-26.594,-17.674,-31.257,-17.075,15.914,-53.266,21.705
51.868,54.719,-34.34,-3.372,1.054,-7.518,-54.123,-18.487,-9.131,10.194,3.948,0.843
50.458,21.374,-58.447,34.328,3.144,-44.794,-26.366,-43.908,-6.895,19.53,-46.566,5.756
44.616,-22.084,45.283,-59.556,40.217,-1.539,-2.92,3.58,18.692,-0.716,-20.992,10.354
49.139,25.184,-46.097,82.967,8.586,-30.243,-54.747,-20.325,-8.683,-8.696,-46.961,21.065
49.79,44.212,-34.685,21.883,22.516,69.497,-16.847,0.693,0.302,26.045,41.496,-25.425
46.864,24.787,22.726,-12.441,70.486,52.467,-25.576,-36.434,-13.596,37.687,-1.863,-8.888
50.033,-2.076,-57.91,70.199,17.016,-66.989,0.85,-37.176,2.757,24.229,-42.023,4.409
43.414,-9.041,32.378,-60.943,44.923,-11.945,-4.734,4.477,33.672,-1.794,-11.733,19.467
49.185,10.631,-49.122,88.736,12.581,-32.035,-33.655,-22.727,-3.952,-2.842,-53.285,33.026
41.413,-46.78,26.615,-121.352,6.25,34.744,-1.278,16.565,3.599,-15.244,-53.211,-6.474
48.99,67.338,-3.582,-27.717,10.117,22.321,-48.758,-22.253,-6.418,26.185,-37.364,-6.737
49.715,31.897,-70.793,64.285,5.324,-42.203,-52.334,-8.156,-8.146,-4.445,-41.933,8.302
48.513,23.386,-73.974,65.653,-4.603,-65.061,-30.538,-44.595,-30.327,11.675,-27.737,-13.219
43.559,-41.174,-9.148,-33.382,106.306,-54.297,-39.907,-17.283,17.491,6.694,4.46,11.417
49.025,-1.264,10.706,-46.768,59.568,51.497,-24.651,18.052,21.64,-12.091,-42.132,20.631
45.385,-12.394,-13.236,-6.532,83.721,-12.265,-41.391,-22.814,5.762,15.644,7.558,30.183
50.92,11.153,-67.85,46.741,-1.447,0.549,-9.012,-24.503,-19.032,4.273,0.316,2.655
42.591,-73.92,-33.265,106.002,38.239,-48.831,-14.721,-14.828,5.101,23.097,-45.276,10.956
50.383,27.675,23.153,25.571,58.408,72.227,28.027,-17.916,-2.539,15.427,48.918,-25.323
52.71,15.912,-2.344,47.107,34.526,-36.506,2.63,-6.661,-18.045,-2.443,-17.453,-2.682
47.89,48.004,-106.201,48.564,-25.62,-88.211,-17.961,-19.987,-42.353,3.806,-23.525,0.333
48.857,76.482,22.473,-48.755,22.513,-6.654,-83.608,17.369,-11.043,15.961,25.96,-30.63
50.912,27.767,-41.073,53.625,8.864,-21.75,-35.415,-13.837,-19.444,-0.1,-8.259,21.132
46.01,-39.707,43.087,53.727,34.536,7.426,0.055,12.496,-49.503,-23.583,-14.922,-5.398
48.665,-0.541,-51.995,-11.428,20.357,66.973,11.011,-0.281,-3.994,-19.459,-7.178,17.827
48.86,63.01,-62.437,7.678,29.33,-2.985,-17.627,-82.949,2.249,5.973,-31.861,-3.744
46.065,12.874,28.055,-20.192,59.695,-15.758,-38.354,-14.344,-10.057,53.172,4.994,34.55
45.248,5.214,-12.378,63.928,50.993,-1.358,-85.202,-4.669,21.383,-32.028,-63.795,-8.115
48.429,85.158,8.359,-24.792,46.626,32.55,-71.884,-41.551,2.456,24.044,-16.029,-11.458
47.26,20.132,13.27,-40.697,44.605,-5.223,-87.304,-6.925,1.637,-18.696,-10.652,4.304
43.575,3.189,-19.666,26.244,50.039,10.617,-80.569,21.015,2.822,-19.494,-67.554,27.205
38.246,-1.605,79.844,-170.052,39.796,-1.345,-58.477,-14.422,-16.86,21.3,13.418,-10.93
48.046,21.532,56.298,-48.683,35.443,5.135,-47.712,-1.907,-8.087,-12.696,12.752,-22.091
51.51,45.299,23.418,6.445,34.894,0.498,-19.773,-11.021,-12.969,-1.936,-24.059,-35.349
50.636,34.679,18.113,-42.399,8.033,-7.542,-66.113,2.493,-4.371,3.873,2.612,-32.061
53.078,33.918,-3.307,49.342,48.356,-70.233,-31.384,-44.91,-35.436,1.678,-18.422,-29.912
51.392,41.933,-77.331,-7.297,37.637,-62.781,-0.172,-23.124,-15.701,20.27,1.057,-40.353
49.563,66.235,27.342,-55.254,4.39,-14.865,-90.48,-1.695,-3.459,-12.152,-0.248,-45.387
51.635,30.776,-8.887,92.094,55.572,-62.154,-32.006,-45.12,-39.95,-3.452,-24.35,5.908
47.167,26.381,-2.407,-18.13,39.916,-0.335,-69.067,-21.355,5.967,-26.927,2.385,6.997
49.089,-14.874,-97.379,25.029,53.592,-52.023,30.326,-55.508,-2.684,33.263,-44.92,12.739
45.359,-37.698,41.172,-97.91,42.011,-31.471,27.082,10.342,11.854,16.832,17.171,1.807
50.878,-20.136,76.522,1.106,32.428,-36.312,3.875,3.602,-14.378,-2.76,3.16,-17.871
53.424,45.093,-9.564,59.596,42.602,-49.547,-26.932,-40.515,-34.817,-1.556,-26.054,-19.49
49.927,58.092,-44.491,-86.268,18.402,-18.361,-47.743,14.828,6.741,-23.176,-12.962,-11.944
51.333,36.598,1.643,-51.482,33.788,-32.532,-72.455,-7.605,7.967,-4.946,-9.681,-24.269
51.81,34.52,-33.359,91.264,49.822,-42.584,-38.437,-43.56,-27.837,-8.787,-10.089,-16.364
40.637,22.757,-83.386,54.027,29.806,-95.553,-4.143,-59.565,-44.117,12.539,-31.208,-22.226
46.672,15.279,-91.485,107.508,-1.318,-5.035,2.603,-54.239,-28.755,-0.722,23.424,-18.552
44.453,-4.03,1.687,7.857,20.104,6.038,-13.999,-6.291,10.654,5.92,22.997,-20.441
50.586,37.593,-25.52,7.285,60.229,65.06,1.385,-22.311,-19.68,-36.997,-1.445,-15.668
49.319,48.643,-99.943,-18.52,35.316,-32.875,12.524,-24.61,2.095,-17.417,8.304,1.06
49.275,7.024,14.561,-17.694,22.249,-2.792,-31.703,-27.373,-0.033,-16.144,-21.271,-31.875
49.341,39.131,31.09,-47.0,32.029,25.068,-40.369,9.846,-12.589,-21.528,-24.561,2.007
50.484,39.327,-67.319,-24.466,18.105,-51.75,-23.033,-50.722,-37.429,14.221,-15.162,-31.728
47.72,-6.624,56.235,-52.522,4.833,-23.956,13.805,-15.405,-22.963,0.862,9.47,10.52
53.283,39.565,12.785,50.846,44.487,-62.92,0.569,-46.935,-58.144,-3.177,-11.757,-22.751
51.958,10.123,-62.919,13.837,43.918,-45.902,32.584,-32.401,-35.744,-0.026,-2.117,-26.415
50.258,17.494,30.156,-51.207,35.511,-19.479,-52.368,4.337,-20.081,-37.35,-2.401,-44.448
49.448,56.73,-59.116,121.255,37.338,-70.845,-31.567,-15.56,-36.886,-22.118,-37.781,-9.378
47.434,17.391,-90.566,103.305,-4.267,-66.887,-7.404,-51.101,-37.319,-3.699,-29.882,-10.616
45.745,-5.829,-11.333,-44.694,34.992,-1.569,-21.161,-23.181,-4.417,36.409,-1.211,11.619
51.994,62.824,-49.12,21.749,52.482,15.251,-29.572,9.243,-30.284,7.79,-24.809,-7.876
50.674,95.52,-21.517,-4.461,-7.634,-15.502,-64.968,-47.388,2.938,11.478,-21.969,-31.606
50.703,24.293,-10.915,70.195,73.126,51.837,-33.855,-27.209,-26.755,-34.491,-17.066,-14.791
50.459,79.984,37.299,-32.276,48.167,-9.738,-74.856,-13.931,-12.893,25.541,17.051,-18.229
52.437,66.88,-67.627,-26.05,30.908,-23.382,-52.706,-27.695,9.612,7.25,-7.549,-31.76
49.274,6.277,-21.889,-0.769,34.277,-10.517,-47.942,-13.361,7.164,-5.809,-51.129,-2.635
47.567,16.24,46.962,-107.793,25.496,38.103,-9.911,-23.526,-11.229,6.42,-6.313,-32.904
53.939,44.852,49.181,-16.99,41.857,-6.96,-15.056,0.821,-18.671,-34.236,-17.493,-27.769
53.936,22.76,-26.965,-1.26,14.678,-58.587,24.304,-22.285,-34.498,16.499,-29.393,-18.753
50.713,9.292,26.666,-5.272,40.68,-26.661,-30.972,19.677,-29.019,-36.877,-21.579,-46.017
52.439,25.486,-24.28,69.666,43.669,-52.865,-24.4,-54.924,-47.537,-5.823,-29.386,-9.311
49.624,11.409,32.896,45.887,26.156,20.599,23.924,2.694,-30.902,-54.255,-34.665,-22.69
47.323,-21.617,-26.102,-5.041,23.01,69.516,26.962,-0.86,-11.332,-59.266,-41.581,-8.789
48.192,84.607,2.024,-68.195,10.892,28.929,-21.564,-51.114,2.486,-8.495,12.512,-27.777
46.465,-17.821,75.369,-60.265,26.053,23.247,-8.081,18.493,-24.233,-26.829,-12.186,-13.795
46.239,-3.646,17.731,66.447,24.774,1.064,-63.311,-11.89,-25.5,-5.778,-47.806,-13.099
46.075,-33.212,94.922,-45.66,49.55,16.909,0.541,30.78,-38.217,-5.549,30.931,-18.238
48.896,-21.917,47.676,10.187,63.11,-47.032,-43.612,18.343,4.147,-2.579,2.376,-1.156
49.851,26.277,72.968,-2.083,114.225,-21.97,-26.103,-25.656,-7.645,2.751,-4.314,11.014
48.845,29.834,48.827,52.204,45.936,-1.293,-62.234,-8.551,3.567,-4.135,-41.096,-4.875
46.275,46.252,-10.878,22.024,31.156,28.49,-41.298,-15.519,9.977,19.228,-30.843,15.158
42.394,10.367,78.061,-154.696,43.563,47.115,-39.172,20.471,-1.001,-31.79,-5.011,-17.565
50.958,21.074,-8.588,3.587,-0.103,9.448,-22.506,-45.408,-7.356,3.529,-3.885,-24.862
51.61,37.715,14.654,58.453,31.166,-45.924,-5.58,-22.436,-2.967,5.118,-16.603,-3.459
49.437,25.207,-2.231,-37.875,16.742,9.627,-7.403,11.288,7.06,-25.003,-26.068,35.132
51.463,11.942,-9.96,36.006,-1.295,-75.532,16.972,-41.465,-43.805,15.864,-11.832,-12.286
47.488,4.915,152.957,10.917,62.706,-22.281,8.182,9.771,-13.145,-11.005,1.509,-24.912
51.998,48.485,15.825,34.218,27.488,2.88,-35.868,22.634,1.296,-6.82,19.036,-8.924
49.561,22.083,-26.637,12.744,13.281,17.002,-35.925,-60.177,-8.33,-6.139,-43.987,-12.562
50.475,34.034,0.582,50.289,30.077,-11.937,-11.009,-27.312,-4.073,-4.311,7.804,6.893
49.436,22.876,-8.898,-48.975,13.233,21.609,-16.989,-1.561,6.593,-15.016,-43.602,16.344
49.974,39.453,-19.623,61.757,42.573,-4.501,-11.37,19.916,2.769,5.856,32.37,-16.195
52.629,63.14,-31.514,16.939,5.819,-31.028,-48.047,-11.003,-20.749,9.566,-0.416,-5.296
50.449,40.225,-55.052,0.514,-33.166,-52.946,-50.693,-30.882,-21.374,7.485,-19.261,-19.155
50.195,35.993,-18.882,71.289,15.793,-45.777,-36.907,-31.701,-10.593,-0.084,-15.641,-2.779
48.639,48.811,-67.504,66.767,-6.479,-38.009,-35.176,-4.88,-18.431,-9.481,-17.214,15.248
44.116,47.214,-84.829,132.57,-27.338,-86.091,-43.203,-31.613,-37.212,-9.077,-23.023,-3.819
38.91,34.38,34.501,-46.416,34.52,105.993,-21.104,1.005,-26.699,-35.018,-66.862,13.342
53.011,41.887,-7.404,5.504,-18.709,-20.171,-23.21,-37.494,-40.743,34.751,10.058,-50.083
51.263,17.521,9.849,50.998,41.848,-28.285,-27.502,-51.621,2.541,22.093,-27.371,-7.591
50.906,24.365,-33.61,22.448,11.395,7.46,-14.236,-12.464,3.237,-12.571,20.975,16.523
52.283,45.269,-0.439,26.491,-15.879,-35.529,-55.665,-19.798,-44.924,6.83,-20.884,-36.276
52.467,41.895,-8.798,34.078,-15.851,-22.126,-51.066,-13.483,-27.951,9.786,-1.749,-24.774
52.198,5.561,-12.294,10.543,1.027,-55.686,4.457,-41.615,-18.922,25.241,-16.001,-26.206
51.607,42.085,23.569,61.198,47.814,-54.049,-2.446,-2.419,-10.277,16.744,-22.052,-17.774
48.517,55.036,-78.929,72.619,-4.505,-43.834,-36.364,-2.272,-18.386,-13.235,-30.873,18.17
51.597,61.615,2.49,10.062,-23.376,-39.998,-48.424,-38.215,-49.968,23.216,7.548,-34.183
51.315,44.226,-25.244,61.986,-9.336,-8.364,-61.289,-0.253,-10.695,-3.883,-32.853,-1.533
51.23,51.537,-34.88,9.89,-25.608,-6.86,-19.877,-31.253,-45.219,16.466,27.635,-33.597
50.906,30.448,-4.507,48.517,32.301,-21.722,-36.289,-44.602,-10.503,2.632,-11.829,-0.183
50.875,21.503,-33.953,36.537,27.249,-26.402,-21.87,-25.227,1.807,-3.212,7.763,3.292
48.319,32.276,-56.726,93.714,-10.089,-66.771,-30.087,-33.294,-16.203,4.602,-28.586,7.992
53.742,44.009,12.837,18.79,-4.81,-12.873,-40.497,-21.495,-33.008,16.773,24.82,-32.146
53.945,35.198,4.932,-6.047,-21.431,-47.267,-42.816,-21.854,-26.727,10.153,3.986,-55.705
51.088,16.01,8.83,70.022,26.786,-58.087,-63.514,-24.816,-8.967,14.555,-28.442,-34.434
48.318,60.633,-52.421,74.69,-0.977,-48.401,-46.08,-2.281,-22.073,-17.947,-20.655,14.672
46.735,78.875,-47.548,86.773,-25.029,-68.009,-40.517,-16.514,-38.416,1.853,-4.688,-18.093
50.02,25.622,-18.212,14.031,34.715,54.78,-16.532,-15.853,8.13,6.56,54.953,3.702
51.273,20.645,-62.505,14.835,18.126,-77.014,-18.405,-33.465,3.185,23.266,-0.557,-4.794
52.442,71.068,42.544,-39.398,8.822,-15.215,-20.16,29.024,4.149,-4.903,-5.487,16.152
49.213,44.495,-66.177,81.598,-6.071,-52.735,-51.199,-6.443,-21.821,-14.457,-33.388,11.057
49.236,10.718,-57.781,76.04,15.272,-46.468,-24.379,-47.151,-21.93,35.708,-31.946,7.343
51.983,37.05,-13.6,49.277,-8.045,-20.967,-47.674,-8.726,-28.508,6.672,-25.17,-19.834
53.22,83.858,-3.38,-6.507,7.618,-21.965,-3.785,-20.973,-33.934,34.151,26.066,-41.146
52.425,32.143,61.318,-22.74,8.572,26.471,-26.983,-19.259,-6.882,-19.94,-17.566,-38.918
50.451,58.355,-41.117,96.078,14.52,-45.007,-50.726,-34.167,-34.603,-5.069,-48.702,-18.847
50.52,78.572,-35.332,-56.737,0.283,-6.646,-34.138,-55.054,-39.063,25.25,16.206,-47.648
49.985,22.742,30.501,68.88,65.668,25.21,-36.156,-32.871,-32.915,-30.408,-44.86,-4.552
46.483,11.599,-74.751,-31.885,58.198,-0.657,22.991,-73.632,-9.812,-15.355,9.327,-0.279
48.168,-41.893,17.315,16.259,28.966,-44.218,-16.871,-5.746,-0.883,3.726,-8.989,11.896
53.329,40.068,-22.248,48.336,46.466,-49.549,-18.935,-46.018,-32.368,6.555,-33.064,3.393
48.474,46.496,-70.774,7.087,83.597,-25.146,1.832,34.455,12.661,-16.973,-7.511,-2.322
54.518,70.733,20.079,28.266,49.147,-26.95,-22.348,-26.331,-34.237,22.655,-0.806,-43.061
53.492,55.206,-22.757,11.749,-17.969,-57.031,-17.298,-21.539,-33.314,6.18,-10.94,-49.267
50.688,8.243,59.893,-2.351,17.278,-21.653,-41.451,-10.625,3.329,14.808,-22.98,-58.469
50.186,68.932,-48.975,88.925,15.335,-69.963,-42.994,-26.908,-36.566,-7.264,-22.064,-24.862
43.963,54.182,-104.019,48.631,-1.491,-54.875,-37.235,-60.248,-22.976,12.939,-35.405,-30.063
50.739,57.571,-33.16,83.914,51.842,-9.401,-42.003,-30.598,-59.193,4.13,5.797,-16.266
48.743,35.383,-29.838,-62.874,40.234,33.322,23.652,-53.928,-18.807,-9.323,25.896,-35.092
50.78,7.919,59.15,-20.257,2.765,-10.157,-28.837,10.084,-26.123,9.051,0.388,-32.858
49.604,44.063,-62.1,127.338,17.997,1.501,-28.759,-19.767,-40.609,-32.763,-51.705,-17.218
48.226,2.882,-103.516,-15.456,70.931,28.384,46.555,-59.501,-11.437,12.865,21.215,-3.069
45.315,18.592,-31.61,38.311,39.105,14.797,-1.483,-26.412,18.755,-73.12,-43.922,15.836
53.486,94.612,-5.079,9.18,31.015,40.626,-25.732,-3.688,-39.7,14.921,48.232,-23.009
51.356,127.423,2.192,-18.32,-29.199,-10.669,-70.828,-11.434,-19.486,-31.16,-7.282,-40.395
50.835,0.857,-40.151,57.925,32.046,-18.111,-4.584,-63.726,-27.546,13.129,6.668,-6.378
49.708,-46.776,57.397,-4.553,47.003,-46.166,-3.731,-6.876,13.881,18.516,-7.372,-25.112
49.392,71.098,-67.886,120.128,25.72,-70.084,-30.993,-4.87,-43.248,-25.618,-51.018,-11.636
48.377,43.881,-29.526,-43.119,58.311,36.136,43.998,-54.629,-18.51,18.813,35.315,-34.435
51.622,41.518,11.634,102.835,74.53,-18.294,-17.826,-33.556,-42.199,-0.441,-10.346,-8.643
43.31,-4.492,-0.333,-28.025,39.151,-44.829,27.168,-4.356,-8.503,4.215,7.43,27.135
47.282,5.089,8.643,-66.713,32.763,-11.541,39.291,-10.903,-3.504,-18.459,-7.743,4.845
49.043,-4.09,57.32,10.657,26.574,-26.306,7.875,-6.326,-5.255,-0.947,-27.764,-9.596
52.793,51.086,-14.154,34.981,27.145,-7.413,-34.376,-47.887,-42.557,-10.129,19.625,-36.935
48.637,103.186,-93.712,36.115,43.961,-88.705,-20.305,62.057,-37.341,8.811,-4.237,-32.915
49.661,79.431,11.691,-91.571,69.953,53.408,-11.539,-46.381,-46.94,8.519,-34.998,-18.177
51.727,38.875,30.688,11.201,17.029,-52.694,-48.87,-30.533,-38.319,13.476,-9.431,-65.347
50.867,20.611,45.552,-16.546,-5.602,-13.228,-44.459,-7.695,-15.746,-0.262,-20.82,-53.227
51.555,71.91,-9.606,68.052,49.971,-48.113,-48.39,-30.815,-31.272,-2.449,-2.853,-33.397
47.651,49.886,-74.508,16.419,51.04,-55.213,-28.169,-38.563,6.013,24.496,-16.935,-37.832
48.423,81.428,-23.774,130.513,34.167,-40.218,-53.7,-10.52,-38.8,-5.79,2.45,-10.152
45.435,94.547,-117.428,-6.47,-15.015,-51.879,-26.764,-37.218,-14.902,21.701,23.448,-34.699
46.474,37.336,-2.894,-15.705,23.297,2.889,-9.796,-21.28,-13.009,14.752,-4.974,-14.508
49.495,71.999,-48.985,105.105,24.491,-19.467,-31.518,-7.16,-37.83,-15.664,-12.592,-21.585
45.203,73.406,-113.28,-41.381,10.034,33.2,8.358,-25.852,-6.206,-11.475,-6.011,-14.901
44.338,64.115,-62.895,20.99,9.203,-0.424,5.892,-43.786,-15.354,-32.016,-39.891,-26.063
50.812,34.041,-39.54,78.543,45.799,25.304,-8.716,-45.159,-38.452,-3.822,7.592,-7.534
47.127,8.078,-60.451,31.512,71.59,-52.415,-15.259,-26.943,-47.281,39.889,-44.05,7.162
48.159,-0.116,-103.334,43.385,-25.556,-71.455,-20.81,-57.721,-27.672,18.434,-28.757,6.878
42.914,-42.74,-26.243,-29.083,39.738,-17.17,-4.794,-1.312,-10.156,16.997,-12.352,-1.666
49.318,46.011,-18.167,-0.105,37.355,35.49,-22.909,-23.598,-16.986,20.956,-43.821,6.778
51.474,12.678,-39.402,56.32,19.761,-5.454,-37.085,-9.013,-10.044,-0.609,-17.68,-5.921
49.661,45.851,-42.627,52.044,-15.281,-33.804,-44.256,-47.687,-36.999,2.707,-46.28,-14.206
49.983,2.89,1.261,43.067,33.436,88.435,-20.485,11.058,-19.774,-13.024,0.153,-12.992
51.151,95.337,49.226,-13.072,-2.548,0.215,-67.096,2.129,-31.357,-11.412,23.871,-52.807
50.812,56.427,-66.119,40.939,-25.773,5.788,-48.916,-34.818,-30.825,-4.521,-54.249,-22.289
46.137,-51.904,-19.28,20.12,71.143,-20.336,10.344,-21.676,-16.645,38.959,-10.144,9.636
51.063,19.173,9.128,63.367,49.544,-14.23,-1.496,-31.665,9.968,19.502,-13.482,1.238
53.966,28.969,14.907,11.974,25.887,-29.145,-17.364,-0.263,-4.812,14.993,-7.576,-6.979
51.115,48.581,3.851,38.384,3.836,-46.288,-27.027,-33.111,-37.56,9.692,-27.152,-22.164
46.294,28.08,36.095,-12.438,78.082,46.635,-1.814,13.119,-52.333,38.776,-26.641,-7.902
48.442,90.371,37.04,-84.356,22.774,53.221,-30.002,-15.169,-43.894,18.66,1.253,-24.413
50.892,24.263,-78.8,27.414,-23.882,-47.618,-32.939,-34.388,-25.899,9.291,-13.373,-15.911
48.332,-53.155,-5.796,18.437,48.127,-61.782,13.73,1.257,-20.342,18.878,-22.33,19.846
51.625,35.331,20.155,20.611,35.573,32.159,-20.116,12.515,-7.651,-26.911,-12.104,-24.592
50.119,38.822,-1.986,-44.147,39.909,32.17,-7.429,-31.446,-24.49,-11.547,-48.716,-11.745
50.14,3.868,-19.529,73.817,27.764,-29.195,14.344,-49.379,-3.709,25.577,-2.605,-1.902
48.444,54.706,29.111,-84.456,28.757,67.362,-3.703,-1.873,-21.349,-4.913,-17.174,7.393
50.145,39.193,61.053,24.325,3.968,-9.702,-55.251,-48.879,-28.69,-19.127,-27.043,-23.357
48.602,11.661,-123.938,47.795,-7.554,-70.017,-26.407,-58.777,-31.721,8.542,-30.224,-0.098
49.652,-23.728,14.512,4.655,46.329,-14.729,0.916,10.654,23.778,3.172,-26.987,6.409
49.614,12.674,24.207,-43.201,16.598,34.612,-26.371,19.569,5.905,-20.431,-39.697,4.921
50.961,11.043,-29.062,42.025,34.011,17.096,-16.924,-2.444,4.542,-14.237,-16.816,11.498
51.434,70.541,-34.934,-0.146,-19.401,-38.545,-50.679,-5.389,-35.851,12.452,-34.34,-22.839
42.922,28.68,-14.066,70.222,84.476,36.094,-32.12,-11.683,-39.573,12.154,-69.185,-0.755
46.685,11.499,-98.954,79.863,-33.523,-51.609,-28.609,-47.072,-31.251,28.238,-18.726,-3.392
42.073,4.305,36.608,-159.366,11.367,18.332,14.013,17.885,-2.091,-14.219,-27.278,3.661
50.476,18.654,-23.011,7.682,14.116,73.487,-15.907,7.746,11.143,-22.665,-32.786,11.548
51.938,14.474,-13.292,45.313,34.861,-68.746,-17.258,-8.087,-27.052,17.626,-14.785,-11.783
50.614,32.883,-28.345,38.867,33.459,46.214,-27.14,-11.74,-30.584,32.786,-10.567,-5.567
50.175,14.651,85.796,32.731,70.085,-2.4,-15.507,-11.969,-22.452,26.099,-2.136,-21.174
50.266,-0.187,-81.696,49.037,-7.289,-67.583,-2.765,-45.25,-43.637,5.703,-34.139,16.23
49.066,-48.284,52.607,-3.737,64.88,-32.758,36.674,5.692,-9.195,1.91,-0.234,-12.031
51.318,79.931,8.575,42.258,19.915,-49.195,-22.334,7.556,-15.456,-7.31,2.626,-1.851
49.886,26.48,-7.279,-15.135,44.47,-1.167,-25.853,-20.946,-24.458,42.068,-59.948,1.964
51.369,76.39,-43.682,-9.42,-12.475,-56.144,-48.897,-10.804,-26.235,20.075,-7.298,-26.363
49.589,84.03,19.893,-48.586,-11.307,-15.157,-60.922,-14.645,-26.217,-8.374,7.291,-26.451
52.793,64.172,-9.055,-7.219,-9.158,4.969,-38.057,-6.982,-30.623,10.933,-34.785,0.165
50.257,-17.824,33.025,38.753,38.219,-14.466,-25.236,-4.949,-21.676,4.568,-63.814,-31.95
52.222,74.873,-57.651,0.065,-34.048,-3.168,-36.496,6.321,-29.818,18.722,-16.135,-24.449
48.517,1.521,3.45,-35.495,85.601,-45.024,-6.16,-8.709,-10.416,52.728,10.586,4.29
51.44,56.504,4.38,38.865,32.554,-57.742,-39.246,-4.037,-11.297,12.595,-0.495,4.185
51.151,32.663,8.804,-0.607,53.338,12.086,-19.223,-8.192,-12.193,25.855,-54.084,22.253
52.083,30.839,0.026,37.357,2.808,-29.225,-25.543,-32.82,-42.251,21.899,-22.867,-28.036
50.521,5.682,33.386,-0.768,52.682,13.659,-28.54,-0.002,-11.958,-0.019,-36.825,18.622
49.251,31.654,35.625,-33.174,61.737,-8.506,-73.89,11.434,18.102,-13.312,11.964,-4.66
49.605,17.784,-112.503,31.193,-8.849,-75.125,-45.618,-43.241,-22.456,5.729,-30.121,-11.521
48.799,-10.246,-8.798,-44.076,66.92,-35.403,-35.999,-6.213,2.346,23.3,-3.165,-5.412
50.359,79.463,-19.346,43.509,34.94,-56.494,-45.864,-19.342,-12.675,-21.851,-24.618,-15.189
50.329,31.264,-54.874,24.128,32.03,7.17,-25.811,-6.007,-12.562,-3.316,4.609,9.19
48.853,52.37,-104.953,14.893,-0.357,24.072,-28.264,14.708,-25.009,-22.868,5.81,-19.694
47.092,88.875,-47.361,-25.859,27.802,-24.847,-4.254,-85.624,-9.034,32.82,-29.45,7.31
50.248,34.877,-54.806,33.185,5.324,-12.865,-42.536,-5.897,-5.495,8.069,10.872,3.863
51.739,20.878,-51.849,32.924,9.997,-72.975,10.622,-40.443,-40.389,6.269,-18.748,-9.39
47.937,-8.068,34.771,-32.215,27.907,-26.732,0.502,16.348,-10.389,4.824,-17.001,-6.85
50.876,56.941,-48.776,74.258,16.586,-45.227,-37.102,-40.241,-39.786,-9.906,-15.228,-3.832
48.188,53.862,-95.279,-3.243,31.131,-31.224,-23.417,-56.681,-20.492,11.036,-3.642,-35.446
49.258,105.775,19.402,27.763,68.644,68.241,-27.978,19.854,-40.606,-38.683,-13.793,-9.288
44.932,75.95,-59.992,-29.08,68.668,52.45,-0.545,-84.636,-27.064,15.239,-31.994,19.033
49.88,3.441,-0.921,-22.648,36.128,-7.632,-25.171,-0.305,-38.799,20.355,7.949,-5.94
50.874,83.379,-73.324,74.055,40.408,-63.137,-38.064,1.408,-56.915,-24.776,-53.498,-11.682
47.727,70.874,-100.077,-55.632,47.718,20.283,18.141,-60.327,-16.275,14.394,-6.832,-2.924
46.563,6.749,-56.517,-0.13,32.094,5.883,-44.042,-5.805,-9.804,-45.806,-66.316,-23.255
48.864,71.361,-33.825,-7.371,54.921,75.122,-18.308,-3.195,-45.005,-6.166,-5.668,-27.655
51.076,42.662,-75.671,20.156,6.47,-18.111,-9.857,-22.206,-34.159,-4.169,22.902,-33.319
48.631,3.642,1.361,-31.174,9.847,-23.311,-42.383,-6.911,-21.386,-9.456,-18.401,-26.598
50.633,56.155,-62.007,78.273,11.963,-47.635,-35.38,-40.975,-45.19,-13.375,-22.582,-13.057
47.318,4.97,-104.386,15.372,60.666,-41.265,11.391,-68.634,-31.218,12.968,-0.556,-5.877
48.874,69.406,-31.441,91.912,68.127,69.249,-24.925,-9.882,-32.195,-19.758,18.254,-8.532
43.65,108.922,-41.235,-77.991,62.473,25.58,-2.81,-91.762,-18.246,-24.201,-12.786,0.361
48.676,-16.119,8.777,-17.157,39.329,-30.734,-11.071,-27.267,-13.965,29.155,1.048,-3.995
51.175,23.866,-61.403,96.059,57.242,-28.814,-31.423,-24.872,-37.093,-12.489,-24.362,-17.721
48.828,11.598,-119.924,-3.028,57.989,-52.111,10.782,-48.246,-17.734,28.781,-6.99,1.169
43.618,-0.346,-76.846,50.157,85.305,-49.98,-11.255,-62.263,-24.792,1.804,-15.071,-2.374
49.797,44.669,-36.007,18.957,58.262,94.339,-3.866,-23.03,-27.002,-5.456,24.51,-19.363
43.635,12.05,-111.188,32.904,57.493,-50.69,-28.054,-63.518,-25.198,-7.055,-17.531,-8.736
50.868,29.409,-69.108,29.527,24.408,-66.889,-23.253,-32.04,-37.565,3.91,4.241,-22.857
49.066,-20.787,-6.677,-15.207,44.082,-28.697,-26.89,-2.0,-29.162,-4.16,-11.031,-7.471
50.273,41.183,-47.125,23.219,24.561,45.737,-32.968,1.075,-14.697,-45.247,-33.554,-8.355
49.137,20.669,-79.415,-7.728,40.96,-54.966,-15.399,-63.641,-28.277,29.814,-8.922,-11.516
48.657,15.918,-46.228,155.461,58.117,-12.556,-44.968,-31.737,-30.654,-21.473,-6.471,1.079
43.777,15.047,-144.455,60.37,4.379,-68.421,-6.965,-87.385,-35.805,4.872,-11.401,-4.044
38.996,-61.706,26.992,-138.431,15.976,6.341,14.364,16.034,-0.812,-18.43,-10.769,-8.579
49.886,70.855,-42.258,34.008,25.816,74.926,-30.839,1.992,-31.918,-29.451,-52.615,-16.613
48.814,28.062,-108.726,-15.494,31.643,-50.19,-2.604,-69.246,-14.979,36.249,-20.439,-2.714
49.435,41.776,4.146,-32.551,53.695,-37.89,-1.033,-54.287,-22.812,5.475,22.25,-7.616
52.627,34.594,21.291,26.891,60.612,19.875,-24.102,-8.634,-33.36,-39.455,-42.52,-36.806
52.463,99.972,6.775,-14.761,-14.661,-15.706,-48.107,-1.942,-54.359,10.808,11.262,-43.641
51.738,68.761,-72.525,34.077,-20.502,-67.421,-18.164,-10.289,-45.329,-1.325,-29.493,-14.833
48.264,42.823,-25.096,-61.063,24.538,-8.851,-3.74,-37.475,-29.899,8.456,-27.486,-22.786
50.936,23.028,31.112,-38.596,81.784,58.339,14.928,-5.527,-28.457,-35.415,-42.628,-27.901
48.73,10.025,-72.443,42.921,57.403,-65.566,26.403,-47.701,-26.589,-11.592,26.342,-1.592
49.877,28.685,31.413,-51.623,55.102,9.106,-55.038,-0.064,-13.275,-21.997,-27.751,0.685
49.87,6.783,30.574,20.593,64.809,-26.716,-45.808,-19.701,2.213,14.218,-3.94,18.431
47.598,3.578,-93.119,39.421,71.423,-13.354,12.042,6.425,18.793,-38.833,-29.75,16.805
47.048,-29.959,-14.615,-48.997,59.31,-37.94,-11.268,10.223,12.947,4.412,-15.119,6.166
50.493,19.94,33.564,-34.81,40.757,-10.693,-32.82,-20.559,8.949,1.656,-2.003,-40.48
53.32,40.991,28.621,68.856,72.685,-22.65,12.137,-33.953,-32.584,-18.083,11.046,-28.266
51.921,61.837,-61.317,2.43,52.307,-48.284,-7.959,21.729,-22.522,7.759,5.515,-41.428
51.778,37.585,-33.107,71.326,47.331,-45.962,-24.783,-51.47,-35.933,2.962,-24.96,-11.981
46.051,25.616,-50.677,-0.872,68.901,-74.916,6.162,-53.264,-23.632,17.762,-8.58,-7.975
46.744,-32.471,23.729,-55.855,30.6,-18.784,20.263,10.189,-1.762,5.052,-19.918,9.275
44.252,10.091,-2.246,24.082,21.762,-7.114,-41.453,4.271,-18.754,-18.784,-43.605,11.432
39.719,16.146,46.296,-166.698,59.386,77.761,14.533,-50.044,-5.091,-37.68,-32.818,10.141
49.583,39.022,-71.477,33.776,11.494,-47.319,-50.214,5.438,-28.991,24.804,-31.972,-11.912
45.004,1.541,-9.355,-32.8,80.51,28.993,-30.816,-6.512,-40.942,46.345,-4.504,1.587
50.707,52.764,-37.995,14.175,14.178,43.799,-27.42,-11.202,-29.476,44.41,38.501,-16.679
50.89,26.427,-54.122,-5.783,-3.376,-49.115,-40.224,-35.424,-18.613,10.185,16.033,-28.946
51.094,14.077,-10.091,46.646,23.656,-57.958,-54.107,-39.695,-9.491,4.411,-15.404,1.056
50.639,34.62,-44.582,23.48,-6.791,-48.007,-39.952,-34.907,-20.055,-5.062,-19.774,18.261
49.958,18.22,-49.191,45.867,13.71,-53.059,-37.213,-46.328,-18.514,13.853,-10.129,-5.614
48.805,27.669,-39.24,97.821,13.082,-30.396,-47.326,-14.408,-15.356,-8.346,-13.911,10.845
44.741,93.514,-4.488,-96.75,47.414,22.36,-12.073,-79.246,-36.387,-20.667,-28.995,2.269
52.476,17.842,34.205,27.356,50.504,-32.194,-17.577,-38.332,-10.593,25.548,-1.273,-4.286
51.067,19.283,-28.455,35.123,29.556,1.349,-26.35,18.6,-3.073,-26.238,-29.777,3.203
49.618,19.267,-48.42,72.223,36.034,22.705,-25.417,-24.007,-6.249,23.878,9.167,-3.65
47.664,11.372,-31.809,16.405,32.292,87.643,-9.777,-13.656,-2.191,18.569,9.869,-0.637
51.421,35.74,-49.771,-21.456,5.01,-43.292,-38.929,-25.557,-15.829,32.946,14.709,-25.115
51.182,21.939,13.434,0.079,35.226,3.555,-39.868,-21.752,3.21,-11.007,-41.858,-18.266
49.139,33.307,-65.481,70.912,-0.406,-29.213,-28.618,-14.593,-16.916,-6.994,-36.892,30.813
51.087,57.274,-24.33,6.126,31.814,-56.381,-34.411,-28.822,-19.993,35.772,15.02,-10.08
51.585,-3.782,-11.865,66.972,61.773,-65.343,-38.056,-21.68,1.286,4.273,-17.667,5.442
45.678,-12.315,-117.163,106.588,-12.937,-87.161,-29.915,-68.426,-34.994,12.2,-32.054,-8.93
49.831,34.597,-10.589,63.04,30.803,-6.235,-30.472,-30.763,-12.209,5.905,5.954,-7.571
51.295,31.594,-25.535,9.517,20.714,10.224,-21.781,-12.238,-0.343,-9.303,23.852,1.141
52.524,39.399,-22.538,23.861,13.457,-55.946,-24.642,-20.028,-15.338,18.999,-8.799,-6.852
48.532,-7.705,48.548,-14.562,97.923,-31.72,-34.945,-1.966,-11.111,3.466,0.557,8.599
51.673,7.233,-23.301,59.383,37.27,1.607,-19.383,-5.111,6.13,0.359,-9.728,7.583
49.402,10.126,18.979,-46.857,63.164,-34.58,-17.868,-2.175,48.022,29.749,2.311,10.255
51.053,4.767,7.433,8.409,18.483,-13.462,-9.778,-1.258,10.214,-6.86,-48.833,11.842
51.786,27.435,43.491,-23.009,17.281,-0.006,-47.381,-25.888,-1.602,12.812,3.776,-37.239
53.409,15.94,25.93,31.884,53.658,-39.939,-45.089,-34.785,-0.617,21.468,-16.915,-5.141
53.719,15.484,19.065,30.285,23.786,-21.708,-20.234,-20.931,-3.616,-10.904,-19.332,8.376
49.534,23.568,-60.342,87.978,-20.154,-44.937,-34.554,-22.832,-35.322,4.654,-44.407,0.128
46.557,3.919,48.565,-81.46,55.662,73.457,-46.589,-14.307,-9.364,-17.532,23.748,-33.143
51.142,17.715,-3.418,53.629,31.388,32.48,-67.268,-13.33,-7.731,-25.588,-29.574,-13.163
43.744,-11.326,42.845,-59.346,69.171,31.947,20.965,-31.81,-27.775,-27.063,-49.685,16.865
48.796,-19.219,40.323,-55.302,33.693,1.518,-3.737,7.973,16.515,-12.68,-22.837,17.007
49.144,53.428,-66.224,54.021,0.933,-49.976,-45.349,0.328,-20.552,-20.151,-19.573,22.913
47.754,40.441,-70.369,70.269,-5.68,43.046,-16.156,-37.031,-20.708,31.581,-15.604,2.067
49.529,80.432,24.048,-92.002,-10.171,72.444,2.42,-11.642,-37.583,0.981,8.589,-32.816
53.014,39.522,17.243,49.5,7.38,-9.784,7.659,-34.687,-32.052,4.252,-9.609,-39.278
50.921,11.419,-22.094,13.611,48.029,50.452,4.26,-12.647,-18.889,-65.316,-26.361,-2.059
52.133,26.402,20.368,-2.905,47.508,2.003,45.771,0.016,-14.076,-40.063,42.957,-26.43
53.059,73.399,45.706,54.249,45.858,-10.138,-41.821,-20.134,-29.034,-17.298,35.505,-40.217
51.272,11.0,-31.12,14.11,51.13,-41.806,-9.801,-49.567,-0.485,13.398,12.923,-42.289
48.975,-25.33,42.778,-1.909,50.115,-55.73,-17.083,-6.318,21.802,12.021,-6.445,-8.712
51.538,36.295,-24.41,89.811,43.22,-46.882,-23.353,-44.308,-44.481,-4.007,-45.844,-7.882
47.888,4.439,-98.875,2.273,40.796,17.924,23.665,-65.927,-14.712,-11.741,6.233,-7.598
43.706,144.54,-45.944,3.523,102.431,-92.408,-47.441,36.9,7.421,-5.404,5.809,-0.126
53.311,83.705,0.459,17.299,44.741,10.537,-19.394,-37.131,-50.502,40.649,34.418,-18.856
52.275,39.764,35.743,0.032,21.816,-50.861,-45.933,-38.045,-36.884,19.041,-11.675,-62.888
51.951,32.841,-13.914,36.062,4.316,1.083,-24.619,-15.483,-25.643,-26.591,-22.3,-53.685
46.549,-11.93,-1.081,5.494,4.419,-44.637,-26.944,-20.736,-15.357,3.157,-8.657,-8.599
49.902,51.879,-68.365,96.979,23.097,-58.666,-37.947,-36.081,-51.216,-11.276,-34.366,-12.91
42.525,52.073,-126.426,54.471,7.849,-70.757,-22.139,-52.724,-35.596,15.445,-14.21,-17.026
43.553,57.264,-5.352,56.562,67.096,124.923,-11.398,-6.834,-39.931,-21.945,-27.398,0.457
46.319,52.549,14.857,-126.49,-0.305,90.709,22.739,-3.42,-25.429,-34.267,10.011,-36.819
48.184,-26.341,15.414,7.565,21.9,-7.883,-14.065,-25.721,-11.905,26.447,-3.951,-12.926
50.907,27.834,-39.668,45.722,30.582,44.542,-8.638,-14.648,-11.637,-50.202,-0.811,-0.235
52.376,94.711,-29.511,-0.301,-19.664,4.787,-8.946,-3.379,-51.498,16.145,-3.438,-32.961
49.582,125.165,14.92,-128.175,33.271,51.305,4.822,-54.831,-54.394,-4.177,-15.916,-12.972
53.868,96.717,66.412,-8.027,-20.017,-19.745,-39.123,9.589,-23.902,-22.603,-6.359,-47.698
54.17,19.702,-5.58,38.523,7.643,-42.852,13.584,-34.33,-21.483,28.016,-32.724,-37.722
48.989,12.109,20.129,32.932,-3.944,-8.031,18.375,35.544,-2.915,-15.144,-61.508,-24.378
49.536,57.282,28.555,-32.966,12.524,24.469,-25.733,-21.675,-54.989,28.267,-4.515,-33.855
47.281,45.183,-0.124,39.505,-12.511,33.59,-79.268,-21.879,-10.077,-25.792,-35.898,-18.546
48.423,48.956,59.932,-60.717,23.844,-13.665,-27.657,-0.778,-31.492,14.295,1.641,-6.332
47.896,0.83,42.808,46.984,81.589,-19.354,-10.452,4.242,-10.523,-17.1,-37.531,41.078
49.909,45.066,95.575,33.175,92.384,13.217,-18.746,-31.551,-17.811,36.16,30.721,-40.664
46.601,-6.032,62.216,115.077,84.092,-14.294,-21.247,14.762,21.167,-10.672,-77.417,-39.481
29.149,-45.799,158.757,47.879,95.696,-24.833,-23.363,-4.48,15.991,4.36,-10.823,-51.315
42.694,-31.248,73.196,-62.477,36.904,104.05,18.278,-10.074,-37.455,16.638,39.656,-3.197
46.321,-66.054,79.648,-7.51,68.649,-37.287,7.975,-8.816,6.288,-12.613,6.161,33.828
45.706,-44.245,49.562,36.328,21.501,-51.4,-30.613,-27.942,-24.394,3.259,11.714,32.15
46.236,54.945,33.881,35.771,-5.059,68.089,-72.684,12.238,-6.674,-71.996,-60.152,-13.553
43.216,16.622,26.808,20.648,77.338,58.629,18.344,-14.469,-35.553,28.495,-15.18,31.462
46.44,132.118,46.333,10.419,0.382,78.113,-63.605,32.883,-63.844,17.217,-36.855,-9.979
50.293,129.403,19.02,-57.881,-5.841,93.478,26.34,-16.654,-60.641,79.473,17.526,-27.986
54.23,102.472,56.586,-8.131,-6.689,-5.319,-42.534,9.077,-30.67,6.533,11.525,-40.161
48.929,58.951,-56.824,95.717,-26.451,-64.3,-45.869,-6.954,-21.459,-17.47,-36.797,5.096
53.461,131.318,56.869,6.862,-30.054,-8.866,-35.623,13.234,-42.586,16.102,21.854,-44.008
51.645,39.696,15.659,94.274,12.62,-20.53,-40.345,3.174,-14.571,-12.251,-43.239,22.507
49.278,48.221,8.536,-19.823,21.184,88.863,40.269,-34.788,-13.486,41.482,54.382,-29.277
52.139,45.097,49.653,20.341,47.706,-3.549,17.745,-7.218,31.11,1.656,7.003,-15.389
51.825,20.994,-3.639,62.61,11.158,-27.05,-11.945,-10.59,-11.809,-3.447,-42.282,14.959
49.672,60.646,-41.903,61.211,21.032,-51.339,-30.967,15.452,-23.162,24.147,-17.456,7.916
50.724,46.457,17.357,-12.075,25.367,66.909,-5.655,-16.609,-23.576,43.009,54.884,-44.36
52.173,31.723,-7.192,16.178,-19.557,-37.178,-33.337,-22.759,-21.064,13.367,4.597,-57.082
51.375,47.472,19.525,38.958,15.365,-45.048,-35.22,-27.615,-26.005,5.838,-16.708,-34.167
49.186,39.731,-50.022,55.805,-8.825,-58.097,-46.04,-14.84,-19.495,-19.356,-37.019,1.599
43.786,46.62,-70.997,144.486,-27.058,-72.847,-43.829,-42.07,-38.664,-5.675,-13.078,-20.634
50.32,80.174,37.755,-25.877,5.478,80.483,-23.245,-16.328,-33.564,33.999,40.081,-27.762
53.313,9.931,-7.074,44.504,-18.196,-36.062,5.786,-13.353,-49.817,20.542,-26.024,-25.931
47.36,3.627,60.167,-104.392,-9.644,0.455,-11.196,14.665,-14.666,-21.105,4.815,-17.665
48.339,49.72,-55.597,84.12,-18.702,-69.227,-33.07,-0.784,-30.814,-32.724,-36.971,7.257
50.229,2.514,-40.882,59.026,18.758,-56.677,16.126,-47.301,-28.522,40.301,-20.974,-10.253
43.484,-24.341,3.925,46.807,23.636,-10.968,-18.945,0.401,-15.896,-12.788,-31.684,25.706
53.489,83.771,18.9,-1.203,-24.471,8.207,-33.956,23.712,-33.502,11.679,38.038,-21.191
53.743,31.771,8.662,4.717,3.279,-37.173,8.305,-31.922,-22.519,37.014,-12.803,-14.115
53.254,45.656,65.882,33.728,38.102,-23.631,18.452,-9.022,5.639,-2.741,15.997,-11.156
48.353,46.949,-56.985,61.679,-15.054,-69.721,-38.894,-9.015,-15.757,-26.396,-30.042,10.531
52.2,48.054,30.151,23.275,-2.24,-35.886,-4.137,-25.682,-41.091,31.139,-1.06,-26.867
47.997,-8.227,67.946,-8.114,46.103,12.341,6.514,2.204,-35.494,-23.293,-41.059,11.825
47.894,-25.716,55.695,-56.231,17.489,-5.636,33.118,9.35,-13.17,-19.096,-4.435,13.013
52.572,27.788,66.474,54.699,27.935,-45.218,14.619,-27.787,-18.217,8.761,-9.338,-17.086
50.891,9.879,45.484,11.643,18.062,6.121,11.81,29.57,-21.24,-27.315,-56.614,2.818
48.675,91.017,-46.875,67.754,25.224,-42.212,-44.093,62.863,-16.998,-1.155,42.365,-30.828
52.903,32.465,10.879,13.755,0.617,-18.283,-37.585,-21.372,-31.28,22.465,6.839,-22.061
47.716,-9.518,-85.619,110.791,-25.679,-60.544,-36.146,-18.619,-21.672,-3.254,-49.494,-19.796
47.709,42.519,40.624,-117.706,20.494,76.942,1.468,-8.234,-12.124,-10.349,-20.018,-20.654
53.519,38.93,52.863,-5.728,10.471,-4.735,-41.338,-1.439,-8.733,-14.07,-2.649,-45.771
52.948,51.297,26.622,43.113,6.356,-47.956,-44.599,-10.207,-27.731,9.63,-15.722,-50.598
47.019,30.007,-30.647,116.132,4.653,-49.564,-41.546,-18.273,-20.49,-20.194,-21.289,9.451
49.343,36.093,-24.755,-7.448,36.905,57.632,24.224,-25.303,-24.435,1.113,1.059,5.762
48.661,-35.385,1.004,-11.232,39.476,-36.539,24.919,-1.366,4.843,-17.756,-3.587,8.997
51.293,23.15,9.347,27.436,38.332,-16.196,1.029,-34.153,-9.622,2.258,14.943,8.216
48.408,45.605,-65.931,83.027,3.383,-59.339,-40.914,9.426,-12.153,-21.527,-32.306,22.121
49.879,59.399,-57.437,34.778,-2.717,-24.502,-21.263,-26.349,-17.546,29.232,-25.234,19.062
50.0,67.446,-5.989,-70.679,16.929,54.195,-5.551,-0.137,-21.365,-9.026,28.814,-20.855
51.631,83.585,45.842,-10.17,16.476,-23.618,-37.667,-34.517,-9.361,9.923,-12.571,-33.408
49.821,39.876,36.254,-33.021,18.699,-24.328,-11.707,2.362,15.155,-7.441,4.579,33.033
50.716,46.068,91.782,13.548,40.021,-31.793,-10.605,-9.767,-5.948,-5.084,3.135,0.903
50.735,56.461,60.807,-0.271,42.811,-30.042,-59.896,20.602,-1.047,-8.519,6.195,-10.601
49.405,76.276,40.881,-18.571,62.32,-20.612,-66.203,-24.756,23.683,11.928,-14.649,-3.499
48.813,10.223,24.806,10.71,48.378,-30.39,-50.241,-12.837,12.374,14.652,-13.286,10.386
49.452,52.171,22.476,1.709,59.176,-30.176,-52.977,-23.295,32.107,4.688,-14.577,12.127
47.275,70.409,6.921,-1.593,69.409,-35.354,-44.251,55.183,27.75,6.704,-4.196,-0.177
48.872,91.801,37.914,-40.484,33.799,1.943,-30.144,-33.934,-34.728,45.759,-8.659,-11.499
46.632,33.673,24.533,-32.583,20.896,-18.776,-45.348,-26.481,-37.444,-9.322,-7.076,-26.353
46.31,-5.536,6.751,25.7,21.928,-33.798,-54.144,-16.353,-20.138,3.206,-24.748,-13.908
40.827,-10.34,-7.953,-13.361,28.102,-20.029,-43.499,21.882,-17.447,-11.347,-11.449,0.75
44.019,35.036,18.67,59.087,34.755,-20.647,-37.662,9.943,-11.089,-0.799,-7.856,-9.474
48.148,45.586,75.284,-45.023,19.693,70.54,-24.582,-16.169,-22.01,1.831,20.187,-45.443
47.744,-19.846,45.482,34.189,60.596,-32.189,-31.347,-17.7,-3.799,22.312,-15.196,-2.476
46.105,9.629,28.489,-33.679,20.81,-11.883,-7.621,-0.247,4.544,-15.442,-7.382,30.425
48.814,31.513,57.977,-18.237,15.661,40.154,-55.824,-0.734,-32.287,-9.169,2.928,-33.476
49.964,53.198,49.976,1.958,12.448,-7.955,-65.762,-8.796,-31.851,8.062,6.694,-34.942
49.215,-3.231,76.387,-8.578,8.098,-27.435,-15.277,-6.066,-7.968,4.928,-9.668,-29.869
47.339,3.64,54.39,52.577,54.786,-11.158,-12.027,35.331,-1.132,-3.035,-49.381,-17.327
46.348,36.037,52.481,-84.518,34.685,51.277,-30.628,-10.758,-31.287,-15.073,30.742,-52.602
49.05,36.472,26.599,28.909,8.404,2.399,-68.911,4.337,-4.907,-21.375,-30.198,-11.145
46.924,9.375,52.397,-16.154,23.208,10.032,-45.382,-16.898,-17.535,-3.947,15.139,-7.147
43.387,-23.791,20.444,-44.097,42.854,-36.887,-50.924,-5.083,38.956,5.663,1.466,-3.303
43.62,-11.574,6.596,4.537,17.844,-17.008,-24.983,-14.537,20.766,-9.421,-32.433,10.043
47.112,15.33,63.429,-77.314,59.685,46.27,-45.297,-2.478,-21.066,-1.034,-0.392,-29.161
50.041,11.109,106.786,-2.802,34.361,-27.262,-79.012,-13.226,-21.976,-5.119,4.662,-52.318
49.267,-9.347,40.269,60.368,19.619,-6.954,-66.955,-13.364,-11.873,-11.519,-49.153,-38.538
39.991,10.975,45.434,-24.717,51.116,-21.269,-27.964,17.336,-11.916,-17.322,-11.769,-29.699
42.251,-47.278,37.312,-98.906,48.746,36.597,-17.455,1.788,9.018,-21.484,-19.127,4.253
44.781,-51.233,-2.72,-46.939,85.304,-45.858,-11.804,3.638,16.848,-5.315,2.922,6.451
46.787,-21.09,26.353,-34.719,64.574,-25.666,-3.885,-0.11,14.205,-3.72,-13.315,28.962
47.217,53.371,-14.28,69.555,1.401,1.982,-72.608,-12.273,-12.798,-12.525,-59.6,-17.447
44.092,-1.138,-0.1,47.805,41.284,-6.802,-37.545,-46.772,-32.531,40.035,-37.985,12.129
48.294,91.908,25.173,10.434,-4.855,23.46,-68.283,-13.854,-37.629,28.053,-35.891,-29.396
48.206,76.964,30.663,-51.692,32.145,44.615,-12.052,-28.665,-62.447,50.611,-13.555,-20.204
46.001,17.619,50.255,-68.752,16.645,34.892,-34.302,-8.794,-28.593,-10.076,-34.804,-26.656
46.83,41.52,56.031,-61.862,17.682,49.885,-48.408,-31.24,-7.339,-25.128,22.463,-53.555
48.0,-8.817,17.041,39.272,63.254,-21.868,-58.116,-5.692,0.19,0.296,-18.422,3.213
43.613,-32.598,25.031,-26.572,67.104,-25.743,-10.948,-27.206,-26.136,14.639,4.175,11.562
47.343,-10.381,17.122,6.348,19.406,-29.011,-47.485,-26.132,-11.553,-4.727,-3.424,20.519
46.751,-8.411,0.698,-39.179,38.431,-9.739,-33.37,-1.422,0.205,-11.458,-14.015,10.901
45.961,14.625,4.369,-25.775,87.932,-44.978,-29.068,51.853,6.358,2.592,0.499,11.654
50.841,28.996,97.718,24.997,59.62,-8.863,-43.295,-1.357,-27.922,10.673,25.387,-46.451
48.466,6.055,51.869,60.962,28.653,-21.576,-53.713,1.292,-11.619,-10.931,-52.095,-45.284
37.986,-15.187,43.89,24.199,49.708,-28.875,-41.854,-9.413,0.281,-13.148,-19.748,-24.237
46.463,52.99,63.718,-55.573,33.692,55.729,-42.374,-16.166,-35.622,19.087,-3.564,-23.703
48.675,17.571,81.097,-1.72,25.926,7.272,-16.231,3.121,-26.253,5.689,-12.267,-21.285
47.707,17.558,24.38,22.513,22.277,40.504,-42.17,-7.577,-17.356,-18.039,-13.955,-22.893
43.515,-7.758,-2.224,-28.236,57.933,36.946,-1.105,-9.916,-14.95,15.694,15.239,16.38
46.291,42.534,-6.169,-19.951,21.719,50.097,-34.639,1.653,-20.872,13.344,7.985,-22.475
45.535,-70.389,-8.266,-12.366,48.188,-44.406,-7.66,-6.901,6.333,14.808,-3.257,13.533
45.725,-28.67,21.83,-21.849,68.321,-21.103,-12.834,64.092,7.845,-5.276,-13.536,5.174
43.577,-11.845,3.473,-59.941,67.823,-12.85,0.898,-24.06,-19.728,16.097,-17.133,-15.821
46.576,-53.586,50.502,-18.722,48.345,-42.706,9.23,-8.193,-19.136,-1.541,-5.546,-26.668
46.997,-43.547,58.68,9.904,45.031,-29.804,-6.783,6.863,-12.244,-13.01,-19.128,-16.927
47.387,-27.64,12.934,62.979,38.089,-39.76,-33.13,13.516,-2.987,10.213,-27.527,5.777
42.828,-63.463,19.552,-53.289,37.572,-33.632,8.4,10.352,-8.946,0.559,4.258,3.013
47.33,-24.057,16.273,27.736,31.353,-30.762,-29.794,-8.11,-18.975,12.48,-16.914,-1.997
43.55,17.243,-12.072,-56.953,37.215,-14.888,-41.336,55.365,-29.345,2.961,-1.349,-20.913
44.868,65.057,15.542,-50.063,64.943,-11.562,-33.205,-83.133,-38.724,38.773,-23.372,-1.103
44.848,-35.959,-27.972,-31.827,35.033,-29.665,-44.727,-0.693,-0.178,11.15,-19.937,-31.447
46.064,10.665,-3.227,-53.161,34.948,-13.867,-18.386,15.226,7.961,9.716,-12.948,-23.097
46.647,8.77,21.432,-26.36,34.522,-10.453,-12.737,-12.713,-22.479,46.306,-11.796,-31.541
46.791,-6.36,35.162,34.51,36.179,-22.356,-9.705,-0.786,4.956,9.182,-17.35,-3.634
46.282,-26.936,56.356,-75.328,54.528,-8.413,21.949,-10.996,-2.049,-11.71,15.687,7.811
49.266,1.43,45.581,17.469,48.025,-5.889,-30.676,16.542,-16.176,7.797,-23.33,-14.473
49.316,72.597,13.931,-41.436,42.997,14.783,-36.706,-22.997,-17.0,26.486,16.947,-14.925
50.211,36.449,33.09,-16.948,20.051,-14.865,-80.225,8.81,-30.289,20.357,-9.897,-30.741
52.019,26.959,-22.181,46.059,15.063,-44.617,-2.87,-44.083,-20.197,3.99,-0.868,-21.085
47.405,-5.41,35.3,10.073,13.268,-50.977,-0.589,3.774,-0.81,2.735,-0.658,-8.737
51.413,52.642,-25.106,67.281,16.639,-71.82,-16.445,-33.25,-38.315,-6.389,-18.334,15.525
50.468,20.265,-23.468,0.354,43.998,-58.532,37.458,-41.066,-36.298,25.799,10.647,-14.914
50.037,51.218,68.468,5.405,55.302,11.633,-34.372,31.626,-9.886,-31.794,-24.739,-13.234
49.167,17.842,-67.607,35.322,19.195,-51.028,0.168,-75.387,-20.019,10.135,-17.072,-20.34
46.503,-1.479,20.389,10.866,5.071,-22.652,3.296,0.076,6.778,-13.103,-1.505,-1.115
47.654,12.262,14.334,-63.691,17.447,-4.327,-12.474,-8.1,-12.259,-10.527,-45.712,11.846
48.627,49.548,-72.365,30.922,84.174,-30.713,14.368,43.772,-3.173,1.325,21.47,4.68
51.538,83.314,-18.694,10.156,58.014,40.405,-22.039,-17.126,-36.898,41.187,31.509,-22.138
51.315,32.073,-52.849,40.413,5.088,-53.97,-31.075,-35.457,-24.454,-1.084,-3.587,-32.011
48.601,-33.709,19.955,-4.857,49.749,-28.862,-12.38,-17.305,5.542,8.912,-8.258,-2.896
51.662,64.84,-40.167,50.17,61.878,9.75,-20.251,10.886,-12.986,-12.122,2.326,-19.705
50.096,63.035,-21.234,-39.468,55.191,-19.024,14.017,-53.902,-23.913,37.111,-6.618,-32.195
49.157,18.566,-21.549,159.576,74.146,-34.713,-49.284,-29.493,-20.709,-6.478,-47.394,-17.965
52.218,53.261,-44.524,-11.524,-6.975,41.229,-9.62,-12.557,-39.216,6.178,11.741,-56.445
50.771,-7.494,31.612,-6.085,-11.713,-9.099,-22.105,-0.361,-8.262,-4.872,-28.678,-62.634
48.159,-33.862,18.268,21.179,32.134,-45.525,-25.645,-9.665,3.84,27.249,-5.106,-5.486
51.487,39.716,-44.316,72.521,17.28,-56.952,-26.995,-32.769,-42.825,-8.197,-23.179,12.696
52.439,48.462,-28.953,4.303,9.317,-36.774,-36.103,-8.925,-57.01,17.702,-6.219,-51.109
52.488,71.419,-9.338,2.551,39.012,61.114,-19.748,-30.115,-46.587,16.98,9.068,-33.139
49.928,67.307,-2.525,6.693,10.263,-21.028,-45.533,-31.708,-29.293,-32.888,-7.518,-54.285
52.169,14.797,-3.516,33.672,32.472,-11.601,14.47,-34.69,-19.431,14.56,20.971,-40.768
49.304,-5.585,25.076,21.9,57.463,-66.005,-6.919,33.862,-11.898,16.689,-15.46,-20.548
49.248,55.78,-63.249,116.951,16.819,-54.088,-31.735,-25.469,-51.233,-25.567,-54.636,-13.661
47.879,62.524,-42.863,-86.018,37.954,33.886,-4.298,-47.549,-37.643,9.294,25.102,-37.751
51.902,67.575,-14.849,65.93,18.85,-40.72,-71.273,-22.596,-35.656,-14.575,-34.611,-8.552
48.499,47.079,-45.74,-53.088,27.763,26.625,5.991,-47.938,-26.153,6.187,36.53,-24.157
52.254,37.24,-15.94,63.386,50.337,-69.677,-10.006,-41.422,-41.666,0.189,-15.634,-5.287
48.574,37.75,-84.919,30.66,50.666,-62.685,15.55,-10.166,-17.297,8.534,-8.332,20.909
53.397,65.342,15.148,-6.342,45.662,40.1,-27.768,-27.204,-41.844,-3.432,13.316,-32.861
52.705,37.424,48.879,-1.816,27.937,-20.917,-26.039,-34.365,-12.762,-23.065,-3.666,-70.065
53.685,31.933,4.678,27.148,17.343,-18.45,-17.755,-21.808,-18.398,-1.979,-0.035,-55.876
48.13,59.785,-51.439,129.266,31.902,-22.591,-31.544,-38.214,-46.516,-18.966,-25.781,-17.355
44.895,73.53,-98.153,7.401,14.607,-29.798,-10.671,-42.137,-30.685,13.935,-2.269,-25.83
46.341,2.548,49.022,-90.943,54.403,90.868,-19.337,18.3,-9.117,-17.919,-9.004,-3.558
50.001,12.842,-94.767,-33.45,71.132,-80.575,8.96,-37.769,15.041,35.571,-4.374,-3.936
50.72,23.663,14.097,-41.802,42.261,-32.274,-8.27,-13.205,30.962,4.053,-1.076,20.838
52.978,86.09,22.614,-29.756,-9.963,-11.753,-61.87,-3.774,-13.229,-14.793,1.797,-27.273
50.644,66.47,-29.515,83.63,24.81,-69.866,-35.408,-18.868,-54.524,-20.604,-29.53,-12.784
47.629,19.949,-46.665,-34.043,82.011,5.426,-8.18,-6.32,-18.471,-2.867,-28.873,3.073
52.416,92.169,20.011,-52.027,16.848,45.742,-23.074,-11.749,-45.304,5.882,-23.87,-26.65
49.666,98.156,-36.635,34.576,36.498,-28.339,-46.938,45.862,-34.055,-15.451,-35.84,-32.079
53.729,84.761,-3.039,-15.03,16.846,2.751,-5.31,-6.72,-35.469,57.283,21.374,-41.963
52.43,61.584,44.386,-13.455,-9.802,22.434,-42.893,-15.182,-24.945,20.414,-17.24,-41.18
52.003,77.346,-31.214,52.607,0.157,-58.392,-55.582,-10.213,-41.891,-2.859,-24.402,-21.867
51.289,98.556,-9.625,-40.973,-10.068,12.27,-42.442,-55.79,-32.78,9.545,5.299,-43.902
51.511,20.885,-16.065,104.86,67.216,-49.653,-39.356,-40.614,-39.293,12.486,-29.667,6.216
49.034,33.335,-65.837,-26.856,51.876,-2.016,32.16,-67.081,-18.578,18.208,13.017,-0.52
49.908,-1.899,50.038,-16.983,63.015,-42.574,4.134,-0.36,35.459,10.974,-7.53,-26.427
51.17,19.888,53.452,-6.153,38.771,-28.299,-10.878,4.977,21.036,4.975,-21.248,-15.706
53.503,44.498,-28.797,43.944,60.254,-52.389,-20.387,-23.721,-37.059,5.561,-9.53,3.55
49.198,70.585,-86.258,31.232,73.665,-39.503,-6.415,36.765,6.968,2.345,-40.843,17.178
54.857,61.069,26.649,30.326,47.377,-33.022,-16.816,-27.067,-30.613,18.696,-1.835,-52.883
54.154,40.225,8.319,17.112,20.848,-48.082,-10.725,-18.534,-12.917,13.795,5.218,-60.509
51.829,38.922,-24.142,87.17,36.617,-50.544,-36.457,-41.098,-27.262,-3.085,-54.265,-38.956
43.067,31.812,-118.929,52.91,16.823,-48.804,-15.839,-70.185,-21.781,17.06,-13.761,-26.684
45.786,46.075,7.654,-39.484,65.508,91.06,-22.155,-23.45,-31.353,1.518,-52.872,-23.522
48.603,33.916,-22.67,-52.669,44.848,44.884,24.877,-41.373,-12.319,-5.636,17.339,-35.202
51.318,1.094,56.208,-25.765,4.249,-11.119,-36.927,8.63,-20.585,-0.097,2.555,-36.279
49.268,64.982,-64.735,98.037,23.802,-77.654,-29.957,-2.059,-50.734,-9.969,-39.697,-6.0
49.04,3.892,-98.16,-19.014,74.283,2.007,33.975,-49.873,-8.619,5.499,-7.152,-4.966
45.379,-1.181,-30.967,19.424,26.02,3.833,-10.605,3.779,23.522,-68.06,-54.987,4.77
51.469,102.05,-8.978,-25.14,26.151,79.472,-27.883,25.847,-28.268,6.508,52.292,-32.404
49.224,17.062,-15.097,20.078,21.562,4.385,-16.745,-67.775,-23.961,6.949,-38.457,2.76
46.976,-33.77,21.572,23.208,48.101,-17.244,-2.709,40.396,20.851,1.813,-24.704,-19.884
46.193,5.209,43.346,-57.376,72.508,8.749,3.504,-5.976,0.15,17.483,5.456,-32.931
42.867,-7.396,11.25,-38.432,42.459,-32.006,31.398,-5.456,-20.329,-10.939,4.005,26.307
45.431,-34.814,48.668,-38.174,70.746,-36.283,17.974,-10.005,-26.083,11.621,1.422,6.184
47.192,8.81,94.931,-2.144,60.874,-24.854,-4.319,6.988,-14.199,-8.964,-12.492,-5.902
45.638,24.983,22.585,-10.813,42.635,18.437,-55.649,80.093,-19.311,-4.89,-10.425,-26.944
45.673,104.48,46.184,-93.37,85.317,4.13,-10.219,-66.536,-55.097,41.995,-8.619,-21.849
49.65,31.201,95.732,34.239,67.876,-7.381,-78.314,-0.108,-10.932,-18.74,-24.318,-36.225
38.426,-11.916,-17.748,71.192,46.246,-7.581,-82.717,-4.141,20.129,-16.491,-54.874,-16.693
45.7,10.121,-91.873,124.062,10.949,-11.903,3.893,-43.228,-23.778,14.444,22.516,-14.69
46.959,3.466,-88.339,102.528,-4.677,-92.752,-6.632,-51.242,-21.975,-2.482,-30.517,-12.1
47.189,0.07,-87.678,100.157,-0.574,-92.694,-10.529,-49.608,-18.542,-0.579,-29.339,-13.744
46.741,-5.889,-91.479,111.83,-7.196,-93.166,-10.781,-52.223,-24.959,-6.601,-33.461,-12.648
45.002,-12.969,12.673,45.59,11.184,-46.972,3.435,1.555,-0.696,0.455,-13.213,2.57
47.506,46.584,-77.926,151.381,9.362,-53.517,-32.064,-29.412,-46.29,-21.579,-62.389,-4.03
42.311,38.517,-154.623,72.365,14.351,-46.595,-13.909,-51.921,-23.748,14.906,-19.864,-0.567
41.522,68.944,78.999,-182.993,50.378,97.838,0.582,-22.881,-25.803,-27.047,-31.89,2.901
50.236,57.987,41.094,-50.892,2.788,0.255,-40.514,10.431,-1.482,2.342,6.844,-33.275
50.913,81.703,-76.11,-11.255,-4.488,-65.417,-51.236,8.719,-21.93,13.163,-27.791,-46.224
51.665,60.289,22.852,-24.441,27.581,-33.88,-16.843,-27.385,-38.054,20.928,-1.412,-1.048
51.204,68.572,-1.028,35.519,8.402,22.878,-46.927,-0.81,-11.466,-17.813,-81.323,-23.823
50.653,85.203,-39.654,-65.801,36.047,-12.878,12.092,-39.362,-38.98,27.599,16.262,-37.316
46.65,32.004,25.064,68.206,47.155,-5.721,-1.862,28.209,-18.839,-12.702,-80.651,-6.262
46.801,15.696,-90.779,111.183,-1.405,-24.548,6.453,-43.694,-28.249,5.195,11.289,-17.019
45.171,-14.709,4.78,13.934,20.772,-17.8,-14.623,-6.292,4.054,6.577,-4.002,-6.786
47.574,55.775,-79.913,141.199,11.5,-57.726,-34.224,-32.766,-45.933,-14.117,-56.194,-5.873
41.853,29.63,-148.14,71.744,13.411,-63.271,-8.938,-54.518,-27.786,20.871,-29.595,9.168
41.704,-17.927,19.701,-173.722,48.607,61.043,-21.486,27.759,-14.093,4.876,-21.484,3.25
48.269,104.218,-7.802,-7.53,-10.452,17.608,-77.814,-52.471,-2.43,16.976,-32.521,-26.718
47.091,45.462,-115.304,-0.358,4.882,40.138,-33.779,-14.05,-2.362,-28.602,-39.486,-40.087
48.462,94.097,-16.176,-33.181,-6.493,17.636,-47.889,-52.433,-13.918,41.934,-22.298,-26.716
50.647,44.414,-7.271,-3.801,10.894,-7.474,-57.068,-7.365,10.839,-5.564,-11.544,-17.484
53.332,98.914,-25.949,7.947,19.699,-62.598,-55.955,1.573,-23.089,-8.182,-10.19,-11.405
51.266,114.954,-100.484,-62.328,-10.375,-59.788,-42.259,-27.889,14.812,16.047,-0.039,-11.431
51.995,36.419,47.21,-4.892,36.072,-31.246,-19.267,1.36,-8.855,11.737,-19.517,-40.656
48.677,62.666,-75.349,131.837,32.986,-59.328,-38.326,5.941,-35.05,-16.682,-36.143,-3.613
46.727,1.44,-80.055,116.208,-7.923,-83.843,0.166,-57.458,-34.717,-3.876,-21.3,-13.522
45.297,-38.11,10.927,17.104,13.623,-50.535,-31.446,-2.823,-8.891,12.44,-13.774,-9.662
47.683,34.703,-76.796,148.398,9.788,-61.71,-33.826,-40.177,-46.184,-22.574,-64.106,-1.075
40.77,26.771,-158.246,95.748,16.052,-63.87,-14.163,-68.693,-18.569,8.003,-31.476,0.826
49.961,112.262,-33.179,87.612,66.38,-79.31,-55.178,42.652,-50.872,5.021,2.586,-3.003
47.625,76.899,-51.737,-10.249,61.655,69.809,20.567,-61.756,-40.003,64.702,-90.725,-10.119
49.075,8.792,25.576,14.307,54.797,-5.084,8.195,-15.515,24.081,32.011,-19.294,-17.535
49.723,-3.272,72.86,-30.792,45.704,0.099,12.56,21.733,30.822,9.58,5.735,-29.755
48.216,52.732,-71.568,136.087,22.115,1.356,-23.356,-24.199,-30.055,-25.872,-47.957,-10.295
50.784,64.771,-78.646,-54.582,1.558,-23.244,-7.94,-44.687,-11.683,35.006,10.784,-22.626
50.871,76.264,75.836,5.88,17.962,-33.812,-0.71,80.416,38.326,-21.794,-8.96,-42.243
48.394,63.319,-72.786,123.84,29.452,-70.495,-26.477,-8.554,-39.279,-16.285,-50.485,-6.323
46.664,19.263,-86.972,117.032,-15.16,-82.873,0.859,-42.379,-30.853,1.395,-25.635,-4.769
45.128,-16.575,4.655,15.144,6.79,-43.945,-25.62,-9.531,-10.207,12.093,-14.297,5.749
46.961,58.159,-55.878,156.561,25.737,-59.45,-50.424,-32.273,-48.614,-30.851,-59.772,-8.384
40.986,47.275,-152.32,75.402,10.028,-49.543,-12.133,-53.416,-19.94,19.931,-19.77,-0.958
43.424,46.805,27.626,-59.512,41.241,139.593,-13.352,-8.57,-15.473,-21.375,-52.823,-6.143
45.36,23.242,-132.045,92.504,41.117,-17.578,-31.831,-36.322,-15.758,24.286,-68.253,7.611
48.497,92.124,44.09,-59.871,71.731,26.872,-43.136,-38.849,-17.154,67.201,20.764,-7.62
53.043,91.577,23.982,33.197,43.973,-70.603,-50.091,-1.293,-28.321,-1.673,-0.123,-22.08
46.707,92.093,-92.825,70.622,28.844,-37.498,-45.818,2.426,-4.226,-2.235,-8.478,-27.063
33.46,98.758,-144.962,436.424,39.531,-119.25,-89.979,72.984,-34.348,-55.788,-51.056,-4.28
