0.0,171.13,9.469,-28.48,57.491,-50.067,14.833,5.359,-27.228,0.973,-10.64,-7.228
10.28,94.995,86.787,-148.782,53.084,13.465,42.902,-40.453,-33.436,36.977,4.894,11.881
37.147,14.885,1.003,-31.901,58.732,64.004,-13.109,25.794,-9.321,61.591,-18.79,-3.366
46.091,3.88,11.524,-37.62,84.466,75.739,5.181,0.096,-47.104,9.578,4.876,-7.219
51.094,-22.208,76.176,-9.262,90.639,-4.15,-0.038,40.509,-10.732,-2.276,13.136,16.102
51.65,5.772,64.927,13.666,68.303,-49.215,-0.959,-22.289,-25.315,33.886,-7.713,6.929
51.154,74.942,88.999,2.797,37.432,-27.52,-18.838,21.143,-6.537,-27.035,25.785,19.196
50.593,68.716,-3.923,44.457,19.789,-43.841,-21.087,-24.593,-20.769,12.933,-31.625,-11.031
45.115,29.234,-48.348,-55.742,-2.002,-33.253,-22.064,1.343,-21.491,6.674,-9.798,24.853
45.767,-37.211,-32.556,13.674,45.026,-31.796,25.671,7.374,-42.613,-6.355,-32.188,11.558
45.672,37.374,-63.785,-44.86,-19.713,-30.783,-31.849,6.84,-3.647,-10.576,15.63,-0.649
45.524,39.774,66.089,100.949,77.969,-22.341,-11.476,22.603,4.344,8.412,-35.074,15.373
37.014,164.978,63.208,28.276,45.059,-9.543,-4.034,-7.288,-9.197,-5.666,-39.495,4.065
42.074,316.305,72.447,-28.661,18.828,16.508,-68.637,-6.851,5.786,-1.142,0.428,-10.035
49.036,98.318,-23.025,32.442,39.787,1.107,-45.703,-74.665,7.346,36.116,-56.937,17.983
46.063,74.421,-45.542,18.721,12.513,-6.655,-58.709,-64.515,-19.553,41.678,-70.109,-8.294
47.147,-11.666,-27.907,-21.867,31.077,-28.194,-44.138,-14.7,-42.121,-13.255,3.148,-31.871
49.776,-46.656,8.141,53.077,59.032,-25.949,7.802,-17.567,-18.43,-15.257,-17.081,12.355
49.298,19.682,-0.097,48.421,32.559,-15.951,-17.462,-70.098,-22.401,25.112,-52.351,-8.259
42.847,-62.977,3.012,31.565,27.655,-25.955,24.952,35.598,-7.662,-24.32,-28.289,8.272
47.893,-35.362,-17.828,49.49,46.895,-18.692,39.636,6.232,-17.725,10.146,-27.783,22.759
44.115,10.973,-44.027,-36.361,-8.632,-3.252,-2.609,17.173,5.655,-15.441,15.559,-6.496
42.97,-27.422,96.181,79.556,57.877,-41.119,28.62,-23.391,3.87,-2.136,-32.254,19.832
42.591,53.42,95.909,6.239,87.979,11.531,25.884,17.421,10.612,-42.475,-14.826,10.707
43.233,-37.47,77.28,-72.06,62.141,16.896,-7.578,55.211,-14.62,9.629,-21.868,11.173
38.872,-61.425,-95.274,106.998,27.826,-54.216,-13.518,12.999,-27.901,-33.094,-31.094,10.395
32.791,-7.432,-31.893,148.625,19.144,-113.571,-51.375,-21.685,-31.424,30.812,-12.611,30.313
51.185,-8.171,94.078,6.187,85.18,-2.865,10.589,21.682,-15.63,6.296,12.158,18.695
50.107,-42.971,81.443,27.877,65.053,-12.341,9.96,3.555,-31.116,-10.161,9.08,-18.756
50.31,32.787,33.305,24.198,72.782,-22.458,-19.065,74.849,-14.697,15.062,-5.781,3.035
46.863,-11.449,-27.688,22.121,50.215,-66.573,-44.486,20.045,4.486,32.852,-19.245,17.857
46.435,-36.325,-17.146,-55.709,39.774,-5.481,13.457,28.025,-25.523,-0.749,4.845,-8.194
45.82,112.749,-67.462,7.792,14.557,-0.537,-21.536,-38.668,-6.991,-12.076,-50.632,19.931
45.833,2.089,-5.122,-16.235,59.73,63.879,14.586,56.413,3.347,17.302,-5.399,6.293
36.774,150.361,79.12,32.883,42.792,-3.755,1.162,-10.978,-11.885,-13.648,-28.562,10.047
39.909,303.731,14.427,-34.45,91.373,-1.916,-25.122,41.692,26.198,-39.154,27.44,-8.93
48.656,78.197,13.574,-11.505,86.147,-6.507,-26.669,-81.929,-11.849,62.718,-7.692,4.241
46.093,176.166,40.185,10.028,19.626,-22.339,-84.033,73.014,29.192,-38.857,23.327,-23.942
46.387,25.284,-9.792,13.183,10.854,-21.486,-96.641,-10.739,-4.486,22.622,-17.069,-18.907
40.916,138.666,-49.648,41.165,38.775,9.312,-52.676,13.431,-12.664,-49.503,-43.862,13.953
51.482,54.628,50.148,33.694,79.33,21.098,4.601,-15.244,-36.022,35.223,21.341,-4.903
49.892,-26.358,47.095,36.918,84.302,-8.741,-7.148,0.424,10.405,-21.696,-35.823,-11.038
43.933,-61.707,43.634,62.722,52.69,-41.91,7.667,-33.746,-27.706,5.424,19.39,14.984
45.313,-29.969,40.107,-32.794,53.607,-7.43,11.356,-34.478,-15.368,-4.158,-15.6,13.78
47.143,-101.256,31.725,12.615,14.141,-31.724,51.631,20.818,-18.191,-19.076,-17.094,22.909
44.367,-5.934,-14.988,15.776,48.037,-48.798,-2.31,-18.169,14.172,1.923,-18.146,1.898
47.152,-1.302,88.458,-37.385,60.504,28.898,29.948,-28.587,-5.403,-1.346,-33.382,-3.07
47.059,-23.33,47.326,-87.369,63.081,14.217,12.439,46.03,15.622,-43.665,-3.417,2.646
49.298,89.661,6.618,-62.975,74.492,-24.503,-1.305,-47.618,-5.699,25.352,-27.611,9.861
49.02,17.53,-13.055,9.503,4.593,-53.001,-20.302,72.828,-33.784,14.252,-11.413,-11.923
50.232,4.334,-62.405,15.573,36.239,-9.229,13.678,-12.793,-24.184,67.918,-0.915,7.663
48.085,-70.145,1.393,-6.328,15.182,1.221,23.284,6.656,-26.103,-9.842,-32.469,-3.491
49.027,26.131,-31.632,26.322,-20.335,-64.007,-43.032,-3.853,-26.807,8.15,-32.082,1.75
49.472,28.155,0.078,-7.595,14.71,21.48,-22.886,-5.884,-5.975,8.036,-33.607,9.128
42.692,128.487,-121.311,-72.24,-9.727,-22.682,-21.933,-7.452,18.638,-23.864,6.568,-3.316
49.516,11.546,-44.558,-41.36,7.6,-30.95,-6.136,-23.786,10.549,33.88,-16.307,-4.042
49.238,-89.453,15.178,-42.735,-10.311,-50.822,11.708,38.512,10.435,-21.126,-15.705,-24.852
49.408,-2.94,62.667,14.936,46.912,-27.359,10.58,10.962,-5.999,-5.698,-14.636,-10.221
49.886,-21.156,31.454,46.539,12.177,-54.816,17.333,-31.43,-39.645,49.792,-42.771,-11.271
41.094,136.901,26.404,106.82,-2.462,-67.702,14.373,6.965,-11.451,-64.503,-59.006,-8.877
47.554,18.035,19.865,-41.398,36.186,-21.636,10.656,4.578,-39.64,39.355,-1.082,-27.194
49.211,-64.916,8.344,57.051,40.783,-53.479,47.485,-13.032,0.593,6.887,-21.7,5.07
50.073,9.407,40.103,29.321,37.321,9.062,23.151,12.989,9.284,0.734,37.361,8.063
45.185,26.599,43.447,134.008,24.19,-65.524,-37.131,-15.407,-23.494,10.99,-49.949,6.257
38.997,10.895,53.883,-19.201,62.326,80.65,45.825,5.937,-14.451,-9.703,-14.284,1.995
49.519,4.533,-1.12,21.481,61.288,-13.85,37.866,-20.457,-9.851,23.17,7.449,-15.736
46.28,-121.961,-5.508,-25.677,-21.251,-85.287,28.546,43.468,8.923,-18.489,-17.113,-3.167
45.742,-35.435,38.774,3.289,17.168,-86.876,27.465,7.807,15.941,18.602,-19.122,3.402
49.452,-9.415,5.622,47.851,15.693,-26.337,6.83,-31.348,-33.972,36.289,-27.64,4.631
46.966,3.901,-9.314,68.773,3.272,69.495,-31.72,5.907,-2.348,-27.184,-30.892,-12.111
35.92,-18.562,-12.057,119.898,-31.745,-100.995,-24.209,-8.935,-77.509,22.803,-15.119,30.585
50.091,-46.687,-18.025,-68.427,-29.027,-29.8,-11.783,68.487,14.376,-41.434,6.566,-16.707
50.19,11.306,-59.06,-0.462,7.505,-24.271,-11.002,4.969,-10.322,12.958,-18.257,-6.871
50.038,2.086,-12.075,61.808,1.035,-32.804,-3.989,-26.651,8.749,-31.079,-66.964,10.372
48.447,14.423,30.046,24.416,16.868,3.261,11.032,-37.758,-23.839,11.892,25.656,-12.735
49.987,30.553,-0.219,17.521,-3.234,-26.043,-29.376,29.529,23.065,31.971,-33.03,-28.996
47.745,45.278,-39.373,14.471,-32.654,-16.737,-17.133,-28.756,-31.904,31.475,-39.406,-15.718
44.885,49.38,-43.463,-89.131,-20.412,21.512,-7.697,47.259,-19.808,-26.555,-14.706,-16.613
49.59,84.563,-56.708,-29.511,17.844,-20.04,46.295,-80.42,-66.452,4.703,-18.479,1.403
50.621,-7.524,-11.628,-20.589,-25.544,-24.439,-8.359,22.117,-15.669,3.582,-19.679,-42.249
48.896,-57.648,-51.97,-38.122,-15.46,-103.795,15.237,0.925,-11.75,6.321,1.418,3.617
46.871,2.312,30.304,-8.638,24.605,-23.35,-21.96,67.942,-2.274,-9.981,-10.858,2.235
42.885,138.553,-25.28,48.034,17.776,16.736,-54.754,-98.571,-61.528,52.031,-83.54,-2.629
49.9,24.026,26.06,31.35,4.64,-31.706,14.586,-31.272,-34.823,44.256,-31.677,14.37
41.86,-3.96,4.747,144.854,-11.9,-79.973,-12.898,30.122,-27.54,-3.815,-45.476,-20.553
47.391,-40.498,-22.487,8.948,52.947,-59.175,3.871,-13.025,-7.813,18.728,-22.693,10.431
46.075,-110.731,-45.696,13.897,1.829,-70.278,5.16,31.34,-7.987,-25.524,-36.866,-7.092
49.536,-23.655,35.962,-6.577,14.096,46.765,32.011,2.057,-22.439,-5.651,19.915,-20.577
46.909,15.538,26.626,68.408,11.164,-101.009,-2.245,8.073,-28.201,27.977,-25.93,31.104
40.976,-44.215,50.478,86.684,56.845,-37.103,-23.507,-27.441,-9.925,25.55,-21.396,0.652
40.999,-21.705,60.073,-38.618,59.398,42.847,1.502,12.458,-11.918,-43.796,-18.151,1.587
41.519,-57.968,48.821,-3.603,91.825,-44.425,16.113,13.171,-23.255,10.168,5.543,-0.753
47.3,-21.708,-15.474,7.205,28.065,-37.964,12.104,-18.43,6.45,26.755,-2.67,28.76
46.17,-64.655,-16.128,-23.365,10.973,-20.531,25.645,21.852,0.543,13.431,-1.434,3.704
49.255,-10.69,23.88,17.018,-8.742,-71.755,-9.581,-48.177,-37.372,44.127,-12.83,-12.868
50.178,5.212,114.134,37.95,64.695,-1.171,5.832,5.046,-29.357,4.696,-32.485,-12.984
45.263,112.563,5.3,-41.968,107.954,-33.049,0.524,39.679,-8.732,-30.719,-0.859,10.939
50.378,8.093,-46.137,3.536,55.34,-12.166,20.993,-17.043,-15.792,50.889,-16.298,3.695
49.387,-47.897,41.728,-22.926,43.327,35.072,49.726,8.108,-8.748,-7.454,-21.549,-10.067
51.915,60.477,-15.239,-6.535,54.799,-90.6,16.685,53.801,1.365,-19.93,-6.721,18.864
48.109,95.543,-9.156,100.954,28.958,-39.055,-17.565,-13.754,-39.334,1.436,-72.747,-9.604
47.912,3.244,15.523,-32.253,-10.083,38.179,39.496,-1.99,-36.217,42.886,32.281,-15.754
49.994,-24.336,4.416,1.084,27.302,-45.231,57.219,13.801,-42.807,-2.119,-20.266,-5.494
49.651,-32.027,-3.837,-4.286,15.895,-41.35,25.253,32.507,-13.982,16.67,-23.101,-23.482
46.104,14.825,-32.138,14.888,37.168,-64.364,-16.266,157.874,-15.062,4.237,12.803,-19.954
45.708,103.842,-12.39,-7.22,28.933,76.471,1.023,-48.205,-50.504,89.152,-47.421,-12.499
48.107,9.109,48.564,74.692,27.765,-42.248,0.489,59.651,-17.691,36.099,-27.978,10.473
49.8,-39.603,24.788,-16.565,42.204,-33.029,7.035,-13.402,-20.366,16.736,-2.865,-5.779
49.186,-50.994,24.35,43.991,50.525,-34.784,16.567,26.537,-13.242,-25.556,-30.969,-9.215
47.272,-47.482,13.227,60.497,2.804,-82.894,24.183,-19.816,-11.352,22.491,-18.632,18.923
49.272,5.128,4.355,24.359,-2.838,1.004,10.516,-24.031,-30.445,1.783,26.177,-24.715
48.583,-26.543,48.475,58.298,44.846,6.181,-8.964,3.63,-27.341,-25.109,-2.542,-24.252
48.318,-115.298,41.971,-23.729,21.765,-23.871,33.71,11.064,-30.077,9.067,6.757,-21.487
47.361,-95.947,1.763,43.942,-2.975,-13.9,6.6,-2.794,-21.107,-24.696,-49.651,-22.476
45.693,-126.008,-19.98,48.026,-11.054,-33.616,13.115,53.564,-5.759,-32.001,-36.782,3.507
49.315,-16.557,6.429,51.509,12.444,-29.243,-10.326,-14.05,-54.032,61.519,-37.379,-14.822
43.866,-26.278,-57.447,70.905,-10.935,-88.416,-12.898,73.449,-17.638,17.317,30.085,-11.534
45.441,16.913,29.846,45.771,11.327,76.98,11.458,8.735,-30.828,17.331,-3.249,-15.733
47.209,-166.246,2.539,-31.237,-6.826,-75.184,31.003,15.025,-13.889,-5.352,-0.709,-12.226
47.811,-114.941,17.428,-12.885,-1.719,-26.413,25.682,24.146,-4.878,-18.59,-13.203,-13.714
49.771,-60.486,31.673,22.843,16.769,11.07,31.485,15.255,4.374,-21.839,-8.654,-14.464
48.805,-75.914,30.487,80.787,-1.871,-44.198,30.102,-14.747,-15.761,3.437,-65.954,27.122
49.013,17.402,46.776,33.15,23.771,-43.967,10.212,-44.659,-15.603,27.803,-38.422,13.035
45.084,-71.774,-16.219,31.015,45.25,-19.102,-1.787,-15.804,23.18,4.314,-47.372,22.9
47.375,-33.724,29.585,-4.237,-21.833,-24.967,34.261,-45.595,-34.354,26.45,-18.569,-10.643
47.68,-75.087,0.028,-23.065,24.476,-40.297,56.829,9.427,14.817,13.337,-3.22,5.585
44.962,-77.029,-48.616,44.312,10.989,-28.006,-9.447,36.399,4.327,-78.809,-61.857,9.153
49.449,39.907,45.273,-9.417,-8.245,-38.988,-10.721,-36.523,-32.663,49.24,-48.659,-27.518
42.425,87.473,-97.55,-58.811,27.507,-43.654,-0.09,-40.437,-3.229,-28.962,4.044,-12.183
45.891,6.138,22.4,79.354,17.922,-21.783,-23.874,22.249,-31.135,22.933,-60.604,-11.099
48.37,-111.076,-8.494,-53.194,-4.024,-65.479,19.643,55.284,9.502,-16.901,-11.062,10.688
46.604,-101.507,-40.091,29.924,27.84,-31.789,31.927,41.149,-16.251,8.082,-30.473,1.818
43.396,18.32,-42.996,-102.022,43.975,19.699,22.616,-39.14,19.484,-36.859,10.202,-19.874
46.136,-17.527,-8.551,65.235,15.786,-95.911,-16.582,30.556,-27.301,-0.149,-16.351,18.343
46.752,82.338,19.557,61.564,10.259,-31.545,-27.035,19.598,-46.499,26.749,-74.231,-1.793
47.076,55.411,26.954,-0.53,29.568,60.629,6.577,-7.896,-31.757,47.822,14.459,-16.687
43.749,-34.252,-101.021,51.254,23.258,-20.585,-17.392,-35.739,-8.555,-9.998,-74.01,-3.054
31.813,-40.343,-86.901,-71.874,-15.33,-41.688,-16.517,15.535,2.276,-5.219,3.379,-0.973
34.382,-42.997,-98.931,-25.479,-15.389,-31.486,-35.675,-8.849,-13.581,2.094,-25.295,-9.048
45.133,31.584,4.769,-136.311,29.233,117.12,22.522,-1.088,8.194,-11.281,-78.439,-30.423
55.702,21.282,-11.246,81.378,55.881,-55.222,-48.277,-18.875,-13.927,11.46,-23.607,10.84
44.964,22.97,-35.914,-16.031,6.781,-18.838,-67.289,-1.283,15.185,-32.197,0.719,-14.928
48.934,35.965,-18.537,17.734,29.986,-18.926,-21.964,36.493,-3.864,47.202,-11.295,-16.563
52.721,6.495,-62.017,-19.859,49.179,-73.057,34.392,-49.719,-16.743,-8.372,-20.404,7.998
47.661,-39.795,-19.952,-122.913,8.244,-24.755,3.132,28.518,-18.464,25.15,10.712,-9.181
50.5,10.848,-70.125,70.912,7.52,23.299,-23.123,-0.545,6.16,-34.394,-74.817,14.368
44.226,-26.881,-9.471,-129.51,-34.019,-25.683,10.87,57.265,17.181,-5.895,16.409,-4.55
49.237,83.724,-49.226,-55.269,-22.434,-38.962,-9.462,30.171,2.447,-8.318,-23.024,-6.033
51.434,9.722,-40.32,36.03,26.772,-26.882,18.83,41.267,-31.11,5.298,-42.371,-29.168
51.346,16.019,-8.639,-28.832,11.103,50.389,9.744,-37.693,-10.832,18.573,-42.481,-5.039
48.435,44.283,-108.734,-39.665,30.4,-10.742,29.25,-99.783,-8.114,-6.452,-45.898,5.757
47.124,-73.49,7.111,-62.325,-17.893,-49.235,25.323,-2.825,-0.312,3.706,-17.293,2.585
49.833,-37.644,-14.021,-29.389,20.606,-30.346,7.283,63.979,17.776,10.904,-25.165,-17.998
52.389,0.347,-24.051,91.568,38.547,-113.296,-51.055,-58.281,-12.65,24.231,-12.671,0.325
49.083,-81.436,43.673,-14.699,48.043,-36.869,16.294,-37.224,-29.214,34.202,-4.179,3.121
49.706,-44.108,70.453,38.053,39.12,-8.86,5.558,24.605,3.099,-32.873,-38.473,-9.075
42.459,-95.251,40.545,-76.699,19.091,-9.947,46.074,22.348,-4.571,-9.965,-9.439,7.605
50.005,-62.23,-5.908,-28.244,13.009,-30.399,52.641,4.848,0.779,7.769,-20.923,-0.638
50.383,-29.303,-33.688,-38.074,6.018,-6.491,20.093,15.126,-0.941,1.264,21.503,-5.969
50.687,8.201,-28.334,19.866,32.197,13.322,-24.603,17.166,22.769,-25.071,-72.602,8.89
45.538,57.356,106.91,-36.136,82.89,20.355,28.334,-4.75,-9.844,-24.122,-18.52,12.861
50.693,97.516,6.612,6.125,82.298,-5.783,19.23,-12.875,-45.978,8.653,-26.293,-21.633
50.781,29.914,15.286,15.374,79.166,-28.629,5.038,-4.164,-65.852,1.18,-0.833,15.461
51.863,-1.303,14.966,-10.755,71.622,-36.363,3.821,-14.695,-16.944,10.354,-8.437,-10.482
48.453,-97.408,-46.224,-25.915,3.323,-72.791,19.217,17.634,-11.165,-3.35,16.062,6.935
48.827,-53.826,43.68,-16.199,45.708,-47.787,3.119,35.663,-6.779,-10.816,-17.57,2.815
51.044,7.624,-26.571,8.978,57.798,59.902,-19.344,12.281,-3.41,-27.007,-44.437,2.155
46.903,87.91,5.496,-14.78,60.682,39.83,42.498,-88.552,-46.127,24.73,-46.333,11.025
39.604,-17.969,-38.309,5.467,-26.622,-7.877,-16.879,14.717,-0.952,-44.509,-19.462,3.665
51.286,-37.707,-42.866,-5.293,16.772,-14.936,40.139,-1.999,-31.865,6.743,16.153,0.987
48.46,-124.567,-18.108,17.288,6.623,-38.089,35.981,39.831,1.614,0.695,-40.705,1.068
48.565,3.506,-23.711,-115.36,0.179,-13.748,6.492,10.957,1.154,0.202,1.782,-11.883
49.94,-5.706,-93.76,147.488,7.053,-81.812,-43.468,-52.948,-7.743,5.004,-25.87,16.857
45.185,-83.419,-38.902,-68.78,-12.52,27.87,17.201,57.051,14.609,14.765,22.092,-0.732
46.973,3.899,-67.078,-14.051,-29.527,-7.825,-14.789,22.645,7.278,17.936,-30.181,1.248
47.458,79.689,-111.253,-29.922,11.882,-56.18,-17.139,28.108,-49.143,-5.079,-30.651,-14.466
49.169,14.195,-26.475,-45.229,39.769,-13.569,38.505,-30.951,-37.301,38.161,-1.238,-7.414
48.824,-46.694,53.03,32.458,34.465,-16.383,39.908,-4.75,-27.062,-13.256,-40.115,10.818
46.461,-82.215,-14.713,-37.684,7.767,-30.001,41.262,15.177,-7.026,0.252,-44.789,-12.158
47.006,-28.418,-75.433,16.7,9.182,-23.789,4.654,37.127,-20.063,-14.56,-32.226,-29.555
53.893,37.9,-30.011,72.435,60.666,-16.415,-14.907,-32.841,-17.282,3.977,16.569,-3.011
43.029,92.075,-28.497,-76.027,85.103,-18.55,33.728,-21.619,-41.989,-23.914,-38.935,4.718
43.839,6.444,-73.165,-31.712,42.207,-30.322,-35.465,-10.304,-46.42,-18.363,-21.316,-19.343
46.525,-103.246,-48.996,-16.935,-9.444,-86.058,23.26,28.679,-2.201,-8.24,11.33,11.214
43.689,-149.212,-59.034,11.706,-30.405,-95.115,0.813,23.192,7.06,-16.816,-14.572,6.329
49.294,-27.524,-23.606,6.644,-0.734,-20.077,31.898,1.29,12.617,4.381,25.957,-13.778
49.841,-26.039,-102.386,149.558,8.834,-84.222,-36.618,-66.129,3.322,12.994,-17.061,7.411
41.838,-113.226,-78.115,39.849,-10.021,-26.347,14.508,-3.434,11.265,22.266,16.9,-9.058
46.557,117.906,-79.863,21.295,54.71,-12.96,-4.431,24.334,-62.974,-10.674,10.797,-23.934
43.953,50.064,-42.341,-31.155,131.118,-31.97,39.35,-0.232,-51.726,15.374,-8.339,6.467
47.55,10.998,-4.406,15.224,28.499,-49.599,12.75,-14.23,-2.07,1.557,-20.106,29.01
50.149,-102.84,12.032,-19.424,-27.495,-20.904,43.009,22.465,-10.257,-36.423,-9.337,-9.249
50.591,-65.621,28.932,-13.598,8.863,-23.431,56.872,13.471,-5.506,-1.983,-17.096,-4.119
53.055,3.268,-62.495,92.299,29.196,-61.92,-55.802,-51.433,-11.588,15.683,-18.144,-1.469
48.21,-42.892,-34.241,-11.792,-30.945,31.267,37.037,15.048,-25.464,1.523,-4.473,-17.812
46.913,85.497,-138.077,-95.532,35.337,-37.33,7.593,42.065,9.534,-33.785,17.049,12.477
51.26,39.056,-98.777,-52.915,55.93,-3.868,32.545,-73.329,-21.349,27.046,-20.146,7.502
50.619,-72.922,31.122,20.395,15.232,-34.1,45.395,13.539,-18.73,-0.64,-36.985,-0.779
44.516,-64.126,-49.841,-95.25,27.601,-42.128,11.891,32.693,-29.448,8.397,3.645,2.107
50.943,-31.374,-10.823,-67.367,-14.487,-54.14,10.745,26.397,2.902,-26.935,5.17,-1.703
50.566,-6.558,-73.08,116.268,-0.917,-111.053,-45.567,-52.507,-2.054,20.039,-13.909,13.751
46.922,46.838,-38.481,-68.827,-45.747,-16.432,-13.453,16.98,28.782,-20.157,-0.458,0.691
49.422,112.253,-78.479,-23.876,-15.102,-25.534,-0.044,2.674,-44.07,-1.379,-20.114,-2.169
50.84,24.429,-42.683,-2.485,34.945,10.89,29.004,30.945,-11.519,23.033,-49.679,-18.455
51.934,1.063,-2.808,-15.904,20.576,30.029,9.722,-36.471,-18.512,22.804,-16.139,-22.049
51.4,14.502,-60.531,3.167,17.276,6.974,33.573,-67.939,-4.92,-13.526,-60.163,-3.303
48.076,-80.126,25.159,-71.542,-2.037,-33.047,42.441,14.092,-2.194,22.795,-3.24,-1.139
52.034,6.119,-8.319,-36.017,28.943,-42.029,21.685,41.135,20.669,0.586,-13.972,-9.707
54.206,19.902,0.724,72.479,36.636,-82.648,-35.01,-47.033,-9.103,16.364,-18.21,-0.421
45.323,-67.688,1.035,61.755,21.744,-49.281,36.553,26.773,-13.968,-4.215,-35.094,9.793
50.109,-72.362,-10.806,-30.76,22.084,-48.692,53.596,-2.103,3.908,5.847,-13.524,-0.502
49.196,-42.73,-30.219,-76.754,13.631,-40.145,17.479,10.732,4.475,-2.927,-2.261,14.308
52.347,0.917,-27.715,-30.445,13.31,13.368,-6.227,10.144,27.03,-6.577,-67.356,6.21
48.311,-9.842,-23.242,-82.64,-2.577,-24.956,45.379,-19.061,-3.592,-7.117,-8.992,7.971
52.338,32.909,-38.746,-16.277,25.622,-21.972,22.146,28.228,-21.63,-22.751,-20.382,-15.573
51.177,-7.593,-41.813,-13.925,43.084,-39.341,34.846,14.612,-51.501,11.446,-9.158,-3.862
53.3,-9.848,28.881,-4.549,69.825,-24.227,12.879,2.464,-18.929,-1.111,-7.645,-19.471
51.344,-37.849,39.411,23.579,78.656,-25.19,-6.963,-0.128,-14.578,-4.477,-27.204,-30.695
48.346,-103.338,-39.916,-21.028,-4.586,-67.252,17.807,9.541,-14.965,14.099,28.811,8.938
49.43,-64.965,64.075,6.101,48.348,-49.567,3.719,42.685,3.987,-10.63,-17.323,-4.166
49.695,-9.792,-1.034,-1.754,47.781,50.17,-21.956,8.784,-1.078,-20.734,-62.07,8.952
45.059,61.528,-15.483,12.733,36.847,39.849,25.051,-63.02,-41.338,29.597,-51.418,14.224
48.389,-53.249,-31.835,-4.18,29.29,38.892,55.531,-21.32,-42.651,49.137,31.555,0.757
47.396,-21.167,5.989,-129.735,-9.229,-43.087,23.1,11.328,10.483,3.633,32.852,-5.371
51.003,-1.436,-78.274,121.39,2.517,-98.787,-49.365,-49.438,-3.905,13.345,-13.51,11.324
46.395,-72.996,-44.215,-34.028,-20.438,-3.355,18.045,50.726,12.93,14.306,25.527,-1.659
46.521,38.307,-97.155,-63.228,-23.155,-15.524,-13.317,39.75,0.504,-29.03,-30.073,-6.063
49.508,52.616,-114.016,-3.094,13.216,-47.473,7.531,21.655,-58.873,12.3,13.53,-4.358
49.613,-41.844,-95.469,-46.987,27.408,-35.252,24.924,-35.406,-41.984,49.949,5.046,3.42
53.117,-22.194,37.565,-15.559,1.635,-31.486,42.612,20.912,11.713,-7.862,-14.756,-25.807
51.919,-39.241,-14.894,25.217,7.597,-24.036,23.375,-32.207,10.452,12.591,-37.175,1.552
47.893,-56.495,25.388,-27.266,46.849,-33.079,25.785,21.62,1.939,-5.224,-16.364,-16.674
51.053,39.038,27.001,-17.035,48.574,-7.096,2.246,24.538,-18.656,-20.961,2.923,2.727
53.646,35.243,3.031,85.995,57.745,-69.934,-43.748,-35.363,-23.796,21.068,-20.274,13.677
44.792,86.749,4.047,-66.817,73.593,-9.625,15.774,-71.294,-26.78,4.684,-28.976,6.912
46.689,-74.194,-57.847,-24.247,18.506,-21.721,22.526,19.259,-22.428,25.828,11.036,6.286
43.65,-149.087,-61.142,13.271,-20.086,-99.952,2.045,17.411,10.182,-2.516,-14.949,10.575
49.956,-21.38,-17.298,9.119,-3.913,-64.972,22.619,-2.384,12.054,5.891,-13.957,-6.79
49.8,-31.211,-100.627,152.417,14.886,-100.362,-41.711,-69.308,1.678,17.521,-27.299,12.075
41.504,-113.392,-70.707,8.957,-7.912,20.482,25.03,9.985,19.139,-11.658,-7.341,-5.535
47.804,86.86,-129.739,3.187,20.445,-26.146,9.967,17.873,-65.272,8.438,3.332,-20.705
45.435,7.875,-115.031,-60.527,79.807,-41.771,59.276,-2.23,-44.346,10.765,-20.788,5.343
46.887,-3.143,-21.795,21.184,23.105,-56.038,20.223,-18.776,2.208,-5.206,-18.693,27.353
42.963,-160.977,-58.209,11.278,-47.139,-121.235,-0.828,26.275,-4.144,-11.425,5.78,9.791
44.704,-61.917,-31.107,-63.969,-13.428,-21.865,34.927,-18.577,-6.062,-3.424,-29.944,24.413
48.454,22.278,-66.242,181.683,38.265,-95.502,-91.805,-18.743,-7.043,2.213,-24.093,5.188
34.613,159.836,69.618,13.309,42.669,7.753,8.034,-24.679,-37.894,-29.145,-52.305,7.556
43.706,17.645,2.898,-76.69,86.559,119.864,15.531,25.587,-38.815,8.108,-11.023,6.932
46.537,-11.301,-8.212,-31.186,96.93,-28.835,-26.96,0.088,-4.931,10.045,-10.675,10.667
50.999,-7.11,52.036,21.702,67.121,-28.184,22.302,8.779,-17.627,-8.11,-6.245,14.575
49.541,-59.736,56.966,-13.925,67.683,-27.4,36.987,20.087,-31.226,-17.555,10.451,-8.589
49.709,-18.216,62.508,28.879,36.82,-34.927,1.374,20.74,-30.06,-9.344,7.111,3.976
48.833,45.552,-1.941,10.049,33.624,-35.8,-5.534,-8.555,-8.084,7.117,-22.544,1.132
47.513,-34.892,-5.312,-28.233,49.5,-25.624,28.323,13.43,-41.507,-9.104,-21.81,6.492
44.121,27.425,-56.916,-11.168,-19.117,-20.542,-32.373,16.495,9.403,-3.958,-24.377,10.583
44.165,3.39,6.652,119.279,43.751,-32.225,-12.16,36.458,3.303,-5.695,-28.159,20.948
39.864,10.134,33.999,-129.237,61.507,108.243,14.187,-7.88,3.598,10.905,-60.984,16.001
46.283,69.141,-36.353,7.118,0.626,-11.95,-63.9,-51.617,7.091,37.669,-53.638,5.434
46.618,-0.716,-15.537,32.336,20.727,-25.005,-52.491,6.383,-12.715,14.692,-7.291,14.81
51.833,4.272,14.3,-23.465,73.795,25.668,7.518,14.287,-12.829,2.237,34.01,1.998
48.731,-25.903,0.785,40.106,76.745,-28.701,-2.576,-39.374,-24.422,-16.185,-15.797,9.89
48.399,-57.239,33.043,29.83,57.398,-14.438,6.058,5.275,-2.685,-15.893,3.09,-5.977
46.323,-49.884,4.771,77.806,40.65,-32.006,-9.549,-55.751,-8.709,5.524,-6.655,21.932
49.029,30.85,-0.456,20.287,47.098,30.684,-21.125,-49.048,-5.77,3.407,-31.458,-14.317
44.449,-76.898,-45.472,35.345,21.173,-54.778,0.06,-1.102,-48.042,5.062,1.554,-0.077
44.63,-71.568,-11.621,-72.062,33.255,6.347,33.284,19.303,-49.724,-23.181,-28.456,4.028
44.016,23.7,-56.339,-29.511,2.678,0.982,1.719,11.007,14.742,-6.495,7.844,13.271
43.93,-65.815,49.536,40.457,42.905,-53.372,37.829,0.551,-3.23,6.811,0.034,32.002
40.787,-26.689,76.246,4.524,55.834,-42.031,34.119,15.701,18.254,1.065,3.594,25.862
39.339,21.693,62.89,49.451,79.651,-29.953,30.637,-37.098,11.476,-28.615,-9.457,20.227
47.671,42.784,-1.361,-0.833,48.983,91.52,-14.443,15.281,3.83,-13.315,2.777,-0.124
45.468,42.911,-33.761,-17.466,-26.192,-13.064,-45.969,-3.156,-8.566,11.317,-17.974,5.804
46.627,-27.173,3.711,-55.459,10.636,-1.039,-1.495,-5.803,-25.734,23.128,-33.055,6.58
43.741,-8.974,10.069,35.262,39.202,-19.131,-40.992,-54.152,-2.601,-8.59,-17.603,5.215
52.558,-12.888,61.697,8.689,57.266,17.858,9.757,14.925,1.789,-9.379,21.879,16.532
50.462,37.513,46.026,-32.313,96.764,-34.614,29.595,-26.18,-25.028,-4.252,-14.173,17.304
50.067,-22.107,24.886,44.185,40.447,-37.298,-6.313,-11.683,-17.645,-0.272,-38.106,-27.835
43.52,37.575,-59.011,38.861,15.955,-27.975,-71.206,38.21,7.904,-17.4,-6.503,-11.339
45.241,6.559,-2.888,-24.484,41.139,74.43,4.415,-41.594,-30.244,37.647,-7.66,15.335
44.657,68.088,-81.136,8.499,17.652,-36.181,-33.315,41.68,23.626,-40.931,-37.815,27.122
50.575,36.256,-1.617,12.161,58.88,-7.631,-14.229,33.507,1.386,12.161,-2.627,12.826
49.598,17.306,1.311,-42.758,30.597,-26.336,-7.304,17.982,-15.613,24.726,-9.702,-26.706
50.714,14.883,31.308,-20.977,38.721,-17.819,-12.875,-14.072,-2.185,9.918,-14.096,-16.079
48.562,-6.092,0.833,-49.737,42.508,-35.968,-21.435,-7.772,-28.374,-20.554,13.016,-23.059
50.217,5.882,37.979,-6.805,51.683,-66.165,-16.246,70.179,-22.285,19.895,-17.942,-7.722
52.546,7.48,10.012,24.722,71.691,-57.508,4.904,-38.596,-20.352,42.786,-20.423,19.625
50.313,-32.012,36.927,6.216,82.214,-31.581,9.807,-2.528,-17.414,-11.256,-7.485,7.753
50.247,-44.696,70.24,-21.782,39.965,-27.145,35.726,17.192,-25.87,-10.344,-2.413,-3.947
51.961,0.259,41.139,-10.339,23.379,-34.574,-15.954,17.975,3.691,2.076,-17.6,-16.758
50.539,4.924,29.477,10.066,32.388,-7.166,-1.252,-1.004,-10.337,-5.406,-48.182,-19.473
48.99,-24.028,-0.452,4.744,43.965,-44.17,26.22,7.115,-21.915,-10.12,-10.297,10.794
46.441,-51.821,-8.504,0.421,46.626,-19.621,43.459,9.258,-21.733,-1.635,-48.191,26.886
41.418,55.667,-39.99,-51.271,31.701,7.609,8.568,36.97,18.668,-27.719,9.117,5.427
48.555,43.808,34.925,-8.72,57.505,24.789,27.035,28.141,19.792,-28.496,-8.453,28.584
46.941,2.229,-2.071,115.917,52.577,68.945,-17.196,37.395,-4.82,-3.932,-49.442,1.186
49.589,50.592,-36.932,16.561,38.589,-5.763,-72.662,-19.571,11.756,52.134,-6.277,-9.442
46.398,90.955,-27.964,-0.587,8.857,-65.113,-21.579,100.252,0.39,-42.124,-0.314,9.246
46.052,3.613,-14.049,143.883,13.367,22.134,-30.897,23.941,-39.059,42.127,-32.211,-13.071
50.985,-40.477,-29.897,-37.772,2.442,-25.572,15.9,25.05,7.252,-67.568,-8.579,-4.018
48.806,-11.631,-52.644,-8.171,43.152,-17.755,6.048,37.965,-17.682,-4.448,-6.614,15.117
50.171,-23.779,-5.143,-10.944,39.476,-32.759,7.294,-4.194,-12.506,36.539,1.547,-29.057
48.758,-63.776,1.561,53.831,-11.379,-99.975,6.305,-12.148,-21.835,15.395,-26.309,4.511
51.199,15.294,-1.467,32.144,1.434,-30.621,-27.388,6.639,-33.135,22.907,-43.799,-22.056
48.639,84.782,-31.38,-46.79,-14.841,-4.713,-63.828,4.237,30.224,-4.123,-6.133,-26.038
48.796,8.406,-38.863,15.222,-21.047,12.257,-6.153,-43.302,-32.487,39.715,-67.267,6.583
40.714,9.504,-114.684,13.616,-43.723,-37.8,-38.765,-40.906,0.817,-20.155,-33.205,-14.406
46.408,28.311,-64.116,-41.592,-8.959,37.083,19.104,-4.527,21.511,-0.076,27.493,7.801
48.057,-71.694,-27.35,50.336,26.503,8.771,-1.831,20.36,25.113,-68.423,-52.878,-7.169
47.351,-4.213,11.959,27.116,27.475,59.667,25.483,-46.381,-26.593,59.132,62.069,-28.21
50.337,-37.576,-24.639,-1.747,32.901,-31.418,-22.475,25.067,-5.894,-9.626,-13.948,-23.3
47.248,7.66,-9.458,26.464,-0.592,-49.226,-38.853,50.959,-43.639,10.376,9.637,-12.424
51.939,-1.607,13.386,15.606,64.641,-43.602,25.71,-20.081,-17.799,28.207,-6.337,5.449
47.523,-69.051,15.984,-22.123,32.189,-22.31,36.376,33.064,-1.736,-9.988,-4.803,9.307
51.484,4.69,20.084,35.497,20.092,-52.318,0.175,10.014,5.321,-2.799,-0.494,15.57
51.537,29.443,10.645,46.751,36.264,-54.948,-39.087,46.631,-33.531,30.398,-27.944,-14.326
48.16,-9.166,-20.616,49.152,9.891,16.345,15.044,-20.482,-56.701,47.548,-15.283,3.309
40.24,3.833,-82.208,44.374,-42.989,-10.587,-54.603,-21.931,-0.803,-28.038,-30.172,-18.219
50.283,22.949,5.878,10.12,49.521,-25.225,32.134,-9.26,-3.639,28.462,-2.551,-10.914
49.646,-88.357,1.634,-1.141,14.275,-32.498,29.744,42.911,18.748,-32.782,-11.981,3.593
50.252,19.228,4.576,22.882,-0.061,-37.495,-46.526,0.293,-16.14,28.803,-59.414,-12.014
45.325,97.804,7.171,14.775,26.963,32.444,-23.856,20.23,-41.812,48.631,-18.461,-19.131
48.705,-70.16,-47.854,-36.756,-15.269,-39.299,-14.455,29.131,18.913,-54.152,-13.28,-9.213
49.483,26.217,-88.506,-17.692,19.451,-75.513,-7.445,46.353,10.603,-11.612,2.629,12.55
48.349,-31.298,-7.88,-19.658,17.034,-47.283,17.614,11.81,-7.314,-12.11,5.396,9.547
46.805,-77.786,-13.645,96.189,-4.044,-52.272,17.29,-20.76,-16.527,14.933,-14.359,8.83
47.897,29.734,-17.316,49.668,8.007,-42.996,-34.172,-20.232,-40.127,16.464,-42.171,-2.74
49.143,42.801,2.924,-27.603,-18.024,-1.535,-13.726,-15.841,-27.532,54.35,10.549,-0.121
46.889,-36.161,-15.369,52.852,-19.348,-78.268,-21.881,26.936,-13.952,6.071,-52.953,-32.205
43.512,87.597,-138.721,-29.368,23.158,-30.858,-19.667,17.577,5.687,-10.811,-16.258,10.332
49.499,-8.198,-6.706,-28.214,-2.174,-5.331,6.605,-23.284,-17.346,40.911,17.275,-21.463
46.685,-99.97,10.804,6.619,4.185,-35.095,6.862,59.257,-0.715,-37.02,-57.001,-2.604
48.978,44.516,15.364,21.861,-8.053,-47.661,-11.595,-0.015,-28.706,46.649,-46.391,4.704
47.085,-13.825,-6.199,56.335,-13.652,-38.105,-36.363,-5.237,-30.072,24.87,-33.444,-4.822
39.361,22.962,-57.805,26.854,24.412,-47.084,-23.264,47.21,-19.889,-32.767,-12.513,-12.73
48.205,-93.856,-44.406,-14.582,8.64,-41.249,18.92,20.55,5.69,-50.322,-22.331,-0.057
48.665,-68.289,-29.433,-2.034,1.895,-42.646,0.303,-1.512,12.269,-34.757,-7.845,-14.642
48.377,-5.248,32.015,41.518,33.414,-46.541,4.62,-9.938,-1.666,26.726,-12.221,1.04
50.873,34.085,5.656,46.604,3.73,-28.458,-51.766,25.558,-11.99,29.112,-61.982,-23.319
46.146,43.028,9.756,54.54,36.02,-1.85,-21.921,-54.567,-0.38,43.11,-13.845,0.684
46.82,-46.097,15.308,56.99,-4.511,9.57,34.369,-17.056,-29.711,3.177,11.184,4.226
42.024,-53.597,-17.943,52.469,8.815,9.622,0.577,-52.045,20.692,-22.243,-8.289,-17.97
45.422,-8.308,-5.767,-46.61,47.002,39.145,19.157,7.672,13.27,-21.485,1.118,8.805
47.175,-64.874,14.404,-63.935,8.628,4.359,24.036,49.008,7.913,13.401,-31.597,0.667
47.212,15.783,-14.964,31.384,-3.564,-80.119,-25.622,-17.338,-33.201,46.627,-2.861,-8.721
43.891,-67.953,-80.978,45.698,9.319,-102.627,-0.552,23.045,-4.484,-46.821,-10.196,0.57
48.596,-8.493,95.72,25.242,75.199,34.253,6.311,8.73,5.621,-14.125,-25.34,-16.995
41.508,132.413,-16.247,-44.673,69.822,-50.226,-22.951,42.994,6.293,-29.93,-2.548,8.749
50.173,3.582,-51.746,10.146,44.146,-5.005,24.686,-4.314,-12.636,46.225,-8.42,6.62
49.282,-41.894,19.806,5.315,52.729,40.818,43.943,8.177,30.846,-6.79,-22.166,-8.889
51.524,48.517,-12.945,6.28,52.448,-86.623,20.168,50.718,-3.641,-16.13,-4.983,13.017
47.786,87.999,-15.126,111.08,23.463,-36.878,-31.411,-2.639,-23.484,13.296,-58.353,-8.641
48.146,20.164,-28.006,-37.095,18.826,37.099,-6.069,2.907,-33.49,40.541,37.611,-37.713
49.992,11.255,-6.522,-24.448,28.035,-38.904,-1.495,-4.898,-2.417,12.297,-17.019,-39.582
50.337,-45.813,14.522,3.675,29.247,-37.066,32.452,2.064,5.472,23.169,-23.786,-15.939
46.387,-1.744,-50.662,0.469,31.03,-23.997,-2.068,65.636,-20.14,-4.384,-27.083,-14.352
46.629,65.487,-7.319,63.429,-8.217,-53.433,-8.542,-31.538,-45.24,37.615,-53.314,-26.123
45.065,-20.378,58.609,6.356,64.451,58.947,35.148,9.186,4.825,49.543,-23.603,1.753
39.039,-33.268,-79.631,66.855,-8.837,-43.608,-34.491,-18.04,-22.873,-11.298,-17.84,-26.634
50.418,-12.364,3.14,5.938,33.345,-30.863,5.875,-1.692,-29.42,18.876,6.753,-13.637
46.967,-54.396,6.495,23.834,30.537,-19.846,5.986,1.818,-13.752,-26.24,-36.493,-6.919
45.593,-58.746,14.23,119.515,13.163,-80.716,14.827,-31.744,-29.77,19.691,-20.301,4.916
50.603,13.568,42.536,54.051,21.331,-23.434,-25.928,-28.54,-49.418,41.878,-33.136,-13.156
46.485,94.226,2.986,21.97,25.263,-13.468,-15.087,-54.45,6.859,3.28,-60.294,8.837
48.932,-20.709,12.993,59.582,22.56,11.774,14.296,3.071,-29.691,-12.52,-39.776,-26.411
40.129,-54.056,-31.287,114.596,8.074,-25.698,-12.957,-10.193,-13.649,-16.528,-24.92,-22.562
48.171,-88.343,-0.061,53.219,22.695,18.021,15.098,-6.566,-6.525,6.545,-12.848,-8.438
46.778,-39.558,-46.71,29.603,20.412,33.203,32.58,20.398,-10.581,-35.737,-16.462,-9.09
48.586,-27.721,-46.561,-2.143,34.662,-32.137,2.16,79.854,-3.873,14.181,0.158,-2.979
47.201,77.154,10.115,64.902,12.162,-40.952,-20.092,-5.66,-41.742,38.268,-52.972,-18.288
41.046,190.354,21.275,-51.92,71.104,14.341,-40.062,-59.048,-22.893,81.753,-33.678,-2.92
50.062,-89.001,-14.154,-47.112,1.564,-33.316,15.46,31.999,10.244,-34.891,-11.507,-7.575
49.609,-84.255,-2.04,10.034,21.392,-18.575,34.637,14.016,8.634,-5.187,-30.602,-4.333
45.619,-78.821,-23.624,7.193,30.713,-9.667,17.956,-15.145,25.447,8.647,-19.675,23.188
47.949,-84.423,-3.195,77.968,20.444,47.376,42.272,-11.388,11.004,-12.148,-4.266,9.624
48.863,17.996,72.058,17.76,18.829,-64.66,13.077,-42.606,-28.737,40.241,-42.108,12.252
46.368,-62.957,-15.221,75.595,51.659,-26.148,-4.719,-7.15,11.722,2.296,-47.589,25.009
49.157,-45.852,16.1,4.241,20.273,-9.379,18.864,-13.278,-27.326,20.569,17.93,-35.672
47.114,-86.228,-6.969,58.666,12.943,-40.791,37.866,34.997,-19.175,1.027,-49.593,-0.788
49.389,-47.913,6.764,-11.918,46.535,-63.756,42.143,1.699,13.622,38.241,-3.453,9.035
49.188,5.926,-61.782,-18.931,24.353,-6.283,-16.729,49.268,11.86,-20.603,-49.72,-5.24
47.628,2.372,-57.831,10.804,25.316,-59.454,-34.898,93.008,1.828,-16.075,-22.285,-3.354
48.014,106.169,-23.989,47.072,32.695,35.475,-12.359,-35.786,-52.311,69.976,-30.421,-23.373
45.63,45.598,-9.63,-3.133,15.401,40.159,-5.491,23.212,-38.463,10.565,9.562,-4.707
46.973,-22.609,53.439,17.108,65.457,40.576,25.043,43.046,-12.005,-21.63,-4.367,-17.096
49.639,-74.166,-45.957,11.936,7.623,-28.243,-0.629,26.395,21.469,-28.449,-25.498,-19.309
47.354,-5.461,-79.142,-52.154,48.942,-19.484,-1.252,28.255,-1.318,56.896,-4.046,3.183
48.056,49.192,-14.907,-56.76,42.313,6.58,17.007,-54.583,-0.963,58.535,-31.439,16.681
47.368,-22.096,-9.805,61.663,15.262,-81.128,-11.105,33.54,-25.109,1.907,-38.406,4.581
46.597,52.193,19.433,77.368,37.78,17.895,-12.422,6.604,-38.768,33.055,-8.611,-10.639
47.818,37.823,26.067,21.657,35.726,-1.217,-14.403,10.136,-34.222,49.938,-11.16,-1.751
48.914,24.955,7.072,43.55,59.292,-37.119,-5.175,53.674,-14.146,-7.523,-26.786,-10.122
47.24,-62.026,-82.965,17.512,-15.269,-19.742,-20.063,-10.705,-2.672,7.321,-42.218,-4.645
48.04,-41.134,-11.372,-11.981,67.513,-12.166,0.881,12.566,-9.001,4.438,-12.42,-15.3
47.762,-28.505,-4.147,12.704,44.324,1.594,8.133,-1.195,18.16,9.797,-35.048,-3.433
50.169,-26.086,-35.541,-28.136,5.348,-34.368,13.197,10.318,-7.467,-0.525,-2.845,-47.162
55.616,2.579,-28.992,77.492,21.813,-64.694,-18.635,-15.446,-9.133,22.326,-52.052,6.332
46.907,15.442,-91.687,-44.245,22.419,-45.299,10.413,-15.207,5.408,-30.949,-14.856,9.452
47.55,-19.888,-62.062,-23.834,6.07,22.487,10.676,26.731,-4.918,6.832,3.629,-24.477
49.031,71.551,-105.297,-125.054,46.269,-8.793,2.892,-20.171,-5.992,6.718,-22.384,3.976
51.233,20.181,-41.945,0.357,52.679,-23.655,44.833,-54.352,-9.146,44.131,-38.122,27.874
49.531,-13.762,-18.318,-80.498,-4.264,-2.806,-9.237,10.751,19.061,-21.074,1.573,-8.8
50.298,5.075,-102.648,131.044,12.256,-92.734,-44.603,-51.025,6.968,5.149,2.134,6.558
48.133,40.339,-36.931,-50.84,-24.107,-12.428,-0.605,8.221,42.009,-5.801,-4.779,-4.713
49.425,106.741,-69.898,-45.288,-21.152,-24.775,-7.888,5.155,-14.906,-15.785,-7.527,-13.541
51.271,9.187,-46.659,43.233,29.161,-15.851,21.254,43.342,-34.612,12.131,-46.516,-25.874
51.225,12.759,-8.771,-37.818,12.903,52.893,17.33,-42.131,-13.055,17.866,-41.784,-6.901
47.952,39.403,-103.991,-26.845,23.226,-11.872,25.083,-91.858,-10.787,-1.843,-36.855,-3.358
49.435,-47.641,4.851,-40.453,9.773,-46.29,16.619,40.936,7.511,24.274,-23.513,-9.759
53.218,8.601,-32.399,95.104,42.284,-73.075,-49.674,-51.955,-7.71,19.512,8.31,-0.411
48.763,-40.359,54.092,0.832,46.65,-18.402,1.061,15.766,-16.773,28.909,-29.247,2.109
42.501,-92.699,35.524,-80.632,23.915,-3.252,43.861,25.899,-4.698,-7.309,-24.421,8.967
49.72,-52.216,-23.333,-35.563,28.324,-46.052,53.972,18.379,11.187,18.105,5.805,5.523
51.204,-53.576,-2.21,4.075,17.417,-12.615,43.706,-1.119,6.865,4.53,-27.448,-9.666
50.67,-24.871,-33.203,-31.779,5.278,-15.377,17.756,11.552,0.234,3.038,26.382,-5.82
51.058,30.282,-56.343,118.802,49.687,-19.38,-41.915,-13.409,17.216,-12.997,27.34,-1.334
48.005,77.627,123.498,35.76,85.218,-0.243,34.289,-4.856,-21.932,-2.767,-19.122,19.096
50.428,100.089,9.063,6.484,83.91,-4.447,17.206,-10.659,-41.995,5.498,-23.074,-28.878
50.538,35.356,12.751,13.55,81.877,-20.956,16.4,-0.206,-60.218,5.242,8.699,9.916
51.833,6.412,24.78,-4.881,75.263,-29.147,17.916,-4.491,-20.464,17.681,-6.576,1.115
51.355,-36.267,18.026,8.394,70.058,-37.86,1.318,-21.968,-7.353,5.083,-34.739,-14.666
48.869,-51.36,44.183,-15.216,43.444,-49.686,2.363,36.825,-5.551,-19.121,-14.053,4.648
51.595,5.266,-37.709,18.822,58.09,57.116,-21.064,10.648,-0.206,-31.419,-35.916,-0.058
44.88,83.379,-28.203,9.77,43.27,44.538,23.601,-72.625,-42.055,21.137,-59.555,14.689
49.012,-42.658,-49.128,5.392,27.787,34.965,51.327,-22.295,-34.608,39.984,27.278,-2.344
49.116,-1.613,-27.49,-120.182,5.508,-14.309,-6.124,3.922,5.459,3.333,-3.631,-11.281
50.182,3.657,-76.37,95.454,10.55,34.876,-20.887,-17.703,3.11,-25.457,-71.072,11.746
45.97,15.18,-34.812,-61.868,-31.286,20.073,11.293,6.485,26.04,-11.834,7.685,-0.171
46.8,46.494,-60.438,-1.627,-51.988,-15.783,-4.327,-7.673,-35.938,-8.261,-21.31,-0.646
46.316,64.269,-102.442,-62.974,0.554,8.211,-8.801,35.017,-26.712,-13.125,-13.381,-15.622
49.593,-16.122,-13.502,-22.397,37.972,-18.659,29.369,-36.734,-45.184,33.041,-23.522,-0.242
46.387,-87.901,-14.307,-39.837,0.489,-30.402,41.203,1.085,-6.826,2.486,-26.648,-15.787
47.597,-27.77,-76.812,24.426,5.833,-38.958,-4.403,36.008,-27.125,-17.285,-40.289,-32.732
53.704,39.336,-32.367,70.775,62.02,4.532,-12.116,-27.565,-16.358,5.137,22.345,-5.291
43.381,89.446,-23.267,-73.889,92.876,-10.566,26.702,-27.025,-45.959,-23.486,-44.736,2.937
44.129,7.701,-65.168,-28.887,43.513,-35.358,-39.102,-14.059,-52.388,-14.156,-25.326,-19.672
46.42,-100.801,-56.086,-25.531,-1.92,-77.916,23.293,27.41,-8.201,3.406,21.135,10.053
43.378,-146.407,-55.451,-4.342,-32.006,-99.502,3.311,29.357,7.49,-21.131,-7.173,12.912
49.968,-53.456,4.45,-5.417,7.431,-10.452,63.531,19.578,-42.581,7.147,16.461,-18.292
51.07,-27.988,-4.588,9.68,8.312,-63.06,35.075,13.89,-6.566,4.522,-25.161,-2.273
51.966,7.408,-90.0,103.611,18.996,-70.346,-36.485,-33.631,-7.244,10.821,2.527,-2.782
43.033,-93.419,-77.061,24.794,-5.532,-14.07,17.705,-12.826,1.806,5.668,-42.652,-6.749
45.992,92.32,-78.371,-25.741,61.679,36.166,28.626,23.784,-43.648,-43.381,12.329,-22.517
44.28,49.996,-34.231,-28.068,127.586,-38.403,41.406,-1.887,-58.315,9.42,-12.181,9.221
47.532,10.079,-3.973,16.607,29.386,-46.776,12.455,-15.539,-1.042,1.84,-18.349,27.609
50.169,-105.019,15.683,-17.342,-27.647,-24.809,45.851,16.489,-8.174,-35.251,-10.673,-9.193
50.429,-68.821,30.774,-20.82,9.786,-29.172,58.973,6.96,-0.762,-0.401,-18.683,-5.827
53.517,-8.117,-31.667,73.828,33.252,-83.501,-55.136,-62.702,-19.112,15.067,-23.399,-0.066
43.467,-67.398,-108.55,-4.304,-27.913,-17.519,-23.151,-27.193,17.894,-5.696,-32.424,-4.214
47.631,-46.336,-40.3,-16.524,-29.539,40.183,36.971,18.091,-23.083,0.103,-1.372,-17.074
47.262,99.864,-148.07,-87.517,38.558,-57.407,0.831,20.304,7.068,-20.935,4.566,15.07
51.152,44.395,-98.67,-58.788,55.847,-4.024,28.974,-68.503,-19.177,26.122,-24.935,12.934
50.013,-68.364,17.886,25.783,15.955,-23.864,45.436,16.77,-13.247,-3.59,-42.566,4.527
45.686,-62.364,-59.598,-90.209,44.507,-33.501,4.901,23.729,-14.716,-26.491,-4.636,-6.246
50.054,-29.132,-40.726,-57.056,-21.557,-64.606,10.178,29.141,11.187,-28.119,0.457,11.54
51.805,12.582,11.725,-26.333,-16.477,-36.169,18.594,-7.642,-5.957,13.463,-6.48,15.948
50.686,-6.598,-72.885,119.332,-1.488,-103.488,-45.436,-49.284,-2.077,21.361,-9.055,14.629
46.722,45.253,-40.481,-69.385,-44.346,-17.203,-13.656,16.537,28.962,-16.55,1.958,2.132
49.425,112.034,-80.734,-18.948,-15.733,-24.047,-1.031,5.274,-42.49,-1.665,-22.018,-1.211
51.103,23.055,-41.878,9.783,34.571,3.997,27.17,34.338,-9.089,19.781,-52.604,-17.846
51.844,1.763,-3.19,-18.711,18.002,30.692,7.044,-33.442,-14.366,20.412,-16.525,-17.22
51.289,7.13,-59.975,12.489,16.828,3.179,34.341,-67.437,-5.093,-11.53,-62.044,-2.864
48.581,-77.088,33.037,-64.34,4.597,-21.676,47.501,27.536,4.703,19.948,-22.444,-0.047
51.854,3.626,-4.463,-43.198,31.684,-40.935,28.145,42.742,24.597,-0.142,-7.754,-10.885
55.193,18.433,4.973,55.534,47.11,-83.605,-24.089,-58.614,-12.706,13.18,8.711,1.707
49.633,-20.514,58.343,34.72,38.146,-20.591,9.675,-2.308,7.241,-9.839,-34.927,-7.189
45.123,-68.314,-2.174,53.775,22.217,-39.052,38.129,21.609,-19.19,-7.073,-33.141,7.528
50.242,-66.584,-9.522,-39.547,26.672,-45.678,55.247,3.141,4.913,10.118,-10.811,2.324
49.695,-86.422,-11.817,-1.013,5.747,-60.651,27.142,31.263,-10.569,6.897,-10.487,-14.444
50.77,-20.65,-33.156,-14.444,-8.804,-29.339,14.37,14.866,-4.222,11.025,17.255,5.649
51.865,1.729,-44.719,-1.423,12.214,11.204,-8.963,11.069,23.734,-8.164,-75.36,8.468
49.313,-5.503,-23.661,-54.638,-6.298,-8.895,51.064,-18.396,-19.304,1.702,-31.11,20.654
52.532,33.272,-43.635,-6.238,29.64,-21.607,22.094,30.937,-20.568,-20.055,-21.898,-15.068
51.106,-11.46,-40.904,-15.132,45.133,-56.214,32.881,16.948,-50.88,4.106,-11.429,-5.023
53.14,-12.299,34.433,0.257,72.179,-36.584,9.732,6.186,-21.936,2.694,-5.698,-14.662
51.417,-36.055,37.095,25.763,72.329,-26.964,-7.845,-0.054,-15.072,-5.157,-27.212,-32.51
47.839,-113.376,-39.916,-12.318,-5.417,-66.686,16.242,13.672,-15.161,20.42,27.11,10.024
49.473,-66.095,60.562,9.022,49.105,-53.089,5.892,47.795,2.825,-4.167,-11.278,-3.882
49.319,-9.858,0.697,-6.579,44.299,45.424,-19.655,10.706,-0.878,-25.557,-59.776,8.612
46.727,61.908,17.447,-17.39,41.259,43.107,51.178,-84.92,-52.47,34.127,-35.867,10.476
40.327,-26.088,-33.875,-10.483,-38.896,-12.724,-14.2,11.7,-3.263,-37.193,-24.223,5.169
48.618,-23.374,-69.327,-17.969,22.472,1.7,29.077,24.307,-35.785,45.078,50.333,4.783
49.09,-100.065,9.663,-17.757,18.925,-34.789,56.863,-4.705,-11.424,33.189,-21.398,14.151
46.914,-104.388,-10.646,61.638,14.23,-53.651,46.337,18.319,4.566,1.33,-30.255,3.851
47.636,-18.626,6.129,-128.525,-11.531,-44.835,23.742,11.14,9.077,7.116,34.734,-0.977
51.125,10.943,-93.325,131.691,9.194,-48.071,-50.103,-41.912,11.214,2.434,-0.21,5.694
46.37,-55.916,-33.586,-84.188,-17.574,15.675,17.74,61.016,15.29,0.072,4.364,4.636
51.534,26.611,-33.693,-49.69,3.298,-1.262,41.124,5.41,-24.713,-14.502,-12.679,-9.948
49.521,48.742,-103.633,-24.937,15.207,-97.562,0.662,16.998,-55.078,5.885,-13.127,2.24
50.446,-22.299,-93.801,-57.053,37.512,-33.906,30.69,-24.881,-41.659,36.888,7.577,0.567
53.279,-21.948,45.142,-8.83,-1.582,-32.976,46.824,14.816,11.174,-6.509,-17.254,-26.628
51.976,-42.181,-3.193,30.74,8.432,-41.477,25.14,-26.452,5.835,14.894,-27.619,-4.331
48.612,-57.485,36.066,15.15,57.28,-77.04,21.872,-5.196,-20.744,-7.635,-1.329,-12.019
51.415,37.154,34.602,-8.652,54.475,-8.526,0.866,21.745,-17.278,-21.452,-2.93,-1.029
53.61,39.541,-1.303,91.523,58.397,-59.922,-42.101,-40.107,-20.005,16.192,-18.092,13.089
45.796,74.879,8.673,-64.351,75.617,-6.322,18.608,-59.999,-32.247,5.023,-26.157,11.604
46.505,-73.74,-51.23,-35.74,25.141,-23.112,22.233,13.09,-28.319,25.659,4.133,9.343
43.296,-155.272,-51.945,-1.174,-26.607,-107.395,8.312,18.274,10.221,-19.284,-6.291,11.866
49.093,-34.224,-24.103,4.748,1.246,4.225,38.53,7.413,18.159,-6.732,38.793,-16.559
49.616,-26.406,-104.462,158.749,7.834,-89.787,-40.081,-70.789,1.274,9.91,-21.622,15.055
41.745,-113.603,-71.146,20.121,-9.658,12.36,23.679,-2.056,17.225,-2.914,-2.519,-5.624
46.697,61.709,-120.693,-45.924,35.394,42.469,31.94,17.861,-38.351,-40.178,0.436,-23.583
46.117,-4.367,-106.685,-39.19,78.563,-66.461,61.689,6.579,-44.281,1.2,-14.619,5.928
46.902,-4.067,-22.83,20.619,24.327,-54.829,18.746,-18.912,2.874,-5.222,-16.875,25.859
42.916,-162.384,-59.591,10.652,-43.07,-119.476,-0.975,22.431,-0.922,-8.034,4.042,8.336
44.695,-60.9,-32.044,-66.469,-11.558,-21.952,35.0,-18.795,-3.154,-4.759,-27.936,23.117
46.361,-25.244,-95.86,230.682,26.442,-96.852,-66.407,-65.123,-7.198,1.906,-19.363,12.906
30.825,-109.851,-43.073,-37.55,33.801,-26.219,-13.497,-6.438,-11.001,-20.353,-2.71,21.221
37.511,-26.493,54.696,-185.945,36.357,8.415,-12.93,33.103,3.495,-0.157,-16.963,-9.204
46.932,10.687,140.27,67.712,106.433,-30.917,1.628,-1.164,-10.93,-31.178,1.627,23.337
52.666,122.611,31.673,5.915,89.018,-39.559,-11.537,44.557,6.993,-30.031,21.115,21.564
52.164,30.27,48.224,77.025,73.879,28.9,-18.123,-45.901,-25.314,34.394,-45.544,16.427
48.781,26.053,36.133,-12.455,61.853,-5.188,-13.273,25.262,-10.192,42.723,-54.665,16.544
51.997,48.624,53.448,34.178,56.046,9.543,-1.207,-25.615,-28.743,48.874,-27.214,-13.604
51.466,-21.589,60.76,-21.631,68.9,-27.259,47.907,-7.592,-17.988,16.185,-8.076,-16.664
50.52,56.115,9.618,49.108,17.412,-24.924,-39.814,12.112,-16.363,-26.219,-13.653,-33.412
51.374,107.762,67.603,-23.192,130.775,-39.822,18.361,36.845,17.188,-34.121,2.611,11.311
51.721,-1.977,-11.602,23.77,73.935,-28.944,-39.076,-13.274,-2.909,7.001,-6.994,22.499
49.003,-20.271,56.824,17.631,88.161,-9.519,-20.324,11.722,2.679,11.519,-29.977,1.795
50.542,-10.087,79.352,39.312,78.966,-4.708,6.634,0.901,-6.262,-9.742,-9.91,0.977
49.37,48.519,56.308,-44.818,74.613,2.462,0.585,-31.336,12.601,14.995,-8.599,7.561
47.82,86.441,-15.253,51.917,42.385,-52.346,-65.937,28.75,-1.219,-14.873,-20.321,0.474
48.355,177.728,51.441,-84.045,66.345,18.545,-20.784,-118.954,1.172,28.773,-28.101,-7.958
47.672,-24.214,51.227,65.789,80.59,-46.791,-1.023,-26.023,-7.239,-6.209,-28.891,18.162
49.645,-25.285,-10.511,47.409,63.866,2.241,6.761,-32.736,-23.744,22.159,-45.115,17.957
50.924,5.309,47.85,23.69,58.281,27.028,-19.295,52.569,-9.359,-13.896,-7.938,-15.436
48.603,69.581,85.171,-24.833,85.814,-0.457,40.946,-49.493,-25.8,20.85,-9.312,21.692
50.466,40.561,43.24,39.991,35.633,-50.081,-41.924,14.609,-20.928,6.977,2.729,7.493
53.102,48.557,68.513,18.469,48.93,12.991,-23.383,-11.493,-29.667,-12.03,-1.092,-45.775
46.915,38.207,32.635,143.971,40.644,0.553,-82.955,-23.66,-18.701,-13.189,-78.152,-38.895
32.928,101.828,51.659,-7.877,45.534,-1.649,-49.415,7.137,2.51,-16.896,-33.574,-23.986
46.678,-0.155,42.149,-8.503,78.298,94.032,40.48,38.127,-10.05,57.679,43.483,-19.46
48.373,-39.571,40.973,65.161,54.052,17.423,-1.829,14.199,-9.826,-0.005,-56.482,-11.204
50.674,76.891,19.683,26.794,56.472,103.148,-43.243,-6.979,-15.117,34.177,-64.592,-1.262
49.408,8.107,69.275,44.861,64.026,3.901,-27.724,90.025,-11.274,-6.654,2.893,-7.039
49.947,120.918,-12.208,31.424,46.894,-9.565,-64.99,88.463,-14.906,14.843,0.019,-17.641
48.083,34.514,-10.129,46.847,95.066,46.386,-14.297,-43.973,-35.567,100.066,-59.492,21.722
51.395,-17.757,-19.071,-51.346,33.493,46.727,0.214,-23.09,-2.063,24.234,10.175,7.117
52.531,-24.233,12.132,9.701,9.339,-8.148,29.907,-13.722,-3.206,5.782,-39.777,10.809
49.22,-25.418,7.04,0.21,9.898,-23.369,33.805,-14.683,4.322,-4.361,-32.784,17.266
52.66,23.955,22.177,-25.676,8.831,-5.721,-7.154,-31.436,-0.763,0.929,-24.147,-2.733
55.284,31.53,22.23,-5.06,11.266,-11.335,-32.329,12.582,-3.681,-0.887,1.278,-20.489
53.5,133.016,-68.795,72.8,78.061,-107.965,-85.331,42.916,12.081,-19.913,7.11,8.558
49.071,9.926,-24.87,82.885,30.808,-57.566,3.03,26.435,-17.806,-1.263,-28.49,9.685
49.947,21.537,-30.735,43.995,-4.077,-57.542,-28.738,39.126,-25.771,29.586,-24.889,-12.001
51.335,10.281,-17.702,2.704,62.156,-8.941,-0.185,77.874,11.586,7.465,-13.179,-6.814
50.484,4.681,-25.923,-10.143,24.326,-0.184,17.53,-36.782,-4.291,58.802,-24.648,1.168
51.046,-41.422,-20.828,34.995,15.617,-5.754,12.353,36.331,-11.017,-13.181,-44.278,-8.784
50.61,-19.988,-28.057,-13.063,-24.15,-24.878,-24.654,41.372,-15.799,-49.599,-15.16,-31.166
46.972,-0.926,8.336,146.605,29.682,-22.089,-82.499,-37.275,-10.579,7.103,-66.203,-22.583
49.626,19.806,23.631,-79.257,65.634,46.515,7.398,-5.059,6.683,-9.572,4.859,6.96
46.565,92.264,-75.516,52.364,27.034,-59.211,-20.267,64.548,6.189,-31.927,-19.697,8.577
48.629,76.532,70.37,-49.742,54.9,100.158,-8.01,1.437,-25.557,25.686,-9.867,-47.131
49.883,-29.867,13.606,-1.032,50.828,-54.411,34.809,-6.329,1.502,25.934,1.018,-1.98
48.846,-19.092,-21.037,13.912,49.433,-38.573,51.443,-17.354,11.279,-15.919,-34.545,-9.15
50.916,-11.59,-1.845,-61.928,41.419,20.811,13.205,51.907,6.579,-44.027,24.176,2.778
54.074,32.087,12.188,-23.234,57.665,-10.724,-19.496,-23.131,-11.383,-2.966,-20.962,12.094
53.799,39.274,-1.331,80.003,34.899,-91.846,-76.382,-44.389,-25.199,6.488,12.156,4.987
51.265,46.919,36.357,77.046,50.75,-10.208,-25.774,12.037,-22.172,-5.251,-44.958,-9.378
46.356,-35.537,-17.919,69.015,44.772,44.059,-16.612,-8.902,-8.388,17.105,-32.967,24.26
50.054,77.714,38.125,-39.591,32.15,15.365,-10.102,-30.769,-43.725,-3.851,1.914,-14.6
50.629,-5.348,-3.84,-61.059,55.323,-22.123,54.891,-6.762,-17.113,12.397,-19.314,8.697
51.319,107.352,-58.187,-33.418,46.736,-44.65,37.054,-16.486,46.847,-10.991,11.406,18.951
51.242,34.761,-53.379,3.015,7.539,-93.965,-8.364,85.062,0.653,7.867,12.128,-2.382
53.468,30.03,39.659,31.371,4.791,-26.762,-18.933,-2.379,-7.078,-4.833,-27.134,-42.287
54.081,18.893,26.393,-5.434,24.862,-5.367,-18.59,-14.021,-15.154,0.705,-45.634,-11.225
49.985,26.083,22.51,79.736,43.126,-44.831,20.889,0.408,-10.34,17.179,-16.182,1.901
51.329,63.097,25.235,-19.875,23.058,35.118,-42.535,-6.276,-8.332,-25.629,-0.706,-44.133
49.161,26.59,2.596,62.351,10.479,-39.254,-33.467,-80.867,-6.325,3.804,-31.552,-17.437
50.632,46.01,-90.876,-43.893,52.041,-66.39,20.554,61.969,14.546,-41.178,37.835,21.977
48.68,-13.891,-24.203,71.185,-6.336,-40.055,-26.315,-15.7,-12.582,3.503,-21.661,-11.146
50.868,33.651,17.809,-68.415,12.343,53.732,26.432,-17.668,-11.654,-22.635,3.341,-26.873
48.424,8.404,-68.058,195.886,21.098,-93.969,-80.323,-35.034,-10.028,4.51,-27.087,11.873
34.919,131.9,74.493,-18.286,49.921,-36.743,10.855,18.867,-7.021,-26.549,3.012,-20.904
40.276,218.089,73.335,-20.228,-5.932,-6.275,-38.841,6.01,17.169,-1.211,-1.03,-16.666
48.436,78.519,54.18,-25.324,17.844,38.882,18.442,-21.52,-15.217,69.875,-49.575,22.91
51.307,82.855,-69.145,32.861,17.041,-57.284,-55.785,85.357,10.235,1.748,-21.394,-34.409
49.427,46.325,-24.128,-2.431,-6.101,-5.712,-28.523,-13.545,-33.839,63.474,4.615,-42.279
50.265,27.096,0.121,-67.524,7.728,-33.156,42.142,-23.697,1.542,25.33,-15.473,24.187
51.564,13.406,-29.92,-44.735,25.836,-76.567,-5.266,0.352,-9.927,-17.535,-12.558,-2.969
48.408,24.146,60.179,96.328,56.085,1.448,9.824,-0.051,-36.978,-16.152,-42.942,12.283
54.354,48.038,53.993,-26.868,57.194,21.424,-59.054,-9.2,-12.558,-9.338,-48.36,-6.339
50.666,-9.423,-12.428,1.704,55.363,-9.016,11.832,36.116,-32.698,1.557,-30.596,-17.312
46.786,138.064,26.427,-54.146,58.649,31.659,15.597,-96.686,-17.062,33.092,-52.567,-14.326
45.795,36.924,-11.661,-50.573,81.53,58.125,44.187,-29.609,-12.176,9.152,-20.609,-2.852
46.952,74.768,-14.36,1.687,78.867,-54.845,47.54,17.362,2.097,-3.769,6.21,6.101
51.316,39.208,27.94,-32.587,70.536,-13.697,28.496,5.232,-28.542,57.025,-18.15,20.291
53.078,38.929,-40.891,112.282,58.406,-18.73,-66.376,-32.876,-6.303,-2.076,4.194,8.371
47.935,20.03,39.146,-93.318,64.564,-1.749,-12.311,16.211,-7.0,-9.686,-7.461,-13.812
50.738,77.461,37.369,9.831,-2.229,-3.529,-75.081,-11.059,-10.441,12.646,-7.968,-38.784
51.214,48.795,35.681,73.794,52.631,-3.789,1.256,-2.244,-10.16,-14.406,-58.986,-5.085
47.149,111.638,-20.41,-38.167,52.365,48.449,-35.282,75.398,7.305,-9.777,-17.944,-15.872
50.968,44.278,-4.351,-11.299,68.352,-49.952,22.423,-41.52,-14.949,60.086,-2.414,-0.739
52.197,-15.094,28.87,2.411,41.622,-40.483,33.444,37.321,-31.487,-16.018,-24.532,-11.508
52.436,68.569,-81.063,-42.211,51.386,-18.398,9.138,34.885,17.883,16.358,12.172,15.339
51.994,38.187,16.78,35.426,48.696,-42.271,-17.296,30.743,1.246,18.545,-24.104,-29.5
51.956,12.073,-52.639,123.962,40.027,-85.493,-56.915,-53.377,-8.861,4.8,-14.547,12.801
48.74,42.56,-53.821,30.57,38.66,43.912,-16.554,-27.189,13.419,16.283,-41.324,-1.607
43.749,76.894,-43.393,33.851,18.821,45.341,-44.579,8.755,-14.968,6.842,11.102,-0.362
45.747,122.349,8.443,-55.614,61.276,9.643,21.472,-122.092,-30.277,57.9,-14.251,11.445
50.461,24.032,22.538,-2.831,71.404,-21.687,3.729,53.719,-19.834,-18.627,-37.067,8.771
51.597,30.216,-2.297,-22.646,-8.952,11.708,-12.781,-9.729,-13.727,21.125,-35.681,-34.208
47.884,83.264,-51.704,-69.848,32.072,-33.88,4.921,38.997,10.763,39.425,-13.445,27.543
46.318,-50.867,-40.708,14.442,0.695,-60.438,-29.027,-35.986,-30.161,38.69,-7.802,-4.426
51.705,41.964,-17.272,-59.143,34.455,3.126,-14.526,46.2,5.686,-7.23,17.048,11.169
54.276,97.855,22.841,68.278,33.434,-87.567,-69.875,4.605,-23.207,-10.969,31.694,1.431
52.427,81.447,10.627,20.114,18.631,-19.713,-20.601,44.772,17.781,-15.217,-30.015,-3.667
49.242,88.951,5.26,-79.375,-20.908,-3.932,-0.213,-61.638,-13.314,34.234,-19.727,1.529
49.13,45.668,-41.057,-7.074,5.794,-1.243,-13.575,41.045,-6.077,-26.797,5.678,-7.481
48.232,-16.013,-42.51,-29.61,-1.612,-33.753,15.891,-50.282,-6.752,16.679,-0.514,15.639
53.182,-24.503,20.585,-16.319,37.257,-19.969,51.602,18.514,-3.922,-0.746,17.038,12.287
52.147,-26.11,-45.908,47.033,-15.264,-28.008,-8.03,-15.69,-23.108,27.402,-42.036,-13.023
48.534,57.262,50.065,-41.827,24.867,37.691,-42.274,4.814,-11.598,-10.211,-43.7,-39.885
48.824,131.037,31.416,-83.271,98.249,86.852,-14.536,-60.083,-2.969,-1.811,-71.731,11.122
46.695,49.708,-37.277,-3.218,7.153,-26.633,7.709,5.892,-5.078,-15.601,-34.684,0.079
47.817,-3.191,56.735,-26.554,76.213,45.965,67.496,28.159,-4.126,-17.193,-29.235,6.129
50.273,28.606,64.753,-24.851,38.026,12.967,2.709,24.72,-3.959,-7.756,-15.213,-3.476
49.113,6.34,25.502,-89.316,27.019,-32.453,5.265,44.549,8.135,20.267,-17.365,-20.52
48.346,-34.671,6.85,-4.508,49.737,-83.187,-0.172,18.312,-14.419,4.312,7.906,5.005
52.017,-13.67,29.979,9.999,77.367,-0.247,27.951,26.921,-10.018,9.587,-25.804,9.847
53.178,68.85,-31.321,93.588,83.138,-85.984,-80.862,-12.986,-14.288,-6.607,6.197,7.426
48.668,4.542,23.829,-13.728,96.925,-26.523,-26.334,53.336,-4.567,-5.534,-30.649,-6.687
50.51,57.121,9.525,-10.172,88.665,15.07,-36.977,23.413,-15.771,15.238,-18.21,-0.813
47.159,11.014,-6.38,-32.944,44.499,8.267,9.898,-20.252,11.249,13.711,-22.792,15.111
53.407,-6.012,-2.101,-54.821,47.31,-8.131,3.841,22.2,5.436,6.856,7.511,4.038
54.257,24.076,-35.201,41.267,29.325,-30.625,5.291,31.562,-11.877,23.615,-24.65,-8.159
49.906,71.351,6.576,-81.357,51.811,-18.98,48.146,-33.44,-33.587,29.838,-14.348,9.26
53.883,28.597,-51.588,83.71,33.998,-48.427,-45.424,-35.73,-5.068,7.691,22.064,0.988
50.345,-46.192,-26.287,-28.281,18.359,-22.731,5.117,-14.697,2.023,18.778,-31.779,6.78
46.699,-14.765,-10.548,103.963,35.971,-35.169,-27.424,-20.224,-13.125,-5.916,-41.08,-18.992
48.727,61.743,36.727,-87.768,60.0,9.74,-1.997,8.185,-12.506,16.795,-0.557,-1.936
50.458,-11.337,-63.676,12.412,41.795,-75.206,35.404,-32.437,-5.436,-29.077,-12.833,11.978
51.086,9.047,24.567,-24.166,45.105,0.626,59.829,-39.023,5.566,-14.268,-11.933,14.239
48.252,-41.324,-33.011,38.521,43.708,-34.76,16.927,-25.074,-0.41,-9.764,7.962,24.69
54.503,104.628,-39.049,58.394,48.844,-39.035,-69.484,24.246,13.966,-7.943,37.94,-0.337
50.745,8.658,58.261,29.083,46.137,-16.18,17.779,19.618,-15.323,28.899,-17.533,8.961
50.309,-1.62,58.565,-23.292,25.092,6.436,56.74,22.268,-23.226,26.289,-15.863,23.009
46.681,-25.968,-55.553,88.843,-4.87,-3.426,-18.197,-26.671,-11.987,-10.67,-66.065,-23.432
50.696,1.214,-3.949,-44.087,29.491,31.244,30.682,15.172,22.248,-7.49,8.383,-0.843
48.086,33.193,-76.231,16.813,24.887,-53.746,23.658,-0.016,10.191,-10.131,-4.567,7.496
47.076,-12.801,-18.738,73.796,36.635,6.142,24.751,64.18,-24.25,-4.302,-54.538,1.846
50.173,22.302,-46.109,67.069,63.538,125.084,-9.919,-16.516,16.71,4.776,86.413,-12.603
51.417,8.482,-13.4,-52.108,37.453,-37.168,-7.07,-11.962,-0.605,27.276,-17.467,20.439
51.482,101.075,-5.424,10.158,49.661,-28.111,-23.018,87.853,9.182,-8.656,2.522,19.214
51.739,17.599,42.469,18.581,29.214,5.938,-23.739,-23.401,-32.439,30.381,-10.275,-9.025
52.795,39.427,22.983,-28.737,61.522,-13.829,28.133,-9.786,7.146,2.065,1.945,7.119
52.027,7.763,10.513,-10.953,68.547,-31.908,-3.063,30.976,-2.654,-8.482,-10.116,23.326
52.757,33.894,-3.086,17.005,33.164,-11.437,-31.714,-29.371,-1.717,-4.773,-13.515,9.141
55.861,86.955,-4.477,37.156,28.673,-59.73,-82.124,-10.208,-3.152,4.725,27.482,-4.036
51.889,56.546,63.614,-18.245,70.199,-29.972,27.416,16.578,-52.291,15.466,-9.618,-9.245
48.532,14.058,26.801,103.651,20.671,-54.89,16.513,4.188,-31.284,-8.882,-65.023,4.811
41.306,103.975,43.695,-50.507,50.942,-14.054,10.639,28.284,7.001,-15.55,1.572,-5.626
45.535,-105.612,3.475,-5.7,20.599,-62.33,50.411,0.757,-6.522,23.253,-2.395,26.292
51.208,-9.517,0.122,-104.002,23.783,-4.717,7.502,41.262,8.667,-22.597,11.011,1.756
52.291,-42.032,-42.21,63.963,-2.369,-16.982,-29.849,-90.748,-12.137,20.272,-44.42,5.3
50.005,70.337,-0.428,-49.211,11.611,-39.306,18.206,29.34,10.638,-18.747,-11.812,6.613
54.575,20.562,-22.321,60.622,33.542,-100.199,-39.331,-36.515,-22.389,22.362,-0.649,15.768
53.113,-18.348,31.523,6.404,35.02,-29.193,54.048,16.191,-29.772,2.713,-2.857,12.467
49.382,114.829,42.187,35.165,72.536,-33.237,-13.744,58.081,-28.865,-6.645,-18.814,-3.983
50.286,60.894,61.306,-36.896,93.498,0.077,2.901,-45.121,-30.428,70.701,7.427,21.321
52.452,-30.873,-23.722,-21.225,16.916,-73.152,29.566,30.729,-14.968,-19.586,-13.24,-10.321
52.847,-1.863,-36.024,1.508,19.481,-0.68,17.016,-13.479,-4.899,-13.219,-52.341,7.529
48.929,29.467,-49.993,6.082,56.253,-30.561,43.832,-50.601,6.345,3.297,-49.826,41.692
50.847,-26.21,6.458,-34.577,52.852,27.295,22.7,9.623,12.627,-29.233,-7.453,19.05
53.086,50.413,-30.653,90.634,37.433,-14.969,-64.273,-9.302,-4.3,-3.802,40.645,-10.541
49.436,166.847,-80.531,-8.97,-11.279,-17.987,-74.362,15.406,-10.53,-8.588,-18.46,-16.999
51.152,42.044,9.607,-6.842,32.746,9.006,32.591,7.45,-47.75,57.615,-25.434,-8.343
51.965,14.12,25.767,19.546,36.586,-11.922,57.461,-4.989,-19.662,6.847,-16.675,5.706
50.201,-7.246,-14.989,-26.5,58.105,-59.086,39.942,5.899,1.727,7.529,-1.26,4.42
54.692,30.66,-11.132,0.461,4.392,-13.114,-11.188,-18.945,-7.518,-11.796,-20.318,-12.579
48.789,100.835,-36.552,57.996,28.793,-5.889,-68.864,47.803,13.768,-28.457,-11.316,-8.276
53.488,17.963,-4.27,15.431,72.499,65.639,-35.888,6.168,8.383,-39.581,-44.028,13.794
49.245,-24.498,-31.866,54.908,7.484,12.963,-23.88,-8.194,-14.268,-40.426,-32.149,-1.135
49.729,10.016,19.045,2.539,60.891,9.078,12.051,22.271,-12.417,7.219,-8.268,-7.507
48.758,-33.078,-23.004,-70.496,30.93,15.585,22.228,21.896,-6.658,20.583,4.309,0.144
51.069,-10.828,28.194,28.514,35.285,-22.837,47.419,17.087,-1.4,-12.848,-19.986,-1.038
50.651,97.215,-12.059,-62.162,69.158,-14.998,34.397,-8.822,19.448,-21.328,-4.226,10.235
51.589,46.897,-21.913,-17.712,21.174,0.317,-35.638,-10.446,14.782,-38.866,-6.326,-10.145
54.394,42.394,4.649,76.648,59.327,-66.279,-75.199,-43.827,-17.657,-4.687,-26.631,16.75
48.6,53.042,10.976,-114.154,60.66,52.866,-52.81,44.387,27.024,-33.115,11.062,-10.136
50.114,21.496,-6.142,48.193,36.816,-40.828,-61.729,-19.693,-23.166,6.697,-19.584,-28.69
51.344,27.538,-11.376,-71.624,33.657,1.759,5.369,23.51,1.427,-0.339,-15.32,11.767
49.143,88.817,-66.694,-81.334,84.875,-45.865,53.515,37.752,20.807,-26.201,4.737,19.026
51.055,11.6,-13.004,29.631,33.15,-8.608,37.31,-13.008,-14.889,42.219,-47.935,9.443
48.425,-8.037,-38.468,10.781,58.985,113.558,4.626,-4.007,12.392,-40.576,-82.362,9.845
49.232,45.848,-55.467,-83.253,48.453,23.259,5.039,2.308,-1.622,-0.894,11.957,0.241
48.365,27.951,10.02,51.25,10.04,2.716,-8.66,-75.065,-25.666,-36.132,-70.264,9.259
48.058,-25.976,63.532,-7.726,80.324,75.682,46.417,18.734,-20.087,-25.82,19.027,2.31
50.471,46.688,-13.327,-1.072,23.491,-62.482,-16.846,-16.156,-40.81,17.022,-21.534,13.991
51.788,16.02,6.172,-4.141,41.593,-16.858,-29.242,61.054,13.048,-18.968,-7.423,24.146
49.618,38.623,22.76,-43.619,1.624,30.7,28.383,-56.967,-41.093,48.99,-42.426,16.854
47.623,-22.947,-45.907,-82.434,17.304,14.982,-1.091,5.241,28.878,-9.598,-1.372,15.045
50.909,99.462,-91.315,-74.985,55.918,-38.155,-27.461,12.778,3.986,-19.22,2.434,28.634
52.772,8.276,-27.048,4.155,49.446,-32.175,3.604,17.683,-25.734,29.11,3.683,20.001
48.791,-9.359,-47.356,13.886,6.024,-76.639,17.455,55.168,-4.849,-29.984,-11.082,-4.236
47.801,57.567,-11.971,68.467,36.007,17.737,-36.943,12.022,-22.582,-20.269,-71.2,2.174
49.172,60.547,50.647,-10.815,68.023,31.801,-11.492,-24.104,-31.935,39.669,32.758,-18.029
51.513,10.415,-16.516,-33.598,70.89,-35.046,-19.886,9.373,-4.132,18.823,-16.822,13.671
50.027,100.331,-29.19,30.098,17.429,-51.067,-79.907,19.883,5.153,-27.317,-10.89,15.269
48.356,83.093,84.014,-2.84,22.333,-9.885,23.372,-59.905,-40.697,-3.012,-40.269,16.313
48.185,-12.68,26.388,-55.21,61.269,15.749,26.795,-32.606,-13.819,28.729,-23.537,21.171
52.631,53.645,-0.829,-13.091,93.0,-28.952,22.316,-40.301,-0.653,-30.54,-21.67,30.339
52.951,-18.126,-20.253,35.414,52.264,-50.004,13.526,-5.957,-10.031,21.258,-11.074,14.488
52.347,19.289,-27.295,-43.459,15.037,-12.373,15.373,-6.034,-2.438,6.974,-40.441,13.41
53.814,93.744,-23.598,2.609,33.755,-13.149,-18.41,39.715,-14.779,-12.188,-8.755,-9.464
52.688,38.478,64.796,25.37,47.024,-25.213,-16.005,31.532,-30.354,14.682,-13.908,-11.008
49.539,70.059,38.024,-64.684,28.759,-1.645,33.759,-16.315,-38.147,51.164,-10.713,3.16
53.497,17.383,-8.557,-5.845,12.7,-11.938,-14.428,-8.201,-3.09,0.156,-38.32,-31.664
48.704,-125.821,-44.661,40.023,21.301,-26.783,20.936,-21.769,-12.668,23.345,-31.909,2.346
50.903,-38.124,21.073,10.239,38.66,0.216,69.643,22.382,9.734,3.53,-33.227,1.602
49.706,31.445,-17.153,-26.897,50.718,-21.104,0.433,37.423,9.657,-29.323,-7.839,-0.824
50.53,8.688,-0.323,-36.056,57.045,27.613,17.812,-8.024,-13.764,34.358,-44.427,34.042
49.359,3.916,-70.483,93.622,-1.4,-32.601,-32.633,-32.176,-1.46,-4.385,-58.466,8.334
48.652,-5.962,-17.363,-0.421,1.261,-11.566,32.034,-27.479,-31.88,8.963,18.658,-19.591
50.936,-42.509,10.744,4.087,52.332,-25.934,43.714,16.049,-20.46,-12.723,-36.282,0.013
45.42,-50.124,-53.63,-55.026,10.36,1.314,15.183,-29.005,8.513,-10.686,-47.492,18.108
48.286,-20.611,-13.621,-25.582,11.252,76.312,-14.297,8.506,-0.549,-19.002,-41.002,-31.008
49.623,93.833,-5.907,-83.728,42.297,23.782,9.268,-28.411,-1.372,-10.886,-6.745,-3.028
49.74,84.281,-5.724,-7.765,5.587,24.271,-29.505,-1.733,-31.657,27.016,-18.329,-11.191
51.827,52.73,-2.85,5.145,-20.158,-13.875,-23.842,-28.48,-26.14,-4.462,15.336,-32.86
51.329,31.266,-15.48,30.725,0.724,-28.976,-27.093,-3.339,-30.896,-3.899,-39.599,-37.311
50.901,42.692,-40.496,55.516,6.208,-15.119,-44.077,16.82,-20.078,10.473,-38.424,-43.472
51.193,27.362,-15.167,-83.637,43.747,-7.442,19.092,8.113,-20.542,11.243,-2.108,20.993
52.986,79.945,-64.207,-11.978,25.841,-32.941,-55.94,-11.094,-12.542,7.146,-28.931,2.11
50.182,33.907,-11.693,-9.609,63.481,-9.234,17.141,9.21,-25.047,14.966,-22.687,6.511
43.732,116.6,73.006,-69.967,30.949,-0.57,13.748,-72.921,-27.219,9.047,-35.268,0.907
49.377,40.899,-28.947,-57.911,20.799,-46.051,21.485,19.881,-17.271,-7.297,-7.999,1.705
52.249,40.712,-3.579,-8.775,39.715,-12.809,-25.757,56.668,-13.261,-19.38,-7.122,8.218
49.746,29.66,36.14,-31.077,71.304,16.227,19.39,-46.028,-34.091,83.916,-16.127,26.518
49.719,-55.286,-29.194,48.284,19.108,-50.033,-10.774,-25.821,-27.494,36.246,-19.588,8.414
50.814,6.288,-7.18,-50.588,11.989,-0.122,14.601,-14.806,-7.848,-2.556,-24.274,-11.905
48.843,3.658,19.242,-83.792,76.518,-29.246,-7.014,-0.208,-10.85,1.236,1.359,7.606
50.159,5.665,-13.914,6.65,-4.11,-64.34,-50.251,-28.108,-42.291,15.109,-20.481,-8.859
51.283,-4.84,37.003,80.905,28.105,-9.029,-16.314,8.331,-29.464,2.045,-35.894,-23.608
49.676,38.595,123.666,30.548,48.518,-7.802,5.67,43.93,-18.76,0.462,23.203,-30.427
48.562,50.373,87.479,81.829,88.254,-30.718,-0.93,39.784,-21.846,7.547,-41.149,-14.736
48.015,95.546,-6.267,28.245,47.116,-19.909,-58.283,99.926,-22.9,-3.608,3.727,-13.146
49.83,56.117,-83.149,-117.294,13.031,-23.702,-31.579,-56.331,-6.653,10.022,-18.209,-22.215
50.558,51.015,-36.383,9.25,-70.301,-5.363,-55.114,4.708,-38.418,-13.774,-23.189,-31.614
51.382,22.53,-5.975,-32.716,-4.196,45.764,-24.071,-7.055,-19.249,20.265,-33.485,-42.368
51.055,-6.623,-1.287,-87.47,37.178,30.915,26.62,44.638,-12.789,13.045,-50.839,8.442
56.296,38.961,-22.736,60.798,51.811,-58.136,-52.508,9.353,-14.596,17.388,-10.028,13.233
52.681,6.076,8.604,-18.624,47.325,-14.898,10.916,-5.797,-10.1,20.762,-3.195,-1.641
53.367,7.988,2.673,-29.246,-21.369,-27.109,-31.754,-11.44,-6.463,25.749,-2.218,-20.393
50.679,8.809,-70.377,104.904,-5.402,-115.035,-42.738,-46.185,-18.992,8.791,-16.683,9.956
47.111,26.864,-24.474,-83.995,-26.344,-2.869,1.46,30.981,40.546,-16.662,8.81,-9.527
49.819,87.042,-35.293,-68.855,-25.191,-38.844,-6.451,26.457,-0.544,-4.898,-17.129,-12.514
52.338,37.39,-32.518,-43.143,38.142,-28.781,1.479,-9.007,-22.084,14.379,-17.051,-46.609
52.389,-4.253,-15.01,35.836,35.715,-47.469,36.129,24.773,-35.544,-0.813,-39.291,-18.613
52.315,12.088,5.424,-28.603,10.851,41.612,15.647,-38.143,-13.471,7.987,-29.893,-12.75
48.389,40.793,-102.383,-52.125,29.118,-3.602,28.921,-81.376,-4.916,-32.014,-40.238,-3.394
47.283,-78.914,11.561,-65.761,-7.353,-41.014,26.575,0.121,1.485,2.655,-21.755,-4.965
50.564,-24.567,-22.858,-9.307,20.207,-39.254,5.296,62.409,11.972,4.042,-7.532,-14.525
52.808,9.329,-32.984,91.633,43.808,-85.674,-47.919,-53.884,-7.665,16.569,5.04,-5.203
48.844,-39.195,57.889,-10.826,50.271,-25.856,-0.262,19.965,-16.48,31.286,-27.689,0.221
42.516,-97.068,43.697,-80.894,19.77,-7.894,44.477,25.397,-3.674,-8.791,-8.383,5.855
49.691,-52.856,-20.758,-34.155,26.778,-50.259,56.055,17.516,5.518,13.475,2.267,4.376
52.113,-43.139,9.604,-13.85,16.661,-22.172,40.372,13.183,7.464,11.838,-3.641,-18.116
52.338,15.231,-25.773,-47.56,-1.978,-33.89,-0.928,23.479,1.881,12.039,7.448,-3.02
50.395,33.89,-31.013,112.748,34.553,-125.687,-70.313,-28.33,-0.21,11.689,-0.395,11.07
48.129,72.666,117.785,48.138,88.199,-7.952,26.846,-2.371,-19.918,-6.976,-13.16,16.096
51.186,98.746,16.273,-7.539,76.581,0.881,6.116,-12.711,-43.852,11.091,-12.333,-23.056
50.728,31.889,18.999,18.076,79.191,-28.138,7.223,3.32,-59.982,1.522,2.03,11.041
51.722,7.964,19.001,-6.476,66.114,-37.863,6.094,0.613,-24.851,12.409,-15.594,-5.446
51.23,-32.127,11.515,11.949,66.844,-25.896,-1.003,-20.734,-4.404,7.653,-29.169,-18.484
49.269,-63.972,49.697,-13.536,52.011,-39.005,1.285,40.921,-8.803,-17.32,-18.869,1.651
51.055,1.602,-32.434,6.486,51.446,50.449,-18.48,17.835,-1.142,-33.882,-44.571,5.619
47.192,74.044,-3.674,-20.361,58.848,40.836,43.059,-93.312,-43.889,19.498,-51.17,12.223
39.491,-19.331,-42.889,12.671,-34.56,-5.76,-16.081,7.597,-2.954,-45.539,-15.974,5.205
51.279,-31.359,-47.981,-0.382,21.675,-22.082,40.595,-6.93,-39.976,21.611,21.066,3.823
48.119,-123.5,-24.026,9.513,11.969,-34.411,33.347,36.03,-0.326,12.006,-37.144,0.051
49.28,2.944,-22.997,-117.791,3.555,-9.213,-5.311,8.78,5.372,3.575,-7.803,-8.132
49.56,-16.095,-87.183,137.122,4.167,-109.107,-51.108,-53.783,-6.35,15.05,-30.302,15.695
45.232,-3.909,-27.283,-84.984,-25.73,29.187,21.131,13.602,28.07,-28.668,-4.332,-0.271
46.152,44.6,-53.378,-46.817,-48.644,-20.291,-15.798,-10.628,3.826,-14.465,-26.345,-6.751
46.127,61.188,-97.448,-71.713,0.971,12.598,-9.226,37.334,-23.057,-16.043,-20.081,-15.283
49.869,3.648,-25.128,-42.753,42.406,-25.296,35.045,-33.768,-33.835,40.999,-3.251,6.652
49.997,-48.789,53.964,31.242,31.189,-23.793,37.328,-6.154,-26.908,-14.264,-30.702,5.948
46.664,-91.472,-11.022,-49.222,10.007,-38.545,41.076,10.283,-8.211,3.042,-26.379,-16.039
47.689,-33.64,-74.476,14.643,15.014,-29.406,-6.279,36.832,-17.141,-11.254,-39.825,-36.735
53.913,39.371,-31.439,70.826,63.857,-6.617,-14.762,-32.044,-16.017,2.305,21.163,-4.94
43.183,86.916,-28.606,-81.809,89.118,-17.253,33.484,-26.746,-45.015,-22.733,-34.244,9.559
44.244,0.93,-69.778,-24.883,50.11,-35.3,-38.4,-11.416,-54.097,-14.719,-25.727,-16.323
46.625,-99.476,-54.119,-18.781,-6.15,-86.3,19.516,25.709,-1.469,-2.984,18.873,11.032
43.832,-141.223,-60.654,13.978,-35.907,-84.6,3.291,34.863,-3.857,-2.441,5.289,8.526
44.651,-97.644,-29.151,21.26,-15.791,3.044,48.536,16.243,-6.377,-8.177,-12.055,3.732
50.519,67.688,-37.293,-41.471,-35.691,-20.988,-19.484,-9.756,32.271,6.595,-26.099,-14.847
50.66,-22.927,-14.046,10.164,-7.067,-27.816,14.172,6.14,-4.575,11.075,-11.496,-24.254
53.786,7.177,-52.641,81.218,17.132,-63.484,-23.206,-39.002,-15.229,19.99,-2.585,-4.387
47.458,115.039,-60.405,16.534,51.964,-24.137,1.999,25.199,-60.771,-18.947,9.306,-20.904
45.218,49.701,-25.959,-23.115,116.329,-37.729,23.175,-6.513,-59.3,11.095,-14.928,-8.308
50.499,38.704,7.724,-7.277,39.428,-19.89,7.426,-31.713,19.655,-15.261,-16.425,27.313
49.308,-84.669,34.861,-41.593,-2.847,-19.609,34.382,16.458,-27.371,12.124,-6.922,-4.402
50.755,-62.219,18.696,0.463,14.384,-42.549,48.666,7.279,1.19,0.89,-33.137,-4.19
53.678,-0.819,-20.862,63.035,35.631,-92.779,-56.521,-62.208,-25.462,11.12,-13.6,-2.521
45.324,-86.009,-57.623,-26.457,-19.843,-2.346,13.993,-7.559,8.705,-24.879,-36.034,3.385
48.993,-53.271,-23.449,-3.39,-18.487,26.124,48.813,19.062,-26.055,2.133,-8.335,-12.434
48.353,104.288,-134.194,-99.472,46.001,-49.336,11.074,35.816,10.137,-21.498,10.374,21.125
51.91,8.85,-72.589,-22.068,42.838,-69.235,31.696,-70.558,-15.133,-22.641,-21.051,9.085
49.969,-78.481,22.302,17.302,17.467,-13.584,48.815,17.142,-7.476,-13.721,-26.61,-0.988
46.633,-69.071,-25.096,-76.514,34.361,-47.349,30.769,42.971,-29.005,-26.933,3.756,7.299
50.888,-29.485,-8.771,-65.235,-18.305,-55.047,12.698,21.772,9.261,-35.656,0.07,1.665
50.861,-4.653,-71.425,115.854,-1.117,-97.783,-50.236,-48.969,-1.763,18.041,-21.09,11.723
44.032,-19.694,-22.336,-104.492,-30.416,-38.782,9.864,45.068,21.59,-1.953,28.346,12.816
49.722,111.314,-71.881,-25.263,-16.558,-23.502,4.719,-0.259,-44.571,0.773,-15.017,2.356
50.7,22.013,-43.111,-8.177,39.829,12.591,32.252,31.068,-11.871,22.008,-50.357,-19.385
52.01,6.662,-4.451,-24.684,23.286,31.7,9.913,-33.209,-13.858,22.329,-15.6,-21.492
51.286,10.94,-60.423,2.38,17.855,4.331,33.57,-68.809,-3.437,-16.786,-63.236,-1.986
48.44,-76.094,29.48,-72.685,-0.664,-34.657,38.395,18.402,5.588,23.944,-12.537,0.314
51.923,7.163,-7.96,-39.796,28.978,-40.043,19.786,37.587,22.924,0.363,-18.108,-10.576
54.976,14.578,8.288,56.9,42.848,-88.351,-24.897,-56.871,-13.401,15.456,2.943,3.191
49.736,-19.166,58.436,38.111,33.333,-23.86,13.513,-0.057,10.988,-15.903,-38.864,-2.352
44.762,-67.29,3.288,61.812,26.289,-48.027,36.533,16.222,-17.589,-5.033,-35.29,9.546
50.097,-70.15,-6.37,-33.834,24.962,-52.168,53.899,-0.54,5.662,9.46,-5.498,-3.216
52.744,-24.331,2.125,-26.446,-18.163,-45.651,1.117,-4.18,-2.579,7.425,-20.568,-12.555
52.18,-0.091,-41.17,2.152,15.442,8.482,-7.56,8.348,21.837,-15.516,-70.079,5.164
49.335,-7.266,-15.0,-56.328,-9.05,-13.124,53.32,-25.247,-13.149,-0.733,-28.321,19.139
52.121,21.971,-28.232,-28.549,25.939,-14.627,32.295,27.643,-18.181,-28.219,-5.909,-17.303
51.07,-13.585,-42.132,-7.691,46.974,-56.207,31.568,16.227,-49.224,6.461,-12.246,-4.441
53.074,-14.331,34.546,0.701,68.933,-37.172,7.355,5.448,-20.69,2.322,-10.174,-16.8
50.703,-31.164,43.895,22.677,76.081,-23.384,-10.023,-0.986,-16.923,-6.087,-31.404,-32.466
48.29,-102.731,-39.544,-17.822,-7.237,-56.771,16.262,15.953,-11.244,11.957,22.162,11.341
49.668,-58.5,62.866,15.908,53.143,-52.687,0.79,37.442,6.375,-2.918,-12.401,-7.727
49.676,-12.714,-1.641,-2.189,50.928,48.529,-21.427,8.2,-1.042,-23.364,-63.176,5.493
45.967,57.041,6.915,-7.061,44.284,44.116,43.21,-82.411,-45.976,25.136,-47.866,9.936
39.762,-16.592,-44.553,21.126,-41.832,-38.446,-12.995,-20.115,-13.389,-10.997,4.065,8.116
49.396,-54.943,-37.051,-10.989,26.286,-0.34,49.065,-29.726,-38.112,44.659,45.079,2.487
50.571,-42.673,17.839,1.854,1.557,-9.559,32.198,35.107,10.24,-13.786,-26.027,0.069
49.549,-18.035,11.628,-78.362,-16.766,-7.809,18.751,-2.855,-14.725,-3.877,-13.753,-12.334
54.116,4.046,23.545,-13.708,4.775,-26.879,25.219,19.398,4.545,1.65,-7.085,-2.26
50.678,-7.468,-68.62,109.496,4.728,-115.68,-44.635,-53.699,-1.946,18.362,-27.191,14.95
46.605,-69.589,-47.115,-27.607,-23.23,-16.103,13.974,49.297,13.593,13.834,33.921,-3.726
47.902,23.772,-63.808,-82.005,-16.568,-23.236,12.003,10.89,-6.122,-25.822,-8.885,-12.519
50.674,39.873,-90.458,-12.662,28.071,-107.063,13.844,23.866,-33.229,5.259,-3.131,1.41
52.364,-38.785,-0.756,-65.096,14.964,-49.073,35.953,9.608,-10.155,5.769,-20.871,-12.072
51.647,-41.959,-17.254,30.154,4.936,-32.726,22.093,-30.37,6.235,15.271,-44.497,4.026
48.183,-58.614,30.403,-24.16,53.199,-37.475,24.163,22.591,-3.026,-3.405,-33.332,-9.025
50.895,36.787,31.628,-14.068,52.669,-6.361,4.092,26.379,-16.597,-22.21,5.191,0.116
53.659,37.412,0.164,89.567,57.691,-66.551,-44.612,-35.693,-20.279,18.4,-18.391,16.05
44.899,85.379,1.391,-68.808,69.047,-10.452,19.59,-69.767,-31.935,5.787,-26.525,13.235
46.897,-75.722,-53.622,-24.227,20.054,-27.978,21.872,17.139,-29.059,20.563,11.301,3.526
43.806,-153.765,-57.572,12.279,-17.122,-99.919,4.662,14.035,11.111,-0.27,-9.991,7.99
49.902,-20.054,-17.77,8.613,-6.014,-65.109,22.33,-4.07,10.63,5.299,-11.385,-6.912
49.96,-30.465,-101.741,155.569,17.819,-91.178,-38.989,-74.289,4.17,13.865,-29.167,10.518
41.425,-118.016,-69.787,9.038,-8.3,22.04,26.583,5.081,20.667,-11.909,-11.471,-3.497
46.987,78.28,-133.653,-22.443,30.476,23.87,18.422,16.694,-48.15,-12.389,-1.053,-23.716
45.833,-0.787,-109.623,-44.577,79.63,-57.884,64.921,5.233,-46.531,3.767,-12.959,6.515
46.906,-3.428,-22.283,21.528,24.037,-54.097,20.521,-17.781,2.324,-3.316,-17.319,26.628
42.971,-159.639,-59.205,12.667,-46.143,-121.714,-1.411,24.708,-3.683,-9.624,5.287,10.55
44.66,-61.611,-31.508,-64.876,-12.884,-20.796,35.273,-19.972,-5.429,-4.11,-29.287,24.77
47.091,117.892,-41.08,195.963,42.775,-109.055,-113.541,42.602,6.737,-38.095,13.073,5.361
45.333,160.524,-8.775,-45.088,-7.767,45.292,-24.821,-101.229,-32.035,21.81,-26.037,15.235
48.605,23.118,8.6,-55.688,56.829,-14.781,-60.692,27.708,21.38,-9.015,0.496,-12.603
50.501,38.182,-18.492,-25.759,-23.214,6.484,-31.376,-17.863,-19.923,-1.094,-8.487,-5.131
49.661,24.791,-14.594,137.287,69.482,8.095,-45.881,-61.936,-9.477,0.604,7.549,9.102
40.157,-95.44,86.681,1.791,53.296,-22.337,-13.191,5.366,-8.812,-17.07,14.818,14.275
41.393,-19.055,76.289,1.709,52.431,8.071,-17.411,62.264,-2.295,-2.531,-45.332,29.529
30.199,-152.336,-13.366,-69.542,3.767,-26.008,-8.018,-2.183,-2.205,0.834,8.657,-17.156
36.193,17.017,23.94,-88.705,-19.31,-35.354,-23.633,98.057,25.729,-22.732,31.63,-10.714
42.944,103.437,100.243,-75.441,9.259,13.68,8.122,-77.025,-20.612,29.115,-46.161,19.815
52.144,37.642,13.088,76.548,91.798,27.465,-34.526,-44.654,8.768,-8.135,13.939,5.59
44.459,-63.323,116.207,-12.96,82.355,-28.766,4.542,9.526,-14.683,-5.242,7.561,-9.997
49.24,-1.202,124.565,12.315,76.466,5.755,1.745,16.454,-7.623,-20.438,-13.359,-3.424
44.133,-17.453,10.866,121.212,68.523,-6.28,-18.583,-7.356,-16.106,-26.782,-86.226,2.514
39.83,0.618,137.798,-146.158,29.923,31.804,2.992,-10.374,-31.795,28.967,11.446,0.174
49.964,4.942,54.66,11.579,73.008,0.495,-0.724,-33.387,7.74,-26.286,-31.722,24.948
48.215,-47.188,101.127,50.862,76.92,-5.407,-12.52,30.311,3.201,-19.552,-26.068,10.262
44.549,12.668,132.92,-3.245,66.176,-6.047,-7.678,-15.139,-26.127,-17.694,3.685,15.497
50.609,-27.072,60.438,-51.037,50.11,-18.557,-7.024,28.769,-2.301,-9.322,-0.399,-5.769
53.648,40.406,-23.361,61.46,52.338,-54.184,-51.619,-27.541,-22.214,42.813,21.874,18.312
48.354,-7.286,-38.862,-62.811,4.66,-20.619,4.51,8.565,-10.974,-11.357,13.592,23.094
52.446,21.192,-1.892,-24.819,25.167,-10.315,2.466,33.228,-2.824,7.451,-1.027,23.044
50.995,112.106,-16.98,12.269,16.62,-12.652,-41.231,-51.238,7.028,-20.981,-28.764,9.257
50.363,31.34,14.839,-62.811,52.817,-17.888,-55.625,38.171,14.071,-9.797,13.848,-16.434
51.849,45.045,-42.296,-14.629,-20.934,-23.186,-51.052,-42.87,-4.683,20.09,-16.826,1.711
50.416,11.292,-3.052,31.355,-20.772,-5.204,0.377,-7.156,-45.866,-26.788,-8.84,25.798
51.147,40.92,1.08,106.483,58.374,21.255,-34.663,-45.534,-19.171,10.49,16.484,10.531
40.013,-126.717,67.241,-24.452,53.96,-33.314,-31.513,-1.327,-36.64,-10.935,19.99,11.166
43.223,-72.025,86.96,45.693,56.795,13.663,-24.834,61.082,-19.27,-26.249,-50.986,40.817
32.126,-126.898,18.438,-60.843,17.495,-15.276,-0.169,12.049,4.82,8.242,6.905,-7.054
37.78,35.15,12.406,-87.478,-26.831,-22.332,-29.84,72.304,6.918,-22.479,20.53,-7.431
41.759,86.336,94.61,9.042,1.492,2.526,14.289,-63.56,-31.107,31.513,-53.108,19.762
45.07,-6.826,42.286,76.876,89.743,86.06,16.129,-50.728,16.079,-58.26,-20.2,6.145
43.883,-56.605,148.559,-3.396,67.544,10.562,26.818,19.034,7.36,-24.347,-25.009,10.564
43.764,-69.249,124.432,-2.898,83.197,-39.002,40.592,16.244,4.843,-8.18,6.27,11.898
41.305,-71.126,55.173,111.303,62.328,-20.489,26.602,-4.371,3.598,-30.326,-61.175,22.657
31.169,-114.589,-1.379,-32.558,-27.129,-34.544,-1.896,55.27,-1.39,-19.46,14.25,3.163
38.553,24.724,153.563,-79.641,7.516,47.464,26.31,-51.678,-39.4,-0.937,-34.065,5.389
44.944,-99.624,95.418,-71.089,72.421,7.944,-10.341,24.743,5.511,-32.421,-35.36,5.269
45.293,-115.592,74.691,-17.009,61.083,-37.658,6.963,7.752,-4.635,-10.547,13.116,11.639
46.625,-81.255,60.055,23.695,61.876,-5.928,-2.343,28.568,-0.286,-10.439,-52.625,14.619
34.836,-111.253,16.186,15.537,11.529,-40.618,-4.019,-23.021,-6.567,-0.028,19.872,-1.793
41.713,-79.875,77.288,-120.396,37.068,-5.811,2.246,25.618,7.127,-2.602,-7.555,-20.085
49.903,-19.077,30.046,-55.484,45.188,-28.293,-15.151,13.521,7.573,2.551,-2.428,-24.651
52.469,-4.047,-27.92,95.778,52.805,-59.664,-47.554,-51.489,-32.208,28.877,-2.731,-8.061
46.027,-66.556,3.996,6.175,56.029,-17.223,-1.95,20.471,-21.103,3.827,-34.001,-15.612
48.346,29.332,40.822,-62.648,66.727,34.597,50.268,-67.242,-6.326,-13.949,0.462,2.186
49.976,-41.704,10.098,5.868,21.155,-38.725,28.339,13.578,1.872,-1.434,-18.962,-21.066
49.656,79.931,-0.131,-27.264,-16.996,-23.345,1.813,-25.041,39.381,9.229,-26.049,-18.066
50.231,-25.894,-11.817,24.838,25.452,-12.886,4.966,-21.394,-7.144,-8.809,-33.806,-11.46
48.131,-78.96,20.073,-11.103,32.871,-22.02,31.803,15.597,-18.433,-14.661,-25.678,-12.74
45.749,-71.348,-3.916,49.178,3.998,-35.188,-0.358,-16.833,-12.432,0.554,-56.445,-4.605
41.354,-68.049,6.385,-109.061,2.358,-28.791,10.062,57.089,42.532,-4.443,2.234,-9.006
46.46,18.166,-49.276,-0.375,-15.124,-16.113,8.48,-78.147,49.019,17.885,2.698,-6.837
46.448,-74.841,-11.286,-48.96,16.652,-47.534,37.621,14.852,23.344,4.944,-2.411,1.595
47.473,-61.621,-29.222,-12.354,31.29,-38.226,23.998,-5.416,32.685,4.154,-24.436,1.941
45.038,-111.834,22.699,-33.613,15.928,-43.743,46.495,22.682,1.622,-6.276,2.081,-22.166
48.832,-38.611,48.802,-55.421,12.82,-32.362,34.05,35.021,11.578,0.975,-2.841,-30.886
48.84,9.758,-10.396,49.314,7.172,-38.955,11.002,-0.989,6.247,-8.818,-32.786,-16.245
21.59,72.915,-95.501,328.735,0.171,-189.099,-66.889,107.494,13.815,-69.546,36.244,-20.637
46.464,-31.787,35.965,-62.863,4.103,-29.308,17.087,9.255,-5.155,7.793,-3.188,6.796
51.44,-0.127,30.376,-48.854,41.122,-20.137,22.499,4.053,-3.838,0.276,-14.44,4.876
50.807,2.093,19.679,3.154,91.174,-22.828,15.996,-20.187,-34.56,9.263,-14.476,-1.703
50.864,-31.011,24.875,1.452,60.259,-25.653,10.684,12.818,-15.169,-3.083,-32.834,-1.422
49.127,-37.705,-3.994,-37.991,52.103,5.838,13.859,4.388,-6.719,-10.888,-1.563,-27.337
48.628,-61.981,-2.633,3.056,33.387,-32.746,12.386,0.139,-4.993,-13.761,-9.322,-10.105
48.834,5.564,-24.089,-22.07,39.675,-18.187,-27.538,14.121,-11.539,12.413,4.824,-32.563
46.523,97.524,-52.101,-29.149,81.489,-57.557,-15.261,-30.856,-22.998,-18.786,-3.942,-17.657
49.615,2.782,-5.711,-45.67,45.07,-31.04,-12.715,-3.718,-5.4,41.948,-16.281,17.04
49.369,-65.033,46.805,-34.387,2.905,-33.896,54.782,16.299,-13.289,-3.127,-8.12,-19.769
52.333,15.662,38.033,-29.131,12.419,-29.691,14.758,32.744,28.479,3.512,0.822,-12.798
49.504,-10.924,-19.14,86.577,26.452,-36.732,-6.817,-37.764,17.056,-4.807,-41.316,-2.197
48.94,-3.031,-41.942,-0.215,55.212,-37.789,23.682,-65.866,-37.422,23.055,-27.748,-6.149
46.694,-76.244,59.687,-17.723,53.974,-30.148,39.625,11.944,-13.668,-4.58,2.753,-0.405
44.678,-114.456,-3.349,65.838,17.02,-20.796,23.025,-1.875,-12.481,-23.374,-55.054,14.56
39.984,-96.765,7.999,-86.512,10.066,-20.968,-3.653,36.146,22.976,-31.802,-7.011,-10.535
39.971,-131.248,33.417,-19.294,33.597,-36.29,38.26,-7.654,14.145,-7.082,-20.066,10.048
41.749,-143.732,34.533,-50.586,9.207,-37.372,57.704,37.524,16.912,-7.919,-4.08,2.199
41.589,-122.911,0.837,33.457,15.307,-38.613,57.216,1.672,16.007,-10.348,-27.877,7.172
35.292,-177.672,-1.416,-25.064,1.388,-34.356,13.185,-3.556,8.36,-12.738,-0.948,-5.028
39.007,-173.896,10.901,-24.842,16.547,-38.983,28.286,-7.109,3.139,10.323,5.487,-18.373
40.627,-173.671,26.288,-38.245,19.349,-45.388,33.16,18.196,12.954,4.563,-1.898,-22.275
42.915,-130.613,38.065,-19.564,37.491,-41.698,37.886,4.536,2.954,-4.886,1.73,8.748
45.199,-100.526,49.659,-21.997,43.28,-27.551,19.078,1.425,2.492,-3.868,5.542,11.404
47.314,-73.938,43.816,-39.55,54.413,-43.98,21.642,18.707,6.148,-11.777,8.524,-3.968
44.344,-59.195,-37.788,82.166,33.404,-71.455,13.202,-16.308,8.181,1.712,-16.08,-5.711
38.631,-87.302,-5.109,-62.489,-6.24,-32.52,28.532,9.477,4.747,-4.474,-6.62,-14.944
41.802,-47.952,13.491,-48.59,46.916,-20.225,-8.171,12.397,37.197,-10.866,9.739,-8.35
45.178,-2.356,17.964,-52.95,48.366,-29.733,-25.774,10.675,37.709,11.787,0.13,-4.411
46.405,-68.039,2.713,50.16,37.934,-47.952,34.284,-8.248,-31.215,-3.798,-43.089,20.824
43.698,-97.265,-3.544,-34.952,78.956,-21.349,31.625,18.011,-13.074,-7.003,1.943,-10.598
43.463,-83.084,-0.491,32.509,52.296,-40.268,19.035,-5.679,-15.804,-9.747,-30.562,-14.732
44.314,-91.957,5.754,3.309,52.425,19.657,41.266,11.103,19.811,-28.251,-50.774,15.336
45.691,-81.608,-9.035,45.334,49.773,9.149,44.762,13.898,4.194,1.457,-8.653,-18.66
45.846,-62.239,36.864,-31.72,45.178,-35.537,16.621,10.581,-1.195,13.242,-19.355,0.751
42.891,-50.93,-52.175,-18.596,85.543,-43.471,0.327,-10.824,-26.229,-24.446,-16.346,-3.01
39.916,-137.003,-22.458,1.317,38.137,-53.372,10.546,-7.076,-24.241,13.65,-0.644,19.298
43.275,-72.71,-34.601,13.104,39.124,-5.615,15.729,-2.448,0.119,-0.004,-20.964,-11.208
36.854,-126.189,-31.651,-3.521,-23.783,-73.41,10.709,-18.51,18.184,23.122,-14.801,-11.342
34.608,-140.835,-38.491,-27.56,-1.249,-14.296,18.795,10.49,39.822,-32.715,-11.843,-15.552
33.568,-106.21,-35.223,-4.302,-2.247,-10.49,-1.317,-8.102,36.718,-0.566,-2.911,-17.273
31.598,-126.07,-18.286,3.488,-8.576,-48.88,2.164,-7.979,7.003,8.004,-31.237,-0.018
36.998,-24.294,-27.456,29.008,15.341,-7.035,7.025,-0.236,-15.881,-23.526,-32.537,-4.63
29.619,-160.162,-58.291,-30.145,-2.469,-35.478,1.153,5.976,10.002,-3.179,-6.938,-16.089
37.628,42.584,-61.3,17.457,26.703,-46.84,-21.302,6.815,-45.822,-29.106,-59.654,-20.816
38.903,5.048,-58.119,-81.327,47.523,31.937,-7.854,33.997,-11.788,2.188,7.876,-35.838
40.782,-34.865,-18.072,-28.213,48.092,-3.111,9.366,-32.635,-53.243,50.625,-26.873,-12.344
19.998,45.048,-111.164,283.8,25.964,-188.768,-35.15,124.99,-2.852,-94.341,41.996,-24.875
42.611,-58.777,5.105,-51.858,20.252,-42.197,46.9,30.458,-27.4,-6.917,-6.841,-17.446
43.159,-48.66,11.827,19.801,30.241,-52.338,38.885,3.82,-18.927,1.286,-25.079,-27.285
40.355,-67.455,-22.481,17.622,81.791,-53.858,28.431,10.209,-22.106,-5.687,-15.709,-20.292
39.466,-37.115,-15.763,-12.311,45.074,-16.358,-16.211,2.909,-21.308,-19.369,-23.154,-32.378
38.367,31.229,-47.941,-57.782,43.536,-2.772,21.498,-27.411,16.97,-30.259,-1.169,-19.838
40.232,-78.258,-1.797,-40.989,52.964,-46.542,32.844,5.213,-44.027,-0.122,-14.452,-22.7
33.034,-125.826,-65.368,75.289,32.579,-58.657,5.542,14.267,-17.983,-6.274,-29.808,-12.37
24.527,-102.264,-42.932,-52.347,-18.411,-33.937,-9.142,-3.153,12.269,9.653,-12.507,-12.087
26.109,-91.281,-62.805,-61.545,-23.65,-41.402,-8.05,8.97,20.909,12.886,-7.044,-28.824
27.491,-66.787,-27.016,-43.147,-22.43,-48.541,2.49,-2.748,9.325,18.522,-1.035,-23.448
29.146,-36.023,-14.016,-45.897,0.792,-26.756,-19.584,5.766,4.034,-3.971,-6.408,-16.567
33.433,-35.651,27.268,-99.571,11.279,-20.091,8.752,-2.322,-6.975,13.024,-22.139,-15.57
35.786,52.122,-44.265,-25.354,62.954,-30.783,10.658,-55.689,-23.824,-13.522,-20.832,0.852
35.785,-54.15,-35.177,-44.853,51.267,-63.747,30.406,2.084,-18.869,1.652,-6.698,-2.343
37.234,-66.783,-1.916,-31.374,81.105,-52.735,24.364,3.394,-2.545,8.742,-5.135,-26.447
36.297,-70.609,36.372,19.098,62.831,-33.721,23.333,3.25,-10.764,4.416,-17.475,-12.445
34.034,-21.957,-30.538,-26.028,71.399,-25.153,-1.416,3.755,-1.075,-52.159,-16.551,-8.679
31.64,-35.986,-7.237,-19.468,45.015,-6.648,6.705,19.967,-21.666,2.378,-19.145,3.646
28.143,-26.728,-37.901,-40.196,-7.447,-37.068,3.081,-4.918,6.53,-7.539,-10.929,-4.921
29.611,13.998,-20.093,-13.339,-18.178,11.489,2.102,2.457,20.291,-25.687,-6.063,-18.446
26.568,11.079,12.306,-30.24,-6.587,-29.242,-3.497,-3.329,-7.664,6.767,-14.851,-6.84
28.383,25.924,6.879,-87.113,2.35,-38.839,20.217,24.22,-7.68,-3.764,9.874,-13.08
34.503,9.325,45.403,16.059,47.005,-12.978,15.484,30.175,-42.566,8.812,-16.835,1.64
32.118,31.988,6.712,31.105,69.685,-37.582,-21.993,4.452,-0.062,-1.887,-8.412,-10.757
32.148,-4.295,4.429,-46.708,33.383,-14.127,6.477,-5.878,-31.462,2.819,-4.783,-11.553
30.026,-13.054,-7.401,12.961,32.271,-42.413,-12.266,14.489,-20.704,-18.334,-15.842,-8.48
28.171,24.098,13.958,-63.95,24.905,-32.881,1.378,-11.848,-7.027,8.55,-0.494,-14.343
30.491,24.212,-9.99,-0.064,82.323,-38.187,-20.107,38.805,-11.979,-4.542,-16.981,-9.947
29.972,0.71,31.565,-42.729,55.58,-23.044,20.182,0.562,-28.937,1.655,-0.009,-17.719
27.485,13.326,3.784,24.199,59.758,-40.96,-7.058,3.414,-15.315,-9.146,-21.315,-14.309
27.472,-20.792,28.627,24.752,34.947,-0.679,7.095,13.51,-18.063,-7.486,-12.386,0.524
22.585,-49.222,0.724,59.115,27.685,-27.838,19.646,16.989,-38.77,-18.115,-32.521,21.644
14.051,-30.195,-47.141,-23.962,20.437,-49.553,7.976,27.028,-12.746,-7.559,-9.627,-22.69
14.656,-71.852,-0.372,-30.752,104.408,-52.497,5.088,6.573,-15.475,1.503,1.491,-5.289
14.884,-54.766,-36.346,-17.05,102.897,-55.209,18.355,-0.685,-3.439,-11.226,-9.147,-1.586
7.941,27.888,-35.206,60.737,87.552,-78.162,-18.862,111.049,-9.649,-33.588,7.456,-9.653
