0.0,171.13,9.469,-28.48,57.491,-50.067,14.833,5.359,-27.228,0.973,-10.64,-7.228
42.72,-53.794,-54.663,215.877,-8.664,-99.808,-47.163,-14.342,-23.112,4.13,-43.272,5.368
42.781,-43.676,-93.651,261.389,-14.997,-95.41,-52.356,-21.186,-18.639,0.527,-64.826,15.66
35.318,-0.192,-35.041,87.311,46.187,228.021,15.949,9.893,4.054,-16.244,20.152,-0.751
43.228,-10.193,-77.06,276.324,2.496,-56.968,-41.143,-18.01,-6.706,6.147,-58.002,4.109
43.998,-6.708,-39.751,219.611,-22.852,-77.827,-39.591,-27.407,-30.337,1.545,-48.506,12.861
42.061,-11.444,-74.151,271.931,-16.977,-64.754,-30.61,-12.801,-14.801,-6.081,-56.948,12.14
43.55,-34.096,-72.761,214.229,-22.359,-108.444,-64.444,-15.675,-18.821,24.148,-35.094,16.647
42.806,-32.787,-108.532,224.649,-25.574,-54.359,-53.557,-16.747,-18.938,56.68,6.545,1.001
40.09,11.49,-54.747,-100.34,11.368,27.382,1.094,-60.435,-11.838,4.402,-55.064,7.301
50.178,81.009,46.053,-46.969,109.075,43.232,24.993,-23.969,-42.018,8.633,15.829,8.109
52.713,70.109,-59.909,44.828,44.49,-58.806,-59.306,72.394,-17.504,20.445,-15.249,-2.768
52.605,43.686,-19.895,-20.719,47.905,-36.633,-37.2,-22.346,-44.289,32.836,5.905,19.454
50.882,41.63,-69.798,89.131,37.474,-32.486,-68.781,-4.496,-10.978,7.305,-37.232,8.946
44.424,43.894,-34.856,58.117,63.294,23.0,-45.799,-28.87,-47.596,14.469,-36.379,5.387
51.477,34.391,-44.226,67.352,9.072,38.833,-31.515,-35.749,-19.362,35.055,0.919,5.984
49.86,35.333,-8.381,-29.426,86.578,10.047,1.209,-24.273,-21.87,10.233,9.139,-12.051
51.986,24.811,-56.085,2.432,57.681,-42.483,-27.61,-36.553,-42.337,10.62,-1.758,9.283
47.884,-46.299,11.174,-53.208,75.909,-8.214,-35.067,-3.107,-36.728,-28.012,-32.0,4.094
45.891,50.923,6.814,-100.364,96.791,22.689,-8.098,-46.898,-47.931,-26.76,18.988,-5.543
49.877,6.74,-18.04,13.442,63.147,2.229,-51.19,2.746,-47.742,-23.956,-49.478,-3.8
47.565,70.682,-21.813,-94.925,86.427,74.719,7.616,-39.253,-47.393,7.504,12.639,-4.514
54.062,49.092,12.957,25.84,48.916,-4.074,-14.947,10.082,-30.599,-3.874,17.595,-10.024
52.574,110.69,-99.859,26.712,48.259,-39.573,-45.3,13.681,-20.413,23.265,5.988,-1.763
52.175,13.582,8.38,-9.714,58.315,-50.402,12.07,9.876,-15.339,1.693,-3.896,2.032
53.078,50.776,64.411,-11.428,53.93,-41.074,25.882,7.736,-42.958,-19.927,3.301,9.335
45.695,59.98,-107.271,162.185,18.962,-84.344,-57.084,53.459,-47.357,-5.71,-28.218,3.356
43.128,6.223,-26.468,20.405,20.794,148.772,2.011,-33.079,-34.329,39.444,-26.647,-6.105
48.749,60.14,-3.426,-62.624,73.635,33.827,39.169,-34.034,-48.813,-15.65,8.567,-0.767
52.146,53.75,-72.375,39.985,50.827,-28.822,-63.254,32.835,-14.204,18.158,-11.585,0.774
46.176,142.751,-115.057,30.8,82.191,2.347,-37.392,50.549,-38.219,19.585,-38.023,15.05
50.166,76.566,-26.681,-47.112,75.457,106.938,-22.801,19.328,-7.552,34.029,56.295,-12.017
52.44,40.442,-6.983,-1.447,71.31,8.003,-21.297,-12.211,-51.535,-4.63,-36.996,16.694
46.143,16.639,-43.592,89.183,47.481,-20.414,-43.274,8.44,-29.397,-35.895,-26.851,8.174
40.545,118.51,-42.542,-95.613,55.553,43.795,-15.482,33.595,-1.83,-47.45,-60.281,24.156
50.349,92.977,33.774,-32.193,64.088,100.256,7.484,-35.614,-36.822,13.634,33.47,-6.467
53.575,-16.54,-19.812,43.393,11.933,-39.996,-45.73,-30.624,-22.373,23.259,-4.673,8.235
52.99,46.798,40.895,8.379,41.242,-19.65,-2.843,6.921,-34.539,-20.526,9.964,-0.326
53.031,21.85,-28.453,26.195,62.674,-40.525,-11.105,-20.506,-16.764,15.915,-17.942,23.407
47.907,-57.439,38.088,-24.324,72.491,-32.78,-42.257,-1.553,-50.753,-24.532,7.159,9.673
54.217,34.034,19.997,20.314,24.63,-56.718,-26.269,-7.357,-42.715,13.589,12.66,-0.826
50.877,69.486,49.174,23.632,95.336,-12.667,-41.782,-12.114,-23.523,-22.754,-21.375,2.54
49.337,7.274,-74.29,90.444,-22.448,-57.677,-64.039,-15.247,-5.666,1.425,-29.755,13.177
47.491,6.716,-37.376,-37.186,48.198,43.781,-1.584,-17.808,-16.139,-5.13,-14.513,3.261
42.192,-12.965,-128.758,178.653,13.826,-69.628,-51.774,-22.074,-34.206,12.977,-45.656,29.756
38.908,-6.945,90.197,-249.747,23.021,113.905,10.982,4.431,-9.759,-13.173,-50.813,-2.976
48.913,107.457,-25.868,-56.396,43.078,-0.833,9.002,12.21,-41.954,-36.001,-4.858,-13.228
50.513,104.737,86.433,-8.245,86.819,-2.466,16.913,-13.449,-60.005,29.621,12.887,17.585
52.7,73.979,-49.571,57.894,24.278,-64.609,-42.735,77.656,-29.043,9.555,-39.755,3.209
50.246,38.407,-22.99,-2.58,59.547,20.77,-5.557,-45.737,-43.41,70.488,33.006,28.956
54.03,52.906,-18.059,18.858,27.544,-52.044,-49.526,1.9,-17.942,2.661,23.197,-0.536
51.873,74.843,27.134,-47.711,58.823,-26.345,-81.905,-6.389,-7.955,-8.752,17.78,0.13
52.093,49.416,-33.458,79.932,18.26,-27.061,-49.317,14.124,-34.609,-0.337,-48.874,9.517
45.741,115.432,-29.536,-97.503,69.692,35.893,2.629,-74.072,-25.522,-3.607,-1.062,1.512
52.979,-7.597,-21.773,35.072,35.257,-73.498,-58.085,-8.875,-38.864,19.548,-14.3,-4.233
48.514,-7.622,19.651,7.408,79.376,-48.004,-50.608,-13.537,-76.416,0.013,-4.047,6.3
49.527,38.844,-96.568,93.63,67.837,19.072,-26.951,-11.89,-37.181,-10.44,-50.591,-10.789
47.049,164.347,-74.844,-34.429,62.615,67.846,-40.81,91.885,-2.597,-9.3,37.358,-0.469
49.519,157.748,49.612,-76.321,50.091,38.735,14.475,-94.986,-52.828,73.2,-34.042,11.817
52.543,84.726,-89.31,13.539,27.715,-97.523,-61.159,34.799,-32.324,23.359,0.925,-2.081
52.771,16.198,36.081,-13.93,44.563,-45.15,4.503,25.693,-24.618,-0.159,10.916,-2.578
43.396,12.59,-121.951,145.025,10.496,-101.73,-65.579,28.966,-25.949,26.787,-44.23,22.003
38.277,68.149,-13.923,-145.591,56.853,90.615,18.213,-44.491,-31.609,0.99,-76.707,-6.59
47.286,-35.225,-85.833,118.393,3.935,-23.837,-52.062,-36.674,-25.164,53.262,-0.857,-7.416
32.043,-71.625,-82.365,-20.628,9.827,25.667,-27.34,13.498,-6.75,-25.947,-89.352,19.927
44.094,-31.614,-91.196,184.797,15.319,45.042,-18.277,-44.414,3.275,48.032,48.807,-10.951
44.885,-15.157,-72.962,132.787,18.725,106.869,-0.28,-38.601,-14.301,26.389,17.315,-9.008
46.349,23.254,-6.085,-63.908,111.382,93.09,57.294,-21.49,-17.407,11.812,-8.497,11.703
49.355,4.904,-23.764,-82.869,31.749,-1.996,-36.617,5.997,-3.807,-19.037,-3.969,5.402
50.03,45.838,-16.239,-28.066,64.679,-36.735,-55.785,-20.487,-14.956,16.322,-9.72,-27.632
47.42,-2.386,-80.13,148.256,-4.762,-59.567,-57.72,-10.805,-18.103,34.586,-27.409,4.961
41.895,-7.03,-135.627,185.483,15.603,-72.842,-60.155,-7.596,-22.763,34.683,-33.126,25.176
33.439,-32.699,-7.244,-73.648,25.862,152.911,12.819,2.982,5.422,-30.035,-93.153,5.455
44.897,-4.619,-87.272,93.708,19.19,124.007,-5.921,-52.857,-4.702,19.286,39.099,-6.617
33.61,-67.231,-77.871,23.764,-26.897,-23.557,-13.606,-15.701,3.113,-35.135,-21.58,-5.839
40.571,1.184,-62.535,-108.799,39.432,135.849,27.922,-27.145,8.983,-44.479,-79.108,23.365
42.981,79.683,-54.591,57.41,34.243,0.511,-22.909,-21.543,13.483,-14.847,-37.314,32.297
41.227,84.258,-1.899,-134.852,9.7,57.667,30.293,-19.829,-30.998,-1.58,-59.019,5.989
47.154,52.681,-14.887,-57.21,45.934,38.148,47.26,-59.892,-26.006,-18.71,-52.538,16.294
49.56,-37.153,-80.88,55.731,15.791,7.911,-13.5,-30.21,-11.52,-0.169,8.72,-13.133
49.787,28.601,-32.282,-54.805,39.882,4.378,4.188,-10.431,-48.026,14.799,-12.662,-11.804
50.728,163.546,-78.819,23.551,44.368,-81.788,-71.485,98.433,-0.763,-29.14,12.465,14.252
53.372,40.43,-19.454,22.445,22.463,-74.668,-12.467,-7.552,-32.933,8.317,-30.33,-8.695
50.999,42.575,-106.291,70.934,20.854,-41.475,-22.87,-26.732,-28.288,8.704,-35.529,-27.216
49.32,86.882,-81.387,-7.299,30.482,-9.112,-27.112,84.768,-30.99,-3.119,-4.864,-21.443
44.646,50.678,-127.34,142.428,23.752,-60.771,-54.833,49.832,-23.163,29.904,-36.84,22.947
46.716,3.667,-65.743,58.616,33.314,69.727,0.672,-36.095,-38.473,58.528,3.29,-19.417
50.506,48.173,17.237,-40.215,60.389,28.213,2.574,6.867,-29.135,13.495,23.346,-8.514
52.816,6.815,-52.455,36.343,10.93,-53.378,-25.264,-3.54,-22.129,8.546,-30.443,-8.389
51.484,26.969,8.395,-50.611,45.217,2.642,7.905,-1.821,-6.014,-15.081,18.418,-31.586
46.879,24.864,-70.71,174.481,10.365,-50.307,-30.413,-0.07,-18.957,-9.438,-12.966,3.227
50.28,75.198,-4.739,-25.225,55.671,83.457,23.176,-43.543,-24.541,65.353,26.703,12.797
50.464,14.73,-86.63,46.192,-11.399,-40.476,-35.375,-28.906,-1.509,12.51,-21.213,7.275
51.48,-14.167,-5.676,-31.463,34.367,3.877,30.033,0.028,-17.428,-15.655,16.102,-10.054
52.625,33.071,28.045,-33.048,46.123,-44.709,19.706,32.642,-1.507,-13.958,9.903,18.494
45.27,22.569,-106.408,178.665,11.364,-70.401,-44.384,19.648,-7.109,-6.395,-75.213,29.397
45.289,54.471,-57.345,-19.008,9.565,116.139,0.604,53.387,-24.08,8.847,18.371,-24.363
52.28,28.45,-43.712,-11.032,-1.852,-63.945,-38.455,23.34,-1.344,19.932,10.96,-21.172
50.938,71.074,-25.974,-65.994,46.958,-22.63,-52.382,4.205,-8.363,-14.53,11.799,-24.24
47.531,-14.902,-66.084,133.613,12.687,-39.979,-56.807,-34.969,-42.501,20.39,-74.794,23.955
43.636,127.674,-39.488,-125.771,54.716,107.311,11.708,35.875,-21.345,8.132,0.102,-15.651
49.473,32.602,-20.153,-55.26,70.954,-20.214,-34.208,-11.55,-53.897,28.033,-2.767,-14.18
53.33,28.916,-62.979,28.933,24.689,-41.715,-23.913,23.74,-43.617,19.461,-9.535,-8.512
49.945,-1.65,-24.256,-29.694,30.914,-18.713,10.428,-20.187,-60.734,11.176,2.575,-12.036
53.51,47.386,23.486,9.908,38.243,-59.459,-6.139,8.745,-48.732,10.056,10.317,8.84
49.656,-20.722,-58.005,91.157,-10.308,-64.686,-7.256,-24.399,-17.889,6.141,-59.793,-2.06
43.931,107.697,-64.122,-97.728,64.916,10.206,30.651,15.216,-32.033,-74.191,9.811,-32.056
51.094,4.46,14.653,-55.618,35.136,-14.416,-19.961,13.493,-54.677,-1.612,-23.248,-5.184
47.814,-16.776,-21.048,73.138,10.002,-17.358,8.065,13.652,-30.743,-9.174,-66.961,-12.005
39.821,46.572,-88.274,-13.911,-26.332,-72.028,-32.344,28.898,-19.841,-18.883,-7.129,-4.644
47.643,185.194,-66.433,-47.514,54.693,40.399,-37.278,85.268,-18.07,24.158,18.381,1.167
54.756,46.515,21.215,7.334,-7.135,-59.757,0.67,-12.208,-19.806,28.637,-2.1,-13.361
51.698,33.146,-50.988,47.144,0.56,-14.307,-17.552,26.57,-9.081,-9.819,-21.257,-5.929
50.138,-19.158,-19.393,3.024,33.825,-39.305,11.336,3.272,-19.469,0.906,-29.114,5.519
46.912,-10.106,-56.469,-54.676,27.666,38.077,-26.231,-8.567,-4.053,-54.324,-60.493,12.101
41.538,80.092,-59.591,90.411,28.155,-14.754,-23.842,-11.071,-2.834,-16.422,-41.791,28.105
50.82,115.603,-17.168,-25.703,-0.179,67.874,26.239,28.789,-37.32,37.038,20.602,-10.381
51.802,78.316,44.926,-0.375,41.888,-24.966,43.491,-8.305,-43.056,36.834,10.322,-0.043
53.034,36.368,-27.676,2.786,-8.836,-75.106,-5.502,17.874,-19.792,4.907,-13.291,-11.831
46.297,214.797,-108.02,-69.944,38.702,-47.603,-4.153,25.996,-35.652,-15.35,-23.263,-1.955
50.846,26.666,-30.609,12.178,35.515,-30.912,-24.638,-49.524,-27.81,65.39,17.236,24.288
53.877,33.126,-38.717,11.187,-1.974,-71.871,-35.019,4.039,-13.47,3.18,-25.911,-1.215
50.583,35.114,-40.578,-55.91,21.025,-31.655,-33.188,-9.236,-0.621,-0.834,-9.353,-9.495
51.426,54.357,-5.995,-56.935,23.526,-21.647,-63.204,3.418,-3.156,-10.579,12.712,-23.588
54.392,58.535,-33.882,0.17,-10.251,-41.655,-43.396,8.863,-24.676,23.612,6.898,-10.687
47.586,8.096,-52.216,69.661,-19.814,-77.49,-25.382,0.61,-37.036,14.534,-7.994,-9.321
45.273,86.141,-51.17,-116.061,48.869,43.496,13.381,-58.75,-13.506,-36.254,-11.205,-0.149
51.359,-18.959,-52.012,23.395,14.125,-71.362,-21.588,-11.343,-37.079,21.899,-14.991,-6.778
47.769,-46.806,-37.843,-33.778,45.249,-36.727,-26.834,5.163,-13.67,-14.229,-3.136,-15.827
48.635,15.88,-29.93,-48.984,68.861,-17.384,-7.26,-32.399,-43.26,-43.491,-11.367,-10.387
53.024,76.503,-86.267,-0.256,58.78,-24.056,-7.241,29.069,-21.049,-2.115,9.386,-25.259
48.009,8.956,-27.359,37.238,16.208,-45.725,-4.21,21.51,-24.929,-23.29,-43.063,-7.371
48.546,178.855,-62.735,-27.49,27.145,48.75,-38.914,97.7,-4.754,-17.082,51.575,-6.692
54.017,61.848,12.656,9.464,5.05,-36.894,-12.858,-12.181,-28.68,52.158,12.691,-9.086
52.336,53.276,-85.345,4.217,1.825,-69.595,-42.895,50.416,-12.759,13.803,3.517,-7.707
50.94,54.857,-31.415,-71.758,28.431,-38.762,10.012,-31.636,-35.399,55.336,-14.625,-1.573
43.896,26.826,-108.524,127.092,-13.456,-99.923,-60.325,35.841,-24.13,20.927,-39.23,22.826
40.409,53.827,-21.724,-135.128,37.569,81.433,41.015,-62.331,-27.272,32.31,-72.868,-8.753
42.312,-53.316,-57.641,10.274,32.033,-22.707,-15.526,26.59,-2.531,-22.943,-39.296,-10.383
47.498,-55.152,-84.785,106.164,-2.973,-35.269,-25.496,-32.103,-18.702,44.607,15.643,-23.451
37.183,-35.879,-83.552,18.809,-38.117,-81.53,-38.286,-22.122,-9.872,17.162,-5.081,6.559
41.529,15.722,-137.672,194.385,-6.727,-65.884,-59.716,-18.937,-19.406,14.196,-44.882,23.729
46.637,-21.957,-92.581,141.085,-20.411,8.812,-6.668,-39.941,0.344,34.155,11.458,-5.332
35.998,-24.592,-70.938,59.13,-48.331,-62.004,-7.636,-32.093,-13.962,13.448,-32.883,6.383
46.088,-26.498,-100.32,116.148,-1.783,64.36,4.463,-49.146,-2.413,45.605,21.377,-28.426
37.233,-42.925,-85.565,18.055,-46.502,-80.742,-34.678,-28.177,3.079,16.827,-21.56,-5.535
41.268,1.636,-106.543,71.686,26.402,128.213,-9.401,25.958,11.957,-56.135,-53.225,-13.74
43.596,51.596,60.935,-163.08,35.868,146.296,47.357,15.571,-4.373,7.92,-22.968,-19.784
52.296,84.863,-91.608,18.97,21.964,-71.814,-27.105,37.706,-18.116,3.967,-13.635,-18.262
46.63,4.45,-27.327,32.246,21.1,-77.747,-14.578,-7.3,-15.828,-0.945,-12.685,-39.306
47.537,180.357,-62.198,-54.398,26.976,-34.805,-4.267,34.569,-13.177,-7.658,5.309,-15.003
51.828,65.653,-3.169,40.222,44.072,-15.888,-18.474,0.679,-37.812,33.097,-39.389,11.159
52.662,18.976,-35.595,52.94,7.069,-7.46,-8.222,-7.317,-31.176,6.995,-23.193,-11.24
44.135,133.448,-76.527,-104.257,18.139,-34.782,-10.327,52.513,26.017,-52.591,11.564,-8.106
47.414,46.369,-2.517,64.795,31.101,-16.783,-34.489,4.373,-29.899,-16.884,-29.647,-25.721
50.974,13.132,-76.004,56.273,-13.382,-25.606,-38.711,-7.541,-13.365,19.801,4.513,-3.98
50.944,5.372,7.126,-110.882,31.272,10.864,23.559,24.935,-13.886,-6.176,8.053,-12.707
55.516,57.41,-1.941,-20.641,22.92,-60.952,26.731,17.73,-12.375,15.858,-2.921,19.986
51.715,26.526,-6.168,66.052,-13.532,-13.926,2.913,-10.075,-19.412,-3.303,-67.318,-6.219
46.886,11.929,-8.538,-120.822,15.728,-5.442,6.234,83.546,9.639,-17.69,-9.299,4.465
47.899,51.704,-78.389,38.427,19.182,-8.278,-32.886,-43.595,-12.747,26.531,-65.581,-19.182
37.048,-143.333,-60.601,-38.118,12.77,-52.271,-0.416,-16.233,17.038,18.974,-0.229,-22.055
34.986,-166.577,-48.558,-36.983,0.139,-37.537,27.634,-4.503,2.288,-1.522,-24.1,-23.065
35.898,-167.249,-50.335,-66.384,4.567,-47.725,26.802,6.515,23.607,5.871,-12.078,-7.134
42.175,-64.361,-85.779,5.525,10.29,31.189,-5.824,-34.859,8.865,-24.382,-36.918,-28.211
48.776,46.897,-10.158,-83.777,19.549,39.83,32.216,-27.382,13.942,-34.714,23.749,-35.879
51.593,31.129,6.673,-11.999,39.437,-27.974,31.093,23.529,-23.183,-1.112,-25.398,14.115
49.527,41.846,-40.935,-38.371,25.411,-22.989,-4.488,-58.41,-39.497,10.223,-8.193,-17.976
40.666,-29.399,-60.634,-66.161,32.123,-41.485,30.696,11.121,0.27,-14.588,2.798,-34.607
44.879,17.168,-70.068,-36.22,13.524,1.978,5.789,-29.624,-9.414,-9.076,-31.989,-16.755
49.406,44.571,-68.255,-49.238,51.364,36.462,6.625,29.948,-20.643,-20.415,-16.49,-14.358
51.374,17.964,18.671,-67.954,28.191,21.384,33.546,1.689,-20.042,-11.738,-14.857,5.802
53.096,21.177,18.577,-14.22,37.14,-48.999,57.89,12.979,-13.413,3.418,-8.487,9.116
52.767,36.251,13.302,16.838,-6.621,-10.623,15.596,-4.287,-29.836,-9.592,-41.574,-13.144
49.995,59.986,-29.069,-92.371,24.338,1.819,10.352,55.656,-9.792,-30.34,-3.158,-11.267
52.11,77.616,-27.674,-37.741,12.034,-15.707,-35.542,-19.884,-32.229,37.375,-9.273,-42.355
49.389,48.262,-69.151,3.231,3.144,-26.898,-49.214,22.686,-3.46,9.197,-36.717,-42.537
40.973,-62.503,-50.625,-36.705,-16.435,-33.814,-22.261,-8.471,11.441,19.883,-25.786,-31.41
37.794,-127.167,-35.088,-45.987,-6.874,-37.279,33.973,-2.638,30.612,-5.594,-15.655,-12.948
45.515,-31.053,-12.199,-151.261,41.49,4.624,34.338,39.865,15.307,-11.87,-2.106,-15.868
47.488,-15.422,-49.757,45.289,32.021,-12.566,19.581,-15.061,5.761,-30.67,-67.542,14.329
50.184,74.737,-52.514,-70.138,45.692,-3.958,-10.68,-24.197,-24.419,4.437,-3.064,-23.562
49.886,11.831,-3.862,-39.603,63.06,-37.471,32.894,44.736,-35.676,-2.451,-7.337,20.068
47.414,44.241,-69.386,-10.425,7.872,-3.573,9.402,-28.353,-8.755,-24.071,-29.309,-11.348
50.983,34.938,-30.141,-1.341,14.03,23.735,0.578,-11.334,2.983,12.518,-17.868,-9.425
50.908,23.845,-0.265,-87.897,37.206,-31.171,14.936,-1.462,-5.586,8.317,5.196,3.049
53.518,54.066,-1.789,28.4,-5.983,-9.671,13.529,1.862,-24.326,-2.822,-34.068,-6.315
50.982,36.63,-4.884,-89.742,23.346,7.817,28.736,1.293,-8.595,-24.045,-3.24,-15.077
52.58,128.745,-67.672,-18.226,21.529,-47.839,-18.254,26.855,-9.967,-14.18,-11.199,-11.496
52.597,77.45,-20.123,-37.241,3.401,-14.964,-46.425,-5.77,-26.265,29.439,-18.593,-44.733
48.562,14.667,-62.402,25.964,0.568,-55.541,-36.152,-0.946,6.608,10.242,-24.343,-16.543
48.259,14.257,-14.309,45.003,-27.461,-66.841,-4.004,-43.576,-7.394,12.242,-27.005,-13.015
42.995,-79.058,-43.886,11.166,-5.73,-71.648,-20.505,-34.695,12.594,21.258,-22.694,-28.36
47.648,-7.37,-32.232,77.341,-20.043,-21.114,-14.772,-20.157,-3.632,1.37,-36.512,-17.849
41.574,-47.117,-34.369,-41.467,10.605,-36.942,37.105,-8.548,-26.881,11.584,-15.467,-25.482
42.51,-45.879,-37.89,-8.961,-26.031,-79.255,-5.854,-18.728,-3.204,23.489,-19.261,-21.398
46.532,25.817,-16.95,-70.861,-4.737,2.432,1.355,34.71,16.398,-13.675,-24.468,-18.483
42.644,-49.014,-58.423,52.056,-20.619,-97.554,-4.17,-58.894,-16.283,43.545,-28.852,-18.229
53.644,80.107,23.61,-11.677,14.498,-6.121,26.16,-7.444,-14.681,10.35,11.193,-31.272
52.979,68.082,20.259,-7.329,7.957,-33.054,3.793,51.903,-14.39,-0.471,-24.005,-29.409
50.283,108.69,-33.252,-40.748,44.345,-16.636,-7.607,16.127,-32.522,56.084,-21.895,-25.82
51.788,59.49,3.13,25.106,6.903,-12.763,25.971,-21.605,-32.359,22.801,-41.688,-10.703
51.907,32.544,-16.162,23.613,-0.483,-2.635,0.601,-1.8,-17.578,-22.392,-18.332,-13.445
50.146,84.247,-69.174,-66.289,50.902,8.269,-0.532,-31.164,26.726,-28.097,-13.417,-25.91
48.841,10.966,-23.605,36.456,-28.362,-36.687,-2.622,-34.707,-19.195,12.755,-27.623,-4.972
52.189,13.288,27.879,-45.324,5.261,4.816,25.138,21.215,-14.368,0.399,12.652,7.355
54.45,53.722,39.794,-16.755,25.128,-32.666,53.158,17.655,-2.744,-9.712,-0.618,10.651
53.693,51.211,9.261,11.407,-5.618,-17.398,12.405,-6.828,-34.627,-3.548,-37.799,-6.552
50.987,14.541,-0.423,-97.577,28.269,6.199,29.89,14.831,-6.938,-24.564,-0.074,-9.192
52.482,139.606,-59.304,-21.899,20.987,-40.699,-12.736,19.63,-16.116,-13.37,-22.486,-4.378
51.231,59.935,-38.045,-3.528,19.174,-6.599,-37.606,-24.065,-27.809,34.776,-42.683,-25.678
49.02,12.894,-4.954,51.609,-28.477,-54.215,-14.07,-37.17,-8.589,7.084,-30.572,-15.49
47.129,5.989,-23.313,39.67,-31.373,30.343,13.997,-13.805,-0.065,-19.524,-23.251,-11.776
42.861,-33.884,-5.211,-36.474,-26.695,-29.38,23.566,0.092,-15.755,8.997,-1.683,-21.982
43.827,-49.075,-20.06,-10.45,-26.374,-58.573,-1.155,-21.643,8.326,18.651,-20.416,-22.554
44.859,-36.051,-19.633,-4.951,-13.698,8.475,13.836,-2.722,28.027,-33.727,-41.743,-19.902
51.185,69.741,-8.924,-31.0,5.378,-8.915,19.651,-34.017,-4.497,12.655,-11.797,-15.937
50.177,47.51,-15.744,25.049,-7.057,-61.606,16.314,27.78,-13.824,1.543,-17.021,-24.228
49.981,44.274,-20.036,-42.043,3.191,-9.427,-7.054,-39.905,-46.816,14.807,-17.308,-18.49
49.36,-11.862,-8.51,11.344,27.633,-15.775,26.811,-10.164,-15.49,-12.439,-38.715,13.044
39.201,3.572,-138.202,162.826,12.743,-66.771,-34.596,-21.97,-8.561,14.866,17.707,11.778
39.622,-13.982,-3.781,-116.694,29.926,134.477,9.479,46.67,1.663,-27.017,-85.503,22.125
56.121,89.17,58.19,31.151,45.447,-41.918,-3.993,25.233,-25.282,49.771,-28.877,-13.875
52.765,65.849,-3.925,-9.166,56.84,-31.998,-36.026,-24.542,-25.014,41.074,-4.936,-8.598
54.145,44.449,11.907,-44.356,14.452,-14.256,-50.268,12.459,-24.751,-4.154,-8.569,-12.656
55.447,46.506,14.752,-38.218,12.703,-22.318,-49.421,2.494,-34.961,3.369,6.315,-30.08
57.079,56.566,-12.295,-26.822,-7.162,-8.964,-11.632,-2.352,-9.381,-1.312,-33.721,-12.745
52.851,9.869,12.839,-2.362,-10.613,-20.224,20.742,18.222,-5.667,2.507,-23.392,-4.645
52.444,48.933,57.274,-59.062,48.736,-7.892,19.21,-5.794,-17.31,1.516,2.279,-24.928
56.304,91.42,-35.676,27.908,16.842,-22.223,-3.952,-18.799,-1.118,-21.056,-4.646,-0.806
52.741,30.407,44.921,-0.253,51.957,-63.132,23.795,6.887,7.28,9.292,-6.427,4.686
53.531,50.466,29.205,9.125,35.632,-10.274,-1.505,-11.811,-3.73,-24.018,-12.739,-2.365
50.816,-10.526,-41.578,2.145,11.494,9.864,-7.636,18.044,1.167,-23.496,-9.746,-0.915
52.977,132.192,-21.029,-85.53,39.714,8.638,-55.832,-29.617,-19.305,15.207,21.224,-33.582
56.54,71.995,-25.727,19.325,-0.905,-36.339,-26.4,-27.339,-11.162,-1.274,-24.969,-10.846
52.277,86.532,15.027,-6.879,28.674,-13.862,-17.696,44.098,-32.967,17.399,-19.138,-6.825
51.716,48.06,-65.043,66.134,4.936,-76.016,-21.543,-29.605,-51.728,16.022,-25.84,5.439
50.245,39.342,17.361,-22.478,71.499,4.757,10.004,-41.627,-61.495,26.131,-9.785,-14.742
52.921,-9.591,-36.904,-3.224,-6.154,-62.283,-5.404,-2.81,-30.026,12.131,19.579,-17.256
51.379,26.174,-12.821,12.254,11.216,-10.611,-21.524,10.12,12.899,-7.186,-37.866,-15.111
50.187,156.989,-17.682,-74.824,16.859,24.154,-19.486,-54.244,22.223,-55.434,-7.535,-21.506
55.104,70.99,-19.711,7.713,25.594,4.817,0.662,-24.582,6.512,-19.317,9.121,-1.019
52.566,60.619,-10.356,67.577,-10.713,-51.897,-31.835,-18.247,-25.769,15.909,-48.542,-2.156
50.124,42.106,-7.917,-29.769,30.312,66.493,22.842,-4.721,-15.739,22.448,37.332,-23.836
49.326,105.065,-45.649,-28.985,55.429,-5.641,0.032,-73.582,-42.544,-4.694,-40.106,1.438
52.719,97.324,-13.478,-41.121,1.597,29.093,-17.377,2.098,-12.192,-7.636,-18.057,-1.087
51.619,82.426,-20.906,-7.569,37.736,-15.262,-5.49,-50.66,-14.473,-4.405,-17.029,-2.84
53.676,73.455,-22.939,27.343,-21.11,-61.912,-43.859,-14.617,-35.383,24.182,-6.164,-8.513
53.901,79.713,45.111,-39.38,14.841,4.062,-66.145,-1.503,-28.183,-7.424,-0.738,-23.405
54.526,30.745,-29.311,30.882,-5.949,-43.622,-12.007,-3.594,-6.213,-2.644,-31.895,-1.362
51.018,54.985,47.742,-104.492,43.813,10.933,25.105,2.901,-20.625,-9.07,-5.861,-29.314
56.406,102.678,-46.456,2.123,7.688,-43.086,-24.471,-12.568,-7.191,-20.912,-30.173,-4.677
52.191,3.591,39.221,-33.139,44.858,-44.293,11.774,18.661,0.992,1.342,-2.171,-7.809
53.842,59.928,4.166,35.069,4.072,-71.944,-7.356,-33.831,-31.475,19.777,-6.566,-4.253
52.293,11.422,-44.607,20.96,-10.785,-54.234,-26.322,-3.261,-17.287,1.431,-20.624,-1.404
50.545,138.209,-27.525,-108.375,44.349,41.077,-16.333,-11.63,-18.202,-34.093,24.583,-29.156
55.335,100.386,-6.569,-17.079,-20.116,3.062,-53.84,-32.869,-8.573,11.376,-30.654,-19.413
51.903,88.755,24.334,-11.131,25.118,-27.881,-7.859,39.619,-36.053,8.206,-20.884,-6.575
52.12,57.277,-58.038,59.771,2.161,-76.213,-19.172,-24.988,-59.801,16.596,-30.218,5.955
50.359,70.673,12.618,-48.083,75.456,12.876,11.471,-56.096,-53.019,20.792,-18.548,-14.206
53.304,23.306,-19.179,-4.893,-6.786,-56.911,-24.92,7.589,-6.245,7.758,-14.093,-4.435
51.075,247.765,-52.302,-71.322,16.51,-22.543,-60.223,6.083,28.837,-19.601,11.726,-9.138
53.068,65.004,15.738,-6.95,12.769,-45.71,-67.769,-33.533,-34.347,47.784,-11.947,5.224
56.46,85.659,-30.985,16.427,-0.571,-20.081,-19.2,-29.72,-10.765,-12.234,-30.454,2.984
53.085,38.219,67.734,-10.721,64.179,-46.238,15.246,-6.99,11.35,17.684,2.474,3.685
52.978,64.756,-7.035,47.704,-2.692,-70.282,-35.873,-12.323,-23.876,18.383,-33.922,-4.47
51.388,46.277,-19.295,-12.267,34.034,41.036,9.218,-1.672,-26.197,35.186,16.242,-14.893
49.151,91.091,-43.762,-2.93,40.846,-10.491,-13.922,-61.328,-34.651,27.05,-30.04,5.501
53.29,54.849,-44.829,18.485,-21.466,-90.108,-26.598,-23.281,-14.924,21.026,-6.531,9.55
53.687,36.773,-39.252,12.557,9.981,-11.35,-9.62,-18.415,-12.111,-3.33,-38.691,-5.166
51.059,3.276,41.064,-44.771,77.81,-42.788,11.801,38.968,14.568,-1.238,-1.861,-28.941
54.92,87.432,42.93,-5.463,60.523,3.493,-3.638,10.396,20.168,-30.4,1.088,-14.904
54.143,11.466,-37.998,5.623,15.651,-72.58,11.063,-17.688,2.73,0.022,-6.273,-5.493
51.272,4.46,18.017,3.52,25.366,-39.662,31.4,23.258,-10.095,-12.818,-22.888,-3.422
56.216,90.335,-28.447,-10.558,21.836,-50.815,-7.861,-4.442,-13.65,7.354,-5.45,-1.33
52.562,51.609,-37.605,86.09,12.531,-37.772,-3.763,-26.725,-10.578,6.376,5.322,4.113
50.891,77.101,-1.619,-35.943,96.263,-18.055,-26.942,-21.439,-10.173,0.01,-6.917,14.352
52.17,12.784,-50.91,-0.173,-8.232,-73.511,-21.037,-1.13,2.168,9.17,-4.662,1.038
51.047,33.102,-12.527,-35.538,38.157,-10.086,-30.452,-4.356,26.237,-10.156,-27.693,-12.61
52.154,52.4,-10.268,-64.128,34.178,60.857,6.985,8.443,14.557,-33.285,-17.659,2.264
52.78,47.113,-10.104,-33.795,67.562,-48.967,-38.046,-0.168,-5.202,3.177,1.983,3.094
51.855,35.292,-30.681,20.029,69.082,-11.255,-30.248,-17.903,-11.473,-12.635,-49.723,12.166
51.141,42.855,-18.326,-23.84,87.275,2.853,-12.825,-2.864,-10.011,13.595,2.308,5.522
50.562,2.325,-34.521,-21.051,98.883,-54.728,-34.877,-15.565,-23.388,15.235,3.599,3.185
53.831,45.04,-11.59,-57.393,54.592,2.994,-19.791,-1.511,-3.807,-16.586,-27.641,8.652
53.618,25.326,61.31,-3.816,78.282,-58.765,18.553,1.896,21.685,11.381,3.264,6.197
55.173,45.204,-18.474,7.99,-3.171,-87.562,-10.076,-27.373,-27.423,26.914,-14.054,-4.71
51.51,39.751,27.481,53.445,15.765,-1.59,-25.66,0.153,-4.998,-20.64,-54.825,-32.877
53.836,32.551,-26.541,-4.853,28.389,-44.405,-11.163,0.996,-16.848,19.217,6.255,-8.631
54.506,89.049,-8.81,-44.974,47.986,2.427,-31.425,-34.416,-22.583,22.033,-15.238,-12.449
52.415,55.869,48.314,-11.477,69.023,-41.52,9.575,14.607,-5.77,6.366,-13.726,-1.437
54.256,29.699,-5.194,22.045,34.932,-42.431,12.192,-0.69,5.381,2.37,15.54,-12.643
56.182,93.482,-35.056,-12.918,21.965,-17.922,-3.56,0.633,-16.504,11.588,2.588,3.342
54.352,76.531,-13.02,-51.818,90.405,-42.737,-4.696,-0.101,-6.596,5.261,-15.821,-34.445
53.607,62.38,-2.291,11.885,65.885,-17.847,-14.971,5.908,-1.853,4.414,-60.103,1.302
51.297,84.545,7.847,-47.781,94.647,-16.275,-15.034,-19.601,-10.859,8.538,-4.116,19.616
53.122,15.15,-39.559,-1.332,-4.552,-87.883,-30.985,-0.93,-3.288,6.64,8.485,-6.653
53.16,41.376,-7.254,-44.951,54.093,-39.514,-33.298,-5.971,32.879,1.469,-7.866,-5.055
51.739,58.561,-2.78,35.301,56.818,-60.083,-27.612,7.714,-8.484,6.137,-4.957,-7.065
51.329,94.488,-12.835,-69.855,67.356,-12.138,16.273,-43.236,-2.128,-1.794,-34.444,2.947
52.492,33.924,-29.413,-33.28,78.778,-61.656,-49.962,-2.125,-0.724,-4.999,5.834,10.987
52.678,38.374,-33.172,-1.699,79.896,-10.28,-29.274,-7.204,-8.131,-6.33,-51.771,16.573
51.147,100.146,15.977,-37.302,90.291,-17.76,-8.349,-39.876,-8.551,-5.493,-14.579,13.665
52.865,43.904,-48.767,10.82,49.269,-21.684,-16.176,8.541,-2.677,0.808,6.582,2.94
50.321,16.319,-24.425,-31.135,93.166,-37.514,-24.03,-15.248,-15.59,-4.32,7.04,12.177
54.422,58.013,-5.344,-67.361,51.202,11.432,-21.163,14.595,4.022,-20.593,-28.936,0.879
55.375,95.739,44.293,-26.456,86.941,-40.992,28.292,4.14,13.413,3.039,-0.885,-12.171
54.368,71.021,-37.474,4.362,8.392,-102.629,-0.315,-10.976,-29.993,12.412,-10.561,6.557
51.901,62.543,26.301,32.38,24.039,-8.058,-10.956,2.423,-19.562,-10.839,-46.889,-42.7
54.972,63.303,-17.163,-22.079,12.083,1.123,-2.471,1.155,2.194,-7.373,44.728,-22.597
56.566,102.105,37.771,36.891,28.102,-17.612,-9.252,5.026,-25.027,-17.872,-16.979,-9.249
56.793,77.599,-9.751,-2.61,0.126,-35.797,-16.771,-10.04,-20.17,12.674,-1.265,3.124
55.732,95.654,-33.694,-38.734,-1.257,-36.485,-21.636,2.237,-17.638,-16.925,-7.409,-6.34
56.39,98.75,-17.902,-24.738,-1.707,-58.843,-27.359,1.854,-14.43,17.231,-4.155,-6.336
56.229,128.079,-4.141,-48.492,16.516,-28.592,-39.004,9.042,-2.781,-3.799,-0.74,-13.396
56.952,93.469,-3.139,0.553,14.475,-16.604,-9.585,-49.313,-2.898,7.686,-34.079,-1.585
52.221,22.893,-6.487,41.992,4.998,-21.996,12.85,2.936,-23.353,-18.653,-47.893,-0.833
54.894,51.564,54.717,-9.146,61.204,-10.133,2.286,4.816,-13.917,22.806,-0.781,-23.859
56.284,94.347,-38.149,-4.482,5.904,-47.579,-3.113,-28.368,-5.306,-28.581,-25.441,-0.786
54.14,47.629,50.244,-2.239,80.435,-72.167,20.72,-4.588,5.305,19.696,-2.12,4.181
54.445,58.438,14.692,23.265,9.396,-67.99,-13.359,-38.664,-28.115,8.975,-11.528,-9.689
51.572,8.306,-48.985,8.169,17.853,8.306,-8.942,10.202,-7.222,-19.2,10.609,-6.467
52.759,147.913,-17.359,-72.647,43.446,10.322,-47.018,1.494,-11.338,9.942,14.891,-30.227
56.484,128.278,-4.45,-38.13,-11.625,-7.992,-57.043,-2.218,-3.836,19.096,-16.369,-13.989
54.702,52.244,-7.642,5.328,-16.598,-19.418,-5.794,-39.826,-11.832,2.066,-31.31,-25.412
53.193,90.282,25.235,-2.803,38.948,-40.882,-1.783,20.388,-48.573,30.583,-20.734,-10.963
53.06,65.64,-50.956,58.261,12.47,-36.421,-19.864,-33.218,-46.394,13.959,-13.067,-2.416
51.195,39.735,30.182,-23.529,67.93,9.944,20.349,-31.076,-53.427,-1.496,-6.322,-15.157
53.027,15.427,-26.599,-3.701,-0.651,-71.223,-21.661,17.822,-13.65,9.88,-25.78,-11.812
51.525,129.577,-8.103,-54.751,37.695,25.529,-10.034,-70.595,10.883,-35.54,-16.214,-14.365
56.577,83.063,-34.457,5.354,10.7,-40.966,-7.432,-28.517,-3.18,-4.14,-27.639,6.05
53.81,39.602,54.071,5.921,73.983,-67.092,10.325,-15.352,0.361,31.103,-7.66,-1.281
52.847,60.055,-7.94,71.256,11.035,-40.303,-25.437,-26.055,-15.299,3.844,-47.883,-8.914
53.324,33.723,-20.126,8.329,6.817,-6.027,11.98,-14.755,-25.735,38.855,31.163,-15.115
51.456,45.761,-37.182,21.068,53.677,-68.1,5.968,39.977,-25.781,19.279,-21.737,-10.321
50.689,86.579,-36.77,-23.207,65.141,16.861,4.108,-60.121,-38.847,18.845,-34.332,3.817
53.436,87.618,-8.955,-51.455,4.418,31.826,-8.526,17.748,4.22,-17.214,-10.493,-10.393
53.237,61.999,-49.576,-18.809,-6.016,-75.1,-21.215,48.58,-25.235,-2.257,-7.607,-7.748
52.932,79.019,-12.225,2.493,50.667,-30.73,-21.389,-53.648,-21.048,20.782,-23.258,-4.254
53.978,64.491,-26.167,24.963,-4.777,-44.24,-35.471,-20.823,-30.735,10.447,0.215,-12.192
54.001,92.942,58.174,-21.55,11.753,-7.655,-45.138,10.887,-16.306,-8.134,-1.649,-21.303
54.262,34.446,-24.907,26.741,2.86,-49.672,-2.93,11.496,-11.459,3.727,-45.884,-5.24
53.744,58.329,48.089,-36.171,55.028,20.715,13.329,-4.356,-20.784,20.966,24.283,-29.697
56.304,103.225,-43.999,-12.923,0.219,-51.348,-20.111,-15.485,-5.553,-24.875,-23.867,-1.745
53.176,14.172,34.684,-33.332,51.237,-35.749,22.963,13.626,-1.847,0.001,-6.977,-9.815
54.466,58.203,10.641,27.459,6.642,-65.698,-11.883,-44.234,-31.372,5.883,-14.312,-6.068
52.942,20.678,-46.313,-8.967,1.047,-84.444,-9.489,8.627,-30.881,8.023,-11.54,-14.185
48.667,17.097,-54.745,53.457,21.566,-42.003,-8.171,-26.759,-23.208,-2.245,-17.372,1.422
51.546,123.785,-2.12,-103.936,39.165,36.057,-16.67,-3.13,-3.269,-33.432,39.833,-39.668
56.567,83.513,-15.411,4.745,-13.147,-30.236,-23.472,-26.624,-9.102,11.624,-13.568,-10.352
54.002,95.729,26.066,2.918,42.284,-26.575,-6.009,17.254,-41.948,19.741,-9.758,-7.662
52.803,54.316,-49.552,52.939,10.327,-71.025,-20.732,-23.492,-51.969,5.912,-30.988,0.999
51.328,56.461,20.048,-33.81,74.342,3.113,18.5,-41.026,-54.21,9.838,-13.884,-6.588
53.273,23.179,-21.322,-13.527,-2.379,-55.385,-14.677,18.632,-18.967,10.403,-6.38,-13.205
51.908,174.797,-15.678,-68.182,32.657,2.305,-15.547,-82.691,21.452,-19.382,-3.655,0.489
57.146,90.269,-25.988,9.684,2.728,-39.826,-14.101,-25.653,-8.729,-15.627,-24.683,6.581
54.01,45.4,53.72,6.315,78.425,-48.258,26.231,-24.531,-0.426,16.412,9.494,-7.201
53.618,71.323,-2.184,55.004,8.016,-60.982,-28.078,-13.618,-14.599,8.826,-31.943,-14.98
50.956,52.089,-2.575,-29.09,44.379,51.423,24.377,3.79,-23.192,14.563,-0.243,-23.356
51.234,76.913,-27.363,5.5,61.047,-28.091,-15.879,-55.939,-26.157,15.42,-25.558,6.586
55.923,68.189,-25.248,13.024,-4.874,-30.097,-6.918,-24.758,-14.967,8.073,-25.861,3.804
51.679,21.805,32.614,-45.297,69.541,-31.24,30.34,29.197,10.652,-27.849,-13.711,-17.061
54.881,92.728,25.796,20.013,44.29,-18.327,-10.251,-3.168,1.98,-3.678,16.503,-9.337
53.441,12.283,-42.504,17.647,9.182,-78.825,3.163,-27.987,0.803,10.053,-4.999,-7.315
52.447,25.615,11.853,-13.417,59.721,-32.522,29.817,25.204,22.523,-13.999,-14.608,-24.409
54.645,115.952,-12.143,-37.699,40.999,1.403,9.814,-22.988,-21.162,10.695,-23.03,0.733
54.303,65.381,-4.535,-52.89,94.49,-43.59,3.9,-3.251,-4.592,4.111,-10.18,-29.589
52.965,61.833,-44.968,45.345,10.559,-90.168,-8.08,-11.577,-12.003,12.841,-17.587,4.815
50.531,67.418,13.262,-38.195,88.981,-19.263,-14.54,-10.431,-15.347,-1.824,-5.801,16.519
52.725,4.289,-48.88,4.964,0.441,-100.013,-38.25,-17.969,-0.92,18.409,2.046,-10.134
52.425,56.673,-11.943,-54.627,43.234,-25.099,-31.219,-5.29,26.957,-5.527,-1.34,-17.667
50.882,63.491,-8.473,41.744,65.128,-61.045,-23.778,16.985,0.628,10.906,-8.083,-5.553
51.358,107.481,-10.408,-77.703,60.391,-1.799,15.174,-42.633,-11.183,-0.326,-38.062,1.74
53.542,43.356,-8.605,-60.2,67.795,-7.374,-42.177,5.099,-2.804,-18.0,-12.389,8.278
53.461,48.519,-24.455,-10.176,67.714,-10.482,-38.669,-12.074,-13.04,-9.83,-45.084,10.78
50.031,82.345,20.222,-53.784,71.695,-5.293,-2.195,-23.519,-10.871,-23.617,4.024,3.527
53.402,39.392,-42.142,-5.008,18.85,-64.535,-23.288,14.266,-7.791,17.808,-2.428,6.707
50.475,23.494,-3.834,-61.302,75.887,-22.868,-21.383,-7.264,-18.786,-11.751,-10.263,-1.978
57.258,78.828,-8.718,-13.302,25.926,-57.142,-14.449,-13.083,-7.086,14.338,3.88,0.959
55.733,91.983,20.55,10.526,16.015,-56.716,-20.502,-9.514,-21.884,9.165,-17.999,-11.774
54.21,30.945,-17.101,-16.879,-17.415,-64.716,2.973,-14.818,-13.674,10.232,0.218,-20.49
54.293,34.302,19.69,-3.221,42.267,-36.464,30.493,23.762,-20.955,2.723,-23.922,-7.571
54.633,120.467,-9.933,-79.047,62.627,-17.559,-15.062,-29.295,-27.111,13.492,-15.826,-1.598
55.384,50.328,6.138,11.662,12.139,-58.247,3.984,-0.555,-12.462,8.959,-7.795,-12.501
54.635,69.235,5.372,31.765,27.066,-73.99,-9.446,-12.473,-7.955,11.784,-12.901,-6.412
50.732,37.463,41.355,-44.695,67.051,-22.856,14.665,-10.674,-13.075,29.547,-39.463,-4.405
52.732,49.202,10.912,4.483,56.877,-66.149,17.854,4.252,10.031,11.099,-2.604,-19.385
56.041,91.857,-29.499,-9.719,26.751,-7.544,-2.132,-5.454,-21.114,10.287,5.515,3.612
54.305,66.606,-7.339,-51.098,90.771,-37.981,13.813,4.758,-6.644,-0.327,-15.984,-20.503
54.511,62.496,-6.079,17.18,52.367,-2.042,-7.425,13.039,1.153,-18.17,-51.755,2.036
50.186,70.668,14.675,-46.208,75.872,-24.17,-3.369,-12.989,-16.339,-6.033,-2.757,15.227
52.669,16.214,-50.054,-12.681,3.645,-93.047,-42.982,-14.061,4.418,17.527,-0.499,-15.8
52.273,63.649,-11.562,-21.547,55.371,-47.445,-25.531,-7.528,12.702,20.632,-26.677,-6.346
52.628,95.766,-15.085,-47.618,53.355,9.42,16.791,-36.445,-18.448,10.369,-39.545,5.912
52.252,39.692,-15.861,-76.096,65.162,-31.439,-38.088,7.68,0.922,2.255,-0.42,10.418
53.53,47.01,-43.445,62.755,36.1,-20.93,-24.601,-28.051,-7.074,-3.472,-13.405,2.708
49.845,87.702,22.208,-54.806,72.31,-7.673,1.892,-21.527,-10.298,-24.963,-1.223,4.309
53.343,52.396,-36.285,-4.694,42.78,-31.389,-14.629,12.952,-11.632,11.095,14.235,7.092
49.87,30.578,-4.553,-66.742,75.881,-28.604,-17.314,-14.323,-10.858,-7.068,-10.645,-3.872
57.51,93.442,-7.142,-9.398,23.217,-37.658,-12.955,-24.784,-1.623,-3.105,3.967,-7.89
55.777,66.793,-23.82,0.916,25.252,-85.503,-0.604,-11.491,-14.88,8.952,-4.465,5.009
54.745,92.738,41.664,13.166,20.21,-18.941,-16.547,6.03,-20.976,-5.415,-19.408,-45.679
56.426,68.616,5.899,-28.628,8.628,-43.163,5.559,-8.093,-6.75,-10.746,8.566,-19.88
56.804,111.153,35.207,20.281,34.925,-37.594,-6.808,23.56,-31.095,-5.751,-16.204,-18.314
56.2,78.359,-18.639,-2.287,-12.398,-43.053,-18.792,-12.207,-19.243,7.992,-21.286,0.984
54.606,89.848,-29.685,-5.281,-9.007,-12.076,-6.287,6.273,-11.383,-11.688,-14.643,-10.008
52.543,78.366,-11.472,-28.394,9.384,34.572,7.593,-1.342,-2.217,-1.167,-6.611,-8.647
49.699,-17.419,-52.994,76.262,-18.459,-80.321,-40.842,-16.216,-7.477,11.452,-14.616,-0.965
47.661,79.225,29.594,-92.407,86.423,3.173,20.937,-41.851,-20.666,-21.939,-8.059,-9.664
51.399,38.68,3.633,-5.071,47.266,-3.269,-19.591,14.932,-17.681,-6.513,-22.139,-2.718
47.819,198.514,-97.303,-41.084,68.703,-39.399,-40.812,0.841,1.357,-23.299,-27.084,21.268
46.597,45.585,-120.158,109.758,28.415,-96.37,-42.604,33.204,-24.18,18.265,-22.396,14.385
50.068,22.986,-55.46,36.26,24.732,44.162,-25.348,17.2,-10.936,28.435,55.774,-13.034
51.304,17.296,-49.328,42.277,-17.263,-7.727,-15.635,-18.966,-24.206,30.478,24.743,-0.903
47.986,61.299,-61.035,5.307,66.275,-14.117,-22.623,-61.51,-27.114,19.771,-59.36,0.348
47.033,77.789,-50.719,-55.455,63.45,71.224,7.68,-71.44,-22.768,4.417,-10.341,-2.286
51.586,-2.371,-25.021,33.673,1.099,-60.146,-50.454,7.176,-10.135,-8.42,-38.882,-4.876
50.992,-44.687,-51.398,66.876,-16.034,-70.476,-23.424,-58.034,-29.478,25.148,-17.58,-8.805
48.928,55.978,-92.614,-34.982,100.949,-45.798,-34.141,-56.527,-0.907,-16.417,6.394,-9.306
48.172,17.392,-31.225,64.267,-0.385,-13.765,-74.039,-5.508,-20.803,-11.923,-31.891,-12.846
44.314,27.323,-98.667,52.869,15.353,105.24,-6.014,-6.444,-16.05,-8.178,-42.28,-6.629
42.729,331.527,-54.216,-87.508,39.097,0.255,-41.979,13.392,16.801,-27.681,24.093,-2.095
51.853,123.441,-34.676,-19.444,24.962,34.862,-20.629,-61.817,-35.324,116.082,-16.707,5.863
50.918,28.144,30.009,-20.766,27.432,-22.229,-31.154,18.85,-8.703,-5.639,-13.318,-31.122
52.079,73.267,-90.443,-5.331,27.899,-72.556,-50.643,69.958,-11.825,-16.278,-3.084,-4.552
49.898,32.771,-10.981,-21.044,71.25,-36.451,0.826,-38.354,-20.054,44.23,-8.782,14.345
48.714,31.692,-36.474,61.03,68.911,3.876,-19.471,14.183,8.349,-16.485,-56.239,19.882
48.882,-21.365,-67.129,72.945,-7.639,-97.074,-53.335,10.199,-24.17,19.639,-9.386,-6.352
41.812,79.589,-48.436,-15.133,-2.063,-46.603,-35.941,-1.576,-29.943,-10.959,0.183,2.328
51.71,-3.456,-44.859,35.969,-13.993,-62.548,-45.814,-11.159,-10.751,25.786,-5.431,-15.732
48.158,51.63,-70.066,-38.427,65.207,-28.808,-32.316,66.469,-20.568,2.892,-9.251,-5.396
49.891,32.692,-69.867,29.771,34.849,15.026,-2.103,-53.855,-29.987,70.319,-3.449,15.523
46.793,-30.256,-15.77,-79.352,52.666,-34.072,-34.537,-6.109,-4.622,-1.152,5.77,5.792
52.638,31.409,-32.787,8.63,6.836,-71.428,-42.891,23.399,-21.756,-7.859,13.018,-7.081
49.583,56.029,-15.791,-48.694,29.31,-32.561,-74.513,-12.882,-15.629,-11.287,3.387,-34.091
51.645,-32.562,-55.051,49.889,8.176,-53.13,-42.41,-38.617,-11.3,18.12,-23.96,-3.463
49.508,1.498,8.826,-56.606,85.908,-15.098,-12.307,25.046,11.952,-3.25,2.646,9.943
47.229,37.912,-95.808,111.441,35.931,-78.63,-38.218,2.118,-18.867,25.762,-26.094,12.201
47.502,-6.366,-68.467,92.554,33.655,59.193,-18.285,-41.43,-30.225,58.467,9.371,-5.226
49.14,57.322,67.155,-57.167,68.269,58.011,-10.349,-40.447,-8.615,17.454,36.347,-13.746
51.988,-27.867,-44.963,58.423,9.779,-63.999,-17.398,-33.701,-2.302,10.953,-37.43,3.588
48.0,-3.465,-0.742,-50.112,77.733,-27.597,-0.923,29.232,15.613,-28.841,16.014,2.257
49.609,47.294,-1.669,-28.176,54.994,-34.297,-2.774,6.2,-26.754,-1.945,-4.842,-5.237
46.538,32.192,-114.062,134.523,13.251,-82.647,-28.825,-22.46,-16.172,0.474,-38.188,12.898
47.733,123.296,27.179,-79.516,36.671,37.015,1.437,-94.458,-18.411,24.569,-28.502,-12.364
51.947,23.943,69.771,-2.82,57.067,-34.032,-12.014,4.701,25.197,-6.522,11.214,-15.528
51.59,26.147,-65.91,36.738,25.323,-68.489,-28.94,-4.141,-3.969,-24.426,-14.507,-2.106
44.192,-4.88,-121.573,151.428,4.975,-109.449,-35.89,-2.267,-17.234,16.736,-37.627,15.374
42.756,33.129,-11.109,-85.159,48.8,124.665,11.506,2.108,-7.298,10.622,-48.285,-6.059
47.025,62.348,87.21,-59.416,81.193,41.575,15.861,37.724,5.004,-13.641,18.778,7.075
53.169,40.987,-45.676,23.578,-2.744,-69.007,-23.17,-35.164,-41.578,-14.103,-8.99,-19.968
48.348,20.216,-30.853,25.834,25.301,-56.753,-50.692,-29.784,-27.954,-6.845,-9.861,0.189
47.288,203.391,-110.539,-46.864,66.536,-43.266,-20.363,20.023,-34.766,-31.301,-2.703,-6.397
51.361,24.292,-31.007,42.311,10.617,-56.858,-21.403,-6.033,-16.739,30.209,1.923,15.26
53.676,36.565,-10.91,-6.008,5.742,-67.41,-54.652,13.213,-1.101,14.903,10.476,-5.962
52.014,65.914,11.709,-36.53,38.466,-31.575,-75.132,-19.712,-26.576,-17.394,0.619,-32.312
51.986,43.104,-44.181,41.663,22.093,-10.052,-46.623,-9.927,-24.506,0.144,-26.767,-10.034
49.05,58.063,-79.198,43.25,35.626,16.928,-29.133,-56.769,-36.266,58.055,-4.014,-0.247
52.429,-8.638,-35.821,47.153,19.522,17.931,-4.139,-30.69,-24.143,17.819,3.894,-4.372
46.617,101.997,-71.442,-52.737,115.071,-54.744,-28.401,-36.306,-27.156,-61.991,7.372,-7.838
45.578,69.115,-22.112,-12.843,81.036,-85.925,-47.42,32.31,-24.882,-21.979,26.664,-4.019
52.83,4.919,-56.557,37.86,13.894,-60.02,-29.697,-18.656,-27.999,5.043,-27.816,-18.673
50.113,51.597,-31.393,4.831,30.852,-9.522,-61.402,-2.763,-3.167,-23.007,1.186,-15.802
47.876,177.767,-118.175,-19.965,70.801,-40.449,-26.742,35.641,-18.295,-21.696,8.295,2.313
49.259,122.012,-89.492,-23.146,65.156,19.836,-30.141,-7.547,-36.051,54.721,-28.683,1.304
53.093,84.339,-18.349,-26.265,54.709,39.43,11.957,-32.122,-32.596,75.269,25.959,-9.18
51.123,49.229,56.635,-7.756,83.482,-28.312,7.185,9.092,-5.841,-0.731,-4.19,-15.157
52.26,-4.705,-61.664,55.894,0.39,-58.119,-31.346,-40.212,-5.536,-5.554,-20.089,-9.408
51.557,16.301,-6.764,-18.655,66.784,-12.029,-9.172,-23.925,-32.405,29.1,-13.743,-8.243
51.797,9.656,31.47,-37.19,57.294,-23.123,0.213,-6.329,22.469,-7.625,-21.025,25.112
52.256,42.48,70.077,-12.36,38.238,-25.033,-2.894,-13.032,-38.439,-17.914,-10.503,8.799
49.313,-41.389,-62.022,64.766,7.085,-83.622,-43.343,-17.5,-29.683,6.954,-36.988,-4.501
39.663,-35.967,-19.536,-29.636,1.726,-3.339,-41.247,-22.53,-9.134,-36.049,-17.543,-2.728
50.109,-17.213,-43.036,53.442,-3.972,32.955,-29.028,-25.217,-11.013,16.613,47.896,-26.09
39.741,-43.506,-43.994,-10.354,-23.945,-20.542,-38.479,-3.864,-8.052,-36.216,-31.578,-1.397
45.159,11.408,-93.246,162.973,-19.92,-68.339,-46.345,-31.625,-18.579,19.164,-31.516,10.196
46.301,-40.517,-87.704,141.234,-4.114,-15.344,-34.988,-38.344,-10.067,34.127,19.941,-0.276
43.169,2.509,31.74,21.754,69.726,-58.265,-9.556,17.906,-1.8,20.413,13.891,22.702
50.854,7.264,-42.371,71.82,3.12,-69.81,-39.067,16.189,-23.174,14.516,-17.258,-6.913
45.709,21.687,-110.785,169.97,-2.145,-19.118,-38.108,-1.393,-16.705,1.806,-23.986,-8.112
46.213,55.321,82.219,-155.525,44.619,156.602,21.007,14.895,-19.167,-14.284,-9.401,-15.912
51.462,67.962,52.314,-18.999,98.19,-50.677,-37.101,37.354,-18.65,8.446,1.674,-23.425
53.427,74.84,-56.739,0.63,40.299,-66.984,-21.212,-13.38,-24.593,-19.945,-14.93,-12.904
48.454,184.975,-56.93,-61.881,46.25,-33.457,-18.534,37.411,-24.594,-23.141,10.69,-9.594
53.281,46.656,1.344,24.665,33.225,-19.281,-13.847,-0.433,-38.3,25.268,-42.325,17.878
51.715,12.16,-41.444,46.125,-4.577,-2.179,-9.766,-11.199,-31.442,8.898,-6.424,-15.922
46.561,191.402,-53.746,-92.736,39.341,-5.402,-55.187,17.737,35.222,-61.925,21.82,-0.169
48.043,29.177,1.499,60.672,36.418,-17.12,-55.741,-6.117,-37.559,-8.471,-28.88,-13.016
52.211,-0.137,-38.725,23.425,-24.069,-38.49,-31.763,-13.769,-15.641,1.592,-2.393,-7.263
51.366,2.926,37.485,-78.662,37.168,-9.343,-0.974,22.328,-29.065,-28.896,1.744,-1.77
55.249,90.867,34.983,0.972,36.787,-28.421,-8.604,3.617,-31.336,-0.911,22.725,21.612
53.404,54.442,6.181,68.673,-21.175,-18.805,0.667,-10.845,-29.564,0.039,-43.428,1.102
46.989,11.967,-7.926,-137.459,14.257,1.484,0.081,90.666,7.782,-12.542,-20.489,0.097
51.11,75.446,-19.284,-32.031,3.418,-23.274,-36.988,-30.695,-31.706,39.462,-12.422,-30.596
47.781,-25.69,-64.836,62.953,11.928,-29.134,-41.582,-24.049,13.521,-11.773,-47.044,-31.763
41.196,-77.92,-20.774,-39.602,4.033,-36.383,15.47,-7.215,29.969,4.485,-0.553,-18.015
45.158,-42.727,-55.971,26.44,6.378,-3.201,-20.581,-31.653,5.994,-7.241,-38.99,-22.752
50.774,75.877,1.207,-60.68,10.491,4.848,20.474,-40.43,3.066,-15.987,-7.868,-25.228
52.888,24.347,15.508,-26.299,44.61,-33.597,32.041,15.912,-22.766,1.731,-14.214,11.262
50.943,32.882,-30.864,-41.323,51.407,-15.01,15.523,-38.279,-22.058,-6.218,-6.419,-9.836
48.498,-22.896,-21.867,48.187,33.988,-41.923,21.516,19.822,-27.409,-5.049,-35.907,7.058
47.351,30.232,-36.111,-55.848,7.197,-9.872,2.744,-21.714,-3.989,-6.195,-24.83,-39.18
49.052,-4.95,-13.019,-99.882,27.161,-33.551,-12.501,66.449,-3.368,-4.567,-27.386,-32.275
50.959,11.01,1.395,-95.964,29.041,-14.369,17.304,0.245,-16.665,-2.097,-5.624,-2.263
54.094,34.204,4.841,-5.038,60.735,-54.452,36.851,8.319,-6.15,2.209,-14.85,2.556
53.179,33.586,27.049,-5.145,41.038,-43.127,63.572,13.183,-6.221,2.7,-22.188,22.652
53.2,46.617,11.892,9.338,2.877,-11.89,4.687,-4.034,-31.226,-16.556,-40.966,-29.478
51.673,102.755,-38.526,-59.235,7.629,-13.35,-1.626,19.366,-21.753,0.251,-9.712,-9.178
50.782,72.761,-60.639,-19.072,23.7,-6.303,-33.555,-12.092,-26.697,48.859,-49.127,-25.724
40.437,-106.674,-18.55,-44.017,-13.22,-39.109,0.629,4.062,10.143,21.157,-17.025,-25.231
42.093,-80.279,-23.975,-38.164,-12.862,-43.473,19.434,-6.454,21.753,13.785,-9.183,-22.165
48.46,-9.34,-12.741,-113.062,46.16,1.202,18.624,38.522,17.147,-13.593,-4.712,-12.552
49.545,-10.839,-15.294,7.585,36.911,-19.941,18.39,6.85,1.493,-26.238,-47.583,16.936
49.761,49.269,-28.391,-100.26,54.215,27.261,23.44,-0.327,1.329,-50.891,14.508,-33.21
50.788,10.753,-3.653,-43.268,70.126,-40.226,29.128,44.436,-26.098,-8.937,-3.816,8.298
49.44,52.26,-43.525,-16.25,12.716,-11.309,-3.249,-15.056,-8.325,-23.754,-27.349,-44.003
50.349,18.637,5.062,-71.141,16.937,22.656,7.08,18.506,15.443,-26.163,-26.537,-31.787
48.049,-0.594,-52.512,-72.661,24.83,-12.771,-29.207,7.763,7.906,-13.242,9.483,-11.136
53.296,29.45,21.936,-18.471,23.116,-31.966,28.402,24.19,-6.894,-7.042,-0.963,13.183
52.473,40.59,3.752,18.954,33.53,-24.563,62.329,3.036,-34.394,3.295,-42.915,9.714
53.601,60.764,4.844,15.328,2.423,2.433,17.346,3.788,-29.145,-2.574,-41.822,-9.211
52.73,93.577,-20.809,-55.726,14.558,-13.753,-3.705,4.138,-26.314,13.201,-10.345,-18.043
51.075,52.643,-42.526,-8.736,10.764,-8.062,-45.131,-11.13,-22.712,36.729,-48.441,-28.67
47.249,-0.393,-40.377,45.361,5.177,14.108,23.93,-46.109,-2.28,3.313,-2.124,-20.006
43.726,-85.113,-41.286,17.699,7.86,-42.826,-6.925,-43.392,17.445,12.963,-2.533,-29.564
48.028,-20.324,-30.725,35.915,-0.085,37.69,4.045,-23.115,7.795,-14.541,-12.828,-24.305
43.11,-38.768,-27.78,-47.091,12.427,-40.111,16.82,1.212,5.387,-7.625,-11.998,-30.361
44.402,-39.18,-24.684,-25.076,-21.366,-25.498,12.595,-10.982,19.11,-7.203,-7.152,-19.91
48.024,28.319,-4.561,-76.313,-6.576,5.083,7.622,26.873,14.809,-21.244,-27.507,-18.762
46.167,10.471,-42.891,34.215,-17.37,-8.227,6.315,-51.34,-11.13,-5.369,-70.431,-21.166
51.542,55.718,4.196,-62.11,36.103,68.68,33.245,22.81,2.518,-18.3,25.379,-36.322
51.641,56.831,8.023,-22.811,21.754,-19.932,-10.866,-2.976,-35.95,40.441,-42.283,-30.891
51.054,139.921,-59.197,-35.3,31.415,-48.98,12.635,17.983,2.141,-7.756,-14.89,-27.609
52.394,29.181,12.823,30.505,5.563,-20.835,16.493,-5.248,-13.032,-2.444,-38.813,-16.93
52.457,34.272,-2.659,7.331,22.928,-0.235,9.712,-1.142,-22.826,-30.438,-20.297,-14.205
51.042,69.293,-26.968,-79.641,29.779,-17.265,-26.227,34.307,24.298,-31.503,-6.251,-47.548
51.573,37.34,-31.555,48.518,10.413,-32.996,-8.221,-28.129,-28.242,-1.521,-40.786,-15.873
49.023,13.357,-33.038,22.556,-12.782,-30.655,1.84,-27.515,-21.918,16.911,-16.406,-6.74
53.162,16.733,26.227,-45.354,5.13,-1.235,20.281,18.854,-14.241,-5.919,6.871,9.902
55.355,58.012,18.347,-20.392,29.868,-32.228,24.913,15.202,1.936,6.142,-6.226,8.54
53.764,44.095,-0.167,16.829,9.974,-19.965,6.574,-0.257,-18.012,-2.483,-39.679,-7.609
52.85,74.727,-7.835,-55.809,9.318,-5.69,12.806,-6.556,-24.096,-4.726,-4.029,-4.436
52.501,147.594,-63.773,-18.276,17.944,-45.005,-10.442,11.574,-14.312,-10.505,-25.359,1.665
52.4,69.081,5.116,-57.001,-12.12,-16.861,-40.718,-24.923,-38.152,30.783,-21.019,-34.169
51.827,46.035,-33.181,13.837,-13.136,-11.184,-43.511,-22.8,-16.078,19.86,-49.304,-38.807
45.696,-17.314,-33.777,-47.07,11.746,6.618,13.98,-15.273,-2.921,-11.887,-50.173,-20.178
44.777,-73.924,-0.06,-30.684,-5.272,-25.301,-2.506,8.811,19.696,2.594,-17.634,-26.093
48.446,5.704,-16.702,28.919,-13.523,21.11,7.189,-31.618,-0.069,-14.737,-22.641,-17.375
43.711,-42.603,4.265,-37.142,-8.258,-31.264,28.067,7.323,0.449,-8.427,-2.631,-25.568
44.53,-49.021,-15.599,-8.322,-22.726,-54.049,7.555,-20.63,4.405,16.892,-16.971,-18.425
46.048,-29.014,-22.048,-1.956,-9.602,20.102,15.529,-6.651,23.826,-37.272,-46.231,-19.188
48.591,18.685,22.725,-109.607,1.148,13.285,26.707,15.541,16.085,-29.727,-19.632,-17.876
52.036,14.508,24.69,-24.677,38.071,-45.676,46.127,7.599,-6.026,-3.921,-3.192,15.492
50.583,41.129,-20.868,30.241,22.495,-63.693,5.983,30.505,-23.318,7.253,-19.102,-15.581
51.14,35.223,-7.677,-29.125,5.283,-22.055,-20.926,-40.232,-49.939,12.468,-19.276,-17.017
47.727,-11.406,-33.513,77.592,27.94,-10.014,1.118,9.023,-20.101,-14.376,-74.752,18.094
30.758,-45.546,-6.252,-18.415,36.709,-44.211,-3.896,27.103,-1.258,-26.215,2.767,15.473
36.082,-56.354,-53.942,26.519,25.062,86.428,11.468,20.713,1.106,-26.733,-92.847,30.196
55.808,96.408,48.253,31.742,42.853,-42.071,-12.449,31.085,-28.658,47.839,-26.599,-16.604
52.477,44.318,0.034,-5.192,58.711,-14.356,-26.327,-60.774,-29.704,38.374,-19.106,-1.773
54.027,29.969,15.877,-39.682,15.858,-11.24,-28.161,12.71,-13.593,-6.681,-8.686,-17.374
56.144,45.688,12.93,-39.9,7.51,-9.024,-36.871,-9.329,-25.791,7.91,-1.63,-26.407
55.454,41.673,-21.13,32.622,-0.037,-43.653,-1.262,-15.73,-17.881,10.194,-12.176,-12.381
54.756,45.211,64.936,-11.08,58.756,-15.194,17.703,6.834,-6.745,15.331,-6.938,-25.657
56.537,89.573,-43.73,16.228,8.367,-52.407,-11.294,-25.13,-5.879,-27.416,-24.329,2.691
53.765,32.529,47.638,-12.375,56.625,-61.055,15.976,6.238,10.37,11.935,3.838,5.976
54.689,67.255,15.57,21.46,1.819,-67.904,-6.575,-35.528,-30.742,7.599,-9.56,-9.998
50.807,-3.486,-16.236,-8.394,12.804,16.934,-11.369,15.952,-4.827,-27.378,-37.698,5.196
52.387,159.138,-23.099,-59.962,23.208,3.73,-50.551,1.0,-21.012,10.464,14.092,-29.145
55.323,93.366,-11.547,-9.893,-15.494,1.556,-47.265,-37.66,-8.429,12.391,-27.248,-19.553
52.413,80.093,8.174,-16.927,17.466,-24.892,-12.233,43.557,-33.274,16.468,-10.627,-5.017
54.304,94.19,-29.328,20.418,-7.973,-59.206,-34.501,-2.495,-35.571,17.599,-12.556,-0.134
51.918,18.95,40.304,0.873,63.016,-21.379,0.331,-17.972,-60.346,31.186,-18.98,-9.22
53.142,12.85,-19.179,8.39,-5.588,-34.691,-16.272,14.414,-8.091,13.252,-4.183,-5.801
51.027,147.435,-15.932,-68.615,21.8,25.253,-19.034,-76.812,10.153,-36.897,-15.839,-16.528
56.707,81.643,-34.96,15.43,5.889,-30.595,-8.987,-33.368,-8.381,-6.814,-22.163,2.347
52.688,12.156,32.609,-8.008,64.145,-33.446,18.557,-3.997,21.519,3.489,5.403,5.685
53.7,60.565,-3.209,70.479,-1.649,-41.652,-24.958,-25.32,-18.808,5.866,-48.001,-8.445
51.649,42.304,3.047,-7.298,21.837,65.392,27.946,-6.507,-13.519,19.795,43.554,-24.092
49.073,122.604,-48.669,-55.795,33.222,5.201,-17.03,-71.942,-52.478,-13.822,-35.989,-12.211
52.44,104.351,-16.672,-49.905,-3.019,25.513,-12.791,-10.548,-18.914,-1.478,-20.838,0.59
52.345,68.245,-25.376,-5.463,29.593,-19.597,-21.532,-40.112,-20.404,-2.27,-14.811,2.326
54.386,91.579,-23.496,23.868,-17.303,-51.411,-33.615,-3.086,-17.521,2.01,-4.748,-8.501
53.882,53.957,20.257,-10.14,12.933,-2.372,-36.045,-13.187,-13.524,-6.149,-25.451,-13.895
50.993,51.52,45.199,-103.916,45.099,16.523,20.489,-3.383,-18.376,-10.948,-3.98,-30.582
56.5,99.077,-49.44,7.22,7.469,-38.455,-24.494,-10.817,-10.375,-19.63,-31.193,-3.539
52.664,-2.754,32.733,-36.109,38.768,-38.987,19.772,11.153,0.286,7.391,-7.991,-4.92
54.919,62.334,3.039,24.995,-5.179,-61.883,-18.957,-41.62,-32.458,8.807,-4.741,-7.732
50.723,-2.208,43.602,38.491,30.569,-48.029,-14.005,-8.193,-35.156,2.855,-11.885,0.966
52.343,5.929,-37.711,36.594,-11.479,-64.283,-23.22,5.093,-30.787,-4.329,-13.66,-0.7
50.812,125.022,-1.807,-117.75,28.159,36.909,-18.971,-10.947,-9.016,-31.387,27.273,-28.184
56.018,67.997,-15.135,6.032,-18.396,-41.303,-29.329,-18.951,-12.656,4.705,-32.576,-4.971
52.605,74.174,4.833,-6.269,25.227,-31.67,-27.489,41.573,-33.332,6.485,-10.102,-1.734
54.358,99.58,-32.34,24.845,-2.379,-68.922,-37.275,10.622,-33.614,15.918,-12.239,-0.102
52.455,19.767,59.444,11.857,56.26,-27.741,-3.644,-13.087,-45.511,25.399,-22.094,-2.414
53.701,20.505,-6.672,-7.94,-7.898,-55.54,-15.507,16.94,-10.815,8.896,-18.26,-2.587
51.006,245.625,-38.105,-70.841,18.229,-25.038,-34.257,8.313,32.494,-17.219,11.597,-6.446
53.689,58.92,20.85,-5.105,10.377,-37.092,-68.084,-42.744,-31.832,42.117,-15.391,6.107
56.31,71.323,-24.325,11.535,7.214,-3.415,-6.873,-16.856,-3.244,-21.664,0.687,6.301
53.323,29.698,45.257,-6.562,48.695,-48.026,20.788,-1.362,10.179,18.754,6.573,3.587
54.271,68.278,-9.558,51.478,8.281,-40.848,-29.923,-24.44,-16.713,9.139,-21.698,-10.174
49.9,40.845,6.833,-46.839,43.92,48.796,22.386,-1.894,-29.871,13.321,-16.6,-11.294
49.084,99.055,-42.146,-13.555,30.335,-11.175,-27.709,-71.883,-43.091,13.201,-32.752,2.071
55.607,60.31,-32.565,14.664,-11.031,-37.304,-13.889,-30.41,-14.958,4.606,-36.847,6.009
52.832,23.006,26.047,-22.622,62.662,-25.447,19.113,4.015,8.705,-13.883,8.281,-8.053
55.682,92.901,27.139,7.957,47.5,-7.159,-8.727,-3.3,6.521,-18.243,14.331,-11.415
53.6,3.167,-46.065,21.203,13.907,-82.238,2.511,-24.689,15.592,8.288,-6.324,-7.605
51.793,12.665,16.631,-14.721,59.027,-43.147,31.84,26.674,32.266,4.943,-13.09,-24.671
54.415,117.841,-18.012,-38.146,58.004,8.596,14.496,-24.548,-21.688,17.479,-25.418,8.212
54.72,60.664,-8.545,-44.181,97.316,-39.048,3.936,4.723,-5.337,3.256,-16.712,-19.717
54.219,63.574,-7.148,20.975,51.452,-11.491,-7.372,13.38,0.7,-16.311,-52.334,7.786
51.305,66.891,8.133,-37.041,94.686,-15.4,-16.742,-19.253,-16.008,5.143,-1.386,15.274
53.134,4.397,-46.14,-10.798,-4.679,-83.205,-36.583,-3.734,6.373,9.335,-14.181,-17.229
52.074,56.058,-7.124,-31.622,41.432,-31.509,-30.771,-2.651,18.787,-0.77,-19.029,-9.031
53.132,112.496,-23.999,-59.509,50.344,24.877,9.197,-32.786,-13.166,12.845,-51.124,4.613
52.253,20.869,-19.34,-74.694,54.416,-31.202,-33.296,-3.787,7.224,4.295,0.196,13.128
54.077,69.86,-8.795,-24.421,49.771,-21.221,-43.697,1.185,-9.79,-4.452,-25.243,1.728
51.391,103.599,14.611,-37.65,81.062,-12.196,-10.154,-45.568,-19.052,3.372,-17.012,15.87
53.445,34.718,-39.212,-4.458,34.524,-25.757,-22.212,5.304,-17.445,15.319,7.135,4.273
50.199,33.494,-43.921,-7.68,54.534,-71.357,-29.158,-11.548,-7.923,-1.415,-5.54,2.665
50.165,13.914,-34.547,-17.197,90.849,-52.742,-30.472,-21.647,-17.492,-3.367,1.421,16.249
53.919,40.345,-6.39,-60.196,55.735,2.441,-18.28,0.905,-0.008,-17.555,-22.728,1.487
54.768,12.247,51.695,-5.619,53.148,-32.251,10.326,-6.142,21.742,5.771,1.935,0.887
54.82,61.439,9.316,49.823,0.417,-46.89,-21.302,-25.098,-21.676,2.361,-44.783,-6.919
54.567,32.626,-11.431,-14.633,-3.377,-44.624,6.411,-13.341,-12.4,4.814,19.343,-18.892
52.704,56.102,9.609,14.422,48.566,-35.819,11.191,56.298,-22.827,-2.278,-22.041,4.669
55.029,138.069,-4.298,-50.263,23.996,-10.761,-59.991,-8.187,-20.649,10.229,10.861,-24.165
57.157,95.94,-18.339,-5.796,-27.369,-46.056,-36.193,-10.793,-7.447,11.139,-6.325,-10.353
55.364,53.439,-10.291,1.858,2.665,-34.064,-22.969,-20.974,-4.793,15.46,-11.866,-22.796
55.157,80.674,18.497,39.834,30.912,-63.764,-11.068,-14.14,-11.882,7.483,-7.343,-18.106
54.54,23.457,-4.773,23.774,39.749,-33.421,11.647,2.961,3.947,3.519,16.531,-16.768
54.921,94.256,-9.69,-39.862,36.654,17.854,12.706,11.63,-22.712,0.775,-12.272,5.975
54.542,70.838,-23.524,-60.053,74.572,-38.088,-2.001,-1.447,-17.326,8.803,-16.239,-38.468
54.218,70.043,-8.316,17.29,50.301,-8.032,-12.188,7.498,2.175,-10.863,-49.405,-2.158
51.775,75.423,2.327,-42.589,94.791,-21.08,-29.167,-14.913,-12.705,8.477,-4.143,13.708
53.39,10.638,-44.423,-6.701,0.983,-77.172,-39.198,-0.8,1.849,11.433,-4.32,-12.541
51.716,60.934,-11.088,-22.49,45.964,-30.887,-26.689,14.621,18.845,-2.725,-27.656,-8.821
55.287,85.755,-44.784,3.07,29.023,12.109,-6.649,-26.895,-18.913,39.541,-6.563,8.206
52.088,27.311,-23.0,-73.795,49.612,-32.644,-27.553,-5.58,8.721,7.324,-1.533,17.092
53.85,66.95,-9.954,-31.563,54.788,-19.096,-31.31,3.583,-5.281,-5.769,-26.745,0.625
51.738,88.655,16.78,-30.364,87.323,-14.466,-20.233,-44.855,-13.27,-4.145,-11.026,11.531
52.97,36.218,-36.082,12.523,44.109,-24.544,-17.051,8.439,-14.001,10.697,6.433,3.651
50.643,16.138,-27.575,-20.159,92.905,-37.433,-26.253,-20.726,-14.161,5.822,2.349,15.249
54.979,64.993,1.924,-87.947,59.338,0.659,-25.42,26.714,6.559,-15.585,-12.214,1.619
57.92,82.012,22.741,-24.258,88.279,-46.753,17.231,4.041,5.076,2.345,-13.39,0.962
56.063,97.673,51.093,12.785,21.666,-21.417,-17.719,10.467,-21.382,-7.843,-7.408,-43.648
56.94,67.899,2.992,-21.137,7.075,-38.114,7.076,-1.69,-3.505,-1.14,-1.654,-14.252
57.445,109.025,37.958,11.583,41.81,-39.842,-2.984,7.323,-16.493,-5.506,-14.252,-14.104
57.167,73.373,10.296,-12.283,0.402,-56.517,-10.157,-24.525,-6.367,7.731,-8.89,-7.469
56.453,73.636,1.419,-18.251,20.475,-38.654,7.434,11.056,9.304,-9.668,-10.954,-15.735
57.205,109.323,0.869,-15.809,12.435,-35.426,-4.893,-14.536,-4.221,21.979,5.889,2.855
55.141,71.925,29.959,24.634,27.502,-39.231,14.187,-10.184,8.253,0.581,-23.262,-11.796
56.522,96.762,-27.828,14.467,-8.6,-33.063,-12.292,-21.663,-3.062,-0.516,-24.169,-16.668
53.015,44.057,11.793,35.528,10.197,-22.254,-9.697,-32.662,6.056,6.905,6.767,-29.403
50.982,49.403,-33.583,88.516,-10.512,-78.147,-14.119,-36.274,-12.259,4.673,-12.119,-2.313
47.398,2.936,81.612,-96.397,17.672,-7.189,0.523,12.469,9.813,17.108,-29.087,-8.587
51.557,32.458,0.263,-18.875,1.843,-56.937,-38.428,-29.884,-3.468,24.332,-10.177,-31.594
54.165,66.776,39.91,-18.293,43.37,1.085,-17.635,-16.438,-18.637,-5.269,-1.275,-21.363
56.442,77.507,30.775,-11.784,42.826,-11.358,17.686,9.923,-3.296,-6.746,-20.069,24.857
54.978,64.574,31.675,-26.36,18.958,0.464,-1.438,-27.169,-5.877,1.489,-8.907,-23.903
56.537,76.348,32.084,13.597,23.206,-50.099,-3.186,-13.489,-19.502,10.632,17.646,7.31
55.264,67.047,43.142,-11.378,19.356,-23.729,-56.378,-7.303,-43.23,9.096,-24.611,-10.41
55.367,90.48,21.369,-28.718,45.989,-29.925,1.338,-31.396,-8.058,-12.876,-10.212,-33.564
57.794,84.184,-0.393,7.019,18.382,-41.043,6.08,-26.291,21.108,-0.017,-26.112,-11.524
56.684,48.968,67.446,3.965,46.349,-37.72,7.549,-7.618,-6.641,22.227,10.963,-27.167
54.522,42.727,12.678,72.583,27.784,-42.023,-22.177,-42.402,6.127,7.367,-13.668,-17.705
51.336,2.954,-39.282,39.616,-2.78,-31.238,0.431,-29.072,11.905,8.713,27.638,-18.434
49.386,20.193,-4.989,39.441,30.111,-26.329,22.83,-36.236,20.589,-2.757,4.282,-33.419
47.453,-13.962,19.766,8.536,39.474,-5.218,-3.798,-26.271,18.114,-37.952,-21.781,-20.289
56.382,92.313,-18.603,-10.025,-1.589,-16.469,-13.362,-17.188,-7.874,9.056,24.646,-9.74
55.637,30.078,-1.976,-1.092,31.134,-56.043,36.541,4.244,16.949,18.684,-0.72,-2.654
55.378,68.384,29.623,-1.362,84.943,-69.693,23.427,16.86,26.774,23.642,-13.918,-8.639
56.727,86.953,16.758,10.826,62.459,-48.377,3.885,1.448,27.838,26.216,16.621,-8.42
56.139,101.671,25.378,-10.966,85.632,-38.925,-20.645,-16.212,32.936,24.882,-20.601,29.824
56.842,109.943,43.69,-8.243,28.052,-30.428,22.299,-10.624,13.191,10.465,-6.007,-16.975
58.233,81.518,13.421,-7.628,3.542,-52.407,12.941,-16.391,-8.489,0.289,-25.958,-5.036
54.622,55.103,34.917,54.482,36.95,-38.587,24.561,-21.114,9.74,13.983,-14.673,-7.248
52.461,59.731,-2.667,57.883,3.773,-87.105,-8.839,-32.242,-5.637,14.792,1.799,-2.515
53.208,9.671,-18.573,0.915,-7.395,-26.264,-22.351,-8.259,18.68,20.099,20.4,-23.557
51.135,19.988,-10.043,7.383,6.946,-37.689,-11.768,-30.596,1.95,7.088,4.138,-40.899
55.338,94.817,73.647,-54.453,21.639,15.761,-4.595,-1.292,-8.243,-23.221,4.903,-20.664
57.75,61.008,5.26,-0.647,21.404,-47.178,-6.158,-7.769,-2.784,8.166,-17.724,8.57
55.431,74.402,36.372,-24.343,24.505,-26.479,-15.525,-30.417,-6.74,-2.747,14.783,-23.131
55.803,52.811,16.842,23.686,25.388,-64.725,-4.344,-25.921,-28.563,5.501,-10.875,6.498
54.09,66.542,80.483,-9.898,51.801,-37.81,-12.662,14.624,-35.37,2.525,-2.705,-3.606
57.295,75.06,-23.279,15.954,18.632,-33.07,-22.02,-31.32,16.898,-6.708,-39.005,-23.997
55.581,60.941,49.969,-1.193,28.534,-29.508,-25.338,-11.469,1.788,24.872,-5.316,-32.727
53.509,42.421,30.813,44.908,33.986,-16.761,-40.556,-33.998,16.217,-13.226,-32.659,-23.068
52.46,-2.872,-27.853,31.401,-12.99,-76.891,3.482,-42.592,0.099,28.885,-10.533,-17.58
52.063,29.751,-14.418,87.725,23.678,-18.801,12.257,-74.091,19.44,9.138,-2.981,-17.915
48.996,3.474,31.031,21.747,59.247,-74.12,-9.677,-19.33,-10.364,29.376,-3.382,-17.596
56.196,57.938,-12.926,-8.569,29.897,-28.943,3.474,-0.251,-1.108,20.765,14.834,3.469
54.022,58.469,35.971,-32.607,74.515,-45.513,44.375,13.485,34.707,16.61,-16.587,-22.324
56.787,81.973,46.774,4.002,69.367,-6.639,8.209,-4.717,22.627,-4.148,-3.733,-15.365
54.689,25.501,-1.059,12.133,-7.419,-45.357,8.397,-20.223,-16.271,4.013,1.272,-14.234
53.935,42.281,46.639,-42.122,25.756,-52.366,49.701,27.532,22.176,-2.078,6.893,6.297
55.698,73.77,-35.685,19.26,-11.271,-36.139,-20.816,-31.703,-3.538,2.158,-30.268,-17.623
53.46,41.57,29.364,24.187,14.183,-44.565,-15.674,-33.259,0.097,20.651,-1.004,-19.445
50.845,47.544,-24.884,90.387,1.012,-83.354,-11.447,-39.196,-7.616,7.621,-13.906,-4.711
52.45,26.41,-26.93,9.934,-3.849,29.769,-15.77,-6.661,17.772,11.702,49.314,-26.196
56.272,56.138,66.247,-45.626,55.656,-22.836,-1.215,16.324,-24.038,25.098,-9.819,-35.997
56.012,94.247,44.009,-9.533,33.903,-35.734,-15.65,26.243,-24.967,0.24,-27.727,-4.488
56.303,54.986,21.17,-33.002,1.092,-41.932,-15.077,20.024,-23.472,20.368,-21.768,-27.509
55.112,86.374,61.032,-1.308,42.06,26.293,0.921,1.065,-42.821,11.363,-7.63,-13.408
56.706,130.326,85.771,0.401,36.463,-33.926,0.224,1.516,-15.747,-24.357,0.146,-7.883
56.955,96.515,37.048,18.621,17.421,-10.283,-22.527,-24.804,-37.157,-3.337,-35.944,-3.189
54.73,63.273,40.207,-79.954,33.051,4.997,3.224,3.795,-26.39,-12.657,-12.653,-4.814
55.831,31.004,18.007,-26.469,0.673,-82.34,10.792,6.537,-13.375,2.416,-10.683,8.66
56.125,86.156,41.643,-0.07,65.009,-40.65,-23.546,26.886,-15.47,-8.687,-7.785,5.914
56.013,63.325,-13.199,-3.706,18.714,-41.816,16.5,-33.776,-14.177,20.289,-15.709,6.448
55.197,39.128,56.114,-6.053,75.815,-62.133,49.324,-2.362,1.472,17.649,-5.364,15.819
56.31,57.374,31.982,31.27,51.8,-54.011,20.315,-20.242,1.117,7.257,13.576,11.209
55.634,45.373,31.369,3.539,51.08,-31.06,23.207,6.583,2.336,14.095,8.976,12.965
55.819,66.268,99.704,16.621,15.861,-35.611,51.39,7.028,-38.746,-9.334,-14.568,20.536
57.946,79.673,-2.604,-8.963,9.098,-41.631,8.96,-17.698,-9.632,-0.521,0.012,5.436
55.015,73.003,9.598,-1.289,17.635,-21.757,17.107,-5.806,-11.506,-6.543,-30.218,-6.483
51.332,59.173,-22.941,85.652,4.281,-70.926,-11.178,-35.016,-14.464,11.519,-1.45,-0.043
51.467,29.535,-8.077,-25.433,11.051,51.743,-8.891,6.574,9.899,-1.674,18.461,-17.955
52.46,24.068,-18.74,-30.512,-1.047,-45.24,-46.197,-33.463,-20.45,24.3,3.719,-21.8
56.434,74.711,32.229,14.422,67.119,-31.583,-17.561,8.352,-10.482,-5.966,-9.545,15.817
56.623,50.508,3.367,-18.61,-10.01,-43.792,-19.946,-29.823,-30.379,18.768,-3.575,-12.771
56.371,69.491,-2.853,21.293,-9.112,-21.972,-22.023,6.747,-14.604,-7.669,-28.477,-16.67
56.55,119.148,-0.457,-26.933,39.29,-9.698,-18.321,-0.834,-17.152,18.602,-22.477,-8.043
55.06,76.843,34.983,-34.424,76.627,-37.467,-94.786,-2.586,-25.268,6.61,-2.306,-15.677
56.341,49.008,-2.09,-18.403,16.417,-44.77,-56.734,1.765,-21.184,11.51,0.083,-39.774
56.254,80.223,33.199,-21.27,69.404,-46.509,-69.022,-8.303,-40.656,1.783,0.36,-38.423
57.91,93.975,-15.781,-20.776,11.523,-32.703,-34.061,-15.6,-11.104,-6.264,-17.476,-17.781
56.885,81.081,51.386,-24.499,26.66,-40.921,-48.538,5.417,-36.703,-0.345,-5.269,-26.904
56.487,104.138,-5.148,1.554,32.329,-53.156,-27.59,-5.699,2.861,14.817,3.442,-7.833
54.884,117.388,30.359,-4.526,76.806,-15.362,-19.065,-43.891,20.593,-9.131,-34.738,5.373
53.717,-34.504,15.695,-35.109,55.062,-26.905,-35.339,-5.1,-8.214,-6.07,5.004,-14.883
55.023,13.003,31.201,-12.61,77.357,-20.243,-18.8,14.451,16.555,-14.938,-19.193,10.163
55.886,92.385,69.353,-52.04,63.354,16.418,-18.013,19.212,-26.598,-14.107,8.429,-21.39
56.346,68.943,0.994,-51.959,70.353,-27.77,-53.219,21.82,-25.714,-8.32,-2.019,-15.593
57.261,81.512,39.999,-24.192,65.928,-32.938,-16.073,11.939,-42.046,12.165,-1.745,8.162
57.525,73.934,14.674,1.821,58.505,-30.984,-23.957,27.638,-19.204,13.315,-27.801,-17.136
54.516,22.905,-24.528,-37.992,44.383,-57.101,31.145,-19.205,-7.953,34.399,-12.214,-3.847
56.695,49.096,43.14,-18.048,49.993,-40.19,27.763,8.696,-3.236,-5.7,-6.707,-13.765
54.672,30.343,-24.103,-14.815,41.197,-13.944,-15.686,16.432,-14.964,-13.99,-7.5,-9.465
54.758,107.923,-3.97,-98.843,44.633,20.288,-34.568,-20.791,-15.181,0.612,4.542,-24.976
56.781,69.389,19.612,-13.705,-2.106,-22.479,-25.879,-22.026,-6.411,3.831,-22.909,-36.93
57.415,75.753,26.193,1.399,50.418,-25.457,5.236,7.58,-16.045,9.403,-16.657,-4.275
55.322,44.653,47.314,-4.142,66.015,-2.89,-2.428,-31.804,-40.309,9.398,-11.189,-12.183
54.833,33.263,-8.596,-12.172,6.144,-43.72,-3.928,13.549,-10.47,0.913,-32.386,-10.803
53.821,132.845,-3.08,-56.867,35.686,13.911,-12.622,-71.801,13.702,-37.248,-4.52,-11.07
55.657,26.066,-13.413,9.249,16.069,-17.175,-6.761,-19.866,-10.091,-27.909,3.223,3.467
54.533,1.793,-0.693,-31.816,17.266,-28.58,4.407,1.751,-20.947,-4.876,-10.62,-10.269
55.94,25.839,60.003,-12.073,70.214,-24.344,34.801,14.997,30.556,-6.885,-7.578,-5.147
55.727,71.435,23.25,35.306,13.324,-45.525,-18.87,-5.546,-8.619,18.037,-32.979,-11.802
53.663,51.522,7.046,-22.282,28.057,19.297,18.348,-16.033,-15.62,10.9,24.356,-13.407
54.083,61.345,-17.783,4.068,54.409,-67.397,4.906,55.087,-25.172,11.063,-13.663,-22.402
53.421,97.989,-29.995,-18.656,16.078,-38.127,-61.901,-18.659,-54.931,31.976,-5.045,-9.04
55.421,102.03,-20.129,-18.773,-6.874,-3.555,-13.917,-11.26,-26.312,8.261,-1.517,-8.641
55.709,77.964,0.748,-41.84,44.701,-11.855,-12.867,-33.652,-32.653,15.098,-9.491,-0.874
56.696,87.531,-13.716,-6.273,14.182,-32.773,-41.016,-2.079,-23.262,-5.815,10.026,-13.011
56.811,84.164,12.603,-6.364,31.377,-24.042,-48.873,-3.447,-38.661,21.366,-7.787,-14.166
57.666,83.001,30.908,-1.552,34.612,-29.953,-22.716,18.824,-21.407,11.117,-24.695,-28.865
55.694,36.219,-14.4,-34.455,13.699,-55.289,7.97,-20.991,-23.765,19.584,-10.612,-32.453
57.356,46.468,52.754,0.376,19.588,-25.837,-4.851,5.93,-12.196,-5.559,-9.959,-22.747
53.972,28.853,-12.747,-1.697,18.505,-2.409,-17.538,13.75,-15.533,-30.026,-10.554,-10.007
55.656,120.543,-1.219,-77.643,41.755,2.304,-43.381,-18.428,-16.922,1.845,-9.024,-24.603
55.835,60.544,7.89,-5.881,-6.639,-23.134,-25.068,-32.791,-8.782,3.427,-23.952,-31.416
55.769,82.818,23.489,0.362,39.015,-24.331,-16.907,29.347,-51.668,14.218,-21.688,-4.06
55.082,65.684,-22.664,17.275,4.762,-56.427,-29.282,-19.628,-45.217,20.199,-19.285,5.715
54.436,62.652,14.509,-32.971,66.542,-7.525,-6.826,-16.289,-46.929,28.88,-16.974,-5.398
54.447,163.333,-0.698,-54.661,41.162,-9.369,-25.999,-73.118,9.866,-18.894,-1.285,-4.06
56.534,33.337,-2.584,12.686,11.243,-24.704,-8.251,-24.531,-7.937,-13.842,17.605,15.563
55.489,33.898,1.248,-32.529,-5.093,-24.269,-12.483,-13.123,-6.631,-7.039,-9.662,0.783
55.707,29.148,61.21,-19.547,54.328,-39.619,37.841,9.091,21.169,-1.068,-5.494,-1.031
55.505,71.349,13.003,19.984,20.242,-50.042,-26.69,-4.063,-4.943,11.79,-28.245,-10.035
53.124,48.646,18.464,-41.536,30.797,23.202,24.996,-12.147,-21.405,11.521,3.132,-20.504
54.233,52.319,0.932,-0.077,59.307,-57.828,-1.125,40.544,-19.759,14.375,-23.609,-14.129
54.64,98.59,-31.413,-15.062,50.008,-37.675,-44.088,-7.804,-47.855,11.734,-8.368,-2.265
56.878,82.066,-6.094,-6.291,-15.289,-26.516,-2.994,-18.998,-20.078,-0.389,-27.99,-1.83
57.286,91.176,34.544,-36.111,48.268,-28.329,2.122,12.875,-17.934,5.759,-8.757,-25.134
56.369,104.028,68.092,-6.179,85.952,-24.938,-14.081,-14.595,-21.095,1.328,-14.982,-13.388
56.342,53.943,-24.126,-11.61,30.684,-76.038,1.449,5.005,-16.01,2.67,1.83,-21.421
56.093,72.21,19.993,-17.584,64.776,-37.24,15.528,4.639,5.229,-0.66,-18.466,-39.065
56.095,101.608,22.065,-38.967,61.192,-33.51,-19.415,-14.66,-31.24,-7.918,-2.784,-10.707
54.417,67.27,-23.962,30.264,8.972,-76.733,-6.182,-7.209,-7.424,17.948,-3.822,1.117
53.537,71.254,17.402,-30.881,85.617,-21.176,-32.716,-12.626,-16.021,-0.359,-4.411,8.344
54.221,25.095,-44.652,-7.784,10.089,-71.751,-31.986,-7.407,6.51,0.03,-5.409,-19.991
54.075,60.139,-9.194,-49.832,48.795,-39.884,-23.093,-9.644,26.975,15.07,1.681,-12.171
53.302,70.537,5.734,33.165,58.984,-55.924,-35.097,7.157,-0.173,16.303,-8.765,-15.445
52.713,96.918,-13.171,-49.532,69.668,-16.514,13.804,-47.081,-10.165,-3.407,-37.056,-4.232
54.344,44.271,-11.422,-63.092,63.554,-32.047,-43.278,-3.213,-2.283,5.892,6.398,7.908
55.063,58.855,-23.56,37.729,36.327,-37.367,-30.691,-19.388,-1.268,3.589,5.403,5.236
54.005,91.047,28.204,-35.574,80.55,-19.181,-16.105,-40.792,-20.813,-4.669,-9.328,8.738
54.734,48.632,-33.529,-2.672,23.174,-55.714,-30.718,8.253,-18.89,13.053,-2.423,2.938
53.252,41.541,2.576,-25.617,78.646,-49.586,-38.972,-26.05,-25.773,5.095,7.362,4.547
56.459,43.309,-11.155,-12.653,15.92,-62.639,-19.684,-19.691,-24.629,27.376,1.014,9.818
57.584,79.439,28.846,-18.049,51.54,-34.71,14.052,3.401,21.688,0.465,-10.202,-8.333
56.442,50.503,-0.253,-30.379,26.356,-49.583,-6.182,0.405,-22.613,15.207,-8.15,-12.278
57.549,96.597,0.146,-31.99,19.383,-9.269,-61.243,-31.421,-16.98,-3.134,-10.351,-26.233
56.75,79.001,38.568,-21.116,43.875,-28.748,-4.567,7.921,-6.543,4.352,-18.676,-32.494
55.671,29.531,38.938,7.219,35.419,-22.874,-18.482,13.841,-16.654,-4.744,-15.522,-6.87
56.114,47.885,50.932,-25.123,31.321,-29.882,15.228,22.028,-1.804,-7.89,-3.727,-38.092
57.145,86.629,-10.556,-30.141,7.956,-56.28,-16.727,-13.242,-34.368,22.808,-12.893,-20.126
57.348,91.021,13.534,-40.821,42.726,-31.526,-3.244,0.62,-20.84,-0.404,-14.971,-28.408
55.941,79.055,30.674,24.426,24.971,-9.871,-37.885,-13.957,-42.624,4.692,-29.974,-13.519
53.574,66.528,-14.46,-42.259,43.717,-28.666,-31.415,-2.92,10.804,6.236,-12.475,-22.13
55.641,82.091,-44.103,6.892,38.417,-12.039,-4.346,-35.577,-23.316,34.432,-3.675,1.569
54.19,36.6,-15.891,-71.392,57.582,-31.123,-37.226,-0.759,-0.142,0.551,2.121,9.465
54.798,59.193,-17.745,-6.295,62.877,-21.068,-36.634,-6.956,-12.992,-6.658,-30.659,8.491
53.41,105.335,32.533,-30.49,73.593,-11.057,-8.472,-45.339,-25.663,2.606,-12.375,11.659
54.278,50.015,-36.848,-14.608,29.14,-68.177,-32.069,4.631,-16.062,14.092,0.842,-7.26
53.436,18.451,-17.646,-29.413,79.088,-27.506,-47.861,-26.903,-15.79,-2.434,10.996,5.758
55.353,31.701,-0.221,-49.205,61.87,-11.302,-32.054,9.79,-17.644,-2.615,-17.021,0.398
56.459,57.258,26.09,-54.591,42.937,-40.463,-4.916,12.457,-5.74,-5.625,-0.002,-8.258
56.265,80.439,28.851,-10.724,37.094,-1.87,21.958,-17.113,-16.346,7.264,6.718,-6.271
57.668,96.391,32.146,2.803,43.774,-46.785,28.868,-5.836,4.511,-6.761,-6.327,-11.482
57.386,66.999,30.98,-2.656,15.232,-73.579,20.603,1.158,7.704,24.642,-14.42,-14.792
57.253,103.674,22.016,-10.848,2.295,-51.312,4.538,-14.089,1.384,7.003,3.068,-3.692
57.461,99.957,17.367,1.003,35.577,-42.281,42.471,5.734,10.491,6.532,-13.33,6.082
56.788,116.57,51.194,9.714,44.06,-41.594,20.654,1.973,6.733,4.326,-11.452,-19.988
56.125,83.71,-10.565,-6.088,-9.835,-70.034,-14.076,-9.294,-4.712,21.177,-22.094,-30.717
55.878,87.582,24.433,-2.192,58.914,-32.906,-16.666,1.061,-2.276,18.011,-0.909,-25.512
54.197,87.248,-1.362,29.149,24.698,-80.406,-4.961,-11.844,-12.855,9.751,5.411,3.761
54.713,49.269,2.691,-13.778,8.994,-11.501,-17.94,3.527,0.936,24.739,10.914,-12.597
54.654,35.108,7.761,-45.319,21.626,-30.719,-24.782,4.024,10.043,3.834,-5.356,-35.436
56.444,83.007,52.903,-9.794,66.471,-34.853,-5.335,8.483,-13.669,9.821,-20.884,-20.052
56.988,79.245,30.439,4.258,44.6,-33.201,16.898,2.76,-11.354,2.506,-10.747,23.07
56.47,78.235,39.578,-27.438,25.555,-9.97,7.695,-26.757,1.09,-7.62,0.29,-27.77
57.128,71.804,37.474,-2.196,30.407,-58.299,-5.133,-8.409,-6.256,11.79,8.328,5.21
56.4,103.876,73.476,-5.836,41.884,-36.864,-42.675,-10.304,-36.014,3.549,-10.406,-18.801
57.742,60.84,31.887,2.883,-4.211,-55.432,11.08,-33.864,14.803,20.456,-6.398,-24.636
56.188,27.468,35.735,-18.172,9.021,-77.33,19.265,11.513,3.404,3.553,-9.791,-17.987
56.198,59.586,39.924,20.817,41.111,-21.304,-12.998,-7.565,-13.342,3.016,-17.507,-25.395
53.039,28.55,-40.318,8.373,5.97,-31.953,-8.43,-20.516,2.662,-5.219,9.346,-14.161
52.31,22.497,13.915,-54.311,38.167,-28.667,21.718,4.075,27.997,-6.294,-13.518,-26.106
54.648,42.643,44.671,-51.511,73.288,-36.425,1.882,32.774,-3.842,-9.699,5.905,2.841
56.472,60.058,-7.431,3.185,-4.622,-48.437,-2.099,-4.232,-27.791,5.447,-28.593,-0.713
54.25,68.17,-9.488,-28.401,24.326,-27.49,-8.063,-43.662,-30.277,7.906,-18.733,-4.199
54.546,70.004,-18.546,-53.857,52.909,-26.365,-30.758,38.58,-4.897,-26.801,-5.953,7.55
55.026,54.362,-38.355,-21.273,2.632,-60.043,-33.997,-11.549,-24.368,13.484,-5.193,-7.607
54.828,57.661,-22.318,-46.051,27.665,-31.662,-35.365,3.695,-21.876,-9.033,1.717,-24.813
55.936,59.256,12.769,-32.797,33.44,-30.164,-72.444,-15.639,-20.044,4.219,7.254,-25.661
56.499,66.75,0.763,-7.306,15.181,-23.836,-53.578,-25.295,-16.105,-2.589,-14.142,-19.344
55.927,46.077,2.535,-21.503,36.464,-16.001,-49.896,-16.181,-8.115,-3.12,9.548,-34.406
54.454,73.109,-11.897,29.533,31.668,-64.697,-19.345,-8.711,-23.051,11.97,6.181,1.197
53.274,47.218,21.827,-24.782,26.091,0.822,-14.177,-10.87,-2.859,20.125,-2.02,-27.212
54.364,28.977,53.238,-1.694,29.535,-27.529,-17.63,7.617,25.064,4.81,-20.701,-32.216
54.146,17.682,42.017,-22.284,27.64,-16.974,-16.577,7.675,17.398,-1.02,-27.165,1.186
54.613,48.265,1.534,-28.267,-33.739,-53.21,-23.915,14.035,28.394,8.309,-13.798,-37.224
54.67,64.831,36.534,-30.113,6.665,-14.821,-24.202,-9.806,22.495,1.934,-17.731,-32.7
55.132,64.432,2.604,26.611,31.893,-49.965,-26.76,-34.156,-10.561,13.836,-5.927,-4.599
55.212,34.925,6.393,-17.845,-23.314,-63.009,-35.623,-22.124,1.203,21.276,-0.953,-29.672
54.171,54.589,46.566,14.119,4.473,-40.369,-27.626,-23.656,-11.85,13.621,-22.29,-35.507
56.05,49.226,-13.835,18.821,-2.501,-30.053,-23.097,-31.795,-1.854,24.76,-43.926,-7.819
53.855,46.445,57.872,-71.904,29.157,27.74,-15.318,7.88,22.358,-15.356,1.863,-26.601
55.084,56.599,8.85,18.266,31.524,-69.348,-18.084,-26.589,-6.096,14.443,-11.751,-9.516
57.306,79.094,-4.205,22.53,59.684,-57.026,25.074,-8.075,15.784,22.1,10.685,5.054
56.769,109.781,1.906,-8.107,59.119,-36.457,13.175,-6.121,39.133,-2.688,-1.836,-14.643
57.101,92.48,67.207,0.708,115.598,-50.042,26.816,-3.677,37.151,17.078,-11.078,-17.668
57.613,68.328,6.73,6.825,52.964,-59.643,28.181,-7.59,22.524,26.829,-3.245,-16.899
57.356,70.469,34.004,-16.923,55.704,-43.631,29.977,14.439,36.891,12.852,-10.943,-15.771
57.639,85.383,63.631,3.549,57.277,-45.787,35.841,0.447,20.041,15.147,-6.789,-23.001
57.877,111.035,48.083,-19.005,31.546,-38.288,-11.783,-17.452,-12.657,0.712,14.915,-2.751
57.92,80.943,3.766,-6.755,5.629,-59.67,33.598,8.975,6.415,-8.469,-4.632,8.39
57.014,96.929,42.026,19.63,31.615,-28.504,29.813,-4.973,14.687,-8.518,-28.164,-11.11
56.046,49.299,-5.609,11.756,-14.944,-49.237,-15.735,-24.327,1.54,34.248,-20.055,-30.976
54.716,55.399,22.108,12.347,30.064,-10.685,-12.61,-11.22,16.413,12.163,8.189,-27.554
53.764,78.759,-2.546,46.187,25.605,-63.881,-5.412,-19.767,-12.887,8.961,3.095,-2.207
54.861,36.085,-15.875,5.061,-21.634,-46.759,-26.853,-16.439,13.422,9.476,6.491,-17.488
53.557,42.014,20.32,-18.451,13.48,-46.697,-34.071,-3.906,-6.759,20.885,-15.104,-26.206
55.137,42.367,-19.491,15.141,1.186,-42.265,-13.367,-37.549,-2.562,31.263,-8.452,0.054
55.871,29.175,20.676,-22.782,-3.683,-47.138,-8.025,-8.85,7.88,27.315,-3.945,-27.622
57.345,37.51,59.711,1.807,52.045,-36.981,0.619,-15.163,6.907,21.839,1.236,-33.107
57.258,62.444,51.325,16.806,45.669,-50.415,7.16,-20.221,-21.476,1.525,8.749,-13.842
57.527,52.952,46.574,-10.686,25.503,-53.791,21.005,11.929,-16.987,-0.438,16.192,-17.834
57.819,57.604,21.719,8.516,-5.382,-46.798,14.206,-12.191,-28.282,16.766,-30.547,22.195
55.955,63.886,21.668,-34.939,46.955,-21.121,-6.266,-9.755,11.209,-6.81,-14.651,11.763
54.356,37.888,44.415,-45.385,87.88,-40.042,-52.111,7.659,-9.656,7.675,9.401,4.69
54.497,30.402,-41.902,-0.901,11.813,-76.416,-22.615,-23.269,9.257,19.447,-24.299,-10.514
54.05,58.276,-7.476,4.865,35.13,6.61,-4.601,-28.926,16.581,-21.672,-4.842,-10.997
53.975,60.047,33.798,-17.405,87.068,-32.478,1.335,-5.912,3.782,0.626,-9.881,-13.718
54.009,33.385,-37.019,7.548,8.068,-83.626,-4.614,-20.464,6.381,25.326,-27.466,-0.134
53.242,40.9,-43.165,22.626,-1.484,-79.423,10.503,-33.496,5.612,30.495,-12.432,-0.807
52.801,35.04,-6.783,-38.235,60.312,-17.867,16.405,1.891,26.835,-9.923,-11.904,-13.058
54.191,47.827,-6.196,19.161,44.082,0.182,-17.521,-31.298,8.502,-16.712,-5.089,-4.634
52.873,11.825,-31.239,28.679,17.868,12.873,-12.47,-12.242,2.357,-7.686,-1.831,-9.585
51.103,33.109,-13.734,0.979,36.002,-44.653,13.116,-11.872,2.519,10.272,10.394,-26.392
52.478,60.005,40.959,-57.438,42.966,-16.691,1.831,-10.65,20.404,5.129,-10.3,-27.083
56.705,59.943,-1.455,-18.008,-5.186,-54.36,-13.488,-26.071,-1.232,26.52,-21.292,-25.839
57.279,68.675,19.705,-20.505,51.272,-18.837,-11.374,-0.843,-0.795,-13.21,-12.73,-12.869
57.175,77.336,55.474,-22.418,49.666,-15.251,1.936,-10.802,-31.805,-14.364,-15.151,24.703
57.047,65.902,6.424,-15.962,26.395,-29.587,-27.224,-5.124,-0.728,-20.9,-6.477,-4.208
56.327,53.074,24.168,-2.758,48.94,-31.191,-40.402,-13.439,-4.256,-10.766,-9.592,-18.508
55.618,46.222,-15.141,0.371,10.188,-55.76,-20.86,-19.699,-5.217,18.506,-14.51,-9.707
54.738,59.118,1.645,-24.023,-44.565,-65.171,-20.446,-4.034,10.705,-1.032,-6.475,-26.962
55.272,62.234,33.258,1.914,27.903,-33.937,-33.835,-17.142,9.916,10.757,-0.554,-28.964
54.795,70.687,-2.518,28.518,23.146,-56.372,-31.185,-19.868,-11.493,12.963,-10.76,-5.95
53.9,49.316,37.079,-12.589,23.385,17.532,-17.574,-5.928,1.439,-7.906,-1.195,-27.836
55.683,58.28,-9.966,40.573,4.782,-22.037,-25.797,-25.362,-16.154,35.505,-48.1,-5.612
56.063,70.191,50.085,-22.498,33.559,-37.671,-27.442,-2.462,18.802,25.217,11.439,-22.079
55.096,58.628,10.555,12.679,32.34,-70.353,-17.416,-16.513,-7.566,16.993,-15.074,-8.436
53.549,52.375,-46.031,11.503,10.581,-23.987,-12.467,-3.17,-5.305,-4.332,19.496,-19.038
53.476,74.886,-1.326,-66.15,35.606,-27.272,7.155,-0.823,8.298,-1.707,-26.051,-18.463
53.404,23.1,54.901,-40.977,67.014,-21.703,4.924,41.904,11.917,2.614,-5.918,-1.664
57.053,71.504,5.583,-7.176,20.212,-38.937,-4.516,1.275,-15.535,26.515,-19.392,-7.82
53.947,94.08,-19.988,-15.313,25.49,-30.234,8.408,-33.005,4.338,-4.214,-20.182,-19.449
54.772,80.876,-40.314,-9.889,38.349,-31.476,-11.442,-15.969,-7.196,-1.496,-1.718,-9.015
53.634,65.346,-5.265,-49.582,46.597,-39.402,-2.758,0.043,-15.054,0.925,-7.452,-33.101
55.038,68.542,4.557,-7.444,29.054,-40.751,-26.199,-11.01,-0.135,7.734,-12.86,-17.362
51.816,21.748,-3.391,-19.31,44.29,-30.972,-23.307,0.343,11.56,0.18,-15.911,-10.819
51.315,26.289,-10.692,-25.661,60.49,-25.843,-31.077,14.575,-5.927,0.523,-13.079,-19.076
51.153,16.52,-14.321,-45.784,45.387,-29.745,-32.33,-6.325,-18.19,-0.384,-4.666,-30.081
47.969,5.917,-43.568,113.852,25.257,-8.9,-40.611,-21.311,0.581,-32.429,-42.242,-30.615
33.177,-95.65,0.88,16.725,23.117,-43.263,15.303,19.349,7.342,0.917,-7.383,-14.627
30.335,-108.764,4.219,2.742,48.489,-48.838,34.672,12.254,8.612,13.035,-27.064,-24.411
27.24,-126.863,18.236,16.067,53.54,-52.108,21.71,25.474,7.794,0.01,-13.147,-23.142
23.451,-129.791,-2.83,31.248,52.379,-42.812,19.944,22.254,6.93,2.193,-18.724,-19.99
17.774,-98.886,-1.921,7.39,81.826,-60.53,18.725,16.068,1.393,-0.973,-10.072,-29.26
13.765,-75.227,-5.709,6.48,127.625,-65.872,18.729,41.698,-2.897,-5.928,-1.191,-19.141
8.724,0.215,19.294,-5.694,153.142,-54.187,-11.457,23.999,-1.179,-0.478,-4.552,-1.158
5.496,56.5,13.088,-6.15,136.547,-57.272,-21.779,24.991,4.884,3.009,-4.777,-14.305
2.925,111.38,13.112,11.876,107.002,-65.579,-6.018,45.332,6.089,-5.124,-8.058,-22.56
