0.055,169.82,8.255,-30.139,56.711,-50.156,14.706,3.702,-27.66,0.816,-10.486,-6.146
25.901,-55.137,-111.993,-53.528,45.369,46.74,-1.931,2.621,17.766,52.376,26.852,2.621
24.999,-14.707,-80.429,77.423,42.031,-25.419,-32.406,-38.501,8.203,5.396,11.975,10.744
32.6,-111.148,54.095,-25.632,57.178,119.038,-6.491,8.811,-29.975,18.023,29.799,-7.817
36.601,-131.372,-4.044,85.389,-3.319,-46.869,-7.637,24.348,-19.815,-6.274,-17.468,-9.099
29.475,-36.271,-58.436,36.884,20.89,-63.196,-21.198,-24.083,-9.375,14.036,-9.627,7.595
32.673,-98.682,41.443,-33.917,56.654,57.053,-5.786,18.44,-27.615,21.897,3.393,-5.408
33.832,-84.128,-23.49,36.855,37.609,-11.782,-7.067,29.471,-29.401,15.007,-14.822,-1.129
29.628,-2.043,-22.616,-45.507,54.039,-46.591,-4.373,14.808,10.245,4.889,-6.667,5.195
29.825,-40.85,-84.839,-9.166,37.436,-27.603,-41.51,13.65,9.998,7.736,-24.69,14.307
25.246,10.74,-68.204,-75.921,11.728,-36.932,-6.832,4.066,7.571,3.308,-10.983,5.347
27.983,-8.394,-77.944,-72.251,2.276,-22.684,6.425,-7.327,-3.058,17.903,-20.088,16.38
28.747,-66.57,-94.233,-5.868,24.816,-36.967,-21.241,24.697,17.532,24.248,-5.373,5.366
30.331,-83.251,-2.053,-93.857,40.974,28.71,-2.82,-2.022,-31.689,37.064,-18.231,2.732
36.831,-89.02,-61.53,108.81,8.935,-30.988,-20.801,40.346,-4.035,4.235,0.181,-2.208
28.517,6.691,-66.251,12.854,30.669,-18.046,-28.476,-11.609,-1.594,-6.314,-9.921,5.368
29.825,-85.748,9.719,-19.361,64.27,-44.058,-33.271,25.575,-15.329,-8.812,2.225,-2.548
34.147,-98.488,-44.786,32.374,51.659,-16.703,-55.953,11.131,5.395,4.094,1.529,3.304
28.992,11.748,-42.554,17.495,40.198,-73.453,-45.523,-16.244,-12.489,15.753,3.395,2.581
26.708,16.33,-33.172,-6.488,36.69,-44.918,-46.792,-2.772,-9.45,-3.917,-9.445,6.599
25.631,31.058,-33.878,3.529,26.602,-56.911,-38.64,-8.64,-19.284,8.792,0.388,1.908
25.649,52.023,-33.201,-62.533,8.095,-22.231,-11.493,2.187,-3.159,9.776,-25.0,10.088
29.404,-64.881,-98.796,-4.231,7.212,-27.851,-14.846,28.124,-1.688,44.986,13.54,12.053
27.009,8.423,-60.432,-49.54,17.119,-29.069,-29.802,21.324,0.167,-4.78,10.54,11.752
32.022,-37.542,-70.423,-10.351,34.045,0.348,2.952,-32.902,-17.821,54.059,3.607,23.803
29.432,-66.975,-50.727,-21.25,41.616,-42.732,4.285,9.181,10.47,-2.245,-11.667,29.827
27.12,-7.605,-59.145,-73.28,15.8,-43.091,3.079,11.899,18.749,7.703,-10.21,16.64
27.709,22.84,-80.506,-33.294,-15.881,-45.185,-10.011,21.929,3.741,6.191,-2.377,5.442
29.568,-69.109,-109.248,-29.815,2.38,-68.934,-26.986,-6.773,4.332,28.759,-6.582,3.263
26.975,-45.032,-88.218,-67.949,29.13,-41.32,-43.639,6.201,16.916,-1.837,-10.231,6.377
26.771,-3.643,-77.614,-90.099,2.227,-34.695,-38.621,8.921,8.684,-2.824,3.291,2.338
28.333,4.105,-89.021,-44.686,2.785,-37.621,-24.117,-1.662,12.541,24.549,-14.563,0.073
24.73,53.265,-63.268,5.803,7.289,-42.769,-29.028,-7.899,0.86,7.209,-21.173,-8.78
34.675,26.338,93.276,-118.946,55.929,114.342,18.313,4.149,0.211,34.905,-22.993,-26.285
48.194,4.837,89.488,86.705,84.669,5.186,-49.383,1.525,-19.623,6.087,-17.809,-8.476
39.763,-109.134,-11.385,53.933,25.094,27.924,19.716,22.37,5.45,8.179,-22.659,-8.786
28.471,-97.837,-14.764,-30.861,80.401,-57.406,5.656,46.227,27.626,12.961,1.497,-11.623
27.164,46.864,-47.956,42.317,22.612,-75.072,-32.465,10.695,1.198,7.411,-6.173,0.539
40.551,21.845,126.183,50.572,50.112,-8.608,29.826,6.034,-4.482,39.032,22.854,-40.19
41.359,-60.392,85.438,60.353,56.494,-14.733,-17.316,-13.394,-23.716,31.685,-12.891,-21.772
37.87,-110.564,-31.124,20.676,26.997,3.715,-5.655,0.562,0.578,9.678,-7.304,-3.987
32.514,-106.973,-22.005,6.199,42.152,-49.144,7.578,21.989,-4.7,-3.54,-10.576,-7.595
40.946,-4.645,73.311,-14.173,80.141,109.245,46.051,-9.71,24.06,-6.569,-7.189,-33.185
37.312,-107.992,-40.74,18.178,39.005,-54.421,37.151,-5.947,14.094,3.044,2.931,-9.329
33.398,-58.883,-28.796,-5.376,49.245,-57.027,16.548,-4.427,27.338,12.498,-8.487,3.829
30.837,-50.833,-23.297,4.732,43.486,-68.845,32.594,-5.898,16.177,16.62,-5.507,13.523
31.649,-110.917,40.03,-21.5,68.976,-31.235,50.155,6.973,6.447,24.839,-1.055,-25.027
33.811,-73.589,5.531,-28.848,64.505,-45.428,37.699,27.719,30.51,5.864,-22.654,-18.528
32.413,-94.871,-64.734,-55.766,35.507,-51.013,18.369,-11.926,27.189,13.599,-11.472,0.208
31.703,-18.654,-47.937,-5.424,36.266,-17.59,-5.495,2.495,20.572,8.575,6.808,4.089
28.43,-7.47,-61.264,-13.545,28.817,-58.78,-16.057,-18.604,15.741,26.476,8.565,-0.81
29.996,-98.189,-23.641,-47.402,59.506,-50.292,0.469,14.476,21.753,6.373,1.071,0.271
36.812,-37.597,25.86,-90.592,31.607,15.444,16.726,-1.744,16.021,10.925,-19.789,-16.967
40.733,-110.312,-8.317,-23.364,30.357,-50.927,52.581,18.348,2.062,21.8,3.894,4.557
42.477,-113.419,38.12,33.028,30.63,-49.078,64.547,39.491,-5.81,-3.437,-18.149,12.339
43.935,-52.011,78.72,97.005,18.113,-41.963,75.759,34.753,-10.92,2.268,-24.991,24.777
40.245,-58.706,106.121,94.765,33.358,-46.902,89.835,44.149,-3.276,1.294,-31.75,18.725
34.381,-35.523,57.311,25.333,41.602,-38.104,46.586,24.597,-3.138,12.333,-15.174,-21.783
33.088,-17.177,-4.358,39.297,77.251,-29.169,28.908,-18.977,32.582,13.83,-1.785,-19.697
34.675,-15.16,19.512,-34.89,85.791,-9.518,4.11,-34.923,19.56,20.0,-26.59,-8.112
34.188,-109.405,-72.455,-25.727,27.215,-66.793,6.65,10.649,26.816,11.3,-11.803,-1.202
32.659,-120.601,-34.496,-3.579,41.273,-58.257,13.973,28.291,16.541,-0.197,-4.165,0.472
30.316,-100.434,-85.392,-26.551,30.462,-45.264,18.502,23.156,17.443,28.3,-16.739,3.097
25.937,-82.804,-103.406,-72.433,-3.032,-69.106,-2.778,31.149,8.396,2.678,10.678,6.744
27.327,-11.384,-74.725,-54.606,30.086,-30.774,-22.899,-25.766,10.757,14.343,-18.184,6.353
28.283,3.319,-79.03,-58.097,10.414,-32.337,-13.393,20.121,7.175,9.086,-1.032,5.801
33.204,-84.374,-80.6,-16.306,19.22,-28.826,-18.091,20.06,-3.217,28.536,-3.291,6.367
27.555,-34.102,-47.346,-52.497,30.955,-55.903,-9.609,8.362,9.468,0.751,4.459,9.766
29.973,-38.883,-30.935,-57.484,50.304,-7.932,1.455,-50.446,-9.86,20.544,-36.16,10.729
29.804,-28.02,-48.74,-56.075,33.82,-30.921,-2.968,17.632,17.477,-14.231,-10.074,-2.12
29.693,-58.901,-109.534,11.327,26.806,-36.465,-28.281,16.119,11.678,8.922,-0.679,6.33
26.133,0.984,-82.781,-85.143,13.726,-34.415,-38.075,4.539,1.95,-5.366,-2.575,7.239
29.147,29.727,-87.767,38.291,2.525,-71.958,-35.31,-12.252,-3.702,13.805,7.248,10.009
26.414,-13.168,-70.27,-28.174,17.299,4.208,-25.6,15.306,-17.584,28.178,-46.594,10.995
33.324,-20.653,6.128,-59.256,47.158,137.252,-6.287,27.328,-23.031,28.502,-74.226,16.411
32.842,-85.932,-61.45,35.09,35.946,-12.353,-11.451,20.106,4.827,55.137,-7.015,-10.577
27.045,7.61,-67.281,-24.702,29.589,-35.443,-34.147,-0.933,7.071,-2.551,-15.155,8.784
45.135,-24.592,61.811,106.316,78.249,38.193,-25.767,-15.883,-18.311,12.064,7.704,-11.67
40.72,-90.231,-11.954,39.183,-0.943,8.246,20.79,-0.451,13.606,2.672,3.775,-6.278
33.734,-130.997,-31.816,-3.123,28.578,-61.515,-17.383,43.021,6.845,-4.475,-2.814,9.105
30.871,-45.41,-46.444,0.687,31.915,-56.587,-4.439,-34.124,-3.853,30.125,-8.052,23.452
28.557,-50.719,-34.046,2.486,38.763,-46.529,19.152,-5.55,9.732,-4.016,-10.985,31.875
45.932,-1.377,63.122,53.709,39.09,-8.983,-45.68,-10.603,-17.73,-6.806,-1.105,12.654
42.284,-65.1,7.825,133.631,30.06,-33.717,-26.178,-8.18,-14.298,-4.142,-27.22,9.991
30.595,-11.305,-44.295,11.015,31.722,-65.269,15.294,-19.445,13.763,25.228,-3.045,10.099
30.907,-48.74,-51.128,-35.281,47.068,-25.672,-5.241,-17.471,6.796,25.487,-8.428,14.176
29.088,-57.356,-53.506,-16.514,45.189,-48.077,-32.553,-10.126,14.613,2.704,0.856,13.295
27.531,-6.325,-48.203,-58.752,40.337,-38.618,-31.402,0.175,18.43,-6.876,-1.217,1.699
28.489,11.225,-63.03,-45.502,10.569,-36.541,-23.597,7.121,15.851,4.78,-11.186,-5.553
31.586,-105.604,-103.719,-39.13,9.138,-57.343,-18.262,11.377,7.905,21.899,-1.868,6.054
28.57,-55.556,-96.186,-27.211,14.225,-28.858,-36.909,6.394,19.435,-5.031,-18.602,0.877
24.676,-14.795,-70.805,-79.412,15.326,-45.405,-23.667,1.864,11.914,-1.201,1.427,-1.299
25.566,17.501,-76.328,21.407,0.506,-62.293,-26.438,-11.665,-4.702,18.194,-10.211,8.493
22.026,0.274,-73.653,-65.614,13.398,-35.773,-27.432,-4.763,-1.07,0.639,-7.257,6.207
40.457,-69.555,39.874,35.775,14.311,-2.645,-25.264,-9.432,-16.751,-7.41,-0.128,5.789
44.635,-12.243,41.345,66.565,39.805,51.076,-29.642,-3.578,-9.812,-14.904,22.295,5.372
36.894,-89.646,-82.68,91.696,14.651,-4.751,-18.353,27.972,19.26,-6.356,-21.617,-7.64
27.311,-0.471,-58.219,-71.996,26.313,-44.65,-31.649,15.712,12.307,-6.636,-0.766,-3.388
26.868,15.824,-69.973,6.94,9.884,-38.052,-27.295,-9.156,-4.351,9.779,-0.297,5.879
30.922,-51.814,22.542,-130.046,33.519,22.098,42.543,-51.122,0.728,24.986,-53.648,-1.251
32.419,-49.744,-46.259,-20.812,51.504,-48.213,35.742,-12.269,40.854,7.476,-13.961,-23.887
36.358,-97.433,-36.23,70.469,-7.775,-55.451,0.78,32.831,-13.737,3.475,-14.812,0.477
28.843,-23.217,-65.703,10.398,24.302,-28.338,19.134,15.837,24.155,-4.775,-17.755,-2.563
29.124,-35.452,29.463,-136.757,34.884,-0.409,49.081,-40.132,-9.628,31.015,-21.461,-0.974
39.079,-110.809,32.792,86.979,38.334,-26.123,17.845,19.792,-14.195,-6.914,-7.496,15.66
31.843,-56.441,-14.911,-4.244,60.998,-46.279,-2.029,-38.638,-12.489,23.933,-3.46,36.213
30.614,-45.763,-28.468,-17.708,60.311,-40.687,-19.752,-0.753,5.575,-7.162,-2.955,31.995
31.221,-66.113,-101.156,-0.778,3.803,-67.621,-7.671,11.053,-6.246,31.404,8.935,11.428
32.026,-109.915,-65.413,-8.266,47.543,-15.713,7.222,43.502,11.08,31.367,-8.564,8.804
28.766,-7.202,-86.715,-8.126,23.139,-16.992,-21.679,-12.612,16.063,2.242,-22.93,4.228
33.87,-41.804,14.803,-142.759,36.993,29.852,-8.003,-70.143,-20.196,26.644,-30.292,-0.638
42.665,-17.852,52.882,52.424,40.382,-24.29,-45.202,-15.391,-4.225,-11.302,-16.443,-1.665
38.112,-158.285,31.682,-22.45,14.934,-31.342,8.301,-6.528,-20.304,-6.401,-14.208,4.281
36.906,-133.128,-30.271,64.872,5.407,-33.996,20.435,28.724,9.831,-3.404,-26.064,-5.12
29.822,-74.739,-48.506,-57.621,32.913,-56.571,29.265,5.501,20.533,12.986,-4.396,2.669
31.169,-65.262,-32.866,-52.234,40.16,-54.62,37.197,6.639,28.334,8.996,-5.769,4.02
30.572,-50.98,-51.975,6.356,36.15,-58.668,24.794,8.305,21.286,19.242,-8.265,6.019
32.959,-85.24,19.274,18.662,54.129,6.253,37.128,36.408,17.124,42.57,-8.492,-26.138
31.14,-101.152,-103.47,3.371,26.189,-47.292,-4.919,22.222,0.576,8.79,5.029,1.839
26.895,-43.592,-83.226,-65.612,18.608,-56.897,-0.232,4.137,25.744,9.271,-0.782,4.247
28.079,-8.744,-79.057,-62.989,17.62,-49.161,6.503,0.762,26.198,9.143,-2.279,-1.276
27.829,-11.095,-100.149,-28.483,12.679,-52.771,-7.222,3.196,15.094,1.767,-18.039,6.66
23.869,4.231,-84.681,-73.306,-5.053,-36.488,-8.148,5.714,6.55,1.609,-10.627,-3.739
31.26,-45.566,-22.141,-71.616,55.402,36.415,34.6,-12.388,-11.757,43.38,-23.676,2.858
31.292,-115.602,-109.472,-18.274,15.029,-70.453,-7.049,12.018,7.132,17.854,-0.651,6.76
27.515,-80.698,-95.223,-52.437,21.061,-46.826,-17.374,23.71,20.049,-4.064,-7.65,3.677
26.199,6.264,-45.8,-61.457,31.24,-37.071,-21.31,4.002,5.859,-4.245,-3.759,11.637
26.944,26.684,-53.713,21.675,11.963,-43.092,-19.262,15.066,5.099,17.487,6.373,7.555
21.547,51.152,-48.349,-63.112,-8.346,-39.459,-1.863,11.458,3.253,-0.312,-0.576,-6.311
23.055,77.529,-42.193,-60.384,-3.109,-37.981,-0.201,-0.81,-0.758,3.017,-4.076,3.554
29.173,-58.371,-113.279,-5.65,5.004,-15.199,-20.095,26.38,-5.213,52.019,26.025,-1.804
26.691,36.572,-69.003,20.888,-12.445,-65.355,-28.225,4.27,2.488,17.366,-14.726,11.847
21.972,83.7,-58.639,-68.774,-31.004,-33.643,3.151,6.728,-9.494,-2.992,-4.564,11.604
27.825,-42.234,-37.176,40.23,40.997,-26.811,-3.666,68.384,-18.973,11.954,-16.424,31.349
43.496,-10.167,41.489,98.371,42.194,13.251,-47.613,5.038,-18.862,-5.841,-24.67,15.287
40.153,-67.95,-5.865,37.836,-2.143,5.758,35.16,9.694,3.679,31.884,18.175,2.761
36.351,-98.844,-25.403,8.76,43.569,-38.165,12.364,6.295,-20.02,28.214,-10.105,22.812
41.28,-117.394,-8.802,44.755,45.404,-31.438,28.841,-6.417,-1.967,17.163,4.629,4.32
34.934,-112.206,-60.124,-10.685,41.156,-57.403,15.572,8.125,11.652,0.057,10.695,13.816
33.407,-90.824,-58.489,-12.217,8.615,-53.229,4.825,43.847,-2.512,3.206,-7.394,16.926
29.412,18.768,-32.619,22.357,24.764,-67.112,-21.505,-18.695,0.343,19.495,0.568,21.808
34.615,-44.512,3.883,-14.387,58.615,37.367,-4.004,-0.269,-20.807,16.927,-6.263,7.903
43.393,-38.545,11.523,50.248,17.686,35.115,2.238,5.458,-5.431,7.314,12.002,-7.822
36.052,-92.095,-46.077,6.681,-0.094,-42.56,6.541,12.423,-14.109,-3.314,-11.197,9.001
32.289,-128.476,8.732,4.63,42.073,-50.323,-4.736,39.467,-8.208,-9.682,-3.29,-4.919
29.289,-24.209,-10.236,-39.331,47.736,-40.169,-4.769,10.617,7.253,-10.256,-0.195,3.726
30.329,-17.293,-41.172,-3.846,46.628,-23.167,4.004,-32.687,10.394,5.558,-1.47,7.388
40.28,-50.816,42.627,60.745,32.259,6.517,-32.2,5.192,-23.096,-4.093,8.158,5.711
43.123,-6.787,57.755,58.342,35.985,-15.402,-35.284,-3.033,-18.23,-0.931,-10.379,12.218
36.701,-123.601,-36.56,0.344,2.155,-43.922,6.853,12.293,-23.42,1.66,4.807,5.01
46.304,-8.127,36.503,72.904,20.342,-24.38,-35.286,-4.624,-11.216,-8.111,-21.486,8.585
43.946,-24.702,43.57,52.654,23.681,-21.322,-35.755,-15.455,-20.341,-4.347,-15.326,6.997
37.877,-73.805,-50.358,32.783,11.975,-61.805,2.374,1.159,-2.518,37.745,-12.588,5.741
39.162,-63.0,20.082,5.489,33.88,60.643,-0.571,6.913,-14.031,13.384,-4.902,-3.173
39.107,-88.65,-10.03,73.12,40.967,29.341,-17.783,19.218,-2.733,-1.304,-13.082,4.565
35.231,-124.022,5.821,21.447,33.001,-26.42,-17.981,23.461,-27.067,0.529,-4.631,-4.083
38.157,-95.543,17.523,25.185,16.457,-23.485,-21.569,9.552,-22.79,-2.089,-4.038,-0.744
36.251,-59.029,-51.212,26.202,27.476,-24.524,10.056,54.041,-0.046,4.568,-7.318,-4.212
30.13,14.367,-51.214,32.182,40.721,-61.275,-11.612,-4.107,13.291,12.278,-0.318,-4.161
29.722,-77.969,-118.113,-29.425,-7.093,-67.562,-2.987,12.351,-8.405,26.6,-0.435,8.252
38.476,-56.285,27.136,4.301,18.21,25.854,89.72,22.674,17.294,29.563,37.424,-14.508
41.558,-9.169,43.749,84.712,-0.578,-27.173,39.022,9.883,10.064,3.612,-57.257,-16.364
33.356,-108.931,-39.253,30.085,29.882,-33.646,30.07,65.992,10.574,15.289,-1.624,-4.395
30.076,-14.24,-5.74,10.291,45.842,-51.422,15.759,-20.465,-0.388,33.08,-4.108,10.162
32.34,-23.613,66.685,-15.721,47.428,18.708,60.309,-1.769,-3.219,2.941,-39.664,17.766
31.288,-28.502,22.638,-10.259,70.628,-45.432,46.349,18.779,29.456,8.264,-18.776,-2.214
32.916,-70.619,-90.249,7.248,9.505,-53.235,-11.813,24.639,8.871,-3.755,-0.112,12.019
25.467,-11.892,-62.25,-62.015,27.016,-43.894,-7.5,1.304,18.535,-0.794,-0.753,4.294
27.283,16.98,-57.822,-50.969,30.241,-34.329,-15.077,13.82,0.345,-0.08,6.711,13.233
31.113,-22.251,-84.221,-11.773,21.93,3.592,-5.747,-33.477,-13.99,54.918,-5.822,12.773
30.23,-16.994,-86.836,-30.461,19.404,-22.732,-19.263,-0.805,13.442,-5.987,-5.183,-1.56
26.794,-0.472,-86.071,-27.835,7.751,-46.059,-24.839,-3.761,4.509,2.003,1.767,-8.473
27.262,-1.695,-91.69,-70.347,-11.727,-38.673,-2.421,8.856,1.652,13.398,-20.084,15.877
29.667,-58.344,-112.715,0.183,2.427,-53.483,-34.016,14.078,5.286,30.042,-4.221,6.009
25.969,-16.302,-96.666,-71.956,6.938,-46.836,-43.817,-4.624,9.27,4.532,-1.476,4.867
26.589,-18.369,-99.547,-60.152,8.602,-35.763,-42.56,-5.114,5.179,6.731,-20.347,12.121
31.271,-39.264,-42.051,-22.877,16.171,54.361,-18.594,35.437,-23.62,35.178,-50.453,7.122
40.331,-22.851,22.859,-19.96,42.755,142.87,5.545,12.798,-8.415,23.141,11.448,1.322
39.355,-111.502,-25.875,64.399,18.605,19.302,-1.742,46.922,-12.926,21.897,3.402,-10.99
31.259,-7.142,-27.922,-5.193,54.958,-9.741,9.73,-10.105,8.554,-23.831,-31.706,5.725
31.406,37.97,-35.228,-8.404,42.396,-8.117,-16.989,-19.849,27.227,-5.673,-7.862,-8.587
45.311,-14.12,73.493,50.962,85.495,83.821,-10.593,-8.276,-14.469,19.389,40.127,-18.781
41.9,-98.587,3.586,17.624,6.927,-7.796,14.438,6.792,19.49,-11.727,-15.0,-5.908
36.239,-145.647,-8.433,-2.753,19.575,-40.587,0.073,38.105,-7.33,2.534,-12.89,-5.759
31.021,-95.862,-46.792,-20.505,27.08,-40.087,-23.316,24.503,-2.108,14.19,-11.539,-0.127
28.631,-6.027,-53.249,-57.823,16.46,-47.2,14.244,6.297,12.396,-1.912,-5.216,3.712
31.284,-51.034,-30.029,-0.39,45.168,-14.581,33.145,11.012,-8.303,12.295,-5.166,28.472
46.277,-3.638,18.766,112.608,28.301,-9.657,-45.49,-15.049,-12.644,-8.775,-32.38,13.17
34.45,-83.337,-11.853,4.967,14.431,-48.924,6.449,39.207,-11.771,-17.257,-2.652,5.702
33.092,-88.807,-3.24,-14.793,19.031,3.565,7.021,53.708,-30.231,23.705,-14.614,-4.099
30.01,33.449,-36.031,29.584,0.628,-77.634,25.288,-6.029,-12.431,18.302,-10.504,-5.912
31.792,-18.144,-44.969,-48.197,31.626,17.034,12.495,-26.173,-16.071,33.587,-24.139,7.776
31.42,-122.968,-105.458,-53.846,-4.502,-60.949,-3.195,14.235,-2.242,11.358,3.059,9.059
31.513,-100.501,-114.433,-87.623,8.74,-47.641,-2.749,9.909,3.133,-0.18,-0.382,3.402
33.109,-13.196,-88.648,-63.414,3.143,-21.185,-12.86,8.139,21.778,-11.322,-9.678,-2.685
34.077,-78.841,-83.676,-10.62,6.902,-54.317,-7.23,16.832,7.633,25.976,1.489,4.154
29.713,-10.416,-80.984,-14.85,27.453,-25.299,-35.922,-2.736,12.244,-6.835,-15.272,-0.787
26.907,31.281,-48.948,-52.735,22.52,-18.725,-36.187,5.967,-1.111,-11.598,-16.775,16.698
33.778,26.165,-106.319,125.684,19.545,-36.18,-48.11,7.947,-6.388,8.012,22.643,4.401
27.856,-17.385,-51.529,-94.607,21.72,-3.406,2.944,-48.635,-11.142,38.603,-44.497,24.632
47.575,-0.092,16.437,56.089,2.891,-4.512,-44.269,-2.763,-16.703,-3.958,-23.866,3.845
41.292,-29.519,-23.48,126.714,13.058,-9.471,-46.465,14.185,-9.11,-0.88,-43.058,10.928
38.419,-71.035,-45.961,-16.095,10.043,-9.203,3.017,-1.441,-3.633,13.111,-33.789,2.818
33.669,-123.455,-8.108,-1.626,49.756,-58.575,-7.378,15.516,-14.379,0.791,-8.572,11.228
31.384,-51.004,-37.372,6.476,55.552,-68.378,-31.51,-13.887,10.399,21.293,0.028,-3.406
29.852,-96.448,-35.72,-37.057,30.391,-51.65,-1.756,8.656,-8.913,-3.682,-0.39,6.166
32.452,-96.158,3.98,4.949,6.922,-40.97,21.252,26.162,-35.719,-8.491,-9.928,10.013
38.084,-49.238,21.258,18.767,26.122,20.211,19.696,-22.927,-22.929,52.928,0.994,13.422
35.51,-64.334,-50.502,16.834,53.065,-30.654,13.368,-53.923,11.728,2.82,-6.502,8.295
43.805,-32.868,1.993,74.158,29.864,-11.451,18.121,-4.865,7.758,24.116,-32.86,-11.209
36.277,-84.343,-39.351,-0.805,13.357,-10.167,5.972,32.297,-7.088,12.042,-21.327,-2.377
29.981,-4.873,-42.641,9.35,33.851,-76.167,-2.268,-21.751,9.784,27.615,-20.384,11.833
28.165,20.643,-36.274,-0.138,33.873,-46.364,-10.661,-0.343,5.01,9.455,-0.356,1.94
26.224,32.508,-41.654,11.293,20.869,-58.526,-20.616,-13.515,-1.576,5.919,-9.531,9.375
41.375,-52.546,70.171,8.764,56.043,89.352,16.954,-5.172,-16.539,35.831,41.578,2.04
41.401,-88.4,-3.143,71.627,23.328,12.995,-0.686,16.398,-7.75,-29.368,-18.361,4.567
33.066,-43.98,-23.054,7.24,70.535,-46.566,-39.079,-45.108,-12.417,28.967,-1.965,28.203
32.129,-41.009,-63.611,5.166,39.839,-42.552,-41.458,-7.573,-0.716,8.171,10.896,4.408
31.584,-81.639,-104.642,-6.088,10.937,-21.099,-10.603,0.212,-2.678,31.573,12.4,5.349
28.878,-43.722,-107.015,-80.863,5.409,-53.169,4.224,13.203,12.601,-3.284,-2.637,3.78
31.798,26.192,-95.334,-52.965,-10.363,-30.181,-9.747,-4.029,17.005,-3.795,-5.526,5.82
33.452,-71.482,-98.003,-24.687,8.32,-58.399,-10.079,13.305,8.198,5.756,-13.916,21.922
29.007,-51.506,-108.833,-56.942,-7.825,-68.598,-11.004,8.426,18.43,15.527,7.836,4.179
29.743,26.212,-101.92,44.132,7.728,-14.793,-5.573,5.845,13.668,5.344,10.544,-3.91
35.029,-35.129,55.389,-204.136,27.864,71.622,7.035,-43.87,-23.648,34.817,-32.278,5.512
44.132,-31.755,43.005,11.716,35.234,-31.104,-61.976,-14.82,-8.163,-16.74,-1.262,7.255
39.891,-105.653,-4.459,80.987,19.178,-39.69,-10.704,29.985,-9.697,0.181,-36.133,7.153
32.919,17.19,-66.838,-3.437,27.047,-29.541,-4.452,-22.289,23.228,2.643,-3.645,2.452
31.191,-90.822,-10.23,7.851,64.112,-50.466,25.255,19.942,30.798,22.825,-21.616,-14.173
30.366,-78.609,-84.899,-35.881,25.18,-51.3,10.424,10.914,29.124,27.449,7.322,-6.497
38.18,-54.585,35.951,-97.005,23.62,40.695,91.223,-6.234,19.158,14.061,-21.339,4.882
37.832,-89.106,-7.018,125.931,-0.271,-89.604,59.708,68.448,14.226,-12.596,-32.719,18.309
28.379,-12.717,-91.851,-8.104,4.349,-70.264,-10.693,-6.925,5.197,24.5,-10.525,7.859
25.206,-17.398,-79.43,-47.241,10.203,-46.218,10.046,-2.052,14.438,2.001,-11.896,12.038
26.531,35.92,-66.74,-37.04,6.208,-30.373,4.944,4.934,14.329,7.964,-9.446,21.832
31.89,-5.902,7.789,-166.44,8.594,21.381,44.803,-52.08,-10.816,27.988,-46.084,13.401
32.484,-60.163,-27.081,2.759,17.952,-39.088,-14.249,29.781,17.053,-0.644,-20.515,-9.535
29.835,16.752,-38.857,24.046,20.963,-75.625,-26.61,-27.844,-9.177,26.167,-1.037,5.191
27.913,-49.132,-29.909,-33.177,63.659,-29.995,-26.267,-15.047,-7.307,16.266,-8.293,-2.0
29.465,-68.003,-93.975,-8.333,13.033,-34.584,-12.938,15.368,-10.31,33.157,6.031,4.651
28.771,4.001,-87.071,-46.383,-7.463,-25.07,10.462,-18.775,3.747,-6.005,-14.446,-3.265
27.848,11.314,-58.246,-51.228,10.952,-39.926,-14.828,-0.088,16.29,0.64,-1.643,4.118
32.394,-108.606,-103.863,-25.614,4.3,-71.164,-21.599,0.789,4.678,5.149,-0.231,5.434
30.48,-37.554,-97.573,-22.861,21.182,-41.681,-35.109,-7.305,4.329,3.997,4.464,12.374
27.944,-34.707,-74.228,-20.586,25.246,-55.652,-25.696,-11.661,-0.94,5.357,-1.46,9.43
26.224,1.346,-70.004,-72.019,17.424,-35.609,-25.485,6.493,15.076,-1.988,-5.122,5.273
26.3,12.949,-86.419,7.496,8.221,-40.642,-22.77,-14.337,2.327,11.655,5.365,5.284
27.142,-13.271,-28.882,-93.539,26.896,14.698,-7.294,-1.829,-6.593,22.967,-61.36,16.356
34.809,-22.31,-34.813,98.422,12.483,19.205,-12.074,72.881,6.349,22.558,1.162,-5.176
33.557,-30.132,-2.047,-42.536,31.538,73.378,30.575,-41.374,-26.865,58.708,-30.514,15.926
32.36,-91.835,-43.865,-34.43,4.808,-47.933,0.331,9.399,-9.482,2.429,17.373,17.441
34.103,-91.409,-24.973,-34.705,17.355,-27.302,12.954,1.977,-33.726,-5.874,4.91,18.289
38.401,-98.659,-33.337,-29.679,11.486,-2.21,16.424,-17.697,-33.422,-3.662,-1.773,-1.96
36.033,-100.535,-62.982,-3.946,7.104,-43.688,-11.815,-9.322,-25.097,-22.441,-11.674,-12.724
34.868,-28.373,-73.098,-46.39,15.302,-28.281,-11.769,9.712,5.811,-12.58,5.526,1.422
34.511,-52.564,-49.094,-30.803,33.912,-5.864,6.632,13.938,-12.278,26.714,-24.43,12.724
31.351,-37.143,-54.787,-48.377,37.19,-45.22,11.189,5.1,17.481,8.809,-1.905,19.802
33.381,-38.629,-46.8,-31.151,24.707,-22.991,13.592,-46.422,-3.2,16.284,-1.967,8.654
35.714,-63.922,1.964,-45.401,34.108,-12.701,12.129,-21.961,3.664,16.337,-34.288,11.451
34.405,-60.599,-58.387,-0.374,34.42,-59.689,-9.279,-31.304,-4.786,14.366,-17.295,12.964
32.366,-98.521,-71.995,-45.477,43.868,-41.248,9.114,-1.231,26.234,3.506,-11.509,6.212
31.035,-54.967,-79.783,-29.104,39.399,-68.156,-10.307,1.445,9.909,13.717,6.349,2.413
30.006,-3.514,-80.918,2.263,20.799,-29.911,-32.158,-13.969,3.245,-1.141,4.394,9.67
28.956,-67.099,-42.143,-115.179,48.859,-19.066,-1.551,-31.029,8.113,7.016,-14.515,8.474
38.609,-33.973,-40.084,32.968,22.432,-39.399,14.32,-75.974,-3.325,22.512,-14.415,8.964
35.797,-56.953,-66.745,-4.774,30.228,-22.69,4.196,5.294,27.048,-25.039,-5.792,12.731
32.586,-111.339,-76.176,-13.015,-2.748,-81.911,-18.048,31.79,-4.154,1.072,-11.445,2.936
26.93,-11.524,-41.437,-52.92,40.842,-38.135,-19.643,8.926,5.409,-1.837,-4.544,3.545
34.685,-64.571,-67.359,14.543,35.492,-37.866,10.433,-23.031,-0.925,30.527,24.489,17.472
30.846,-50.038,-47.821,-3.313,35.193,-60.007,0.268,-7.058,2.123,6.381,-1.412,28.191
27.759,-39.248,-62.109,-27.162,34.286,-36.066,4.62,-4.784,7.538,-11.219,-2.241,16.871
39.065,-54.072,27.689,22.087,30.565,59.715,1.383,15.732,-16.205,10.342,32.206,-6.952
37.263,-113.423,-14.436,-17.463,-5.682,-14.955,2.193,1.278,-22.531,2.689,3.713,-11.884
35.016,-59.872,-13.492,2.54,41.05,-51.372,-3.281,-13.622,-15.093,-3.593,-4.799,15.363
43.885,-13.118,51.659,-47.927,48.323,108.752,-2.774,4.014,-6.901,-21.041,-13.592,3.246
41.052,-30.622,-34.907,-5.151,-2.398,-38.018,2.098,10.443,-11.372,-9.234,-15.534,-4.884
36.581,-71.383,-49.61,32.529,6.649,-38.006,7.759,45.895,-8.153,-18.968,-17.521,7.424
30.17,-4.196,-64.725,31.103,17.645,-55.753,-19.775,-6.813,-5.458,29.011,-14.887,17.472
26.185,31.622,-66.526,-73.009,12.572,-27.524,-16.204,4.462,4.494,-7.018,-3.328,12.979
30.788,-92.298,-75.705,-30.495,37.81,0.573,-12.405,9.5,-2.971,30.023,-10.963,6.304
27.62,-74.363,-93.116,-65.497,19.204,-56.321,-14.328,29.926,14.652,3.823,8.081,4.792
29.127,19.556,-92.652,13.234,13.444,-8.542,-12.509,-11.737,8.727,1.342,2.611,2.194
39.657,18.027,31.724,138.344,47.326,-10.565,-33.142,9.602,11.495,-5.853,-73.525,-19.034
41.623,22.849,43.439,98.765,38.79,-25.72,-18.837,7.933,16.593,0.707,-57.429,-19.378
37.569,-11.929,5.232,-110.274,4.35,61.968,42.521,-10.423,-1.271,27.67,-53.11,10.68
34.71,-77.717,-38.845,7.526,4.822,-40.156,2.571,34.266,12.183,-10.381,-25.344,-5.19
30.582,7.137,-69.236,6.934,0.056,-65.935,-5.874,-16.092,-0.268,29.185,-0.85,-4.862
29.033,-36.179,-92.588,-19.877,-3.924,-32.531,-2.92,22.278,-14.491,31.338,1.008,-2.744
35.209,-75.547,41.756,-55.466,35.638,86.912,11.512,-6.642,-29.363,38.996,-7.931,-0.807
42.057,-110.989,14.704,19.392,13.318,-5.263,5.049,-4.866,-16.124,11.213,4.347,9.053
35.289,-56.204,-10.324,53.327,49.185,-51.594,11.87,5.227,-4.283,-6.571,-15.099,26.475
28.628,-76.415,-12.084,-51.36,47.39,-45.1,0.958,5.522,-2.313,-6.345,8.566,35.653
32.575,-91.222,35.534,-58.835,76.735,-26.359,21.071,-34.354,-17.471,10.126,-6.132,28.316
33.861,-52.309,-11.364,52.005,86.564,-68.502,-13.179,-11.215,-3.082,8.36,-0.105,18.472
28.263,-51.038,-65.09,-26.316,40.445,-38.013,-11.898,8.454,-0.227,20.214,-12.432,8.544
26.754,15.569,-57.713,15.476,11.956,-64.509,-9.711,-4.328,8.372,18.986,-2.702,5.427
28.037,3.855,-64.666,-109.59,-0.719,-16.231,-1.594,-6.81,1.975,1.183,-18.316,16.613
30.495,-78.453,-95.485,-14.472,16.111,-55.974,4.111,34.074,11.387,11.214,1.811,12.469
27.793,25.803,-65.707,19.969,19.161,-65.653,-29.375,-17.911,-8.651,16.466,-0.206,22.223
33.908,26.624,54.807,-58.494,49.227,109.912,15.61,32.948,7.781,11.222,-86.818,-4.785
42.053,34.161,55.31,129.87,35.352,-13.407,-12.655,33.421,13.728,-3.736,-64.834,-9.401
38.809,-74.099,-26.044,29.021,2.359,46.089,24.591,21.788,4.897,-6.488,-32.494,-3.465
32.257,-113.855,-19.493,-33.033,27.934,-44.664,-6.6,31.014,-21.265,3.544,7.741,18.401
31.113,-40.846,-55.947,19.83,28.564,-52.424,-7.134,-18.945,-16.727,5.19,4.526,31.583
28.135,-21.636,-40.051,-46.889,29.099,-53.147,0.571,3.548,-5.667,-9.44,7.678,32.56
29.226,-84.573,-114.404,-20.777,-4.034,-80.245,-13.181,17.081,3.596,1.655,-3.635,8.114
34.4,-76.787,3.106,-80.547,26.998,44.107,43.091,4.357,5.93,31.448,-21.674,-1.582
44.02,-114.603,17.368,5.42,8.4,-31.007,-10.569,-2.866,-8.674,-8.565,0.855,7.71
40.544,-133.271,20.345,52.413,31.39,-36.042,-30.469,20.477,-20.131,0.658,-30.802,3.736
32.534,-132.934,-4.013,-57.676,43.623,-34.323,2.796,15.058,-12.5,-2.034,-3.406,15.968
31.851,-95.21,-23.015,11.715,62.504,-55.99,-21.445,52.885,3.097,-9.679,-10.274,-1.295
32.298,-32.846,-40.09,23.774,52.945,-19.959,-44.727,-37.097,-25.428,40.777,-18.231,7.182
29.205,-52.3,-1.639,-115.75,47.585,-12.757,-3.095,-50.726,-15.59,9.592,-10.424,9.115
38.153,-112.749,-9.251,7.179,-0.111,16.436,24.171,10.313,-11.097,12.336,2.053,-6.211
34.67,-108.501,-15.73,26.9,14.66,-37.154,15.087,46.232,-16.823,-11.34,-16.586,-5.484
31.279,-95.635,-24.557,-4.687,28.489,-29.384,6.791,60.055,-13.503,5.81,-5.914,5.605
28.317,-42.251,-46.592,-64.067,35.873,-23.163,18.619,-13.689,-3.641,33.505,-27.259,2.816
26.995,7.902,-97.175,-8.583,11.349,-64.217,-25.684,-16.756,8.26,14.864,-2.004,-2.173
26.909,-15.857,-85.387,-77.938,-5.1,-34.444,6.224,20.812,-0.062,6.954,-3.277,22.17
30.056,-77.41,-74.04,-30.476,34.243,-22.362,-15.505,39.121,12.873,1.179,-9.312,8.074
27.363,-8.609,-76.175,-63.945,13.108,-40.347,-32.837,-2.603,6.757,6.188,-0.515,15.939
28.832,31.981,-90.774,36.502,15.268,4.497,-13.228,-12.429,-0.954,-8.606,-7.418,10.125
24.181,12.867,-76.076,-80.225,-6.703,-37.071,-29.106,2.53,-9.48,-6.967,3.322,5.042
29.865,-17.465,-17.234,-74.868,6.317,54.512,-15.513,-14.139,-27.221,25.71,-78.448,11.259
44.445,-42.351,-17.985,19.265,13.651,108.986,14.245,18.949,6.805,-15.224,1.386,-2.986
37.974,-103.156,-22.574,78.587,17.561,-11.485,-3.6,54.178,-11.394,2.618,-10.334,-24.789
32.343,-29.807,-58.767,25.68,31.77,-53.717,-30.285,-45.197,-10.625,27.539,-11.844,18.184
29.458,-68.083,-47.382,-54.543,56.523,-46.421,-34.26,-1.681,13.709,1.298,-0.569,1.435
29.558,-62.287,-46.432,-19.111,53.776,-57.388,-28.509,-12.518,11.962,16.523,-5.272,6.654
27.954,-50.31,-56.279,-20.445,60.647,-45.737,-32.816,-16.945,22.748,7.372,5.795,-10.205
33.855,-25.275,76.226,-170.775,76.957,-0.25,-7.133,-43.821,-1.987,18.652,-11.231,-7.663
33.854,-114.691,-14.505,-5.042,27.784,-0.047,1.915,24.577,-1.842,19.326,-33.362,16.388
31.809,-58.952,-36.599,-50.998,41.762,-23.535,8.251,-47.817,-3.85,18.597,-2.679,10.912
32.091,-114.722,-84.834,-26.068,2.422,-72.203,6.719,34.276,3.494,8.463,-3.074,21.215
28.527,-30.679,-74.289,-30.923,24.697,-35.224,10.16,-7.81,11.841,1.435,-13.25,18.142
27.603,10.819,-71.997,-1.286,31.157,-36.774,-11.614,-21.564,15.43,2.107,-11.45,2.818
33.93,-112.474,47.727,1.323,51.419,-32.768,-33.922,13.866,-32.916,-13.246,3.456,3.267
39.09,-70.811,47.566,46.479,39.372,-4.596,-14.35,-2.815,-25.369,3.611,3.381,8.543
34.931,-84.367,-9.075,10.437,47.311,-45.427,1.337,-18.587,-22.23,7.037,-1.202,28.367
32.167,-121.131,-79.259,-28.11,4.309,-76.777,5.916,32.2,-6.173,-6.287,-2.397,-0.455
31.502,-78.785,-68.689,-43.082,29.52,-1.608,3.289,-6.525,8.97,6.937,-30.093,13.046
29.585,-38.066,-117.251,-29.426,25.647,-39.202,-10.732,-9.226,23.487,-10.911,-15.636,4.573
32.11,-92.185,-89.04,-43.152,15.854,-38.478,4.337,19.47,-5.859,26.037,21.414,20.823
34.059,-80.709,-20.427,-8.273,19.666,-24.215,10.426,13.55,-12.671,2.108,2.545,21.147
34.398,-68.325,-26.942,-54.089,31.954,-41.086,19.518,-19.781,1.236,20.97,-3.151,18.35
32.073,-47.268,-83.063,11.063,24.87,-49.207,-18.923,43.732,12.442,-4.896,-3.669,16.997
29.806,-40.395,-106.04,-17.802,-0.236,-38.64,-3.541,47.654,-4.698,23.186,24.357,14.092
30.097,40.366,-95.684,47.863,-8.264,-24.505,-8.109,12.045,-4.867,17.89,24.052,1.002
26.69,49.109,-81.217,-40.024,13.427,-39.188,-2.918,-8.335,9.507,6.194,-13.485,8.422
36.196,-34.141,42.137,-110.794,30.247,91.911,4.515,-15.399,-21.746,33.147,-25.422,7.692
45.646,-20.071,42.269,52.936,28.977,-4.312,-29.859,-7.337,-13.394,-3.696,-4.422,14.23
38.814,-57.681,-77.585,1.554,27.679,-39.661,-7.755,-13.247,15.942,33.987,-24.502,-2.445
40.809,-40.728,7.235,79.714,11.754,-15.269,-1.3,22.797,13.339,-7.133,-51.83,-1.153
41.015,-1.682,-6.268,125.812,43.021,27.872,-9.952,11.45,9.754,16.427,-41.192,-16.54
28.715,9.875,-49.755,-40.206,12.26,-42.268,-11.239,5.51,3.206,8.157,-10.678,-18.159
47.015,62.436,107.772,100.217,20.559,-6.0,42.799,-14.924,3.7,14.017,-38.09,-31.63
38.33,-40.263,95.148,137.566,31.196,-53.912,91.626,57.674,3.09,-2.572,-40.395,20.649
34.762,-38.615,100.224,27.293,54.566,-56.444,96.194,29.129,17.496,-1.864,-14.528,-16.356
40.548,-17.277,93.184,8.476,24.59,-19.466,58.229,5.247,15.133,6.68,-9.86,-33.965
41.484,-83.948,8.675,3.271,4.217,-24.463,40.386,2.95,-2.418,26.394,-0.652,-20.213
38.9,-65.47,-11.356,92.255,3.563,-38.206,26.791,28.934,10.404,4.241,-39.015,-19.15
28.768,16.031,-52.094,0.891,8.727,-80.353,9.602,-11.812,9.721,28.306,-4.875,-7.401
29.664,-106.461,-106.413,-21.944,-3.318,-67.524,8.92,4.113,1.796,19.341,-0.129,10.939
42.701,-82.95,25.355,20.928,21.123,50.954,38.981,7.225,-0.455,8.418,33.047,-13.753
42.818,-88.352,34.273,89.934,34.531,-30.153,-6.038,-7.718,-17.163,-9.789,-30.413,6.675
41.522,-68.799,29.586,72.984,65.871,105.633,5.553,23.985,-1.163,-31.513,-26.324,7.786
36.221,-99.488,-32.825,-25.51,34.035,-30.208,14.76,-8.68,-18.728,33.022,-0.019,16.011
34.269,-97.703,-45.303,1.62,36.158,-41.028,37.326,-13.831,2.089,-15.634,0.871,20.312
33.468,-23.747,-54.231,-31.086,50.255,-49.148,-11.572,0.505,33.15,4.591,-5.9,1.218
32.183,-83.474,-105.259,-24.543,16.643,-60.789,-25.533,10.835,16.568,7.692,-19.452,6.745
29.42,-30.961,-110.492,-16.528,-1.066,-40.996,-18.78,28.045,12.582,-2.955,-3.627,8.241
32.719,-96.29,-6.141,-67.031,31.098,39.648,-15.654,-0.276,-27.12,57.51,-6.364,-10.109
34.473,-99.936,-24.627,-21.767,40.646,-42.39,-8.077,16.886,-0.935,-2.585,-13.628,0.08
34.605,-103.122,-73.218,46.464,16.727,-61.512,6.37,28.189,-3.552,26.904,-22.537,-1.395
28.891,28.406,-67.386,-39.387,11.113,-3.834,-6.439,0.728,26.922,-15.272,-12.078,-4.069
37.17,-99.992,60.196,85.922,28.476,-27.208,77.062,29.003,-9.339,16.452,-20.365,21.542
43.298,23.144,47.732,108.662,-35.751,-25.697,83.658,12.171,-19.002,-9.235,-22.657,42.892
32.77,-73.992,-72.827,40.458,2.098,-57.926,20.048,32.313,-11.76,25.959,-4.684,26.635
28.838,9.621,-88.148,19.111,-0.197,-47.506,-0.865,-16.054,0.858,16.116,-9.731,9.048
40.482,-10.11,31.956,-10.575,45.706,152.282,3.795,16.173,-11.664,19.279,34.43,-5.301
35.781,-102.011,-54.393,61.511,-10.767,-33.102,-21.292,46.562,-11.158,2.212,-12.128,2.494
27.005,-18.202,-54.223,-47.001,34.609,-41.97,-16.295,-7.996,9.507,1.597,-10.07,1.91
27.863,3.802,-58.894,13.049,1.34,-75.201,-33.673,-1.033,-7.457,18.335,-7.951,0.257
22.98,47.261,-87.371,-38.295,-8.719,-59.82,-8.462,-16.172,-1.979,16.244,-5.385,8.263
24.244,48.149,-81.588,-51.613,-15.579,-28.141,11.704,9.17,-13.467,7.379,-11.703,6.749
30.825,-69.623,-110.311,17.704,14.598,-23.733,-20.506,33.509,8.115,23.46,9.7,4.952
25.694,-0.544,-73.159,-75.781,14.669,-38.841,-31.053,5.375,16.124,0.936,-3.455,4.489
27.85,24.943,-74.412,36.734,5.552,-54.308,-18.632,-12.955,-5.716,17.334,-5.435,4.329
24.553,20.211,-64.106,-68.606,8.108,-45.287,-20.527,1.404,3.976,7.905,5.039,2.264
33.111,-105.934,24.779,10.12,44.789,-40.137,15.615,7.418,-27.59,3.184,14.61,31.258
39.238,-59.811,-21.239,80.781,53.122,105.703,0.422,15.719,-3.723,-28.764,-21.698,11.406
36.474,-2.373,-91.624,35.225,28.92,-3.208,-22.722,-30.433,2.105,34.561,-8.574,7.723
30.713,-1.253,-79.32,-80.982,14.171,-20.284,-27.017,13.898,23.044,-8.444,-15.22,-2.959
31.983,-33.089,-78.715,0.509,16.259,-30.224,-13.054,30.879,8.628,22.853,-9.416,5.825
28.484,26.118,-86.922,9.311,4.259,-21.099,-11.455,-23.839,5.433,5.735,1.564,9.0
25.887,-43.31,-90.573,-74.944,14.277,-46.069,-34.865,-0.912,3.674,5.196,4.706,9.66
28.192,24.737,-88.625,-45.462,9.718,-38.277,-40.28,-12.107,-2.771,-15.651,-0.607,7.781
26.917,-22.462,-98.495,-36.4,2.01,-40.058,-15.492,-24.06,0.258,12.009,-37.339,18.278
25.047,43.459,-76.665,-60.797,-4.977,-36.368,-23.145,6.863,-9.2,-5.451,-11.136,11.984
27.764,47.511,-85.656,56.612,5.387,-60.226,-26.425,-6.67,-3.005,6.52,-7.956,13.876
21.7,10.7,-76.279,-73.287,-12.706,-38.796,-15.862,-1.427,0.253,9.907,-1.719,6.121
22.636,17.966,-86.562,-43.195,-17.309,-41.106,-14.15,-0.379,-4.568,4.403,-10.769,12.654
23.391,40.2,-89.504,-69.478,-30.253,-35.09,-9.394,-1.132,-4.561,10.986,-14.844,12.214
22.675,23.767,-81.533,-24.381,-21.3,-68.069,-8.594,14.246,9.019,-8.779,0.3,7.133
29.125,-83.172,-113.442,20.691,-4.332,-62.811,-20.756,49.438,1.839,10.75,11.047,-2.502
23.993,-0.653,-70.578,-65.502,1.632,-47.875,-17.993,4.23,7.996,3.913,-2.258,7.27
25.665,20.06,-69.143,-31.439,16.965,-32.052,-16.255,28.671,-10.764,-7.51,7.068,19.277
28.807,-52.275,-107.396,-30.414,4.649,-10.389,-13.127,24.228,5.233,14.468,-16.2,8.818
26.095,10.477,-96.772,-13.857,-10.276,-49.666,-14.252,2.087,-4.845,15.55,-3.402,4.179
24.249,23.469,-89.903,-28.706,-19.301,-25.599,-19.561,-3.948,-7.766,5.136,-0.794,4.599
33.538,4.462,73.724,-210.03,34.563,49.324,45.925,-40.46,1.897,28.594,-38.86,-12.328
43.91,10.997,30.88,101.26,27.957,-28.759,-21.858,-18.16,15.028,-1.641,-79.255,-19.609
34.597,-90.683,-59.996,-43.929,20.464,-56.527,4.109,8.298,-11.556,-10.316,-5.37,-8.034
35.2,-119.357,-9.563,10.728,52.072,-37.203,-1.346,36.052,-12.109,16.696,-15.834,9.096
33.576,-104.764,-1.521,31.176,33.168,-35.781,-13.84,33.013,-26.27,-12.606,-16.884,-0.149
43.497,-33.845,23.807,54.652,23.755,23.338,-20.934,-1.819,-15.583,0.342,8.441,4.504
34.565,-41.985,-77.188,-22.925,20.67,-20.94,-14.374,24.693,0.93,18.907,-47.384,11.706
28.145,-24.331,-86.054,-46.676,25.874,-55.515,-36.871,27.985,22.635,-1.941,3.692,2.49
28.386,17.908,-83.465,10.78,-0.059,-66.988,-21.484,3.646,-3.056,11.869,-10.279,19.365
27.232,-36.594,-64.052,-60.609,29.52,0.81,-19.039,11.728,-13.918,34.946,-32.477,-2.21
25.044,25.468,-88.122,-22.406,-1.868,-22.707,-13.343,-0.358,8.775,-8.655,-28.285,9.225
25.144,35.594,-47.435,-71.662,-4.287,16.691,13.025,23.372,3.085,-6.624,-27.548,14.775
34.608,-105.993,42.171,-11.579,40.225,-21.088,-8.061,1.773,-37.172,3.197,11.587,-9.524
38.592,-128.575,69.175,5.117,40.007,-34.36,-25.835,-3.151,-22.256,-9.77,13.023,0.139
44.942,-30.747,-34.306,158.85,20.993,-17.61,-55.139,-8.977,-0.276,-9.718,-36.624,8.497
32.5,-97.066,-49.954,46.606,10.733,-57.744,-13.422,51.442,-0.094,-9.899,-13.95,-7.074
27.947,-44.508,-62.4,-0.117,42.857,-44.406,-27.854,47.933,7.61,-1.375,9.751,-1.511
26.577,37.525,-51.325,45.145,18.31,-50.996,-14.448,4.633,-2.707,30.131,10.999,11.801
25.666,-18.685,-22.721,-102.521,41.337,-24.865,0.332,-35.075,-4.395,23.433,-10.661,5.195
33.922,-94.662,12.915,2.224,70.522,-46.042,-12.517,-10.984,-20.483,0.384,7.307,-1.893
46.758,-11.781,81.139,22.616,40.017,-23.493,-37.443,-11.034,-18.196,-6.059,8.651,11.014
46.801,7.972,73.862,21.23,44.502,-30.227,-26.222,-13.321,1.395,-0.562,1.143,26.443
46.052,-34.787,21.023,82.841,39.364,-19.401,-53.773,4.689,-3.85,-9.119,-41.286,16.409
34.795,-83.215,-90.696,33.465,8.548,-21.061,-12.572,59.019,-12.791,11.406,-2.929,-6.034
26.493,-3.466,-86.073,-34.632,2.623,-30.352,1.973,1.469,3.101,-7.487,-13.576,15.198
35.35,-105.356,23.219,10.085,44.231,8.542,-14.003,20.757,-29.657,24.993,18.123,-4.388
38.405,-76.301,-46.534,51.84,23.403,47.476,7.486,17.038,5.473,10.19,-8.425,0.639
45.53,-18.314,40.922,119.102,15.168,-18.31,-19.854,21.45,-8.383,-18.132,-59.503,13.982
44.898,-20.808,30.805,53.235,54.298,83.009,-6.849,12.675,-15.779,21.148,-18.103,-14.255
43.433,22.609,49.207,-39.689,22.846,79.806,24.988,30.089,14.541,12.315,11.736,-30.864
41.874,-57.411,4.03,55.443,36.496,-40.427,-27.526,-14.136,25.29,21.326,-50.405,-20.399
43.407,-72.276,22.407,93.313,31.936,-15.201,-31.428,12.838,-12.348,-1.598,-52.367,-12.335
34.519,-62.084,-27.421,22.533,53.831,2.086,-8.265,26.37,14.791,-24.659,-7.088,7.337
34.279,-25.162,-65.254,-39.672,34.675,8.074,-13.386,28.91,2.828,22.2,-5.79,0.171
33.588,-18.726,-77.27,-57.17,24.576,-29.039,-4.547,-23.596,14.542,44.761,-8.25,15.405
32.611,-41.442,-81.38,-25.851,7.617,-40.547,-19.844,37.913,23.927,4.326,-6.236,-2.414
27.748,-47.697,-58.182,-38.001,33.751,-29.958,-33.904,14.278,7.436,22.044,-6.045,1.239
28.931,45.348,-68.951,-74.803,17.166,-16.131,-29.465,4.476,24.005,-6.526,3.327,0.708
30.647,62.476,-33.669,-7.336,2.011,-14.311,14.107,-9.541,-5.363,6.276,-18.026,18.186
34.9,-12.264,17.28,-132.463,21.907,94.306,17.26,-14.828,-4.247,10.926,-56.813,14.298
46.055,-8.185,13.077,106.926,34.626,-10.827,-37.097,-3.318,-9.179,-6.327,-31.101,11.274
33.585,-59.066,-26.708,-10.811,53.319,-53.23,-14.062,29.823,-0.548,-7.63,-1.482,22.241
33.911,-63.977,-68.555,-30.694,15.038,-25.648,27.34,33.831,-2.869,23.14,-4.816,-3.011
38.93,-24.632,16.573,-71.219,5.39,58.386,44.912,-8.398,-14.449,-4.505,-30.594,7.589
38.847,-60.549,5.971,-6.426,7.542,-9.8,42.7,-12.582,-8.136,-15.285,-29.516,-7.238
36.713,-62.374,-21.559,9.691,34.435,-70.124,4.578,5.657,-9.083,22.667,-13.447,-4.809
43.634,6.521,41.576,54.593,38.75,39.563,0.369,-9.232,14.029,2.132,6.251,-23.965
37.989,-120.847,-33.021,2.347,52.499,-3.003,10.273,12.683,-12.398,10.872,-2.228,-17.231
32.699,-63.216,-68.515,1.247,40.948,-60.824,-24.007,2.272,5.958,-2.099,-3.381,-8.6
29.409,13.93,-64.608,25.638,18.143,-33.837,2.326,-31.474,-3.26,-2.265,4.718,14.14
32.776,-27.708,-89.416,-24.567,28.897,-17.361,-0.082,-16.758,-6.147,35.386,-8.624,13.736
39.559,-13.969,9.813,98.625,-7.182,40.427,22.967,14.131,-7.387,-4.937,-16.165,-18.787
45.712,39.098,66.017,137.955,24.538,-32.044,44.03,-13.082,26.201,17.455,-49.059,-7.636
44.904,41.038,6.8,103.083,27.791,-3.096,64.369,-5.31,31.082,11.824,-22.243,14.461
44.128,-47.066,14.626,179.78,36.933,-26.642,44.391,8.747,-1.595,11.479,-22.07,32.998
34.606,-110.335,8.654,-18.619,71.114,-50.774,-18.834,5.106,24.393,13.426,-5.006,-16.369
38.955,-79.252,-28.267,28.369,32.492,-11.141,-11.224,53.872,10.646,-4.379,-17.114,-10.726
40.937,-78.877,26.633,17.45,17.558,-11.348,13.758,30.856,-13.711,11.455,3.159,-7.278
40.432,-97.664,48.753,37.232,51.417,-38.243,-15.881,18.989,-15.107,4.175,-25.34,-20.939
38.709,-54.453,8.784,69.638,28.568,-35.204,-38.225,28.722,-20.909,-0.039,-2.407,8.232
34.957,-84.91,-30.623,7.186,47.141,-43.035,-30.264,45.334,-7.578,4.606,10.445,-0.353
30.313,-11.182,-40.325,-53.991,28.409,-14.811,-12.833,7.071,12.838,-4.565,-35.763,22.061
28.392,-27.194,-55.118,-49.153,25.927,-53.847,-8.972,4.682,21.023,9.327,4.929,15.374
31.552,-64.16,-123.072,-33.498,-3.623,-79.701,-19.82,24.528,17.695,1.944,-8.103,7.935
29.979,-8.143,-128.173,-8.279,-11.627,-12.51,-9.3,-16.112,14.677,-4.893,6.849,-2.871
27.038,-18.066,-102.216,-50.224,-9.049,-42.208,-14.899,16.54,15.808,5.086,-3.282,13.946
28.027,35.6,-88.087,-46.921,5.384,-16.919,-25.228,-12.164,3.018,-2.3,1.755,15.342
26.467,3.636,-36.139,-41.316,21.173,-81.735,7.284,-10.853,7.995,-16.024,15.028,10.597
38.468,-124.931,-16.529,40.86,-5.965,-31.755,17.153,11.455,-10.808,3.417,-13.409,-1.229
33.389,-76.23,-31.615,9.635,53.135,-55.782,19.722,-6.132,-6.124,-0.636,-0.988,25.017
30.006,-52.691,-83.438,-62.305,39.483,-43.738,-26.725,0.065,7.949,4.583,2.725,16.94
30.263,-7.251,-86.548,35.153,20.629,-26.715,-30.841,6.026,2.057,3.948,12.656,8.744
26.078,35.879,-62.548,-80.459,-4.995,-17.887,-20.998,9.869,2.376,5.389,-15.484,10.238
28.546,-8.318,-75.247,-103.991,10.733,-15.867,-4.306,-45.075,-0.143,30.903,-28.186,23.394
29.892,-48.945,-87.541,-63.193,25.644,-40.436,-24.454,17.692,19.931,-4.546,-18.84,9.583
28.372,-17.227,-91.325,-15.892,15.113,-42.904,-26.729,-14.88,1.804,11.174,4.054,11.796
33.864,-24.389,8.604,-169.256,38.318,48.659,-7.385,-35.875,-5.281,11.069,-71.261,19.728
45.218,10.391,56.588,58.625,52.916,-17.368,12.182,-11.474,16.423,29.538,-17.593,-26.495
49.645,-13.204,97.21,70.051,39.701,-12.21,-13.515,-10.365,-21.225,-2.118,-7.357,-3.316
43.043,-53.495,32.732,74.144,29.215,-34.919,4.195,6.415,17.534,5.562,-40.934,-17.317
38.72,8.8,23.053,88.818,55.22,-36.323,-40.131,-14.363,-10.671,16.733,-54.408,-10.691
45.296,-57.599,73.311,57.672,45.497,-4.519,-15.217,-1.454,-22.534,10.001,2.448,-19.924
37.886,-54.794,-95.546,73.109,13.585,-17.47,5.103,-51.991,1.503,-4.824,-5.632,-2.243
43.79,-45.434,49.825,31.885,23.643,-39.619,-5.606,-8.763,3.971,-2.597,-4.485,-1.565
39.313,-58.403,23.757,79.154,23.672,-87.242,-13.342,-43.624,-21.401,29.537,-9.221,17.409
38.986,-74.249,-60.479,92.558,29.087,4.172,1.96,-32.214,-6.615,-12.916,12.479,4.95
34.576,-82.419,-39.886,33.256,40.462,-8.789,-8.579,-38.241,-14.024,8.286,10.888,-2.37
37.292,-20.587,-86.711,90.222,37.742,-71.418,-28.528,-22.012,-7.145,11.643,-18.996,13.836
32.207,19.403,-92.49,60.611,18.216,10.125,-9.447,-28.633,10.231,-14.748,21.712,17.698
34.195,19.701,-100.67,117.465,4.223,-90.087,-32.927,-5.569,-9.052,2.879,-9.16,11.972
32.473,-46.491,-130.986,-55.159,16.97,-39.052,-9.7,33.1,18.97,7.388,-4.505,9.922
31.657,-40.748,-134.982,-38.82,0.735,-66.127,-17.571,15.699,15.53,-0.319,-6.214,16.065
29.569,-13.9,-88.232,-70.321,-4.207,-68.047,-4.834,3.482,8.933,-4.153,-6.394,25.634
29.819,-49.519,-123.427,-37.346,-6.184,-71.875,-23.768,30.634,22.107,-2.062,-4.972,12.346
31.237,-49.912,-63.967,-57.781,54.59,-19.191,0.972,-1.944,20.246,41.116,1.396,10.211
32.869,-72.941,-25.437,-2.916,67.439,-23.991,-1.118,2.758,8.826,19.845,2.359,11.98
35.503,-93.761,41.462,30.575,42.256,-45.259,1.358,39.316,-15.203,-7.817,-9.049,1.884
46.714,49.968,95.406,71.829,53.07,-24.937,-20.488,-14.269,12.326,-3.672,-20.25,-26.348
43.352,0.219,32.291,58.146,15.468,-16.572,0.815,-9.986,-21.169,20.064,-53.736,-4.794
39.127,-38.22,49.194,52.849,37.282,-21.665,46.919,40.204,0.494,9.367,-11.753,23.49
45.362,39.225,147.468,154.301,68.281,-46.936,90.203,26.448,11.814,13.605,-39.15,13.11
37.681,12.764,109.38,62.796,29.213,22.406,54.238,19.055,3.968,8.542,-16.788,-26.018
45.599,33.153,136.957,78.357,39.458,-61.034,113.387,-0.222,-15.942,16.845,-17.276,31.163
44.719,-25.9,87.595,102.131,14.835,-56.904,108.518,29.765,13.251,14.786,-44.081,18.102
39.62,-86.413,-9.284,-54.295,3.304,-18.794,36.806,-0.435,-0.264,18.599,-22.775,23.942
36.683,-78.012,-13.138,37.503,9.682,-38.179,-13.84,38.187,-6.509,-6.644,-12.855,-2.15
39.377,-34.376,64.142,49.509,23.796,-27.53,8.259,23.709,8.388,-10.102,-20.273,-4.534
34.263,-95.783,63.798,-0.011,70.737,-43.241,40.059,12.656,12.086,20.203,-5.89,-35.725
42.291,-10.68,-11.763,92.775,-22.782,-10.938,15.206,51.293,-4.496,15.658,-44.345,-14.021
36.83,-86.279,-16.383,-48.991,29.022,-7.801,26.041,13.662,2.875,23.093,-32.726,22.621
43.663,-4.387,64.877,130.939,32.17,-49.419,72.705,17.075,-4.621,6.848,-27.293,19.52
43.557,39.399,114.034,67.518,2.193,-46.102,65.332,-1.291,-34.163,1.061,-15.618,9.944
44.242,23.454,117.167,102.342,-16.748,-30.674,91.13,-0.25,-39.783,-5.659,-35.465,41.59
44.196,21.119,7.324,92.652,-42.867,-48.831,44.422,47.227,-16.527,-13.787,-39.2,51.013
38.559,-33.527,-5.044,-75.566,10.425,-18.762,55.703,-16.692,-5.834,15.043,-12.287,22.638
38.807,-34.318,19.052,72.076,50.303,-56.579,30.55,46.36,1.197,-5.949,-21.306,34.819
37.611,-26.84,-24.082,-1.574,78.824,30.556,-13.261,-11.788,26.208,-25.468,-26.539,-13.294
35.553,-89.598,46.681,0.056,62.072,-57.609,5.232,18.591,-13.452,-12.326,2.977,-3.489
36.568,-63.225,-34.975,-53.508,47.352,-24.387,7.432,10.188,22.883,-6.365,-9.056,9.604
35.703,-47.293,-99.627,-46.051,9.97,-62.366,-14.951,9.845,29.038,6.41,-9.612,6.374
34.524,-73.818,-37.232,-41.053,41.843,-46.125,9.226,3.707,23.531,15.059,5.441,11.365
34.716,-69.032,-22.832,-11.516,48.277,-45.791,-13.075,28.145,2.105,2.71,-16.538,4.973
31.811,-33.649,-23.95,-37.521,62.415,-24.515,2.892,-1.408,4.172,40.664,-24.566,14.433
32.349,-73.537,-15.182,-28.148,80.293,-17.644,6.972,19.862,7.37,34.773,-4.437,12.733
33.288,-60.296,-26.363,-33.118,72.386,-28.224,-13.021,18.127,10.765,26.935,-0.668,9.104
39.611,-71.374,33.444,-25.855,40.693,26.757,13.773,-1.979,-8.827,1.866,1.209,6.943
41.386,-88.515,3.911,24.118,28.0,15.056,-14.278,7.214,-13.456,-16.429,-21.296,13.774
37.918,-101.299,-24.397,-57.96,22.328,-29.685,25.211,-34.185,-1.229,9.252,-5.225,-1.043
41.483,-76.99,-15.379,43.023,-0.068,3.917,-14.649,8.444,5.141,-12.383,-0.157,-9.937
33.583,-52.336,-10.777,-6.295,44.365,-47.793,-25.863,33.64,20.272,-6.231,-0.866,13.118
34.915,32.052,-42.479,67.243,16.496,-71.305,-33.279,-17.297,-16.147,19.263,-18.246,6.878
30.004,-39.79,-12.284,-25.485,38.231,-40.407,-2.872,27.258,13.854,6.687,-9.432,10.283
38.795,-67.769,-1.41,-21.876,39.018,49.014,7.758,9.431,7.769,15.708,-23.156,2.171
38.792,-52.326,-33.26,-56.709,34.414,-22.147,30.235,22.804,12.271,-1.143,8.712,13.809
40.273,-53.26,-24.91,-23.89,25.29,-45.088,7.446,0.688,-10.762,5.954,-2.305,-1.136
42.681,-103.565,-16.275,6.358,3.584,-39.215,-6.715,18.405,-24.021,-8.207,-10.304,2.451
39.165,-110.042,2.48,-24.964,36.432,-42.318,-12.373,4.213,-17.618,-11.98,-3.826,1.74
39.853,-80.631,3.17,27.762,20.017,-0.854,-26.249,20.458,-10.551,-22.15,-8.446,-5.082
35.785,-52.525,-39.543,-0.92,74.47,-17.008,-53.045,-25.636,16.261,-22.956,-3.279,0.467
38.134,-102.561,-6.189,-27.391,42.649,20.915,13.508,-2.893,-19.724,26.101,6.017,-19.597
38.626,-43.377,-24.032,63.839,29.391,-85.632,-2.066,-54.615,-29.718,26.208,-19.278,12.868
39.095,-25.961,29.093,-59.869,49.935,-13.608,21.685,-35.358,4.744,11.168,-38.474,10.889
35.401,-80.11,-60.158,5.431,28.179,-48.362,5.58,-16.536,-7.712,34.306,-27.128,4.634
32.89,4.71,-88.091,86.044,14.523,-66.932,-41.492,-22.988,-7.819,23.532,-11.242,11.855
30.034,-53.059,-32.555,-107.049,29.639,13.856,-7.549,-39.635,-12.854,3.615,-38.436,13.964
37.83,-85.377,-47.754,27.303,49.843,12.88,-11.517,-39.749,-6.239,-18.216,23.583,-4.656
37.74,-56.46,-84.856,71.69,17.69,-79.81,-7.202,-43.308,-17.936,36.628,-14.623,3.509
32.773,-86.148,-72.243,20.033,38.953,-31.402,6.712,-11.693,1.422,30.393,-27.12,1.26
31.643,-58.71,-90.325,43.658,33.98,-17.134,1.664,-24.161,2.15,14.735,10.508,12.022
27.58,-37.657,-51.706,-43.759,41.119,-10.574,0.619,9.076,4.934,13.946,-45.882,10.594
33.336,-7.331,-33.65,46.919,56.56,45.094,-3.879,-44.863,-18.737,29.468,17.328,-7.081
27.63,14.18,-77.308,19.874,12.554,-57.307,-1.297,-27.451,-8.297,14.95,-12.633,33.666
27.562,10.816,-73.804,-6.504,32.271,60.923,1.795,25.331,20.906,-16.247,-27.639,0.869
33.121,-85.617,11.38,-11.142,45.936,0.335,-33.624,54.737,-21.03,11.638,-17.425,12.16
33.503,-114.595,34.587,-12.01,56.871,-1.911,-10.196,3.272,-44.575,24.436,6.864,4.123
34.536,-52.211,-11.22,42.69,67.782,-44.855,-33.067,-61.773,-25.744,18.244,4.795,16.093
30.808,-88.768,-13.912,-27.835,79.039,-58.094,-55.918,-18.566,-15.334,2.279,10.185,18.696
31.292,-130.13,-39.673,-38.406,47.061,-43.74,3.357,14.875,-11.639,6.602,5.019,20.251
32.583,-94.004,-106.813,35.118,27.14,-46.041,4.316,-45.939,3.437,28.266,-6.08,9.773
31.712,-60.764,-85.814,-41.777,42.715,26.793,-24.033,-8.198,21.195,-45.359,-38.366,-1.868
29.844,-79.39,-98.557,-56.949,38.781,-31.13,-23.534,-23.583,9.02,5.711,-30.69,11.861
27.232,-90.917,-139.388,-80.104,4.345,-45.659,-15.97,-2.137,29.006,-5.712,-5.857,-2.844
27.322,-33.011,-114.437,-71.198,-11.332,-44.882,-14.101,0.482,14.736,-6.426,0.724,0.325
32.622,5.646,-90.418,80.967,-11.412,-99.9,-34.355,-14.917,-7.836,15.218,-43.463,6.659
46.386,-32.53,38.335,-11.04,34.101,27.051,-50.507,-7.756,-7.033,-2.403,37.769,0.528
43.619,-46.815,-24.847,41.724,11.552,-13.672,-47.004,-37.178,2.183,-24.63,-34.068,3.69
36.24,-72.512,-26.224,-0.659,40.101,-60.562,-11.731,-11.474,-5.74,1.613,6.682,34.106
36.186,3.119,-47.766,52.185,25.27,-78.294,-19.589,-36.856,-15.321,12.976,-14.187,28.475
43.942,-75.03,30.045,16.309,44.292,-10.191,-45.692,5.395,-21.163,-1.681,14.773,18.787
43.219,-39.487,21.416,20.424,27.559,26.086,-5.461,30.198,-21.39,35.681,0.885,11.664
36.759,17.448,-28.289,70.013,13.866,-71.409,-26.474,-26.9,-17.567,7.689,-10.257,15.537
44.773,-74.776,6.781,26.647,29.943,-19.819,-32.3,15.272,-12.593,6.167,-6.85,2.483
39.497,-75.632,-43.655,-3.122,30.589,-52.548,-13.155,24.83,-15.787,-6.745,-6.951,3.806
36.953,-17.632,-60.967,16.59,32.134,-78.921,-24.519,-22.643,-14.944,17.04,-7.465,6.862
46.024,-12.71,21.252,71.415,20.082,-24.395,-32.3,-3.698,-11.893,-4.544,-27.314,9.028
35.769,-81.974,-65.028,21.687,15.113,-44.72,-19.273,48.772,1.72,1.766,-12.029,8.817
29.939,25.282,-72.649,15.704,2.326,-56.699,-26.738,-13.294,-7.578,18.29,-5.688,5.542
26.764,-37.008,-82.619,-40.164,27.941,-45.417,-13.536,-4.916,7.005,7.178,-8.838,9.075
31.948,-89.025,-11.227,-8.324,33.415,36.162,-13.789,45.106,-31.072,28.209,6.71,-8.227
28.662,-73.027,-112.734,-27.541,3.444,-54.018,-5.474,35.443,-6.45,12.805,-8.13,-2.231
26.492,-5.536,-87.861,-4.782,8.359,-56.415,-32.092,-15.92,-3.281,8.938,-13.234,8.079
23.58,-4.079,-86.522,-70.629,2.388,-46.21,-15.289,5.84,16.498,1.878,0.575,-1.115
25.57,-31.635,-72.918,-64.221,24.305,-26.108,-1.012,-33.012,-1.5,13.332,-20.931,14.622
31.654,-125.407,2.939,-30.894,29.892,-31.848,-23.468,12.207,-25.07,-13.025,12.101,-13.605
30.532,-42.127,-49.816,-0.687,51.319,-49.452,-36.091,-5.424,-2.327,-13.693,1.144,-6.886
31.485,-91.761,-85.795,49.827,21.062,-19.224,-5.625,32.159,4.201,5.749,13.694,1.539
25.018,22.63,-56.474,-57.185,9.174,-40.109,6.685,0.785,11.349,2.198,-7.955,9.981
31.462,-72.626,-85.45,-33.717,48.485,34.48,-18.526,-25.034,2.167,13.284,-15.892,8.892
27.175,-75.019,-105.606,-22.674,31.076,-48.229,-39.226,29.868,17.491,-17.35,-2.998,3.397
25.111,-70.289,-73.186,-54.659,36.843,-26.242,-21.751,0.787,-4.02,26.592,-0.619,18.944
24.83,-16.207,-72.7,-58.824,15.503,-52.13,-21.372,17.655,10.483,-4.213,1.332,9.226
26.28,34.838,-82.547,-67.824,-1.914,-36.553,-16.015,19.844,2.989,3.57,-2.698,5.741
28.107,-82.411,-117.057,-23.899,3.235,-79.589,-27.539,28.799,14.143,16.536,-2.768,4.818
16.288,29.007,-153.535,107.628,4.315,-61.664,-63.77,69.159,34.436,-14.311,-23.603,-3.092
