0.006,170.997,9.538,-28.631,57.601,-50.134,14.827,5.117,-27.145,0.965,-10.545,-7.407
37.458,13.779,112.552,-208.136,61.611,218.438,52.833,38.325,-14.078,49.628,59.155,-23.571
50.65,34.406,91.674,20.935,6.633,-30.77,9.152,-4.732,-6.308,0.446,8.207,-1.641
50.042,38.795,113.964,35.446,18.595,-24.642,9.79,-3.876,-4.408,-5.608,-7.915,-10.957
33.608,19.784,-73.647,365.101,18.33,-64.531,-40.705,95.912,-4.066,-43.341,-82.214,1.724
43.369,35.159,89.988,-57.96,53.503,189.231,42.061,18.613,-14.514,61.558,127.288,-24.922
49.592,21.23,99.482,0.215,2.925,-26.054,14.715,7.563,-11.253,-2.956,-4.348,-0.556
50.111,39.569,107.924,21.703,11.683,-26.17,4.116,0.838,-7.589,-0.229,-9.619,-7.451
34.911,24.218,-58.608,337.918,25.104,-23.342,-25.262,85.638,2.339,-51.65,-109.193,7.356
32.337,43.657,175.76,-309.439,76.882,209.158,77.429,-6.324,-32.262,59.023,-45.978,-4.687
49.646,20.779,100.32,6.016,1.089,-25.891,12.787,3.892,-14.845,-2.99,-9.266,3.751
50.142,27.344,92.601,3.947,2.343,-31.959,11.323,2.157,-10.321,-4.268,9.851,-5.574
49.966,32.164,126.686,27.823,22.145,-25.447,6.623,-1.186,-9.07,-6.648,-7.182,-13.737
34.889,20.946,-46.292,329.262,26.977,-21.147,-30.462,87.404,-10.16,-34.796,-124.218,15.373
43.585,25.512,94.734,-63.784,55.773,191.96,46.119,15.719,-15.16,71.652,131.365,-27.168
50.523,26.137,105.588,6.746,14.267,-28.838,6.883,7.463,-4.148,-9.622,3.469,-8.219
49.926,30.499,121.86,20.01,20.81,-22.995,3.435,1.383,-12.032,-7.005,-11.072,-3.137
50.041,12.41,102.049,-10.434,6.857,-27.0,8.653,9.916,-14.031,-5.627,7.959,4.764
53.793,101.538,-32.739,-6.944,6.443,-17.929,8.603,43.653,5.003,-39.055,16.898,7.228
52.624,142.313,-32.489,-46.536,3.534,-34.594,26.044,7.094,-5.256,3.864,-10.624,18.859
52.937,110.433,-27.032,-41.852,1.169,-35.522,17.42,-5.386,7.371,3.875,-13.962,5.497
53.136,89.663,-14.027,-36.955,-6.831,-33.4,20.519,-1.374,-5.026,6.528,-16.897,10.857
48.533,116.889,-109.95,133.059,-4.48,-25.735,-43.554,99.113,10.941,-9.019,-24.986,17.473
49.737,14.784,-60.783,31.652,-17.6,-12.719,3.163,-24.898,-16.238,1.095,37.982,-6.69
47.553,-22.662,6.589,-40.108,-50.925,-20.282,32.522,-6.892,-4.309,-6.916,-7.695,3.119
48.588,-31.605,19.052,-35.856,-49.797,-28.29,27.163,5.465,-5.499,-0.059,-8.485,-11.099
44.557,58.309,-153.627,196.389,-7.25,-53.492,-57.441,28.649,-1.315,-17.777,-117.462,25.693
48.386,25.055,-70.636,17.908,-18.189,13.798,14.209,-33.779,-28.702,52.096,80.651,-6.074
47.499,-34.974,7.788,-25.51,-52.133,-25.869,33.125,7.939,-4.746,-2.445,-13.718,0.522
47.857,-20.654,26.768,-25.016,-38.759,-23.29,27.429,5.925,-0.571,-1.104,-11.275,-17.831
49.304,-23.433,12.957,-17.227,-47.579,-23.242,25.054,3.107,-4.423,0.776,-7.352,-10.804
43.82,29.403,-169.684,258.332,-4.564,-55.73,-52.417,12.716,0.699,-35.836,-132.906,25.243
49.862,16.818,-60.61,9.72,-40.105,-94.359,-12.889,-24.96,-26.144,2.092,-24.807,7.464
47.028,-37.448,-10.32,-32.022,-57.473,-34.12,31.848,-2.133,-13.937,-3.176,5.518,16.852
48.324,-20.139,6.25,-22.07,-53.255,-30.768,34.946,-3.883,-5.362,-5.985,0.027,5.642
48.53,-26.079,-0.368,-19.476,-47.15,-38.828,26.913,-3.58,-6.711,2.35,0.881,9.001
50.704,10.941,-37.73,5.071,-30.362,-36.397,20.167,-39.181,-3.847,-10.003,34.121,-13.622
53.819,60.312,-59.678,7.588,-12.981,-82.102,0.255,-6.848,-20.699,-15.171,-12.531,22.118
49.869,8.36,-66.505,26.855,-45.712,-88.653,-8.223,-50.317,-30.94,27.971,-30.077,15.424
46.188,-40.271,4.473,-38.952,-56.62,-34.974,31.961,9.802,-8.196,1.56,-1.002,1.152
49.946,7.593,-36.793,12.277,-47.421,-96.484,7.569,-38.383,-22.497,44.655,-1.878,14.508
48.825,9.825,-70.418,26.075,-33.669,-43.251,12.521,-34.196,-20.058,-8.57,28.568,-9.173
46.703,-35.448,1.295,-38.665,-55.138,-26.086,24.686,1.075,-4.968,-1.088,-2.335,-5.772
49.545,-12.456,40.624,-23.555,-44.083,-32.28,27.456,10.308,-13.993,2.985,-4.753,-14.232
56.023,91.266,-34.163,-7.286,-24.458,-38.879,-24.947,-7.821,-34.17,12.67,19.023,-29.271
55.538,64.003,5.377,-16.276,-2.428,-17.078,-14.525,-9.988,-32.697,-2.41,-17.454,-32.435
54.068,39.128,41.152,-44.673,9.859,3.697,-56.81,5.81,-31.358,-33.502,-3.782,-36.412
53.613,14.816,64.49,-6.221,28.92,-23.594,-79.127,3.388,-29.06,-19.378,-8.938,-12.905
52.429,37.383,19.15,-2.838,82.221,-22.641,-66.565,13.144,-32.459,-26.166,-4.458,-9.987
53.448,33.268,-28.215,-20.015,20.956,-58.206,-8.484,-26.861,-12.865,30.699,0.217,4.99
51.895,-28.157,3.434,3.603,0.793,-60.484,10.894,-10.831,-7.923,19.112,-20.727,2.737
54.737,85.703,-41.919,-40.127,-13.923,-65.358,-25.851,-13.601,-2.731,-7.163,-14.007,2.669
54.153,48.569,17.294,-22.116,23.145,-30.188,-24.492,-28.432,-2.364,-6.643,-9.097,-23.579
53.236,32.464,-42.662,20.872,71.673,-41.92,-39.547,-62.554,11.618,21.005,-20.587,23.483
50.669,-48.989,-3.331,-108.875,35.221,-17.28,4.005,56.075,-0.64,-34.753,-9.117,9.166
53.026,33.109,-3.878,-16.088,-20.591,-15.849,-8.88,-5.062,-1.459,-10.292,-16.012,-21.978
50.628,-7.6,-9.531,-45.065,-12.412,-21.794,-3.503,8.224,-30.852,-24.456,-2.244,7.939
43.512,62.98,-158.796,216.187,11.473,24.732,-31.945,11.125,-7.346,-57.812,-136.79,18.229
29.421,14.365,51.688,-387.841,16.23,92.05,56.832,-29.598,-26.825,31.656,-42.073,7.738
46.777,-36.785,4.743,-36.239,-58.037,-35.887,25.871,14.925,-10.43,2.678,-0.372,-1.6
47.537,-30.956,21.357,-11.722,-40.49,-39.995,25.216,-1.212,-6.606,11.021,-8.966,-5.797
48.195,-27.88,3.577,-14.776,-58.188,-36.316,25.583,4.407,-11.091,-0.267,-7.805,-1.75
42.773,31.332,-168.016,240.525,-3.156,-44.916,-52.527,18.136,-5.999,-33.346,-147.933,33.723
40.598,5.688,-13.055,-146.143,14.323,242.475,65.23,14.136,-0.672,30.567,39.012,-16.679
47.804,-19.76,0.895,-12.423,-56.291,-42.476,16.5,-19.463,-15.324,6.019,0.997,-14.4
47.945,-24.794,18.455,-23.592,-37.532,-32.916,27.974,7.715,-0.535,4.993,-1.516,-6.083
49.436,-7.338,-0.89,-18.038,-45.806,-19.025,21.581,-2.078,2.32,-15.992,-20.434,-3.869
52.101,53.914,-25.188,-62.863,2.83,-14.768,5.419,-17.709,0.48,-17.037,-5.251,-10.19
55.158,60.405,-22.215,-16.968,-12.281,-68.014,-10.857,-21.387,-24.859,-12.966,-15.522,-1.583
55.565,59.86,39.337,-28.41,19.904,-42.98,-21.587,11.255,-18.234,-14.47,11.264,-13.122
57.112,91.326,89.568,12.498,79.103,-20.481,-14.573,-17.807,-6.438,-8.505,-4.416,57.843
55.08,24.242,61.74,40.405,60.852,-21.602,-47.84,-30.06,-21.144,-20.936,-12.37,15.742
55.004,36.798,25.638,-16.331,15.737,3.273,-34.094,17.48,-15.66,-10.821,-21.48,8.241
53.98,55.065,4.851,-40.3,-11.599,-19.827,7.054,31.302,-12.56,-17.435,-9.044,-4.308
51.313,2.151,-28.602,15.692,-31.587,-40.242,-13.716,-45.267,-32.464,9.128,-14.083,8.146
48.988,-50.016,2.594,-41.202,-37.416,-20.601,-4.77,1.051,-17.882,-11.976,-5.442,-2.495
54.424,52.274,-19.422,-48.449,2.335,0.546,5.655,1.257,10.095,-22.251,23.227,-12.485
55.195,50.395,32.42,-20.741,46.334,-9.459,-24.732,0.424,24.08,-17.206,-8.866,-28.212
51.992,18.237,-25.555,-18.286,-3.713,-16.706,-53.654,-42.994,-29.593,-13.679,-20.106,-13.145
50.646,-19.622,34.252,-10.099,-15.895,-29.396,-52.316,-16.188,-28.182,-14.08,-4.642,-27.599
52.822,102.624,8.492,-13.895,29.857,-34.674,-27.534,-74.781,-23.37,0.082,-17.728,-18.546
50.477,-8.574,-21.882,-53.516,-14.19,-31.386,-7.855,24.71,-31.196,-22.355,7.459,1.199
52.693,136.098,-76.378,-40.897,28.864,-66.058,13.632,4.8,-17.665,-13.637,-3.094,-3.068
42.797,41.264,-176.657,248.054,8.628,-49.511,-46.905,32.151,-4.097,-37.75,-134.547,31.15
34.063,22.727,46.386,-302.353,24.633,200.098,57.104,0.445,-26.701,29.701,-65.94,12.593
47.484,-42.808,13.911,-35.745,-50.824,-33.02,28.271,15.025,-10.985,-0.056,-5.635,2.746
49.338,3.421,-33.875,-10.74,-36.102,6.175,20.57,-22.887,3.431,-31.211,11.495,-13.104
52.764,62.304,-65.32,8.816,-0.314,-53.681,11.601,-7.818,-8.09,-13.279,22.839,6.348
50.459,23.605,-60.414,35.707,-38.579,-74.691,4.902,-56.309,-23.449,30.568,-0.697,9.608
48.97,0.727,-30.216,-15.847,-32.81,14.827,24.535,2.599,6.786,-47.443,-35.976,10.555
46.996,-47.942,11.065,-18.496,-47.994,-39.354,33.664,7.197,-9.343,2.035,-0.544,1.788
48.186,13.184,-70.41,30.306,-42.102,-92.712,-1.216,-35.204,-24.834,10.176,-11.827,0.641
45.547,-36.404,8.362,-43.824,-53.333,-25.561,36.111,10.79,-5.38,0.166,-7.879,1.925
47.098,-42.307,0.322,-30.733,-59.732,-20.315,21.43,6.979,-16.686,-5.086,-9.831,2.142
47.939,-30.239,2.152,-27.091,-55.528,-29.809,23.221,9.324,-10.405,-5.362,-6.517,-3.694
54.688,89.026,-32.131,-45.787,-0.432,5.527,6.856,-20.622,-29.548,13.31,0.493,-9.34
54.236,57.021,35.694,-40.538,-2.831,16.016,-46.205,-10.077,2.896,-53.435,3.18,-27.285
57.3,90.579,101.13,-5.934,72.051,18.929,-26.863,14.286,-4.05,-40.401,23.806,-0.412
54.715,73.69,20.562,-10.536,46.263,-16.223,-31.112,31.981,-8.801,-43.608,-14.087,0.876
54.904,81.2,19.665,-27.958,-18.277,-27.545,20.222,4.505,-11.506,10.903,-16.818,-5.928
55.949,96.578,3.233,-22.644,-15.884,-37.347,-5.583,-1.416,-17.967,-10.013,-16.614,-13.998
52.025,12.261,-21.053,18.767,-31.993,-20.917,-15.602,-27.212,-14.788,-9.199,-38.062,-14.026
54.429,34.33,-30.665,-17.315,13.804,-1.172,20.628,-11.842,2.996,-13.763,41.249,-11.152
56.528,79.942,42.201,-13.028,23.753,-13.171,-38.659,-30.819,4.429,0.491,1.916,-31.83
54.959,63.574,17.212,38.947,39.507,-10.233,-70.504,-23.955,3.461,-6.138,-38.114,-17.158
52.509,33.299,-20.23,-90.005,18.693,2.449,-38.738,16.75,21.885,-39.009,-3.613,1.492
53.266,17.385,15.83,-13.106,5.201,-17.792,-1.788,0.829,8.273,8.548,-28.267,-30.63
51.631,8.137,-13.587,-13.334,-29.145,-13.709,-25.627,-22.761,-6.544,-5.694,-27.772,-12.65
41.661,68.364,-180.307,200.404,16.56,4.223,-25.944,0.617,-10.138,-44.75,-142.458,16.309
44.262,8.501,-44.58,-49.311,13.481,196.476,60.082,-13.291,-2.465,39.182,124.777,-30.389
48.334,-14.086,22.018,-7.449,-46.249,-26.95,27.509,-4.786,-10.942,-2.736,-15.463,-2.377
42.559,38.37,-171.701,244.227,-0.361,-52.793,-53.459,32.35,1.547,-37.999,-144.358,33.784
39.303,6.271,-6.637,-176.606,5.202,239.351,62.628,32.344,-15.422,32.915,17.152,-13.313
47.2,-30.864,25.875,-29.008,-50.136,-35.819,30.075,19.535,-11.689,0.741,-3.475,-5.388
48.937,-17.189,8.028,-5.932,-52.553,-25.156,18.501,0.207,-7.415,-2.072,-7.964,-15.34
53.479,43.789,-35.81,-79.699,19.902,-1.131,-5.494,22.602,-12.45,-7.149,-23.4,-7.135
54.034,69.281,-5.517,-53.856,-9.452,-21.415,-33.494,-16.154,-14.785,-8.006,-10.215,-19.288
54.349,51.103,44.295,-59.876,18.706,-12.401,-61.918,-6.675,-15.076,-20.611,-2.521,-28.329
56.145,82.903,55.997,-25.223,64.979,12.194,-39.69,2.593,-5.519,-34.866,2.442,1.129
54.831,104.644,15.702,-45.196,-22.16,-25.601,22.8,12.46,-14.857,-8.325,1.162,-3.657
55.57,71.806,16.166,12.622,-15.932,-18.368,13.655,-37.742,-4.899,1.497,-35.69,15.175
52.978,60.429,-23.981,-23.934,10.932,-24.55,25.805,27.535,25.705,-55.587,-19.349,18.288
54.689,50.539,-29.429,-21.281,18.278,-67.62,5.751,-19.671,6.328,1.921,-2.34,-2.94
53.442,57.093,-32.938,-22.857,57.16,-51.651,14.397,-5.569,-30.116,-3.165,1.385,2.343
54.793,64.024,14.61,-39.687,49.994,-4.181,-52.154,-38.048,22.708,-0.33,-15.051,5.6
53.246,99.887,-46.59,-7.96,47.628,-45.17,-70.179,33.962,4.341,-23.725,-15.906,0.664
51.889,50.981,-26.979,-33.704,1.572,25.814,-10.639,-26.38,-12.111,25.902,-4.127,-6.924
44.3,43.342,-150.052,240.664,-17.011,-16.415,-50.75,23.746,-10.248,-22.91,-130.659,23.825
49.35,11.321,-61.498,44.974,-24.783,-22.392,7.303,-24.474,-13.426,-7.051,40.098,4.627
46.329,-42.845,2.977,-26.273,-53.806,-31.044,23.115,10.442,-11.103,1.841,-8.909,2.84
49.149,8.101,-53.736,-2.827,-32.424,7.632,22.494,-17.097,-4.014,-30.894,13.172,-6.619
47.545,-34.638,-2.758,-16.544,-64.333,-32.143,26.553,0.463,-11.556,-5.312,-3.974,3.023
53.294,71.351,-64.498,11.886,1.616,-68.807,6.451,-1.493,-11.823,-2.711,23.149,7.225
52.589,57.715,-28.115,-20.668,-7.953,7.844,11.858,-20.77,3.642,-14.816,-12.493,-5.986
55.347,107.376,-28.289,-42.013,2.627,-59.477,1.601,-5.289,11.474,1.069,-7.329,7.749
55.712,96.337,-2.441,-28.18,32.955,-30.9,-8.673,-1.131,14.335,3.898,-21.151,9.29
54.731,71.305,0.837,-39.86,7.144,-34.433,2.969,7.073,1.406,12.221,-5.793,-7.605
55.348,79.091,-13.464,-26.81,21.542,-43.482,0.909,1.28,-3.332,16.127,-8.671,1.746
54.422,79.917,-40.955,-37.194,-26.626,-74.778,-8.049,2.0,-20.999,-5.97,-11.268,12.506
54.849,94.128,-18.367,-46.908,-4.061,-37.324,5.047,3.214,-11.8,0.02,-11.67,0.784
53.95,100.108,-35.059,-52.164,3.796,-33.139,18.709,-9.328,-5.316,-5.531,-5.342,-0.93
53.742,88.159,-14.786,-48.095,-24.053,-32.864,7.068,0.457,-9.372,-4.678,-6.839,3.037
55.564,75.875,28.515,-39.853,25.721,-27.544,0.898,6.769,8.614,5.67,-18.52,-4.322
55.206,78.816,7.547,-44.872,-1.15,-23.19,-4.439,3.52,-4.866,-2.629,-11.048,-6.644
55.316,79.628,8.759,-39.823,-3.759,-26.48,0.788,9.385,-14.099,-1.442,-1.39,-7.31
55.656,70.741,-24.931,-20.443,3.633,-33.102,-2.22,11.107,-9.493,4.75,-10.849,-1.372
55.044,80.098,-22.164,-38.212,5.729,-41.828,1.204,-3.94,-19.377,-0.186,-6.216,9.868
53.722,85.592,-17.455,-57.478,-4.916,-24.973,3.166,4.672,-7.123,-4.917,-1.543,-0.891
55.347,129.96,-20.461,-34.862,12.0,-46.372,7.925,-4.998,-3.968,-2.094,-15.281,-3.648
53.255,38.861,27.121,-59.522,-6.723,-22.661,-27.699,-4.578,-13.15,9.129,-0.643,-44.401
55.458,73.803,46.64,-12.22,-18.467,-18.576,-35.524,-19.262,-26.836,-1.727,-10.41,-38.715
55.514,72.681,-38.516,-16.096,-25.812,-84.444,-26.573,0.314,-20.382,-10.451,-2.875,-6.722
54.585,65.148,6.151,-25.954,-9.076,-28.738,-20.407,-30.812,-26.792,-4.385,-6.277,-23.813
53.959,52.936,36.086,-19.091,-3.898,-23.353,-22.282,-17.919,-18.604,-9.727,-10.314,-19.089
51.909,27.988,-45.357,27.681,-21.549,-32.132,3.465,-5.375,-25.951,-27.876,5.596,-8.605
49.505,-40.135,11.441,-33.261,-19.757,-26.184,6.591,-8.955,-46.129,0.196,-7.524,-7.065
50.643,25.044,28.564,-0.75,-15.419,-32.424,1.152,-26.346,-7.259,-7.84,-3.45,-3.154
50.579,0.661,56.224,-5.282,-18.802,-27.277,11.81,-5.873,-12.893,-2.701,-4.074,0.991
55.169,75.279,-31.774,-8.552,-3.176,-68.744,2.206,-1.806,-15.155,-8.402,-6.409,12.073
54.881,34.035,26.961,-23.007,27.209,-21.569,-24.58,8.533,-12.008,17.031,1.11,-7.375
54.851,74.317,-28.249,-52.998,12.415,-9.044,1.532,8.976,15.545,-17.499,34.929,-1.375
55.181,74.955,-7.169,-40.437,7.886,-31.517,-7.248,7.395,4.488,8.118,-13.164,-14.35
54.165,65.99,-10.177,-45.439,4.397,-32.28,1.002,10.862,-3.876,1.328,-5.536,-2.39
54.886,102.945,-9.847,-31.703,2.441,-31.446,6.086,-16.689,-15.116,6.609,-18.39,-7.884
54.772,88.697,-0.921,-39.875,-19.443,-25.645,-19.843,4.518,-9.251,-8.386,-3.971,-14.503
55.497,65.633,-1.046,-38.452,23.609,-21.774,24.27,4.459,3.714,3.834,-14.256,-13.866
55.388,74.615,3.545,-25.609,13.122,-34.67,4.283,-5.271,-4.412,4.34,-18.579,-15.066
55.4,69.889,-36.1,-32.261,-2.68,-24.062,-9.035,11.786,-12.382,-7.96,-22.297,1.432
54.623,112.227,-22.315,-55.774,3.568,-30.113,5.462,9.461,-15.203,-5.442,-9.518,6.861
55.112,120.439,-20.765,-36.42,6.42,-42.75,11.182,5.358,-13.589,8.823,-6.726,5.076
54.704,92.913,-20.661,20.394,-28.31,-26.358,-16.987,-38.197,-5.512,9.283,-48.654,-9.787
51.701,-12.646,6.967,-34.361,-7.14,-31.399,-16.242,-23.177,-10.372,11.61,-9.952,-38.693
53.485,-0.519,42.961,-38.707,4.756,-26.39,-29.549,1.582,2.5,-3.747,-6.444,-45.436
55.073,39.693,54.376,-7.015,1.324,-17.15,-38.805,-15.131,-5.239,-6.119,-2.079,-38.227
56.098,76.731,-12.311,-16.028,-2.198,-19.39,-26.991,14.344,-14.213,-5.099,-23.475,-8.961
54.364,65.29,16.468,-34.856,7.402,-22.589,-28.741,-20.336,-22.263,-1.955,-13.426,-23.782
52.809,9.077,45.67,-8.331,11.426,-24.101,-35.185,-10.787,-38.278,-5.155,-10.108,-18.183
54.297,31.779,-39.628,11.34,24.848,-37.731,-1.585,-24.203,-2.984,-31.113,15.334,-2.738
50.669,5.241,-83.505,51.758,-9.187,-47.481,3.128,-58.139,-1.99,-4.014,16.325,6.23
48.822,11.988,8.374,-84.583,-29.193,-9.638,12.449,5.933,3.244,-21.982,9.458,5.354
54.688,76.284,-22.846,-17.595,0.565,-4.372,15.059,10.196,2.265,-32.377,27.005,-6.902
52.373,35.272,-28.574,-21.535,-0.793,-10.01,-6.342,18.958,-14.403,-9.787,-23.781,13.82
50.887,38.176,-9.446,-24.957,-42.196,-10.858,-21.917,-32.137,-4.925,-3.017,-20.782,1.119
52.375,-19.519,42.5,-50.663,20.931,-25.064,-13.137,14.514,5.966,-5.697,-1.958,-13.835
55.595,71.814,-20.929,-14.335,-4.973,-28.45,-10.444,29.343,1.952,-28.478,19.666,-13.974
55.427,89.327,-8.982,-40.926,22.165,-42.254,7.092,-4.473,6.208,13.843,-18.387,-16.018
55.392,76.383,1.655,-37.678,12.161,-26.752,-1.951,-3.171,4.52,6.491,-21.418,-9.333
54.7,52.046,16.41,-51.667,2.338,-32.123,4.794,4.976,3.642,11.195,-7.747,-11.348
54.818,73.364,-16.192,-41.755,8.727,-26.648,-0.86,1.543,-11.794,2.561,-12.776,-6.248
53.962,56.877,-1.503,-42.175,2.983,-33.435,-6.876,16.608,-7.494,3.215,-7.45,-12.799
55.323,60.195,-28.023,-25.859,7.029,-58.216,4.091,6.183,-2.016,15.418,7.199,-17.009
55.925,67.233,17.36,-25.685,12.177,-35.823,9.706,6.198,8.557,6.616,-19.499,-21.36
55.774,69.022,0.741,-23.501,-0.53,-45.367,-3.324,3.535,-8.559,9.388,-13.514,-6.436
56.06,76.589,0.282,-22.281,17.981,-34.277,-11.324,5.976,-10.549,2.866,-7.246,-12.022
54.396,83.225,-7.101,-55.787,11.281,-40.132,-15.98,10.098,-10.591,13.386,-8.75,-17.457
55.38,149.353,-1.945,-29.274,15.393,-41.923,8.951,1.225,-3.787,0.095,-10.322,-11.446
54.73,80.213,-43.104,-6.449,27.719,-22.429,-22.424,-26.622,-16.462,4.614,-37.384,-1.08
52.216,19.079,-5.782,-62.33,21.39,-29.227,10.021,5.202,45.55,9.464,-2.163,8.114
55.624,68.755,6.325,-30.533,31.011,-30.95,-4.895,-7.236,44.095,16.118,-13.975,13.706
53.735,23.984,-41.152,7.073,9.381,-64.79,-4.88,-20.41,19.559,18.278,-5.627,12.126
54.208,49.987,-1.645,-49.844,12.691,-23.678,-1.005,17.34,41.015,2.325,-13.1,8.763
54.86,69.136,-56.095,-23.645,14.767,-45.464,-13.094,-0.962,19.211,1.491,10.141,12.273
54.95,85.311,4.21,-45.744,27.872,-41.123,11.92,-16.704,27.346,22.108,-3.496,25.981
56.514,67.739,14.784,-10.884,28.39,-31.541,4.296,13.597,1.869,11.029,-19.888,35.807
54.843,56.608,-7.966,-41.461,14.902,-33.5,-0.195,-10.606,-16.701,9.406,-12.069,7.631
52.168,28.5,-5.078,-28.798,-12.582,-21.654,3.763,-8.238,-21.872,-5.604,-8.508,-2.784
51.302,6.703,-52.113,11.845,-16.879,-54.716,-17.993,-51.579,-4.146,6.437,10.868,-3.403
51.212,32.116,20.407,-83.427,-27.1,-20.27,-1.234,47.764,0.593,-32.575,-10.55,-1.134
54.786,76.523,-28.085,-12.203,-10.03,-17.566,18.519,6.393,-15.218,-10.896,20.368,-5.067
52.332,16.55,-2.819,-45.94,9.11,-21.167,12.784,-12.163,-9.104,-4.633,-6.182,-7.704
55.043,67.906,22.077,-34.267,2.765,-9.825,-46.82,6.58,12.382,-12.771,-14.992,-19.726
54.416,58.344,4.399,-15.582,8.442,-33.882,-54.926,-27.451,9.272,4.726,-16.687,3.359
56.18,68.652,-10.327,-23.828,10.941,-34.717,-0.584,5.776,9.408,-7.966,26.304,-6.505
55.295,73.519,2.535,-27.456,5.441,-32.79,12.566,-2.633,-2.151,4.422,-17.707,-6.988
55.9,71.232,18.29,-29.18,4.603,-39.959,9.731,5.83,-8.318,13.96,-3.077,-5.499
55.99,57.742,-40.634,1.757,4.434,-42.457,4.737,3.83,-11.673,-1.886,-5.168,12.057
55.448,67.085,1.808,-29.224,19.935,-28.228,11.808,-4.655,-11.327,12.307,-13.946,-3.254
55.91,65.841,10.615,-17.58,26.85,-30.91,7.348,3.036,2.946,3.002,-11.987,-6.239
55.36,63.526,12.459,-20.371,13.064,-25.803,7.946,-9.946,-12.028,-2.593,-7.46,-9.523
56.168,68.841,-1.976,-41.991,11.959,-71.065,0.177,-1.902,-9.34,6.249,-19.612,2.156
55.463,73.078,15.444,-40.221,17.157,-34.346,10.078,-6.937,-4.701,8.383,-13.4,-13.408
55.297,64.066,13.959,-41.219,13.534,-32.694,6.052,1.609,-5.909,-0.786,-3.181,-5.256
56.216,81.228,-7.377,-41.318,25.054,-33.464,11.908,-5.074,-10.664,7.744,-18.36,-3.843
55.623,80.339,12.232,-27.718,17.012,-37.912,13.534,7.899,-6.141,10.558,-10.491,-6.251
55.36,95.022,9.558,-29.1,15.45,-34.532,8.927,-20.408,1.314,10.81,-18.571,-5.347
55.079,63.96,-18.683,-19.895,7.88,-76.824,-1.566,-3.277,-11.33,-2.312,-4.278,0.12
53.896,27.222,1.707,-12.375,-5.849,-35.512,10.422,-23.103,-22.14,6.75,-12.239,-3.258
51.768,29.855,-36.374,-1.745,-30.704,-79.502,9.698,-14.137,-13.315,12.142,4.074,7.567
52.678,63.37,-0.521,-1.68,-3.098,-31.844,34.791,-60.175,-3.732,12.036,-7.555,6.42
51.656,6.312,-21.632,7.436,-17.67,-37.984,29.454,-29.95,3.249,-7.091,22.547,-1.129
55.386,51.353,-35.498,-20.14,34.955,-60.105,-1.536,-9.722,-11.831,-0.912,12.819,4.736
52.455,17.683,-50.757,8.855,23.09,-30.588,5.095,-21.215,0.858,-15.52,-23.738,3.813
50.598,22.923,-26.058,-24.123,-16.345,11.324,22.074,-7.102,10.058,-42.094,-25.425,-12.985
55.051,89.887,-30.504,-49.011,24.751,-44.331,-7.468,-10.077,21.069,22.518,-0.435,-3.31
55.736,70.125,-13.212,-21.282,54.532,-47.595,-6.715,-0.12,24.506,14.573,-16.117,2.64
53.516,43.675,2.823,-50.765,2.957,-33.513,4.747,3.62,0.872,8.57,-1.079,-9.662
55.539,85.652,-21.953,-20.731,-18.838,-75.143,-6.945,1.489,-18.673,-10.409,-12.413,1.49
54.736,87.004,7.547,-9.836,-12.303,-29.525,12.204,-3.593,-4.815,1.079,-21.301,-11.131
53.868,66.57,19.046,-27.289,-8.28,-21.952,26.433,11.653,15.031,22.92,-13.027,-25.675
54.881,81.142,5.147,-24.322,-5.085,-48.026,16.007,8.882,9.696,-7.224,-7.709,-16.229
54.651,70.143,14.72,-11.732,-23.717,-37.566,29.016,0.142,-3.401,6.694,-23.621,-20.967
56.131,57.552,-25.711,-26.354,24.521,-29.008,-9.989,-2.767,-9.129,9.568,-1.404,-7.232
54.276,24.737,-6.665,-38.312,36.174,-39.176,0.355,-4.958,19.894,11.866,-17.609,-12.462
54.439,40.844,-22.52,-15.868,30.486,-34.224,5.893,-10.588,8.747,-5.442,-16.249,-17.044
54.918,76.631,-22.102,-36.859,-22.169,-8.492,-9.588,28.891,-5.234,-13.948,-5.328,-9.375
55.116,135.483,-16.914,-19.776,-40.54,-23.841,-2.051,-25.762,-3.048,-7.55,-16.414,4.686
55.097,115.1,-8.341,-26.861,-10.182,-31.154,13.171,-5.763,8.193,10.093,-23.558,-9.211
54.101,83.77,-11.323,-19.168,-10.853,-33.399,12.03,-11.649,2.658,15.235,-20.971,-10.619
53.781,72.105,5.398,-56.656,-8.778,-36.109,19.957,4.945,4.337,6.307,-0.018,-15.0
56.092,75.952,5.734,-41.097,28.625,-43.921,-4.153,-20.498,-7.632,8.509,-12.508,-3.932
55.533,66.011,16.816,-16.452,-7.751,-33.729,-4.798,0.474,-2.456,5.673,-17.739,-14.415
54.086,32.381,-6.303,-36.543,33.362,-26.731,3.78,9.396,9.276,2.181,-19.236,-13.974
53.894,50.157,5.087,-44.769,-0.816,-28.261,-0.909,8.741,-6.263,-3.602,-9.24,-19.504
55.277,79.154,-31.68,-19.325,-19.94,-63.775,-3.263,-8.277,-13.013,-2.299,-9.916,4.588
54.617,87.198,-3.676,-26.791,2.858,-41.215,20.05,2.55,-2.637,-8.052,-15.583,-10.035
52.529,57.718,-37.88,-17.709,-18.859,-75.568,1.683,-11.69,-3.033,17.088,-5.087,-15.091
53.01,52.697,1.79,-52.028,-24.193,-32.979,16.919,11.668,10.476,7.969,-10.984,-15.255
55.09,89.024,14.29,-19.67,-0.126,-55.658,27.221,21.423,-25.207,-0.398,-15.535,-18.018
56.586,75.293,-12.673,-24.601,13.16,-39.554,0.825,-15.943,-11.788,19.665,1.007,-10.168
53.384,30.779,4.228,-30.158,29.267,-39.654,8.483,11.319,7.4,15.668,-11.673,-19.152
54.73,42.636,5.605,-29.327,36.783,-35.513,-4.992,1.88,-3.765,4.228,-9.918,-17.1
54.99,35.023,6.571,-41.811,19.981,-32.436,-16.712,0.423,-8.976,-0.53,-4.144,-22.401
56.26,78.563,-29.805,-37.597,0.489,-58.924,-25.003,3.031,-10.86,-4.631,-12.247,-13.131
56.446,118.865,-6.601,-31.487,-3.375,-31.449,1.734,-16.039,13.559,3.292,-11.699,5.563
56.279,86.789,-4.135,-5.504,-3.39,-41.636,-9.206,-18.55,-7.507,1.197,-16.747,-8.989
53.326,64.147,-20.608,-53.917,4.451,-33.677,9.684,-1.332,14.993,7.443,2.328,-9.656
55.441,94.224,-0.86,-22.314,29.812,-39.989,-1.823,9.022,19.207,1.183,-1.724,4.502
54.731,80.663,4.205,-11.952,8.88,-40.561,16.629,-10.135,15.384,17.828,-16.583,-2.794
56.578,78.866,-0.759,-30.772,14.506,-30.745,-5.516,-5.24,-4.562,-0.786,5.208,-17.617
56.44,74.879,-21.556,-23.46,12.931,-54.163,-10.096,-3.01,-7.677,1.775,6.582,-10.552
54.431,82.5,-9.102,-48.277,10.072,-17.902,-14.525,3.452,3.828,5.627,-13.226,-11.158
55.064,87.467,-13.553,-45.083,39.222,-31.717,2.347,-22.606,13.363,19.359,-23.1,-10.695
54.27,39.769,-6.903,-29.371,21.984,-41.784,-0.109,2.646,3.428,-2.011,-6.672,-4.31
55.994,81.607,-14.124,-27.106,-5.485,-77.29,-3.195,1.491,-9.706,-2.116,-4.94,6.432
55.83,72.346,8.254,-22.166,6.66,-34.601,-3.521,1.008,-30.097,0.743,-6.589,-6.66
55.185,108.699,-25.895,-28.602,20.87,-35.551,9.841,16.161,-7.197,-4.961,-18.774,-7.985
54.449,83.18,-22.994,-22.803,15.074,-35.474,13.533,-10.712,-5.903,4.899,-26.164,-2.945
54.332,82.341,3.463,-31.066,-9.141,-22.994,15.217,4.36,3.256,6.769,-17.257,-11.574
54.894,80.705,2.209,-29.626,-4.306,-36.179,24.931,-10.042,-9.048,8.237,-18.668,-24.273
56.373,54.136,-19.476,-23.478,16.384,-49.425,-8.9,-10.516,-6.657,6.199,4.473,-6.068
54.959,75.236,-5.48,-12.573,3.597,-28.219,10.234,1.928,2.816,-11.701,-30.278,-14.113
55.742,60.691,-7.605,-41.33,39.38,-31.095,-12.977,-4.355,-5.97,25.916,-20.686,-8.337
53.875,27.983,13.432,-36.881,-15.594,-31.81,0.227,-0.767,-19.347,-6.601,-3.18,-28.131
56.252,79.743,-18.791,-29.183,-10.743,-35.106,-8.406,19.754,14.405,-17.786,22.645,-7.651
56.183,119.998,-12.51,-17.927,-5.317,-23.94,-21.869,-24.405,5.153,4.666,-16.057,-4.879
54.614,82.053,-24.298,-21.271,12.658,-33.706,3.396,-7.095,-0.467,0.515,-28.663,-1.258
52.512,63.468,-8.987,-65.77,0.169,-28.332,20.468,8.48,22.619,2.872,-3.273,-14.13
55.54,96.979,11.891,-24.373,5.917,-38.924,25.063,-12.063,18.822,7.793,-0.74,-6.678
56.434,70.727,22.512,-19.035,11.133,-34.227,-7.726,-13.594,6.855,-9.555,-8.332,-12.234
55.268,67.436,27.707,-30.434,0.287,-26.722,-4.662,10.758,-8.531,-6.526,-16.809,-21.674
55.453,68.21,-1.57,-11.713,22.375,-27.428,-24.132,-15.447,-1.23,-5.055,-19.637,-14.047
54.986,38.393,-12.315,-27.649,22.122,-32.371,-10.432,-4.339,-1.79,13.015,-17.195,-13.141
55.8,85.839,-24.818,-35.383,-5.634,-65.778,-8.4,0.666,-15.959,-3.342,-19.034,0.796
53.284,69.081,14.001,-67.458,-3.516,-32.889,18.263,7.688,-1.325,13.156,1.22,-13.126
56.634,88.625,-23.254,-27.693,18.656,-50.789,-9.858,3.813,-2.369,11.779,4.447,-2.651
56.298,94.743,-2.329,-9.324,35.465,-32.563,-25.884,-22.796,8.727,10.349,-20.135,-11.847
54.549,33.566,-11.078,-32.759,37.264,-40.914,0.434,0.994,22.945,7.84,-10.34,-17.464
54.595,41.255,13.444,-39.855,8.798,-28.993,-5.257,-8.413,-6.255,10.071,-7.577,-28.119
56.637,73.469,-20.619,-33.44,1.205,-59.01,-17.406,-6.177,1.645,-7.21,-15.915,0.517
55.216,47.971,23.615,-42.445,14.107,-31.977,-18.148,2.198,10.672,6.912,0.017,0.919
56.007,80.709,-38.363,-37.748,26.219,-72.834,-17.521,-0.747,14.893,-1.918,-10.671,7.802
55.693,106.024,-7.621,-31.803,36.643,-28.813,-21.442,-9.918,13.573,-7.062,-19.719,2.345
55.051,82.298,-7.72,-29.759,10.097,-43.526,4.725,-9.717,10.672,6.112,-3.75,1.863
56.747,89.482,-14.029,-36.132,-13.269,-46.721,-0.467,-5.067,-7.986,-9.029,7.347,4.314
55.938,69.495,-4.034,-19.04,-6.441,-65.211,5.798,9.23,-10.151,8.591,-25.298,-5.087
54.94,123.197,20.799,-31.893,17.048,-41.201,30.492,-0.111,5.145,18.788,-10.646,-6.367
57.178,121.089,35.875,5.796,8.858,-28.133,29.06,-5.29,-6.178,6.388,-17.03,1.974
55.765,118.364,7.218,-22.913,-0.681,-34.358,37.252,11.319,-12.143,4.695,-20.11,3.088
55.709,103.68,0.62,-37.126,10.876,-47.963,5.525,8.673,-29.298,15.603,18.674,-0.08
55.191,75.264,-1.848,-27.144,-21.597,-66.875,5.997,-2.936,1.882,4.997,-9.457,0.65
55.532,95.875,62.488,-29.05,-10.905,-30.434,15.803,-9.687,9.992,6.003,-6.455,-25.857
55.341,90.498,5.905,21.561,-9.032,-44.271,7.008,5.571,-0.833,3.769,-5.82,-13.07
53.998,92.616,21.782,-30.521,-27.525,-34.594,29.479,9.233,-9.043,12.428,-9.875,-10.941
55.637,86.896,42.785,7.955,-17.653,-21.944,24.15,-14.242,-7.842,6.91,-33.632,-7.126
54.968,120.978,-14.07,-39.365,-32.634,-62.195,12.551,-0.8,-30.632,2.122,-11.721,12.334
55.041,136.808,-7.997,-0.691,-17.3,-34.463,18.819,20.837,-27.782,0.874,-17.067,9.96
55.865,85.179,1.439,-18.758,-22.293,-45.222,15.352,-1.019,-26.058,6.717,14.618,-0.018
56.423,104.461,35.196,-26.372,21.267,-33.382,-6.425,12.031,-12.317,-22.575,1.84,-3.062
55.675,74.652,59.045,-21.992,3.024,-33.146,28.539,-9.17,1.643,11.712,-7.175,-20.227
55.433,72.271,7.005,16.812,-3.732,-53.562,18.286,-9.181,0.715,1.736,16.01,-13.069
54.956,97.853,8.521,-0.52,-21.751,-26.435,30.23,-17.939,-24.836,7.77,-39.152,8.342
54.625,90.51,5.676,-41.611,-11.975,4.075,33.769,31.84,4.382,-48.822,18.909,-13.522
56.348,81.958,0.027,-16.664,-14.745,-53.861,7.803,1.892,-17.879,1.637,6.035,-4.096
56.288,115.72,33.359,-25.797,51.609,-32.664,-0.882,1.215,-12.976,-1.92,-6.318,10.646
55.205,109.398,35.949,-22.923,-34.822,-20.588,8.655,4.869,-23.884,5.832,-17.148,-12.973
54.369,85.676,27.673,-24.268,-37.725,-31.07,31.782,5.658,-15.928,-4.14,-8.337,-13.791
55.156,104.753,25.631,-6.62,-27.775,-33.973,29.431,-17.571,-25.015,2.829,-30.085,-3.069
54.361,101.413,-33.513,-23.932,-30.3,-43.114,11.284,1.621,-28.067,9.022,21.053,4.15
55.389,109.649,6.726,-29.689,-3.693,-32.492,42.711,7.457,-12.359,-2.066,-20.067,20.295
56.224,110.28,33.12,-30.71,-20.774,-33.366,32.143,8.964,-18.721,13.789,-12.74,8.309
54.858,95.452,17.755,-24.111,-49.466,-30.287,18.567,-0.124,-14.724,4.865,-2.945,-17.083
55.556,100.409,1.842,-12.816,-27.873,-25.165,19.864,2.75,-15.975,-1.011,-22.93,-4.301
53.669,48.755,46.186,-22.244,-4.387,-32.87,19.613,1.033,3.155,4.692,-11.282,-17.853
55.336,85.293,22.612,-8.692,11.046,-41.582,30.038,-26.128,-0.001,-0.711,-4.374,-17.082
55.017,104.981,-17.461,-27.89,-25.804,-69.672,11.467,7.604,-23.391,6.502,3.843,4.636
55.649,122.226,21.093,-21.603,-18.543,-33.272,34.919,9.817,-25.563,-3.487,-7.89,5.085
56.353,137.773,59.009,-13.176,24.332,-25.483,-6.246,-6.14,-43.653,-8.243,-3.631,4.303
54.975,82.815,37.036,-11.376,-22.066,-24.533,38.509,-0.6,-13.042,-1.274,-24.416,13.796
55.685,97.87,18.948,-19.668,-8.391,-41.548,34.939,-21.61,-15.635,3.904,-25.991,-8.369
55.026,99.178,-17.791,-36.372,-15.761,-59.74,14.626,4.409,-17.31,8.56,4.921,2.226
55.748,125.27,33.055,-29.237,-9.097,-35.718,21.32,10.909,-17.245,-1.335,-4.872,-8.813
55.285,99.547,56.096,-26.861,-28.538,-33.911,29.621,5.416,-16.824,-0.684,0.158,-16.182
55.984,105.556,46.584,28.016,-0.406,-30.231,4.838,8.267,-12.733,12.338,-38.472,-0.42
54.172,61.432,36.515,-23.18,-7.01,-34.41,32.718,2.636,7.901,10.566,-10.882,-21.871
55.345,91.538,20.176,-4.916,-8.823,-29.504,34.265,-11.041,4.15,-17.367,-2.779,-16.906
54.651,88.922,-43.226,-27.245,-23.295,-67.913,-2.104,-1.426,-22.821,10.082,-8.884,1.47
55.334,137.995,17.826,-35.035,-5.823,-36.829,27.196,-5.07,-23.46,-2.633,7.765,-2.002
54.941,127.148,44.193,-29.673,-26.071,-29.96,20.723,0.673,-17.57,0.266,8.816,-14.583
56.288,146.927,83.632,11.545,17.701,-27.142,11.334,-11.998,-23.693,0.511,-15.085,-1.438
56.39,102.686,-12.05,-4.982,-0.858,-57.929,10.3,25.453,-3.412,5.513,13.88,8.469
56.1,115.567,9.371,-18.368,-9.732,-29.547,33.447,-8.595,-22.998,16.759,-15.134,2.885
55.654,79.571,4.198,-27.71,5.239,-28.946,25.352,5.741,-14.245,-1.804,-11.062,4.181
55.833,75.195,-3.705,-16.195,6.686,-52.88,24.53,-1.881,-8.953,4.316,5.196,-9.622
54.001,65.063,-31.26,-4.36,-33.812,-66.482,8.581,-18.737,-25.136,17.199,-6.138,16.265
53.593,59.744,1.273,-33.994,-26.833,-58.66,25.282,-0.382,-17.497,21.155,-9.924,12.499
52.308,60.033,15.472,-44.514,-47.501,-27.896,25.556,2.675,-17.558,-4.816,-0.81,-10.377
54.63,67.19,43.681,-5.932,-41.987,-38.433,25.114,-2.693,-15.76,2.773,-11.411,-21.703
55.03,74.956,47.561,-1.536,-32.609,-50.666,35.554,-3.801,-12.286,19.799,-20.127,-4.387
56.672,55.898,-1.537,0.519,0.635,-67.23,-11.242,-22.813,-18.817,17.232,-8.943,1.295
55.656,67.329,59.008,-2.808,58.852,-40.253,5.068,26.044,-16.236,5.568,-8.428,-14.947
55.829,79.062,83.378,-9.158,68.255,-12.857,-38.736,-20.915,-24.786,12.027,-8.308,10.626
55.461,57.79,0.417,18.364,-11.412,-62.836,-18.818,-6.675,-15.723,10.656,6.63,0.42
53.686,28.073,0.626,-12.792,9.788,-29.39,16.704,-17.039,-7.878,1.729,-18.29,6.883
52.413,16.132,-6.269,-13.656,-14.191,-11.424,0.044,-18.361,12.386,-16.758,-20.552,2.513
55.477,55.597,-14.66,-22.5,8.238,-83.432,9.637,-12.786,-3.421,-1.778,-18.432,1.554
54.761,43.697,56.172,6.945,51.092,-30.157,-12.585,-27.409,6.551,-2.252,-2.519,-6.337
54.637,59.995,-6.243,2.469,37.298,-33.366,-48.007,-13.228,-18.211,11.892,-3.778,7.177
54.155,63.806,-41.143,5.685,-42.125,-16.492,-41.879,-3.055,-8.184,8.731,5.975,-6.761
52.716,74.204,-12.411,-43.432,-37.764,-18.74,-27.355,-16.156,-7.293,-0.106,-13.002,-0.599
47.616,26.609,-54.196,36.037,-10.473,6.063,6.081,23.458,-22.059,-51.462,-61.794,9.534
39.564,138.322,-67.654,93.976,54.253,21.428,7.075,-68.403,-18.227,-48.147,19.3,15.671
48.024,20.963,-61.001,-5.645,-4.95,75.981,28.465,-23.567,-7.99,12.213,80.769,-12.717
48.053,-32.453,11.503,-20.405,-53.644,-35.449,37.313,4.303,-11.498,-6.459,-4.02,5.749
49.335,28.357,-37.211,1.662,-22.676,-18.492,35.525,-47.51,-13.061,-29.333,5.276,-16.261
50.465,42.07,-22.302,2.473,-23.866,-55.652,24.862,-50.073,-28.288,24.84,-19.08,0.711
49.514,74.422,-110.17,98.122,-4.545,-39.701,-20.811,24.915,-6.161,-6.044,-62.142,18.743
38.141,191.083,-85.435,117.687,25.408,-43.061,-19.7,-54.74,-2.333,2.64,-10.763,16.031
48.107,12.38,-52.141,7.374,-6.833,53.774,26.686,-22.929,-9.386,23.392,88.432,-11.039
50.006,79.86,-30.681,-16.652,-23.787,-56.501,7.096,-32.155,-31.795,20.175,-25.427,-10.983
49.558,16.55,-1.319,-19.611,-43.855,-23.109,23.039,-2.578,-9.843,2.004,-22.021,-1.919
52.426,29.832,-31.92,-55.792,4.877,7.432,-17.262,0.555,-14.848,-33.663,4.399,-13.215
54.615,48.772,-19.028,-35.066,6.472,3.475,-1.933,21.773,-2.411,-28.342,-2.83,-7.335
55.063,42.527,11.857,-22.474,2.614,-35.292,19.965,5.359,-28.381,-9.767,0.257,3.718
55.965,68.694,36.201,-15.188,45.222,-24.678,-16.343,-23.037,-12.637,-6.133,-10.061,-8.143
53.573,49.742,16.84,1.91,55.614,-10.45,-92.032,-14.345,-25.974,-32.28,-23.007,-17.841
52.887,30.077,-32.238,-37.947,3.117,-58.816,2.185,-10.6,6.829,14.71,4.71,-0.61
54.631,69.719,7.163,-40.173,-13.964,-32.595,2.474,-15.598,2.818,6.245,4.199,-2.546
54.443,41.753,-1.195,22.724,5.121,-26.528,8.149,-44.929,7.815,-3.628,-29.789,5.871
52.752,3.368,-12.265,-3.195,17.696,-16.998,12.372,-48.773,6.518,0.947,-2.038,-17.203
55.25,48.574,-15.116,-10.613,6.603,-80.199,22.689,-17.65,-3.424,-4.395,-18.67,2.685
54.614,42.171,54.406,0.883,53.241,-42.31,7.351,-22.74,5.259,12.007,-32.672,-20.69
54.007,92.717,25.527,17.895,68.321,-17.812,-37.135,47.897,13.629,-14.319,-9.424,-2.857
51.369,128.764,-60.029,-71.691,35.29,0.204,-16.856,-55.755,-10.88,58.765,-43.781,16.284
53.729,132.136,-33.584,-41.978,-48.19,-16.718,-20.02,-53.368,-4.66,9.966,-16.254,-3.627
51.833,28.542,-32.406,-22.619,-10.426,-3.032,-7.714,-40.647,-19.694,-26.636,3.976,-6.101
51.835,22.94,-8.563,-34.316,-24.718,-6.375,-1.447,12.658,0.383,-39.339,-21.285,7.045
49.27,64.326,-111.388,96.04,-9.589,-54.218,-29.253,19.774,-10.32,-19.729,-92.45,29.354
34.708,92.956,-79.284,-10.683,37.352,116.126,10.15,15.861,32.087,-109.134,-41.044,9.436
42.283,-4.1,3.941,-123.998,-1.639,119.696,36.248,16.285,-1.22,-11.369,-14.668,-0.437
49.625,51.039,-60.014,8.509,-18.335,-33.698,31.743,-63.495,-19.709,-6.967,-9.391,6.02
49.112,9.239,-50.507,-3.314,-37.897,-3.469,22.97,-18.952,-2.068,-29.3,15.453,-3.749
51.597,66.728,-73.322,22.741,-15.469,-29.281,12.547,-15.268,-9.109,-13.445,13.079,11.218
49.385,68.007,-70.698,7.445,-16.293,-44.316,19.998,-69.033,-16.089,1.982,-32.183,12.656
48.973,8.107,-68.36,52.354,-48.425,-30.461,9.987,-47.029,-13.771,-6.428,24.687,-2.87
49.557,89.633,-66.951,1.387,-18.153,-62.767,16.206,-72.591,-24.564,5.82,-42.221,19.753
50.403,22.031,-50.122,15.962,-37.457,-45.67,5.061,-36.98,-12.275,6.316,17.554,5.037
52.805,173.959,-56.956,-41.97,-4.98,-56.086,4.159,1.649,-9.126,-4.404,-12.301,18.298
54.574,45.007,-36.483,-14.541,5.033,-60.212,-18.985,-33.044,-17.49,-9.029,-22.887,-3.18
54.043,64.428,-13.113,-42.062,21.284,-23.068,-65.747,-26.461,5.963,-10.765,17.412,-37.799
55.226,35.166,71.39,29.094,36.297,-17.415,-44.399,-52.566,-33.733,-10.452,-20.873,-22.598
52.101,80.275,-35.759,-8.755,91.073,-49.079,-66.696,42.253,-17.129,-38.274,26.33,-21.699
53.991,42.142,-17.442,-13.496,-18.77,-65.087,-8.543,-8.948,-30.439,22.349,-19.177,-7.91
51.767,18.166,-28.461,-34.691,8.752,2.786,9.888,-25.205,8.99,-34.737,14.401,-9.235
55.188,74.979,-31.221,-26.879,-2.355,-78.572,-8.259,2.343,0.954,2.555,-20.033,9.852
54.688,100.932,-6.187,-22.359,11.478,-39.513,11.367,16.39,-5.378,19.472,-11.147,0.812
55.691,135.425,2.615,-53.218,-1.396,-9.0,-62.991,-29.112,-19.202,4.984,1.879,-21.337
54.77,77.327,7.935,-44.794,20.515,-38.015,-53.826,-38.928,-12.179,-7.985,-9.025,-12.902
54.6,93.533,-36.165,4.705,-1.547,-22.479,-45.072,2.032,0.498,-20.405,6.004,2.271
53.823,108.491,-19.15,-29.375,-32.435,-9.133,-19.761,-17.474,-14.013,-7.076,-16.55,1.633
51.134,6.026,-17.118,-18.012,-21.844,-23.153,-23.756,-9.664,-14.526,-9.771,-3.54,3.28
51.098,78.893,-93.858,74.7,-1.77,-11.902,-16.128,19.036,-5.912,25.001,-57.094,17.097
34.369,34.191,-28.519,-63.487,32.593,-85.182,-7.174,24.438,38.964,28.49,26.165,-4.002
39.949,169.913,-53.506,103.216,50.151,-84.987,-7.212,-67.863,9.717,11.048,-50.365,21.194
40.38,30.116,25.234,-150.799,24.262,10.952,26.342,-29.619,8.685,29.736,-38.857,2.461
46.998,-36.691,15.22,-32.073,-55.4,-33.942,39.526,4.866,-13.469,0.725,-6.335,2.82
49.584,30.778,-21.354,-13.136,-26.263,-18.931,27.839,-31.857,1.301,-27.921,4.313,-11.968
50.418,36.344,-27.078,4.253,-22.273,-55.168,25.654,-48.068,-33.538,31.229,-26.196,-0.181
53.043,62.615,-56.681,11.193,-20.187,-74.849,1.57,-16.282,-19.382,-15.542,-19.989,18.942
42.389,76.967,-114.858,89.02,-0.666,-62.413,-2.324,-29.338,8.609,-55.076,-18.53,-9.142
34.898,81.198,-57.77,-63.02,36.82,29.251,-6.415,37.375,33.065,-60.397,-81.69,10.173
38.49,-1.697,16.974,-196.637,-7.423,15.246,24.573,-16.856,-10.345,38.59,-54.685,3.861
47.432,-27.114,18.459,-51.286,-56.683,-34.932,35.346,22.335,-16.84,2.273,3.25,0.88
49.645,57.456,-24.749,-16.811,-12.16,-51.724,21.473,-62.25,-30.515,17.142,-24.96,-9.176
52.316,25.875,-0.29,-10.476,-10.645,28.858,19.022,3.397,11.649,-40.096,-28.51,-16.225
54.93,61.655,-44.439,-15.992,8.958,-69.957,-22.111,-11.095,-19.942,4.384,-7.171,3.966
54.023,41.008,19.258,-50.572,3.823,-17.728,-27.014,15.157,-1.216,-28.637,1.97,-18.109
55.763,50.679,51.538,23.554,70.996,-4.377,-36.059,-26.82,2.824,-20.902,-41.347,22.482
50.393,-35.952,8.755,-90.633,44.783,-33.394,-43.846,34.961,21.586,18.241,-10.406,13.549
52.782,10.263,2.254,-36.178,15.514,-11.618,35.328,7.469,1.689,-13.33,-30.287,6.655
51.445,19.193,-40.31,-28.58,6.805,-13.177,8.957,-29.473,-7.837,-38.5,21.858,1.64
51.511,1.834,-21.343,-30.64,3.889,-35.454,4.8,-9.184,-18.155,-4.039,-8.153,-10.402
54.769,50.007,-31.17,-1.325,4.858,-66.721,12.466,-15.085,-8.791,-8.515,-17.567,1.632
55.183,77.833,21.744,-5.306,6.628,-28.835,-33.485,-29.095,11.323,0.919,-16.687,-27.213
52.717,132.918,-51.896,10.648,29.913,-30.91,-85.835,75.19,-3.696,-23.843,4.594,-24.073
52.948,105.686,-42.799,-26.918,-25.995,-17.525,-25.985,-17.536,-30.9,72.373,16.796,-1.049
50.791,17.897,-43.803,0.349,-18.722,-46.989,-18.415,-51.341,-26.56,15.571,-14.597,12.557
50.217,2.107,-18.567,-51.423,-18.531,-4.591,7.507,38.061,-7.003,-43.971,-25.836,7.946
41.381,101.467,-130.572,56.352,11.374,-109.261,-26.48,-34.862,21.09,-5.434,-22.941,2.551
42.182,160.318,-99.349,84.995,44.231,-58.12,-7.424,-55.747,-8.054,29.839,-36.071,18.782
47.148,32.717,-59.415,-27.922,10.109,94.997,28.391,7.224,0.725,-10.294,22.653,-12.293
46.939,-27.169,15.048,-24.865,-48.584,-27.918,32.583,3.244,-8.669,1.401,-6.685,-1.774
49.219,64.409,-71.508,4.951,-5.47,-44.381,27.224,-63.7,-16.388,-6.044,-6.539,-1.008
48.813,24.072,-55.712,-30.345,-25.856,18.481,17.559,-8.673,0.368,-51.836,-21.299,-7.689
48.017,-18.614,12.378,-25.073,-52.649,-24.078,29.752,1.891,-10.409,2.743,-1.597,3.433
53.515,76.8,-50.801,-8.891,6.368,-80.228,3.613,0.818,2.581,-9.165,-12.458,5.277
51.336,36.78,-5.933,-42.874,-20.243,-8.454,31.508,5.906,0.223,-35.318,-14.498,-7.131
52.04,20.618,-30.42,-14.028,-13.533,-62.227,-14.063,-33.906,-9.468,24.164,-33.034,-0.338
55.82,115.284,-41.459,-40.699,10.943,-40.557,0.727,-21.142,8.623,15.338,2.11,4.401
55.502,74.0,-2.041,-39.122,21.491,-30.323,-6.492,0.863,-1.634,7.852,-11.958,-8.269
54.738,84.358,-13.014,-50.303,-4.197,-26.238,-1.957,9.105,-17.176,-4.243,-6.723,-10.282
55.103,71.347,-31.986,-39.585,-8.925,-81.32,-3.645,10.489,-3.631,-7.881,-10.197,7.89
53.94,89.094,-14.965,-46.028,-16.693,-33.795,4.701,2.35,-9.653,11.537,-14.855,-12.269
54.807,102.936,-20.567,-34.2,-10.933,-22.739,-0.399,-1.895,-15.948,-6.105,-7.53,-8.823
55.936,81.418,-1.241,-43.368,25.085,-26.218,6.473,2.384,7.844,-8.159,-9.823,-13.878
55.452,81.603,5.264,-46.79,-1.347,-23.6,-3.25,6.779,1.505,-0.223,-14.403,-18.8
54.594,73.862,-2.028,-43.507,-13.215,-27.057,-9.33,3.54,-6.684,-0.151,-15.207,-14.947
55.386,69.98,-34.776,-27.555,0.332,-20.032,0.344,12.772,-13.718,2.431,-15.159,-0.194
55.19,90.495,-23.943,-38.72,-0.78,-32.099,-2.227,3.579,-18.797,-0.149,-7.928,-2.75
54.127,116.838,-16.077,-58.094,9.094,-28.982,12.078,9.647,-3.051,-13.421,3.172,-12.868
53.996,44.042,-26.174,12.262,-23.404,-37.558,-30.44,-10.016,-10.992,11.633,-10.194,-14.965
53.413,37.725,27.676,-57.234,-11.889,-23.515,-27.219,-0.562,-1.774,12.086,-2.309,-43.643
55.464,59.61,38.954,-20.98,12.862,-32.828,-34.709,-19.446,4.983,3.616,-13.11,-42.193
55.491,74.406,-38.443,-34.237,-7.351,-67.324,-27.693,3.501,-15.377,-9.23,-15.661,-5.994
55.31,64.391,-2.747,-18.177,5.082,-18.887,-36.079,-17.154,-19.323,-1.302,-26.848,-19.907
52.375,46.274,16.318,-40.292,-25.702,-18.51,-19.723,-15.187,-19.309,11.259,-17.233,-28.373
51.995,-17.095,18.657,-22.695,28.228,-15.726,-14.127,-14.875,-21.93,-7.878,-10.497,-13.226
51.388,-2.436,-47.159,22.041,-10.815,-88.054,-13.802,-47.58,-14.829,17.029,6.515,-7.099
49.537,-54.66,12.42,-27.371,-6.236,-37.747,10.033,-0.2,-1.442,-10.14,-4.963,-17.423
50.62,-13.943,10.04,-38.559,-19.95,-29.692,-3.836,-7.251,-17.795,-8.142,8.592,8.805
51.793,40.81,-6.58,10.114,-18.401,-10.792,10.201,-11.708,-3.602,-31.103,-8.06,2.722
54.065,70.785,10.366,-42.224,-2.238,11.534,15.134,19.217,1.499,-33.6,10.827,-13.82
54.634,48.923,45.277,-40.925,14.781,-28.279,-21.924,10.308,-7.909,13.37,-5.27,-2.313
55.844,89.666,-17.357,-35.819,0.423,-42.629,-12.299,2.223,-8.618,-1.634,9.458,-5.388
54.844,72.397,4.616,-41.313,4.139,-28.479,6.274,4.113,4.476,4.523,-6.303,-9.221
55.026,65.156,4.027,-42.408,3.435,-32.644,6.347,4.744,-6.006,-1.458,2.103,-6.685
55.368,70.015,-43.65,-7.261,6.366,-43.71,1.466,12.753,-6.502,10.537,4.479,7.879
55.21,83.438,-5.248,-38.655,7.052,-30.945,1.308,2.418,-12.183,3.362,-13.986,-12.468
53.583,82.92,-20.141,-58.348,-12.36,-34.234,13.425,12.469,-8.658,1.786,-6.577,-5.633
53.635,70.483,-11.87,-60.168,-16.109,-28.323,-8.522,16.281,-10.315,-0.609,-4.113,-4.842
55.425,68.258,9.619,-38.812,8.418,-28.867,10.673,2.594,-0.599,4.099,-15.726,-11.865
55.656,84.452,7.8,-17.742,6.951,-41.501,6.354,17.424,-15.825,7.636,-6.03,-7.813
55.624,110.655,-26.304,-33.007,5.874,-40.103,-2.177,19.712,-12.578,5.642,5.063,1.637
54.541,98.202,-32.545,25.38,-18.225,-16.002,-17.865,-30.888,-16.073,12.871,-44.185,-23.248
50.97,-20.978,4.877,-41.757,1.918,-32.75,-21.965,-6.055,-13.452,21.08,-6.8,-41.764
52.99,-3.045,46.394,-40.469,12.982,-26.276,-23.501,3.262,-10.691,-2.051,-8.949,-39.533
54.237,20.302,35.422,-4.546,13.876,-21.862,-39.885,-12.549,-4.817,2.708,-11.86,-45.311
54.793,50.513,53.815,-14.637,-18.918,-29.953,-32.718,-10.204,-12.11,-4.406,-11.673,-31.813
53.31,30.785,-23.09,9.34,-34.854,-50.951,-20.07,-15.849,-18.818,5.605,9.121,-31.255
53.583,-3.426,42.667,-25.241,-3.585,-30.455,-32.583,1.511,-12.941,-2.535,-7.533,-38.214
55.766,62.468,-13.45,-21.646,-2.291,-18.273,-16.41,-4.974,-2.222,-19.892,29.58,-16.436
54.314,51.48,-18.776,6.849,-28.484,-17.485,-34.858,-0.705,-26.328,-4.586,-38.417,-16.954
51.041,12.366,-33.203,-30.758,-21.135,-12.259,-0.075,13.874,1.824,-23.574,-18.793,-12.582
50.245,-32.955,13.861,-36.167,-11.765,-37.636,11.876,6.769,-32.846,12.408,-11.387,-26.285
50.776,-23.066,-9.552,-7.674,13.553,-25.372,3.672,-13.071,-15.733,-17.127,-11.86,-14.055
49.884,-40.031,10.974,-45.964,-13.26,-25.557,-4.527,6.167,-27.903,-14.761,2.805,-6.262
50.004,6.122,-28.574,-15.134,-30.989,-97.667,1.011,-27.8,-32.445,8.622,-12.721,12.728
49.706,-10.021,42.643,-19.595,-27.338,-29.522,21.447,9.824,-14.623,-5.205,4.871,-0.051
55.135,87.964,-18.071,-17.737,-11.717,-47.191,5.958,7.418,-7.027,-15.058,26.818,5.031
54.297,117.252,5.951,-54.51,13.415,-14.597,-19.473,21.363,-10.245,-28.356,-3.38,9.419
55.266,93.398,-24.931,-31.149,38.677,-28.439,-44.443,-15.537,-13.115,-2.154,-16.465,7.161
55.461,36.513,36.791,-21.181,25.652,-17.437,-14.478,-2.105,6.094,-19.562,-7.46,3.298
54.946,51.019,15.45,-46.108,4.99,-28.614,-24.484,39.947,-8.75,0.725,-18.724,4.842
55.802,95.121,-7.417,-30.643,10.342,-35.594,2.251,-11.155,2.841,15.958,-9.176,-2.517
55.002,70.766,0.612,-44.085,7.774,-34.547,-4.558,-4.333,2.637,2.404,-8.635,-8.096
55.736,66.456,-20.989,-20.16,-1.209,-47.399,-2.959,6.865,0.777,-3.628,10.947,-2.783
54.851,94.42,-10.803,-39.381,-1.757,-35.687,-10.301,-4.85,-16.306,1.911,-2.953,2.4
54.026,89.92,-1.47,-44.836,-25.411,-30.445,10.56,13.743,-8.065,-7.526,-8.013,-11.336
54.944,59.034,-24.048,-24.915,-7.472,-45.735,9.532,-12.826,-0.686,14.872,-10.375,-13.78
55.857,68.48,22.017,-50.082,7.188,-33.813,10.605,11.973,5.584,6.169,-5.035,-12.469
55.702,75.72,12.007,-35.114,1.889,-27.328,7.49,7.591,-0.897,-0.871,-13.195,-17.784
55.713,90.082,7.092,-26.686,7.017,-34.04,-5.81,5.949,-11.719,-1.928,-14.886,0.872
55.169,113.524,-22.716,-49.956,0.069,-36.24,2.797,7.933,-13.9,-4.272,-5.612,7.075
55.803,113.658,-25.224,-26.524,-3.368,-48.567,3.387,14.189,-8.468,14.625,-0.522,7.424
55.89,100.22,-16.707,-35.055,21.36,-35.739,9.737,-28.497,2.47,13.614,-15.261,-1.312
55.207,46.694,3.981,-11.722,12.928,-35.244,3.572,-5.233,28.005,11.049,-18.357,4.311
54.844,55.691,-2.675,-30.484,12.103,-42.108,-2.788,-3.898,34.161,20.284,-3.981,1.286
55.758,59.902,-14.622,-13.423,10.063,-48.588,5.302,-13.29,10.659,6.482,-15.279,10.727
55.021,35.748,-10.388,-14.223,2.192,-36.13,9.462,5.183,30.797,10.75,-12.426,5.848
54.097,51.343,0.194,-24.018,-4.245,-31.024,12.612,-12.596,20.662,9.369,-9.403,5.872
56.392,82.182,-16.95,-25.912,7.023,-41.427,-3.469,9.743,8.807,-4.635,-0.438,6.269
54.945,74.919,-23.953,-15.618,10.865,-34.061,6.264,-5.572,17.41,-0.638,-24.268,6.825
54.35,82.921,-25.369,-34.406,14.969,-28.541,2.871,-24.837,18.513,-5.07,-6.316,-13.047
55.025,80.291,3.718,-58.093,8.205,-32.207,11.661,11.299,14.641,-2.237,-1.717,-15.611
56.485,95.464,-18.148,-31.092,18.482,-42.664,-9.006,6.974,-9.475,9.239,8.431,-2.261
56.263,101.783,-0.784,-35.895,15.377,-35.61,-8.346,-9.328,10.222,2.826,-5.111,-12.436
56.649,73.582,6.437,-0.441,22.7,-38.188,15.659,-1.151,23.786,11.642,-24.284,12.03
55.683,77.149,0.671,-42.933,11.483,-32.058,-1.06,-0.402,13.422,10.986,-13.181,-1.745
55.979,82.937,4.027,-43.389,13.56,-28.471,-1.864,2.517,12.797,2.857,-8.051,-10.402
56.471,84.655,11.713,-38.888,31.165,-36.38,21.816,-4.643,15.363,10.435,-9.634,1.092
56.015,83.69,-8.437,-43.947,6.184,-33.61,-1.555,-5.357,24.57,-1.694,-15.885,-12.541
55.854,78.326,-15.716,-32.622,-2.755,-31.268,-13.354,-6.28,27.134,13.163,-27.941,-11.313
55.691,101.432,-13.447,-35.282,10.565,-37.66,0.618,-15.187,10.011,11.93,-6.418,-8.023
56.604,90.605,12.705,-40.85,28.306,-37.42,7.481,-9.367,10.746,8.781,-9.294,1.268
56.278,88.911,7.091,-30.022,31.422,-36.317,-8.355,-11.093,19.973,13.859,-8.008,-15.584
56.62,94.86,11.702,-30.658,21.968,-42.767,8.58,-3.171,6.474,14.759,-13.102,-2.984
57.039,80.129,0.607,-25.615,3.585,-52.638,-7.271,7.341,4.456,2.777,-20.939,11.986
56.317,92.313,2.59,-37.737,12.742,-24.66,9.592,-2.413,13.599,0.549,-10.511,-4.152
56.03,90.744,-4.705,-35.903,33.946,-37.821,-2.221,-7.653,-6.682,8.212,-18.442,-8.097
55.182,51.295,20.436,-32.12,14.165,-29.445,6.148,5.101,6.157,3.151,-2.98,1.563
55.186,56.444,-13.953,-8.719,6.333,-36.085,-9.406,8.733,8.215,-1.074,-4.44,-11.704
54.158,40.429,9.897,-26.03,1.205,-33.069,12.299,-10.637,2.632,16.632,-15.312,-16.503
55.44,49.695,-7.176,-20.367,0.582,-60.789,0.1,-21.756,-6.315,10.653,-15.915,-9.142
55.405,48.647,-6.697,-7.846,-0.747,-36.965,3.024,-14.889,6.489,-7.66,16.219,-8.565
54.545,43.401,-19.245,-19.199,-10.92,-55.568,2.365,-13.108,-0.328,-5.85,9.68,-9.804
55.473,99.737,-13.118,-42.997,-4.909,-75.536,8.638,14.262,5.325,-6.829,-8.077,8.843
54.967,68.947,-0.442,-5.162,-8.408,-41.636,15.174,-4.196,-2.083,3.33,21.052,-12.252
54.125,71.62,25.83,-20.561,-20.823,-38.805,26.632,7.877,2.972,-0.154,-3.401,-5.774
55.943,61.154,-18.965,-24.104,12.675,-30.649,-14.002,-2.035,-9.267,10.403,6.622,-3.916
55.963,50.046,13.998,-20.631,19.161,-29.05,-0.316,-8.61,-14.548,-6.54,-11.766,-20.971
55.075,39.196,-23.257,-7.003,-0.264,-58.753,-7.329,-12.589,-9.293,5.052,-2.301,-14.852
54.171,69.344,-6.078,-23.916,-11.733,-24.537,23.645,-7.195,2.537,-7.653,-1.958,-6.448
54.678,65.5,32.095,-49.227,10.318,-31.002,14.347,17.195,4.978,6.909,-7.156,-3.431
53.01,39.394,5.46,-56.441,0.953,-43.521,11.809,11.905,-6.327,7.432,5.932,-7.598
56.163,76.899,-22.657,-21.297,11.926,-48.558,-4.374,8.999,-3.738,3.278,13.573,-2.853
55.754,98.403,10.796,-11.696,-9.913,-36.216,-1.125,11.71,-35.181,9.776,-3.438,1.564
55.3,109.61,-0.601,-14.647,2.291,-33.278,23.441,-12.116,-13.6,-4.785,-18.682,-1.302
54.159,50.898,-9.939,-20.175,-5.761,-33.305,13.87,16.573,3.416,-3.08,-21.154,-8.437
54.445,60.412,20.234,-33.08,-18.149,-39.606,27.973,14.086,0.903,11.919,-3.652,-12.17
56.229,53.757,-17.463,-19.669,20.56,-30.763,7.383,-8.464,-9.434,9.18,-3.23,-8.645
55.912,84.718,-25.88,-25.784,-13.928,-69.626,0.746,11.85,-24.766,-11.327,-10.379,3.694
55.936,131.02,-6.641,-24.913,-19.105,-17.983,-1.216,-11.686,7.641,-10.684,-13.368,17.217
55.491,97.603,-0.723,-24.409,-19.396,-24.953,7.065,6.979,-6.814,-5.284,-2.813,-0.517
54.413,59.371,6.507,-32.792,5.382,-29.035,3.956,1.658,-2.76,9.306,-19.257,-12.842
52.935,63.725,3.119,-17.031,-25.66,-32.244,21.759,-7.157,3.703,6.424,0.026,-17.259
54.18,78.985,31.689,-27.633,-7.071,-30.806,24.764,5.596,11.513,10.503,-14.895,-19.268
55.481,77.838,24.741,-18.611,17.52,-44.433,26.014,10.606,0.351,8.984,-8.425,-19.853
55.618,85.075,16.11,-26.245,8.233,-39.191,14.99,3.482,-6.425,5.327,-8.775,-0.073
56.152,66.953,11.38,-28.426,23.463,-31.708,-15.222,-4.138,-6.331,3.827,-13.586,-14.529
55.537,36.366,15.508,-23.555,28.416,-35.301,5.523,6.358,-1.264,3.02,-13.299,-4.772
54.205,34.791,22.449,-28.102,-1.017,-35.827,12.236,9.943,-16.156,1.984,-14.255,-9.152
55.661,67.025,-20.496,-27.734,11.017,-28.345,8.992,13.509,0.606,-10.248,9.41,-2.001
54.393,52.682,22.007,-26.738,-33.053,-35.775,23.545,12.642,2.256,2.006,-3.956,-18.544
55.665,74.997,10.592,-18.479,5.364,-50.344,20.675,2.246,0.361,6.542,-12.571,-7.787
55.609,72.792,-43.261,-28.305,0.202,-28.073,11.146,-3.7,-22.533,12.795,-13.553,11.075
55.874,64.733,7.048,-44.151,21.029,-34.1,-9.165,-11.869,-4.087,8.801,-11.163,-22.982
54.309,40.964,-15.65,-32.035,10.653,-34.36,-7.527,-0.987,2.765,5.395,-16.706,-18.399
54.097,13.743,8.472,-33.022,15.347,-34.832,0.41,13.037,-15.191,4.087,-4.988,-18.743
55.077,34.87,-1.786,-29.634,30.139,-35.946,3.697,2.27,-10.347,-1.795,-13.153,-9.603
54.394,29.908,-10.319,-26.44,20.861,-40.319,12.507,-1.12,-6.678,-0.824,-13.557,-13.189
54.427,37.432,13.605,-33.055,3.815,-36.98,4.004,2.578,-9.765,-3.208,-9.853,-31.327
56.796,76.921,-17.161,-21.494,6.755,-48.428,-1.295,17.318,10.42,-6.437,21.129,0.994
56.192,79.843,8.708,-7.247,3.16,-32.743,3.408,-9.618,10.393,9.706,-14.401,6.945
53.452,54.669,15.712,-68.176,-1.82,-20.006,18.915,5.608,1.187,-0.872,-6.646,-4.768
55.524,86.297,12.049,-16.559,10.637,-42.227,20.854,-12.398,-3.658,-2.521,-6.655,-3.796
56.564,68.44,7.521,-12.737,13.874,-29.897,-1.35,-9.664,-3.139,-16.183,-7.294,-7.828
56.115,90.741,-1.044,-29.072,-0.969,-26.362,7.362,-1.457,-12.152,-1.733,-2.19,-8.025
55.11,77.358,-4.719,-45.35,21.954,-32.23,11.229,-13.47,1.702,-3.249,-9.908,0.021
54.538,34.947,5.423,-35.815,15.569,-39.142,15.877,10.934,2.358,6.725,-8.296,-3.833
55.806,61.903,-18.084,-17.009,2.113,-49.259,12.07,-6.318,-7.879,0.691,5.888,2.848
55.081,99.341,-23.829,-37.173,20.113,-36.42,19.959,3.344,-1.839,-2.616,-22.297,-1.573
53.535,51.343,-39.218,-15.499,-6.807,-52.986,15.261,-9.526,-1.539,4.808,5.538,-6.203
54.111,57.34,22.026,-43.131,-11.452,-29.901,28.495,12.797,2.374,6.588,-13.794,-12.707
53.664,68.48,16.714,-37.15,-39.358,-28.657,18.1,8.642,-3.274,-4.027,-7.763,-33.458
55.81,72.692,5.726,-29.289,-5.53,-22.253,2.152,3.038,-2.863,0.511,-17.855,-20.127
54.824,36.781,33.904,-17.37,0.447,-39.593,10.952,9.809,-18.37,1.005,-5.888,-15.953
56.576,49.825,14.045,-27.311,38.114,-42.213,-14.307,0.556,-12.481,14.325,-18.073,-13.457
54.705,24.223,29.574,-34.797,3.53,-33.316,-5.873,-3.019,-19.492,-0.376,-8.992,-22.073
56.62,85.566,-18.225,-31.802,-10.964,-54.197,-2.2,4.676,9.962,-9.366,12.93,12.651
55.777,96.575,3.783,-20.75,-0.698,-30.636,-2.265,-12.726,-6.963,11.944,-17.026,-9.693
55.925,89.812,-10.494,-26.174,12.583,-35.878,7.622,-4.871,4.357,2.366,-12.981,-6.721
54.33,75.398,27.555,-38.0,-15.546,-15.609,27.368,7.292,7.571,6.019,1.468,-16.285
56.115,88.302,37.848,-13.221,3.344,-30.5,12.499,-0.59,-1.637,4.641,-8.172,-8.342
56.278,67.135,27.749,-14.158,21.434,-26.964,0.695,-11.136,3.111,-9.156,-7.85,-6.555
56.05,67.946,17.204,-8.099,22.421,-38.334,-6.697,1.826,-11.247,-13.236,-3.81,-15.204
55.175,34.68,22.391,-28.659,15.073,-50.767,11.788,26.016,-8.086,3.113,-5.553,-16.198
55.933,38.352,8.932,-24.229,31.697,-40.887,-6.695,15.91,-7.768,12.474,-5.137,-5.924
56.04,75.139,-22.116,-26.419,1.002,-63.702,-4.006,9.029,-24.441,-0.282,-9.515,8.625
55.917,80.969,1.764,-23.884,0.768,-36.789,-13.342,1.905,-19.833,-1.591,-1.047,-4.104
55.415,87.737,-3.52,-31.22,22.512,-29.299,-4.698,10.419,-3.053,7.373,-12.067,4.562
54.755,107.672,19.362,-42.46,1.13,-36.22,26.79,8.959,2.165,4.885,-6.094,1.499
55.74,104.233,7.527,-22.994,6.776,-39.051,20.661,3.586,4.824,-0.389,-13.772,-2.604
56.18,98.05,5.891,-30.817,10.977,-32.477,7.598,1.821,-6.178,2.278,-9.276,-8.979
56.229,84.617,-10.043,-32.087,38.197,-37.557,-17.491,-2.229,11.665,14.597,-13.983,-17.459
55.334,79.332,3.784,-50.101,28.985,-28.701,4.125,-2.991,4.479,9.012,-15.341,-7.585
56.044,64.376,1.098,-44.978,17.908,-36.726,-17.885,10.517,-4.556,0.868,-8.735,-17.98
56.402,100.209,-8.103,-20.024,11.296,-35.205,-12.796,-24.586,17.322,0.999,-16.521,9.283
55.835,62.255,27.144,-22.751,17.949,-43.346,-22.216,-5.31,-10.314,3.03,-1.319,7.342
56.602,81.247,-20.226,-31.425,20.13,-58.832,-6.86,-2.57,3.831,-3.255,9.983,7.396
56.528,91.176,-0.345,-16.672,22.705,-39.988,-19.726,2.519,-0.177,-3.13,-16.978,-0.244
55.0,82.601,-8.904,-36.912,6.991,-30.702,-9.35,1.664,-0.701,2.224,-8.206,3.705
54.787,61.561,-10.661,-18.822,2.266,-36.236,6.155,-10.916,-1.268,-4.073,-16.437,-6.968
55.303,55.901,19.582,-24.997,-1.048,-24.497,-11.151,5.157,-7.85,-1.89,-3.477,-5.614
56.431,87.218,-11.52,-32.744,8.509,-38.35,-0.7,7.212,-6.037,-3.88,15.065,2.35
55.568,87.237,-12.844,-17.695,1.079,-41.894,11.129,-1.907,-9.283,4.073,1.586,-8.856
55.961,85.051,-13.476,-20.007,-0.754,-59.781,-2.587,6.438,-11.281,9.064,-0.014,-5.74
54.17,87.871,1.76,-39.587,-25.031,-21.553,13.392,-2.114,-10.557,5.845,-10.001,7.596
52.98,64.294,11.405,-42.986,-35.034,-21.217,20.365,7.893,-20.693,-1.357,-5.305,2.575
55.688,78.663,-26.216,-14.523,-12.988,-70.603,5.845,-1.68,-11.607,3.396,7.864,10.705
55.186,105.874,19.935,-35.2,1.403,-36.207,13.626,32.341,-7.343,-4.181,0.752,26.033
54.653,86.519,52.039,-20.18,-15.47,-21.408,4.109,-12.006,-19.338,0.196,-0.137,1.352
55.371,82.805,34.801,4.506,12.69,-15.291,-13.921,-4.072,-6.67,-5.203,-33.098,28.107
52.165,52.651,10.179,-35.735,-26.879,-25.223,19.415,5.969,0.518,3.739,2.06,2.487
53.342,35.185,22.685,-17.112,-17.405,-27.58,-0.352,-9.927,-12.532,14.549,-11.769,3.413
52.476,49.351,-30.965,-7.599,-51.055,-82.164,-9.783,-11.759,-27.835,11.359,-7.35,16.463
53.005,49.992,9.001,-6.637,-31.09,0.376,22.148,-14.884,-10.139,-1.433,-33.892,7.433
52.843,36.009,-29.179,-2.732,-30.685,-14.885,12.704,3.812,-12.278,-13.051,9.816,9.215
52.645,59.816,18.642,-23.358,-32.671,-3.064,35.213,2.514,-17.161,-17.658,-22.436,21.809
54.604,69.268,-11.744,-18.406,-13.829,-3.993,29.529,14.114,-9.857,-32.024,21.569,7.727
55.836,107.581,18.94,-20.001,-3.64,-25.668,17.794,11.218,-1.31,-18.856,1.534,16.052
56.181,102.32,39.511,-4.017,27.529,-24.154,6.757,21.82,-8.296,4.609,-24.016,40.064
54.959,114.756,-22.441,-40.006,12.451,-35.545,25.688,-3.331,5.094,5.842,-15.724,18.62
51.45,29.058,-3.772,-33.473,-33.579,-14.436,16.111,-14.806,0.529,-4.889,-21.928,-3.268
52.36,27.883,-38.298,3.672,-22.507,-36.272,12.955,-15.805,2.275,-1.391,29.028,-12.673
51.788,28.534,15.064,-16.33,-32.087,-20.639,24.937,-14.914,8.476,2.982,-19.812,-11.706
54.607,73.735,-25.451,-31.848,-8.799,-73.495,7.738,-17.264,-8.232,-1.048,-7.149,0.243
55.409,97.982,18.739,-21.262,28.073,-26.718,8.974,18.103,19.879,-22.343,-6.383,-20.528
54.215,59.232,54.514,-19.248,-0.476,-31.752,-9.732,-2.082,6.774,-1.693,-11.577,-20.175
55.296,100.684,-30.862,-33.362,13.667,-60.759,7.157,5.984,3.767,-0.25,8.303,2.47
53.632,78.616,15.881,-40.418,-27.793,-20.415,8.155,-0.834,18.025,-2.418,-3.601,-2.733
55.597,92.711,8.785,-21.257,-9.364,-31.483,0.556,13.934,20.055,15.044,-19.698,3.223
33.262,122.035,-180.641,436.054,17.653,-108.135,-69.317,89.348,11.087,-61.592,-67.171,-9.755
