0.031,170.503,8.4,-29.324,56.579,-50.191,15.59,4.792,-27.121,1.291,-10.975,-7.223
16.936,79.265,111.523,-288.998,58.994,45.239,66.358,-71.196,-47.425,36.946,-19.004,-4.826
32.39,-52.146,77.656,3.261,94.827,-30.167,-25.162,-13.532,-20.709,-6.575,0.756,4.239
31.806,-44.646,51.483,-20.357,119.928,-35.717,-28.897,13.113,-16.987,-23.77,3.823,3.024
33.375,6.861,38.023,-32.606,128.102,-22.255,-30.761,-11.223,3.955,-28.013,16.633,8.879
34.579,35.94,31.401,0.066,111.645,-37.171,-46.45,-12.552,-15.656,-7.491,-7.257,25.453
34.016,-57.115,25.75,-43.611,68.952,-33.042,-7.579,-12.392,-6.81,12.814,5.708,18.305
37.4,-4.192,12.353,-35.341,88.683,-38.012,-34.703,-0.365,0.744,-10.694,7.477,3.093
38.223,43.518,63.704,-33.599,67.221,-33.316,-28.778,11.756,-21.716,-4.175,14.927,18.694
41.056,55.619,86.412,-15.476,59.561,-25.865,-33.57,3.459,-16.64,-7.176,7.421,23.627
42.333,52.282,95.772,3.384,49.402,-25.31,-17.391,10.161,-40.438,-18.827,7.93,-1.027
41.422,32.823,99.292,51.289,52.112,-17.286,-10.83,5.163,-37.02,-3.925,-27.902,26.502
33.19,-26.446,70.404,14.967,67.538,-44.472,3.718,-0.781,-16.641,-3.763,3.956,18.15
34.3,38.273,33.95,4.754,115.591,-51.542,18.796,-6.517,-48.043,-19.311,-5.459,8.804
33.251,52.294,-2.869,16.9,109.625,-44.467,-4.071,2.544,-35.075,-19.835,-14.658,20.062
26.531,2.124,-50.33,-27.466,25.237,-36.663,-33.658,-7.363,-12.488,-1.061,-11.399,0.936
26.431,57.544,-81.853,-46.64,69.005,-8.894,9.639,-17.28,-10.359,-54.978,-12.176,18.665
25.156,-17.801,-77.628,3.481,76.73,-20.215,-13.899,-38.813,-21.084,15.251,-26.797,0.36
23.442,15.477,-42.176,-45.119,80.762,11.872,-12.804,-20.352,18.518,-66.649,-0.997,-3.594
24.618,-77.448,-37.664,-54.724,4.262,-35.106,20.613,3.15,12.838,5.028,-3.399,-4.888
31.934,-60.66,-66.417,-104.712,8.774,21.587,8.376,16.351,-21.241,-9.763,-33.886,-9.742
31.633,53.548,-44.941,-23.773,-13.155,-54.706,-21.966,-0.014,-24.699,-29.545,7.182,-4.514
34.325,-4.216,-48.386,-6.115,24.514,-37.771,-36.555,12.197,-50.177,-13.513,-7.683,-21.651
32.952,-22.049,-8.728,-29.908,33.124,-17.744,-40.473,30.069,-4.885,12.932,-5.65,-32.642
30.625,-23.113,-4.852,-1.541,61.501,-7.479,-12.202,38.145,-36.017,8.169,-5.958,-8.505
25.479,108.602,-18.118,30.151,18.034,-62.918,-43.272,-11.418,-19.179,7.635,-0.897,-25.15
27.694,-38.448,3.151,-27.83,27.072,-5.842,-21.738,-8.32,-41.293,9.259,15.584,-11.607
27.011,-12.631,-49.993,11.418,53.685,-29.451,-32.987,-37.013,-9.891,-26.788,-4.353,2.618
24.314,-73.586,-78.732,-55.619,19.95,-46.576,-0.53,9.217,-11.13,-9.812,-8.002,-6.577
24.658,-54.298,-51.134,-45.893,44.5,-29.989,-19.185,-2.92,-12.925,-3.966,-16.033,7.758
26.908,15.304,-59.607,20.083,-3.171,-51.532,-50.599,-72.733,-19.652,25.492,-43.356,-8.358
26.895,-34.354,-77.671,-43.131,24.943,17.534,-34.087,-23.779,-6.389,-14.037,2.23,3.326
32.094,30.917,-41.723,27.573,9.948,-6.476,-24.123,-24.362,-17.835,-10.893,-23.018,31.432
23.599,-82.412,-77.666,-58.753,16.161,-25.734,-47.95,7.029,13.124,-15.046,-12.839,9.938
22.088,-101.193,-76.472,-71.313,28.34,-7.794,-21.716,22.634,-4.412,-9.556,-25.623,7.451
23.117,72.97,-56.625,11.882,24.792,-58.694,-22.446,-36.907,-7.972,11.311,-15.626,7.22
21.935,-54.292,-60.292,-32.688,8.645,-34.771,-7.758,12.132,12.361,11.192,-9.45,-5.365
20.998,24.626,-35.901,-10.356,-16.682,-70.301,-44.924,-15.966,8.921,25.073,3.363,-28.947
28.394,141.668,-23.816,21.254,-10.739,-56.14,-37.43,-61.712,1.904,31.127,-13.093,5.739
32.927,-118.62,-55.854,25.585,63.813,-2.903,-74.02,6.635,-4.572,9.76,-5.964,-1.693
29.675,-96.505,-51.492,-71.004,57.465,-23.16,-58.586,-9.277,2.633,-9.891,9.3,-6.452
33.948,-95.212,-26.113,-75.932,68.629,-18.684,-60.395,11.531,5.234,-6.608,-4.401,7.787
32.661,-80.579,-47.312,-19.661,47.619,-27.159,-30.246,3.784,-0.675,-17.123,-10.758,10.674
29.108,-68.358,-58.748,-33.455,50.235,-46.637,-34.813,-18.68,-14.944,2.424,-2.686,12.094
28.521,-46.135,-98.764,-36.385,50.362,-67.315,-28.849,-35.924,-12.467,25.382,-10.785,4.669
23.779,-72.679,-59.891,9.658,64.13,-34.091,-42.382,15.262,-22.704,-17.883,-20.516,3.414
21.991,69.85,-43.422,27.848,40.569,-25.189,-28.731,-42.428,-20.01,9.414,4.878,14.762
19.728,-49.021,-6.961,-13.565,61.563,-35.375,-20.663,13.409,-18.11,7.727,-9.214,5.324
26.304,-5.452,50.912,-150.746,25.982,30.61,5.162,-36.855,-33.727,8.162,-19.654,10.003
29.863,-17.725,-93.652,43.349,61.347,-44.576,-44.927,95.493,-16.856,10.067,-22.525,-5.608
28.536,-13.9,45.708,-112.388,57.445,45.235,39.836,-66.113,-18.71,4.861,19.076,-5.624
33.388,-18.084,0.19,38.831,66.892,-45.27,-17.953,61.551,-28.575,9.565,-39.766,4.153
34.91,-8.18,102.122,-65.517,56.92,21.404,32.53,-67.257,-49.657,24.813,-55.792,-1.63
35.83,-86.887,89.541,-21.553,89.68,-19.576,-12.68,30.219,2.706,-17.973,47.032,10.856
37.627,-13.785,98.121,22.061,92.6,-41.858,15.776,-15.314,-10.224,-12.595,10.825,25.898
38.124,-31.069,117.229,13.122,81.333,-44.001,4.99,10.24,-12.744,-5.767,5.451,33.596
38.539,-49.939,80.859,6.088,53.924,-41.312,30.264,6.115,-5.915,-3.676,5.726,23.967
39.275,-18.154,106.986,12.844,79.348,-28.346,9.077,-12.057,-6.738,-13.973,5.637,28.844
38.061,-61.397,47.938,66.486,59.937,-25.567,-7.546,14.796,-12.435,-3.612,-27.855,28.721
32.468,26.921,8.206,-15.777,26.307,-26.604,-28.817,-1.181,-0.752,-20.887,-6.389,-4.283
38.86,67.244,28.642,-0.131,-2.667,-5.737,-43.244,-12.489,-21.774,-23.162,-10.707,3.077
38.581,171.768,-7.849,6.593,-1.693,-25.078,-4.969,7.488,-6.549,-27.842,-8.299,18.776
35.225,-63.132,17.933,32.057,39.297,-10.483,-48.139,-19.847,-18.896,-12.376,-19.404,-1.772
31.946,-73.922,-56.987,-28.395,68.297,-39.442,-14.912,-38.493,-27.069,-5.685,18.548,11.974
28.538,-129.881,-21.777,-12.339,23.467,-80.947,-32.424,24.102,-26.465,-10.87,7.119,9.254
31.179,-62.277,10.973,-46.004,46.34,-6.798,-40.501,14.153,7.227,10.58,-8.014,-14.717
31.539,-95.366,33.799,-42.01,103.213,-36.802,-16.253,-1.738,16.244,2.754,-0.556,-7.081
30.644,-84.306,-16.32,38.373,59.509,-22.309,-41.247,41.558,10.61,-15.657,-38.968,5.261
25.707,-97.172,-30.916,-117.708,34.628,-36.389,-15.303,9.174,-14.17,-9.286,22.982,-5.393
30.417,-50.299,29.355,-37.437,19.162,-31.765,-33.293,-3.68,5.78,1.968,7.318,3.273
33.326,-14.101,37.952,16.859,40.068,-19.208,-30.503,-17.648,-3.919,0.861,-15.256,4.213
29.888,25.498,-56.651,-2.97,39.231,-25.632,-10.333,-15.611,-3.311,-26.833,2.651,3.199
29.366,44.658,-53.147,-59.996,19.612,1.847,-25.633,-52.098,32.075,-22.166,-13.042,15.227
29.248,-58.347,-34.075,-21.13,16.241,-21.44,-78.694,-4.635,-3.573,-4.624,-3.732,-10.831
26.48,-32.237,-63.395,-26.985,24.103,-28.131,-77.015,-14.381,3.272,-1.626,-9.793,-13.168
24.807,-13.757,-89.598,-72.387,64.811,-37.451,-34.214,-13.447,4.872,-22.928,9.69,-12.876
23.248,-30.953,-69.497,49.619,1.352,-38.359,-16.072,17.859,-17.254,-1.302,-6.638,2.07
21.971,13.115,-41.162,-37.28,72.128,53.089,20.522,-64.312,-3.345,-8.291,-14.282,4.146
25.404,-72.202,-47.477,-50.352,25.38,-39.381,-17.471,13.895,-24.372,3.369,12.586,-8.526
35.282,-31.226,17.61,-24.701,63.525,105.044,-9.932,45.13,-22.571,6.071,-78.639,-2.874
29.776,-42.685,-17.0,29.278,58.962,67.721,-29.887,11.191,-23.295,13.39,-63.359,4.477
31.505,107.979,28.608,-34.446,34.355,44.946,11.055,-7.938,12.633,-20.512,44.588,-30.023
44.979,-8.977,124.796,56.043,89.68,10.928,-19.008,7.171,-17.659,-9.214,-2.723,24.216
37.529,-117.288,0.624,-43.63,82.896,-34.285,-35.297,-21.617,8.003,32.679,-3.689,-6.306
39.84,-131.479,44.648,24.809,87.023,-1.914,-38.909,-31.364,20.982,-22.912,-7.768,-19.209
32.059,-91.515,76.759,55.829,111.792,-27.729,-71.69,81.494,33.481,-45.262,-8.692,-16.108
36.215,-68.137,92.874,-32.78,136.351,35.025,-43.86,-24.895,2.847,32.769,0.92,-1.193
38.946,-74.364,72.573,23.117,104.833,-30.063,-24.702,-40.51,15.989,-17.809,-18.765,-30.564
37.163,-102.456,4.809,27.884,96.852,-32.064,-39.059,26.234,36.342,-5.371,-26.204,-11.951
33.252,8.676,49.446,-65.907,35.45,-18.236,-9.164,-51.507,-11.751,18.688,-10.886,-3.373
34.506,-48.507,7.364,53.04,44.368,-22.445,-3.952,-7.112,24.08,-10.335,-54.307,-2.646
28.363,-58.462,12.314,-12.195,36.92,-36.455,-29.343,52.294,-8.112,7.146,-11.216,0.407
28.776,-105.77,18.589,16.038,76.133,15.518,-21.559,-1.728,-21.897,-11.226,-13.276,-1.003
27.019,-43.125,-45.944,29.407,108.934,-34.559,-31.318,-59.631,-2.402,-1.977,4.371,24.722
23.445,-117.706,-12.281,-41.154,106.162,-45.442,-16.879,-3.395,-10.722,-15.085,6.856,17.378
23.153,-136.837,-21.746,-24.773,88.814,-45.836,-15.193,2.146,-19.523,-2.095,-2.944,10.393
23.293,-88.465,-60.522,-48.092,87.013,0.699,-15.827,-7.12,2.359,-28.511,-23.698,6.312
24.051,-102.12,-33.918,-47.376,64.646,-23.63,-16.291,5.785,-8.512,-6.253,-9.673,11.268
24.054,-118.225,6.408,-29.932,60.485,-36.087,5.438,21.511,-31.413,-4.037,20.867,29.626
28.707,-5.174,2.55,7.9,39.334,-22.385,-40.552,-20.764,-0.973,-5.108,-3.295,29.344
31.309,-2.935,5.727,99.792,25.56,-35.712,-12.891,-18.481,-81.97,-15.655,-21.947,39.663
20.772,-61.603,-86.41,-43.316,2.044,-16.953,-2.69,21.051,-11.555,-2.204,-16.23,21.841
19.32,35.072,-133.961,33.241,3.679,17.347,-7.706,25.279,3.457,-45.135,5.975,0.799
20.262,65.618,-52.149,-142.02,67.807,55.028,-16.42,39.71,-36.546,40.36,-46.526,12.024
27.019,59.108,-27.016,-54.914,86.998,5.816,11.646,-112.264,-43.16,55.205,-35.126,17.49
29.151,124.259,-25.198,-31.609,74.281,-0.811,-55.652,-10.712,53.019,-42.562,-4.91,13.061
26.238,6.615,-51.625,-17.708,15.029,-38.553,-40.955,-50.164,3.898,47.671,-41.574,8.549
26.821,-52.407,-96.797,11.244,52.426,-43.337,-16.865,-36.181,7.722,39.022,-6.081,6.988
25.071,22.355,-71.173,-12.437,8.91,-2.055,-30.096,7.298,36.484,-50.159,-37.298,-0.485
24.612,13.086,-23.655,48.615,-0.419,-35.229,-13.497,-26.389,-36.91,-2.925,-4.037,36.708
26.988,-37.885,-23.716,-54.776,18.427,19.056,-23.226,-18.316,-43.864,8.591,-14.039,-12.729
26.953,3.849,-81.451,-33.432,15.693,-36.924,-51.727,44.111,-10.184,-14.78,-35.201,5.882
24.568,-54.57,-41.555,-61.754,6.038,4.048,-31.037,-12.597,-23.381,31.073,-10.871,5.974
24.494,-103.391,-98.453,-26.778,56.919,-38.938,-41.528,-8.832,-13.446,-7.567,-11.244,3.349
24.537,-78.239,-80.341,7.873,60.364,-20.764,-23.636,55.353,-11.997,-33.926,-4.306,-9.785
17.162,16.348,-0.237,-47.639,7.104,-28.452,-19.215,-0.36,-16.825,-10.504,2.904,-15.647
23.715,22.771,19.549,-69.864,12.897,35.852,46.385,-51.547,-24.766,-13.993,-43.105,-0.884
31.867,-7.351,37.134,-128.528,36.929,23.373,22.448,-73.415,-39.404,7.13,-43.435,13.962
34.45,-111.039,-13.625,14.92,59.832,-21.821,-53.394,12.913,-12.144,-52.88,0.138,-0.031
32.823,-100.838,45.503,7.238,68.699,-51.466,-11.387,5.622,-29.292,-12.335,14.389,7.121
33.068,-59.293,31.323,27.177,75.535,-24.636,21.067,-25.746,-0.718,-19.433,0.685,22.47
31.328,-113.425,22.696,17.441,69.771,-40.547,14.016,-1.488,-14.369,-14.917,4.992,15.595
30.786,-73.688,29.589,22.644,80.81,-22.153,-13.182,-26.496,-10.102,-15.739,3.775,20.276
27.839,-98.806,46.329,-21.241,86.674,-54.522,-4.772,14.228,-27.342,-10.024,13.103,11.606
34.991,-15.559,-15.981,29.293,30.031,-19.262,15.385,-52.464,6.204,8.526,-18.308,11.261
31.115,-85.348,3.39,-18.634,57.955,-28.769,-11.524,0.769,0.17,-20.832,13.779,8.218
29.834,-95.36,-13.797,-4.673,74.159,-32.163,-30.01,2.964,-20.365,-16.056,1.625,18.852
29.015,-35.897,-68.64,-65.532,28.077,-45.471,6.455,33.815,-22.375,-17.003,10.404,-3.978
30.061,-40.58,-35.437,6.685,27.597,-40.237,55.956,34.064,-56.836,-11.953,-8.101,31.873
27.437,-12.812,-54.138,-34.958,32.61,-45.549,25.56,15.867,-57.094,-22.343,-2.788,8.236
28.781,31.179,-76.98,-6.863,29.302,-37.123,25.636,-44.035,-35.553,-7.187,-3.298,11.524
27.718,-13.127,-53.485,-45.506,19.645,-35.21,28.801,-3.053,-39.633,-23.237,-2.86,1.604
31.568,-44.506,27.491,-81.608,6.323,-18.235,23.872,16.459,-35.765,-12.126,-13.935,27.663
31.429,-88.991,-18.167,21.973,65.328,-5.252,-7.945,15.413,-38.496,6.601,-3.774,3.742
29.085,-39.958,-23.629,-58.632,17.996,-18.918,-12.305,1.912,-10.577,-40.798,-9.475,11.179
30.264,-130.818,-18.534,-60.268,47.736,-41.015,-51.83,14.385,-10.956,16.836,13.902,9.715
29.55,47.815,-42.117,22.262,30.556,-33.036,-63.711,-103.181,-7.024,18.049,-9.664,21.952
30.249,-79.44,-95.861,5.449,62.276,-44.091,-57.876,-37.775,-4.463,16.252,-1.479,6.721
25.135,-123.668,-80.032,-48.538,65.786,-40.498,-32.786,-11.563,0.794,-9.095,-4.302,23.666
24.326,-61.659,-52.747,-38.294,33.807,-5.64,-23.855,22.899,-4.689,-46.116,-14.822,-1.284
25.63,23.233,33.492,-99.12,29.104,8.374,-10.77,40.733,-8.304,-31.114,-1.615,32.523
35.3,7.252,13.743,-40.437,33.704,19.062,14.041,9.779,-39.08,13.809,-0.671,42.922
34.741,154.513,-9.684,-25.994,19.735,-1.697,-29.774,-16.265,10.043,-39.324,-11.046,47.612
32.593,-42.256,18.964,-18.147,15.786,-20.122,2.46,6.844,-25.439,6.738,5.65,11.134
32.26,4.923,-39.768,-1.976,16.756,-45.567,-6.034,-9.95,-21.327,-14.974,19.158,17.413
34.351,-57.784,1.882,-37.451,14.878,-9.968,-21.509,21.269,-31.515,-20.779,10.782,-15.012
33.629,-23.217,-19.584,-19.563,0.23,-29.067,-10.059,-3.082,-47.695,-35.533,2.078,-3.322
37.364,-33.419,71.588,-56.825,35.203,-7.496,-0.04,-7.598,-15.897,13.952,1.36,20.293
40.206,-33.549,66.693,15.048,54.358,-23.194,-26.316,8.993,-3.667,-10.075,-16.551,13.398
38.145,147.491,8.087,1.447,60.693,-6.615,-43.293,-35.213,31.548,-25.169,-21.234,12.577
37.519,-55.113,53.304,7.816,69.594,-41.129,7.667,0.787,-28.455,-9.882,10.923,11.47
36.123,-71.493,57.354,39.235,80.398,-32.141,12.331,25.599,-29.843,-21.89,-15.165,26.876
33.795,-44.359,-19.995,59.96,66.119,-29.489,-16.091,-17.59,-25.488,-2.358,-8.929,-3.754
28.284,-4.752,3.691,9.889,44.876,-30.648,6.523,-50.069,-28.004,-9.578,0.956,8.922
32.556,98.812,-15.451,-49.971,93.24,-35.469,2.373,10.225,-20.874,-29.834,11.357,7.101
37.038,-96.018,-21.732,79.087,34.312,-31.646,-17.762,17.695,-25.22,-11.545,-17.219,4.56
31.114,90.479,-65.157,-39.032,91.212,-3.198,-10.504,3.541,15.265,-64.536,-1.094,6.659
38.342,-19.948,41.212,-50.887,64.712,76.152,-4.962,-6.272,-24.759,62.166,-50.928,-3.314
32.848,137.626,-44.987,2.983,26.172,-24.428,-45.116,-67.08,36.529,-10.615,18.678,7.169
34.815,-100.168,14.044,46.171,76.453,2.324,-67.025,-24.42,-18.256,1.011,-9.217,-6.141
36.184,-50.063,80.195,29.588,45.337,19.023,-33.618,10.361,-7.642,-11.126,6.204,-24.256
32.929,-48.098,28.811,-14.506,53.01,-21.879,-72.62,-35.117,-3.962,-5.809,-3.662,-6.483
32.631,-133.931,-8.882,-30.811,88.934,-32.18,-46.81,20.185,-4.221,-1.31,-1.407,8.62
26.853,-121.362,-36.667,5.876,95.397,-39.62,-3.556,8.064,-26.555,-5.099,-14.119,5.946
29.459,-50.691,-74.835,-9.547,36.749,-42.259,-5.351,-53.589,-9.338,25.187,9.19,8.556
30.024,-63.856,6.954,-54.988,9.145,-31.016,-1.429,-0.527,-4.893,-11.543,0.105,15.749
32.225,-62.901,70.587,22.348,35.226,-38.064,29.315,-23.784,-33.769,4.259,17.898,40.483
34.745,-51.096,88.604,-32.722,39.418,-17.203,5.815,16.861,-23.616,-43.985,19.301,32.925
38.383,17.389,38.125,25.823,39.426,-0.128,-13.651,15.742,-17.761,-39.744,-23.52,49.921
31.853,-2.424,-22.126,-2.046,0.335,-39.978,-19.853,-45.944,-17.804,-1.993,-6.89,28.219
31.456,-83.282,36.053,-33.164,35.724,-32.307,19.857,3.397,-14.252,-1.201,-0.723,24.558
33.944,-72.858,59.463,-12.275,27.599,-24.737,32.461,-3.244,-28.824,-23.879,0.185,33.041
33.948,-67.121,45.105,-8.271,45.743,-27.761,10.837,6.167,-41.877,-11.424,-4.626,14.843
30.301,-1.766,-57.072,-16.685,36.49,-26.774,-5.377,-75.477,-27.631,17.596,-29.188,9.588
32.927,-14.638,40.849,-25.554,50.838,7.187,-4.208,-28.295,4.526,-11.565,1.977,12.397
34.26,15.417,-6.916,13.678,22.89,19.293,-12.529,-5.404,-3.717,-58.359,3.703,17.794
30.038,-60.394,9.191,-41.594,-2.792,-25.686,-16.821,-13.47,-12.424,-6.654,13.785,0.743
30.332,-64.818,27.827,-2.842,25.76,-32.324,-33.261,2.257,-11.374,5.796,-3.748,1.295
28.555,-48.654,-11.008,-25.405,11.922,-32.384,-24.141,-15.881,-27.19,0.266,1.263,0.935
28.085,-32.104,-54.276,-13.31,36.35,-71.161,-22.547,-49.582,-26.142,28.278,-12.526,12.672
27.855,5.042,-34.151,-16.691,69.532,-42.884,19.757,12.766,8.071,-49.852,-32.894,1.142
22.147,-43.446,-10.907,0.235,32.411,-32.622,18.805,10.373,6.776,-17.915,-11.417,6.074
22.393,-3.175,-25.223,-6.868,86.723,13.099,15.772,-26.587,39.15,-44.068,-10.553,1.263
27.36,105.674,-10.366,-63.021,127.508,-21.138,2.705,49.034,14.749,-39.184,13.415,-26.769
32.372,57.894,15.345,-57.003,113.44,21.156,26.895,-106.076,-39.562,40.743,-92.916,10.076
28.417,-159.221,-33.274,-36.155,112.775,-33.73,-46.715,-10.394,-5.032,-6.589,5.213,10.103
29.188,-63.296,-90.051,-35.219,61.614,-64.506,-13.078,-68.73,17.726,37.439,-11.013,-2.374
35.236,-123.935,6.81,2.137,91.224,66.659,-0.635,79.819,31.492,-37.354,-57.068,9.025
28.906,-36.032,25.073,-8.542,123.538,58.956,3.163,47.097,-16.446,12.378,-70.766,11.39
32.555,-79.033,45.734,42.398,131.434,-15.719,-57.842,44.802,9.495,-4.142,2.556,-13.871
30.73,-122.977,-19.122,-46.47,40.716,-21.661,-56.761,-21.893,27.406,-8.733,16.098,-8.716
31.175,-106.073,-14.724,-38.759,68.02,-42.778,-81.819,39.014,7.562,7.176,15.255,-0.154
26.315,95.819,-112.818,47.482,65.344,-12.174,-53.942,-105.343,-8.474,14.681,-64.66,13.505
27.901,85.749,3.108,-63.784,-5.45,50.471,-31.119,13.473,10.133,-15.598,21.703,-23.446
40.283,-2.03,96.753,8.858,27.659,31.745,-41.05,-6.86,-29.174,-9.403,-3.223,-21.489
35.792,-77.006,44.462,-48.791,28.229,-6.938,-66.705,5.995,0.27,-30.787,21.849,-14.714
35.644,-39.128,42.957,34.705,54.266,-40.315,-29.502,-25.899,-46.229,-2.818,-18.844,-13.826
32.371,-59.466,-10.828,8.105,73.675,-53.399,-18.029,-36.545,-35.484,4.478,-8.806,16.001
30.695,-134.104,59.865,-18.93,28.69,-26.462,-17.4,2.085,-48.258,-23.162,6.342,24.184
32.712,-45.311,-15.131,16.424,54.622,-7.642,-3.458,-14.023,-23.177,-78.921,14.671,5.462
27.455,-110.443,15.059,10.122,-3.687,-41.871,21.434,16.7,-45.215,-10.136,-11.586,5.175
24.937,-55.517,-99.883,-39.614,50.834,-17.396,8.293,44.784,14.315,-38.218,-4.317,0.37
25.733,11.671,-25.585,-45.172,33.213,-7.897,14.636,9.795,20.685,8.026,7.635,28.585
30.888,-110.766,-74.635,5.1,98.563,-24.233,-24.535,8.247,0.687,9.539,-34.7,11.531
29.292,-43.689,-65.851,19.939,32.06,-27.819,-42.111,-7.066,-22.913,-3.655,-22.167,5.297
29.891,-59.016,-20.429,-24.956,37.685,-22.647,-42.516,11.87,-14.129,-13.04,5.618,-34.527
28.805,33.151,-6.202,-54.786,24.409,-12.51,-42.21,-42.212,-31.097,33.454,-33.527,-11.863
25.537,-38.619,-96.391,14.892,21.783,-79.048,-34.579,-33.435,-18.142,18.067,-20.028,7.684
22.952,5.439,-110.875,59.18,17.772,19.313,-19.485,5.62,2.724,-51.475,3.682,-3.546
19.852,51.467,-75.008,-24.895,47.293,38.457,28.696,-53.482,-10.63,4.749,7.32,18.432
25.88,-102.266,-74.766,-143.478,43.329,4.873,8.371,-6.094,-11.356,30.826,-21.708,15.432
33.612,-74.229,-47.108,-65.274,50.726,-37.609,7.654,-47.263,-13.876,25.604,-3.085,26.319
34.533,-81.577,-47.904,-2.29,25.338,-57.845,-17.63,14.652,-13.211,3.601,-17.679,40.015
34.433,193.592,-61.689,-8.601,6.118,20.98,-57.316,-30.044,26.619,-24.353,3.732,16.153
33.419,-33.291,-35.286,-28.354,18.928,-23.17,-22.086,-14.158,-46.651,-1.093,6.868,-22.366
33.059,-26.956,-2.856,0.287,16.626,-15.0,2.833,0.009,-22.982,-37.588,-8.743,7.875
32.687,-45.691,4.741,-42.334,14.175,-24.981,-25.586,-9.866,-12.173,-3.404,9.0,-5.074
33.7,-33.25,19.147,-19.588,24.849,-28.287,-35.681,-0.563,-22.442,-8.14,-8.76,-1.25
33.502,-12.482,31.429,-27.258,15.698,-20.926,-0.965,-5.807,-8.853,-11.982,2.734,13.69
33.373,-17.976,3.758,10.873,3.351,-30.241,11.014,-28.538,-36.226,-10.49,-8.838,1.193
32.237,-44.492,19.851,-19.831,8.365,-36.01,2.081,-7.906,-5.21,-3.009,-4.664,5.074
30.963,-19.988,26.097,6.503,15.038,-22.115,14.329,-9.64,-24.577,-33.763,-4.596,8.167
29.78,-33.619,-24.86,4.993,3.474,-16.957,46.742,-23.884,-29.335,-43.165,-4.86,22.12
24.942,-44.645,-71.432,19.313,4.815,-40.554,19.371,12.553,-44.591,-13.648,-23.723,24.332
23.463,-11.142,-112.087,-42.736,22.795,27.168,25.03,-52.901,12.792,-3.62,-5.205,4.983
26.713,-64.665,-32.848,19.256,6.357,-24.336,-5.554,1.239,0.926,3.093,-5.289,1.715
22.76,-104.792,-28.713,-27.124,32.796,-41.388,-16.93,6.207,-12.469,9.143,-10.634,1.372
32.359,-123.201,-31.596,-106.105,89.442,-11.958,-22.684,37.961,-27.606,-20.208,-12.492,-1.91
33.932,-59.044,-3.244,-44.522,28.884,26.85,-28.733,-8.485,-23.226,-2.49,-15.177,-21.816
31.494,-79.082,29.914,-76.871,50.551,-16.215,-2.753,10.957,-33.201,-4.247,10.94,15.137
33.758,-40.592,61.086,-16.176,20.992,-24.797,22.928,0.404,-35.106,-17.548,8.635,4.572
33.717,-37.036,26.97,15.486,24.152,-45.861,-15.876,0.143,-36.573,8.613,-29.877,-7.975
31.262,168.818,-104.685,-32.983,57.002,-21.834,-3.908,-3.021,21.388,-40.213,3.971,-17.469
31.503,18.628,-56.055,-17.562,81.731,-43.018,7.011,-47.219,-12.325,21.841,-25.664,-14.679
31.948,-86.806,-12.441,-43.847,51.694,-44.148,-5.772,-36.467,-14.083,31.292,-1.864,4.646
33.002,14.499,-27.24,-18.967,71.849,-33.177,-25.575,46.923,4.017,-35.49,-0.505,-4.765
31.826,-53.751,6.389,-107.461,32.896,-10.921,-9.922,26.695,-26.78,-10.175,18.219,16.403
34.596,-38.039,14.214,29.055,35.433,-51.074,9.227,-2.299,-21.146,10.275,-11.369,15.032
32.416,11.94,-19.914,19.333,63.758,-25.212,10.788,-18.031,-28.492,-24.353,-5.638,21.586
30.572,84.783,-19.175,-13.988,15.364,-19.864,-21.91,-19.557,-11.969,5.014,-56.773,31.837
25.496,29.658,-38.481,3.401,0.831,-32.436,-2.368,25.604,-3.718,-1.121,-25.056,42.604
32.926,-6.799,-34.804,-68.137,77.791,83.071,-11.992,-12.082,-23.842,55.381,-8.411,17.882
36.048,-77.873,34.41,-26.974,45.863,-5.832,-66.17,-21.609,-13.25,-10.128,39.523,-10.045
38.793,-25.399,37.614,-45.231,35.745,-26.969,-93.907,-15.233,-4.092,-17.731,9.872,-24.081
38.901,-60.27,-15.65,30.011,63.724,-7.458,-76.145,-16.451,2.748,-15.749,-40.682,-1.118
38.201,-29.704,-32.066,9.699,53.539,20.889,-65.474,-2.281,-2.998,-26.739,-36.994,9.765
39.366,-12.068,25.663,-103.519,61.655,17.702,-35.986,-3.487,-22.561,-5.434,13.083,1.985
42.512,-4.683,18.524,12.931,41.709,-24.346,-42.065,-2.592,-25.628,-17.478,-4.74,25.87
40.146,-21.332,3.852,-18.306,34.99,-13.147,-23.55,-26.426,-26.569,-5.967,-12.628,17.051
38.662,-16.554,40.774,-4.883,30.347,-19.329,-21.695,-18.17,-6.555,-12.303,-12.265,10.757
36.178,-91.538,35.436,0.716,13.201,-20.125,-22.01,2.464,1.24,1.759,0.881,-28.46
34.79,-47.204,-9.749,-3.763,23.668,-33.722,-26.341,-15.73,-18.851,-19.539,0.216,-20.482
29.587,-135.051,-66.495,-2.439,47.121,-56.167,-2.512,22.205,-10.508,0.98,-14.622,16.921
34.179,-93.373,-4.217,-107.465,46.821,6.025,5.567,-38.588,-21.058,14.989,3.209,-3.294
37.186,-118.063,42.513,10.698,44.87,-42.146,-21.749,-0.279,-23.176,-6.182,-5.778,-12.961
36.104,-99.496,9.987,-7.7,50.297,-37.401,-17.641,6.386,-19.185,-22.806,2.641,-12.02
34.857,-87.601,17.7,-52.454,36.024,-37.58,-13.854,3.393,-10.893,-9.039,4.862,3.421
36.304,-74.515,10.498,-21.01,33.756,-24.501,-14.223,10.235,-21.669,-9.67,-5.99,-2.384
35.295,-86.004,15.275,-26.91,47.213,-39.787,-6.099,3.88,-30.986,-6.492,-9.828,8.33
37.517,-81.773,28.152,-17.899,39.649,-35.09,-7.051,3.054,-3.605,28.738,10.763,1.391
34.846,-48.221,-10.184,37.796,22.593,-50.564,-41.285,48.133,-12.181,-1.521,-15.099,-7.3
32.223,195.119,-25.564,-34.173,65.248,-8.443,-21.144,46.09,-17.524,-39.103,18.433,-5.416
38.677,-36.782,-102.2,-16.987,54.288,-56.09,-44.985,-39.316,-27.565,7.835,-12.934,1.685
37.211,-18.755,-43.062,-16.758,55.158,-30.563,-13.221,53.084,-21.175,-6.234,-13.315,5.14
41.882,-22.835,-49.759,3.419,60.105,-35.196,-9.237,-5.471,-39.729,12.116,1.04,0.123
36.991,-8.548,-35.066,24.422,71.251,-35.956,-9.033,-32.151,-34.662,36.162,-40.736,5.104
32.506,6.088,-86.999,-87.404,9.693,-42.31,-31.281,-26.888,-21.497,4.107,-13.709,-9.955
39.93,-19.654,-66.69,-73.891,21.913,-47.127,-47.177,-40.062,-31.682,28.758,-10.71,-10.272
38.57,-43.799,-119.269,-11.165,16.786,-40.775,-53.828,16.172,-5.895,-21.24,-26.44,-19.482
39.051,-35.608,-55.969,-108.752,40.422,15.281,1.368,18.21,-24.373,-14.611,-44.49,4.378
38.517,-34.47,-77.976,-72.113,51.068,-9.905,-1.339,-14.828,-20.695,-3.276,-57.577,9.285
43.127,11.156,10.18,-68.854,-2.368,26.266,23.568,10.338,1.531,-4.949,19.545,10.755
45.836,41.523,14.971,-14.848,-7.248,-16.366,11.425,4.774,-3.379,-12.929,-5.691,-0.885
45.203,22.469,35.144,-19.378,-2.065,-23.37,16.241,3.9,6.465,-2.063,-4.711,7.622
42.383,28.227,20.398,57.079,0.837,-17.162,-7.686,10.611,-12.068,-3.538,-39.221,7.516
31.323,56.648,8.194,-4.408,-0.176,-18.086,13.365,-3.773,-26.621,8.421,-3.401,14.889
40.318,-42.66,62.742,63.538,38.548,-29.633,12.2,4.44,-21.043,-15.142,21.626,-9.806
39.112,-31.598,116.983,-14.004,44.977,-23.229,-17.054,0.466,-32.71,-12.676,12.805,-15.976
42.333,-6.187,107.715,-4.775,19.476,-26.047,-17.918,-16.206,-27.204,8.675,-2.666,-32.796
42.993,-26.974,69.621,39.427,25.47,-21.971,-11.972,3.034,-14.532,1.394,-33.7,-28.679
41.61,-43.558,81.663,26.891,35.697,-11.956,-2.327,-3.966,-9.034,-8.388,-3.518,-25.161
39.413,-46.91,48.864,73.654,69.336,-11.238,-3.481,9.763,-4.779,-16.414,-59.091,16.344
39.125,-59.183,48.028,42.553,64.652,43.569,13.995,7.913,-4.112,-9.177,40.134,5.56
34.94,-73.629,57.394,-2.779,52.228,-22.701,-9.787,-18.381,-20.891,-5.719,-8.805,17.851
32.429,2.712,0.214,19.139,26.648,-26.246,-25.27,-35.46,-40.337,23.488,-18.273,6.176
28.558,7.962,-14.303,2.32,25.764,-45.756,-16.881,-42.31,-1.421,14.688,5.499,19.454
34.903,195.514,-47.244,10.436,21.271,23.8,-65.78,-81.397,31.311,-23.107,-15.487,23.101
34.725,-78.447,41.407,-92.442,32.935,-18.74,-14.613,-2.342,-24.723,13.467,-6.265,-0.212
36.456,-97.282,24.724,4.059,68.258,-25.582,-34.081,-5.322,-3.667,3.271,-7.609,-6.355
36.502,-52.08,-8.363,-14.337,16.899,-29.954,-76.735,-24.395,-3.827,-1.701,-7.108,0.183
32.313,-52.233,2.521,-16.626,20.404,-25.393,-29.394,17.142,-40.4,-21.618,-0.109,-13.996
33.116,-36.492,-13.166,-18.176,33.569,-17.753,9.01,-18.909,-10.172,-23.491,-6.869,24.01
34.74,-87.563,37.999,-41.545,12.18,-32.337,16.957,-11.062,-22.594,-4.328,9.408,18.536
36.456,-105.92,56.79,-14.856,3.893,-29.406,16.819,-2.748,-29.615,-11.391,11.268,20.415
38.714,-39.922,19.009,10.199,33.029,-45.815,33.388,-41.231,-59.29,-9.552,-8.871,20.908
37.261,-80.645,37.731,10.46,14.9,-42.351,41.149,-9.873,-41.925,-15.769,-4.423,15.085
35.155,-98.592,46.871,-1.814,21.144,-37.802,23.189,30.037,-39.997,-22.1,-11.032,19.459
32.837,-86.617,15.441,-9.469,20.112,-33.047,17.653,35.496,-9.759,-26.52,-3.597,24.725
31.812,-41.449,6.117,19.484,38.515,-27.452,26.673,14.15,17.625,4.701,-22.457,-0.28
27.373,50.839,10.379,-55.761,21.66,-36.084,-15.481,41.353,0.927,-18.279,-1.491,11.408
31.925,-5.096,94.25,26.087,83.407,-9.077,10.09,3.967,24.642,20.663,-20.302,-8.532
37.909,50.041,70.009,-26.884,29.68,71.459,28.383,-4.713,-9.156,9.318,5.64,4.697
46.608,9.308,88.573,-30.661,74.429,16.52,34.779,32.743,13.838,1.305,31.141,11.248
47.142,12.702,81.559,104.679,81.808,-7.53,2.572,6.983,6.571,-7.38,-53.426,25.596
38.712,-37.932,30.135,10.017,35.776,-7.064,-58.533,6.05,-42.843,10.576,-13.793,-1.79
42.41,-47.107,115.495,-46.136,66.726,-14.822,-48.672,11.129,-7.803,11.066,45.176,-19.0
45.58,40.633,69.258,47.876,78.027,4.04,-63.435,-23.759,25.805,-5.937,-58.228,21.302
35.656,90.402,-68.333,-53.265,55.104,-12.286,-26.183,-10.809,40.055,-31.61,6.437,-2.894
46.568,-0.183,76.434,34.261,73.597,0.702,-45.797,-7.856,17.535,-28.108,27.565,-10.293
43.843,-20.593,108.297,31.216,89.518,-41.903,-2.309,-19.053,4.601,7.363,-0.742,17.301
44.287,-0.523,112.526,28.94,92.766,-36.066,-7.112,-9.458,-10.809,-3.857,1.105,31.868
43.915,-53.075,94.099,-2.078,59.292,-27.287,-13.132,-6.109,-31.499,-11.065,7.17,31.451
43.212,-52.117,10.935,30.342,70.503,-31.565,-59.845,-13.798,1.322,-16.498,-5.407,23.163
43.606,-18.034,23.511,28.031,49.569,-5.919,-26.663,-53.789,-2.196,-5.356,4.085,5.012
38.465,-58.074,29.588,22.478,58.84,-32.946,-29.259,74.007,-14.919,-12.255,-9.937,29.83
33.108,82.761,80.465,-47.119,62.877,18.278,-14.957,-13.454,-36.804,-10.214,-21.594,15.355
35.232,87.692,70.284,18.427,51.343,-14.611,-20.991,-27.6,21.021,1.164,-24.012,-16.71
35.328,-10.742,-2.648,-5.675,6.905,-32.585,-0.767,-4.545,-20.835,-4.702,-6.54,5.985
41.123,-142.554,15.166,4.075,80.377,-5.476,-65.583,14.988,1.097,-14.207,-12.682,7.002
29.39,-113.856,-29.183,-29.378,88.902,-31.417,-48.714,33.644,-35.641,-15.492,-8.176,5.207
36.781,-23.939,26.071,-82.998,52.188,51.734,-36.085,34.824,-12.88,11.104,-15.932,-6.734
38.742,-66.363,69.281,-19.369,63.4,-10.469,-7.473,-16.698,-2.049,8.2,13.872,-11.821
42.29,-6.229,86.598,11.646,97.153,-13.156,-6.648,-16.75,5.023,-25.534,-9.54,-9.009
40.32,-65.938,110.096,30.651,70.581,-33.081,-1.323,-15.908,-16.983,-6.522,-3.015,-4.706
39.607,-80.863,92.623,18.512,51.5,-44.367,15.195,-2.358,-23.68,7.581,-8.934,-11.983
38.857,-113.27,85.622,15.381,43.7,-35.752,20.716,3.977,-25.541,-0.645,-6.27,-15.711
39.292,-95.843,90.528,-2.651,51.054,-46.56,26.262,19.546,-19.227,-17.207,-4.243,-24.013
40.29,-89.175,83.672,-10.67,33.345,-32.378,11.076,21.927,-15.642,-21.443,-0.886,-8.048
40.331,-72.052,20.483,39.461,42.434,-11.28,-22.679,42.024,-31.542,-17.309,-41.983,11.084
40.815,-17.747,77.189,-73.288,56.353,10.292,-8.491,-22.506,-9.783,-4.555,5.266,-3.622
44.481,-1.578,171.39,14.743,86.179,-30.904,6.776,13.903,-29.091,-16.595,14.318,15.549
46.535,23.841,183.042,21.414,90.906,-30.96,7.698,12.081,-30.4,-15.446,12.147,18.787
46.514,14.791,107.034,77.878,76.909,-5.701,5.667,1.571,-23.552,-2.937,-60.76,27.856
35.489,-17.301,17.706,-29.035,26.32,-40.031,-20.589,-5.141,1.096,-10.391,-1.749,-13.622
38.403,-20.493,73.044,-39.783,51.474,8.125,-20.434,6.635,-2.872,-7.586,-28.604,-0.214
36.912,-56.497,86.038,1.232,70.029,-19.222,-65.579,-21.638,-28.381,-10.701,2.176,-28.814
38.902,-77.81,5.303,-36.778,58.164,-49.118,-24.538,-17.844,-23.397,13.33,-2.881,-45.567
39.366,-81.224,31.639,49.76,68.984,29.033,-69.902,-22.267,-11.363,-10.045,-75.065,-17.575
37.084,-80.324,-13.332,-34.854,40.306,15.466,-79.37,-4.577,19.63,-3.931,28.435,-9.752
34.505,-47.875,-15.78,6.413,33.304,-36.372,-75.067,-4.794,1.225,-13.003,0.088,-9.056
28.659,-122.16,-70.957,-55.408,36.379,-15.938,-55.027,20.875,19.885,-0.147,-24.848,5.423
25.343,-111.251,-69.518,-23.526,31.34,-24.166,-24.564,-16.351,-20.984,-2.55,1.572,17.298
28.534,-8.936,-36.451,3.776,14.074,-19.119,-34.699,-76.547,-39.259,27.519,-27.517,20.976
30.365,-115.468,11.263,-50.474,77.878,13.111,10.148,10.412,-36.451,-13.53,-26.248,2.883
29.116,-127.325,-40.548,-100.395,49.358,-16.765,10.302,-7.358,-30.557,-17.703,0.347,10.515
31.348,-63.053,-76.535,-3.459,45.676,-55.045,-17.401,-39.2,-25.427,21.245,-11.235,18.68
26.098,-102.31,-97.657,-58.212,78.83,-46.372,-12.294,13.45,-20.154,-0.044,-0.268,10.957
29.614,-104.544,-65.493,-8.612,56.083,-30.794,-23.988,20.132,-35.857,-7.058,-11.378,-20.945
27.014,-55.847,-60.78,-0.296,21.804,-10.149,-12.716,6.581,-16.624,-7.865,0.228,21.802
27.602,-100.853,-2.583,-19.896,52.018,-11.648,-17.187,16.698,-12.901,-16.9,-19.251,-5.174
27.168,-41.75,-10.913,-13.008,11.372,-33.099,-30.722,-4.501,-26.383,-12.343,-0.127,20.76
29.762,-87.579,-47.14,-20.38,29.968,-12.074,-54.271,27.343,0.34,-40.577,3.938,8.035
34.605,-60.546,17.001,13.007,59.137,22.41,-35.713,7.57,-13.156,0.86,2.085,-11.146
33.759,-108.369,-55.689,-34.438,90.955,-30.018,-50.477,12.058,-12.646,11.548,-0.031,3.48
31.94,-60.891,-105.91,-10.837,84.411,-68.082,-47.96,-48.815,-1.273,10.525,-8.787,11.816
30.761,-72.095,-55.321,9.483,47.257,-42.29,-60.684,-15.668,-13.565,-11.76,-2.791,16.023
29.106,-115.898,-48.637,-69.031,93.705,-7.995,-18.743,10.523,-10.226,7.742,-12.256,7.392
29.108,-63.691,-94.588,-82.259,41.164,-29.814,-23.944,29.04,16.875,-19.099,-3.127,-13.135
28.545,-65.145,-26.631,-6.815,47.777,-43.62,23.118,4.877,4.474,19.338,-30.595,-15.864
27.589,1.281,16.583,35.647,21.65,-22.124,-11.347,-0.163,-15.852,-10.614,10.826,8.675
22.872,-33.172,11.595,-0.565,1.74,-22.557,-10.83,-2.663,-35.147,-6.767,-15.836,24.406
30.631,13.746,11.433,-51.768,74.57,115.561,29.106,-26.184,-21.4,11.377,-92.957,30.283
28.542,-76.643,-43.22,-32.89,34.5,28.136,-8.948,14.946,-33.126,29.043,-28.449,13.822
36.554,-34.662,54.285,-111.4,32.433,82.649,31.415,-1.727,-22.675,36.831,12.117,7.249
43.721,-46.748,95.084,31.689,40.574,-27.281,-28.953,-17.116,-17.266,-4.633,26.183,-17.147
43.402,-26.84,90.333,24.054,73.496,-6.478,-15.517,-1.193,2.378,-28.297,-28.242,17.262
37.9,-24.625,45.698,-35.718,45.035,-11.051,-41.001,-15.974,15.968,-10.545,-12.567,-3.451
37.149,-16.204,111.049,-11.398,87.777,-36.126,5.44,18.374,26.386,-2.398,8.584,17.715
37.154,-44.198,77.007,33.646,66.745,-38.069,26.469,-29.921,-4.561,13.398,-13.602,19.336
33.654,-108.817,57.452,21.929,47.131,-33.249,-11.739,-11.454,-41.087,-14.378,-6.227,38.585
33.974,-2.177,-25.527,-0.578,26.227,-37.579,-27.236,-20.735,-11.395,-12.203,-9.648,13.206
32.817,-50.738,3.635,-90.709,34.156,-21.905,-11.153,7.599,-17.508,-20.064,2.484,-6.751
35.523,-95.445,58.092,2.471,50.195,-41.391,0.133,-6.967,-41.916,-10.559,0.784,-9.834
36.408,-111.924,69.068,-15.831,75.98,-22.808,7.8,15.734,-35.214,-14.113,-15.846,3.707
35.556,-127.42,20.841,-18.313,75.025,-48.591,-6.493,9.701,-29.325,-6.07,3.759,24.146
37.438,-75.061,-9.817,-16.729,49.759,-19.14,-21.903,-9.397,-8.507,-24.116,9.485,24.265
37.711,-36.941,-8.204,-22.888,12.9,-43.65,-32.635,-11.45,-29.007,4.203,-0.19,15.048
37.778,-73.516,-23.659,-43.449,18.168,-33.687,-51.649,-32.325,-12.195,0.169,4.463,0.261
37.801,67.258,-38.022,-0.187,69.79,-40.82,-19.245,-58.124,-10.679,-34.382,-20.336,20.233
37.707,-107.797,35.468,-35.196,42.523,-11.116,-4.015,-25.922,-24.469,13.06,-4.493,-20.318
39.908,-113.287,56.842,-15.007,86.19,-28.399,-14.846,6.449,24.989,-7.96,-7.833,-10.795
38.207,-86.841,65.103,31.266,33.308,-28.664,-19.576,-11.003,-32.755,-10.762,-4.598,5.065
36.455,-81.89,-4.586,-9.812,62.778,-45.629,-14.911,-23.47,-33.202,3.823,3.102,28.143
37.845,-108.498,62.645,31.2,40.143,-15.866,-3.421,23.075,-28.894,-15.875,19.805,0.233
33.649,-75.431,31.914,28.425,40.074,-40.111,-9.721,41.21,-31.218,-22.286,-12.54,-0.828
25.952,-34.279,45.731,-24.219,36.043,-34.34,-2.56,-4.019,-8.965,10.753,5.66,20.656
29.719,-13.553,-26.689,8.03,63.635,-47.739,16.499,-62.955,-18.157,26.722,-5.001,17.446
36.402,-65.762,19.507,-70.066,21.774,55.829,-34.819,25.374,-21.758,-5.21,-0.116,0.703
45.741,-77.213,43.448,41.533,56.351,24.883,-34.338,-1.4,-8.452,-2.363,-21.528,-14.426
41.534,-79.871,11.056,9.548,43.625,-9.359,-75.412,-2.393,2.269,-27.196,-9.427,6.509
43.399,-56.988,73.24,-23.126,74.985,20.757,-60.084,8.438,-1.85,-23.149,33.732,-11.044
41.612,-65.413,41.827,71.814,90.201,-0.816,-78.027,-14.635,4.442,-23.439,-43.729,10.503
43.829,-85.1,61.313,5.821,108.605,18.633,-55.513,6.301,13.678,-4.439,18.329,-16.601
38.867,9.312,33.657,13.776,60.437,-11.359,-37.545,-49.444,24.546,-9.336,-25.361,12.666
36.107,-35.016,38.546,-44.227,71.671,-4.327,-16.512,58.882,18.031,-32.527,-33.658,18.449
37.201,-64.52,13.482,68.867,82.144,32.322,-10.212,2.684,6.055,-4.253,24.808,-26.036
33.114,-29.026,7.862,-0.71,23.084,-14.202,25.547,-21.409,-12.118,-17.031,27.144,-13.034
31.798,-38.33,50.957,57.232,23.618,8.023,-19.494,25.305,-23.948,-18.709,-75.425,0.155
32.461,-56.969,-26.18,10.474,38.799,11.971,-88.658,-38.229,20.391,-2.367,1.365,-3.734
28.525,-104.569,2.584,-81.918,48.571,-21.67,-67.651,14.864,13.775,-8.601,25.393,-1.591
32.322,-14.897,-46.167,-17.466,52.165,-25.368,-49.903,-49.774,4.771,-13.8,11.839,-5.375
33.332,-73.432,-1.935,-32.293,14.016,-19.956,-46.262,-11.07,-1.403,-14.325,2.916,-2.286
32.472,-66.338,5.5,-29.942,29.785,-28.97,-65.13,-2.032,12.544,3.594,3.359,5.053
32.547,-38.61,8.161,-31.314,25.129,-23.297,-61.188,-7.898,-1.915,-6.066,4.771,8.757
31.849,-16.626,-30.119,-32.862,36.462,-14.259,-48.811,-36.543,1.548,-18.33,0.802,-13.304
30.866,-24.572,-6.882,2.9,17.736,-22.459,-58.878,9.113,-0.946,-15.717,-0.699,0.869
25.356,44.3,-24.661,44.899,47.292,-41.658,-17.826,-61.524,-43.372,26.999,-38.368,15.523
31.773,-108.832,-24.961,-42.419,61.264,43.299,-51.785,43.923,7.932,-4.549,13.227,3.273
35.403,-95.3,65.439,-19.329,29.536,19.932,-17.602,-12.6,-23.867,-32.287,14.778,-20.877
35.612,-101.629,13.132,20.178,35.101,-52.583,30.731,-24.963,-29.33,13.768,-24.917,0.931
30.989,-120.195,5.799,41.846,26.409,-27.181,-18.411,53.842,-23.45,-17.472,-18.581,18.116
28.112,-76.397,-23.091,-82.696,19.047,-16.677,-66.13,5.924,-4.247,19.926,13.995,-9.844
30.345,-72.856,-58.385,-9.076,12.326,-3.654,-55.334,-11.706,-14.466,-1.785,-35.016,-10.158
28.716,-61.7,-34.388,2.262,-1.319,-9.772,-22.137,18.226,-20.585,-14.488,15.244,-5.318
25.408,-17.97,-34.365,-28.408,18.456,-60.03,-40.012,-23.043,-11.165,21.972,-1.086,27.775
25.057,-35.59,-23.325,-33.803,19.384,-36.766,-32.069,-9.723,0.3,1.792,1.092,28.794
27.168,-7.199,-63.511,-17.601,32.652,-38.109,-21.522,-42.27,-13.477,15.827,13.509,16.353
25.527,-50.33,-1.473,-25.313,27.093,-42.844,-15.291,14.026,-15.409,-3.281,6.553,14.051
24.407,18.097,-68.892,28.387,34.831,-31.693,-9.544,-58.149,-20.195,20.439,-12.998,10.352
20.997,-15.727,-69.499,-27.031,70.277,-31.953,-8.518,-1.994,-4.719,-13.262,2.033,4.788
18.456,-27.691,-20.057,-17.775,37.039,-53.894,-29.086,2.886,-39.952,-13.938,-1.793,10.922
34.168,17.345,33.495,-47.811,35.71,37.29,11.272,-20.656,-74.413,10.633,-17.621,19.773
30.975,2.557,-66.713,-62.718,53.033,-47.703,7.174,26.698,1.321,-19.328,18.373,-9.849
34.918,-87.811,-65.346,-33.895,60.132,-8.055,-16.112,6.055,-21.855,10.721,-4.579,3.01
34.294,-129.218,-10.021,-49.393,38.192,-35.763,5.544,4.003,-43.148,-2.946,9.744,7.893
34.252,-95.463,-33.352,12.359,13.325,-32.887,-21.133,15.225,-22.075,-17.177,-12.047,18.848
27.347,-125.776,-65.019,-16.12,26.196,-35.63,-14.705,-5.658,-24.298,-15.614,-11.781,17.984
21.007,-194.906,-114.238,-56.152,59.817,-55.48,-25.087,14.68,-8.088,-3.034,-8.173,2.713
19.748,-184.075,-108.821,-87.728,66.582,-51.365,-16.458,-0.921,-9.506,-0.033,0.753,2.113
21.577,-57.512,-75.465,-80.517,26.373,-50.17,-38.836,24.356,-13.835,-15.14,14.316,-9.749
24.609,-52.317,-72.177,-26.972,20.03,-3.201,-44.305,14.633,-18.98,-3.265,-28.031,-23.658
24.272,42.503,-36.759,-37.993,3.677,-38.096,-46.789,-69.604,-31.079,20.672,-44.537,13.518
25.908,-81.669,-30.804,-20.972,29.639,-19.092,-30.518,26.225,-11.605,-15.302,-11.851,3.254
26.334,56.826,-28.449,0.416,58.699,-82.497,-58.503,-33.244,-30.75,6.092,-6.221,5.445
31.307,-85.183,-55.016,7.034,62.525,3.184,-37.904,-13.949,-13.328,6.799,-34.548,-10.225
29.225,-159.642,-61.56,-67.784,61.014,7.983,-10.316,60.636,-7.291,-13.8,-1.1,-0.905
34.618,-13.727,-38.163,-77.643,66.809,-25.865,-45.273,120.383,-0.012,-3.973,31.214,-18.994
37.335,-53.734,7.135,-31.524,32.644,8.351,-21.836,-20.21,-44.253,44.164,-32.424,5.934
36.312,-88.916,9.793,4.245,41.331,-31.245,22.106,17.526,-11.336,0.491,-18.822,3.344
34.532,-40.241,0.83,3.243,62.467,-12.642,9.593,-43.174,-7.294,-7.308,6.259,32.433
35.794,-24.765,22.664,-20.375,45.442,-34.083,9.398,-45.771,-6.947,25.152,-13.87,25.921
34.607,-84.733,-48.677,-3.582,35.631,-60.82,34.919,-30.33,6.422,4.9,-1.346,16.339
36.466,-26.637,-19.734,-29.616,31.982,-38.341,21.127,-29.181,-1.911,12.284,-23.918,15.069
37.094,-51.218,5.21,13.746,19.768,-25.843,1.369,-6.15,-10.931,-2.622,-13.066,7.498
32.677,-89.918,27.121,-9.749,23.84,-31.226,9.744,-2.376,10.214,-16.13,6.438,10.948
35.677,-34.1,3.898,-10.902,40.565,-11.84,25.776,-30.093,2.29,-22.104,25.017,5.766
35.466,-65.181,16.318,19.117,20.558,-32.849,11.229,14.705,-0.25,0.863,-9.789,5.729
36.458,-43.551,6.779,-3.665,12.673,-9.556,20.396,-17.113,-1.921,-5.469,-28.371,3.148
34.734,-17.78,-52.056,8.909,56.497,-60.924,12.444,-45.083,1.648,14.731,-5.487,17.055
35.22,-11.483,-8.923,-33.231,34.543,-1.662,8.97,-34.36,1.889,5.641,-14.47,3.651
38.25,15.542,-10.158,58.491,-18.452,-5.892,20.617,-11.055,-8.674,2.138,-20.954,-2.578
36.965,-15.694,-16.704,-39.12,29.285,29.573,4.792,-104.106,-23.275,31.727,-73.941,24.874
42.442,11.837,23.613,14.696,14.26,14.569,31.926,-72.593,-7.202,3.762,-18.621,19.033
40.171,71.634,-5.402,4.153,36.965,-18.501,34.695,5.251,-10.538,-44.556,-10.202,-13.247
38.941,-124.336,-50.532,33.349,48.689,-70.919,-35.213,-25.469,-4.242,-2.584,-0.124,2.746
41.788,-74.074,5.666,-5.773,37.151,24.912,-15.468,-34.02,4.646,-15.698,4.31,-5.526
39.792,-90.01,13.373,2.25,26.712,-30.558,-9.089,-9.493,-33.797,1.74,-14.08,11.719
43.953,-43.124,13.023,24.03,39.045,-47.176,-40.035,15.468,-18.742,0.416,-25.16,-18.039
40.343,-89.106,-42.928,-8.315,11.65,-23.203,-73.418,-20.648,-0.06,-8.95,-8.469,-4.616
38.884,-98.39,-37.2,-84.943,54.605,-13.464,-38.164,14.654,-7.326,-1.118,-2.521,9.34
43.353,-88.628,7.96,-33.736,31.011,-4.482,-60.428,3.144,-7.576,-19.123,19.28,1.847
45.177,-88.875,13.947,-63.67,50.372,-28.356,-72.735,12.039,7.864,-6.536,11.637,5.676
42.62,-67.219,9.189,58.969,61.592,-19.034,-94.496,-10.897,4.515,-11.375,-23.889,1.597
36.601,-70.261,-17.462,3.312,81.043,-22.062,-43.556,-44.097,-11.067,-10.366,5.056,-1.967
38.33,-43.003,20.509,-74.807,60.759,10.807,-48.54,2.482,-17.0,2.004,-3.546,14.724
40.994,-87.723,31.521,-24.843,57.744,-18.938,-83.228,-1.237,15.064,-6.335,20.985,-5.545
40.844,-17.979,48.105,-41.683,45.691,-35.751,-15.146,-34.595,-16.13,11.712,1.28,-3.852
42.486,-31.476,88.403,39.862,79.077,-12.895,11.216,-9.623,16.093,-18.852,-15.351,9.696
41.118,-40.01,56.863,-8.325,92.705,-50.713,18.025,-30.356,8.436,28.12,-20.268,-7.494
39.725,-98.277,65.604,0.58,87.717,-36.395,19.441,1.801,3.95,-2.533,-6.454,-7.579
42.679,-58.696,57.966,7.355,77.021,-37.064,16.309,-26.893,5.717,26.387,-6.323,-2.361
43.556,-64.238,54.339,0.565,79.179,-32.946,16.614,-21.816,9.605,-6.341,8.131,-10.909
43.48,-24.998,36.271,37.356,27.812,-34.459,3.697,20.914,9.038,-5.413,-16.963,-6.627
39.806,36.746,47.632,48.424,26.096,-6.18,-2.962,-7.994,-3.912,-11.207,-34.609,0.359
43.205,-50.997,59.413,107.715,87.054,-13.318,-5.47,7.529,3.454,5.387,-22.494,-9.136
34.932,-113.11,32.409,-21.519,44.324,-36.785,-42.595,-4.224,-20.869,-11.162,11.218,3.479
40.93,-49.962,26.818,-25.638,49.352,1.222,-20.868,-46.734,-16.633,9.428,9.858,-6.819
42.714,-68.194,15.062,-61.938,46.397,5.024,-34.088,-12.104,-16.907,-7.256,-14.294,-3.963
44.853,-18.759,63.984,-9.848,22.067,29.642,-16.425,-29.34,-28.298,27.003,-11.84,-22.746
46.145,-25.46,69.25,-5.189,60.338,-28.899,-27.064,-15.764,2.255,6.662,4.079,-22.318
44.291,-62.26,31.142,55.789,52.309,-31.829,-46.591,-0.98,0.84,-2.872,-19.555,-6.409
41.145,-10.956,33.492,-25.278,28.027,5.329,-11.082,-44.464,-31.095,28.817,-53.515,-2.134
42.707,-10.365,81.296,-64.668,50.113,0.299,15.975,-44.472,-15.318,21.479,-5.214,-10.424
45.101,-16.867,79.403,40.528,38.845,-7.329,-13.051,2.251,-11.124,-6.773,-17.617,-6.608
39.562,-41.309,98.204,32.318,30.113,-24.564,41.696,-4.22,-29.691,-31.087,-1.816,27.35
40.97,-41.955,91.688,25.697,29.175,-42.627,46.45,-21.029,-52.695,11.488,9.687,26.194
42.54,-29.325,78.319,1.93,27.91,-65.089,32.337,-11.311,-43.912,21.441,3.461,26.192
42.652,-49.531,95.49,24.085,24.66,-29.65,32.396,5.401,-32.468,-16.261,0.683,27.173
42.375,-49.942,110.211,12.325,33.006,-42.389,29.424,-4.552,-37.837,-15.072,4.279,27.839
45.166,-46.962,95.334,-4.603,12.75,-35.422,43.653,7.634,-36.262,9.864,1.379,29.663
43.936,-27.09,56.962,59.393,-6.768,-37.99,14.82,67.72,-30.975,-23.516,-3.939,21.167
40.036,47.899,26.759,-14.588,-10.507,-38.732,-0.077,-0.004,-8.554,-1.858,-6.821,-8.131
42.681,-33.252,43.191,15.557,66.95,-6.674,-46.392,-11.185,-19.161,37.248,-26.171,-3.253
41.213,13.271,48.472,-2.085,68.368,-18.504,2.512,-13.442,-20.829,20.799,1.781,0.824
41.627,-24.951,83.585,-21.268,66.583,-37.018,8.057,-0.665,-2.916,0.363,6.58,20.964
43.563,-16.391,89.191,10.51,63.42,-60.472,0.992,-0.52,10.531,12.275,3.816,21.341
44.826,-3.313,81.898,-20.704,68.755,-19.662,-2.462,1.908,28.331,-2.431,-11.065,15.308
45.703,-66.469,45.934,-31.189,8.333,-25.207,-73.476,3.345,-20.289,-15.136,12.785,-10.988
46.117,-21.057,54.183,8.926,26.499,-16.467,-67.241,-20.607,-22.906,-20.755,-0.017,-0.468
44.812,-26.727,53.36,-11.008,32.47,-20.712,-41.611,30.419,-5.501,-3.953,-7.382,20.223
42.959,-71.236,11.983,38.346,46.944,-33.475,17.461,27.553,-35.684,-16.966,-10.324,7.242
39.878,-88.077,19.116,13.804,33.081,-51.596,-48.342,23.304,-20.205,-14.26,9.324,-34.241
35.677,19.714,-20.633,-19.307,0.279,-17.536,-58.668,47.083,-36.468,-2.988,-15.073,-11.681
37.625,-109.167,37.432,44.676,76.716,-12.936,-5.732,-17.004,-24.159,23.12,20.551,5.039
38.98,-48.025,55.553,-35.235,45.96,-19.395,-10.478,15.316,-15.161,-25.407,18.581,33.555
39.421,-56.171,66.738,-18.489,26.705,-22.701,-12.698,-7.173,-33.431,-13.056,8.866,32.321
34.516,-194.429,22.841,-7.455,64.626,-33.411,-5.516,9.574,-39.44,-19.903,-5.188,28.068
25.801,-131.602,-58.482,71.52,47.689,-24.768,-46.859,71.343,-7.021,-35.281,4.505,4.849
13.762,8.678,-39.509,21.369,-1.099,-40.229,-7.428,37.101,-29.413,-10.665,-24.676,6.826
21.766,23.077,21.692,-224.397,25.073,88.66,38.722,-52.044,-57.508,33.072,-58.474,-4.076
29.374,68.12,-114.488,-34.798,20.157,-52.935,-38.791,35.302,-14.035,-51.598,1.836,-9.955
33.855,-97.502,0.347,4.59,124.116,-25.829,-38.026,18.039,3.611,17.707,11.738,-6.866
30.541,-142.606,-43.675,37.737,111.551,-33.977,-36.582,5.825,5.895,7.207,-33.532,5.88
34.243,-217.407,45.112,-135.314,72.092,34.281,-1.048,13.428,-32.2,2.651,22.879,9.473
40.858,-136.459,80.932,19.472,66.974,-40.235,-21.807,40.668,-29.091,-35.623,35.51,9.243
37.838,-100.823,110.262,51.722,59.235,-10.47,-7.724,-11.139,-43.676,-18.517,-8.451,38.163
33.16,-192.365,48.933,24.317,89.287,-14.185,-48.793,15.775,-6.251,-33.102,-6.042,-0.383
32.25,-162.851,138.563,-62.926,122.877,-7.183,-27.467,-18.413,-6.694,0.289,-5.225,-13.948
39.784,-133.553,104.434,-1.324,127.955,-22.186,-48.198,-11.875,11.25,-6.289,19.134,-15.826
41.065,-121.664,89.62,-3.06,109.165,-27.98,-46.694,-5.864,19.118,-3.156,1.778,-20.016
41.44,-121.584,98.868,-19.998,109.991,-27.796,-50.166,4.467,14.661,3.518,-3.528,-13.896
38.714,-81.969,21.643,-37.18,34.303,-20.072,-55.105,-14.339,-28.377,2.953,10.745,9.703
42.143,-45.331,75.741,-25.248,21.09,-16.103,-33.06,6.724,-27.316,-22.016,20.06,3.039
44.098,-2.243,77.503,-12.679,42.426,-32.31,-17.282,-1.23,-5.394,-5.835,7.202,23.04
45.728,2.573,78.705,-10.848,37.903,-31.032,-23.402,-6.455,-12.835,-1.797,7.577,21.044
45.4,-16.93,56.774,32.483,18.212,-23.291,-54.107,-21.437,-29.008,-11.7,-16.208,-3.838
44.033,-82.603,32.124,-33.564,38.257,-19.837,-82.466,-37.38,9.957,-21.616,1.615,-13.291
43.146,-169.439,67.371,19.92,106.379,-28.459,-60.616,8.111,-6.955,-9.179,-11.027,-8.041
39.64,-143.418,64.123,2.144,98.557,-42.027,-67.495,-19.773,5.017,-1.852,15.742,-5.948
39.733,-154.846,72.48,-7.541,97.227,-34.196,-64.292,-9.912,-4.501,-3.318,0.551,-8.566
37.682,-105.954,41.617,28.977,55.301,-32.293,-73.494,2.764,-0.951,-18.035,-0.093,-3.981
36.185,-129.579,70.438,-17.66,23.821,-26.491,-6.522,0.775,-28.166,-18.692,8.026,23.331
38.717,-97.628,83.583,-33.832,18.54,-20.245,-2.578,8.498,-38.778,-14.874,15.768,21.232
39.121,-76.81,35.593,19.512,23.521,-13.368,-45.208,-3.445,-23.501,-10.022,-12.07,-16.029
36.801,62.68,0.465,-28.753,42.337,42.929,-27.61,-5.677,-2.019,-91.067,-4.369,6.238
41.167,-54.569,92.487,53.258,70.184,8.892,-11.817,-7.152,-24.453,-12.422,-1.185,19.457
34.705,-87.367,129.528,16.138,47.939,-29.145,6.279,1.317,-47.584,-19.246,14.82,22.639
34.626,-87.064,119.358,4.834,50.978,-26.867,-2.818,-4.56,-45.21,-14.691,5.989,22.315
34.659,-89.32,98.444,11.514,58.788,-28.528,-8.336,7.579,-50.288,-20.857,11.428,16.522
34.569,-84.235,66.624,13.891,66.914,-31.085,-36.636,-5.313,-45.881,-9.598,2.457,-4.323
31.337,-139.24,9.648,40.837,81.874,-22.671,-62.56,6.321,-30.475,-7.035,-36.82,-5.279
20.252,-50.676,-39.669,82.024,38.046,-69.113,-35.043,25.083,-1.005,1.302,-15.05,9.52
12.807,21.669,-106.115,-11.647,48.6,-63.644,-32.247,-18.152,14.16,18.602,-14.053,-6.627
13.562,105.879,-55.01,-6.504,-15.956,54.426,-20.828,1.938,5.385,-37.342,-48.768,-16.222
33.596,164.288,38.899,45.327,-8.562,23.557,-58.472,-36.301,-10.956,4.274,19.599,-15.409
37.17,-144.573,-34.757,38.943,104.499,11.92,-55.708,-18.332,-19.549,2.672,-14.571,-2.926
26.63,4.244,35.871,11.674,54.816,-4.636,-20.579,-15.195,-34.5,-13.542,4.386,27.82
36.201,-127.331,-0.181,-77.253,99.424,-2.174,-52.637,-5.255,-3.69,7.468,23.036,-0.704
35.095,-143.872,-10.896,-11.368,113.985,-33.909,-61.346,-2.229,-3.725,-9.108,2.622,2.528
34.285,-148.154,-5.681,-41.132,112.139,-41.317,-53.129,-8.599,-7.345,-6.681,12.983,2.632
38.012,-90.777,-14.696,-52.899,72.789,-14.344,-50.858,14.537,14.27,-14.857,1.544,1.911
36.725,-89.655,1.024,-41.267,65.183,-30.692,-64.616,-14.457,10.598,-3.543,10.665,-0.754
37.724,-85.764,25.637,-47.288,58.656,-30.527,-73.32,-1.161,4.614,-0.84,16.161,-4.049
39.954,-50.644,34.56,-42.242,47.211,-26.93,-69.927,-23.245,-12.097,-1.601,10.537,-7.385
42.341,-42.166,59.259,-35.588,59.011,-30.949,-55.965,1.007,-12.053,-7.003,14.771,10.685
44.176,22.004,13.623,-39.097,82.233,-43.374,-79.132,20.24,2.527,-14.614,14.903,5.068
45.101,57.603,8.565,-60.035,92.654,-40.46,-69.563,3.202,-5.446,4.633,4.513,13.555
47.443,70.233,13.66,-44.957,91.313,-28.7,-71.743,-15.58,-8.32,-5.427,4.539,8.183
27.58,103.093,-126.714,360.95,56.158,-96.47,-79.395,80.977,-0.254,-53.658,-46.366,6.05
