0.0,171.13,9.469,-28.48,57.491,-50.067,14.833,5.359,-27.228,0.973,-10.64,-7.228
27.332,-158.108,-5.257,-5.213,56.545,81.486,-7.164,-6.976,-34.193,42.113,34.904,6.494
25.776,-248.912,-49.504,-45.37,72.53,-53.004,-7.038,2.439,-34.333,-4.447,4.151,-5.816
25.988,-238.219,-55.437,-38.813,51.238,-47.641,-0.284,7.609,-29.852,-12.837,2.316,-6.589
27.669,-224.138,-18.013,-37.983,38.819,-41.612,-6.238,11.411,-18.497,-8.277,7.823,-15.203
32.173,-194.36,40.126,-25.349,17.222,-24.274,2.728,1.406,-29.885,-11.319,16.411,23.804
31.11,-187.095,-24.346,66.208,39.218,-34.176,-31.233,7.207,-25.096,-10.728,-17.919,20.435
23.704,-206.702,-33.294,-31.726,66.924,-54.669,2.224,18.695,-31.004,-12.059,-0.631,-6.519
27.909,-177.296,7.862,13.644,28.762,-15.028,-4.747,20.953,-26.752,-17.229,10.79,3.838
24.848,-203.425,-3.815,-35.024,68.085,-44.457,-5.999,1.986,-33.411,0.854,1.708,-16.845
26.24,-185.962,-27.602,22.399,47.58,-11.755,-23.668,31.119,-7.97,-8.467,-14.726,-17.441
25.396,-196.379,-6.704,35.556,72.998,-29.782,3.511,53.543,-11.388,1.179,-8.64,-21.852
19.269,-176.425,-83.215,-28.106,92.91,-30.207,-17.143,37.637,-28.962,5.704,-5.168,-1.842
21.711,-153.65,2.899,11.12,92.248,17.378,-24.015,29.937,-49.391,8.6,25.569,2.184
28.142,-172.606,41.269,-96.952,49.35,14.087,0.91,6.761,-29.284,13.861,-8.724,0.679
37.585,-160.658,-42.588,136.387,54.756,42.477,-41.28,3.669,-0.015,4.075,-10.146,-16.366
27.163,-188.419,-1.417,7.127,41.54,-20.843,-10.808,1.248,-28.219,-12.096,1.203,-0.414
45.526,-49.609,45.366,3.789,26.592,0.662,-36.265,-22.854,-12.521,-1.889,13.494,21.827
35.859,-136.904,-51.034,199.394,53.667,-35.079,-64.249,18.153,-29.284,-25.3,-77.302,30.416
19.281,-178.75,-59.149,-27.657,113.231,-41.521,-16.726,25.396,-29.315,-0.359,-5.795,-0.475
27.573,-191.588,24.704,-42.74,44.109,5.647,8.9,4.292,-43.624,14.68,42.541,8.669
30.698,-183.682,36.814,15.718,48.879,-14.867,-19.056,-12.843,-30.416,-18.275,3.06,28.185
27.974,-220.46,-17.971,19.355,54.672,-37.987,-23.51,21.419,-26.865,-5.425,-8.144,9.879
39.748,-97.498,11.652,62.656,43.623,103.776,-0.6,14.918,-5.173,-10.052,37.488,-14.881
32.742,-183.882,16.13,57.01,47.915,-31.058,-27.488,20.522,0.317,-20.783,-22.595,-5.039
23.794,-185.558,1.008,-3.728,69.738,-50.578,-8.009,25.86,-34.146,-18.81,2.965,-4.52
31.244,-104.54,-13.97,171.998,60.267,-19.347,-50.469,13.326,-24.605,-16.274,-40.818,5.227
21.01,-205.694,-76.351,-42.04,96.407,-43.947,6.36,23.504,-23.436,5.968,-7.43,-10.202
48.294,-49.443,39.823,20.104,25.801,-3.951,-42.544,-26.669,-14.112,-3.733,0.479,24.227
43.964,-98.29,10.799,149.246,28.731,-9.416,-40.461,-16.661,-32.967,-20.749,-63.138,41.226
42.778,-104.41,48.225,126.863,88.947,39.34,-41.759,-30.073,-3.094,14.709,-4.745,-13.279
34.454,-192.045,59.281,33.686,63.81,-31.319,-3.507,0.29,-5.942,8.243,-3.052,-0.538
30.793,-178.279,34.35,66.172,78.314,-31.317,-24.181,5.17,5.492,-14.045,-9.481,-13.521
23.237,-216.019,-45.097,11.204,100.545,-70.481,-30.183,38.813,-18.972,-20.098,-14.541,-9.454
26.819,-200.927,33.741,28.405,85.729,-40.381,11.62,30.155,-5.192,3.359,0.548,-31.005
34.143,-105.805,62.415,64.29,28.24,-24.22,-12.682,6.192,-19.194,-19.245,-8.255,1.157
29.044,-174.969,16.461,-35.529,23.589,-12.072,-21.562,15.536,-25.285,-10.545,-25.131,5.206
24.288,-205.283,-30.467,-1.023,71.033,-29.969,-21.53,27.642,-41.791,-13.441,-7.477,5.463
24.194,-209.222,-4.058,12.45,112.771,-6.719,-16.369,29.328,-29.706,10.473,-0.851,-10.352
20.788,-182.472,-46.945,-55.237,76.439,-50.5,6.791,8.328,-40.667,-7.859,12.257,-8.746
22.762,-206.95,-35.359,-46.913,82.313,-49.093,-1.715,9.594,-35.714,-8.402,3.486,-8.813
24.313,-203.592,-14.585,-49.032,59.294,-39.912,-7.27,0.913,-48.398,-18.153,9.944,7.119
30.037,-189.703,25.243,-3.998,44.476,-24.625,-44.201,-5.051,-23.204,-10.715,9.625,6.249
33.072,-155.39,53.313,-29.585,47.268,39.064,-0.672,29.105,-3.886,-35.024,-18.265,-3.51
29.067,-148.626,22.247,31.053,28.252,-40.67,-3.981,-7.643,-17.611,-6.74,-0.664,8.811
38.903,-74.909,89.041,43.333,46.16,-24.19,-35.872,12.97,-16.04,-2.52,-3.183,-8.601
35.476,-155.727,31.733,29.771,30.019,-29.182,-25.238,-1.711,-10.782,-0.005,-15.548,-10.917
36.679,-111.065,19.769,63.268,20.486,-21.71,-44.431,-27.069,-17.069,-10.752,-16.064,-16.81
37.533,-180.974,39.59,56.5,53.573,-29.3,-16.293,-2.519,-1.506,-7.818,-7.779,-3.133
35.711,-149.176,53.639,15.612,53.07,-39.76,-26.169,-4.484,12.611,-10.601,-0.108,-25.937
33.648,-116.064,20.885,71.526,29.144,-36.415,-49.893,-10.556,-13.072,-11.293,-17.449,-7.538
24.402,-182.743,-29.517,5.896,61.493,-39.912,-32.437,20.444,-19.928,-4.997,-14.42,2.856
22.712,-189.718,-20.636,-3.165,92.03,-26.49,-34.048,18.488,-41.695,1.036,-7.255,-1.751
19.67,-188.109,-97.516,-78.702,71.174,-60.768,-1.967,-4.08,-25.525,-6.475,-2.096,-9.323
31.13,-173.22,4.693,21.794,34.653,0.188,-21.003,8.305,-11.675,3.781,13.074,-2.569
32.183,-198.281,-17.492,87.345,66.316,-10.514,-23.186,-2.879,-15.486,4.657,-15.645,5.609
27.71,-234.832,12.511,-25.86,79.036,-37.21,4.009,4.291,-15.776,-1.82,11.049,-19.962
32.315,-142.264,40.957,112.834,56.437,-7.396,3.314,32.201,-12.006,-25.115,-11.286,17.153
33.595,-154.608,44.471,-25.757,49.469,79.698,13.204,6.402,-16.775,15.497,24.596,-7.869
40.514,-101.922,-0.241,103.052,32.038,22.236,-35.807,-24.868,-20.185,-15.095,-49.65,26.946
27.361,-163.152,8.04,28.659,23.513,-38.874,-12.689,14.81,-30.854,-16.217,-8.737,4.49
26.19,-193.782,-4.814,-31.454,43.741,2.076,6.27,10.397,-35.609,1.091,-15.44,2.364
23.717,-222.197,-46.796,-13.149,90.672,-44.156,-3.831,31.758,-22.45,-2.576,-9.361,-12.389
18.498,-147.119,-52.165,-3.751,82.726,-62.898,-1.278,40.658,-31.837,-19.848,-3.3,2.297
23.688,-202.948,-51.263,-0.821,65.326,-35.26,-21.103,24.621,-37.284,-8.656,-11.162,-0.742
37.142,-114.897,25.646,54.934,28.151,45.15,3.415,-8.077,-19.935,2.246,14.021,0.002
31.546,-184.605,17.821,59.876,57.128,-45.258,-16.844,16.856,5.95,-13.161,-26.648,-3.818
28.963,-146.311,-16.933,110.853,49.751,-24.903,-32.694,31.032,-15.266,-10.719,-45.38,11.384
19.916,-179.165,-49.638,-53.345,94.274,-49.403,-5.405,16.023,-36.363,-9.284,11.505,-8.865
21.205,-202.408,-63.83,-45.817,91.117,-51.4,3.203,19.461,-30.321,-1.97,-0.88,-8.684
43.039,-84.021,27.704,-1.34,35.598,46.186,-28.975,-23.845,-11.485,1.682,41.717,15.03
43.275,-100.346,13.176,128.727,28.574,-12.795,-48.247,-16.483,-31.289,-18.775,-48.788,37.839
42.727,-123.597,26.025,102.597,66.828,1.347,-35.513,-32.239,-1.886,19.048,-32.033,-6.527
32.643,-201.366,28.633,27.527,72.479,-3.52,-16.587,-10.95,-3.218,1.82,-22.259,-9.769
28.777,-198.405,41.696,26.248,74.368,-50.015,-11.905,23.732,1.21,-13.006,7.627,-14.295
29.476,-148.977,42.033,47.155,30.137,-23.552,-6.145,21.405,-23.865,-20.755,1.507,9.647
23.514,-195.077,-51.112,7.905,56.95,-56.718,-22.996,36.842,-27.066,-12.088,-2.602,-17.592
21.053,-186.024,-84.039,-64.687,44.85,-52.33,3.048,6.755,-35.325,-6.006,-6.356,-11.905
25.465,-180.699,-9.854,-23.861,24.11,-35.884,14.843,13.808,-29.637,-9.39,6.501,-11.879
39.015,-85.633,-30.655,204.252,52.78,70.468,-48.452,-17.197,-23.695,-16.63,-0.517,-13.722
22.325,-180.048,-11.879,35.676,102.441,-35.008,-22.164,52.924,-27.037,-10.121,-4.453,-3.079
20.733,-194.209,-71.702,-30.289,93.445,-28.089,-19.722,24.737,-36.84,5.683,-4.555,-0.916
30.927,-139.266,23.703,40.021,17.95,13.672,16.993,6.919,-24.403,-5.441,23.044,0.716
27.946,-186.328,18.061,8.0,45.298,-36.809,-15.142,2.248,-28.68,-3.803,-2.357,15.175
24.316,-215.939,-33.126,-3.244,80.214,-46.805,-10.96,32.297,-29.16,-6.716,-8.379,-8.446
21.987,-211.961,-56.982,-39.407,96.236,-50.606,8.481,19.532,-22.595,-3.12,-9.475,-13.136
19.946,-189.971,-96.417,-29.337,84.109,-47.249,-3.915,42.101,-21.743,-7.456,-14.353,-3.963
19.05,-168.444,-83.058,-53.899,65.714,-57.381,13.198,14.068,-37.93,-10.755,2.662,4.253
25.12,-179.776,6.083,-19.762,40.659,-36.063,14.375,12.872,-29.706,-9.824,7.705,-9.453
31.37,-169.446,5.495,59.826,48.773,-4.679,-11.716,-20.287,-27.04,-1.972,-20.211,24.404
25.327,-195.09,-7.794,17.93,63.633,-27.625,-19.334,24.672,-42.52,-19.264,-1.232,15.961
21.137,-177.311,-40.347,-48.696,63.34,-42.18,25.203,11.881,-45.506,-7.013,3.437,8.716
31.872,-205.334,-3.405,0.68,12.471,-4.917,9.08,3.687,-26.478,-1.319,6.046,11.439
41.177,-97.628,-3.291,82.351,22.653,14.846,-23.719,-50.206,-10.3,-13.616,-25.12,19.797
30.376,-220.427,-28.49,30.34,36.728,-39.315,-37.616,34.707,-10.717,-13.74,-16.433,1.619
24.626,-199.175,-9.302,-18.613,71.479,-14.327,-4.893,17.982,-33.803,7.772,-7.041,-17.774
39.751,-96.154,63.621,50.166,28.968,-19.446,1.18,6.767,-9.453,-0.803,-6.073,0.598
32.767,-180.949,-17.701,59.641,24.581,-36.799,-10.555,-1.759,-16.456,-4.891,-27.15,12.316
26.37,-229.246,-30.851,-45.988,52.784,-39.102,-11.849,-2.389,-32.634,-6.252,-5.218,-4.734
24.096,-232.029,-90.297,-9.185,65.612,-48.638,-17.039,45.975,-24.515,-6.343,-14.941,-4.566
17.336,-159.99,-123.938,-80.378,63.126,-71.257,19.53,4.958,-11.4,-5.672,-1.076,-1.468
35.979,-185.783,9.876,10.634,19.869,-5.563,-7.189,2.042,-10.26,-1.527,10.752,-5.669
33.34,-202.349,-19.789,33.634,6.716,-38.547,1.537,6.692,-18.318,-4.386,-15.834,6.062
30.186,-210.823,-14.343,27.478,27.354,-17.916,-6.154,18.612,-30.732,-10.104,-15.926,13.942
38.975,-100.915,36.953,87.006,28.069,17.659,-11.173,-4.063,-18.264,-14.421,11.408,-1.473
44.55,-132.443,33.825,114.25,75.448,-5.994,-41.656,-34.209,-1.565,7.468,-32.969,-0.49
38.567,-102.1,43.382,37.992,23.455,-22.568,-30.001,15.562,-7.816,-12.454,-3.376,-9.427
30.213,-174.695,-49.993,116.568,54.685,-44.536,-57.588,30.386,-6.856,-13.092,-25.633,-10.974
20.352,-176.694,-70.504,-51.092,59.207,-58.117,15.407,13.23,-31.928,-8.737,6.922,-6.683
24.503,-191.901,-13.863,-113.993,50.816,-18.489,18.414,-7.98,-28.952,1.936,-13.806,-5.557
37.046,-152.131,12.922,85.378,38.74,-8.576,-33.385,-12.644,-21.858,-10.339,-13.086,16.166
26.955,-211.831,-27.796,30.341,58.739,-53.803,-36.448,22.55,-29.715,-16.835,-4.568,3.152
28.817,-194.699,41.686,-24.7,39.503,-34.687,-6.86,6.351,-38.547,-11.692,17.322,13.301
32.052,-124.193,85.905,33.781,38.093,-24.129,-5.938,-13.01,-33.592,-31.705,13.112,29.121
33.913,-136.538,73.263,18.832,59.917,3.951,-42.492,-3.772,-17.975,-12.307,21.893,1.007
35.718,-136.746,61.075,-46.735,51.564,29.496,-30.36,1.389,-1.221,-5.787,-34.13,-6.585
42.41,-105.52,67.671,56.653,45.894,-25.944,-28.49,-4.52,-4.419,-9.426,-13.963,-20.114
43.194,-117.677,35.334,81.924,59.882,-10.147,-19.761,-20.884,-7.313,11.083,-24.001,14.13
33.457,-169.633,65.69,19.961,38.028,-41.891,17.421,-2.401,-15.894,-15.412,5.142,26.671
36.645,-155.381,61.986,7.8,54.565,-18.732,-19.276,-13.872,-22.749,-3.987,2.198,16.101
47.322,-69.717,83.448,82.478,80.675,-8.788,-20.504,-27.038,-3.175,9.11,-30.207,0.985
35.8,-174.376,12.374,112.228,76.637,-44.128,-45.507,-10.014,-1.444,-10.064,-34.663,2.053
26.559,-161.997,15.639,12.807,57.457,12.055,-10.7,33.19,-7.995,-22.221,-18.03,-4.619
25.361,-209.224,-6.486,-60.45,87.21,-5.302,-2.13,9.382,-16.871,-9.565,-36.334,-6.338
23.923,-214.12,-23.001,-28.35,85.396,-57.396,-3.222,20.611,-24.319,-8.533,10.091,-14.686
30.936,-171.371,-29.277,126.832,73.78,-20.93,-40.609,20.597,-3.589,1.171,-36.289,-4.307
20.476,-194.451,-49.647,-31.604,114.856,-51.966,-1.994,22.581,-20.607,-2.442,-2.443,-18.142
20.779,-189.99,-44.335,-42.952,103.848,-22.175,-20.546,3.916,-42.262,2.396,-5.094,-2.629
20.056,-197.637,-83.415,-19.155,108.365,-58.282,-33.705,40.03,-24.206,-17.904,-0.202,1.316
27.63,-197.617,-22.976,13.108,49.848,22.921,-12.672,24.098,-22.208,21.976,8.032,-7.04
28.013,-172.272,23.86,-156.478,56.707,8.064,12.421,14.337,-18.075,-1.539,-12.977,-9.375
34.915,-179.862,-2.378,111.3,59.449,-19.899,-27.952,2.18,-13.743,0.038,-39.409,9.225
30.174,-161.922,52.803,-53.423,53.832,51.905,20.689,28.789,-10.519,-13.705,-27.361,-1.162
29.729,-214.528,31.239,28.593,74.6,-35.391,-12.148,8.954,-7.781,-1.375,-5.049,-7.889
33.507,-156.005,38.601,-50.031,49.208,40.663,-15.26,-5.134,-12.058,-22.084,34.326,3.283
39.032,-121.827,9.27,117.287,32.002,5.418,-31.937,-10.963,-32.042,-23.027,-40.606,32.607
26.005,-205.88,-7.973,4.284,69.218,-48.114,-37.985,6.076,-30.474,-17.934,0.715,-2.876
24.561,-201.904,-5.447,-37.564,61.619,-42.653,1.174,6.977,-42.396,-12.007,8.266,-0.081
30.087,-149.723,41.455,18.174,12.469,-32.21,4.1,15.945,-22.183,-21.256,6.558,11.751
28.135,-211.429,2.532,18.676,59.647,-27.428,-13.806,19.584,-16.29,5.131,-19.157,-7.922
31.555,-159.308,17.816,67.04,42.345,-17.915,-9.134,-13.463,-32.534,-10.948,-6.075,32.218
23.833,-215.929,-51.853,2.246,75.151,-53.173,-18.707,34.328,-36.209,-14.829,-8.322,6.122
36.254,-163.53,33.182,10.184,33.239,3.37,-12.55,-4.096,-9.94,8.007,18.366,-15.864
43.341,-77.933,49.707,53.402,27.194,-18.305,-35.156,11.394,-14.897,-11.027,-15.547,-2.163
36.173,-141.587,35.792,15.519,39.606,13.446,-38.934,7.199,-13.284,-9.05,-25.364,1.466
34.928,-108.007,79.405,47.737,41.446,-15.638,-12.817,1.683,-17.873,-13.667,6.381,-3.819
37.345,-81.31,13.603,179.695,54.454,14.284,-59.12,11.352,-23.822,-25.16,-56.802,4.71
21.193,-169.549,-43.953,-12.769,57.85,-46.974,-3.201,38.479,-45.658,-13.345,-5.244,-2.467
20.264,-193.831,-84.448,-38.189,88.588,-51.977,10.214,28.229,-17.729,3.543,-15.292,-11.751
40.546,-107.141,-1.3,39.896,44.8,95.194,-16.754,-38.658,-10.61,1.953,37.375,12.408
38.14,-176.923,21.739,20.49,34.719,-2.758,-35.05,-17.114,-20.12,-28.357,15.381,12.577
35.831,-174.373,21.299,46.586,34.669,-25.237,-30.187,17.256,-12.164,-16.716,1.233,18.047
39.755,-121.766,28.253,114.063,59.381,1.665,-39.608,-25.16,-8.978,-2.522,-13.07,-2.876
33.491,-214.477,40.179,41.631,74.338,-25.516,-13.846,0.669,-10.462,7.969,1.392,-5.829
28.517,-191.346,32.65,70.015,79.818,-48.116,-31.587,40.235,-7.441,-21.837,-31.743,-1.107
22.075,-195.725,-62.007,25.294,91.106,-54.226,-28.852,54.035,-17.549,-5.145,-8.214,-9.697
18.851,-178.995,-74.484,-73.524,99.937,-44.693,-2.225,-3.861,-30.81,2.888,2.322,-1.623
22.26,-190.805,-33.929,-42.33,67.797,-48.448,3.464,16.268,-41.465,-15.869,11.16,-6.564
40.994,-71.053,-8.728,218.878,44.008,-7.247,-77.722,-23.256,-29.109,-24.606,-56.36,-4.483
21.765,-170.965,1.573,-34.223,80.935,-34.848,2.471,18.134,-46.005,-9.17,7.111,-0.475
23.51,-150.101,23.005,-19.873,70.365,17.218,-10.735,22.996,-27.293,-1.022,-12.923,1.322
19.811,-166.546,-65.874,-24.991,83.197,-31.043,-28.322,14.789,-32.4,12.993,-19.337,1.104
17.504,-149.271,-82.434,-51.928,76.875,-58.563,7.744,16.739,-32.079,-10.734,5.055,4.238
23.537,-186.635,10.054,-18.466,80.389,-48.631,15.211,13.803,-26.795,-5.545,-0.74,-11.166
38.581,-70.945,140.961,40.746,56.785,-11.044,52.138,22.418,14.254,1.24,24.344,-41.964
38.566,-45.834,134.614,46.997,37.481,-44.052,35.25,17.066,1.301,-8.441,-11.701,-31.737
42.24,-54.233,56.805,140.819,75.117,-12.678,-7.841,-6.994,15.002,21.332,-52.344,-13.855
33.966,-89.917,34.385,82.66,40.012,-22.6,-70.408,-14.591,-10.564,-18.516,-13.45,-20.564
27.429,-224.342,11.239,-22.145,78.766,-38.721,-20.89,-4.488,-22.345,-3.679,-13.882,-2.34
26.006,-205.698,2.818,6.708,75.389,-54.056,-13.697,17.611,-14.843,-9.249,-11.985,-12.738
25.433,-176.001,-6.217,33.526,56.745,-25.06,-28.721,22.223,-35.492,-14.421,-3.475,2.359
21.408,-203.935,-54.332,-19.699,111.952,-22.648,-15.775,32.499,-32.601,13.031,-1.983,-4.341
21.297,-200.684,-69.616,-30.483,92.993,-21.079,-7.691,30.023,-30.463,11.208,-3.916,-5.663
29.18,-200.31,26.568,-78.822,77.929,65.795,44.24,15.598,-10.235,4.449,-41.832,-1.846
39.397,-120.733,66.244,130.106,74.537,-6.352,-32.617,22.724,-9.128,-5.223,-7.308,6.026
29.586,-187.296,55.121,9.759,83.098,-36.126,-39.923,-4.481,1.199,10.805,-0.922,-10.991
26.96,-195.187,75.575,20.64,107.331,-60.436,-15.857,13.86,-7.567,-16.449,-6.277,-22.945
24.643,-184.331,38.843,1.187,87.794,-52.881,-10.344,9.321,-26.158,-13.245,-5.611,-13.218
32.909,-133.446,67.527,28.522,44.937,-22.281,-18.696,-6.868,-12.571,-15.405,-3.458,-0.055
39.864,-111.533,93.533,60.135,58.662,5.245,-5.176,2.717,-14.158,-14.983,9.901,2.463
34.03,-177.412,66.072,83.451,70.123,-25.466,16.1,22.845,1.269,-17.781,-14.218,1.967
27.53,-166.295,31.962,21.087,45.894,-34.277,-30.401,5.914,-29.933,-16.91,4.853,7.303
29.982,-148.268,91.405,59.947,65.401,-54.211,18.593,28.391,6.843,-8.013,3.93,-6.531
25.854,-156.915,19.492,34.852,57.02,-45.77,-35.32,26.251,-13.095,-6.681,-13.202,-23.769
24.184,-173.832,0.681,16.222,63.54,-30.412,-23.122,21.036,-40.608,-12.379,2.669,2.057
27.026,-166.857,9.297,4.448,38.912,0.336,9.238,18.872,-9.001,10.263,12.151,-16.824
32.086,-130.199,59.523,45.511,33.239,-7.13,28.433,20.456,3.938,-3.873,5.819,-27.145
41.323,-87.675,82.831,105.461,70.457,-2.527,1.028,19.78,1.93,4.219,-14.039,7.982
31.862,-134.37,35.519,-33.923,37.493,-25.833,23.762,-25.703,16.918,14.563,-3.922,17.024
38.892,-59.261,43.126,128.771,41.332,28.081,8.088,14.734,12.292,-26.318,3.105,6.1
31.755,-116.954,57.99,-36.168,28.194,9.327,-2.236,-16.443,-10.201,20.528,-27.796,5.519
39.73,-128.909,46.331,156.392,51.311,-33.79,21.346,18.86,5.179,-3.87,-49.992,9.081
24.886,-177.741,-16.053,-7.505,33.819,-14.253,7.376,39.238,-33.965,-10.062,-23.168,0.944
24.208,-194.541,-40.791,-1.665,46.953,-41.37,-12.338,31.481,-38.674,-3.703,-8.812,-7.488
22.158,-211.82,-42.968,-53.485,100.055,-45.61,12.014,5.484,-25.507,1.729,1.498,-14.515
33.697,-163.103,35.535,-8.446,34.058,-17.426,-33.058,-24.336,-24.176,-4.134,14.901,16.866
42.919,-86.333,13.147,152.33,34.412,-1.595,-40.238,-22.069,-31.371,-17.593,-66.53,39.439
45.924,-87.158,39.941,156.923,87.887,-2.267,-67.478,-21.418,3.898,10.631,-57.949,-8.852
26.406,-196.496,-12.53,65.187,93.002,-51.727,-48.543,29.533,-7.436,-5.586,-20.801,-6.122
23.043,-212.989,-47.779,-20.159,90.996,-39.21,-18.461,21.875,-29.45,0.842,-8.13,-10.015
21.641,-183.098,-47.561,-44.297,57.119,-55.251,16.963,19.091,-34.784,-11.991,1.701,-11.919
21.739,-200.252,-51.713,-35.444,88.296,-49.695,7.627,17.452,-25.057,-1.058,-7.536,-20.216
36.502,-104.903,79.34,-6.914,79.748,34.535,4.573,19.171,24.454,19.791,61.582,-41.519
41.1,-46.263,84.087,44.301,43.73,-7.872,-50.28,-7.075,-10.795,-20.618,6.634,-26.441
34.754,-142.23,-27.17,125.653,46.465,-17.567,-47.721,-9.192,-27.33,-13.773,-58.492,28.282
21.954,-215.69,-53.87,-53.606,103.996,-38.715,0.962,7.8,-30.438,2.934,-1.563,-4.982
32.618,-142.092,52.886,48.836,42.477,-7.529,-28.909,-7.843,-34.153,-23.543,14.049,18.74
26.523,-217.164,12.941,40.877,102.071,-49.133,-30.752,27.636,-20.797,-9.911,-18.906,-7.493
24.941,-212.748,-35.924,-1.566,72.795,-17.59,-13.268,31.568,-23.2,5.33,-7.65,-11.758
28.713,-184.362,-31.715,14.953,53.501,54.367,-3.743,8.08,-14.25,-0.673,13.245,-6.195
43.274,-120.294,43.482,23.203,28.646,-11.212,-22.886,9.13,-7.934,-0.812,6.592,-14.868
45.198,-76.823,41.581,60.588,26.94,-20.69,-31.622,5.157,-14.505,-12.55,-18.789,1.877
40.71,-70.789,18.398,85.862,11.977,-17.321,-56.057,-2.098,-15.879,-20.34,-11.616,-17.053
39.465,-121.299,22.382,131.283,64.283,-17.981,-43.867,-16.77,2.772,7.462,-33.275,-10.074
23.221,-190.722,-40.943,21.283,89.695,-40.013,-36.318,28.517,-15.14,-12.002,-16.996,-6.712
25.751,-186.671,56.52,70.226,131.073,-23.58,-37.429,29.619,-16.481,-1.232,-9.437,-14.773
19.062,-186.702,-97.097,-58.604,92.848,-63.188,1.225,14.534,-16.986,-2.469,-2.978,-3.528
31.257,-207.258,-15.024,-10.652,31.948,22.692,-7.166,8.026,-19.078,13.673,27.942,-3.608
34.807,-168.562,-23.421,123.357,58.652,-5.345,-42.093,0.779,-0.87,-2.852,-19.988,-11.506
30.685,-172.625,86.003,-103.875,72.862,9.972,-10.803,4.917,-23.113,-3.621,-15.489,8.154
31.714,-158.652,80.162,118.977,97.861,-36.301,-18.013,20.844,-8.454,-15.553,-14.104,-0.896
26.709,-165.89,28.649,-38.259,47.934,3.453,-19.559,-2.691,-29.627,-9.905,15.525,9.176
37.533,-108.754,70.222,18.196,36.027,-6.942,-33.658,-5.462,-33.341,-19.895,17.827,21.55
32.662,-182.759,7.252,68.701,37.646,-30.935,-32.503,8.411,-29.512,-16.673,-19.462,10.678
30.639,-198.418,-32.377,55.305,36.011,-9.503,-15.043,5.151,-23.633,-0.46,-15.745,2.868
20.041,-173.449,-56.258,-23.462,80.007,-63.769,0.334,25.522,-31.499,-17.12,-4.021,-3.474
21.085,-170.455,-23.2,-36.046,76.722,-22.849,7.825,9.107,-49.294,-1.688,1.298,9.22
22.644,-208.213,-64.472,-14.021,80.49,-33.245,-20.341,27.218,-37.005,-2.442,2.546,-3.63
39.489,-99.976,36.472,104.915,34.822,10.302,-8.952,24.367,-8.608,-3.671,2.79,-0.423
39.327,-144.703,34.841,58.084,56.008,-6.943,-37.138,-2.957,1.281,-5.867,-9.945,-2.861
38.621,-131.842,11.8,6.186,30.989,-7.842,-51.086,-26.457,-14.398,-7.573,-1.231,15.506
38.873,-106.53,-0.993,163.284,46.438,-10.499,-53.917,1.324,-21.685,-29.494,-72.808,13.023
21.297,-175.144,-37.248,-64.771,54.897,-45.076,21.288,-0.296,-45.805,-12.421,14.801,-5.206
23.333,-183.859,-32.621,-11.84,47.512,-30.186,3.79,25.593,-45.013,-14.517,-13.847,2.89
23.227,-224.206,-71.556,-31.872,79.059,-37.949,14.859,26.84,-21.297,7.245,-13.7,-16.097
39.665,-176.057,16.17,0.853,2.969,10.29,19.477,4.675,-37.462,9.81,21.043,23.839
39.918,-148.518,-35.642,97.391,3.122,-3.226,-6.592,-13.966,-19.25,-17.744,-28.662,19.623
35.616,-173.944,23.476,-2.151,24.94,6.146,-4.426,4.324,-9.813,-2.251,24.869,-7.359
44.271,-119.984,61.895,75.439,73.986,-14.721,-34.624,-26.542,-5.867,3.512,-11.301,0.642
37.369,-180.147,33.747,101.752,78.416,-3.159,-21.914,3.122,4.227,-17.265,-21.024,-8.624
34.727,-86.273,23.059,77.945,28.021,-8.539,-59.997,-5.304,-9.057,-13.651,-8.724,-25.937
32.836,-133.769,75.617,20.584,64.64,-48.89,-4.271,10.73,22.269,-3.949,8.166,-26.94
30.406,-116.54,72.579,24.183,21.28,-36.497,8.777,17.859,-15.413,-16.408,1.607,11.218
28.923,-146.64,65.023,8.08,47.672,-26.067,-15.11,3.379,-7.573,-5.934,-8.095,-3.803
32.662,-121.872,-8.383,101.843,32.594,-36.457,-66.32,-12.793,-8.321,-12.131,-1.935,-21.484
26.156,-174.853,-29.564,-18.592,9.827,-39.994,-8.777,18.771,-20.647,-8.081,-3.833,1.493
33.952,-141.443,-27.76,120.638,43.208,-3.802,-44.386,-5.649,-26.289,-12.848,-36.989,26.214
20.821,-196.049,-55.955,-29.791,108.873,-14.321,-15.882,28.428,-38.543,7.006,-12.813,7.535
20.85,-196.742,-77.149,-24.154,90.206,-39.617,-19.74,28.653,-35.277,2.308,-0.516,0.348
24.058,-198.297,-19.001,-53.849,57.966,-18.537,10.784,7.797,-46.643,9.209,27.176,-5.079
27.008,-191.838,12.156,-20.775,43.499,-13.625,-4.545,9.058,-35.664,-15.182,-3.401,3.045
32.567,-158.266,30.044,14.997,40.006,-17.011,-36.143,-22.343,-23.382,-7.078,-5.274,21.606
31.016,-227.059,7.141,-4.882,40.462,-28.243,-13.301,7.823,-20.797,-3.808,5.51,3.363
44.808,-98.438,71.208,34.435,48.098,8.229,0.278,13.974,-0.036,7.442,-0.91,-27.542
38.332,-121.034,15.629,48.515,25.389,-42.991,-20.96,-9.837,12.985,1.062,-30.274,-33.357
31.432,-190.805,-7.388,65.583,61.595,-37.568,-18.872,13.3,9.143,0.775,-26.698,-17.214
31.36,-198.633,31.786,-13.858,37.334,-25.032,-12.56,6.856,-7.578,4.151,13.386,-13.323
43.989,-71.579,42.52,-6.751,31.908,3.342,-39.035,-25.153,-12.736,-1.565,19.537,21.05
39.658,-127.824,2.239,137.165,31.257,-24.485,-55.613,4.999,-27.257,-26.669,-47.844,31.219
24.82,-128.766,4.109,-2.342,36.458,-25.13,-48.589,2.719,-17.173,-7.851,-13.029,18.372
26.659,-203.865,-21.359,-24.401,40.99,4.481,0.246,17.061,-29.675,15.068,11.778,-5.184
37.385,-186.711,-4.839,31.346,1.084,4.371,10.166,3.51,-34.905,6.404,0.415,24.121
28.857,-209.869,-48.462,35.033,16.799,-15.688,-5.17,50.145,-27.272,-16.151,-41.345,15.468
34.384,-120.978,39.661,-48.958,50.987,125.099,39.921,17.94,-14.195,-8.743,25.856,-4.354
42.837,-87.348,27.252,135.123,55.37,-0.076,-30.316,-26.573,-13.183,-16.136,-40.939,6.102
28.873,-183.194,-4.839,23.682,29.985,-7.335,-22.888,19.608,-24.285,-25.718,-16.295,5.204
24.384,-210.868,-66.473,-27.295,37.996,-33.375,-1.494,18.143,-38.977,0.784,-18.104,-8.023
21.862,-213.452,-76.388,-57.366,83.076,-40.872,6.263,11.943,-29.057,4.486,-6.274,-9.227
20.986,-204.328,-97.086,-59.77,65.871,-69.848,11.459,12.106,-26.003,-14.976,-3.126,-3.532
32.439,-198.99,-5.157,-4.317,13.703,12.91,9.73,3.273,-22.703,-0.517,19.145,7.669
39.168,-181.004,-8.359,26.513,19.027,42.462,1.516,-13.966,-25.887,-4.501,17.616,17.32
36.49,-195.631,-6.159,33.988,17.705,-17.603,-12.327,2.851,-20.185,-8.183,3.031,9.097
43.564,-62.935,39.663,101.335,30.908,3.814,-12.889,-9.893,-25.926,-3.029,-3.596,11.085
45.384,-114.253,37.193,67.443,55.307,-15.495,-42.425,-19.526,-4.94,6.784,-9.668,-1.408
38.383,-161.092,23.494,7.041,25.615,-35.124,-28.084,-0.143,-2.642,-9.41,-6.912,-7.4
43.439,-75.896,47.124,37.591,38.382,41.557,-18.092,13.972,-8.81,-15.595,20.88,-8.724
33.039,-171.517,-22.682,78.892,34.078,-26.311,-40.564,5.227,-14.821,-4.106,-49.945,-2.294
20.469,-155.032,-43.057,-25.31,48.665,-46.656,1.486,25.759,-43.696,-10.762,-6.988,-15.881
25.721,-172.603,10.41,-173.369,40.882,-3.604,29.4,-25.466,-31.722,13.414,-7.511,-10.317
37.73,-159.334,-14.01,75.472,22.887,-16.944,-25.441,-22.761,-22.98,-8.042,-34.165,27.514
28.65,-199.707,4.887,-11.776,22.032,-33.362,8.638,11.448,-27.058,-15.042,6.521,6.316
26.304,-211.11,-17.007,-0.73,47.698,-42.548,-11.085,24.015,-38.173,-14.886,-6.869,0.741
40.98,-85.507,74.07,52.062,34.813,-9.642,-21.454,-20.308,-38.036,-15.659,-6.505,33.7
41.814,-155.48,28.407,50.084,53.541,17.647,-26.458,0.512,-3.152,5.907,-9.617,-17.064
42.208,-102.054,38.799,92.209,42.916,-19.062,-18.242,13.133,-0.51,-6.094,-34.699,-6.712
36.348,-159.444,18.866,69.456,69.386,40.94,-8.749,-12.132,9.843,-4.021,-9.672,-12.916
37.181,-145.715,37.391,27.139,41.491,8.4,-7.399,-23.088,-13.282,-13.987,7.207,23.694
36.764,-174.423,-2.899,112.918,73.454,-4.606,-54.979,-15.421,-4.002,-10.257,-30.444,-7.198
24.663,-203.081,-7.151,-47.687,76.695,2.416,-8.609,11.776,-42.065,-12.379,-21.585,13.928
28.266,-221.746,-12.124,34.016,68.884,-42.006,-27.532,27.013,-12.675,-6.686,-12.088,-8.698
27.239,-123.504,-13.834,94.821,56.567,-7.87,-54.094,11.839,-6.596,-15.504,23.989,-30.327
25.561,-214.024,-32.713,-20.28,57.716,-23.751,-13.676,12.792,-33.918,11.457,0.463,-2.872
25.12,-214.824,-40.363,-28.12,49.796,-46.687,3.991,12.931,-29.882,-6.238,-7.619,-4.2
28.976,-188.079,2.469,2.084,31.394,-25.211,-24.408,15.96,-14.605,-5.041,-1.053,2.28
28.727,-190.812,4.046,28.239,44.102,-28.875,-19.56,1.903,-30.748,-0.248,-12.913,1.268
23.234,-223.672,-56.805,-12.469,96.386,-55.418,-29.741,31.854,-27.175,-17.562,-9.74,-6.131
19.023,-180.01,-79.947,-53.803,94.612,-61.382,-15.058,21.438,-30.419,-17.205,6.0,4.119
41.008,-115.029,6.313,78.535,46.144,40.093,-28.159,-23.583,-25.023,15.708,-7.316,11.1
30.632,-191.718,-8.791,11.216,21.609,-37.686,-24.52,6.5,-10.225,-8.418,-10.074,4.492
31.97,-204.146,-14.116,63.89,65.097,10.033,-23.711,10.127,-7.284,4.4,3.296,-8.185
29.098,-203.541,41.997,-44.372,69.242,4.25,8.844,12.426,-4.912,19.39,27.799,-22.308
32.917,-188.061,68.173,-0.549,67.287,-13.352,-4.551,29.552,5.032,-6.684,-24.924,-3.529
24.221,-194.165,-8.969,-5.559,70.33,-32.315,0.317,18.873,-35.04,-13.702,-17.187,4.21
26.468,-184.602,32.978,-81.119,51.72,-23.708,-6.571,-5.674,-36.379,-13.421,9.827,3.707
33.059,-143.929,-11.136,98.159,39.653,25.61,-34.169,18.152,-17.639,-27.615,-13.387,12.283
27.388,-163.043,33.971,13.857,55.267,19.248,-16.719,12.674,-38.625,-5.615,31.171,9.43
24.432,-209.201,-21.679,15.563,84.726,-59.399,-13.352,33.08,-23.106,-13.583,-13.563,-8.363
22.383,-184.639,-29.608,-1.114,76.055,-35.565,-14.882,21.675,-47.568,-13.13,-3.878,14.679
23.021,-208.355,-60.815,-20.379,75.467,-19.906,-14.478,21.376,-38.958,3.059,3.285,-3.858
26.947,-192.252,-0.967,-55.477,34.06,24.548,24.235,6.643,-36.759,-1.428,7.706,6.787
43.135,-65.182,55.014,65.532,32.694,-21.117,-27.285,4.483,-11.926,-9.654,-23.385,-5.115
36.884,-134.131,35.063,73.975,44.915,-7.905,-35.013,3.761,-9.046,-9.218,-28.016,-2.626
36.17,-75.198,70.391,112.532,58.756,-9.069,-54.608,21.341,-13.393,-15.392,-27.487,3.561
25.176,-190.994,-20.887,33.561,57.066,-29.682,-20.04,42.521,-40.883,-7.087,-15.637,8.155
21.221,-182.812,-53.725,-12.995,73.25,-45.73,7.578,44.697,-31.754,-3.809,-12.926,-11.765
47.017,-61.164,37.429,1.044,27.776,-4.811,-47.193,-23.709,-13.383,1.222,10.394,21.489
42.285,-136.327,3.621,102.883,27.441,-24.005,-47.935,-22.525,-24.658,-22.436,-42.35,30.984
38.321,-139.122,28.883,-24.667,26.671,46.219,-11.069,9.014,-3.769,-3.048,12.99,-13.898
45.166,-97.698,44.969,105.406,73.247,-27.243,-54.801,-20.957,6.262,3.922,-31.825,-15.248
35.35,-186.519,23.263,78.431,65.861,-31.952,-36.109,12.683,4.744,-3.082,-12.998,-9.313
27.145,-203.149,7.004,50.383,80.468,-37.484,-37.037,42.712,-14.977,-16.244,-16.808,-8.962
23.415,-177.612,-38.629,7.384,80.006,21.378,-18.242,14.119,-27.387,15.784,-0.817,-9.824
20.131,-163.892,-43.111,-27.538,69.804,-48.684,-2.622,26.585,-44.177,-20.635,4.556,-1.458
38.462,-46.663,44.795,131.163,41.862,-8.745,-75.498,-2.163,-15.845,-25.253,-10.592,-20.151
25.012,-143.295,-23.313,54.923,64.187,-23.023,-49.35,7.45,-12.882,5.108,-39.027,7.132
19.659,-190.117,-76.619,-17.37,114.105,-40.952,-26.765,43.029,-26.723,-0.566,-3.304,2.979
20.807,-187.953,-64.536,-37.22,81.477,-29.953,-6.782,12.061,-43.79,11.96,-4.347,-3.382
25.257,-207.072,-8.932,-42.164,55.321,-33.983,0.319,9.524,-43.72,-5.851,15.152,-4.605
30.713,-205.025,11.742,-1.946,33.032,-28.224,-14.923,10.691,-9.691,-4.26,2.686,-8.485
25.995,-235.271,-57.341,-3.647,58.773,-54.032,-14.03,27.586,-21.572,-13.028,-14.69,-9.324
28.77,-183.955,-0.279,27.966,36.488,-26.206,-4.393,23.392,-3.835,-11.694,-21.439,-6.111
24.052,-195.017,-37.046,-19.111,51.589,-38.209,-19.197,13.053,-36.032,-8.485,-10.02,-6.17
25.241,-214.419,25.625,-84.952,95.938,-31.388,2.252,-20.33,-22.487,-5.81,1.93,-18.267
28.959,-206.697,13.4,18.529,55.128,-38.746,-10.574,12.093,-3.996,-12.492,-25.082,-19.152
25.307,-221.216,-35.996,-26.107,61.515,-50.502,-12.846,3.416,-33.218,-12.218,1.146,-4.041
26.861,-223.673,-14.062,-23.799,58.779,-34.486,-18.321,11.114,-26.382,-10.487,-0.773,-8.001
24.522,-234.966,-31.711,-42.686,94.356,-51.905,-5.742,5.472,-26.265,-9.564,3.221,-13.25
26.792,-199.043,12.511,-9.33,59.472,-47.736,-6.452,8.075,-10.781,-10.193,-2.627,-14.828
28.385,-180.588,45.81,47.932,58.206,-49.074,19.576,24.882,-12.265,-11.717,-14.771,9.756
27.089,-78.102,9.338,103.768,6.864,-25.868,-3.077,-4.671,-60.487,-25.076,-40.421,27.668
31.905,65.32,-21.923,50.838,-1.633,-26.909,-46.521,-44.082,15.589,10.284,4.153,30.803
23.897,-34.452,-104.922,90.188,29.347,-52.465,-49.969,-46.505,4.694,16.741,-43.214,25.127
12.252,-70.112,-110.268,-20.35,71.361,-53.529,-2.342,64.225,-8.42,0.868,-22.006,9.621
