30.718,-35.55,-76.466,73.481,61.294,257.127,-0.063,-10.233,-21.276,101.801,53.462,-16.137
36.519,-81.827,-33.348,-10.574,38.702,133.41,-19.425,-17.461,5.809,-13.741,-108.379,11.844
50.69,12.997,35.682,97.994,20.36,61.31,-18.036,-15.485,-40.823,-0.601,-12.766,16.588
34.747,-62.867,-132.957,98.221,14.703,-38.768,-60.541,16.573,2.07,-34.478,-51.755,6.695
32.266,-51.787,-34.931,115.826,12.596,178.363,23.133,21.697,-33.721,20.684,-77.373,-13.891
36.274,-83.977,-167.684,80.277,33.95,-14.001,-59.85,8.796,43.1,-17.186,-45.732,25.552
47.771,29.72,52.762,47.816,26.533,177.115,30.574,-7.95,-5.434,-6.797,9.695,0.725
41.639,-66.431,-93.134,158.321,-12.049,-47.817,-45.958,26.729,-24.711,-7.88,-43.464,33.634
32.613,-76.09,-33.524,15.088,-33.75,96.944,9.642,-4.375,-57.606,-25.772,-144.698,30.684
35.782,-91.967,-59.21,-11.566,11.281,163.008,1.655,11.147,-38.657,-32.202,-104.374,9.873
49.063,29.079,25.615,89.449,28.266,125.136,-9.316,-12.107,-18.421,-4.512,39.715,-9.302
48.984,-18.783,45.145,-1.248,51.917,-44.586,34.25,27.356,-0.749,-3.718,-5.448,4.237
48.864,13.161,90.946,32.826,25.447,-73.576,15.305,18.813,13.663,14.173,-10.279,-24.076
51.117,-12.527,56.687,17.166,20.82,-68.181,-9.175,21.046,8.997,10.345,10.566,-10.066
52.571,-1.139,84.581,91.935,36.929,-0.569,-19.079,2.217,-30.455,-12.113,-16.589,-4.431
48.306,-6.987,51.968,5.04,40.773,22.612,1.181,21.924,-3.525,9.683,-4.261,-3.355
45.647,-30.014,30.622,47.896,47.949,-19.032,-21.25,-10.381,-0.297,8.109,-10.499,4.731
47.972,29.531,8.076,-44.718,49.72,46.062,-36.129,49.89,-25.624,-22.765,16.814,-21.926
52.411,31.269,22.755,90.161,38.046,12.327,-20.12,-16.732,-56.636,5.273,-32.47,15.09
44.496,-9.928,-33.199,-14.849,19.575,-27.972,-39.556,-9.663,-17.624,-2.96,14.697,-4.249
44.848,-48.426,-16.592,87.475,16.229,-95.897,-21.196,8.437,-30.835,-1.607,-24.57,-0.52
41.392,-61.438,-50.644,-70.078,69.024,-22.038,-16.149,8.436,12.501,2.28,-10.5,14.769
47.008,22.944,60.352,-18.446,40.355,37.923,-1.99,-28.13,-14.803,-5.835,-53.94,14.584
42.906,-41.803,-50.285,109.216,-13.074,-83.666,-28.77,44.576,-26.838,-0.032,10.711,27.977
38.403,-78.885,-71.94,157.016,-53.775,-95.587,-52.296,-5.418,-56.281,12.674,-25.951,20.222
38.532,-72.329,-25.367,-49.578,5.883,143.467,3.648,5.791,-42.4,-23.477,-82.674,8.331
42.557,-10.722,51.755,-116.03,25.297,156.046,12.755,19.795,-6.861,-33.517,-65.38,6.819
48.553,-26.845,56.144,5.407,27.582,-44.169,27.836,15.013,-0.33,5.411,-12.404,7.868
47.949,-9.15,96.717,23.187,26.653,-66.839,30.202,26.634,-0.844,1.837,-8.619,-23.478
49.605,-49.58,57.774,16.258,-4.725,-70.059,4.013,25.826,-35.6,0.892,1.879,-6.656
50.61,12.501,115.142,9.261,48.353,24.153,17.82,7.262,-18.25,-5.943,-45.448,-7.912
48.042,-58.087,30.513,82.875,2.147,-60.136,4.904,14.002,-28.051,15.517,3.791,7.981
47.028,-0.059,101.534,23.666,50.341,5.617,-5.457,-11.337,-16.935,9.241,-9.853,-28.056
47.463,-2.699,46.011,28.584,64.002,-5.19,-19.098,-26.522,-21.184,16.686,-44.567,10.979
48.923,44.63,20.009,22.546,38.051,20.999,-34.476,9.372,-33.33,-10.521,-55.14,-0.303
48.445,-29.477,18.11,20.283,46.508,-77.166,-10.239,-12.418,-24.88,-5.25,-22.268,-3.273
43.964,-6.265,-91.37,-43.015,56.974,-39.415,-29.129,4.594,10.396,-19.088,-4.794,14.858
47.834,-0.725,24.481,-58.101,45.222,61.529,-2.515,6.894,-23.839,-1.439,-42.995,14.125
46.418,-25.295,-62.848,42.99,8.071,-69.813,-46.849,55.397,-15.339,3.694,4.126,28.842
43.366,-25.175,-20.117,-45.203,61.096,-17.207,-4.411,-18.651,-14.183,8.04,-15.513,19.8
46.317,-23.732,-36.025,39.598,9.651,-34.115,-43.953,33.794,-33.705,3.533,33.629,5.354
52.478,31.618,24.697,83.921,13.431,3.851,-35.684,-6.203,-27.99,-7.213,-17.297,6.892
48.476,11.159,-7.861,-10.303,50.9,-48.305,-13.429,3.479,-3.795,6.383,30.18,23.277
46.928,-37.218,44.964,14.795,48.592,-80.029,-26.87,13.255,12.945,-2.802,-12.33,-8.937
45.853,-49.937,-43.78,39.985,5.168,-97.793,-51.254,21.823,-17.131,-6.97,-8.502,15.535
46.059,-8.954,75.384,-70.818,48.399,6.385,-0.812,-9.532,-19.931,4.062,-46.515,16.721
44.558,-72.616,-59.017,59.493,22.542,-88.943,-37.845,3.826,16.345,19.551,-12.912,51.606
44.355,8.196,24.769,-50.546,23.906,37.6,-50.197,-19.926,-12.429,3.762,-7.36,-34.674
49.704,-24.481,54.172,0.161,15.959,-55.876,-49.408,8.683,-16.456,10.01,8.02,-23.087
51.922,10.731,37.696,117.01,19.376,19.179,-23.108,-22.409,-34.363,-14.817,-26.248,16.377
42.558,-29.643,15.452,-45.554,14.768,-28.647,-26.013,13.522,-7.643,-7.534,17.284,-26.103
45.156,-94.217,55.86,84.402,10.75,-82.291,-1.041,-28.834,-20.862,28.365,-52.749,-15.676
41.381,-53.262,-52.264,-9.591,15.344,-4.065,-23.915,21.781,21.994,-10.268,-6.218,11.741
49.02,11.864,49.944,69.667,26.536,95.761,5.14,-4.617,-9.606,11.042,3.981,-0.418
42.395,-60.657,-71.093,133.399,-10.724,-24.358,-34.1,29.484,-26.142,-2.686,-17.755,26.672
37.827,-74.066,42.363,-43.121,4.279,74.254,31.508,-18.262,-26.309,-3.825,-79.911,7.753
41.091,-78.474,-82.406,138.212,1.023,49.083,-33.438,8.737,-56.936,-7.161,-45.073,9.991
50.332,51.055,45.533,-42.776,62.254,159.768,26.984,-2.067,-14.675,26.985,58.048,-24.432
55.032,13.335,82.289,36.451,-11.124,-33.08,5.881,2.186,-34.53,3.509,-15.514,-3.573
53.052,46.509,84.269,60.932,-19.939,-53.409,-26.044,-8.647,-39.256,-2.864,0.217,-1.765
54.167,42.987,69.024,98.099,-18.203,0.065,-8.81,-21.697,-36.064,-16.457,-20.824,-10.05
50.337,20.76,54.646,-55.089,-2.019,12.239,-23.645,-32.008,-30.183,17.164,-52.265,-2.195
47.612,-47.157,-2.527,40.18,29.624,-33.578,-4.225,-12.94,3.476,11.525,-56.708,-7.101
42.176,-114.855,-114.439,76.811,-11.091,-44.947,-27.129,-19.012,4.175,6.197,-31.474,1.198
50.71,-15.138,15.27,-24.347,0.76,105.463,20.281,5.398,-21.063,-6.465,58.081,-9.481
48.914,6.898,14.071,50.256,7.387,15.712,-73.729,4.443,-17.866,-13.576,-58.144,-27.2
44.072,214.74,53.367,-101.568,39.609,33.374,-10.183,-133.18,9.189,-14.501,-13.432,-11.072
47.827,-5.369,-8.186,-49.605,30.707,-25.855,-44.97,-47.001,-17.546,53.308,-18.167,-14.715
48.734,-61.226,-24.329,-39.463,74.43,-47.388,-35.985,5.71,-3.807,2.995,6.538,-19.633
52.759,13.606,50.562,-10.087,61.513,32.372,-19.512,1.453,-2.338,-12.572,-25.752,-9.383
49.793,-52.716,34.302,42.23,20.823,-53.238,-9.954,5.781,-5.163,-9.48,-33.763,-3.83
48.938,-13.866,63.565,-46.474,-20.86,-55.858,-18.49,-5.299,-44.191,3.432,-1.471,-4.184
48.556,-53.562,22.949,100.685,15.69,-3.779,-25.863,7.108,-19.32,-10.878,-55.139,-5.599
54.396,49.557,54.974,60.685,16.425,-2.145,-35.68,-29.701,-23.436,3.646,-10.07,6.431
52.369,31.346,70.44,-3.535,60.613,-42.049,-0.848,3.605,20.52,-2.886,4.141,-5.127
52.719,3.442,38.541,3.53,36.159,-50.115,1.73,9.318,9.965,12.794,-1.123,4.246
48.933,-20.14,7.793,59.98,18.594,-33.023,-17.265,-3.464,8.213,24.579,-18.971,0.726
49.7,2.057,11.85,2.664,43.442,18.473,-8.357,-2.721,19.359,-2.452,-14.582,1.804
52.452,-0.671,97.11,42.9,49.858,52.124,10.078,1.635,-32.755,2.859,15.991,-8.996
48.514,-41.506,37.194,76.285,39.952,-28.896,-10.842,-1.077,11.743,14.001,-24.891,1.939
40.354,-8.817,-26.436,86.2,5.648,-87.694,-69.372,-1.603,-2.88,2.617,-19.357,5.893
48.397,107.346,-5.906,-79.398,109.867,63.985,10.194,-76.284,-46.721,27.007,14.49,-15.955
54.883,13.403,21.691,57.912,8.666,0.067,6.267,-13.982,-22.382,0.447,-5.929,12.223
48.495,13.409,-56.151,25.717,-31.988,-6.127,-39.494,8.68,8.643,-27.867,-53.616,-12.673
41.78,300.629,-4.667,-56.095,56.973,-16.899,-57.369,3.975,51.582,-44.725,18.692,8.168
51.263,-0.809,25.397,-50.669,-44.359,-56.601,-2.841,18.281,-14.899,5.256,-25.071,-26.891
54.363,33.604,18.84,-18.111,0.825,-1.755,-10.512,9.116,1.806,5.415,-19.129,-23.807
50.495,20.09,1.569,47.939,19.792,-26.967,-49.256,-6.7,-12.976,26.493,-18.488,14.332
47.568,11.302,51.757,-107.345,3.615,-22.227,-1.701,4.154,-12.866,16.852,21.975,8.815
54.634,68.577,64.029,4.695,33.388,-13.3,-23.267,14.866,-11.733,12.408,-8.121,-6.807
54.114,56.127,43.85,74.779,33.808,-9.197,-40.885,-14.009,-5.08,10.18,-20.071,7.952
46.805,148.334,-86.219,63.853,66.829,-59.985,-15.085,59.673,-21.545,-16.113,6.258,-10.067
45.205,95.688,19.387,-145.438,67.332,19.542,14.878,-96.603,-50.206,44.714,-34.415,-21.785
54.897,29.896,77.706,35.491,34.422,26.438,-32.576,17.101,-36.622,-6.224,-9.205,9.553
52.487,34.023,56.154,-30.309,48.388,-19.789,-12.679,5.893,23.187,-1.959,-7.746,-0.245
49.882,1.323,-34.49,61.263,40.54,-59.935,-21.06,-20.07,21.841,48.556,-21.385,4.81
47.828,-111.648,-10.852,-27.411,86.704,-59.3,42.271,23.633,18.974,18.789,-23.281,-37.391
51.795,-30.189,-4.542,-24.42,32.645,-45.65,1.405,3.122,45.861,3.13,8.165,0.912
53.048,18.326,30.088,20.191,27.01,-4.477,11.189,11.16,16.626,-1.909,-15.752,2.298
50.253,39.85,67.345,3.575,51.87,-12.688,-15.116,-5.345,1.107,1.808,-24.495,-2.503
45.462,25.62,-2.098,43.3,-25.148,-47.656,-18.019,-1.682,-14.886,-33.083,-5.656,2.779
53.039,21.659,3.757,90.841,-10.41,-29.391,-14.333,-14.475,-9.538,25.472,-26.293,0.137
44.458,-21.006,-61.306,79.588,-51.397,-54.469,-7.655,32.836,-29.674,-22.283,-39.544,6.444
50.92,-52.444,-9.924,5.062,-3.889,-25.773,-5.461,-10.689,-6.38,6.177,-35.291,-33.22
49.008,-0.062,-55.08,-13.113,25.981,12.208,3.269,-91.433,-3.771,-9.014,-52.563,-4.422
53.589,22.014,7.623,8.956,-14.05,5.417,-3.796,-7.638,-4.086,-14.63,-27.83,-23.982
51.854,-2.63,10.563,39.118,1.384,2.002,12.395,21.153,-3.855,-10.864,-42.661,-10.811
48.724,0.731,14.0,10.631,14.916,22.765,-11.167,-22.149,-6.882,6.94,-5.185,2.579
50.945,13.26,96.475,3.673,34.849,-0.013,15.759,30.52,-2.473,-10.138,16.536,-21.398
49.347,-21.817,4.17,74.405,19.291,-30.175,-20.369,12.458,-27.808,18.52,-19.247,20.272
50.784,-6.339,41.908,-5.288,18.081,92.923,-5.201,21.492,-28.928,-21.563,-1.66,-2.654
50.854,-28.316,58.973,-46.079,22.089,-60.863,-12.675,16.915,-0.266,3.04,-4.388,13.102
51.244,-10.115,49.103,16.102,44.382,-29.089,-39.731,-33.426,8.653,9.812,-15.31,-14.273
54.627,62.464,61.474,9.278,34.133,-14.913,-44.282,-17.79,-0.661,11.232,-2.87,-14.735
54.532,53.02,79.558,35.524,21.314,-11.196,-35.137,21.684,-20.38,1.737,5.87,-5.964
52.293,65.298,30.474,0.097,-12.965,-46.422,-66.991,19.033,-3.556,-20.757,-8.112,-21.402
54.677,20.741,31.443,27.749,3.469,29.259,-9.05,-26.302,-0.178,7.186,11.425,-12.37
52.135,-39.933,9.814,8.083,-0.494,-32.469,7.513,-10.415,12.849,16.24,-31.857,-40.238
52.139,6.175,19.493,-24.675,-10.833,-23.483,-22.918,-26.43,8.192,10.625,-10.34,-51.606
52.616,10.184,10.777,-3.552,-20.476,-36.686,-7.652,7.078,-8.288,20.675,-8.286,-21.778
53.246,40.548,18.003,21.495,15.152,6.394,-18.254,6.361,11.082,10.123,-33.068,-18.446
49.289,25.305,23.567,12.428,5.563,-42.968,-59.53,13.401,13.968,20.399,25.44,-30.317
50.112,16.502,5.641,-2.51,-14.98,-64.009,-67.91,24.942,-7.635,-22.199,9.387,-8.971
53.601,18.613,21.007,39.405,1.216,31.141,-10.124,21.927,-19.464,10.34,-13.08,-1.8
47.559,-11.918,-47.099,8.363,-25.42,-92.313,-26.707,44.986,22.176,-3.71,-15.326,17.566
43.36,-49.388,-122.849,42.247,-13.475,-64.364,-23.16,-41.253,-9.668,59.085,-5.086,-5.159
50.634,-13.32,-44.571,-23.75,31.881,33.097,20.427,22.229,-21.373,41.848,6.164,-19.282
54.057,98.58,19.153,47.232,36.908,-17.07,-39.875,35.879,-46.932,10.756,-7.432,12.81
52.536,51.72,0.506,-31.524,-14.358,-1.883,6.586,-1.072,-16.728,38.035,2.381,-27.599
53.23,21.924,4.672,-49.352,3.406,-30.951,-26.609,7.223,13.231,-7.21,-9.24,-29.637
55.387,45.94,29.872,20.042,8.164,-46.679,-24.745,9.032,9.481,10.025,0.104,-9.631
50.666,17.031,-4.714,59.939,30.323,-49.613,-40.784,39.186,-27.188,2.903,-35.862,11.19
44.878,-13.551,-21.211,14.308,6.768,4.692,-5.819,-37.575,-65.742,65.602,15.798,8.665
51.48,25.951,45.489,-97.564,53.742,10.601,-25.413,28.614,39.047,-17.551,11.759,-18.609
55.415,61.305,65.471,49.824,26.623,-23.043,-32.676,-15.577,-0.406,-0.44,-7.398,-9.023
48.466,26.788,29.948,58.274,-2.574,-52.257,-8.192,-6.019,-14.095,40.756,8.14,-6.061
49.302,19.48,78.147,-39.579,31.652,-11.051,3.81,21.407,11.386,18.108,2.829,-40.24
50.571,19.979,31.389,35.014,11.142,-40.035,-41.166,24.788,-23.781,41.588,1.691,-19.382
54.632,19.877,70.603,28.526,30.009,15.464,1.312,10.22,-33.783,8.613,11.953,-7.631
48.951,10.002,14.095,102.948,56.804,-9.744,-28.238,10.659,2.761,10.122,-68.705,8.663
48.593,13.314,55.501,-41.987,63.49,69.299,16.873,-33.629,-29.743,42.922,59.1,-16.727
51.73,44.617,6.682,76.208,36.899,-5.087,-25.797,90.132,-24.176,1.001,-23.287,-4.56
50.689,19.268,19.388,-32.77,-8.829,5.205,15.976,7.708,-37.031,75.974,29.619,-33.736
55.107,38.686,43.402,40.715,2.463,-51.331,-22.836,-4.764,-4.094,21.513,7.347,-6.548
50.428,15.594,0.071,29.192,6.876,-44.943,-45.942,12.806,-23.74,-6.894,-21.594,11.231
50.249,56.575,28.076,-50.698,37.929,49.132,11.476,-45.546,-51.386,3.805,-8.51,-14.414
54.111,39.612,81.855,59.681,44.522,2.946,-15.145,-19.252,-7.753,0.984,5.947,-3.957
49.007,-6.294,17.472,61.41,32.444,-29.593,-1.109,4.705,-18.085,19.861,-24.909,8.024
48.714,58.726,40.922,-23.875,14.645,-16.962,12.728,9.914,-9.963,34.107,20.478,-9.605
50.628,58.472,19.704,0.948,-4.297,10.786,-42.184,-24.237,-21.283,3.947,-43.301,-10.135
51.839,-1.826,26.93,86.724,44.117,30.645,-14.163,6.887,-23.689,2.487,-19.941,2.623
38.225,-6.257,23.866,-86.76,24.803,35.964,-15.935,-25.197,-9.497,0.713,-53.158,0.931
53.922,41.626,77.338,34.383,43.943,25.509,-7.751,3.81,-19.334,0.397,9.422,4.917
52.172,22.887,48.432,25.619,59.332,-30.789,-5.5,3.047,-1.485,28.027,3.214,-10.673
52.93,21.937,58.824,44.933,40.694,45.302,-8.497,-9.686,-1.336,-27.248,-28.951,3.529
45.161,23.365,-11.132,13.626,14.76,26.887,-15.911,1.783,-23.461,-26.565,-29.776,6.016
51.913,31.401,34.69,12.406,20.16,-7.366,-44.057,24.2,-21.304,-1.416,-18.7,-31.052
50.479,36.965,-24.621,-2.278,-13.906,-1.803,-58.857,22.749,-40.206,8.646,-0.187,1.576
52.277,54.484,34.745,-35.376,0.909,36.005,-51.387,-9.661,-18.968,7.301,-40.737,0.626
50.549,30.13,-13.371,20.147,0.212,-33.989,-39.473,-17.503,-20.484,11.824,-0.9,7.498
52.175,61.044,58.874,-22.323,26.282,12.156,5.072,-7.835,-14.579,20.679,5.348,-20.156
49.946,84.306,-33.161,9.849,38.253,-41.382,-47.29,81.401,-55.774,-1.213,-21.221,-18.317
53.359,51.401,55.991,26.007,34.421,43.788,-25.385,-14.16,-32.444,13.532,-32.605,-4.007
50.456,42.524,24.73,-48.385,36.315,37.12,-17.817,6.937,-27.575,47.623,3.09,-2.615
49.702,2.295,33.036,8.804,45.786,-29.942,-20.916,-23.339,-29.915,-1.923,8.008,5.379
51.378,34.534,81.267,-59.319,30.361,-10.251,-26.119,35.18,-19.954,-12.356,9.772,-6.472
56.067,93.403,44.603,32.407,0.971,-19.339,-32.666,20.41,-23.761,18.199,-1.984,12.219
53.267,85.977,13.834,8.1,-42.525,-21.687,-24.668,-1.667,-19.522,14.638,-5.855,-25.864
52.034,84.53,-31.052,-48.238,-55.085,-26.765,-53.397,-15.032,-12.907,15.338,-0.715,-31.218
53.567,77.237,17.178,-33.079,-14.368,5.408,-6.026,-4.96,3.14,7.883,-38.976,1.492
53.692,77.029,-10.894,-26.963,-40.84,-23.538,-28.317,-6.1,-0.371,13.823,0.385,-15.038
55.225,-2.487,55.299,11.904,-8.492,-40.517,22.626,43.81,0.6,-6.067,-19.704,-2.858
53.151,36.782,-12.405,-19.744,5.132,-33.965,16.122,7.278,-12.76,-21.924,8.742,-16.051
52.889,-4.69,17.559,40.728,-23.74,-10.996,3.02,17.742,-18.992,2.524,-22.946,-12.76
49.12,32.515,-36.539,-94.481,-34.88,-43.618,15.662,41.236,6.458,0.111,9.738,16.883
53.996,34.777,41.039,-10.444,-3.448,-0.071,3.267,-41.638,-19.274,24.784,-37.509,-16.194
53.301,-1.137,24.092,-4.351,-7.55,-17.377,52.073,10.731,4.826,-1.279,-31.019,2.724
49.081,31.333,-39.62,-27.763,41.019,-16.088,34.192,-36.329,-22.869,35.235,-41.494,-0.596
50.066,-16.79,0.08,-45.316,-3.247,8.817,20.824,-9.071,10.111,-0.178,-32.488,14.057
50.6,36.401,14.243,-19.499,-18.746,-6.784,13.61,-5.904,3.075,-36.993,-26.808,-14.86
50.062,-1.997,30.101,-46.971,-15.658,-17.779,4.393,-23.116,-34.214,7.868,-6.987,6.729
54.558,32.7,74.197,39.977,25.644,-6.875,7.291,7.783,-26.619,-8.936,10.223,-6.178
52.525,35.248,41.112,-4.84,-5.453,-51.52,0.807,20.646,-14.168,34.56,1.982,-18.499
53.806,26.049,-47.298,91.294,29.993,-56.4,-21.02,23.889,-27.404,-18.348,-27.463,-3.538
46.457,-7.418,-0.78,-75.799,-38.797,13.413,20.682,0.667,-11.19,-3.342,-22.981,1.71
46.292,-12.337,-35.571,48.14,-29.665,-47.477,-8.85,21.067,-36.372,18.003,-16.654,8.367
49.786,37.9,1.329,-90.682,8.397,45.502,24.605,-0.478,-51.716,47.515,-6.761,-23.19
53.014,40.324,-1.247,-23.1,-27.407,-22.452,-13.84,-39.834,-10.166,7.604,-15.999,-18.09
50.768,53.257,-23.08,4.907,-20.606,-2.201,-9.274,-14.052,-0.17,-22.622,-44.534,-13.486
49.802,72.305,-47.587,-38.713,3.52,-27.084,-23.491,32.295,-25.995,2.418,-14.83,-23.039
51.913,25.747,-54.519,49.879,10.375,-56.221,11.038,8.303,-19.29,-23.79,-39.383,5.512
48.165,11.891,33.494,87.515,65.498,-9.573,-8.193,-27.742,6.176,-7.45,-74.133,19.667
50.073,12.442,1.796,-12.039,-2.888,15.245,3.358,9.139,-47.76,57.891,-6.07,-2.891
50.377,56.416,66.156,16.793,39.615,-16.343,-22.811,-15.726,-24.024,9.403,-8.176,-8.481
51.193,50.387,109.419,-6.192,25.919,6.826,-40.806,-27.667,-57.434,-5.936,20.365,-12.765
55.318,39.817,91.552,47.32,31.55,-35.649,-9.468,6.789,-28.283,10.83,10.126,3.056
53.21,65.712,63.419,9.539,-0.552,-46.764,-22.851,39.876,-6.818,16.671,7.709,-25.131
48.242,-48.579,-76.393,109.303,-35.38,-49.57,-8.139,-2.294,-5.854,-12.661,-57.461,14.32
40.038,-39.769,-127.934,-29.108,8.421,-26.268,-16.388,-44.383,-26.853,24.799,-22.238,-14.644
45.972,-56.699,-33.316,-19.94,-27.243,94.943,21.129,27.812,3.957,-24.73,-3.746,-9.744
43.759,-34.489,-77.894,96.631,-26.454,-41.202,-21.901,2.1,-44.821,21.757,-31.514,20.728
39.67,0.682,-74.098,-45.65,2.019,62.294,33.329,-42.583,-44.496,-41.956,-56.976,-2.262
48.115,19.523,-27.871,-129.74,17.992,37.047,-3.323,-1.378,-42.356,38.543,-38.573,-4.58
53.11,8.765,0.041,-26.62,-24.669,-45.166,-5.181,6.677,10.122,-13.79,7.534,-14.176
52.771,52.968,15.064,-15.473,8.495,-42.382,-1.952,5.618,14.675,0.569,2.515,-11.012
51.961,-8.965,-30.496,31.825,-10.122,-53.166,6.996,22.861,-6.516,-1.793,-13.232,4.61
47.974,73.518,-17.722,-14.375,-55.912,-4.936,-18.631,-65.771,-32.087,-23.125,-27.128,-25.211
50.952,25.21,21.45,-14.513,1.13,-23.453,-16.178,-8.05,32.564,-3.404,-4.078,-50.72
54.307,36.919,41.859,30.778,-2.513,1.441,-1.255,17.855,-27.883,3.037,-14.85,-12.566
47.081,18.098,-75.332,18.643,41.305,-22.011,-1.831,15.184,-24.06,43.187,-18.818,9.279
52.225,53.916,35.721,-3.612,-22.097,-9.195,-14.36,6.993,-30.652,-21.865,3.777,-23.497
53.343,16.987,44.752,-9.751,-21.667,-29.675,11.866,16.966,-44.209,-5.124,-11.722,-6.961
51.972,30.747,-5.867,106.305,1.325,2.108,-20.597,16.451,-30.266,-25.353,-51.814,5.946
51.308,-18.275,-19.367,132.894,5.216,21.851,-1.076,-2.985,-22.116,18.209,1.321,-1.323
45.706,-21.26,-30.424,-23.208,-18.971,-14.7,18.608,-25.984,-61.197,20.248,-10.039,-12.829
48.559,-23.387,-27.592,20.051,-35.673,46.101,7.452,26.786,-0.906,-16.549,-19.365,-6.143
46.842,19.014,-37.292,27.688,-46.333,-61.983,-23.278,35.407,-38.91,-3.376,-8.152,15.299
47.649,44.533,-23.003,-43.503,-42.408,19.966,11.646,-17.782,-78.382,41.087,-17.523,7.532
52.968,40.296,36.721,-27.617,-24.19,2.894,-0.244,19.501,-31.403,-8.03,10.596,-25.676
53.802,44.603,17.377,-5.838,-19.274,-24.205,-17.67,8.727,-28.314,12.604,-16.088,-20.677
52.618,-8.442,-15.991,-14.813,-42.185,-46.816,-4.84,-4.481,-3.861,-13.718,-3.241,-9.336
51.839,43.16,6.997,9.118,3.467,-25.239,-19.603,26.206,7.088,-1.245,-41.493,-23.077
50.11,41.485,2.333,0.82,-4.14,1.987,-29.151,-31.186,-18.791,22.394,-20.432,-25.049
47.903,52.606,-18.469,-37.924,42.231,44.003,-23.402,-12.253,-59.835,32.34,-25.41,-6.719
45.055,-28.226,-43.527,10.113,38.3,-96.005,-25.33,13.878,-5.222,13.959,0.163,36.065
50.784,70.303,48.737,3.771,-3.615,8.908,-16.736,8.512,-27.851,-28.185,8.858,-23.406
49.815,-37.014,29.487,-26.333,-11.091,-68.056,17.847,40.831,-32.341,-15.363,11.131,-27.938
51.002,42.875,30.0,92.931,11.683,6.783,-29.523,10.901,-36.892,-16.119,-22.441,6.828
49.357,-31.964,-46.96,99.212,-43.316,-42.767,4.929,-5.833,-13.137,-10.825,-26.464,2.75
43.624,-33.281,-38.511,-13.29,-4.044,-12.412,36.525,-31.155,-53.616,9.437,-2.132,-15.17
49.42,-19.428,-31.523,39.25,-37.302,19.362,1.331,6.854,2.946,-8.175,6.435,-11.588
49.646,0.402,-8.411,-0.741,-11.864,-36.665,17.466,1.148,-43.292,3.668,-0.057,31.492
46.807,47.158,10.856,40.747,-21.042,-100.066,6.491,40.249,-25.647,4.791,-8.625,11.654
51.975,43.722,4.816,48.221,-15.745,28.045,40.366,-1.464,-30.052,34.021,-2.076,2.731
52.571,35.869,25.184,-28.433,19.417,49.757,39.156,-24.916,-35.063,6.96,-27.158,1.9
51.62,-27.544,-23.139,18.158,-3.026,-18.243,7.943,3.077,2.178,-14.684,-14.97,-25.6
48.319,44.035,-48.778,-29.152,9.771,-40.731,-10.257,29.215,-23.142,2.983,-4.416,9.409
52.091,-20.567,-8.883,28.856,-0.334,-62.128,11.447,0.631,-15.384,-9.025,-13.076,-8.389
48.784,-17.452,62.991,-2.818,48.725,-23.119,22.761,-5.054,1.676,-7.187,-10.75,-6.123
52.558,-36.175,-28.475,8.522,3.54,0.488,20.073,20.611,-12.276,-14.603,-21.043,-9.661
48.875,2.788,52.157,-41.248,38.413,-9.017,27.671,14.94,-18.573,12.681,29.469,3.439
51.626,10.888,27.284,0.539,-11.857,-29.83,-2.801,31.001,-24.914,22.167,-5.882,-12.433
48.556,-17.477,-51.385,-21.05,3.65,-59.362,-39.585,-12.905,-18.151,21.329,3.695,-4.881
51.164,-61.542,51.893,-21.483,7.997,-11.901,29.013,10.805,-9.211,-5.264,4.797,-23.655
53.997,5.7,72.001,6.132,20.972,-8.124,22.164,-0.015,-3.693,-12.384,-22.517,-18.308
52.02,63.13,20.838,-28.066,-27.609,-12.02,-31.932,21.413,7.521,-31.47,-10.548,-34.776
49.906,52.896,-84.749,19.188,15.486,-49.365,6.929,22.097,-58.427,-24.259,-10.076,-17.744
48.567,-30.986,38.106,-90.767,-24.059,15.244,25.295,17.556,1.518,-20.177,-38.296,-13.953
49.365,12.58,-9.571,-8.771,-9.662,-4.748,15.768,23.521,-10.553,-10.994,-6.665,-5.066
53.48,17.166,15.48,-36.835,7.715,19.768,3.694,40.98,-18.697,40.619,13.021,-28.943
54.939,55.845,3.811,14.833,4.321,3.654,-20.722,8.81,-20.614,1.667,-8.675,-4.039
50.231,118.647,-83.764,-4.805,24.771,-76.106,-9.54,59.756,-29.15,-20.357,-0.01,-24.914
48.074,16.628,-30.82,39.104,47.671,-86.779,-29.511,-60.749,-50.477,26.483,-11.554,-5.218
50.726,-8.196,37.406,34.504,62.108,21.862,-5.57,-3.857,-0.607,-12.92,-24.062,16.953
53.055,33.574,72.855,-6.062,49.414,22.308,-21.809,-8.849,-32.444,24.621,-8.733,-3.845
53.18,17.692,58.622,41.807,48.359,-24.094,-13.914,-22.99,-11.503,-10.072,-27.858,3.768
51.183,28.151,107.162,6.207,49.23,-15.824,-5.642,27.074,-14.7,-33.182,-2.136,-4.527
51.311,-0.609,97.34,-53.009,38.469,11.184,-24.444,-11.948,-29.045,-3.96,-10.247,-4.793
50.973,-2.543,-9.204,42.989,6.003,-41.765,-16.906,21.695,-10.684,1.695,-45.815,-7.245
47.824,-35.253,32.909,-75.385,-32.465,22.177,23.308,12.872,-9.526,-2.253,-43.817,-8.134
48.994,-2.07,-21.7,16.683,-18.555,-69.824,-8.049,27.884,-35.776,17.156,2.83,2.631
46.687,-15.126,-46.628,25.85,-18.808,7.878,1.895,-19.661,-47.024,21.644,-25.804,2.336
48.078,-3.263,-29.127,-75.113,5.121,-0.747,10.339,13.242,-59.652,16.457,-26.707,12.059
52.75,-13.568,29.38,-45.357,8.056,-13.02,-7.92,6.034,-0.408,-9.105,-17.852,-22.754
52.732,5.175,19.665,-23.236,12.799,-54.246,2.496,24.358,-1.086,14.561,2.14,-25.775
52.442,24.544,-10.179,13.341,42.63,-56.376,23.629,-16.496,-5.251,16.18,-9.426,-37.397
49.279,-15.666,-34.848,-17.43,41.705,-33.251,0.804,30.462,-21.832,-27.383,-33.021,-21.646
52.786,14.553,13.066,-3.426,5.248,14.022,-14.212,21.285,-7.136,-16.146,-12.38,-24.929
52.769,46.351,49.604,-53.387,15.902,36.738,-11.496,5.857,-32.225,9.311,2.694,-16.274
55.315,0.143,75.448,65.989,25.363,-23.349,17.664,-13.074,-24.735,-8.56,1.635,18.138
52.428,-20.373,78.614,10.301,5.419,-49.885,49.679,9.449,-37.231,16.167,-0.282,4.272
53.941,12.496,49.499,0.929,-14.954,-45.275,37.496,9.12,-21.186,23.283,-1.709,-11.377
54.325,21.806,31.961,-1.92,-2.062,-32.199,-2.843,-7.598,8.242,13.066,-14.635,-44.211
54.213,16.349,-5.964,80.557,-12.998,0.284,-17.84,-12.518,2.456,7.169,-32.344,-4.952
49.704,24.349,-21.081,10.36,-21.352,-3.083,13.57,0.38,-35.9,4.759,-3.555,10.088
48.842,15.771,-16.259,-15.751,-32.173,1.657,13.762,-1.523,-50.403,29.931,8.371,0.422
53.155,25.848,53.287,-62.809,-24.185,4.083,-11.167,45.749,-20.504,-3.508,4.394,-15.606
54.814,48.39,15.467,1.137,-38.548,-11.34,-15.418,-9.088,-39.101,3.61,-23.435,-21.149
55.177,44.59,36.097,-10.962,6.923,14.268,-5.224,-17.583,-15.528,12.184,-34.258,-5.383
53.905,28.001,8.32,25.096,-5.678,-25.362,-19.064,13.163,13.151,-1.84,-46.529,-24.221
51.97,51.25,19.958,-17.768,3.149,18.607,-17.845,-32.0,-5.675,4.904,-8.622,-35.638
51.263,6.887,54.85,40.211,55.242,9.024,3.79,6.185,-16.515,-12.731,-35.262,-23.817
50.211,65.145,21.662,-69.315,64.533,49.26,-22.859,-6.445,-63.663,18.13,-33.106,-12.995
47.674,49.085,-54.417,9.005,40.61,-90.348,-32.032,44.672,-9.454,-16.458,-1.686,20.493
51.556,48.563,59.232,-27.497,35.097,-8.333,-41.649,-30.746,-33.222,-19.287,12.953,-31.341
54.868,30.447,84.393,48.108,22.426,-6.531,-1.378,-3.963,-42.182,-12.978,6.729,12.857
52.444,10.397,69.975,6.544,-3.332,-44.669,30.008,18.037,-40.176,19.615,0.323,-0.754
53.856,36.82,31.955,-5.904,-22.021,-44.283,3.274,29.057,-19.471,32.83,2.533,-34.081
56.877,94.02,24.035,22.875,-10.342,-29.549,-23.168,26.525,2.913,21.24,-1.424,-5.751
55.11,136.886,-14.551,-15.242,-34.736,-38.268,-37.375,30.408,-13.2,-15.151,6.98,0.822
53.8,4.052,46.406,71.289,-2.203,-3.672,33.766,-14.749,-30.476,41.717,-51.89,6.163
44.62,0.944,-38.148,-36.825,-3.743,-11.403,13.505,-11.789,-24.177,-7.963,-24.333,-15.936
52.128,53.846,-7.307,30.556,15.764,60.152,13.607,16.364,-27.378,21.271,2.372,-10.686
47.558,63.917,-87.274,17.674,27.141,-61.324,-2.878,53.07,-39.744,10.213,-4.285,-0.189
50.569,-9.412,78.965,154.67,56.896,-6.894,10.324,-1.83,-27.016,45.949,-50.458,-19.979
51.734,27.288,67.932,7.293,35.799,70.283,76.033,13.808,-32.249,16.479,-23.948,1.397
51.765,-3.654,19.251,112.11,2.902,6.005,4.999,1.5,-34.787,-12.099,-42.477,8.668
42.134,-40.042,-43.768,122.078,-12.301,-64.781,-36.592,24.532,4.51,-12.044,-29.047,28.272
36.177,-134.201,-133.532,107.97,-40.881,-91.162,-40.253,33.162,23.603,-34.935,-7.764,-12.993
34.929,-67.137,-23.215,-11.209,35.496,116.702,-32.141,-2.505,-2.014,10.286,-72.413,5.391
50.128,9.277,37.706,100.336,21.266,43.492,-19.994,-4.394,-42.868,-5.619,-15.966,19.284
34.188,-53.608,-116.712,82.502,14.042,-43.664,-54.803,18.652,3.306,-33.693,-36.021,4.452
48.326,7.937,-9.132,222.91,29.024,-5.837,-38.832,23.849,-17.653,8.412,-47.538,20.863
36.59,-70.354,-128.716,40.667,12.603,-24.453,-46.978,12.974,27.16,-14.581,-13.028,14.53
46.43,-15.302,-12.956,46.769,-17.315,90.081,16.198,14.328,-6.497,17.749,33.296,-12.619
40.367,-63.519,-91.592,156.567,-5.322,-38.66,-43.351,27.631,-25.9,-1.102,-43.397,37.026
29.771,-74.107,-14.085,-31.638,-41.025,57.03,10.258,-14.452,-59.175,-16.701,-119.497,31.012
35.19,-86.337,-53.009,-18.188,8.237,156.59,2.888,5.822,-41.835,-28.092,-107.754,13.226
46.05,-34.768,-35.757,32.465,-10.117,85.091,-1.189,30.266,-9.303,-1.612,50.93,-23.182
47.332,-23.854,40.422,-6.532,50.268,-43.351,37.257,22.118,-4.39,1.313,-10.012,8.495
50.448,-6.784,8.99,61.104,-4.514,-68.056,12.848,26.364,9.877,-4.694,-3.163,-17.874
48.321,-10.293,53.567,26.879,17.203,-35.92,-1.328,17.925,-6.297,32.221,15.127,-9.39
48.084,-19.403,21.309,25.196,2.278,5.832,0.788,21.644,-10.942,30.152,-27.335,-7.932
47.768,-10.521,41.446,27.68,25.004,-31.7,-7.419,21.506,-13.607,-6.107,-10.022,-3.351
43.554,-106.273,-41.587,3.545,1.273,-51.743,8.578,30.583,27.772,-30.509,-10.5,-8.703
46.509,19.635,9.165,-38.756,58.414,46.79,-41.128,49.09,-20.842,-17.275,20.566,-22.653
51.564,32.863,20.288,97.251,34.283,18.79,-21.617,-19.906,-56.52,4.179,-31.174,17.341
43.181,-15.159,-29.083,-28.704,20.302,-32.462,-37.781,-4.487,-20.772,3.948,5.63,-3.135
48.629,-31.932,-58.701,106.711,-22.041,-43.091,-8.336,14.718,-7.375,-10.672,-46.938,13.122
39.243,-60.127,-44.913,-74.507,61.78,-26.372,-17.982,4.811,12.8,1.241,-10.076,12.786
44.386,6.787,24.54,-27.901,22.834,23.99,8.287,-23.404,-5.202,-5.404,-39.987,9.587
41.23,-29.158,-47.37,113.744,-15.155,-70.225,-27.019,47.688,-25.153,-3.23,10.421,28.664
37.726,-75.963,-66.535,157.084,-55.135,-88.11,-51.685,-10.129,-56.833,12.921,-28.344,24.091
33.387,-73.682,-18.195,-97.214,-5.68,89.744,3.405,8.31,-32.629,-13.091,-97.992,18.534
48.8,-15.788,-33.805,71.763,-27.897,-1.467,-25.59,6.321,-2.76,-41.178,-18.421,-12.114
46.92,-30.361,48.006,-3.868,25.785,-39.098,32.052,9.571,-2.228,4.82,-11.942,10.881
50.294,-4.307,0.077,80.329,-3.988,-54.397,15.298,14.033,7.366,-9.025,10.656,-19.066
47.659,-40.183,71.181,20.798,0.813,-79.031,6.053,31.622,-26.976,-3.989,3.782,-14.317
51.502,16.481,96.016,72.218,50.581,29.024,0.779,1.863,-24.728,-7.034,3.188,-5.105
46.984,-63.058,21.644,69.929,2.532,-74.986,-2.247,18.177,-22.895,6.232,-6.494,13.378
45.89,-42.153,19.141,19.499,-0.54,-3.131,14.568,11.316,-11.669,29.17,5.528,-29.087
45.228,-2.983,51.001,18.5,60.748,-3.055,-14.04,-26.057,-20.535,12.411,-45.567,9.604
48.651,52.77,38.654,0.151,41.829,16.113,-28.413,2.947,-30.807,-8.465,-52.826,1.194
44.997,27.357,25.381,-46.673,25.7,51.518,-28.762,4.575,-27.049,6.275,-79.713,14.148
42.252,6.982,-103.449,-38.052,48.277,-49.07,-41.997,10.946,20.365,-20.419,2.79,9.424
45.953,-17.321,-11.027,-52.262,29.314,33.318,3.45,10.802,-24.946,8.711,-24.255,1.555
44.636,-20.264,-56.082,52.59,11.043,-44.869,-39.694,56.417,-19.767,8.775,15.249,25.395
41.812,-13.921,-29.577,-31.387,42.131,-4.52,-16.209,-12.253,-16.608,0.283,-39.955,24.419
42.373,-25.025,-30.503,-77.398,54.39,-17.52,-15.523,-1.445,-17.108,-1.985,-30.79,20.997
49.86,-12.529,-39.485,39.787,-29.872,-20.276,-26.824,12.669,-8.842,-27.652,-13.83,-9.683
46.844,1.88,-14.244,-29.641,53.193,-64.278,-13.795,10.465,-1.378,-2.732,22.514,23.819
48.469,-31.795,-27.416,65.158,4.02,-63.132,-8.319,9.981,3.44,-10.296,-13.556,-2.796
43.836,-45.322,-41.401,41.962,-2.553,-93.316,-52.612,27.004,-20.431,-3.67,-13.512,16.088
43.535,-17.826,34.918,-65.829,33.892,-0.923,2.53,-16.421,-16.562,15.881,-36.184,13.363
43.055,-50.056,-52.919,48.695,18.172,-84.253,-43.1,18.428,18.008,16.402,-8.509,47.317
42.86,-7.844,-8.328,-36.996,6.621,35.447,-38.438,-16.73,-12.586,18.209,-19.261,-39.302
46.544,-65.162,-5.717,-21.76,-19.527,-59.756,-14.605,28.075,12.807,-18.368,29.357,-38.568
49.769,-1.485,45.992,105.664,12.059,1.418,-28.356,-5.837,-39.098,-12.914,-30.84,17.561
41.343,-34.679,16.669,-51.813,16.08,-25.899,-21.845,15.897,-4.126,-8.291,18.935,-27.639
46.195,-27.856,-71.409,163.791,-31.69,-27.991,-8.412,28.88,2.62,-18.348,-46.268,4.192
37.504,-59.388,-68.538,-12.158,10.018,-9.234,-31.538,9.787,14.961,-6.075,19.437,-8.338
46.312,-27.591,-17.357,50.098,-15.55,77.228,10.782,19.626,-2.181,5.427,27.375,-15.52
40.6,-55.56,-71.479,132.481,-16.722,-56.221,-40.002,33.227,-31.169,-8.882,-35.22,32.497
32.859,-45.051,4.208,-41.333,-37.992,70.106,3.534,23.024,-42.767,-15.447,-103.162,21.003
39.0,-12.158,-20.781,-53.781,-0.994,95.063,-10.86,24.976,-32.446,14.885,-56.83,18.487
51.763,-12.5,-8.089,4.434,-26.124,-24.331,-0.967,-8.704,4.695,-21.958,1.003,-9.098
53.202,14.983,84.441,3.746,0.283,11.895,19.126,8.685,-20.13,-6.906,-20.936,-5.007
55.203,48.611,59.04,6.226,-25.664,-52.874,-10.321,-6.471,-42.397,-5.513,-8.227,6.205
53.663,17.107,15.789,51.634,-24.954,-11.212,-14.779,5.358,-21.67,-32.261,-35.323,-12.372
49.584,-4.37,35.627,-43.835,-10.436,8.545,-12.081,-7.606,-22.584,15.151,-45.408,-10.927
47.27,-15.536,-15.128,26.562,15.099,-35.802,-16.135,3.477,15.736,16.045,-45.233,-5.164
42.253,-68.179,-97.826,26.951,-14.229,27.6,-6.791,-21.474,15.991,8.052,-84.836,9.108
51.742,64.327,-18.128,51.836,19.453,11.66,-16.784,69.436,-29.494,-27.838,-21.938,3.138
52.55,11.775,29.293,86.073,49.374,-25.884,-52.435,-9.265,-18.077,13.902,-1.301,-0.869
51.978,14.537,57.12,-18.266,50.551,64.809,-11.018,3.171,3.979,-25.941,-30.918,-6.972
48.669,-47.888,-3.867,44.671,45.247,-24.285,-13.461,15.047,-4.579,17.881,-10.272,8.155
49.001,-36.421,40.32,12.683,22.139,-67.372,-10.889,12.858,4.631,0.315,4.769,1.42
50.059,-12.123,66.766,-5.269,39.814,-23.907,13.85,4.277,3.886,23.551,-12.668,6.404
54.069,37.058,56.134,47.843,27.588,-6.9,-20.099,-12.307,-1.579,0.727,4.614,-0.786
52.974,45.588,52.481,8.989,22.984,-22.015,-6.98,15.76,5.807,-2.943,13.659,-2.145
53.171,16.594,42.589,77.285,33.447,-37.055,-41.501,10.564,-9.349,2.137,-24.545,7.365
55.155,20.971,76.843,20.731,11.245,2.19,3.868,27.9,-23.537,5.098,29.665,-9.864
50.754,31.323,3.047,109.975,22.015,-30.154,-22.347,23.51,2.077,-16.696,-49.887,25.008
49.978,15.751,62.08,-37.941,59.126,102.699,10.655,11.796,-16.13,34.924,57.956,-13.528
53.212,27.657,-2.463,104.626,20.458,-11.942,-12.058,8.856,-18.977,10.26,-36.007,12.816
54.704,14.137,40.53,32.419,15.61,-41.361,-0.675,9.064,-15.271,25.84,19.175,0.775
52.113,37.795,16.498,22.586,-17.923,-11.518,7.936,16.674,-2.509,1.429,-45.918,6.432
50.487,170.935,-1.514,-14.953,-16.833,40.302,-27.118,7.196,-54.655,18.993,41.106,-1.415
52.244,70.028,15.808,-37.379,-15.044,-13.85,-59.295,-18.486,-24.58,14.451,-0.488,-19.344
52.269,39.5,30.055,14.341,7.299,-7.732,-45.607,10.239,-23.116,-0.67,-26.162,-11.051
54.986,62.312,72.571,34.47,24.913,-6.427,-31.919,-12.026,-12.28,13.422,7.18,-5.813
53.537,27.803,42.601,1.02,9.873,-28.884,-27.927,7.324,8.368,-7.144,0.417,-16.339
51.679,83.369,65.195,18.915,29.508,2.612,-45.884,47.637,-1.257,9.675,-37.952,-6.084
51.259,-8.274,45.502,-1.69,25.129,-47.871,-15.34,-2.613,-16.438,18.256,4.122,-1.877
52.828,8.668,38.823,104.227,10.497,5.819,-19.003,6.147,-34.78,-18.749,-37.458,4.531
52.45,-8.994,51.985,2.717,33.382,-45.07,-26.022,14.506,1.444,10.836,7.63,-0.202
48.71,-83.655,-11.303,61.563,23.598,-46.958,16.242,-35.428,1.548,13.374,-52.107,-13.32
23.963,52.828,-128.051,350.752,-4.945,-221.357,-86.463,115.598,20.828,-93.122,42.261,-28.048
50.211,-33.887,-10.736,-46.149,37.963,-28.866,5.193,20.526,48.171,-8.593,2.278,-11.246
54.281,7.992,41.635,42.114,15.011,-4.183,11.465,-4.337,-0.553,-12.419,-11.561,-1.102
49.672,-4.525,56.417,0.831,46.787,-24.501,-14.82,-13.791,15.436,14.448,-5.267,-2.298
47.818,-29.542,42.394,29.562,59.982,15.732,-16.04,3.841,6.019,-16.162,-52.642,2.568
49.735,3.824,19.185,48.671,6.631,95.535,17.257,0.072,-1.494,11.496,4.838,1.672
42.05,-101.609,-117.668,102.86,-30.982,-36.236,-2.364,5.537,-16.842,-11.275,-34.327,21.931
43.709,-42.748,42.172,-199.893,-1.647,74.191,21.54,54.787,-13.545,1.584,-36.296,-16.619
50.858,46.842,-34.249,-6.106,-4.001,24.279,-10.287,-40.808,-29.391,-22.178,-51.026,-22.597
52.237,7.439,-10.769,-29.116,13.486,52.261,14.422,22.588,14.265,-9.092,-17.742,-9.666
51.899,49.384,2.414,-40.035,3.012,47.096,16.477,64.805,-5.792,-23.983,9.45,-26.92
52.748,18.471,37.982,111.784,45.943,-29.718,-27.814,4.908,-7.992,11.119,-23.012,18.311
49.696,133.722,-20.146,-24.308,38.496,-13.437,-38.816,-40.652,-28.157,-10.934,-2.296,-2.043
51.787,52.597,-2.446,19.966,27.404,-6.079,-47.462,20.835,-10.026,-34.044,-39.419,5.842
54.845,96.856,42.154,43.98,64.382,36.41,-25.363,30.686,-43.906,-6.946,14.855,-9.38
53.193,58.644,-10.121,29.374,92.491,-32.412,-20.895,-0.377,5.178,9.855,-43.267,3.916
49.911,14.929,62.776,-112.949,65.091,48.049,-9.972,45.233,27.498,-35.4,9.404,-30.582
54.568,74.946,55.964,43.548,3.964,-13.238,-47.83,34.639,-20.241,0.036,1.141,1.295
53.566,73.751,45.697,50.012,28.651,-0.028,-69.367,35.266,-2.342,29.447,8.497,-10.333
50.104,109.039,-43.489,-39.578,-14.661,-34.404,-96.405,-16.631,33.567,10.298,-0.246,-22.832
54.964,83.918,25.785,28.066,-0.077,23.308,-28.089,9.378,0.691,35.785,-3.536,-4.519
52.308,57.079,-16.19,-25.254,-62.973,-34.248,-37.553,29.862,-4.864,0.944,4.327,-13.897
51.733,55.888,-9.028,-2.587,-26.582,-19.91,-35.157,-20.042,18.981,15.594,-36.592,-36.825
53.396,18.363,-7.13,60.858,-19.547,9.717,-8.37,-20.58,-10.181,11.023,-11.035,-8.017
48.305,-16.458,-25.808,-9.906,-9.259,-22.146,-25.837,10.082,23.677,11.087,-2.613,-9.129
49.42,-12.168,-26.678,134.975,30.296,34.946,-51.49,11.654,1.086,10.438,-28.317,7.839
42.875,-44.649,-42.687,96.216,-21.186,-85.315,-51.075,34.444,-26.478,-14.73,-19.014,12.563
52.362,2.244,41.427,37.992,17.764,75.541,21.984,6.804,-28.059,27.122,17.11,0.465
46.485,-5.332,-62.958,11.128,-16.127,-2.883,8.387,56.568,20.677,3.172,14.294,10.12
50.993,38.203,-12.302,-92.211,4.083,-12.067,3.132,2.392,-6.744,55.027,17.836,-6.581
52.059,25.236,-0.63,68.489,23.107,6.5,-26.548,0.425,-26.668,-4.12,-50.262,35.254
48.13,40.735,-50.917,-27.333,25.594,33.478,41.35,-5.015,-57.981,16.418,-40.741,-16.733
49.129,7.696,-47.443,-50.728,1.768,-40.54,-21.373,65.119,9.606,9.674,-17.32,-8.2
50.115,36.839,-17.675,2.971,-23.875,48.53,6.277,-25.64,-13.34,26.462,-75.485,12.895
49.454,17.13,-14.232,15.038,11.341,9.422,1.275,-5.627,-45.873,10.333,-0.386,37.456
51.671,61.616,16.196,-71.934,8.614,14.041,-51.792,31.681,12.712,-40.707,2.573,-3.879
53.678,115.451,-7.756,-47.189,-7.146,-12.446,-65.964,-3.014,-2.019,13.388,-12.539,-0.651
53.75,67.571,12.286,22.837,3.908,29.486,-34.849,-24.912,-16.552,13.276,-41.136,10.868
47.219,8.131,-46.985,16.626,29.022,-12.202,-14.542,-1.461,-28.901,-3.863,0.682,11.045
44.918,20.825,-11.098,-62.868,11.294,-11.444,-17.525,15.703,-1.238,-30.012,-8.149,-8.1
49.257,15.158,6.786,-15.175,11.105,7.689,-30.517,9.079,-41.763,52.77,-2.355,-8.884
55.293,35.988,77.833,45.483,36.083,-8.659,-6.245,29.552,-33.279,1.485,-17.211,-3.308
51.922,27.223,44.785,-21.488,24.38,-40.089,-24.542,19.904,7.585,-10.328,-14.461,11.069
51.438,47.696,13.088,-22.585,22.349,-42.448,-53.829,-1.869,-7.012,9.189,12.914,5.207
52.094,26.026,-24.824,87.538,12.905,29.047,-4.938,-1.106,-30.321,-4.035,-58.313,29.398
47.935,14.356,-25.288,-12.001,30.072,33.933,27.297,2.443,-26.402,50.413,-6.413,-21.342
46.058,64.034,-129.871,-65.123,30.404,-53.913,-5.266,2.72,-20.982,-14.604,1.599,-14.634
49.338,59.98,-23.616,-87.151,18.851,16.559,19.341,-2.201,-10.483,-0.881,-48.291,-2.462
48.718,50.01,-72.969,75.423,42.666,-43.329,-1.615,-28.873,-47.371,-0.438,-28.624,27.792
45.153,9.857,31.525,-97.447,27.313,36.625,38.245,1.901,-21.104,-37.847,-13.98,-4.068
48.382,-24.237,16.229,8.003,24.582,-19.268,17.92,18.376,-41.0,-3.962,-40.499,5.201
53.319,32.81,44.826,57.483,35.73,9.793,-21.72,-30.999,-16.988,8.571,-12.035,2.234
51.961,9.647,29.172,-7.69,34.371,-34.634,-21.699,-11.625,-5.711,14.898,-5.675,-4.614
49.623,-1.095,73.695,-13.78,56.16,-27.192,-11.487,17.107,22.653,2.074,-0.653,-18.821
48.924,-0.469,-27.717,37.975,37.154,-45.974,-46.104,45.646,-37.86,29.974,-13.015,-7.468
52.055,58.795,50.895,-28.034,60.316,61.155,12.779,-11.611,-57.039,9.42,-39.052,2.091
50.605,29.65,11.728,-21.482,29.016,-23.568,-42.428,9.477,19.615,-1.21,-17.716,-10.048
47.57,70.294,-56.031,-16.587,78.238,-75.556,-21.587,12.497,-24.302,1.802,-0.393,0.191
52.275,40.277,38.274,-53.23,50.11,-6.712,-16.198,3.64,-6.157,1.535,6.574,-11.224
55.764,67.477,69.757,28.133,29.035,-15.47,-23.673,17.293,-33.882,-2.354,2.198,14.631
52.948,86.703,-1.294,-21.758,-2.772,-34.79,-28.985,1.993,-18.78,8.575,-9.183,-0.72
51.451,88.21,11.906,55.212,6.333,-14.882,-34.361,3.003,-24.697,-2.077,-22.754,-3.443
48.944,81.045,-38.199,-93.911,48.636,-11.62,-12.064,-58.294,-14.108,19.335,10.149,-2.937
53.573,11.603,28.903,69.508,7.805,3.16,-18.225,-21.183,-2.155,0.033,-9.88,-3.638
49.19,83.846,-28.835,-69.668,34.104,-1.087,-1.861,-13.121,-24.576,-12.76,-12.037,16.54
52.423,111.678,-19.324,-35.407,-30.414,0.131,-58.114,3.512,-10.649,12.767,-10.94,4.623
51.801,127.817,-16.898,-32.665,-21.781,-1.407,-59.32,20.992,-5.193,15.991,-13.727,24.425
54.657,104.572,35.572,14.949,8.983,33.815,-41.324,18.475,-10.762,22.699,-6.267,8.821
51.712,132.383,-8.459,5.894,-19.165,-23.953,-45.292,7.116,6.553,14.004,5.358,23.372
49.553,68.54,-33.875,62.261,-11.072,7.793,-41.481,-20.824,2.103,10.312,-30.005,5.838
48.111,-10.064,-12.551,-8.243,14.316,18.209,-9.519,-16.438,-64.631,54.575,-4.908,4.817
50.619,86.223,-32.86,-63.741,-17.115,4.799,-59.857,-1.284,-17.292,-25.088,8.68,-19.958
55.266,36.274,50.815,26.838,32.399,0.03,-24.535,9.801,-45.898,15.572,1.274,-0.367
52.2,17.39,3.416,-6.197,99.04,-34.694,-42.748,1.227,3.584,25.283,-13.676,-14.95
51.345,50.533,70.366,-15.011,62.336,-7.524,-25.139,-9.405,-40.88,13.093,18.889,-13.17
50.339,26.26,-8.745,65.912,67.078,-10.972,-49.955,-1.389,-31.816,-6.089,-44.755,-20.989
52.905,38.839,25.009,-8.133,58.494,49.223,6.743,-1.905,-34.184,0.383,-17.303,2.899
51.193,75.433,-12.904,-35.0,-22.373,-8.309,-17.506,-20.999,-28.93,5.094,-28.852,-10.482
53.349,14.499,6.841,59.683,-7.775,-24.937,-15.676,-7.98,-2.762,13.499,-30.153,-0.747
48.32,-5.963,-85.532,9.676,14.27,-46.991,14.488,7.208,-64.749,11.284,-10.872,13.457
48.636,7.232,-41.579,-31.143,-10.478,-17.553,10.16,-55.098,-41.479,20.704,0.349,-16.314
52.999,5.909,14.759,42.953,-28.318,-30.366,7.233,56.048,-4.294,4.438,-2.791,10.316
47.289,11.659,-28.477,-45.874,-40.376,-19.932,14.768,-13.977,-7.663,13.399,-18.183,1.091
49.83,18.077,-1.227,-6.908,-7.914,1.95,-29.92,30.091,-29.969,-21.743,-19.145,-27.481
48.869,7.368,-5.637,-113.236,-29.722,-36.355,17.288,26.053,-13.225,-5.021,27.118,-9.478
55.4,-4.032,66.24,33.123,6.68,-80.805,22.385,26.705,-3.61,34.954,-9.525,-18.147
55.077,-5.763,51.002,59.631,-19.621,-60.25,50.553,11.339,-16.936,20.394,-26.84,6.689
48.902,53.6,-46.309,-43.771,32.559,-14.631,45.423,-32.021,-5.133,-10.541,-33.071,1.778
52.891,-4.589,-2.5,3.025,1.935,-24.351,38.128,-18.136,13.314,8.884,-27.196,15.697
51.677,63.636,-6.106,-10.571,-28.552,-5.696,7.516,1.894,6.658,-52.103,-32.0,-11.486
52.431,18.089,65.179,-81.69,22.696,-16.004,10.122,20.21,-24.464,18.569,8.368,17.47
54.793,65.297,28.827,10.995,22.573,-30.157,20.358,8.867,10.458,12.581,-25.485,6.161
51.795,40.814,-18.276,40.95,29.556,25.086,-17.005,27.023,-23.373,16.222,-32.073,2.657
46.645,-11.3,-6.359,-56.283,-37.046,14.389,12.531,11.057,-9.904,1.451,-43.615,9.36
46.092,-0.186,-47.408,48.637,-33.497,-59.23,-19.348,21.47,-39.89,5.395,-23.701,20.813
49.856,18.613,-2.142,-101.455,12.769,40.626,17.774,15.16,-26.059,22.449,4.488,-29.851
48.405,-6.167,-54.707,64.326,-54.861,-94.409,-40.954,-20.157,-42.413,15.553,-10.735,12.328
53.046,72.845,-6.948,-22.588,-27.939,-14.696,-13.647,-4.708,-28.507,6.789,-2.794,-21.311
50.198,96.086,-82.871,37.603,-18.224,-17.641,-41.187,0.31,-12.097,21.135,-49.27,-2.977
50.942,60.971,-29.258,-32.899,3.277,-15.349,-2.739,16.234,-32.282,29.399,-44.436,2.543
48.861,27.79,30.332,30.049,70.978,41.075,-24.553,22.3,17.378,-19.882,-44.148,13.993
49.724,12.948,-17.279,7.545,-4.574,24.542,-0.654,10.659,-34.925,55.282,23.31,1.252
47.635,3.221,-0.424,6.276,70.299,-27.402,-23.882,8.769,-30.672,9.821,-38.652,5.083
49.379,-6.89,11.992,-56.385,19.362,-36.894,25.365,55.736,1.163,17.467,27.335,-16.283
50.924,171.594,-7.666,39.729,42.915,25.641,-75.097,-47.179,-1.265,15.665,-55.735,15.431
51.722,74.378,87.841,-54.151,58.412,56.822,-14.594,-3.489,-38.081,42.215,6.331,18.333
53.65,156.777,34.126,-13.93,27.859,-43.13,-26.313,40.742,16.172,20.275,10.699,-1.765
52.403,-3.723,-42.24,137.673,14.625,-33.873,-38.409,14.311,-15.751,33.355,-51.526,16.822
41.066,-14.773,-134.048,-46.681,7.541,-12.691,-21.015,-37.331,6.069,1.754,-2.307,-14.371
47.56,-40.377,-39.541,7.206,-29.395,73.295,13.208,18.623,0.206,-16.188,-4.685,-5.949
44.069,-26.354,-83.541,89.03,-19.939,-26.849,-20.407,11.164,-41.327,18.783,-36.819,25.014
38.619,-8.584,-73.716,-52.989,-13.122,50.05,22.46,-50.991,-37.373,-40.738,-65.891,-4.934
47.241,5.424,-36.992,-119.095,21.659,23.542,5.519,-10.935,-48.397,32.442,-19.794,-15.254
52.818,17.855,-20.791,-3.604,-31.548,-37.386,-13.026,14.343,0.442,-20.968,0.313,-15.569
51.495,52.445,2.055,-6.549,-6.435,-6.741,-6.071,18.921,-3.851,-12.713,-20.13,-17.18
51.932,30.416,-29.185,15.586,5.542,4.474,9.71,12.721,-11.303,25.646,-0.046,-4.416
48.408,-7.683,-14.836,7.332,15.572,-9.006,-9.598,-8.071,-27.513,-1.299,-58.37,-13.558
51.403,29.112,33.348,-45.525,15.693,97.759,29.286,15.911,-13.155,-0.012,-1.484,-15.462
48.326,95.047,-61.477,60.979,-13.1,42.295,-22.655,-16.846,-16.564,-21.746,-67.911,-8.529
48.979,-6.128,-26.588,-78.786,-30.482,-23.49,3.421,39.371,-31.074,11.749,28.143,-25.47
52.942,102.836,14.376,-30.949,-39.474,-7.391,5.866,-30.824,-31.687,-10.683,-16.242,-2.913
54.658,58.254,62.906,-14.762,33.512,-2.043,25.093,16.806,-9.325,11.519,-15.277,0.696
52.845,73.594,11.44,13.636,3.164,-42.507,-19.783,42.222,14.888,20.204,-4.609,-4.706
52.207,8.023,-32.095,126.251,-3.802,-52.901,-38.064,36.434,-5.796,9.872,-32.75,10.344
40.736,-44.294,-118.373,-16.113,20.798,-37.673,-17.597,-28.652,-12.244,41.286,-23.418,5.449
49.136,-18.77,-40.178,36.215,-38.866,26.982,0.341,10.275,7.238,-9.819,14.716,-8.382
46.342,25.055,-49.395,26.609,-30.399,-12.21,-8.396,32.516,-39.914,16.078,18.805,9.771
48.238,23.857,-30.388,-41.597,-26.61,29.773,-1.0,-8.901,-71.073,41.914,-4.883,-3.398
51.577,31.256,4.664,-62.954,-7.924,-22.242,-21.808,20.183,-25.34,-21.527,-8.817,-28.593
52.055,9.3,-20.838,-20.962,-29.053,-10.21,-15.708,17.468,-3.244,10.33,0.884,-7.89
51.449,48.907,7.198,-6.472,-3.914,-21.119,-20.182,38.022,11.133,-7.059,-34.288,-13.0
50.279,32.169,-16.58,-34.566,-9.045,49.422,14.721,8.006,-6.199,54.811,-18.791,1.223
49.602,61.547,80.785,-27.945,67.447,-14.084,-14.564,5.772,22.002,4.84,0.148,-0.889
48.702,53.83,18.322,91.731,49.098,10.455,-32.727,2.534,-8.198,17.137,-84.996,17.619
50.755,24.006,-21.126,-17.915,5.739,16.238,-9.884,65.847,-23.314,-22.678,18.825,-6.896
44.777,58.027,-89.607,30.361,50.098,-100.466,-38.147,59.188,-13.749,-19.823,-5.987,21.489
46.474,92.411,12.477,-117.916,31.922,27.787,-0.198,20.144,-36.022,61.596,9.217,-11.197
50.383,17.273,76.031,-1.285,-3.391,-42.883,-31.431,23.469,-71.431,-6.183,7.892,1.108
53.32,47.641,111.92,18.318,54.402,8.155,3.812,7.418,-28.129,23.887,-19.646,8.014
52.137,37.306,31.386,-3.076,58.246,-48.983,30.709,23.123,12.198,25.326,-11.391,1.14
52.468,-23.325,-27.201,135.825,16.35,-42.464,-29.092,6.849,-3.375,11.942,-60.176,-1.378
40.801,-34.363,-127.7,-17.679,24.806,-31.128,-12.932,-39.987,-18.864,27.509,-34.87,4.091
45.028,-26.827,-8.594,-96.388,-13.866,76.588,27.131,17.749,-9.974,2.331,-37.224,1.518
49.724,-9.505,-12.026,3.178,-11.388,-44.74,16.499,-9.57,-47.293,3.805,11.906,31.836
52.05,3.764,33.701,-9.954,39.49,-27.095,22.702,14.487,-5.921,-0.13,-21.234,-22.253
54.704,24.729,28.318,33.003,26.922,-27.526,36.009,-0.991,5.261,34.889,-4.519,-24.95
54.424,62.082,30.885,27.954,-6.302,-38.573,9.789,14.112,-38.704,-20.664,-19.582,13.642
53.135,41.863,3.063,-34.737,-10.365,-19.106,11.551,39.155,-36.249,10.983,10.127,2.246
53.69,118.409,-4.189,-18.237,5.135,-47.131,5.573,30.026,-19.69,6.425,1.27,33.782
49.937,9.827,-50.742,96.866,0.38,-42.988,-8.75,36.14,-6.036,-5.803,-47.566,4.265
43.575,-45.944,-104.381,76.78,-17.307,-39.864,-23.956,31.911,-4.488,-31.551,-2.131,-2.69
50.184,11.343,21.883,37.822,35.87,91.619,26.217,11.916,-31.973,18.589,13.248,-9.219
47.251,-10.059,-32.42,8.944,22.852,-69.909,-36.085,27.931,21.916,-16.32,-4.093,29.117
49.992,9.699,32.267,-34.058,22.497,20.721,15.547,10.739,-1.057,28.732,12.968,9.194
49.342,27.222,-56.379,43.68,-7.135,-3.21,-20.629,-62.139,-14.869,-18.114,-63.791,-6.216
49.064,3.764,60.095,-137.883,27.678,33.667,10.625,34.197,-16.849,1.804,16.5,-2.882
53.861,87.252,12.068,2.846,29.954,-39.392,4.977,22.006,17.593,23.387,-23.601,4.67
55.023,44.659,-36.931,74.19,46.165,-42.839,-16.316,65.56,-28.563,11.525,-27.256,10.942
45.868,58.444,-123.205,-38.695,22.885,-24.654,5.637,-72.613,-29.707,-6.16,-44.96,6.097
46.208,-40.622,-21.087,-62.497,-21.369,55.926,17.283,30.125,-7.626,-9.615,-34.845,3.18
47.786,12.114,-18.257,2.5,-21.31,-49.534,-3.264,21.878,-35.838,25.605,13.717,12.106
49.839,15.761,-8.542,-32.753,-15.991,-2.714,20.421,-25.791,-56.236,34.832,12.39,-6.464
53.873,16.304,17.662,-22.612,16.119,-18.372,8.209,33.373,18.952,-18.498,-6.264,-27.607
52.439,28.926,-12.186,-35.625,-19.886,-8.143,-13.327,-22.967,-14.713,13.091,-17.622,-18.029
51.253,39.289,-16.46,-47.848,19.275,-24.171,4.483,32.4,-12.351,-27.549,-27.411,-8.248
51.31,68.367,-35.704,4.298,12.924,-20.933,-7.927,5.623,-27.836,0.981,-39.274,-9.469
49.989,20.272,41.86,60.315,61.442,4.053,-4.129,-3.918,0.521,-24.188,-60.611,17.808
50.422,-24.792,-18.314,3.887,-10.871,11.74,-0.178,26.159,-23.6,-16.574,-0.834,-3.936
49.908,2.943,6.697,13.801,38.298,-46.764,-10.634,4.591,-20.202,21.707,-7.828,9.192
47.698,14.859,-23.272,28.413,27.343,-16.228,-64.048,-12.581,-10.131,9.4,-13.891,0.081
51.309,-8.915,50.832,-34.169,53.061,68.191,-13.812,4.389,-13.932,-22.878,-23.025,-10.004
50.331,-24.368,59.614,-4.667,72.789,-15.816,11.014,0.166,18.256,-6.028,11.84,-45.624
52.676,-26.37,-18.721,24.402,-3.7,-53.12,8.54,-1.193,11.86,8.61,-4.324,-16.263
51.161,-2.81,-2.014,-38.606,37.608,-44.834,9.362,-0.881,33.287,26.426,-1.607,-26.811
51.568,5.458,-31.261,9.266,-28.251,-39.776,-23.49,28.227,15.852,-10.38,-19.828,-6.852
47.648,20.147,-30.566,38.532,-11.378,-41.505,-5.766,18.834,-32.259,20.556,14.443,2.559
47.753,-4.123,-40.934,4.278,-51.21,-66.197,-24.572,7.471,-35.342,-6.308,1.876,4.694
47.092,35.288,-51.721,-61.27,-9.609,-21.389,-6.743,12.497,-29.721,-6.302,-23.41,6.561
52.05,17.054,27.386,-37.653,-31.004,-37.07,-8.506,12.873,-30.05,-34.415,-11.455,-5.433
51.916,14.127,-15.717,-0.131,-41.651,-35.073,-6.468,17.025,-1.412,-23.581,-6.773,-13.355
52.543,94.311,25.302,-26.977,-17.995,-5.053,11.532,39.627,9.798,-12.987,-2.931,-0.17
52.128,41.24,-0.507,39.121,-24.071,-5.845,9.399,-13.38,-26.659,38.485,-29.103,-1.874
46.802,2.373,-36.03,13.314,15.76,-4.306,-8.125,-24.784,-13.829,-3.102,-60.843,5.054
52.777,61.681,21.092,9.398,1.483,-10.443,-13.091,-4.755,-6.625,8.441,-47.336,-27.541
52.209,97.412,-11.586,-53.633,6.122,55.983,-35.918,15.817,-10.015,26.901,1.21,-8.856
53.591,119.857,4.378,-10.017,-34.525,-19.271,10.245,-51.452,-38.422,2.687,-19.54,1.613
55.15,54.23,29.849,-15.047,26.762,-48.992,22.046,18.617,7.037,6.931,5.374,7.939
55.994,74.417,29.639,36.042,30.302,-28.572,-8.052,35.91,1.703,12.114,-18.189,10.273
53.255,12.544,-23.683,112.264,8.638,-45.198,-21.348,33.108,-9.288,-8.809,-46.813,17.922
41.769,-28.568,-97.454,-25.321,16.21,-37.678,9.718,-30.856,-32.097,7.236,-9.254,10.284
48.528,-33.013,-42.541,34.695,-33.053,44.206,5.496,0.675,4.834,-13.915,18.618,-11.272
47.416,17.466,-37.027,28.996,-21.737,-0.861,3.306,10.139,-26.385,4.935,6.351,12.569
48.902,4.693,-7.999,-25.426,-14.401,-4.187,25.764,-22.407,-59.564,55.888,5.679,-8.082
51.436,21.323,4.164,-52.28,11.943,-33.336,-13.558,14.381,-13.403,-15.202,6.155,-21.95
53.406,40.576,0.308,-8.77,-12.9,-7.335,-15.72,-8.324,-12.423,18.302,-30.943,-16.566
51.775,-7.787,8.013,-42.99,-23.772,-12.67,-7.967,11.837,-9.265,8.97,-11.574,-16.847
52.181,54.944,-3.479,40.17,-1.024,-30.683,-15.043,7.269,15.121,-2.689,-52.877,-10.646
50.388,43.095,12.956,-20.449,5.16,14.761,-17.023,-5.717,-1.196,6.275,-14.726,-18.848
46.316,68.56,2.89,-91.899,36.406,69.546,-3.076,-1.969,-24.86,-16.583,-34.989,-0.911
45.182,31.395,-50.729,23.215,35.007,-114.109,-38.308,39.291,-15.951,0.829,13.512,13.817
50.832,55.258,1.552,-38.769,0.64,5.248,-26.51,-10.639,-4.054,1.143,22.504,-16.251
53.132,41.608,77.448,48.709,38.893,-7.389,0.792,1.292,-37.373,-2.651,12.163,15.142
52.005,-6.579,56.436,13.825,38.157,-51.8,20.393,1.071,-26.16,11.007,9.514,28.581
51.917,9.64,63.009,18.9,29.172,-61.972,37.952,26.324,-0.98,-12.141,2.589,5.583
52.472,-5.752,-5.476,31.673,-18.648,-68.561,32.422,15.271,-7.14,-8.21,-1.395,4.321
49.956,24.287,37.034,-12.621,-1.423,-36.646,69.905,12.722,-21.019,-1.081,-5.266,16.911
52.745,29.112,-6.46,-10.013,-33.675,-58.498,-8.142,29.148,8.556,-7.356,7.222,-5.082
51.841,57.323,10.774,1.889,-14.315,-42.734,-2.028,-0.906,-5.577,3.691,-3.198,-1.391
54.887,62.758,45.809,22.256,-7.131,-30.801,15.081,73.925,-12.164,14.156,-12.197,1.761
53.299,103.361,6.325,29.988,-26.46,-22.404,-36.89,43.932,-11.076,15.533,3.519,-15.899
52.786,57.907,-32.602,-16.548,-46.264,-47.184,-31.759,45.829,4.399,-12.761,-19.408,-10.389
49.429,118.558,-53.954,11.859,-32.636,-24.589,-44.579,43.931,2.725,19.723,-4.04,3.862
53.269,31.93,12.155,61.814,3.024,-14.876,-8.11,41.289,12.211,26.416,-27.803,-11.991
51.632,39.654,75.893,8.651,28.584,64.646,67.87,8.518,-33.867,22.845,-32.456,3.869
50.454,-23.081,-34.834,64.387,-8.268,-14.042,13.432,37.949,-29.62,-20.021,-37.598,4.039
44.098,-131.662,-72.295,-11.879,23.006,-70.593,14.578,-40.713,17.368,-2.556,-12.078,-12.54
41.626,-82.709,-119.843,81.487,18.644,-50.153,-31.789,-36.121,-18.689,23.029,-29.359,0.386
50.851,11.008,29.285,84.598,5.43,29.793,-13.615,-9.772,-35.362,-6.481,-18.39,15.892
38.363,-45.892,-143.767,40.423,19.598,-47.851,-33.501,-48.265,-24.893,22.775,-48.795,4.332
50.889,-41.049,-43.942,162.326,12.101,4.817,-13.413,-9.859,-17.003,22.476,-45.77,17.673
39.935,-53.456,-157.373,-53.096,38.999,3.887,-7.924,-55.745,15.558,-10.828,-19.292,-2.034
41.633,-84.866,-10.22,-137.293,-22.876,84.568,24.353,42.924,6.779,-21.196,-42.907,-2.286
41.817,-65.099,-120.568,126.07,-2.219,-59.952,-23.986,5.961,-42.42,18.612,-54.626,29.981
36.066,-70.651,-75.636,-68.539,15.045,100.331,40.167,-35.089,-11.06,-57.819,-88.387,8.527
39.356,-64.852,-135.34,-6.575,34.021,64.25,13.569,-63.09,-36.562,2.384,-82.155,-1.979
50.214,-1.151,-58.889,13.828,-20.341,-17.833,-8.291,34.246,-16.038,-21.081,-9.794,-17.627
48.83,2.305,-40.492,-49.305,60.348,-28.781,65.761,-2.106,-45.411,40.532,-5.081,7.364
49.737,-3.412,9.696,8.649,22.29,-17.358,32.44,21.212,4.326,13.812,-43.646,-14.593
47.087,31.107,72.779,15.063,50.602,-1.908,27.815,-13.559,-12.147,35.691,-16.323,-23.766
49.858,-40.049,0.533,30.031,-9.665,-13.111,0.402,22.631,-11.821,-25.043,-15.21,-11.562
47.472,1.621,44.064,8.369,68.751,21.313,7.952,-1.14,-24.084,44.676,-15.678,-7.869
45.132,-76.096,-50.782,-4.223,6.331,-65.942,22.386,4.682,9.479,-13.551,-1.967,-19.469
44.756,-45.179,53.731,-66.009,87.706,-31.3,-32.996,82.116,0.785,-2.198,-2.438,-13.132
51.562,34.144,24.427,91.443,37.462,24.984,-17.368,-18.566,-55.473,9.825,-25.924,11.107
44.319,2.761,-53.034,-24.24,32.035,-41.514,-28.371,-21.523,-27.893,18.497,1.407,-7.852
52.232,-32.699,-31.414,127.744,17.603,-34.811,-10.892,0.489,-15.044,10.761,-56.518,17.78
42.287,-45.997,-113.712,-60.836,47.776,-19.934,13.593,-3.801,19.494,-26.367,-11.446,-1.064
46.457,-15.432,-26.967,-27.556,-12.513,13.661,21.096,-18.12,-6.141,1.505,-38.642,3.803
42.911,-41.335,-91.321,96.038,-13.43,-85.734,-18.949,12.841,-42.061,21.579,-5.71,25.241
43.223,-21.803,-44.908,3.297,-8.681,57.276,40.94,-54.953,-64.24,53.094,-34.739,9.973
44.691,-21.451,-78.517,-0.352,21.274,26.956,20.114,17.437,-45.701,49.089,-36.028,25.615
49.773,-23.134,-39.753,51.738,-41.679,-7.284,-11.565,4.143,-2.36,-26.273,-26.947,-11.303
47.185,-21.46,-5.585,-29.529,24.938,-15.511,55.14,-21.525,-29.519,46.589,2.344,8.821
50.64,-9.661,-19.723,24.836,9.702,5.765,39.062,38.188,6.725,-20.669,8.989,-20.74
47.576,-24.409,20.757,-5.309,5.904,-16.101,56.485,-12.779,-23.753,-10.267,-18.207,-26.567
50.982,1.388,59.782,-31.205,13.06,18.596,44.02,22.935,-8.999,-16.165,-44.82,-15.215
47.691,-42.1,3.752,72.652,10.379,-33.628,29.239,3.045,-28.618,30.546,-25.198,-2.686
47.944,-66.389,-0.514,-6.958,4.134,-17.606,20.418,-31.054,-13.605,33.455,23.42,-34.522
47.504,-39.993,-24.229,-6.684,20.409,-10.893,9.315,-6.421,0.519,-10.557,-39.705,0.013
50.104,35.215,-4.174,-10.502,16.282,11.858,-11.996,22.324,-26.871,-6.903,-52.473,-5.867
46.937,7.046,-5.464,-42.847,11.688,53.605,-0.463,13.4,-12.022,4.382,-100.52,6.11
43.308,5.759,-121.659,-58.338,37.873,-42.254,-31.104,14.397,-2.171,27.664,-22.566,10.86
45.462,-12.16,-26.375,-94.531,7.448,19.162,19.137,7.077,-8.156,5.316,-40.359,0.286
48.181,-26.083,-4.057,21.515,8.03,-61.651,51.539,5.417,-46.691,24.393,-6.632,33.076
46.755,-47.009,-40.942,38.851,24.047,-19.362,33.485,0.069,-39.851,28.839,-19.494,17.42
47.476,-51.853,-39.461,-20.181,38.969,-6.411,37.282,10.03,-33.803,41.68,-15.961,19.18
50.751,-25.598,-33.117,37.207,-24.408,-24.32,2.116,5.384,3.401,-23.725,-10.599,-5.349
47.177,-0.163,-40.89,-35.913,39.127,-60.31,11.543,4.446,-9.693,22.209,9.376,17.517
50.034,-17.01,-24.846,75.281,1.933,-63.033,-4.158,5.525,2.039,-4.339,-15.74,-2.031
44.468,-13.73,-14.224,29.886,38.54,18.444,-18.495,-5.019,-41.754,34.968,-35.072,3.708
44.521,-1.32,35.246,-96.243,48.326,-10.281,4.206,12.919,-21.58,18.221,-21.078,10.621
47.955,15.209,5.0,-8.783,88.774,7.711,27.571,-9.197,-44.002,47.703,-5.253,12.24
48.342,-33.053,27.78,42.836,50.073,-39.052,4.492,-18.209,-25.598,28.906,-18.508,-8.756
48.51,-25.522,60.548,21.803,53.788,-50.078,-7.142,6.339,-31.977,33.644,25.839,-0.823
51.521,3.358,59.011,90.726,26.527,17.04,-12.887,-17.417,-30.058,-15.542,-24.027,19.866
44.249,-13.145,-20.291,-39.266,24.803,-49.607,7.27,-13.444,-24.29,33.901,3.106,-2.569
54.87,-19.751,7.748,84.628,16.745,-35.574,-19.749,-20.544,-13.558,8.639,-32.502,8.185
47.052,-105.16,-4.645,-43.873,40.356,-33.787,10.04,13.654,8.358,0.484,-27.778,-29.902
50.703,-47.894,-10.073,11.282,-12.211,2.868,1.698,-22.603,8.915,-6.294,14.338,-24.345
48.515,-80.235,-26.114,57.019,37.635,-58.196,-10.795,15.401,-23.374,33.207,-23.122,-20.564
49.061,-54.893,-7.964,-26.986,25.374,24.11,11.011,-47.53,-37.622,28.027,-2.717,-35.309
46.812,-57.419,-35.269,51.471,19.91,-23.871,-2.153,-4.238,-35.277,7.996,-64.939,-23.4
50.926,4.946,-52.639,9.66,-7.7,-2.211,-4.628,32.179,-14.742,-11.001,9.662,-25.314
55.829,59.165,72.355,-0.336,0.591,-19.305,43.679,26.905,-44.951,19.226,-3.626,-10.765
53.313,48.633,36.492,55.699,-39.199,-13.677,10.303,47.818,-12.96,-29.709,-36.322,-21.883
46.672,-32.395,-16.715,-5.038,-37.89,-55.014,-8.906,58.643,-24.033,-21.539,2.951,-25.84
54.464,37.358,78.431,72.626,20.608,37.322,20.593,3.581,-29.935,-20.812,-33.486,2.606
49.709,58.444,27.149,-30.131,13.98,-50.884,-25.557,73.552,23.398,-32.867,-1.598,24.37
48.407,0.884,-16.807,53.655,25.529,-47.356,-30.053,-5.714,3.006,20.438,-44.642,16.715
53.896,24.434,39.831,42.93,15.475,30.123,-3.238,-9.893,-28.955,-28.978,-36.709,18.789
46.596,-23.298,22.277,86.009,38.0,-72.884,-26.808,-7.17,-47.236,-2.588,22.268,12.387
53.178,5.251,58.683,68.331,49.04,-35.58,-37.744,-2.629,-29.076,5.142,-21.373,11.088
52.014,73.549,38.008,68.725,30.931,91.934,-9.674,3.958,11.388,-39.263,-14.915,3.942
44.573,-56.519,-30.704,30.273,-0.244,-68.309,-23.239,18.97,-34.978,9.847,7.125,39.872
47.516,-46.659,-3.977,5.964,70.273,10.032,-8.722,0.538,20.078,6.496,7.753,28.173
46.68,3.611,-3.575,27.212,-16.786,-11.346,-57.995,31.482,-36.51,-31.988,-73.48,17.283
47.679,-9.588,-18.523,3.403,29.024,51.566,-29.824,-1.976,-19.373,-18.615,-5.769,13.175
53.301,47.349,38.965,65.956,41.642,49.166,-28.844,14.543,-8.744,-17.521,-46.478,16.038
49.562,38.298,23.517,-2.077,51.285,8.89,-9.507,73.999,-14.01,-12.207,-47.185,15.62
52.846,20.232,75.107,72.548,63.434,-42.782,-27.979,-1.527,-28.774,13.848,-11.887,9.59
49.637,11.477,37.652,13.947,7.685,-30.152,-4.296,3.564,-40.916,-15.399,-21.795,5.214
53.629,48.685,79.576,93.385,59.294,54.287,-5.211,-3.194,-16.005,-34.875,-61.365,27.519
48.959,18.835,38.73,-11.824,37.849,-11.044,-14.105,74.011,-4.247,23.772,11.145,25.806
48.083,139.33,-19.633,8.304,38.445,-57.364,-51.11,-36.137,0.175,-21.662,-5.229,30.106
49.119,-44.212,27.733,17.633,89.066,-35.914,4.689,-50.936,3.217,16.487,11.646,32.654
51.147,-42.024,32.2,51.053,46.883,-41.932,-41.277,-19.953,-17.196,2.987,-8.572,31.004
49.113,-12.911,87.117,56.444,71.214,-39.277,0.34,9.691,-6.911,-19.266,26.882,28.673
54.274,64.113,22.057,38.926,4.59,17.901,-26.338,13.375,-15.704,-15.373,-30.608,13.73
49.091,52.897,2.791,-98.042,35.792,-4.403,-4.764,-35.896,-11.443,12.179,-13.155,18.64
52.435,-7.858,6.151,92.091,22.254,-35.474,-25.659,27.651,-20.241,16.856,-48.528,11.179
50.462,-2.247,-3.318,22.341,26.225,53.374,29.151,0.82,2.369,0.568,6.084,-15.299
54.31,67.458,24.641,45.886,10.686,25.772,-6.395,14.158,3.506,-23.438,-43.328,8.89
47.769,17.838,8.701,38.981,22.046,-22.958,2.788,4.623,-33.784,-10.657,-49.606,50.744
52.687,3.955,49.227,27.392,31.676,-9.268,-15.465,-8.188,-25.875,22.209,-2.94,30.125
48.905,16.634,3.92,14.13,6.869,12.657,-50.388,42.606,-17.273,-14.075,4.246,9.244
51.198,46.544,13.345,76.111,19.482,61.039,-18.524,-6.951,-6.627,-17.156,-13.172,6.872
46.484,-37.326,-5.284,135.542,10.387,-79.169,-19.717,-8.014,-28.332,16.847,-17.994,20.584
53.57,42.247,58.457,69.876,45.663,-11.915,-35.795,41.247,-7.992,12.919,-9.918,6.571
48.426,-7.61,27.758,92.089,4.708,0.171,-9.961,34.339,-34.097,-7.458,-57.152,16.332
50.255,50.408,64.244,54.862,59.234,119.853,-3.438,29.429,-17.356,-10.324,-31.83,22.608
48.519,-25.123,37.72,-9.038,20.217,-32.71,-23.125,8.557,-4.131,-0.389,-32.399,34.242
45.944,-58.498,8.75,-0.304,37.084,-49.008,-1.672,-42.898,19.304,23.339,-30.21,-9.884
44.39,-41.562,-31.424,30.75,-9.82,-45.948,-32.049,8.257,-13.988,3.115,-2.24,-5.807
54.633,52.293,47.619,47.904,22.257,45.511,-8.653,0.667,-19.361,-25.835,-48.604,11.786
45.66,30.063,-25.31,-45.587,38.717,53.452,-43.45,26.876,-10.377,-28.411,-36.566,-7.818
50.075,44.805,0.729,134.656,54.191,-7.683,-49.359,24.781,-24.202,2.632,-53.987,17.651
43.771,0.349,-13.728,-143.094,5.734,-12.689,-45.518,31.162,8.255,15.896,56.711,-4.913
55.474,59.341,8.566,37.695,7.123,9.281,-21.616,5.659,14.117,-18.063,-52.1,8.1
46.194,41.307,-60.25,36.661,-13.314,-53.954,-32.519,73.718,-18.993,-19.987,0.719,15.042
49.231,-80.586,11.646,8.033,13.211,-1.665,21.639,-35.836,-25.514,2.164,-23.389,13.736
49.644,-47.238,26.894,-39.74,26.526,-29.155,-11.575,81.154,2.573,-38.181,21.876,8.027
54.073,61.879,-20.281,50.148,0.988,2.192,-24.924,4.301,3.797,-12.315,-17.008,7.38
50.701,-29.61,39.573,71.972,55.324,3.268,47.393,36.4,-17.022,-31.833,-14.799,13.792
53.039,29.806,56.257,73.805,54.18,-21.975,-33.688,20.372,-15.915,12.471,-11.594,12.261
50.644,-2.554,20.623,18.057,33.372,-28.659,0.908,-48.418,-27.077,-8.977,-32.01,24.799
52.253,21.109,40.827,105.302,40.771,61.441,-22.429,-7.842,-21.856,-35.061,-52.486,13.952
50.497,-77.526,37.258,45.914,66.686,-1.616,10.62,-41.603,15.583,-1.01,-39.958,-11.432
48.085,63.799,-8.741,-17.221,85.563,-26.42,-15.971,-31.082,-15.207,-14.311,8.902,4.092
50.561,4.596,-9.242,42.533,58.685,-32.087,-42.025,-38.294,41.117,23.316,-24.502,-9.167
50.04,-12.522,30.786,-2.569,53.128,16.415,-22.232,21.629,2.143,6.655,-9.276,3.018
52.719,38.946,44.897,94.515,28.49,65.77,-14.561,-6.079,-17.966,-41.632,-69.345,26.775
47.478,0.017,-13.091,20.736,35.432,21.786,-17.995,51.419,-18.403,9.61,-29.324,29.443
51.243,35.231,36.22,9.345,89.825,105.564,-2.156,-48.771,-6.376,13.432,-7.941,16.6
48.167,-44.918,39.917,-3.471,61.145,-33.59,-14.901,64.643,8.274,-37.087,2.086,45.237
50.336,-42.954,37.938,56.619,74.925,-14.194,0.721,-12.544,-2.219,-18.604,-6.172,33.549
55.827,76.644,53.499,47.324,19.22,5.079,-3.939,-24.274,-1.453,-1.686,-9.621,6.501
48.671,-25.005,-8.786,79.141,8.636,-19.022,25.03,12.086,-45.644,23.201,-77.045,24.467
44.792,-79.829,11.275,65.277,23.763,70.434,52.162,12.938,-10.963,45.702,-39.32,0.206
41.958,-30.64,31.377,-58.65,60.3,39.012,19.366,-51.626,6.512,17.392,-7.598,5.627
48.574,-28.084,33.986,-39.299,49.131,23.266,-33.749,86.733,11.646,-41.373,-50.409,24.437
48.629,65.186,-21.179,46.661,42.952,104.417,-22.648,-8.615,-21.296,-5.741,15.123,-7.14
51.717,73.317,-0.7,125.111,76.743,-13.995,-27.233,40.768,-13.384,-30.473,-50.05,14.791
46.912,-7.398,34.309,40.247,64.446,30.118,-10.573,51.487,-33.455,31.674,3.498,2.866
51.55,-26.393,17.079,41.018,35.541,-25.03,-1.358,-20.929,-21.55,15.648,-35.749,-7.076
48.862,124.785,-2.013,-25.82,-15.206,-45.279,-25.952,41.674,15.828,-17.87,0.547,-9.293
48.39,33.81,-52.47,-15.967,0.976,-65.268,-2.889,-20.357,10.307,22.776,-11.825,11.092
50.526,-21.312,4.127,-51.781,35.044,-31.715,39.714,-21.474,-4.938,10.807,46.025,-4.199
52.941,50.799,13.464,83.859,26.431,11.851,-21.262,1.704,-27.125,-29.417,-45.46,23.013
48.531,-12.343,-20.774,1.483,27.069,48.476,-18.839,-60.736,-15.852,-2.629,-42.368,7.276
50.727,3.287,25.246,-29.38,28.744,15.487,34.233,10.079,-46.245,53.091,3.935,-14.276
49.568,28.084,-26.96,-82.93,23.474,-10.383,20.127,-38.104,-14.634,14.65,-21.368,31.944
53.035,78.572,8.142,89.799,4.853,10.465,-5.044,-8.564,18.245,-26.716,-45.824,2.159
46.731,-24.805,-1.018,16.136,5.442,-69.538,2.773,-23.14,-60.69,37.231,31.307,23.688
51.897,25.589,31.36,9.468,40.699,-20.883,-50.681,14.938,5.888,-9.759,0.362,-26.05
45.823,3.814,-0.376,-20.831,30.16,-11.192,-7.871,-2.664,-52.633,24.115,-32.03,11.021
53.036,58.404,18.73,72.084,30.023,5.562,-19.746,-16.155,-17.618,-6.364,-38.798,13.464
48.408,48.387,-55.837,50.245,-3.665,-26.083,-39.518,-30.477,1.351,-45.408,-36.183,7.224
49.352,70.834,-10.364,4.874,55.015,48.86,1.84,-36.03,-18.348,-7.177,-22.045,-5.359
49.075,67.269,-3.533,-2.495,57.464,79.093,-0.848,-46.733,-28.245,-16.287,-30.209,-9.761
53.462,59.047,76.836,35.889,70.824,75.026,-7.662,11.794,-30.848,-14.397,-15.151,12.98
47.433,18.379,-14.816,-27.987,53.513,1.985,-5.041,-19.101,-24.049,35.361,-2.359,14.905
51.909,-52.248,81.748,49.402,68.636,-28.162,24.226,16.5,-19.171,-10.781,-10.076,32.814
52.712,41.856,22.64,45.83,13.447,40.509,-8.779,-5.566,-23.912,-17.554,-35.428,9.352
47.44,-62.983,3.863,19.718,57.097,5.038,24.67,-26.836,-19.62,17.929,-74.902,24.711
46.827,10.406,-2.18,2.177,25.773,26.005,43.139,-12.418,-54.553,41.459,8.623,-12.166
49.007,-39.701,-0.949,40.423,16.746,-49.238,27.312,60.399,-13.76,3.693,3.08,-5.639
48.115,-14.654,-28.331,-28.783,24.731,3.401,22.01,-50.636,-8.228,21.969,-57.995,26.366
55.041,72.499,32.602,40.376,8.267,18.409,-6.434,-9.321,3.153,-14.668,-44.727,3.203
46.775,6.56,-4.648,42.502,27.944,13.679,-5.666,-18.87,-44.966,10.592,-30.815,26.817
45.852,9.62,66.772,-120.406,82.557,17.253,57.257,-35.434,-28.454,-44.646,5.401,1.05
49.075,-61.709,31.122,108.465,43.468,-23.983,28.189,-6.31,-49.996,-14.908,-49.31,20.606
47.774,4.038,92.19,-83.47,45.989,99.388,24.806,45.706,1.314,-53.709,-60.112,17.328
48.884,6.151,-13.644,71.318,75.023,-25.607,23.139,70.616,-36.398,-9.488,9.646,16.186
46.878,-22.388,18.888,79.721,63.991,31.866,27.513,7.975,-45.877,55.233,-41.36,11.928
42.428,-11.439,24.956,-52.07,62.146,54.498,21.707,-35.03,-25.544,-51.493,-60.521,15.196
53.339,39.252,35.631,62.514,60.32,62.214,-27.067,12.333,-44.194,-4.257,-21.685,18.182
47.584,54.311,-44.632,23.23,70.427,-41.241,-11.766,7.49,-47.279,44.468,20.614,15.483
45.268,15.72,-16.014,15.618,27.542,-6.33,-40.68,-56.518,-29.309,5.775,-56.42,-2.516
50.91,-10.045,77.243,6.237,37.243,12.482,39.986,-25.089,-49.276,6.338,-22.934,30.896
53.729,39.471,39.011,62.111,40.002,54.749,-12.542,-22.595,-20.307,-27.211,-43.016,23.113
46.242,-42.07,-11.155,-8.9,70.008,-8.932,26.865,-31.928,-47.947,41.231,-76.111,26.374
46.982,-14.17,3.983,100.689,58.942,56.291,16.758,-16.29,-51.157,24.643,-47.223,5.803
47.069,54.351,-8.068,-31.402,56.527,56.897,19.65,-75.693,9.282,-17.651,-6.561,34.843
54.109,67.073,40.326,85.508,32.207,35.103,-10.284,-14.109,-3.201,-32.054,-48.393,19.197
49.879,35.833,1.967,-18.345,48.25,20.165,4.212,14.323,-38.307,23.325,18.862,33.807
47.929,9.745,-40.185,54.534,70.649,2.98,-20.08,12.787,-50.327,33.873,-22.445,26.693
47.981,-27.132,36.883,4.185,57.616,76.279,17.18,5.226,-35.635,-22.573,-35.302,16.91
47.768,42.945,37.767,-102.925,37.694,-11.563,4.305,-33.834,-47.099,16.863,-39.827,24.187
48.767,-33.175,-0.909,106.268,68.759,3.953,10.306,30.181,-54.805,16.975,-30.3,15.771
49.694,-14.95,47.435,152.405,44.493,-9.951,23.651,-22.502,-3.437,-5.216,-61.57,18.819
44.426,-22.416,73.356,-146.445,32.549,3.902,22.893,19.13,-12.631,-28.496,-9.032,6.071
54.779,97.246,51.241,94.622,46.921,30.91,-27.734,-5.614,-14.072,-40.102,-41.72,19.936
47.49,24.959,-33.5,7.205,55.451,40.469,-25.842,5.403,-47.432,42.933,-30.785,19.53
47.271,-35.132,-42.702,41.364,74.898,-21.205,-30.238,-27.574,-19.374,22.42,-11.171,25.173
46.926,-45.967,-24.621,-9.063,48.72,-63.933,-32.462,-38.278,-27.765,37.661,-7.128,3.86
50.507,26.977,37.722,-108.615,16.077,8.881,14.572,6.276,3.874,-37.64,-13.65,15.465
51.224,-20.715,13.742,-8.127,38.261,15.449,26.003,53.839,-12.066,3.048,4.871,-6.091
50.598,109.349,28.38,-12.804,26.93,7.688,20.639,-43.31,-9.887,22.55,-48.605,18.655
48.918,42.458,-20.116,-71.584,15.345,20.35,17.902,-11.484,-4.06,9.209,-14.327,4.52
55.987,88.094,9.698,43.12,3.879,7.683,-32.12,2.208,12.258,-17.375,-35.698,4.563
51.868,-6.374,1.774,36.484,10.068,-3.246,24.617,13.905,-20.991,45.937,0.891,6.669
56.923,57.562,53.368,20.7,20.912,-16.651,25.425,46.435,13.522,7.43,-8.063,16.92
53.867,86.175,-3.749,6.06,8.53,-26.028,-12.681,50.567,41.876,16.133,-8.274,-4.383
52.341,72.87,-14.805,-29.622,-21.568,-18.476,-13.118,4.66,1.667,26.403,-9.305,11.445
53.314,42.247,29.107,25.112,2.355,-46.126,17.878,50.867,5.215,20.67,-11.419,13.272
55.634,48.291,53.114,35.222,15.499,-31.51,4.796,62.731,5.912,40.6,0.737,-7.376
55.853,43.637,46.413,55.397,5.495,-39.62,57.384,22.981,-12.391,3.206,-28.879,11.346
52.287,3.251,2.309,48.069,20.544,-40.693,-0.278,42.866,16.683,15.328,-12.546,5.862
53.507,1.103,31.884,-24.844,19.937,7.433,37.79,2.705,-1.851,18.007,-35.048,21.37
52.647,97.007,-17.794,12.27,-17.717,-12.269,7.856,-52.515,-2.754,-29.866,-29.026,-0.494
53.924,1.781,37.819,-41.972,22.425,0.605,-7.28,17.404,-3.6,7.973,9.413,-10.471
56.495,52.008,87.792,24.846,40.581,-39.28,-3.3,18.844,-17.21,-0.561,7.421,14.86
54.783,66.031,25.326,14.143,24.674,-31.708,19.0,9.901,10.687,12.502,-24.184,7.032
51.871,42.447,-16.181,40.812,30.156,29.929,-16.408,26.603,-22.553,14.089,-32.154,0.896
47.665,-21.486,19.004,-75.841,-24.81,3.728,37.99,-9.437,-9.663,7.261,-25.464,8.376
47.669,-18.606,-17.487,49.81,-10.35,-48.538,22.194,5.451,-25.021,10.274,-1.679,20.837
50.549,10.059,7.524,-79.784,13.427,23.24,25.827,23.383,-22.201,11.149,9.555,-25.515
48.206,-12.005,-60.178,66.36,-45.05,-97.293,-36.176,-24.16,-44.929,16.056,-11.243,17.287
53.076,72.736,-5.635,-22.319,-29.303,-14.32,-14.035,-1.554,-28.183,9.207,-3.839,-21.014
50.16,95.056,-96.433,53.303,-8.541,-23.387,-36.644,-4.66,-11.059,18.693,-40.14,5.0
50.905,61.007,-28.347,-35.203,3.687,-12.733,-0.598,14.283,-30.923,28.058,-41.714,3.232
48.843,28.828,29.749,28.608,71.598,36.552,-24.679,21.098,17.647,-18.161,-40.944,15.548
49.686,14.9,-16.904,6.226,-4.145,30.425,1.031,9.19,-34.842,55.126,25.285,0.818
48.204,1.028,7.18,-2.542,71.733,-20.607,-23.7,0.04,-30.205,11.437,-45.757,8.003
47.081,14.266,25.622,-83.891,29.187,-24.092,24.26,6.662,-7.326,28.936,11.183,-2.093
50.754,175.217,-6.022,45.011,43.492,18.968,-76.047,-46.233,-5.179,17.906,-58.709,15.306
52.295,72.968,85.719,-43.121,60.847,56.653,-12.579,4.0,-32.755,29.155,17.432,16.251
53.629,155.265,32.149,-14.129,23.727,-47.446,-27.295,43.271,16.8,14.512,7.667,-2.465
52.573,2.944,-40.319,130.905,18.328,-30.343,-36.693,14.887,-15.01,36.606,-53.76,20.411
41.253,-12.179,-133.879,-47.372,8.075,-11.204,-20.256,-37.563,4.889,-1.588,-2.078,-16.99
47.785,-28.839,-42.605,-1.911,-23.861,76.553,11.584,33.13,0.807,-16.289,1.728,-8.025
48.208,-31.217,6.02,30.517,-5.074,-37.195,47.172,-2.315,-47.049,9.668,-22.249,40.793
45.8,-21.227,-31.287,38.29,3.645,-12.06,47.941,-1.409,-50.387,33.824,-12.156,28.014
48.613,-8.095,-12.763,-106.869,33.535,0.911,32.334,-9.928,-39.851,28.09,-18.543,7.391
52.895,10.037,-13.381,-3.034,-28.393,-44.787,-7.422,19.411,4.546,-25.884,4.849,-11.923
52.819,45.868,28.623,-22.955,4.565,-7.534,24.942,3.848,-6.209,-8.105,-11.944,-0.296
52.639,21.881,-17.271,27.374,8.683,-11.534,22.767,16.779,-2.719,4.444,-1.225,7.021
48.463,-7.215,-13.535,9.135,15.659,-12.993,-7.531,-8.384,-25.219,-0.787,-57.15,-12.268
50.872,16.606,42.067,-62.506,16.908,90.694,31.341,27.548,-13.802,-2.707,-14.267,-13.144
48.387,90.754,-58.406,59.755,-6.789,39.576,-18.405,-15.086,-12.701,-24.627,-66.549,-3.752
49.023,-1.062,-24.081,-81.506,-29.924,-21.714,3.419,42.264,-30.633,15.29,27.984,-24.743
53.051,106.159,11.151,-28.759,-36.303,0.416,7.574,-34.405,-27.12,-18.155,-18.025,-3.012
54.9,58.131,62.811,-7.901,36.021,-3.107,23.399,18.571,-7.876,11.13,-15.0,0.898
52.755,71.277,8.355,17.473,3.74,-40.833,-17.17,37.613,15.492,19.484,-4.872,-4.14
53.153,18.873,-15.373,102.342,-2.903,-58.59,-32.082,42.599,-9.24,13.857,-15.63,7.33
45.513,74.931,-99.975,-47.891,-7.137,-11.4,-43.995,-21.084,12.22,22.813,-24.67,-4.057
49.92,-9.953,-1.807,-31.559,-18.947,34.439,31.881,9.165,1.749,13.452,10.196,-0.771
48.914,-6.334,-1.387,34.311,-9.07,-53.103,26.276,26.838,-18.281,9.745,-2.769,17.065
49.334,13.831,-15.356,-24.317,-15.02,8.587,10.858,-2.705,-52.803,25.727,-9.218,-0.394
51.692,30.988,5.909,-65.176,-8.166,-23.295,-19.697,20.524,-25.003,-20.622,-6.854,-27.182
51.964,13.108,-16.918,-24.559,-24.326,-9.269,-16.064,19.13,-5.188,13.572,-9.041,-3.609
51.417,48.891,6.433,-2.772,-4.262,-27.446,-18.119,30.854,10.963,-8.183,-37.476,-11.712
50.157,30.266,-17.25,-31.346,-7.593,48.539,18.797,1.62,-2.441,46.74,-22.614,4.155
49.661,69.641,79.644,-26.944,67.311,-14.327,-16.627,9.011,22.76,5.026,4.389,-0.532
48.981,51.946,21.358,92.912,43.234,15.795,-29.148,3.714,-12.781,12.935,-85.853,16.875
50.73,25.401,-20.827,-16.189,5.24,17.796,-10.188,63.713,-23.119,-18.862,22.99,-6.206
44.886,60.584,-88.667,33.49,47.21,-98.161,-40.331,58.583,-13.256,-19.425,-8.376,21.052
46.23,87.999,14.736,-117.352,31.003,25.126,0.813,16.876,-39.003,61.545,4.008,-11.375
50.407,13.077,69.835,-2.452,-1.768,-38.206,-30.177,19.129,-72.843,-6.691,5.173,1.997
52.612,56.447,118.668,10.244,54.183,5.516,6.103,-7.466,-32.107,27.785,-19.526,9.41
52.2,36.828,30.183,-2.073,57.202,-49.367,28.892,24.531,14.279,21.178,-10.183,2.269
52.259,-24.147,-28.347,140.232,16.006,-41.718,-28.354,8.844,-4.483,12.843,-57.594,0.481
40.718,-46.228,-125.438,-14.67,21.634,-43.117,-22.46,-29.048,-13.552,29.857,-39.511,8.261
46.085,-24.909,7.966,-124.58,-6.552,56.28,38.397,14.222,-8.316,16.616,-6.964,0.989
50.624,35.916,22.443,-64.603,11.848,5.918,33.459,-11.906,-6.521,-13.558,3.408,8.527
54.552,27.954,29.675,28.87,33.392,-13.122,40.029,-3.577,5.739,31.185,-1.571,-29.501
54.296,59.924,28.01,35.807,-2.669,-39.559,8.962,10.738,-38.853,-21.66,-12.722,11.185
54.051,36.311,-8.913,-25.556,-28.783,-43.103,6.212,37.753,-18.339,-22.201,1.74,-0.518
53.84,119.375,-7.949,-15.556,4.489,-44.947,8.192,25.887,-18.223,7.478,0.955,33.06
49.947,8.893,-48.416,94.304,-0.458,-42.53,-9.9,38.18,-5.703,-5.433,-49.013,3.504
43.696,-48.287,-103.559,70.51,-15.458,-32.428,-21.735,31.138,-4.721,-34.709,-3.044,-4.474
48.774,12.143,27.661,5.63,38.503,119.741,33.325,13.14,-33.145,25.853,3.399,-7.863
47.257,-5.929,-26.402,7.952,24.915,-69.328,-35.419,25.487,22.408,-18.862,4.737,28.045
51.506,-4.693,22.644,-8.26,4.191,-32.061,16.45,29.863,-1.76,21.096,27.562,-2.466
49.1,17.608,-66.595,54.473,-6.662,-7.838,-31.867,-70.754,-21.538,-3.908,-60.389,-4.763
48.958,3.152,60.161,-138.57,27.81,30.149,11.53,33.197,-19.029,4.889,15.553,-3.442
53.853,87.623,11.084,5.119,30.827,-41.228,4.957,20.009,17.989,27.398,-23.359,5.594
54.9,46.902,-38.384,72.469,45.863,-43.365,-17.738,67.822,-28.185,11.779,-26.835,10.285
47.049,88.212,-100.374,-77.156,17.421,-41.24,5.335,-44.85,-25.739,5.623,-4.645,1.639
51.64,-11.859,-12.358,8.228,-35.073,-40.7,8.332,-15.9,3.37,-26.33,-14.526,4.491
48.969,-7.605,0.244,16.064,0.501,-60.729,26.113,30.399,-19.175,19.914,8.005,25.015
50.292,7.612,2.475,-28.917,-6.737,-8.292,34.089,-18.291,-49.361,31.313,10.94,2.544
53.775,13.519,17.803,-20.548,16.063,-19.444,8.956,30.762,16.953,-18.804,-9.428,-26.885
52.468,30.784,-12.334,-37.235,-18.43,-10.126,-13.578,-25.978,-13.381,13.914,-17.354,-14.457
51.32,40.92,-14.254,-50.486,18.044,-23.071,4.997,32.57,-12.947,-27.557,-24.24,-9.2
51.376,71.431,-36.688,8.49,11.065,-16.721,-9.352,6.035,-25.086,-0.451,-38.811,-10.563
49.88,15.544,43.065,58.07,60.206,3.56,-4.057,0.63,-2.254,-23.575,-62.894,15.976
50.383,-26.897,-17.566,1.662,-8.677,12.819,-1.236,29.37,-24.756,-14.403,1.68,-3.905
50.075,-2.629,3.788,12.985,36.197,-40.943,-9.597,1.419,-21.385,22.054,-9.559,9.827
47.006,22.022,-2.67,0.468,36.819,-1.001,-45.634,-18.467,3.196,-2.672,-43.63,5.091
51.052,-9.997,50.246,-29.184,55.899,55.958,-14.274,-1.546,-19.1,-11.822,-25.431,-7.785
50.703,-22.033,53.383,2.417,68.026,-31.112,5.941,-3.181,13.06,7.219,13.405,-43.099
52.454,-31.885,-15.996,18.705,-2.657,-52.863,9.824,3.267,12.02,7.019,-5.256,-16.654
51.795,-3.846,14.781,-39.914,37.567,-28.42,27.026,2.781,23.24,20.167,-9.024,-22.157
51.958,5.395,-30.558,16.858,-25.612,-43.648,-23.777,20.5,14.357,-1.425,-20.082,-4.09
48.201,14.517,-28.795,35.995,-13.235,-34.76,-4.51,12.837,-27.216,21.861,9.969,8.469
46.323,13.803,1.273,-67.625,-3.932,3.697,29.204,-24.516,-32.358,-16.773,-33.726,-0.959
50.384,-5.715,8.008,-35.192,3.133,-25.968,39.671,10.761,-23.346,15.499,-6.915,21.356
52.839,28.871,16.062,13.273,-10.365,-42.116,0.772,-19.753,-20.138,9.198,-27.799,-9.123
52.963,7.951,-0.386,2.613,-28.605,-30.295,12.838,12.008,7.954,-13.274,0.571,-5.97
52.781,83.399,33.199,-27.476,-12.618,-10.903,20.455,40.488,13.029,-12.262,-3.882,6.834
52.202,33.225,1.431,41.775,-23.337,-21.246,10.094,-6.692,-24.145,35.11,-31.754,-1.988
47.591,0.421,-23.175,-6.295,18.89,-3.242,-3.057,-30.668,-13.326,-3.356,-57.541,4.155
50.383,42.196,9.894,-34.599,9.755,93.471,16.334,9.075,5.263,-14.421,4.116,-32.629
52.649,108.405,5.946,-38.707,1.057,32.92,-21.017,19.894,-13.202,9.88,28.746,-14.444
53.962,36.573,34.534,-49.424,-2.327,-38.687,2.88,22.244,-34.081,3.32,-3.991,3.564
55.956,73.956,30.462,35.054,30.311,-25.494,-6.74,36.816,3.013,9.546,-18.601,9.53
53.647,16.642,-17.174,105.833,5.992,-41.563,-24.661,33.559,-6.893,-5.611,-45.938,13.394
41.644,-27.353,-91.1,-34.509,14.321,-22.244,18.761,-28.726,-20.053,-24.817,-5.115,8.353
48.324,-34.148,-41.201,29.345,-31.475,42.694,4.648,5.856,1.616,-11.98,11.39,-8.953
50.251,60.325,-10.986,-0.472,-27.193,-14.618,0.972,30.138,-23.135,-0.785,10.286,14.382
50.301,18.241,-5.049,-17.27,-18.125,-21.024,11.572,-17.834,-49.548,51.754,-0.219,-4.138
51.702,22.167,3.094,-50.3,7.329,-34.297,-12.599,10.468,-20.083,-12.443,4.054,-22.011
52.858,44.366,12.486,-23.881,-7.644,-10.143,-9.888,-24.003,-8.021,6.875,-25.946,-19.574
52.533,-8.655,-2.994,-30.954,-26.588,-19.855,-6.545,16.288,1.074,2.038,-1.587,-18.698
52.067,54.369,-2.525,36.662,-1.517,-28.784,-13.826,8.668,16.272,-4.397,-50.75,-10.861
50.23,40.073,13.548,-24.97,6.265,18.18,-16.055,-6.088,-0.716,3.115,-15.087,-19.392
46.323,70.585,6.313,-97.077,33.355,67.354,-3.25,-1.088,-25.262,-18.008,-37.248,-1.257
45.21,3.392,-63.267,31.627,45.822,-102.412,-35.089,18.405,-19.155,6.693,-7.68,22.723
46.88,98.048,13.138,-125.664,14.326,6.739,-22.488,13.872,-17.383,33.125,9.308,-10.438
50.9,-2.923,19.039,-23.284,-23.455,-50.649,-3.958,11.724,-14.985,-29.584,-3.872,-13.635
53.296,46.217,77.099,51.812,37.473,-4.141,-1.068,-3.262,-35.169,-2.998,8.845,15.64
52.081,-4.259,56.077,18.069,38.19,-47.609,19.238,-1.361,-24.123,10.633,7.693,30.767
51.828,9.208,61.481,24.947,29.703,-60.75,39.126,25.603,-2.126,-11.536,3.839,3.916
52.511,-4.615,-6.18,30.859,-17.772,-63.125,32.18,16.524,-6.244,-8.793,1.407,3.555
50.189,20.336,34.064,-8.113,-0.297,-40.304,64.379,15.743,-24.093,4.591,2.762,17.006
53.24,15.056,7.853,-5.317,-20.899,-52.878,11.048,37.878,10.965,-1.151,9.256,9.592
52.107,53.192,15.486,3.761,-8.273,-46.835,3.46,2.918,0.995,2.647,-6.485,1.95
55.151,62.779,45.495,23.744,-10.03,-39.821,12.241,75.94,-10.627,5.872,-20.667,3.958
53.243,98.375,10.758,24.93,-24.451,-22.646,-35.15,45.773,-10.199,15.394,2.542,-13.229
52.862,57.047,-30.827,-17.795,-46.722,-49.347,-32.972,46.999,3.985,-11.315,-18.177,-10.546
49.385,118.067,-52.706,10.977,-32.528,-21.895,-44.055,45.73,2.375,20.893,-4.977,3.691
53.246,31.853,10.34,58.33,2.47,-8.732,-5.412,43.585,11.636,27.725,-26.31,-13.796
51.691,42.541,78.36,7.16,27.748,69.242,68.855,6.947,-30.134,20.242,-34.193,2.962
52.782,-33.002,-11.769,13.707,-21.74,-25.202,33.039,16.299,-27.322,-16.983,-12.884,-0.112
46.599,-2.721,16.274,58.122,26.771,-26.166,34.293,28.573,-14.958,-1.561,-21.945,23.354
44.372,-124.177,-72.93,-12.974,21.16,-66.781,16.06,-43.275,15.594,-6.574,-9.005,-15.392
42.426,-76.641,-114.659,76.606,21.567,-44.357,-30.52,-35.579,-17.409,22.998,-25.22,2.485
47.829,-8.314,17.157,7.065,13.705,141.514,13.462,4.662,-14.754,-26.903,11.774,0.092
38.588,-45.881,-138.654,39.635,23.26,-50.318,-30.491,-50.412,-24.829,20.011,-45.38,4.427
50.73,-50.217,-50.74,170.29,4.652,-31.985,-22.692,-6.166,-16.188,12.377,-63.61,18.766
40.283,-55.729,-163.579,-30.772,40.129,-30.354,-24.177,-46.589,-1.567,39.628,-43.778,8.889
41.547,-83.919,-12.253,-135.87,-21.127,80.458,25.686,40.238,4.741,-18.653,-39.506,-1.826
42.08,-59.499,-117.627,125.867,-5.794,-58.191,-24.865,2.891,-39.132,22.159,-48.149,29.918
36.038,-73.595,-80.416,-66.421,12.167,95.077,39.855,-31.694,-9.301,-57.873,-89.642,6.754
39.51,-59.201,-134.022,-19.453,36.653,73.435,15.201,-57.891,-29.576,-1.13,-72.845,1.051
50.287,2.18,-58.989,16.167,-23.518,-15.008,-8.828,32.892,-14.763,-17.588,-7.806,-17.954
49.211,9.11,-39.071,-40.389,51.553,-19.317,60.012,-5.945,-38.344,42.204,-1.508,7.562
49.682,-5.228,10.625,9.828,22.93,-20.021,33.645,19.435,3.348,15.292,-44.012,-14.957
47.06,32.302,72.022,16.476,51.018,-0.829,28.936,-15.922,-9.35,33.127,-17.575,-22.759
49.779,-40.917,1.419,29.857,-8.156,-13.101,1.843,22.337,-12.811,-21.867,-12.729,-11.419
47.66,6.854,45.572,6.274,67.395,22.849,6.264,0.054,-23.264,43.813,-13.576,-9.841
45.155,-72.864,-50.148,-4.992,4.774,-66.094,21.52,4.918,9.83,-13.138,-0.695,-19.314
44.589,-48.714,55.006,-69.594,88.564,-26.836,-31.382,85.358,-1.022,-5.466,-4.861,-14.764
51.229,30.84,23.904,90.19,39.276,23.548,-16.307,-15.223,-60.889,11.929,-28.074,8.558
44.473,2.339,-49.276,-24.304,27.847,-43.586,-34.045,-17.985,-25.426,21.463,-0.569,-6.43
52.314,-33.805,-34.647,132.184,20.827,-30.825,-11.935,-0.276,-17.328,11.453,-55.729,15.845
42.228,-46.444,-111.934,-63.081,47.876,-20.87,14.946,-3.166,19.842,-26.15,-10.089,-1.685
46.828,-14.545,-25.86,-21.658,-15.442,11.807,15.532,-14.586,-7.826,5.145,-49.066,5.647
43.103,-35.811,-91.432,96.112,-12.203,-80.13,-16.805,15.41,-43.428,20.431,-4.615,24.417
43.759,-25.21,-49.315,13.913,-13.321,47.9,34.313,-36.852,-65.924,68.785,-19.122,7.829
41.615,-54.087,-118.563,53.48,1.518,48.373,-10.22,-28.852,-52.412,37.462,-94.03,9.699
49.532,-21.853,-43.686,55.415,-41.723,-3.914,-12.464,3.639,-2.652,-27.641,-25.14,-12.755
47.271,-28.878,-4.098,-18.605,21.22,-28.576,50.296,-19.386,-29.148,45.29,-1.055,8.031
50.484,-13.864,-18.202,21.844,12.441,7.32,40.451,41.566,5.822,-22.429,5.11,-21.982
47.439,-21.6,22.541,-5.067,7.369,-18.267,58.335,-10.81,-22.492,-10.215,-17.72,-26.821
51.716,3.564,51.968,-3.236,18.01,25.423,43.212,14.999,-11.092,-16.012,-43.097,-15.96
47.478,-49.531,3.49,74.2,8.562,-42.242,26.896,7.481,-31.741,32.7,-20.254,-0.755
47.985,-62.389,0.071,-5.751,4.015,-13.886,20.865,-32.184,-12.749,31.591,23.963,-34.889
47.17,-47.198,-23.167,-12.204,23.24,-13.103,12.44,-0.857,-4.747,-12.231,-40.405,-3.628
49.64,32.392,-9.984,5.652,2.879,2.924,-18.062,17.308,-26.276,-1.822,-60.394,-6.94
52.614,-1.087,-39.904,128.92,25.494,-49.808,-22.94,23.921,-14.226,14.156,-33.228,16.184
43.501,7.782,-121.466,-59.795,38.791,-41.778,-30.646,12.95,-5.377,30.185,-22.577,11.208
44.773,-9.461,-29.337,-116.264,8.179,5.064,16.753,-1.014,-3.45,17.745,-34.405,1.607
45.043,5.225,-82.778,49.694,-7.586,-78.514,-19.321,34.205,-31.13,17.632,-7.704,25.999
43.307,-30.351,-67.694,-47.437,44.608,-5.432,22.327,-28.887,-0.399,-8.178,-42.621,9.711
43.808,-16.648,-91.166,-64.136,45.4,-13.622,3.697,-17.877,-12.335,0.137,-24.5,6.102
49.974,-14.953,-48.301,40.026,-36.117,-16.72,-16.147,7.593,-5.945,-21.179,-10.222,-14.43
46.886,6.114,-62.633,-36.227,41.8,-56.914,0.761,13.921,-7.215,33.555,11.826,22.528
47.463,-13.524,-0.95,-12.468,36.481,-15.141,8.552,2.641,2.398,10.602,-44.848,12.499
44.198,0.86,-4.036,38.723,43.091,-11.299,-18.386,5.454,-37.447,42.796,10.233,0.12
49.979,-1.627,-26.424,27.62,10.433,-26.001,-2.449,56.806,-34.639,-33.842,-9.594,-12.26
47.054,-9.64,-26.479,-2.486,75.894,-96.821,-7.443,5.351,-3.181,-6.434,4.811,-1.718
46.52,-14.027,3.046,2.758,39.487,-19.201,-28.18,-41.497,-22.349,38.277,-22.34,-43.138
46.932,-19.271,35.044,-3.298,46.403,-43.617,-36.145,-9.831,-37.913,30.777,18.319,-25.407
49.488,15.215,65.36,41.322,26.975,62.666,-15.415,-8.44,-23.654,-15.972,-52.285,7.554
43.324,-5.981,-29.68,-56.416,17.088,-46.189,-5.65,-30.442,-30.052,34.006,0.948,-22.286
50.87,-30.082,-42.749,173.168,-2.412,-39.27,-24.559,-2.989,-14.956,5.19,-60.67,14.067
40.726,-31.018,-121.377,-42.88,19.672,-16.434,-13.508,-47.886,-20.361,25.48,-23.777,-9.909
43.972,-55.382,6.004,-81.17,-27.155,66.113,24.208,30.952,1.122,-17.063,-57.785,-2.507
42.175,-58.518,-100.862,119.641,-21.192,-61.384,-27.498,3.465,-39.687,11.548,-52.026,25.506
36.444,-63.597,-108.432,1.315,-2.981,81.941,36.371,-72.606,-41.735,-51.887,-95.951,2.106
38.677,-47.763,-138.057,6.733,31.113,59.945,9.582,-62.628,-50.963,2.138,-97.072,0.334
48.557,2.661,-68.317,-12.284,2.449,72.854,12.572,54.45,-21.002,3.558,53.378,-29.744
43.908,57.292,-146.636,32.602,57.124,-51.048,-12.136,69.527,-32.398,23.397,-14.608,10.055
46.315,-25.077,-72.887,158.773,-25.218,-41.859,-4.561,28.208,-4.486,-19.052,-68.317,11.152
41.564,-77.325,-103.914,54.861,-13.758,-15.509,-20.234,52.073,-14.758,-22.416,-4.366,-11.395
48.777,6.773,22.063,89.815,19.046,89.493,9.123,12.57,-37.947,-1.086,5.664,-4.278
44.975,2.549,-24.141,22.987,9.273,-79.447,-31.609,64.156,21.208,-4.528,9.197,36.678
41.189,-96.517,-143.474,42.831,-3.946,-103.336,-32.025,0.269,18.563,1.577,2.133,1.313
41.119,-86.103,-134.242,89.616,18.291,-44.048,-39.126,-27.06,-15.607,31.607,-33.102,2.293
51.371,23.18,18.197,87.878,16.963,30.899,-13.199,-3.954,-40.361,-18.262,-29.623,13.821
37.567,-55.784,-166.873,59.352,38.107,-52.907,-29.352,-67.08,-30.593,26.852,-76.421,10.795
51.04,-40.385,-44.776,161.312,11.659,-10.956,-15.513,-12.31,-15.91,17.443,-50.258,16.558
39.064,-60.192,-166.241,-29.62,35.438,10.485,-7.798,-62.292,15.888,-14.524,-29.614,-3.436
47.326,-45.585,-39.763,3.526,-29.236,96.725,19.05,22.875,10.878,-37.414,6.025,-11.686
41.213,-72.715,-129.607,138.139,3.159,-33.135,-17.683,-2.876,-41.248,18.912,-52.73,26.177
37.95,-7.321,-124.596,-35.203,25.095,81.636,32.612,-29.852,-44.364,-46.917,-75.963,4.366
40.145,-77.295,-138.125,50.953,23.148,52.493,-5.858,-46.171,-56.306,22.623,-126.665,8.305
49.819,-21.183,-53.922,37.565,-35.307,-12.752,-8.427,4.236,-9.12,-27.946,-22.466,-13.571
43.237,-9.97,-130.781,39.501,26.702,-41.684,-9.081,29.86,-17.572,41.653,-21.318,20.15
41.673,-54.66,-49.467,-22.577,-11.207,133.499,18.107,55.571,21.81,-32.757,-91.925,0.854
37.148,24.022,-53.018,28.876,28.45,114.891,8.679,-34.055,-50.599,19.28,-87.287,3.409
48.832,-23.799,-17.412,25.989,-8.958,28.208,4.683,41.506,-30.15,-12.388,17.663,-6.934
40.969,32.845,-94.384,78.137,56.939,17.19,-35.233,58.005,-38.96,58.021,-35.633,30.169
35.434,-96.118,-191.161,135.986,26.861,14.282,-18.211,42.438,-4.86,27.636,-10.03,-13.809
33.909,-50.483,-53.769,-12.074,69.056,159.545,-1.289,-34.608,-4.973,-29.138,-101.746,5.436
50.59,32.256,32.579,82.375,32.389,66.29,-17.138,-6.763,-45.745,1.538,-6.028,11.998
35.944,-26.269,-154.47,96.395,34.307,-44.727,-45.582,-10.817,-32.45,8.869,-74.286,6.569
46.078,-67.423,-94.766,111.638,-9.477,41.151,11.248,0.542,-4.201,4.011,-7.218,7.762
38.384,-47.601,-170.499,-21.986,40.043,-16.904,-21.638,-44.851,2.298,24.589,-45.278,5.219
43.745,-67.838,-23.451,-87.425,-16.777,115.471,26.747,43.26,9.77,-21.613,-15.295,-6.479
41.727,-56.775,-118.547,131.65,-3.354,-46.263,-23.687,-0.409,-39.128,21.763,-49.858,26.255
37.147,-18.948,-112.318,-27.296,20.977,76.055,35.071,-42.596,-46.448,-60.816,-87.999,5.429
40.235,-71.567,-137.547,50.487,22.543,50.01,-3.253,-39.048,-57.858,22.024,-125.472,9.004
49.711,-19.463,-44.999,49.742,-41.269,-14.017,-14.129,2.879,-2.489,-25.935,-26.614,-9.82
41.163,-47.699,-123.237,100.259,7.135,-20.275,-12.262,-20.183,-12.567,37.268,-44.276,22.426
42.456,-58.521,-75.266,8.201,-10.536,149.228,25.392,36.497,20.342,-25.696,-59.639,-1.152
40.009,-34.69,-111.853,50.858,-1.365,76.653,4.808,-22.013,-39.706,13.987,-65.283,-6.98
51.551,2.631,14.138,87.906,-4.222,21.218,10.865,5.303,-41.138,5.021,-25.735,-10.072
42.201,20.455,-144.053,89.985,48.635,8.297,-11.501,49.858,-32.742,40.046,-66.733,23.845
37.325,-146.606,-179.888,93.838,30.957,21.895,7.51,-10.35,1.065,7.105,17.768,-12.42
38.112,-118.144,-138.882,15.017,43.977,112.689,7.109,-29.184,16.145,-54.788,-62.109,-7.612
49.888,4.867,1.103,48.885,18.203,104.299,9.31,6.173,-30.55,-18.539,20.036,-2.237
38.048,-50.607,-159.787,59.604,42.865,-43.517,-25.942,-68.784,-33.079,21.981,-69.788,8.296
49.528,-29.33,-58.558,165.985,21.426,54.59,-8.459,-1.482,-6.352,22.242,-23.446,10.391
38.903,-38.195,-162.845,-8.237,36.821,-14.115,-26.448,-46.604,-3.541,34.742,-46.272,6.105
46.88,-46.582,-41.266,12.213,-25.49,97.354,21.786,18.898,7.849,-31.928,14.247,-10.69
41.449,-71.346,-117.81,133.015,-8.043,-79.382,-22.738,-1.135,-36.384,5.829,-57.235,31.812
39.516,-1.194,-134.76,0.047,29.049,61.359,17.525,-25.749,-51.817,-22.526,-72.027,5.165
39.534,-65.831,-133.678,26.95,28.024,71.863,9.781,-57.357,-64.93,44.477,-100.317,4.983
48.567,-18.047,-56.22,27.316,-25.485,57.794,2.701,16.664,-7.106,-9.579,26.785,-22.083
41.353,-20.76,-129.679,64.327,23.756,-41.176,-9.414,19.577,-23.375,32.315,-35.53,19.131
45.034,-38.491,-82.155,152.312,-31.679,-25.685,-3.773,22.025,1.449,-15.306,-47.713,9.53
35.718,14.132,-52.28,9.398,29.72,131.881,15.881,-41.908,-39.114,-7.136,-97.021,-0.507
48.608,-30.889,-15.918,30.973,-15.063,27.139,-0.79,37.333,-22.473,-27.309,-1.419,-4.8
41.163,38.973,-108.02,92.894,64.442,9.805,-38.068,64.794,-39.502,60.299,-36.523,28.837
35.372,-100.644,-194.956,136.9,28.75,0.122,-19.526,42.622,-4.263,21.828,-16.266,-10.777
35.108,-119.929,-130.913,33.171,50.096,134.04,8.457,29.631,6.993,2.54,-28.107,-7.781
49.384,23.1,34.499,74.144,40.732,71.332,-6.074,-1.396,-47.361,-6.758,-6.426,12.481
36.309,-57.031,-154.491,51.271,42.342,-44.121,-33.859,-47.01,-26.386,21.907,-66.689,9.382
46.747,-47.142,-95.259,130.059,-17.872,23.796,-0.44,3.155,1.335,2.364,-16.247,5.735
37.12,-40.99,-161.647,-11.012,34.406,-4.332,-17.36,-52.35,-5.502,19.346,-40.945,1.569
47.044,-34.655,-33.744,12.994,-26.162,101.935,19.947,21.473,5.652,-21.244,3.975,-9.374
40.958,-69.285,-120.752,139.096,-7.779,-77.036,-30.747,1.971,-30.779,11.05,-64.103,35.041
41.486,33.657,-56.621,-93.913,-14.823,89.742,37.158,-10.027,-33.109,-27.773,-24.198,-0.469
40.164,-3.954,-113.755,3.995,-3.495,36.058,-9.19,-59.13,-14.404,-22.232,-113.117,16.004
49.751,-5.918,-56.18,28.721,-28.786,-1.468,-9.356,18.645,-14.328,-15.714,-4.981,-14.594
42.754,13.605,-132.927,48.889,38.419,-56.537,-9.591,51.709,-29.269,32.908,-13.657,15.753
46.079,-27.048,-74.814,150.85,-18.953,-31.437,-2.045,36.256,1.785,-17.976,-61.139,15.587
39.904,-17.416,-95.25,71.818,12.177,77.797,-15.908,-2.841,-47.191,19.738,-55.28,-0.948
49.629,-33.563,-61.132,32.906,-9.278,27.512,16.721,44.756,-44.4,-6.945,-9.199,-11.136
40.147,-0.682,-125.868,117.609,44.439,-79.667,-41.196,69.373,-4.127,-31.64,-51.965,31.591
33.379,-16.9,-48.211,29.393,39.639,108.241,-32.1,38.769,13.246,25.104,-18.989,2.218
36.286,-55.879,-33.263,-11.772,42.528,103.922,-29.513,-11.205,-0.491,24.637,-89.417,20.08
50.311,7.229,34.964,94.153,23.421,57.717,-14.722,-8.189,-41.947,-6.356,-12.433,16.733
34.752,-62.358,-124.761,90.389,20.635,-29.105,-62.204,23.66,-0.185,-27.808,-54.147,10.24
34.214,-31.114,-15.395,80.063,7.955,176.172,19.356,39.848,-22.207,32.682,-50.256,-16.455
33.386,-58.216,-105.464,-53.801,13.312,72.712,-42.831,11.696,18.518,27.076,-82.004,16.488
48.696,44.291,55.358,37.871,29.319,151.685,19.674,11.146,-6.24,5.942,7.504,4.709
45.043,-24.319,-27.372,83.665,-35.918,-47.788,-42.753,41.055,-33.31,-21.923,-26.14,28.781
40.774,-35.651,-46.987,96.647,-57.455,-96.161,-63.522,28.586,-42.755,8.143,-10.466,16.933
43.324,-31.094,-55.309,83.357,-7.811,33.694,-42.835,36.662,-35.347,-4.055,-7.492,8.188
49.329,25.234,39.387,83.285,26.276,82.172,-19.452,-6.711,-23.796,-1.61,8.454,-1.445
41.671,-62.859,-87.999,106.777,-1.363,-56.348,-44.852,6.664,8.57,2.893,-43.554,35.455
31.937,-49.866,1.697,-30.931,9.232,52.115,-1.256,-22.085,3.517,-4.571,-122.317,22.757
34.249,-48.495,-6.267,-67.851,-12.816,108.755,-12.919,1.661,-23.465,-6.877,-108.07,3.169
49.843,9.056,53.841,109.116,29.216,67.945,-16.491,15.271,-43.414,-8.32,-9.719,4.775
39.818,-71.919,-102.901,159.697,3.461,-76.449,-53.572,27.273,1.888,-8.211,-63.049,39.215
31.75,-61.448,-48.299,57.136,34.508,132.397,-18.64,9.927,14.299,-1.878,-71.784,9.096
34.622,-89.253,-33.842,-1.989,46.87,126.391,-21.295,-12.204,-2.595,4.221,-110.414,20.171
49.793,12.119,36.608,103.513,15.905,42.019,-22.184,-11.968,-41.169,-2.504,-20.587,18.977
33.627,-64.708,-129.07,95.831,23.673,-29.741,-61.273,19.671,-1.655,-27.506,-53.451,9.107
31.692,-47.11,-37.372,122.962,6.849,175.676,19.35,26.04,-28.798,20.967,-61.127,-19.208
34.641,-80.405,-156.532,65.258,41.359,4.665,-55.566,13.301,39.218,-17.773,-31.175,24.367
46.105,16.663,57.222,45.477,26.709,132.321,16.387,-0.497,-16.827,18.864,4.406,7.412
41.328,-38.934,-57.056,129.053,-22.129,-27.056,-37.952,30.792,-29.692,-10.324,-3.141,23.845
39.14,-59.668,-35.031,100.012,-54.497,-82.852,-55.236,2.266,-51.847,1.325,-23.594,17.391
42.167,6.034,-11.888,-22.047,-1.313,88.601,-27.182,59.8,-28.96,-9.21,23.285,-5.208
50.658,81.015,52.348,86.483,17.642,-7.873,-55.516,5.621,-23.707,0.288,-11.617,3.952
40.119,0.625,-47.403,74.209,-11.969,-67.826,-49.45,55.632,6.298,0.115,-8.867,18.937
36.688,-5.364,-26.072,114.171,-22.761,-98.705,-38.518,50.528,13.165,6.57,-0.752,0.951
39.594,-40.579,-72.527,120.867,-15.987,-73.542,-72.835,48.184,-19.066,-11.096,-33.533,14.698
45.756,9.958,53.423,91.704,30.437,101.634,-5.112,17.725,-42.451,-1.407,0.451,4.812
36.718,-42.78,-86.022,146.929,3.212,-90.971,-52.772,46.532,17.71,-10.304,-33.533,36.724
32.824,-59.934,-78.777,163.031,2.475,-98.227,-91.059,-10.565,-4.996,14.239,-33.594,9.67
31.924,-83.064,-31.923,-10.146,45.753,127.988,-25.584,-4.987,3.67,5.024,-89.938,16.648
46.93,19.788,34.215,108.758,17.627,46.635,-22.092,-17.525,-37.648,-7.79,-23.35,20.229
30.623,-61.865,-127.615,80.693,29.484,-30.144,-61.539,24.288,-0.41,-28.261,-51.474,9.615
28.689,-44.915,-45.555,130.684,15.591,171.712,20.263,28.93,-36.85,20.074,-62.768,-19.248
31.331,-83.344,-154.533,48.84,48.758,-9.228,-50.525,20.134,29.387,-16.258,-28.332,21.711
42.693,18.218,56.908,45.885,29.686,127.602,15.462,5.208,-14.787,17.027,-0.774,7.609
41.511,16.799,-9.461,55.895,-33.99,-18.014,-37.988,49.726,-25.82,-16.303,20.785,20.838
40.917,50.225,-15.079,32.271,-47.48,-51.896,-59.121,22.863,-37.181,-10.785,-3.48,16.227
41.602,48.742,-8.608,-7.839,-10.197,41.144,-51.647,72.627,-24.638,-6.138,1.227,8.877
46.718,81.802,51.832,80.929,23.558,-10.774,-55.082,16.072,-21.05,2.262,-5.87,9.128
39.654,39.318,-44.724,27.546,-8.307,-73.05,-60.581,49.89,6.557,-9.334,3.634,15.778
36.79,35.896,-23.563,99.3,-1.767,-22.696,-40.829,15.09,6.535,22.823,14.317,-0.567
36.527,-46.322,-54.983,96.481,-17.151,-80.179,-65.98,37.172,-21.024,-13.826,-25.139,12.258
41.376,10.499,49.328,68.35,35.247,129.393,-5.281,16.244,-33.722,-12.713,-7.472,4.782
33.226,-44.789,-79.916,139.445,-0.127,-93.402,-53.175,48.224,16.43,-7.346,-31.977,31.816
29.247,-51.266,-73.183,131.43,11.673,-94.795,-88.106,10.474,3.631,7.959,-25.629,13.334
28.15,-78.262,-34.555,-22.731,52.366,127.962,-19.237,4.998,-2.04,7.975,-91.823,17.082
42.475,7.801,39.109,103.135,15.631,39.031,-22.697,-7.505,-42.641,-3.064,-23.619,19.82
26.882,-60.342,-127.333,67.282,35.768,-37.099,-60.478,28.379,-3.404,-26.942,-49.209,6.213
26.864,0.56,-30.393,84.16,11.512,162.762,7.99,62.013,-21.142,30.411,-38.448,-15.297
27.717,-78.219,-153.909,43.712,45.272,-20.706,-52.106,16.524,31.415,-4.936,-29.949,20.912
39.002,25.93,50.797,59.429,30.67,146.939,18.699,-5.576,-8.008,-1.17,12.636,-0.321
32.769,-50.923,-90.485,142.507,-3.954,-25.66,-46.602,50.34,-25.007,0.976,-32.792,32.417
23.255,-26.207,-8.569,-40.932,-45.863,59.394,4.469,11.976,-57.236,-13.805,-95.117,23.03
30.553,-69.783,-78.345,121.707,6.056,81.242,-27.78,22.889,-56.298,-2.872,-39.661,10.048
40.387,38.978,40.861,119.018,17.998,29.457,-36.876,-18.515,-27.885,-5.641,-19.915,3.234
29.309,-43.394,-71.76,114.004,-5.703,-66.15,-30.029,50.963,0.831,-13.903,-17.359,26.985
28.324,-4.007,-37.517,123.035,-12.148,-101.464,-35.235,57.272,9.192,3.398,-4.558,3.378
31.554,-59.628,-72.667,117.52,-8.572,-66.854,-59.584,35.699,-25.056,-11.28,-54.428,20.899
32.03,6.849,59.414,-55.48,28.911,169.856,13.524,22.011,-40.077,14.183,-48.063,3.049
28.748,-47.954,-79.583,148.949,0.834,-98.628,-57.673,44.518,6.866,2.154,-35.781,26.754
24.535,-43.632,-83.797,142.999,25.56,-84.85,-80.934,15.197,-9.359,-0.367,-45.738,11.867
23.919,-54.404,-40.179,-18.296,57.148,131.021,-22.14,9.475,-8.361,9.11,-93.733,8.216
37.398,13.498,35.969,102.958,22.519,49.405,-15.986,-8.331,-39.344,-12.191,-20.628,17.984
22.333,-52.365,-127.849,44.799,34.873,-47.749,-55.953,32.218,-0.761,-21.775,-37.731,8.958
21.713,-10.32,-48.336,105.122,24.087,156.495,17.72,50.515,-43.418,27.229,-58.539,-18.139
23.16,-64.941,-141.383,22.492,38.113,-14.749,-52.491,26.884,32.881,-10.836,-18.258,16.218
33.6,26.707,47.51,63.023,27.169,138.132,15.622,-4.735,-9.511,-0.366,11.596,0.461
27.86,-45.898,-83.275,130.871,0.514,-24.791,-43.908,49.856,-29.14,2.483,-31.156,34.84
18.344,-17.98,-20.585,-49.009,-22.836,62.482,15.183,8.878,-78.418,-12.172,-115.514,26.339
21.425,-43.683,-42.961,-60.154,17.729,126.034,-0.65,21.362,-59.945,-3.709,-89.152,9.338
34.384,41.407,40.386,113.34,17.466,23.259,-37.377,-10.953,-27.942,-5.751,-29.182,7.102
23.544,-38.156,-72.385,100.986,-1.344,-67.771,-23.661,61.24,-8.426,-13.399,-12.468,25.838
22.778,-25.778,-45.627,144.0,7.255,-75.696,-19.11,29.517,-7.774,5.498,-48.106,8.358
17.58,-13.472,-18.018,-91.993,12.268,88.867,5.429,11.795,-57.601,11.434,-115.498,1.364
30.436,8.588,53.9,86.598,36.399,92.048,-3.849,26.87,-46.601,-5.244,-1.514,2.18
23.318,-48.638,-86.172,111.38,21.08,-83.245,-50.23,48.426,4.166,4.579,-42.63,47.911
17.113,-7.13,-55.944,41.229,49.373,87.358,-27.706,37.039,-12.071,23.053,-29.084,1.819
18.023,-31.641,-36.676,-31.716,56.935,101.303,-31.762,10.827,-21.895,33.818,-74.375,2.103
27.45,20.672,-26.592,161.667,32.329,39.808,-36.547,11.697,-35.488,-6.726,-40.945,24.272
18.936,11.766,-51.229,161.297,5.929,27.39,-7.083,61.256,-43.689,32.524,7.816,-18.533
16.497,-52.262,-120.067,-12.989,42.55,-22.943,-52.579,31.866,24.793,-1.158,-4.194,14.617
25.736,34.056,39.777,65.17,35.563,124.678,9.166,-1.823,-16.043,0.417,-2.135,-0.26
19.619,-16.737,-62.801,124.264,-5.613,-38.87,-28.695,68.515,-45.614,-6.238,-8.27,21.482
16.928,5.989,-59.271,105.104,-32.929,-76.122,-39.885,46.383,-63.885,-22.309,-33.479,16.424
18.122,-24.201,-45.742,54.128,12.129,60.157,-25.292,53.903,-60.49,6.715,-18.149,10.645
24.433,37.761,44.086,98.409,27.295,21.686,-33.456,2.173,-31.803,-8.937,-17.642,4.381
15.793,-11.165,-56.503,86.102,15.95,-65.626,-30.856,64.531,-18.138,0.486,-17.982,23.731
13.866,20.911,-24.18,99.738,13.724,-73.468,-9.812,67.043,-7.596,-11.356,-23.316,1.831
16.769,-22.349,-43.677,83.559,-1.749,-62.391,-44.864,54.174,-48.181,-13.615,-30.91,8.457
20.232,31.658,48.283,79.333,40.986,76.215,-7.566,31.083,-49.934,-0.407,-1.007,5.178
14.372,-5.271,-58.662,76.62,29.054,-72.753,-34.425,60.051,-8.354,-7.63,-23.687,32.13
10.212,39.722,-35.182,55.49,41.377,-65.793,-58.494,55.887,-15.617,-17.229,-15.998,0.103
12.805,-21.299,-49.099,21.956,47.072,-54.67,-64.849,33.172,-28.76,-9.505,-15.981,-5.041
15.399,50.607,-12.242,117.552,32.708,13.256,-36.09,39.358,-41.015,-7.914,-27.948,18.509
9.862,67.949,3.091,84.487,10.975,-60.139,-5.611,67.842,-42.799,-13.915,-27.056,-17.802
6.247,31.56,-98.535,-59.212,52.176,-52.587,-42.658,18.741,-17.933,-5.361,-0.629,-6.76
10.756,62.161,26.28,40.882,54.39,30.269,-5.274,31.549,-27.849,23.52,-9.573,-2.312
7.563,60.699,-33.319,24.912,24.351,-50.725,-10.304,56.377,-62.499,-16.119,-8.222,18.957
4.575,118.076,-13.161,11.967,6.511,-51.396,-4.808,36.985,-76.742,-24.334,-9.572,6.614
4.073,106.826,-7.992,-14.412,46.503,-15.639,-22.986,25.968,-77.949,-5.422,-0.086,7.503
3.174,142.295,16.399,31.888,49.971,-53.274,-12.231,36.88,-30.536,-8.401,0.207,-10.493
