0.005,171.045,9.264,-28.599,57.308,-50.101,15.034,5.304,-27.175,1.055,-10.721,-7.294
44.38,123.319,66.405,6.71,52.133,-15.796,-38.189,-24.596,-26.954,19.969,17.082,-19.578
49.563,47.572,17.088,18.377,-28.847,-36.26,17.317,-8.477,2.409,-2.139,10.502,-8.25
49.378,76.562,41.967,13.504,15.138,-33.622,5.491,-6.416,-13.381,4.055,-13.443,0.404
49.475,108.278,49.263,54.624,26.1,-41.134,-9.065,2.516,-17.872,13.926,-1.45,-0.364
47.897,120.202,116.718,-10.868,24.724,8.193,1.607,12.01,2.286,-21.734,3.965,-3.968
43.292,59.466,-51.818,138.831,-52.314,-42.97,-12.217,29.793,16.136,-23.13,-67.061,8.279
38.985,104.659,-43.501,131.145,46.705,62.192,-0.193,16.557,-3.639,9.975,-46.67,7.279
47.362,48.396,-33.635,3.838,2.838,-36.676,5.687,4.981,0.185,19.004,10.426,-4.223
43.722,81.523,1.693,20.623,35.358,-4.544,-2.118,8.089,-10.037,-21.252,-57.073,7.239
39.878,94.927,-59.415,138.8,52.99,52.911,-10.93,29.433,4.532,-7.514,-71.633,-1.155
49.114,79.514,20.785,12.777,-4.226,27.384,16.59,4.597,-16.714,32.447,47.662,-11.282
47.988,77.536,69.484,3.928,36.673,-35.33,-13.073,-6.532,-5.726,11.554,-5.124,-0.035
49.469,100.422,73.614,24.68,39.442,-11.61,-16.914,-5.823,1.511,-2.494,13.978,-6.607
40.841,119.323,58.048,212.394,37.671,-63.408,-25.173,32.703,-30.927,-10.18,-36.857,-0.08
35.576,51.95,48.992,149.05,32.938,-16.184,-18.833,-30.496,4.224,-5.869,-10.719,-17.414
48.467,98.924,63.725,11.552,19.924,-12.806,24.085,-8.911,-7.571,6.943,24.838,-1.105
47.534,61.346,-33.096,36.148,22.632,-57.472,9.416,-10.436,-1.25,-20.78,-38.166,-10.484
43.527,105.549,-30.224,9.769,7.338,-31.702,-2.852,3.998,12.502,-1.381,-24.726,7.51
47.625,53.774,-28.494,12.218,-7.591,-47.475,20.43,2.722,-9.434,2.466,-6.477,13.141
45.039,78.029,12.781,-33.012,16.576,-31.5,26.009,8.994,3.914,2.108,-4.21,-6.659
46.487,126.201,11.726,-12.835,18.266,-10.785,3.47,5.358,-3.168,-9.668,-29.983,15.552
47.109,78.619,19.139,-2.731,14.92,-39.508,-12.918,-7.46,-8.639,17.421,5.248,-20.141
49.743,38.501,16.663,18.507,-19.802,-35.541,13.709,-0.345,10.898,8.718,4.272,-9.567
49.867,74.709,43.241,19.117,23.771,-40.748,11.762,-5.762,-2.031,15.8,-17.054,-4.237
49.534,102.484,52.365,55.227,27.901,-40.41,-6.668,8.104,-15.087,16.845,-0.591,0.983
47.15,107.965,106.068,-25.347,24.515,6.674,-16.843,17.533,-4.047,-16.153,-3.455,-11.219
43.734,71.177,-37.799,112.029,-46.035,-1.772,-10.892,21.366,-12.672,6.588,-66.896,21.799
39.876,99.518,-40.712,146.549,39.698,17.682,-12.163,11.362,-7.797,9.396,-77.042,13.915
46.525,54.007,-32.975,3.835,10.244,-3.807,14.165,5.473,-3.263,35.101,36.907,-8.06
43.668,82.139,1.04,21.647,35.579,-5.006,-1.962,8.27,-9.68,-20.76,-56.93,7.289
40.186,94.538,-58.984,137.315,52.061,46.964,-13.022,26.265,0.485,-6.945,-71.501,0.081
47.874,85.092,16.974,-2.003,-2.03,65.3,16.846,4.609,-19.743,40.192,70.306,-16.279
48.197,68.424,74.925,5.516,40.384,-33.752,-12.828,-7.21,-6.089,6.23,-4.976,-10.613
49.913,100.773,71.129,18.206,33.202,-23.882,-6.053,-5.028,-0.996,0.77,9.18,-5.62
43.617,109.772,52.0,146.189,26.104,-68.749,-29.42,23.448,-48.81,-0.193,-16.132,-5.406
39.951,104.577,33.888,57.616,39.0,-33.355,-32.667,43.143,-28.361,-8.222,24.415,-9.736
47.637,104.227,56.75,-9.208,29.91,22.861,14.086,-0.882,-18.078,31.713,26.139,6.808
49.016,59.717,-25.287,33.621,33.315,-50.259,5.585,13.414,1.043,-2.049,-15.06,-0.699
45.612,100.082,-37.699,2.286,13.95,-29.794,-2.191,6.821,10.417,0.882,-19.439,15.294
48.606,89.807,-33.057,-13.168,6.619,-66.776,22.121,10.35,0.448,-12.76,-1.966,3.282
51.12,118.056,-5.857,61.044,32.477,-62.489,-11.965,9.438,-29.599,-24.516,-8.913,25.99
45.143,95.524,1.647,-4.869,12.38,-40.38,-19.733,-1.042,11.038,11.133,-8.506,37.177
43.812,61.058,-5.255,-10.622,4.539,-36.868,-12.012,-0.809,8.453,14.845,-6.988,0.308
44.852,74.736,-5.957,-41.099,4.432,-37.918,-5.625,0.8,-13.066,17.039,-4.686,-4.825
51.944,52.757,2.026,-50.057,-21.415,0.329,-21.735,-1.518,-15.475,16.571,26.15,-17.946
52.597,113.529,5.859,29.529,-4.735,-55.737,-33.697,-36.662,-3.473,10.623,9.177,11.182
53.213,53.448,31.524,-1.8,26.211,-5.565,-38.994,-18.405,4.27,-2.822,-10.749,-15.347
51.658,28.764,37.481,-6.987,16.559,-31.263,-22.596,6.674,-4.852,5.306,-0.624,-13.74
52.816,59.824,62.004,-10.808,26.437,-14.257,27.278,-4.085,1.962,-3.991,0.207,-15.278
52.796,54.742,87.177,0.261,38.742,-27.447,0.38,-15.974,10.725,-5.239,3.811,-6.712
51.292,54.519,8.299,36.044,35.737,-41.725,-1.388,61.042,21.866,5.857,-30.387,-6.884
42.679,24.905,-45.404,65.857,41.259,13.546,-9.444,4.342,-18.336,-4.425,-82.881,38.528
47.343,74.248,-41.748,10.79,-2.434,-29.942,-36.91,-28.165,-32.673,27.248,-6.096,0.029
45.534,-17.056,-38.329,-42.682,3.54,-38.021,-15.887,-39.407,-8.161,45.598,-17.426,3.388
45.48,-12.934,3.803,-17.887,35.26,-35.702,-54.712,62.609,20.54,-1.817,8.089,0.844
46.469,91.226,0.035,-35.675,21.476,15.963,-9.949,-35.072,-27.744,6.121,-42.706,15.058
44.163,58.369,18.807,-88.395,49.459,7.905,21.968,-54.786,-21.327,-7.884,-12.38,-2.699
46.886,152.747,18.956,-66.53,20.96,-2.961,3.611,-100.291,0.636,14.361,-25.642,10.419
52.184,88.454,28.918,-30.98,19.852,-20.23,-26.748,21.983,-11.706,14.419,-18.228,-10.938
50.627,97.621,19.975,6.558,7.447,-43.064,-14.113,-37.835,-29.535,15.406,-10.64,2.102
50.211,43.532,9.929,-26.562,3.426,-17.386,-73.923,1.405,-0.444,-18.323,-2.417,-10.616
51.789,59.764,29.914,-25.064,-0.865,-20.948,-26.115,-3.756,-11.408,4.175,2.852,5.183
51.14,45.46,-15.466,-3.809,-11.345,-29.145,-28.417,-25.864,3.21,-1.054,-7.756,3.292
50.51,0.266,58.891,-42.358,46.313,-42.584,4.41,4.347,-8.948,26.527,7.264,-31.828
49.438,40.898,-14.634,84.905,38.455,-25.102,-5.351,8.084,15.354,-0.606,-55.52,-10.981
42.745,128.067,5.972,-99.923,5.187,15.111,14.86,13.782,10.127,-4.044,32.475,2.797
50.071,121.973,-25.622,14.802,42.869,8.341,-12.277,1.316,-18.204,20.941,-18.98,14.22
45.537,78.497,-13.66,-4.158,26.76,-20.091,-3.684,14.324,-8.378,16.305,7.13,-1.997
43.262,68.397,-50.502,-26.292,10.444,-44.499,-9.946,6.119,-16.035,-2.016,-0.071,10.723
50.528,53.399,-20.858,-75.009,-13.356,22.07,0.509,0.562,-26.025,17.346,19.065,-5.937
54.77,116.257,6.982,-51.49,4.453,-25.636,-61.516,4.969,-7.191,-9.719,-16.565,-0.971
54.695,73.15,28.205,1.617,25.924,-5.522,-46.694,-18.027,19.797,-24.602,-14.615,-15.375
51.304,35.281,35.544,0.978,18.293,-24.494,-31.295,2.512,0.618,4.387,2.879,6.421
53.761,59.282,56.785,18.953,51.726,-40.17,-2.443,-2.696,4.824,19.991,-0.508,-2.206
50.541,40.855,30.104,48.094,-0.16,-17.375,-24.138,10.436,-18.771,7.854,-47.786,2.646
45.404,11.546,-27.157,27.531,77.43,35.073,-12.087,-12.322,-13.54,23.551,-53.949,31.786
48.329,64.723,-29.145,-47.588,24.943,-3.768,-29.299,-32.948,-3.881,29.479,27.78,20.544
50.407,38.293,-7.559,27.356,19.36,0.763,4.376,65.976,16.957,-12.731,-49.749,4.15
44.762,17.753,-2.271,-33.774,23.809,1.372,-13.819,18.295,-10.326,42.443,-4.302,4.507
47.881,92.908,59.392,-85.276,33.684,-7.915,24.172,-49.393,1.951,7.777,-19.624,-0.028
46.626,20.403,-9.35,-38.867,62.989,-20.632,1.507,-40.676,-52.318,18.933,-24.049,-5.319
44.707,214.108,-56.242,-4.124,27.858,-64.747,-2.935,19.908,46.404,-34.44,11.805,42.843
50.734,74.387,-6.63,-0.457,9.706,-20.895,-5.402,0.008,-17.413,37.8,-12.265,4.772
49.122,49.624,23.467,-14.932,-8.002,-30.194,-27.839,-22.19,-9.065,21.835,-0.769,-5.91
49.971,33.479,24.91,0.809,26.884,-28.228,-12.025,7.016,-0.091,17.136,-6.548,0.738
52.412,43.034,43.363,10.498,19.697,-20.102,-30.673,-7.541,6.184,19.782,-2.064,-28.012
52.519,65.203,41.571,1.365,14.977,-31.907,30.622,-17.287,-10.629,12.604,2.345,-13.39
50.345,61.126,39.789,52.576,53.706,-15.721,1.194,-2.0,28.02,-11.33,-56.77,9.523
43.846,186.957,-45.044,-49.692,91.5,-50.776,8.181,42.702,14.252,-13.91,1.839,-1.168
50.944,87.774,28.501,0.785,16.841,-13.172,1.814,-50.724,-15.0,36.874,-19.239,-1.517
47.893,13.408,-46.853,18.851,-15.128,-66.137,-17.634,7.353,8.263,4.916,-10.12,-2.149
46.076,198.635,-44.797,-51.078,-4.408,-32.105,-34.07,3.142,41.059,-10.403,4.205,2.379
50.191,12.468,28.514,-0.166,21.409,-15.293,-17.56,23.595,-2.897,-1.72,-39.293,-20.943
45.755,110.142,19.749,-28.72,23.681,-30.777,50.078,23.328,-2.161,5.058,10.412,5.103
48.346,97.389,-13.564,-3.29,32.638,10.356,2.014,-19.024,-19.9,0.66,-48.573,12.758
48.136,86.903,7.006,-10.7,25.31,-26.683,17.413,16.728,-0.497,-0.208,-4.169,10.976
50.813,106.695,-12.972,-25.909,22.441,-17.654,-32.858,43.802,-5.614,-12.272,1.848,-14.625
53.007,69.715,44.878,-62.257,-10.969,-27.842,-14.257,8.418,-26.832,-0.305,-12.027,1.077
51.518,7.866,50.848,-1.749,-4.685,-9.989,-52.357,-0.414,-33.65,-10.48,-4.177,-6.669
53.586,50.153,99.695,24.26,58.339,-3.023,-26.645,-0.614,-0.419,-0.166,-12.826,-32.29
48.458,78.323,59.988,-26.179,7.082,-28.553,-14.46,0.566,-28.774,12.352,1.631,-16.424
52.333,98.164,59.067,47.941,48.875,11.026,-59.443,-21.522,-7.596,-11.365,-36.91,-4.669
46.03,131.869,61.34,-41.637,79.391,-37.079,-0.436,9.382,-19.798,-32.278,20.402,-23.557
47.331,114.043,44.408,43.092,41.617,-27.918,9.554,-21.788,-34.828,-7.017,-32.744,3.381
44.842,78.191,17.067,-58.799,29.184,-23.227,21.15,-12.206,-27.52,17.833,-16.199,-5.357
50.391,-7.01,10.862,-33.657,54.759,-41.645,-30.505,7.065,-16.081,12.619,4.678,26.501
53.946,44.029,60.314,-35.844,27.174,-0.189,-18.771,5.949,-9.763,14.588,-1.386,-11.457
53.913,69.95,72.226,13.171,48.373,-20.529,-42.025,6.842,17.186,-6.579,-21.154,-20.609
51.692,33.939,67.998,-43.478,58.087,16.824,-34.811,10.766,2.629,-19.821,10.8,5.16
53.925,45.595,78.438,8.781,53.532,-12.675,-77.488,-33.093,-17.119,-5.592,-2.276,-18.085
52.993,93.938,54.656,-26.987,-0.511,9.591,-38.052,-10.045,-21.38,-11.594,32.385,-18.798
54.718,124.256,76.312,-20.656,1.932,-24.651,-53.173,-13.908,-11.035,-3.402,0.05,-19.535
51.096,173.078,-4.978,111.485,31.463,4.643,-81.405,64.797,8.066,-10.374,-96.01,1.394
28.818,141.017,-19.507,5.432,-11.479,-10.749,-29.052,-35.307,-26.87,28.103,-33.036,-21.216
42.841,75.266,-51.239,-57.272,22.93,69.073,-72.222,66.906,-28.414,29.291,-22.498,-22.47
40.262,90.795,-102.572,136.424,-10.785,18.894,-65.808,-38.248,-38.327,44.866,-39.11,16.203
45.75,211.139,35.617,-151.603,35.822,46.626,25.501,-112.812,-45.27,60.531,-24.162,22.959
55.696,57.363,39.288,-6.966,27.143,-45.786,-9.59,0.135,11.962,21.146,-9.796,-31.585
54.851,68.602,13.074,-19.809,23.707,-17.816,-24.858,-6.138,21.846,11.288,-27.074,-23.829
51.841,69.661,16.459,-41.273,29.68,-30.535,-8.538,52.419,-1.153,12.365,-16.448,-13.209
52.971,154.287,-35.443,-5.4,-28.434,-11.744,-17.405,-8.619,4.296,-16.495,-23.513,13.039
52.423,125.282,35.134,-84.24,-11.967,-14.473,-8.164,29.113,-33.641,5.682,-1.506,-3.874
51.651,108.277,-20.258,-43.391,-21.117,-29.809,-9.518,-36.794,-24.17,16.921,-12.865,2.166
54.236,48.512,22.388,-17.007,26.747,-22.923,-25.69,6.468,3.424,3.332,-1.887,13.968
53.342,55.16,-2.324,12.122,31.753,-17.469,-15.471,24.869,-0.309,-6.698,-23.484,20.097
52.422,67.05,23.157,-80.446,20.308,15.604,-3.939,-9.674,-0.641,24.828,-26.338,-18.553
52.42,92.105,-0.434,44.006,-35.924,-21.024,-18.752,-23.912,-15.013,-0.374,-1.323,-23.789
53.008,152.249,-7.78,-88.619,0.238,-18.445,-25.45,21.581,-15.774,12.241,-20.376,-10.778
52.72,108.635,19.045,-53.384,2.588,-9.816,8.556,-70.688,-17.351,18.064,-23.968,-25.69
54.529,23.572,42.77,-13.044,28.77,-24.196,-21.138,7.191,-4.072,-2.313,-19.586,-28.809
55.941,115.535,33.163,-32.969,16.106,-7.93,-35.007,12.336,24.013,-20.56,0.93,-33.753
56.417,105.96,31.109,13.983,26.842,-31.223,16.868,-27.298,36.368,11.282,-16.934,0.302
52.811,103.855,3.377,-29.421,-19.779,-55.272,7.976,39.42,-30.6,13.241,-6.401,-12.134
54.518,29.409,43.506,-27.411,16.234,-20.469,-29.858,5.98,-25.105,17.872,-1.97,-15.122
54.832,43.629,-5.688,17.471,25.348,-47.825,-19.383,-23.121,-33.717,-5.441,-29.072,4.183
51.783,79.954,-6.442,-16.333,-23.192,-43.86,17.16,1.29,-15.192,5.309,9.011,-0.297
51.441,54.828,20.869,-19.708,-9.298,-25.22,18.364,2.339,-15.55,5.069,-22.422,5.939
51.81,108.232,-2.729,-45.084,7.104,-31.229,16.683,13.546,-2.553,-23.548,-0.129,-2.239
53.559,65.563,16.018,-28.477,6.831,-15.671,-23.302,30.368,-33.07,27.635,-27.241,-2.476
53.585,53.402,-5.614,7.162,5.945,-32.547,-11.074,-35.359,-29.457,-3.851,-26.068,9.353
49.486,78.537,-0.092,-11.353,-8.519,-20.172,7.72,-5.593,-11.368,-9.939,-3.367,7.765
50.003,47.695,16.974,-34.258,-19.272,-20.883,12.37,4.419,-15.276,-12.316,-13.784,3.668
54.131,104.409,29.292,-83.923,-24.841,-14.394,-34.8,20.393,-8.621,-4.81,7.621,-13.005
56.22,130.08,9.15,20.492,7.792,-3.741,-54.143,-16.372,4.097,-19.818,-38.106,-12.745
52.688,85.102,14.924,-52.909,-5.877,-2.989,-0.125,-17.002,-11.377,24.084,3.95,-24.716
54.52,63.23,50.997,-21.201,27.604,-30.5,-0.875,1.754,8.568,11.076,-5.805,-6.185
53.334,70.013,-10.736,27.453,13.687,-44.248,-24.935,-12.476,-11.065,-7.933,-32.305,-4.558
53.322,33.151,38.559,23.977,42.897,-12.988,24.189,0.327,26.088,27.488,-11.479,-2.229
51.886,58.402,-5.007,-27.205,-4.685,-11.516,7.702,-36.56,3.66,25.729,7.446,-26.875
51.791,70.964,18.516,-58.871,-10.304,-6.737,-16.165,-7.919,-5.776,-5.557,-28.272,-11.122
54.764,102.356,-14.433,-43.696,6.072,-37.821,-18.809,16.143,-12.127,-3.526,9.341,13.91
53.877,75.541,-13.205,12.418,21.421,-9.623,-57.044,-16.142,13.003,15.516,-48.975,-14.792
49.07,76.366,-0.319,-5.928,-24.964,-13.053,10.9,-6.219,-2.141,-1.239,-8.383,-16.819
51.34,79.564,-28.133,-20.509,-8.053,-15.768,-11.679,12.478,-9.731,6.91,2.324,-15.043
55.212,80.591,16.474,-6.474,21.527,-5.587,-4.621,3.228,-2.286,15.895,-12.447,9.33
54.492,83.517,35.066,-42.496,5.945,-14.698,11.118,-5.373,-1.607,35.062,-22.736,-24.293
53.066,96.258,33.442,-24.921,-17.344,-8.721,7.431,8.248,10.485,-10.055,-10.546,-12.856
53.154,84.234,17.084,-15.139,12.579,-5.779,-6.596,36.398,-17.248,17.677,-20.923,-21.304
53.817,103.5,11.029,-40.494,-16.46,-32.243,4.575,23.794,-8.965,7.337,-22.453,8.234
54.449,75.827,14.539,-15.901,32.535,-29.924,-3.749,4.736,-5.967,14.722,-18.304,0.896
53.229,77.896,17.832,-21.724,30.91,-2.012,-5.153,4.24,0.369,9.42,-2.19,-2.269
54.192,100.626,10.616,-34.456,12.397,-7.392,-17.654,-10.367,13.534,0.408,-25.129,-4.816
51.717,87.692,30.599,-47.893,3.26,5.924,21.498,-16.994,-5.543,15.449,-8.008,-10.692
51.019,100.54,1.16,-35.215,13.167,-8.318,1.756,11.063,-4.303,-4.916,-26.059,-5.654
52.039,63.239,0.869,-9.317,41.649,5.036,-7.266,6.196,8.875,22.554,-31.813,13.961
52.965,72.56,7.978,-60.238,12.014,-15.696,2.342,-23.154,-1.389,38.039,15.79,-17.855
56.198,104.782,41.05,-26.1,3.9,-20.598,-22.818,-7.255,26.063,-11.552,-17.126,-44.963
55.479,73.385,35.568,4.611,31.008,-23.391,-3.533,2.946,26.099,7.946,-41.547,-3.619
51.155,132.441,-24.057,-38.26,9.928,-32.45,-0.791,9.539,-17.906,-2.298,-12.706,-30.268
55.514,74.583,22.351,-34.195,23.88,-28.744,-13.678,-0.297,-7.161,16.399,-2.31,-10.026
56.487,122.366,23.81,1.659,12.872,-28.98,-34.71,-7.41,14.56,0.559,-22.991,-25.321
52.813,28.381,26.353,5.486,9.229,-38.573,-14.475,20.116,28.319,8.898,-22.115,-15.947
52.964,42.038,-15.96,-1.981,18.775,-21.622,-24.926,3.03,21.56,32.2,-49.908,-12.223
52.809,54.089,-4.826,-32.859,7.696,19.994,-2.391,-16.808,-3.759,18.446,17.165,-24.438
52.667,92.694,1.645,-48.921,4.561,-7.846,-14.52,3.813,6.828,-6.975,-22.721,-16.677
53.48,78.433,-14.572,-16.994,16.852,-8.216,-26.865,-20.763,2.79,3.588,-21.158,2.271
51.547,90.575,-5.162,-18.355,-26.793,-32.441,22.862,-14.285,-12.259,4.839,11.426,-13.107
53.088,75.325,37.364,-33.766,7.596,-8.332,28.178,53.682,19.597,8.818,-29.23,-8.902
53.057,47.797,-6.386,-5.562,7.377,-30.173,-18.32,-22.709,-26.914,1.268,-11.116,0.916
50.182,40.763,25.141,-26.42,-17.962,-8.267,11.338,0.837,-7.004,-19.496,-2.021,-0.636
51.768,89.134,-17.541,-45.427,4.306,-19.033,-11.822,42.107,-1.637,-21.029,2.478,-6.254
53.058,162.964,-5.031,-67.37,15.413,-18.616,-20.089,-6.244,4.398,1.597,-19.461,3.32
52.927,34.685,6.749,-34.707,7.494,-12.198,-28.196,0.002,-8.714,8.095,-3.274,-32.861
55.668,81.975,12.369,-15.825,22.96,-41.791,-20.561,-8.847,-12.718,7.934,0.905,-10.356
53.663,87.185,2.256,44.411,24.276,-42.461,-12.782,12.471,7.807,0.674,-28.199,-13.051
50.732,29.97,5.943,-34.507,3.279,-19.056,-19.881,25.589,-3.092,-12.137,-7.032,-7.596
51.839,62.41,12.764,-55.792,-19.399,-18.358,-21.042,4.454,-1.832,-0.653,-23.05,-11.03
55.179,90.11,-7.696,-21.905,7.9,-35.765,-47.595,-11.051,-9.34,-8.088,-1.081,-13.136
54.585,95.952,-7.499,2.204,16.998,-8.379,-55.144,-22.316,22.506,-17.354,-34.137,-23.602
48.741,40.745,6.919,-45.936,-7.497,-15.615,2.932,0.609,-0.471,-13.869,-11.143,-9.005
50.738,36.626,-24.78,-5.836,-20.95,-34.956,-11.037,-16.421,-19.219,26.844,-11.548,-16.176
52.042,73.82,15.773,-80.565,-0.974,13.661,-3.988,18.662,4.349,-6.148,-31.126,-12.42
52.026,46.723,18.515,-42.259,-17.571,-27.329,-22.64,6.489,-6.025,15.203,-0.562,5.352
53.589,80.653,-29.844,19.007,10.137,-54.07,-18.632,2.121,-29.27,-8.671,-8.423,4.409
53.728,44.205,39.756,-40.695,28.014,12.836,15.31,-19.388,20.004,6.233,-23.326,-35.346
54.102,35.262,46.283,-1.024,31.599,-23.14,-2.834,5.046,39.997,-19.171,-23.641,-38.706
50.076,69.068,43.18,23.344,17.014,-31.963,-1.531,-4.663,-1.288,-2.793,-25.508,-12.384
49.284,102.735,45.983,57.082,28.708,-47.673,-5.18,4.967,-18.862,12.783,-1.703,0.686
46.332,84.227,65.546,11.801,18.653,22.348,-5.706,11.967,-4.585,-9.97,-48.977,11.5
41.617,98.91,-30.786,49.344,54.462,33.268,-3.326,2.665,-12.587,5.664,-19.03,-1.816
45.741,57.663,-35.8,-6.18,17.038,12.056,15.311,9.469,-8.985,37.184,43.992,-9.749
44.261,88.147,-14.938,40.563,45.262,-11.104,-6.88,-1.509,-9.269,-19.395,-50.998,12.806
42.411,87.942,-35.06,76.682,46.353,25.376,-4.362,0.882,-1.149,-3.174,-34.622,3.577
44.547,57.433,58.762,-143.743,11.943,101.548,26.05,-4.315,-10.759,-6.474,-9.289,-15.587
49.731,50.281,97.303,-7.055,35.628,-20.54,-30.886,-11.37,-28.333,-15.137,-3.217,-14.028
51.264,76.487,80.745,27.979,30.065,-20.136,-12.345,-22.85,-16.595,-10.188,-9.981,-10.829
49.689,62.175,99.941,-4.312,46.344,-12.552,-52.175,-18.988,-24.292,-10.709,12.097,3.875
47.531,51.096,92.212,98.955,50.724,-30.832,-38.595,-49.292,-53.184,-11.462,-3.094,-5.984
43.727,-4.447,115.492,17.622,53.352,0.391,-57.072,-20.9,-23.598,-31.075,-8.532,-17.214
46.484,23.369,132.418,-67.693,44.275,-11.56,-25.642,20.3,-19.461,-17.369,-1.523,-4.959
49.107,34.504,-23.238,24.541,32.412,-42.599,-3.439,-14.886,-11.281,-22.565,-21.634,-11.607
46.238,35.936,28.462,-29.467,51.539,5.127,7.274,18.423,9.597,-41.342,-1.185,-5.431
47.867,42.348,-32.099,7.058,-4.849,-37.848,12.307,1.23,-15.67,-8.734,0.269,13.768
45.8,59.882,17.408,-37.082,24.376,-27.589,11.11,9.649,-4.576,-8.479,3.495,0.047
49.241,77.967,0.413,-3.071,42.544,-0.182,-16.881,2.824,-8.576,-13.04,-21.68,22.774
48.68,67.279,8.81,-17.528,24.183,-47.458,-19.898,3.795,-18.227,4.099,2.926,0.542
48.28,47.639,10.347,-15.037,24.662,-53.981,3.962,-13.756,-13.678,-1.9,-10.307,-3.996
49.22,36.723,-1.418,-5.544,-24.874,-47.373,-15.552,-22.779,4.447,0.857,1.188,-4.517
49.898,68.58,35.192,23.615,19.329,-43.32,-6.771,-5.937,-8.433,10.082,-20.012,10.83
49.697,95.368,41.281,52.436,27.063,-46.247,-8.684,3.671,-20.105,11.573,-2.27,3.64
46.592,104.255,100.031,-20.588,26.999,0.131,-13.088,21.855,3.741,-17.501,-4.654,-9.009
45.309,60.993,-27.405,88.203,-40.518,-8.667,-6.278,16.39,-0.741,6.978,-50.607,10.798
38.766,62.808,-12.449,13.666,46.355,96.115,23.994,1.701,7.335,-43.778,-52.804,5.775
41.222,28.262,16.436,-126.936,29.006,96.596,33.453,36.667,9.037,-20.085,-0.16,4.215
46.114,117.225,19.761,-36.903,26.766,-31.217,-0.089,2.135,-7.709,-3.465,-1.953,1.637
45.259,96.568,-27.901,64.012,52.528,-7.613,-1.684,-4.041,-15.926,-16.933,-55.73,6.414
41.014,64.699,-38.472,77.497,52.189,64.355,8.733,-8.095,5.746,-19.343,-41.233,0.747
48.963,62.657,32.43,-16.134,-2.068,73.137,25.86,-1.329,-14.639,3.414,59.067,-21.187
49.416,49.849,98.434,-10.227,39.046,-23.167,-11.034,-9.955,-18.047,-9.468,-4.584,-11.624
51.124,75.455,72.346,29.47,32.608,-23.886,-6.889,-12.301,-8.727,-7.117,1.353,-9.24
48.744,93.109,105.879,19.748,29.392,-32.748,-52.42,-9.781,-25.008,-8.433,5.013,-11.292
46.669,61.599,84.753,100.985,45.076,-51.252,-31.803,-37.937,-58.41,5.636,-7.9,-9.265
43.864,9.459,92.145,7.347,66.516,-6.803,-42.524,-1.885,-33.647,-27.48,1.846,-25.36
49.951,74.146,70.523,-11.317,30.566,-15.776,-24.892,-16.613,-23.303,3.219,1.695,-3.133
49.216,35.633,-16.983,28.172,33.999,-44.254,-9.3,-11.899,-14.648,-15.336,-10.38,-8.277
47.955,54.683,7.031,1.438,31.392,-34.082,1.117,3.103,1.765,-2.459,-8.219,4.165
48.726,104.236,3.064,-19.227,37.751,-51.697,7.512,-2.507,-9.338,-2.473,-6.87,4.603
50.002,86.082,-0.927,-5.544,43.386,-5.393,-11.019,-3.529,-11.002,-8.139,-25.151,23.723
47.631,72.084,-21.751,-27.967,25.24,-39.925,-17.356,11.603,-3.253,0.418,-5.49,16.904
47.716,62.223,-21.42,-34.675,19.462,-33.823,-19.381,-4.156,-19.915,13.497,-5.011,2.227
49.372,85.513,-4.764,-35.267,18.939,-18.666,-27.335,4.999,5.461,-5.95,7.751,4.898
53.64,81.581,-2.351,-42.783,3.376,-13.896,-26.039,-7.947,-12.685,17.537,7.018,-4.594
55.142,115.236,31.052,-21.343,38.739,-30.606,-56.215,4.212,24.557,4.597,-11.665,-6.598
53.795,106.903,30.005,-10.434,21.55,-8.449,-39.057,-17.937,17.091,-13.301,-19.916,2.714
52.324,123.91,24.838,12.383,28.352,-42.279,-18.152,37.736,-2.719,-18.125,2.32,6.724
48.933,91.572,6.932,60.458,23.25,-19.343,-6.274,-9.299,-32.73,26.721,-39.634,28.468
51.076,88.659,12.387,18.946,12.664,1.868,-49.121,54.377,-22.153,43.948,-2.329,3.719
50.971,84.434,16.752,1.502,37.035,5.245,-43.017,-13.625,-5.846,57.431,-23.317,-2.649
49.138,13.093,-17.829,-58.454,-2.414,-11.514,-32.326,14.266,-23.024,-7.949,-20.325,-16.621
48.444,42.123,-38.462,-22.156,28.497,-8.29,-45.689,-15.768,-18.26,-18.785,-36.748,8.884
46.153,120.401,20.397,-50.352,54.257,-9.178,-6.025,-85.734,-8.96,17.963,-27.716,-4.723
50.199,81.786,8.807,-28.209,-1.117,3.06,-0.124,16.604,5.59,-0.412,25.334,-6.744
49.886,26.412,23.382,-15.437,4.636,-17.842,-46.572,-17.544,-8.744,11.363,-9.95,-6.722
49.017,54.65,39.746,-17.019,-5.91,-27.769,-42.099,4.993,4.231,-21.471,18.93,-11.008
49.538,94.829,20.697,22.577,27.905,-6.513,-10.873,-55.494,-36.341,-0.152,-56.08,0.831
45.386,-33.993,-15.889,-0.953,11.095,-37.089,-6.364,-0.626,-28.466,4.321,2.572,16.78
47.8,-0.107,53.555,-128.494,5.775,-35.306,1.313,19.187,3.507,2.086,23.445,-4.084
52.517,28.747,32.283,14.184,28.669,-37.782,9.224,8.227,18.4,2.981,-13.393,-21.736
51.473,53.74,30.603,32.134,44.143,-18.168,6.909,-6.546,31.954,1.549,-18.434,-14.248
47.661,76.634,93.125,-12.448,5.721,-26.285,36.068,14.681,-34.413,-4.411,-5.137,-20.395
49.894,82.879,46.89,8.579,20.897,-1.454,17.799,-8.715,-41.157,-18.97,-34.594,3.212
48.062,76.451,40.423,-1.128,9.675,11.533,17.813,11.542,-47.065,0.782,15.529,-3.68
49.66,43.107,45.21,5.989,-6.795,-34.474,27.01,19.619,-52.739,-11.624,-16.106,8.273
52.616,56.708,29.139,-71.241,-3.558,5.601,1.088,18.087,-23.064,-10.712,1.265,8.583
55.291,93.226,44.196,-3.207,35.859,-18.499,-38.685,3.573,17.709,-11.7,-0.333,-15.626
53.482,74.894,28.241,40.4,20.039,0.255,-21.952,-17.34,-2.382,-26.138,-22.015,18.442
52.033,60.321,66.04,46.519,55.248,-5.491,5.378,-18.101,-16.62,26.475,-29.354,2.024
51.653,61.628,86.059,-45.523,45.478,20.734,32.021,-2.864,8.975,14.302,9.361,-21.395
51.565,51.235,49.682,58.473,43.258,-18.572,-1.007,35.875,19.808,13.918,-58.827,4.503
47.314,82.504,36.886,-51.222,58.394,-31.733,31.861,-67.161,-11.138,48.42,-17.177,3.592
48.784,34.655,22.196,74.399,59.237,-20.717,-5.905,-4.615,35.232,1.693,-44.146,18.848
47.357,32.228,-0.761,-52.135,19.974,5.799,6.901,-11.293,-6.713,16.197,12.501,-13.224
48.009,115.758,-3.662,-34.112,19.004,14.661,0.539,-6.204,-27.406,-5.571,-40.322,15.283
49.469,120.946,-7.027,-50.767,-15.232,-21.749,-53.65,6.994,16.195,-12.794,16.049,-1.148
51.099,71.031,6.389,38.099,30.317,-18.658,-49.326,-34.959,2.905,36.156,-16.585,-4.334
48.883,48.386,37.753,-64.224,19.838,13.844,30.378,-3.376,7.483,6.466,6.773,-12.524
49.531,67.086,34.079,1.528,9.123,-36.637,-35.199,6.684,-6.519,10.634,-2.145,-11.353
49.774,90.571,50.489,-29.898,50.331,-26.251,1.22,-37.376,-28.183,25.313,-13.172,-6.407
50.406,47.202,52.51,54.419,40.025,-54.797,11.788,0.039,-36.481,25.852,-12.183,2.794
47.264,57.372,12.459,-21.379,11.023,0.84,-29.55,2.138,1.89,-5.781,-55.421,19.468
51.294,58.318,33.002,-51.933,22.215,21.842,2.7,-1.169,6.482,11.68,8.7,2.078
50.745,51.525,20.394,-17.563,4.255,-11.07,-36.541,-8.73,14.265,3.518,-6.443,-13.798
52.226,43.272,52.577,8.287,25.726,-17.396,8.208,7.245,6.595,-0.905,-30.135,-11.317
46.598,43.317,62.887,-42.761,40.652,-38.161,20.777,32.219,-17.62,12.036,1.12,-2.628
50.836,71.564,17.005,5.953,42.512,-3.162,12.715,-5.61,-13.888,-10.683,-34.929,-2.685
47.982,61.035,65.647,-16.069,35.358,-27.301,-7.144,15.709,0.389,-1.225,-18.935,-23.87
52.225,63.174,10.663,-24.974,39.648,-36.287,-24.234,35.068,-9.224,-6.993,13.106,-37.023
53.417,71.29,32.492,-37.698,12.301,-13.836,-5.025,3.436,1.128,-16.789,-21.068,-4.539
52.654,49.195,79.363,-47.778,48.498,-0.446,-35.043,28.382,-0.118,-23.064,1.795,-12.683
53.753,66.34,121.611,29.868,56.98,-36.495,-13.408,-0.147,14.479,7.798,-2.698,-46.5
50.74,50.314,55.861,57.381,57.635,-27.343,-30.199,18.363,2.916,-18.659,-32.97,-33.413
50.913,80.719,86.663,-76.469,30.201,3.883,-44.321,11.689,-3.397,1.061,-4.2,0.284
50.251,53.227,35.945,75.668,42.304,-33.341,-68.399,-1.993,-4.71,-4.664,-26.021,-15.065
46.023,138.782,9.891,-43.292,87.595,-36.828,-3.224,16.246,-17.384,-14.113,3.746,-0.281
46.144,134.214,-0.226,19.08,75.237,-26.112,-16.58,-10.835,-12.747,3.205,-38.831,13.175
41.748,128.164,12.737,-23.309,45.102,-45.465,0.94,5.983,-2.005,20.642,-10.43,4.165
48.127,29.428,-12.037,-98.39,32.602,-22.995,-9.912,-45.845,-13.079,12.975,-0.511,19.409
53.116,65.41,44.538,-30.908,35.89,-11.275,-23.942,10.954,-1.845,15.562,-13.915,-3.072
48.696,52.417,99.278,-87.25,80.41,-12.897,-28.135,-12.709,-3.646,13.712,0.916,11.991
52.236,50.858,66.483,13.287,75.083,-19.23,-90.339,-19.36,5.158,-5.395,-8.783,-13.764
50.985,41.32,19.859,-24.202,23.047,-29.97,-73.616,-23.641,-8.573,-1.725,7.374,-3.915
53.164,46.868,-2.631,-36.546,18.647,-11.46,-46.799,-0.807,-9.458,-6.817,-18.622,-9.715
51.928,31.102,-33.7,5.013,-10.626,-18.977,-42.162,-14.655,3.717,-8.177,-26.546,-17.693
47.518,75.73,-48.446,-28.372,-20.308,-55.294,4.939,-2.439,1.547,18.005,19.746,-19.269
48.909,119.871,-52.64,-35.867,16.694,-7.136,-7.916,26.005,5.583,-7.365,-36.285,-0.07
46.029,118.757,-62.034,-48.386,-25.412,-28.838,-44.727,12.701,6.651,3.47,-6.324,-14.585
48.295,107.168,-62.06,-49.006,8.342,13.837,-65.591,24.481,-15.412,21.297,-44.38,-17.974
45.708,159.008,-71.116,1.245,-8.106,-5.263,-32.347,8.713,-25.386,38.608,-7.275,9.267
49.381,158.292,-4.51,-108.165,8.379,18.151,21.508,-70.591,-27.982,35.708,-23.074,9.504
54.598,48.775,32.84,-12.907,14.21,-46.692,7.789,-4.375,-11.216,13.421,-2.522,21.447
55.666,59.814,43.794,-2.211,23.13,-31.172,-9.514,-2.308,10.965,11.788,-7.81,-28.529
54.516,61.379,9.79,-24.98,14.546,-29.458,-19.102,-1.859,15.275,11.985,-32.832,-24.165
52.426,74.178,8.992,-15.337,31.399,-26.988,-0.034,54.282,-0.905,-0.496,-11.333,-8.946
52.368,153.256,-33.833,-16.853,-33.949,-9.166,-11.597,3.045,-15.091,-8.491,-22.168,8.906
52.446,119.282,24.613,-67.777,-16.625,2.212,-3.721,28.3,-36.734,3.931,-8.91,-3.371
51.105,115.473,-22.242,-33.658,-8.091,-32.196,3.2,-31.26,-14.609,10.993,-9.666,1.451
53.297,41.875,29.722,-42.727,20.931,-13.705,-12.499,-5.279,-10.645,12.356,-12.528,9.317
54.224,70.69,-4.624,16.104,29.997,-17.91,-11.483,20.211,-5.79,-19.628,-3.352,11.081
48.731,104.425,-4.51,-48.761,1.612,-38.583,8.778,-7.096,-6.672,6.785,-5.974,-1.018
55.512,53.13,24.529,-4.945,32.251,-35.516,-41.758,-8.721,12.541,15.236,-6.953,-30.871
51.772,87.873,-5.34,40.862,-36.795,-23.628,-23.187,-31.399,-18.452,-10.298,-6.114,-12.249
52.872,143.026,-9.791,-67.865,5.277,-13.536,-14.718,19.939,-15.316,11.467,-23.773,-0.231
53.92,74.982,8.187,-29.058,17.045,-11.139,-3.95,-44.242,-29.228,34.344,-9.514,-16.043
56.377,119.797,30.465,-24.585,5.751,-18.57,-27.35,8.126,16.336,-9.626,1.69,-29.868
55.408,104.362,20.703,21.046,14.921,-21.215,9.515,-2.987,21.206,6.529,-17.787,-8.495
54.679,29.974,47.47,-18.48,19.549,-31.256,-15.792,10.591,-12.405,7.607,-0.511,-6.777
54.63,47.929,-8.612,27.932,29.364,-40.982,-13.789,-22.357,-31.955,-1.873,-31.236,9.181
51.669,74.96,-2.798,-9.94,-20.339,-42.035,13.056,-8.3,-20.406,8.963,1.382,2.863
52.554,91.427,8.326,-24.717,9.204,-44.053,15.192,-8.981,-23.581,-1.485,-2.246,13.921
54.397,57.9,14.257,-18.421,9.487,-13.386,-34.752,29.3,-12.612,-15.265,-21.129,-6.496
53.334,60.754,-13.576,7.124,10.328,-34.9,-23.577,-21.163,-15.351,-5.392,-29.465,3.174
49.648,75.666,20.59,-36.776,-30.9,-4.151,16.676,7.807,-3.092,-13.819,-2.237,-13.716
50.805,59.191,-17.772,-8.498,-28.179,-41.637,-8.454,-17.791,-24.573,25.603,5.741,-16.123
53.254,115.046,27.871,-86.277,-12.327,-8.105,-33.301,14.386,-12.447,-3.865,4.38,-17.672
55.479,131.582,8.192,14.728,1.29,-5.743,-48.389,-15.272,4.803,-18.953,-35.108,-12.076
53.022,72.69,10.546,-43.988,-1.951,-15.875,2.837,-7.946,-10.122,25.806,7.664,-12.196
54.012,77.74,-8.032,23.039,12.276,-39.451,-18.326,-11.983,-18.019,-12.033,-19.236,2.802
50.518,51.96,39.138,-52.257,22.193,-12.385,13.563,-3.299,6.177,6.786,-31.802,-15.645
51.993,69.872,-9.779,-33.179,-33.104,-33.142,-16.51,-27.556,-5.165,22.489,-12.613,-20.201
52.206,27.809,25.579,-5.302,4.528,-24.472,-14.824,10.4,5.676,6.42,-27.655,-36.795
51.877,74.266,8.634,-60.531,3.394,2.179,-15.477,-6.323,1.479,-2.343,-31.122,-12.739
54.275,111.348,-7.855,-36.256,0.605,-36.858,-27.244,22.021,-8.619,5.669,17.471,4.519
54.339,69.097,-8.847,-2.868,30.406,-19.111,-63.407,-9.546,23.867,6.412,-40.651,-12.027
48.983,77.834,-5.08,-16.376,-30.535,-5.659,10.028,-6.755,-5.629,-0.357,2.954,-18.368
50.715,80.067,-28.894,-12.14,-13.276,-16.834,-8.253,6.792,-6.29,6.556,-3.528,-7.71
54.787,85.976,13.124,-3.84,14.487,-4.513,-7.743,-0.083,-3.541,12.218,-15.47,-2.6
54.916,71.537,36.311,-26.675,6.586,-8.304,4.296,15.818,1.976,22.604,-26.462,-27.432
52.335,77.287,30.696,-54.116,-4.165,-21.403,18.691,15.389,-4.603,-7.914,-15.618,-10.78
52.769,84.508,-3.849,-17.081,-1.224,-26.033,-0.383,21.982,-17.188,11.114,-14.144,-19.964
54.09,107.073,14.619,-51.668,-18.759,-25.589,-4.796,24.414,-11.511,19.712,-2.128,4.302
56.082,170.505,22.691,-20.74,-37.458,-19.868,-28.226,-15.422,-18.653,2.097,-11.275,-3.604
54.662,119.205,16.471,13.698,-8.83,-24.593,-6.231,17.96,-25.281,10.279,-31.862,-13.329
54.47,71.154,6.996,-16.226,30.235,-35.494,-11.241,11.436,-1.377,15.89,-25.071,4.325
53.477,86.837,28.906,-9.074,22.696,-10.429,-20.261,7.071,-5.804,4.569,-4.79,-6.004
54.587,109.16,-4.684,-9.36,2.523,-2.805,-18.469,-15.187,11.901,14.956,-37.558,-10.34
52.078,83.447,27.27,-43.597,8.868,12.642,22.271,-14.089,-5.767,12.181,-1.028,-14.709
50.962,100.565,-5.25,-38.185,3.33,-19.825,-5.93,19.23,-5.488,-4.664,-21.709,-2.686
52.577,63.158,2.872,6.136,41.579,-11.601,1.805,9.213,19.971,16.121,-26.713,12.463
54.513,70.319,27.796,-44.461,8.492,-20.021,-7.27,-3.895,-9.445,51.441,-8.618,-14.368
55.394,104.894,25.188,-0.541,10.333,-18.516,-21.293,-7.029,19.192,-2.156,-30.27,-30.088
55.116,69.713,15.681,-29.366,23.861,-45.836,-16.386,6.849,-9.047,17.703,-4.675,-8.451
55.992,123.074,29.922,-9.254,13.379,-21.372,-30.114,2.016,17.105,-5.359,-9.465,-30.284
52.508,41.884,24.063,2.748,18.651,-17.086,-11.61,3.558,13.328,21.309,-17.883,-17.211
52.509,47.417,-10.183,1.088,19.187,-4.621,-19.874,1.977,23.376,28.701,-27.576,-16.53
52.215,58.459,13.919,-28.946,10.488,10.893,10.729,-17.348,-9.693,31.297,-19.177,-20.814
52.671,93.439,2.929,-44.634,8.259,-2.25,-7.649,3.538,4.531,-12.685,-18.792,-6.823
52.917,69.411,7.251,-26.906,16.907,-4.689,-11.14,-29.437,-2.794,4.209,-26.843,8.831
51.832,74.876,-1.838,-22.865,-11.737,-53.07,22.564,-5.791,-5.802,16.23,-19.491,6.371
52.698,62.427,37.199,-43.25,6.048,-14.5,29.894,53.914,12.625,2.796,-23.046,-0.563
53.213,52.042,-11.945,-3.726,12.587,-14.449,-10.018,-18.915,-27.542,15.465,-1.404,3.12
51.032,66.744,22.664,-24.62,-5.274,-22.303,10.194,0.083,0.681,2.328,-0.934,-5.904
52.103,102.87,-20.199,-18.207,11.628,-46.702,-6.889,38.692,3.153,-6.867,12.108,-3.368
53.054,168.212,-4.12,-57.325,-1.863,-8.933,-21.985,-3.681,-1.797,4.067,-17.593,1.359
52.457,68.45,-7.748,-46.811,-1.609,-34.702,-11.941,-33.655,-16.342,20.283,-18.134,-5.284
55.33,84.304,18.088,-10.939,25.292,-40.717,-13.573,-10.984,-15.731,5.589,-1.773,-10.045
53.518,92.75,19.306,29.741,27.984,-30.942,-13.749,20.819,11.842,2.536,-35.669,-13.349
51.29,41.127,4.907,-43.008,21.717,-25.691,-16.08,12.5,-14.668,2.071,3.799,-8.839
51.012,45.763,24.009,-34.99,-20.193,-32.783,-5.313,-1.377,-5.398,16.734,-0.379,-9.367
54.094,96.156,10.777,-17.732,-0.702,2.512,-6.252,-12.475,16.884,-17.35,-19.109,6.529
54.848,89.279,8.882,-35.686,9.791,3.553,-20.306,-2.709,-6.77,-1.975,11.426,-6.763
54.278,94.389,-9.191,10.891,18.1,-14.915,-44.596,-31.573,15.217,-4.555,-45.297,-12.444
49.72,70.745,19.719,-22.596,-23.139,-11.804,16.643,-0.267,-4.745,0.39,-8.051,-1.902
51.063,44.282,-6.084,-4.825,-13.751,-24.995,13.367,-16.016,-4.472,26.652,-2.196,-5.166
54.111,84.203,11.823,-19.191,20.253,3.976,-13.955,19.012,8.782,9.129,-10.282,-19.37
52.356,59.819,10.617,-38.293,-14.375,-20.902,-34.725,-3.592,-0.241,25.599,1.933,-5.311
54.471,80.33,-13.522,-2.506,2.929,-42.76,-19.555,-13.165,-24.699,-2.53,-5.092,-11.503
51.534,77.981,-35.548,-11.818,14.863,-64.595,-18.006,-21.132,-15.957,-14.079,-17.825,-5.488
54.044,44.199,8.034,-31.725,19.866,-1.715,1.261,-30.802,10.52,14.505,4.523,-32.026
55.102,59.139,12.262,2.718,27.476,-39.959,-14.469,6.774,15.203,8.251,-18.589,-21.014
53.574,79.328,-8.851,11.702,23.495,-48.573,1.622,-7.711,-9.075,8.547,-7.09,-4.369
51.501,68.992,6.226,-19.431,13.658,-32.701,-7.261,-8.319,-0.377,11.787,-8.919,-21.216
50.598,64.72,8.132,-45.647,-4.42,-27.179,-8.328,2.073,-7.318,-2.387,-15.753,-18.574
51.206,78.731,-16.833,-14.136,-20.121,-51.684,-1.235,-6.189,-5.575,11.969,-18.794,-6.492
49.829,75.979,-3.629,-42.417,-5.056,-25.66,6.934,-1.306,-1.747,9.559,-24.151,-0.542
52.128,87.65,-12.35,-6.386,1.783,-24.086,18.247,-36.105,-7.241,17.008,0.596,-23.022
50.02,52.457,-10.491,-3.799,-8.7,-28.269,24.968,-13.965,20.313,1.907,-9.469,-19.929
53.18,64.118,-20.274,22.008,15.818,-56.849,-1.42,-21.34,-15.997,1.895,-16.804,-7.595
50.542,52.226,-0.776,-20.245,-9.888,-20.334,-10.315,-20.206,-0.437,12.201,-4.827,-17.217
50.594,65.011,-15.642,-23.614,-12.187,-42.522,-2.073,-12.031,7.544,6.37,10.017,-17.737
51.485,69.832,-31.119,-14.584,-3.657,-54.216,-25.172,-15.201,-5.517,1.793,-12.061,-5.849
52.712,64.33,-10.774,-29.926,5.938,-31.711,-3.621,-15.768,-6.443,24.343,-14.775,-12.689
54.041,99.149,-18.629,1.072,12.861,-58.878,-12.574,-5.564,-21.091,-5.829,-16.619,15.204
52.621,56.52,25.446,-12.8,17.345,-47.575,-20.092,-7.001,-4.394,12.673,-8.566,-4.403
51.817,106.409,9.555,0.888,21.554,-27.983,-4.788,-5.764,17.942,-30.531,-3.129,-11.833
53.167,76.893,1.399,-14.26,-8.94,-49.179,0.069,-24.512,3.365,34.126,-9.749,-8.016
50.802,57.402,16.047,-15.381,-3.934,-31.175,16.637,-2.076,5.494,-2.322,-9.961,-18.224
50.615,61.189,-3.763,-20.983,-38.418,-54.429,12.497,-12.916,1.389,18.102,-16.164,-9.356
53.198,78.364,-15.704,20.861,6.971,-47.467,-13.142,-6.625,-13.737,-4.075,-30.136,-0.368
52.164,70.534,13.023,-9.889,8.454,-16.2,0.335,-26.514,-4.669,16.28,-17.754,-15.415
49.848,55.601,15.918,-9.487,2.629,-48.805,10.276,-18.163,-4.789,14.96,-5.007,-14.489
50.862,88.069,12.688,6.2,-16.378,-37.765,17.011,-4.311,-2.87,6.11,-8.096,4.009
50.382,69.087,-8.314,-5.785,-28.325,-45.093,4.983,-3.203,0.231,19.602,1.053,-20.512
52.151,89.38,-25.019,13.274,12.559,2.067,-0.468,-7.689,-17.204,-1.918,-0.775,-0.887
48.339,80.298,-13.102,-27.584,-6.031,-34.344,5.98,7.941,-4.539,-8.778,-6.135,-10.426
50.967,70.652,-7.202,-41.543,10.209,7.535,17.914,-30.077,5.338,-6.21,-22.216,-23.667
52.464,45.055,20.303,-2.905,17.915,-20.979,-11.929,-23.853,6.115,19.273,1.695,-17.379
52.624,48.266,12.192,-22.191,4.762,-54.911,-9.738,-16.27,4.607,10.266,-9.863,-12.692
53.286,58.992,-11.083,9.465,19.938,-56.064,-12.649,-22.412,-23.571,3.51,-18.784,-6.178
52.804,76.091,2.62,-13.117,26.93,0.981,10.338,-19.1,23.749,3.592,-19.368,-33.164
50.956,51.73,38.122,-34.356,-8.368,-31.891,16.238,12.281,20.665,14.64,-7.373,-35.638
52.015,69.636,-27.883,-16.188,7.153,-62.22,-31.75,-16.108,-1.535,-10.159,-16.238,-17.693
53.83,95.627,-4.511,-4.125,5.653,-13.491,-12.325,-30.78,19.521,15.86,-2.769,-45.06
53.601,91.271,-20.835,7.145,8.743,-38.466,-6.145,-3.89,-8.598,-4.588,15.942,-7.734
51.459,37.668,-31.639,-25.165,-24.727,-43.81,-16.966,-16.088,2.106,17.73,7.44,-7.609
55.165,4.203,-10.101,-2.735,23.641,-23.125,-4.939,-35.019,8.021,10.234,-1.704,6.485
53.458,-11.885,-11.833,-18.274,25.722,-36.485,-24.362,-10.886,16.239,9.231,-2.967,-1.038
53.919,80.612,-1.209,-31.294,-7.166,-34.855,-10.051,-4.481,4.112,7.963,-22.677,-5.04
55.616,88.884,30.494,-11.051,33.073,-41.564,-6.635,-8.582,-19.901,16.416,-11.031,-1.33
53.29,45.139,36.303,-4.347,28.704,-30.222,-16.561,-17.302,16.283,15.353,-13.89,-28.891
52.965,45.855,-7.476,3.941,36.696,-38.29,-10.39,7.211,12.136,-0.484,-3.612,-15.344
53.653,69.283,33.179,-24.947,16.64,20.83,7.376,-7.507,0.283,14.329,-18.118,-8.035
53.198,81.065,-20.414,14.993,11.894,-7.406,-10.765,-7.45,-17.712,-0.2,-0.445,-5.046
54.291,85.689,7.326,-37.863,3.882,13.846,-10.259,-20.765,-9.748,15.856,10.004,-27.143
52.956,32.732,11.244,-21.335,27.928,-29.501,-15.622,-18.858,-4.987,16.65,-5.645,2.241
52.685,15.402,3.406,-9.291,32.096,-31.708,-8.365,3.349,2.692,-5.077,-13.477,4.955
54.929,85.661,10.854,-14.335,-10.442,-13.598,-20.172,11.945,-20.198,-13.965,34.41,-10.264
55.402,89.258,37.722,3.835,-9.149,-25.366,-17.981,-40.915,-23.923,1.374,-18.002,-15.602
55.447,74.72,65.905,1.993,37.684,-46.614,12.758,-1.333,30.607,1.529,-8.095,-18.421
55.838,69.708,26.52,-4.886,28.912,-52.359,3.449,7.669,29.513,12.688,-17.93,-8.401
50.29,76.281,-5.502,-0.873,-13.808,-38.497,-3.815,-11.018,-6.229,9.921,-14.016,-15.247
50.989,68.212,-9.963,-18.715,-16.593,-24.215,9.136,-12.711,-4.689,14.603,4.793,-16.45
54.262,84.629,-14.937,5.125,14.017,-57.16,-14.278,-6.473,-14.319,-14.01,-7.151,-2.265
53.803,21.951,20.532,-27.54,47.293,-29.317,-12.475,-5.045,-12.408,14.644,7.191,10.047
54.77,45.465,18.94,2.262,48.717,-29.205,-17.908,-0.307,18.372,0.195,-9.74,27.55
54.135,80.352,21.033,-47.557,-8.806,-33.764,3.916,3.996,8.917,15.971,5.636,-10.023
54.497,82.781,27.929,-27.512,6.151,-6.917,11.666,-31.596,-17.685,12.532,-6.607,-15.127
55.218,47.141,71.843,17.835,3.769,-33.513,-5.396,-15.426,24.289,17.992,-18.228,-28.854
54.233,53.845,35.988,9.461,8.006,-5.386,-10.205,23.538,20.12,-16.024,-23.774,-22.84
53.02,97.753,36.688,-49.62,-9.668,-5.349,-13.184,-0.733,14.001,-13.993,-7.45,-24.572
54.615,55.108,22.005,-28.563,27.346,-30.814,-51.645,-4.961,8.408,10.464,-7.117,-24.983
50.353,67.752,6.196,-34.259,0.409,-13.114,-3.376,-0.645,-17.303,-0.038,-30.019,-1.273
51.442,64.655,31.643,-101.537,-0.327,-8.236,-0.783,-25.111,-7.555,4.193,-11.07,-21.79
54.777,42.053,21.407,-13.646,24.092,-22.682,-42.638,-5.484,-5.395,-12.158,-16.268,-23.655
53.918,38.866,25.356,-8.809,-8.476,-26.793,-24.757,-11.678,-21.954,-8.251,2.511,-7.347
53.717,56.483,11.553,7.36,-20.069,-9.941,-18.375,15.148,-31.2,-22.581,-25.994,-2.709
54.522,64.498,-4.865,-9.879,20.644,-6.536,-18.131,-12.854,-18.844,11.431,28.373,-19.415
55.322,66.855,11.983,0.797,17.869,-28.456,-9.451,16.18,-3.699,10.754,-12.197,-13.76
51.849,88.024,-30.659,-17.656,-15.453,-62.252,-27.882,-15.61,-14.403,-9.148,-19.17,-13.736
51.33,77.561,-32.031,-24.678,-6.496,-32.718,-25.683,-7.105,-18.489,-6.679,5.521,-9.231
52.987,97.548,-29.331,15.92,3.771,-33.803,-8.328,4.149,-22.164,-12.176,9.572,-2.214
51.094,76.091,-34.893,-24.59,-2.949,-53.612,-20.62,-12.766,2.751,-9.373,-8.968,-7.695
50.753,98.681,-50.384,-9.126,-12.933,-67.243,-19.432,-7.636,-9.99,3.785,-12.211,-9.813
48.172,80.53,-7.714,-28.612,-15.983,-23.681,4.826,18.468,-8.802,-15.154,-6.41,-6.823
47.814,110.651,75.762,-3.48,13.146,-18.054,-18.761,18.595,-14.691,-6.12,0.016,-2.094
46.871,113.946,75.341,19.611,10.979,-2.9,-13.556,2.038,-13.172,-36.618,-5.56,8.568
45.122,79.141,73.373,39.407,12.295,-23.248,0.708,28.416,-39.388,-19.518,2.813,36.43
42.84,91.859,89.628,39.348,-2.888,9.239,33.598,-21.39,-64.941,-13.104,-51.371,64.433
39.925,40.733,122.422,-23.547,-4.532,9.352,44.098,4.823,-68.875,-22.98,-5.741,47.209
42.224,177.899,71.719,-24.896,-10.765,-0.04,0.365,44.775,-13.711,-32.376,15.153,50.157
47.485,117.12,142.284,43.713,62.168,-19.323,-17.697,13.297,-23.57,41.982,0.791,-5.325
46.154,60.995,51.937,27.528,-12.411,-42.638,-34.644,-33.282,-53.571,-0.087,-13.461,5.255
46.472,64.758,78.157,9.738,-6.447,-4.198,-49.149,12.678,-44.084,-27.34,-5.201,-11.559
45.859,90.338,22.391,15.281,37.757,-4.755,-5.465,-4.094,-30.441,-20.714,-43.854,19.244
40.384,137.213,28.216,-38.343,-39.088,-2.237,-32.551,2.278,-21.883,-19.846,23.641,31.761
44.502,124.269,43.03,-10.518,9.077,4.911,-15.063,0.174,-55.34,19.165,-38.46,22.025
38.371,140.336,21.512,-9.594,2.705,23.541,-43.943,-16.86,-24.348,12.038,-31.971,-10.049
36.957,233.762,22.367,-4.078,-37.395,5.31,-25.48,-37.628,-1.417,0.624,-41.072,-1.254
37.516,85.108,72.753,-68.364,-20.509,19.414,-20.236,-48.197,-38.436,17.333,-10.914,-6.439
39.71,52.046,36.963,19.675,-4.382,-17.02,-49.957,-4.055,-11.374,-7.182,-19.744,-15.217
43.516,85.972,88.604,-21.598,29.271,67.677,12.283,-0.174,-10.784,-39.499,-35.598,-9.411
46.178,67.563,33.797,-57.28,4.146,22.391,-12.526,28.65,-15.531,-14.389,-25.134,4.91
51.263,67.773,3.722,-4.944,27.207,-7.705,-1.696,-7.801,-17.627,-3.066,27.743,-5.623
52.252,51.084,8.287,18.662,39.645,-39.898,-1.145,6.995,-6.086,-14.728,16.129,-7.006
52.048,62.572,7.791,20.803,28.35,-42.801,-7.952,-15.822,-24.402,-13.568,10.784,-3.163
48.867,31.593,-33.732,18.14,-7.012,-82.715,2.333,-11.784,-21.52,38.968,-23.613,-4.297
48.127,110.292,-63.387,-18.371,-21.282,7.19,-12.076,4.883,-13.525,-4.954,16.903,-18.788
49.217,114.474,-62.415,-28.531,8.842,1.958,-7.26,16.253,-6.36,9.727,-31.608,-4.966
46.485,99.783,-76.271,-51.595,-24.246,-42.593,-46.452,-11.217,-10.98,9.621,-4.368,-20.792
49.812,92.182,-43.784,-7.391,-9.396,-15.312,-29.726,-1.494,-7.304,-11.62,-14.936,-24.813
51.699,113.197,-15.96,-72.259,17.792,-18.618,22.229,-36.241,-21.713,0.991,-2.917,-5.155
55.375,48.404,42.081,-11.441,25.594,-38.464,-3.786,8.842,8.062,18.127,-10.925,-21.937
55.782,138.981,-7.773,-0.815,3.954,-15.681,-27.843,-51.375,9.769,11.491,-41.427,-10.754
52.647,85.215,-15.379,-3.938,9.985,-33.485,-8.677,49.582,-6.127,4.232,7.007,-12.962
52.728,154.393,-37.342,-2.299,-21.162,-15.678,-24.183,3.728,3.961,-10.942,-23.865,7.29
52.535,129.899,25.443,-92.758,-14.798,-1.175,-16.183,30.598,-36.884,0.701,7.578,-9.623
50.665,102.287,-5.113,-48.399,-1.961,-23.456,2.454,-28.609,-9.011,-17.188,-0.307,-6.351
54.874,61.716,32.667,-9.154,24.04,-39.853,-26.201,-11.728,-1.23,17.137,-0.009,11.638
54.029,75.953,-15.241,39.361,24.589,-40.541,-20.368,18.076,-10.243,-8.648,-5.487,13.087
51.914,85.111,7.958,-53.726,16.981,15.587,-9.891,-22.3,-6.488,22.288,-35.527,-5.018
52.212,151.804,-4.68,-82.086,3.871,-17.526,-25.024,14.166,-17.267,-14.481,-8.7,-23.054
53.365,88.182,8.537,-42.451,20.334,-0.758,4.214,-58.81,-17.52,20.381,-21.572,-19.553
54.523,34.397,32.72,-4.893,30.41,-27.224,-23.135,-15.003,9.081,-9.451,-16.531,-25.331
55.533,93.719,30.775,-44.714,12.421,-9.143,-31.706,32.038,13.82,-6.467,-0.596,-36.874
55.656,110.353,37.606,-2.126,17.472,-11.091,20.268,-13.708,32.387,-1.739,-0.195,-5.586
52.231,109.095,1.019,-25.37,-30.556,-44.446,3.301,29.062,-28.788,14.537,0.92,-16.594
54.164,65.471,19.969,3.737,18.986,4.079,-19.866,-4.208,-13.984,2.603,-18.957,-13.402
51.737,65.422,0.986,-18.702,-30.313,-45.781,2.51,-27.36,-25.95,14.698,-15.85,-3.237
53.525,87.955,16.166,-55.338,1.817,-11.713,-8.282,-33.926,-22.274,15.461,-0.53,-5.86
55.058,94.367,6.418,11.937,5.773,-21.5,-26.642,9.935,-13.881,-1.805,-35.001,-8.139
53.545,54.578,-8.823,6.398,13.697,-40.805,-17.719,-23.934,-24.969,-7.314,-25.313,0.143
48.944,70.053,11.278,-18.908,-25.481,-19.002,16.106,-4.726,-17.96,-12.781,-6.21,-10.672
51.552,61.05,-20.605,-25.668,-22.454,-38.469,-13.375,-11.428,-20.832,29.469,0.632,-13.41
53.699,96.736,18.606,-73.929,-7.713,-17.579,-37.443,11.843,-8.008,9.23,-2.706,-17.339
52.425,79.952,22.607,-48.509,-13.978,-21.816,3.909,-17.525,-8.347,-0.535,4.363,-15.956
54.174,75.33,2.233,10.777,20.026,-31.664,-9.826,5.22,-6.052,-9.08,-7.424,-2.293
52.76,57.891,40.833,-17.395,45.264,-1.156,30.678,-0.733,17.526,26.484,-22.121,-3.849
50.646,65.735,11.093,-61.139,1.509,-8.085,15.214,-25.263,11.56,0.72,-24.315,-28.27
51.881,64.531,15.458,-51.922,-2.011,-10.155,-13.578,-10.942,-5.728,6.021,-34.477,-10.818
54.714,73.515,6.731,-39.136,16.906,-41.084,-39.157,-11.757,-12.108,1.015,2.118,-8.548
53.58,53.768,3.087,30.112,14.832,-10.337,-42.878,0.563,-0.938,-23.908,-41.625,-17.258
51.632,100.444,-49.222,-18.211,5.05,-44.419,-35.943,13.352,-17.622,-8.082,-6.728,-14.849
55.619,126.256,28.559,-37.106,32.031,13.548,10.977,20.081,33.797,3.082,15.7,12.354
57.104,131.035,21.634,-2.179,26.742,-30.002,1.723,1.895,31.91,-1.853,-20.829,14.387
55.191,96.513,26.373,-45.077,6.863,-21.851,7.048,4.272,3.586,32.056,-21.97,-19.023
55.877,122.345,1.283,-1.044,-1.789,-25.91,-26.059,3.003,-1.772,-27.114,-11.803,5.332
53.595,110.735,14.219,-34.805,0.853,-15.122,8.838,30.573,-16.057,11.746,-34.266,-7.106
53.852,108.363,21.331,-57.809,-19.413,-41.928,-6.556,20.737,-21.045,26.07,0.247,11.264
56.058,161.511,4.443,-7.663,-13.28,-16.754,-25.684,-31.51,-8.987,5.728,-28.933,-4.224
54.979,90.399,11.822,-20.79,33.12,-32.142,-10.186,-0.965,1.608,9.752,-22.596,3.101
53.402,91.119,7.382,-27.576,14.683,-15.188,-14.677,-2.006,1.584,16.776,-19.873,-10.926
54.045,103.917,-0.633,-32.567,7.947,-10.63,-14.483,5.688,6.698,15.282,-36.41,-4.149
54.175,91.93,8.672,-60.913,6.747,1.813,0.459,1.699,0.943,13.244,22.305,-9.906
54.134,114.516,10.612,27.489,9.821,-34.484,-15.337,-22.692,14.454,-8.349,-12.705,-9.962
52.185,95.675,1.358,-30.15,8.252,-24.312,-19.855,24.915,-7.506,-3.714,-23.213,-6.772
52.413,41.871,15.367,1.623,37.852,-26.886,-2.011,26.711,9.988,18.993,-26.666,1.238
53.625,70.094,21.474,-53.226,7.271,-20.27,-2.287,-12.619,-6.464,50.109,-12.139,-12.854
55.37,99.072,17.571,2.247,14.05,-19.199,-32.331,-7.72,21.133,0.141,-36.239,-29.1
56.22,104.164,16.603,-23.871,8.166,-32.683,-31.292,28.404,7.426,-2.593,-16.875,-5.105
53.058,34.565,10.831,10.83,8.827,-30.021,-7.828,10.928,8.769,25.06,-23.115,-12.455
54.085,30.975,16.442,-12.999,28.056,-31.922,-1.378,-19.192,21.082,32.143,13.738,-22.251
52.415,41.967,20.889,21.769,4.667,-48.888,-27.655,-4.725,12.857,6.443,-19.126,-35.829
53.495,42.315,40.132,-42.484,23.291,3.816,22.59,-4.876,4.543,-18.724,0.406,-23.324
53.835,44.844,24.517,18.307,-0.207,-58.155,19.403,8.51,0.767,9.278,-28.346,-18.849
53.095,87.232,14.897,-35.011,3.164,-11.845,4.819,12.943,-3.671,-14.009,-15.582,2.967
52.125,62.308,-1.148,-29.682,27.092,-7.932,1.103,-14.956,-5.493,10.227,-21.911,8.938
50.881,85.778,-25.228,-22.244,-19.197,-50.923,18.359,-17.481,-12.207,10.836,-16.778,2.841
53.924,79.207,28.192,-13.937,22.036,-11.155,17.95,51.664,15.052,-1.224,-16.1,-12.217
53.624,52.055,-8.974,1.796,10.249,-45.193,-22.535,-25.436,-28.511,-2.832,-20.664,4.88
51.423,72.636,29.59,-31.28,3.827,-12.251,11.711,1.258,2.364,-3.415,6.435,-13.058
51.703,117.858,-26.643,-11.046,1.384,-61.501,-3.889,40.306,-4.128,-2.116,13.052,7.745
52.64,183.594,0.754,-91.818,0.425,-21.856,-19.731,-2.963,-8.652,7.571,9.167,11.13
54.986,163.253,-15.719,11.493,-22.221,-27.176,-44.647,-22.991,-10.368,10.272,-26.051,11.265
52.822,63.672,9.963,-43.886,-7.37,-11.19,-31.405,2.015,-4.185,4.694,-6.958,-13.026
54.677,87.037,-6.34,5.2,25.15,-29.313,-16.075,7.525,-9.134,8.425,-8.008,-9.376
50.676,45.427,12.257,-35.694,17.709,-22.459,-6.376,3.852,-11.216,12.221,-11.49,-7.384
53.993,92.201,-3.576,-15.463,-14.359,-10.673,-11.944,-31.335,2.466,1.316,-27.024,-4.587
55.282,74.431,-1.059,-33.019,4.056,-38.428,-39.49,-9.404,-6.068,-8.869,-8.467,-9.21
54.714,86.07,-5.857,-5.743,22.969,-14.869,-47.687,-21.313,21.353,-14.831,-35.885,-6.179
51.187,75.304,-26.784,-35.588,-0.692,11.125,-0.793,-4.747,-2.838,-13.88,-1.656,-8.491
50.604,29.353,5.048,-16.977,-1.702,-20.469,-1.03,-2.365,-8.648,12.552,-21.688,-14.857
54.06,73.953,-8.052,-22.451,20.657,13.578,0.228,17.273,0.427,7.508,-3.14,-19.447
52.141,18.771,16.538,-52.099,5.261,-23.389,-20.105,15.466,-8.324,16.085,4.06,-4.828
53.611,79.601,-18.029,14.079,19.374,-39.577,-31.182,10.397,-25.387,-12.446,2.379,-4.901
55.038,56.073,10.891,-14.902,27.174,-17.013,-6.129,-23.96,15.275,22.059,-9.963,-29.268
54.494,61.592,9.673,3.349,21.524,-33.361,-16.159,8.551,18.868,6.039,-9.986,-21.71
53.053,94.282,-16.043,14.884,13.306,-17.564,0.105,6.265,-19.284,7.71,17.298,-5.074
48.383,107.067,-35.416,-4.649,-32.97,-39.544,6.793,-3.415,-10.517,0.195,10.023,-8.546
50.032,91.525,-8.409,-20.765,14.351,-46.26,21.285,-10.884,-11.53,19.639,-9.423,-0.914
50.226,97.0,-4.865,-6.68,-23.081,-38.098,-7.799,-10.585,-13.452,1.814,-0.359,-10.193
51.401,72.157,-11.324,-10.125,-17.852,-55.287,-1.934,-4.149,-8.567,23.168,-19.649,-11.021
51.183,87.977,1.354,-31.691,-0.536,-21.46,4.013,18.273,-3.653,-5.279,-22.648,-1.962
49.9,97.751,-18.385,-13.981,11.956,-25.277,7.05,2.152,-6.563,3.482,-18.363,-5.908
51.27,66.598,-18.645,-7.282,-21.846,-41.461,-2.566,-20.383,-7.299,24.109,2.96,-19.417
55.154,88.102,6.11,-41.097,23.304,4.186,-38.58,-21.601,6.43,14.568,5.801,1.032
57.337,129.705,-0.547,-37.878,11.851,-24.728,-69.734,-22.113,18.217,7.559,-8.862,-25.42
54.452,90.739,-12.745,30.965,23.439,-21.998,-49.851,-19.674,7.208,-7.862,-34.451,-15.978
49.881,92.512,-15.844,-25.253,-17.89,0.113,18.487,-3.192,-4.642,-1.186,-0.927,-5.09
52.125,77.452,-5.059,-22.209,11.627,-13.778,9.2,1.55,5.85,8.287,-11.817,-27.95
55.032,88.979,3.99,6.759,36.627,2.447,-12.44,24.418,22.171,5.663,-17.266,-12.638
54.883,54.551,16.02,-51.542,18.813,-31.936,-11.158,0.266,1.065,33.401,-11.151,-13.451
53.792,77.557,-17.248,3.778,22.107,-29.167,-26.728,23.139,-7.199,-16.6,-11.384,-0.499
52.001,41.311,11.51,-47.266,22.133,-15.279,-11.861,-11.667,-12.232,34.402,-15.887,-24.959
51.966,74.913,-27.057,-25.076,-4.737,-57.569,-20.345,0.477,-7.604,8.129,-21.134,-25.34
51.116,78.33,-10.185,-6.086,-5.747,-22.682,-2.332,-0.883,-10.876,8.968,-12.068,-7.291
53.175,81.277,-20.191,14.932,9.388,-61.115,-10.003,-8.659,-14.142,0.909,-11.185,5.893
49.455,64.981,4.986,-8.447,-18.147,-23.423,11.472,21.592,3.548,-19.097,-21.678,-1.44
49.427,89.121,-6.758,-24.845,1.964,-18.517,25.855,-6.565,0.234,-1.635,-5.049,-8.893
50.184,108.842,11.861,-0.84,-29.365,-47.736,-5.064,-8.537,-21.465,0.33,-10.226,-7.387
51.7,66.424,-11.927,-8.914,-18.54,-57.056,2.67,-11.181,-10.845,23.467,-18.18,-11.079
53.576,92.411,-25.274,14.517,12.164,-67.227,-24.454,4.732,-13.482,-21.776,-10.214,-0.751
49.91,93.683,-26.906,-6.729,10.263,-25.16,4.644,4.601,-18.378,4.827,-19.939,-7.702
51.594,75.965,-11.272,-17.539,-18.301,-30.099,-0.048,-15.255,-9.323,26.106,4.804,-16.077
53.414,110.101,-14.466,-5.787,-8.595,-9.952,-25.955,-22.363,3.638,20.484,-25.733,-2.888
53.978,85.13,-26.744,-24.569,10.341,-7.651,-28.27,-6.282,-4.416,4.449,20.682,-23.461
52.651,92.944,-15.994,9.891,11.513,-11.814,-53.887,-17.481,22.219,-4.997,-51.686,-21.818
51.555,87.836,-30.431,-12.202,-6.757,-26.424,-11.149,-3.387,-1.421,10.157,12.374,-8.373
52.059,73.832,-26.399,-18.895,7.017,-34.185,-15.21,-12.302,-14.607,1.902,3.213,-13.262
52.993,40.674,-4.628,-7.817,14.151,-58.578,9.203,-16.71,-8.463,9.706,-19.896,-10.963
53.576,58.402,-0.217,12.79,5.246,-47.021,-14.112,5.287,-2.242,-1.574,-17.982,-6.951
52.423,84.633,-14.148,-13.727,-11.929,-49.154,24.53,-9.386,-6.56,2.775,-18.48,-4.582
53.582,90.379,-16.049,17.965,8.488,-64.054,-16.117,-0.367,-21.794,-10.474,-11.557,3.084
52.397,63.3,-24.963,-24.172,17.313,-48.757,-3.615,-21.883,-10.095,19.549,-17.843,-21.178
53.166,67.197,-7.283,-27.348,26.712,-45.001,-8.134,6.116,-7.327,1.974,4.114,-20.948
53.818,78.241,2.55,-42.092,-4.545,-32.756,6.051,-9.533,-16.685,18.733,-14.782,-15.297
54.937,34.357,44.291,-7.287,30.909,-32.986,0.168,-4.471,2.374,13.265,-11.086,-36.414
55.41,53.341,57.004,-4.381,30.278,-39.966,-12.36,0.762,6.269,15.067,-13.627,-38.706
55.522,150.396,20.997,-61.725,-18.655,-29.646,-25.088,5.856,22.416,1.947,-5.508,-30.68
55.872,99.818,11.391,16.617,17.847,-23.229,-28.134,-36.797,-0.218,14.591,-25.808,-8.095
52.66,100.852,6.67,-0.575,13.99,-58.164,-18.515,33.497,-9.1,-6.126,-1.15,-14.615
52.654,141.456,-41.148,-3.494,-25.135,-23.885,-23.759,-16.998,4.108,-7.132,-26.184,0.473
53.845,110.397,23.206,-46.524,-2.291,5.424,-20.671,24.874,-30.73,-4.01,-4.392,-2.108
52.639,87.927,-18.433,-34.94,-9.77,-24.074,-15.97,-26.161,-6.553,22.86,-22.498,-6.877
53.546,40.292,22.766,-37.532,8.586,-23.138,-18.506,1.409,-4.354,2.645,-4.556,7.883
54.257,60.302,11.697,2.955,39.281,-24.345,-20.497,21.12,-1.669,-13.815,-13.43,11.477
50.388,94.238,-12.783,-5.739,14.082,-32.013,4.808,-2.32,-2.4,8.753,-12.079,-6.546
48.522,70.303,-20.173,-33.705,1.328,-39.357,-9.08,10.053,-6.431,-0.418,-8.982,-4.075
50.477,71.14,-9.969,-34.711,9.018,-5.986,3.204,-17.515,2.88,4.477,-24.485,-12.07
51.234,91.624,-19.024,4.366,-18.56,-42.484,1.771,-6.207,-4.173,6.702,-7.433,-7.318
49.658,80.722,-29.62,-0.555,-8.673,5.45,-12.061,9.199,-7.238,-17.842,-23.928,-10.37
50.948,83.343,-1.603,-15.682,-25.979,-47.557,6.187,-9.572,-6.494,17.359,-6.127,-10.131
51.195,67.298,-30.941,4.099,6.307,-51.726,19.203,-10.114,0.44,10.114,-35.886,-11.339
51.543,85.818,-35.55,-11.1,10.82,-24.927,-26.764,-6.687,-6.811,2.353,11.267,-4.646
51.138,72.818,-8.141,-11.639,-12.876,-17.099,11.139,-4.704,-7.123,7.429,6.258,-2.056
50.332,72.292,-4.348,-15.698,-19.995,-36.293,18.088,-2.049,-9.61,6.349,4.147,-20.868
53.538,98.249,-15.927,10.603,3.682,-70.52,-14.912,2.973,-11.08,-12.133,-9.684,-2.353
50.572,64.487,-23.8,-26.88,-17.182,-49.484,-2.047,7.486,-29.756,6.603,-19.704,-12.36
54.744,58.587,3.975,-47.94,25.526,-30.79,-31.104,-10.802,4.659,11.367,-14.013,-22.407
52.53,110.889,-16.332,25.212,-34.045,-32.059,-33.139,-13.772,-19.63,-1.707,3.131,-21.123
53.86,143.71,-5.7,-59.762,10.288,-10.11,-4.744,20.786,-7.497,13.325,-17.167,-9.258
54.068,88.508,17.439,-45.752,31.733,-2.601,-2.733,-50.931,-14.812,25.6,-15.154,-17.424
55.356,79.284,27.68,-57.941,7.995,-31.554,-26.664,25.382,12.619,3.431,-13.719,-32.933
56.119,126.308,23.04,-26.582,5.267,-27.697,-35.161,-4.942,16.572,1.381,-19.269,-29.01
56.224,106.366,26.117,5.902,34.166,-27.284,1.136,-21.683,35.78,8.179,-20.57,13.502
52.637,90.804,-15.214,-23.687,8.432,-45.145,5.978,19.115,-1.052,23.684,2.376,-13.404
53.524,26.356,30.487,-15.84,27.219,-30.764,-19.61,5.941,-12.295,3.727,-1.64,-0.589
55.211,61.777,0.366,2.212,52.111,-33.615,-14.217,-12.554,-8.705,-4.99,2.648,12.02
52.269,39.041,0.412,7.12,42.449,-41.296,-10.227,24.454,-6.617,-1.77,-17.184,11.933
51.799,65.342,-4.158,-10.355,-10.632,-40.209,0.417,-25.342,-7.356,27.79,-10.788,-16.41
51.264,93.253,-19.218,8.096,-33.205,-38.594,1.782,0.753,-1.654,3.207,-13.868,-2.947
50.859,79.968,-52.476,27.657,8.945,-9.03,-16.608,9.372,-6.206,-4.944,4.789,-9.42
52.278,89.146,-26.545,-8.834,1.301,-19.32,-18.664,5.932,-0.413,10.972,13.477,-12.715
51.912,67.044,-4.437,-12.965,2.776,-28.166,19.135,-31.705,-1.266,8.948,-0.541,-19.515
52.877,51.955,-5.359,-12.218,6.012,-5.008,5.617,12.068,-0.789,-22.137,-4.58,-12.586
52.034,97.008,-11.752,-19.916,-6.511,-20.227,28.154,3.776,-16.44,-9.094,4.521,-14.602
51.706,64.215,-1.431,-22.341,-1.971,-39.805,2.134,-9.454,-8.1,-0.573,2.436,-13.944
52.622,86.73,5.744,-16.716,1.134,-8.051,3.75,20.684,-14.152,-15.994,-31.806,-7.539
52.323,69.747,-19.53,-3.816,-6.597,-41.427,-10.63,-9.37,-23.269,-11.189,-17.18,7.713
52.934,59.547,-19.267,-14.82,12.378,-68.025,-1.4,-2.095,-9.95,16.751,-24.099,-19.055
51.207,49.938,14.233,7.293,5.073,-52.234,20.539,10.503,11.997,3.682,-12.316,-23.168
50.116,84.349,35.597,28.377,24.733,-33.266,-2.274,-11.662,-12.791,11.187,-20.932,-3.582
49.157,108.125,48.575,56.243,31.907,-40.611,-6.653,0.864,-19.162,13.895,0.624,-1.452
46.814,107.169,114.93,-38.073,27.812,-0.678,-3.249,12.698,0.475,-17.034,-5.267,-3.436
43.465,53.751,-51.668,118.326,-36.799,-53.086,-11.541,25.653,22.674,-22.607,-54.033,3.299
42.224,127.874,-26.583,74.145,34.636,5.698,-21.074,30.568,-8.994,25.99,-33.389,13.916
46.998,48.975,-31.632,5.999,3.88,-39.757,4.269,5.502,0.208,16.854,6.675,-4.257
44.397,88.281,16.502,-4.553,26.212,-2.532,-1.903,0.428,-4.747,-12.219,-46.862,9.245
43.518,146.092,-20.571,44.142,52.887,11.998,-13.405,58.547,-3.782,9.008,-11.373,-3.72
44.655,126.84,48.475,-60.838,37.973,98.88,24.729,-14.217,-34.169,80.98,2.221,-6.573
49.308,109.675,64.685,32.631,15.722,-10.766,1.454,-11.777,-9.333,-1.785,-9.363,-2.977
46.458,124.631,121.389,26.832,49.722,-19.7,-24.482,-13.437,1.339,-4.066,9.855,-0.192
40.467,124.531,38.174,218.513,29.687,-59.804,-21.462,33.45,-25.219,-12.612,-45.782,-4.937
33.995,67.099,26.564,216.724,32.894,-5.929,-29.489,13.595,-14.985,5.497,-27.309,-2.768
45.121,106.98,51.175,-21.418,43.334,123.069,41.839,-6.729,-7.307,58.362,91.847,-15.104
47.727,61.006,-30.517,37.282,28.305,-54.371,6.015,-5.367,4.456,-19.476,-37.011,-11.107
44.945,121.259,-41.26,20.358,11.94,-56.794,-25.136,0.907,5.187,0.072,-35.269,13.295
47.458,55.904,-26.027,13.624,-7.101,-50.047,21.312,0.994,-8.772,2.339,-8.46,11.599
45.123,86.789,17.397,-35.195,13.327,-33.448,20.38,16.632,-0.255,1.823,2.105,-10.356
50.279,121.166,-13.896,75.29,21.906,-71.256,-17.556,9.195,-15.063,-18.964,-6.328,18.886
47.346,86.199,18.962,-10.506,22.951,-43.002,-13.647,2.175,-9.29,13.841,1.225,-18.244
46.417,103.163,108.151,47.787,52.265,-38.836,-23.134,-16.243,9.909,-2.162,1.535,-2.893
44.664,73.057,127.811,25.954,45.144,-25.39,-49.938,-18.369,-10.447,0.306,2.387,6.035
47.661,101.105,72.404,27.528,50.634,-7.513,-26.733,-17.132,-14.405,1.737,10.503,3.02
49.08,100.089,36.511,32.995,27.174,-42.383,-12.088,-2.363,-7.116,7.479,0.101,6.498
44.887,99.188,97.648,27.183,39.464,22.484,-18.702,24.995,5.909,-17.785,-49.891,2.596
38.586,101.636,-44.928,119.37,46.313,81.823,9.646,15.246,-0.238,9.083,-39.425,2.835
43.117,48.11,-8.982,77.834,38.777,10.464,3.118,-29.188,-5.379,23.49,-8.187,0.619
40.126,86.52,-54.266,148.95,50.964,49.664,-11.017,13.661,2.936,-9.881,-82.197,-0.15
44.275,99.193,67.303,-40.821,58.447,156.448,33.721,0.999,-0.815,46.689,85.943,-24.306
46.205,109.144,36.308,89.987,23.221,12.841,-33.006,11.863,0.331,-21.912,-49.733,-4.259
33.637,63.5,13.539,201.909,26.509,12.535,-32.343,19.175,4.967,0.612,-34.788,-20.01
46.375,111.296,60.306,-12.85,36.255,77.42,28.495,-11.013,-10.559,51.727,57.81,-2.962
46.876,71.785,10.267,42.909,61.125,-29.619,-10.157,-29.149,-0.561,-1.371,-36.101,-3.139
43.358,79.145,-0.629,15.75,5.871,-14.483,2.22,-7.639,20.313,14.635,-27.942,13.549
46.878,102.627,-5.969,10.163,30.14,-33.529,30.307,-5.94,-4.897,-0.17,-9.194,4.9
44.225,101.882,30.231,25.061,39.372,-21.437,18.296,-22.754,-12.446,-1.088,-34.091,17.932
44.362,102.3,-5.391,-9.216,4.73,-28.897,-4.343,-12.359,27.372,12.356,-4.457,26.16
47.447,61.244,25.375,5.535,6.686,-42.087,-17.23,-19.173,-9.059,24.81,7.154,-15.022
46.616,47.171,34.406,11.207,10.117,-31.632,-0.02,-17.523,-3.806,9.991,-7.511,-17.779
45.822,111.03,90.337,41.455,37.742,-13.176,-61.199,-15.061,0.221,-21.329,16.324,-16.344
44.762,114.357,129.629,38.389,66.041,-32.862,-62.039,-27.018,-18.824,10.654,-1.261,3.117
38.314,121.292,37.245,181.945,65.46,28.174,-86.946,8.654,-9.842,-17.162,-116.73,14.586
25.327,105.272,-38.14,217.61,13.029,-27.58,-67.543,37.444,-28.316,2.216,-62.879,15.952
28.15,158.469,-85.67,413.351,32.377,-57.015,-77.444,70.527,6.323,-51.488,-40.211,-10.519
