0.0,171.13,9.469,-28.48,57.491,-50.067,14.833,5.359,-27.228,0.973,-10.64,-7.228
33.115,121.375,42.963,-102.876,91.46,82.343,-85.085,21.998,50.335,48.22,56.94,-16.716
36.859,166.75,30.651,-33.634,48.634,-23.715,-93.273,-25.744,35.384,15.762,-2.615,-27.922
38.353,175.541,39.92,-21.22,25.591,-21.608,-99.752,-20.192,35.554,10.971,-5.248,-33.412
36.178,215.599,-12.065,42.299,38.243,14.926,-112.065,35.599,3.668,-6.776,-62.814,-10.835
35.377,161.233,0.154,-24.627,87.733,125.175,-18.673,-76.125,-37.286,65.172,-103.219,-0.101
33.548,37.183,22.317,45.116,23.917,34.26,-21.609,18.999,-13.911,-8.686,-38.775,-3.684
32.628,149.747,32.813,-33.636,-0.922,17.21,-35.239,-5.465,22.838,-10.865,34.96,-17.173
35.655,54.324,34.931,52.306,18.605,12.299,-4.061,22.966,-21.12,7.18,-56.918,29.533
33.055,41.895,68.155,-104.461,32.183,48.358,29.356,0.087,-12.446,13.786,-48.824,4.543
35.949,90.861,-4.992,-30.64,51.5,16.296,-61.2,-28.897,-10.947,28.621,-29.298,2.881
36.113,105.817,-37.434,-19.013,66.672,31.103,-51.661,14.537,-3.553,-12.412,-40.833,-9.262
32.579,91.937,7.467,-7.644,48.209,5.493,-51.439,-20.874,23.33,-8.096,-18.379,4.1
36.291,144.427,-23.094,4.199,47.279,48.738,-32.218,22.978,22.62,3.45,-8.457,-15.611
36.575,92.871,-28.569,-10.463,59.824,31.121,-78.871,-8.505,37.267,-16.149,-2.729,6.199
40.013,111.363,46.75,78.026,38.287,30.228,2.329,-21.726,-22.629,1.486,-36.089,32.581
34.625,71.489,-21.148,9.874,49.168,-11.525,-58.388,-33.067,8.55,-9.596,-39.436,25.027
41.02,60.737,7.49,80.25,50.175,59.235,-21.848,-5.734,-0.369,0.533,-41.122,-11.911
33.341,72.095,43.322,-62.866,55.374,-31.832,-60.609,53.952,0.041,-1.902,19.58,-2.178
35.976,137.19,-23.9,-10.005,66.266,-12.493,-37.923,-30.936,-25.336,23.259,-56.239,4.692
32.185,54.384,4.301,-31.124,43.683,-3.225,-29.83,-10.452,11.622,14.454,-21.999,1.836
36.09,99.177,-31.283,-54.134,30.331,21.496,-62.818,-39.421,31.466,-10.598,-24.463,8.377
33.765,-4.354,11.504,31.419,6.92,-32.953,-46.243,-16.392,-33.089,-4.645,-3.205,3.44
38.837,22.943,18.927,80.334,47.977,44.693,-21.252,12.884,-22.123,2.504,-12.334,-5.453
37.939,137.7,1.18,24.522,74.158,-49.429,-45.101,47.217,-52.41,-12.396,18.372,-15.692
37.578,53.322,58.556,35.926,52.032,32.834,18.273,-20.447,-40.936,36.413,-61.574,24.786
33.798,33.244,9.345,26.077,42.766,3.708,-40.68,-2.4,7.481,-9.969,-12.777,8.919
36.581,109.04,-15.4,30.031,23.318,6.619,-67.817,-39.311,12.626,-3.288,-29.222,5.345
34.577,141.324,-34.444,-54.074,67.873,-43.919,-40.325,2.912,-7.211,12.804,-5.508,6.15
36.621,7.288,11.009,96.65,47.39,-53.573,9.969,37.705,2.725,6.146,-18.479,29.141
32.869,23.943,-29.555,-1.543,13.384,5.994,-35.284,-36.925,13.512,-1.64,15.194,8.08
31.63,26.185,24.306,16.023,60.668,-26.725,-14.711,-10.23,3.434,0.501,7.022,11.144
37.961,7.382,96.344,-53.929,74.625,59.437,16.871,36.981,4.912,25.954,-40.774,16.342
35.817,66.023,16.822,3.251,53.547,-3.442,-34.646,25.117,6.102,22.891,-10.876,-12.337
39.54,0.269,29.239,36.438,33.854,55.003,-2.12,35.156,-10.217,4.634,-30.27,-9.673
34.642,59.194,14.704,-52.994,60.127,-21.171,-48.756,60.614,12.36,-17.216,-8.205,-0.679
33.19,104.248,20.249,-48.026,31.793,-12.892,-26.085,-2.596,10.986,14.612,-10.258,-6.059
42.081,108.404,-36.137,112.654,69.688,-3.213,-65.161,-25.269,16.389,3.913,-18.734,-19.03
36.061,119.217,-28.393,-42.466,80.044,-29.051,-23.363,44.044,1.813,-30.574,4.609,-6.036
39.513,101.722,-29.782,28.759,49.708,-25.21,-61.6,-19.46,22.036,-7.657,-9.907,-21.091
35.616,94.213,2.432,-19.479,69.093,-25.824,-36.597,2.914,-5.322,4.684,-0.75,-14.939
43.48,99.58,63.744,-4.79,57.491,56.365,35.51,-14.715,-20.191,23.62,-20.2,9.492
39.397,111.035,12.643,9.633,47.185,-30.102,-63.279,-8.57,8.411,-2.361,-16.737,11.957
40.628,83.925,6.43,109.527,49.328,-3.833,8.638,10.084,-35.481,11.374,-5.695,18.889
39.69,54.101,16.403,18.245,70.513,-8.118,-10.619,20.941,1.359,26.277,-6.203,21.711
43.419,74.726,29.349,38.632,129.458,30.441,28.761,6.912,26.509,5.647,-29.365,24.673
42.091,140.67,-9.685,73.506,88.488,-7.917,-40.454,49.355,-24.767,-33.884,-5.891,-3.503
45.018,99.916,54.941,97.572,48.818,20.723,39.396,32.16,-33.025,-26.478,-39.15,15.594
36.317,102.422,22.656,-61.154,60.143,-5.998,-23.366,-7.509,-42.909,15.391,-53.646,-0.83
38.532,71.934,29.144,-51.833,48.835,-1.361,-8.425,-15.573,-38.03,17.597,-29.997,-1.669
38.506,136.854,-2.134,-16.682,84.707,-17.323,-21.271,-16.934,4.114,17.643,-51.114,11.048
35.557,112.902,-1.833,-11.846,80.02,-39.658,-27.977,52.66,-6.582,26.15,13.551,-15.511
44.003,113.831,-1.039,7.471,64.022,58.73,-13.568,-17.363,-11.94,16.716,-55.831,-6.834
40.122,77.615,60.237,-15.481,41.082,29.564,-29.705,32.456,-28.412,4.11,-53.076,-4.93
43.171,113.806,91.062,-69.624,31.902,40.782,14.887,2.602,-29.615,10.957,-3.671,-12.638
42.543,117.011,42.259,67.554,36.871,-12.98,-28.44,2.532,-20.26,-2.331,-43.424,11.147
43.893,74.789,77.313,2.376,35.708,49.679,13.014,10.753,-24.044,-2.468,-32.145,-5.866
42.639,106.931,43.417,-33.42,31.064,18.212,-42.394,-8.127,4.069,-1.87,-12.543,12.164
41.995,111.862,13.973,47.399,37.993,-10.129,-32.979,4.844,-3.392,-8.189,-39.067,1.524
39.703,118.609,39.504,-33.37,26.829,21.078,-49.997,-5.667,8.612,-8.453,-23.053,-3.063
41.598,147.078,28.282,3.901,38.912,-12.831,-42.774,-16.254,1.057,10.917,-41.313,3.397
42.286,136.359,44.166,-56.1,8.899,-1.902,-41.027,-12.159,-13.133,-0.331,3.96,-1.454
44.936,122.162,69.065,50.511,18.832,10.867,15.556,-5.913,-27.516,3.95,-42.711,9.772
41.63,101.427,29.487,-11.548,23.8,5.837,-60.31,9.615,22.528,-4.991,-40.059,9.05
42.421,88.299,59.886,9.409,28.231,17.289,-25.986,1.345,-21.12,15.165,-37.496,5.278
41.785,182.308,31.006,-43.083,51.689,-0.476,-15.118,-36.35,-17.612,29.384,-28.199,-6.577
41.865,108.2,12.671,61.751,26.037,-35.903,39.983,4.418,-30.287,-13.214,-28.522,22.289
40.469,104.356,61.955,-80.786,12.175,-6.901,-40.161,22.919,10.513,-4.671,4.512,-13.914
43.825,171.508,53.737,-9.448,22.191,-41.544,-32.599,2.122,12.639,3.288,-6.784,-32.105
43.229,150.819,52.317,41.797,47.224,-17.879,-28.006,-11.498,-5.77,3.6,-34.824,0.559
40.619,116.296,69.271,-38.854,46.667,-0.615,-34.784,-3.527,9.277,9.318,4.039,-18.993
43.913,139.814,108.518,9.723,18.918,-27.777,31.534,-10.235,-8.054,4.66,-20.765,16.633
44.145,139.869,106.391,15.385,14.419,-32.962,-5.795,24.014,-11.066,-2.998,3.234,20.774
42.291,110.78,17.835,84.621,23.206,-35.525,0.715,4.928,-13.971,-3.851,-36.653,12.487
40.425,92.552,64.86,-22.925,44.724,2.093,-13.782,-4.822,5.382,10.876,-2.319,-17.698
41.764,135.524,55.182,-25.953,33.667,-19.02,-37.666,-8.91,17.428,6.706,-14.078,-2.281
42.788,147.662,77.238,-7.495,30.719,-36.46,-37.953,-7.924,16.138,35.683,-5.466,-13.641
42.056,134.298,41.668,80.41,24.046,-12.517,-11.259,-5.519,1.432,-0.18,-60.03,18.743
40.545,112.742,65.64,-54.973,35.681,13.32,-24.377,-5.802,11.771,8.493,13.893,-24.584
43.911,160.049,105.888,0.888,29.12,-26.17,-5.045,-13.317,-0.626,14.205,-20.639,13.474
42.1,104.711,59.304,25.324,33.374,-17.273,16.383,20.812,-18.667,4.368,-37.572,8.873
37.317,65.18,39.934,-27.18,15.197,-12.511,-29.101,3.919,-24.764,15.992,-5.675,-3.845
39.032,100.331,37.672,3.472,14.909,-5.554,-29.209,-3.333,-22.905,-25.676,-5.432,-18.557
38.656,75.868,32.554,46.187,50.946,2.457,19.428,25.679,-5.989,-22.513,-54.958,1.712
35.314,82.259,46.899,-71.905,36.424,-3.496,-8.131,1.502,-21.299,-26.504,1.858,-3.991
41.381,100.829,81.823,-3.616,56.954,-21.645,29.478,6.446,1.198,9.465,-3.658,-1.343
39.528,86.864,-2.244,65.768,45.197,-67.815,-1.352,17.911,-30.512,3.914,-43.038,2.645
37.441,94.749,-2.576,-23.406,35.064,-16.681,-20.219,0.237,-7.013,-10.589,4.081,-9.884
38.003,97.254,0.872,-3.193,29.782,-32.17,-11.558,-4.309,-27.692,-11.816,3.119,-10.555
37.995,61.146,-12.293,60.653,54.238,-37.496,19.827,19.53,-23.568,1.501,-13.52,-11.505
36.686,86.511,17.466,-43.691,38.215,-17.172,-24.804,5.402,-20.639,-0.971,-7.254,-11.039
38.978,67.04,51.757,-3.198,55.206,-36.816,38.111,6.748,-13.459,0.99,-20.353,-0.841
37.067,55.55,20.352,37.896,48.654,-70.527,-25.198,9.605,-21.581,25.321,-29.114,22.584
38.008,81.927,0.431,-55.761,81.652,13.807,9.303,2.777,2.744,28.519,-17.15,5.427
43.897,40.468,74.53,22.559,96.182,5.235,20.275,9.231,-4.506,9.814,-11.178,5.092
41.14,58.698,15.314,-49.234,94.742,-12.236,2.271,-11.238,-13.344,37.632,-21.549,-7.389
40.241,62.021,27.346,77.748,102.4,-3.598,-24.944,36.071,-24.139,42.678,-16.254,1.629
40.194,78.33,17.058,-55.423,60.761,16.181,-5.65,1.498,-26.972,52.5,-48.919,2.884
40.38,89.056,10.831,53.771,59.18,-5.096,-48.706,64.991,-14.519,11.954,1.338,-3.353
38.03,96.582,-14.194,-26.265,24.223,13.797,-26.75,8.277,-32.757,-1.889,-30.497,-15.727
38.456,32.678,33.26,-42.117,67.565,-5.537,-25.398,-15.64,-14.137,16.588,10.671,-23.386
42.077,25.56,65.546,-43.78,99.741,-30.032,-7.929,5.647,7.086,-9.577,-3.553,23.765
43.706,40.452,58.178,24.47,97.191,-16.531,25.028,0.647,4.509,-3.153,-41.883,7.25
39.246,32.829,28.908,30.839,75.63,-11.526,-33.563,40.425,-11.498,4.693,-33.581,9.533
37.954,124.545,-0.732,-61.242,59.086,-2.926,-35.015,3.901,-18.814,19.946,-29.875,4.153
37.091,37.33,28.581,-9.717,62.728,2.072,-13.353,-29.973,-7.501,35.406,-4.762,14.192
43.209,58.026,81.635,31.459,59.809,6.448,-4.501,27.507,7.608,-0.218,-23.377,-9.565
36.826,68.284,15.546,26.393,65.445,-54.427,-24.471,33.846,-14.865,-5.789,-4.222,-7.047
35.047,94.8,-18.886,-48.861,61.46,-24.113,-11.761,-0.49,-21.904,19.756,-29.986,-5.947
36.383,38.234,5.84,8.152,39.59,21.058,-33.535,34.679,-28.162,14.118,-24.118,-2.05
39.635,66.039,41.736,-82.857,85.758,45.266,35.286,9.074,1.669,35.834,-33.884,-3.22
39.561,57.289,14.913,109.6,58.641,-27.599,-31.756,-8.857,-13.12,15.64,-22.662,5.486
39.843,96.418,25.306,-59.659,31.422,66.18,-37.323,-1.874,-21.037,-1.17,-28.178,-20.269
42.29,100.454,26.105,7.488,12.873,3.389,-40.679,11.581,6.605,-34.23,20.441,-15.911
44.225,128.744,100.591,-57.675,14.563,2.476,2.367,20.509,-13.285,25.066,-24.073,6.559
41.505,105.549,27.671,74.589,23.599,-28.866,-33.677,22.241,-40.673,6.514,-14.894,1.902
38.984,61.278,-17.768,37.223,57.701,-13.405,-21.901,23.697,-12.119,-3.242,-20.912,1.528
38.756,76.967,12.577,-53.592,66.802,38.317,22.066,-34.39,-17.246,30.317,-23.366,-15.187
39.767,24.165,69.555,-24.21,34.651,13.399,1.35,5.189,-4.245,10.526,13.119,-6.937
43.154,60.461,72.623,-3.729,85.784,-11.194,35.427,-3.391,6.869,-0.004,-37.454,12.27
39.087,31.646,40.417,12.811,72.712,-27.454,-31.677,45.981,-11.259,4.604,-16.444,1.049
41.527,59.274,21.208,-7.389,44.724,20.089,-9.072,6.13,-20.554,27.734,-14.256,-27.24
37.128,92.403,-10.392,-20.205,23.099,-19.39,3.779,-14.336,-43.534,-0.334,-21.303,-28.884
38.38,15.009,30.273,0.932,21.017,20.772,-8.307,22.678,-39.946,15.901,-21.033,-11.623
41.69,71.546,5.446,13.678,16.995,47.637,-24.766,25.091,-55.473,-0.623,-15.94,-30.606
39.137,32.972,5.718,5.615,54.901,1.871,-8.321,30.649,-5.247,14.746,-39.772,5.45
44.3,80.57,70.869,-25.738,12.34,6.58,-30.841,6.984,-55.441,-1.261,16.509,-45.185
44.759,73.123,48.481,59.239,68.924,-23.506,-7.326,-3.721,6.837,-3.298,-45.813,-8.462
43.508,78.212,73.026,-18.447,46.056,-11.549,-15.71,25.821,-20.738,6.993,-2.688,-1.789
44.749,118.403,56.406,5.97,35.923,-9.576,-31.968,29.522,-13.143,27.577,-5.265,12.028
44.901,123.868,44.088,0.415,50.093,-15.457,-26.183,20.033,15.117,27.314,-9.002,17.556
43.561,110.587,60.862,8.968,59.738,-56.815,-48.277,47.835,-11.262,30.23,5.481,-3.558
46.283,113.424,83.326,-18.454,63.962,2.771,-8.584,-5.059,-27.553,41.801,-28.689,8.731
47.066,97.906,81.674,-24.536,30.265,-11.551,-33.975,-7.662,-7.316,8.458,2.832,-2.12
47.73,111.396,67.656,39.958,22.281,-20.918,-24.643,16.843,-4.943,-5.676,-17.42,-9.253
44.436,103.904,40.102,-5.091,36.493,-40.303,-52.441,22.438,12.98,10.814,0.292,6.223
44.127,87.622,39.129,13.067,40.066,-13.562,-20.402,16.988,4.475,29.02,-25.294,10.901
46.965,114.669,28.333,70.566,62.782,31.304,-2.667,-25.723,-10.536,-5.607,-4.225,3.566
48.62,125.891,48.184,-35.343,48.894,39.629,-39.081,2.067,17.338,0.545,-25.535,-13.947
47.844,164.759,26.006,37.008,47.447,-29.544,-59.615,-23.323,-6.863,10.936,-5.604,-4.496
46.443,123.19,72.331,-17.904,60.8,18.342,-9.515,6.289,-10.769,32.132,-35.565,16.499
42.953,77.908,27.068,0.478,23.064,-40.849,-29.453,-2.639,5.529,16.598,1.679,8.593
46.632,107.503,94.758,-60.344,46.566,0.922,-0.263,8.52,8.866,20.656,-5.518,-7.821
49.452,148.984,93.726,39.107,36.952,-15.09,9.316,-24.519,-4.036,4.563,-16.249,16.416
48.763,125.894,108.486,25.926,49.173,-16.786,2.503,-0.699,-5.073,-5.463,-16.742,4.01
45.637,110.607,73.979,19.696,71.114,6.866,-28.106,1.67,-4.095,-2.053,-27.019,-10.673
47.609,116.875,34.816,-58.597,28.648,-3.61,-34.363,15.955,11.831,-7.312,-15.475,2.876
46.958,152.231,57.695,-17.707,33.195,-17.89,-44.252,24.757,-12.137,0.943,-3.589,-0.835
49.423,110.302,80.597,18.823,33.813,-3.464,11.021,18.955,-26.504,8.437,-5.418,28.959
45.578,126.685,80.736,10.077,12.902,-15.456,-34.798,20.473,-15.748,7.7,-9.639,12.542
45.67,122.403,18.393,41.305,21.457,7.309,-22.707,33.222,4.115,-7.6,-36.946,15.533
48.952,141.012,72.776,43.174,52.68,9.453,32.481,28.736,5.594,6.552,-21.839,47.051
45.198,121.229,5.872,4.943,61.297,16.097,-35.359,20.678,11.724,29.196,-51.189,-3.827
40.575,111.521,-18.157,-10.29,22.47,-28.516,-35.679,24.991,6.332,5.022,-0.61,10.922
44.394,91.505,34.318,-3.247,42.477,43.958,1.144,12.255,-22.087,12.789,-35.572,7.916
43.415,64.903,22.709,26.422,51.172,-19.294,6.348,5.351,-7.083,1.905,1.392,7.296
43.713,132.304,82.154,-47.498,25.477,-12.804,-8.235,8.232,-14.927,20.427,-21.271,26.82
46.145,156.746,10.761,-11.047,27.667,-14.328,-50.191,38.661,-2.845,5.429,-4.479,-5.514
45.388,177.0,-15.082,32.902,24.174,-37.539,-65.444,25.988,11.171,25.181,7.305,-21.174
44.074,149.203,-14.615,-8.389,23.506,-19.561,-73.168,19.462,5.897,-8.226,-1.561,6.887
47.493,93.17,33.498,31.902,41.007,25.311,-10.442,14.97,-18.978,5.186,-4.696,8.57
45.431,70.688,38.237,-0.664,37.906,16.068,-33.353,14.881,-10.869,0.376,-14.459,-10.421
42.343,97.532,-3.854,8.891,41.638,-24.493,-24.942,-10.122,-13.085,13.04,-27.893,0.526
40.256,107.932,-3.14,-82.913,19.674,15.358,-58.007,9.276,-0.33,-0.918,-29.924,1.796
42.175,49.449,-5.177,52.032,38.342,-7.888,-33.713,21.696,-31.342,2.764,8.067,9.302
43.886,50.278,-2.566,36.752,73.141,29.023,-23.263,20.631,-0.277,20.666,8.819,-3.982
44.429,115.365,12.878,-24.961,47.621,-50.115,-34.315,55.807,-9.738,8.366,22.337,8.542
46.566,126.31,63.5,-9.413,50.65,10.352,-13.951,16.012,-30.19,28.595,-37.52,0.832
45.057,136.262,26.273,-3.718,24.224,-5.117,-47.356,41.74,-28.398,1.803,-3.71,2.974
44.421,110.855,-3.378,22.423,59.067,-33.186,-29.669,29.684,5.321,15.306,-15.982,17.342
43.408,78.602,37.768,-50.026,77.493,21.382,-10.254,-7.104,0.817,40.573,-30.675,2.486
43.143,84.497,42.465,-27.215,53.212,-12.845,-9.69,-15.038,-10.788,9.766,-16.599,-9.052
41.473,99.907,-5.249,33.123,37.921,-17.578,-35.283,-15.265,-12.532,11.262,-27.438,-6.24
41.232,123.919,7.106,-38.3,23.021,40.477,-29.784,-12.082,-12.536,8.366,-45.952,-14.257
40.812,91.154,-17.799,-43.975,23.244,-16.513,-37.186,39.337,1.623,13.195,-17.331,7.086
44.005,118.45,23.326,-45.497,56.121,10.387,-19.908,9.809,-27.081,28.861,-33.529,-8.934
42.284,75.121,-9.041,44.839,17.374,13.767,-41.791,-2.294,-29.237,5.851,-24.641,-2.814
45.997,80.523,60.583,-16.276,70.55,56.688,36.96,6.914,-14.514,3.747,-12.159,14.096
40.968,41.494,-1.123,3.856,21.141,-14.859,-21.094,25.11,-14.558,0.542,-19.559,9.612
42.081,58.744,32.441,30.705,62.292,37.721,3.075,51.624,-28.443,-0.933,-55.493,5.582
42.977,26.644,45.968,-40.5,54.664,25.497,3.095,-7.445,-4.991,18.518,-12.36,3.466
47.695,60.912,64.522,0.496,96.68,-24.428,-10.183,22.623,17.079,-1.225,2.294,17.438
45.648,87.385,13.649,-7.786,77.247,-18.133,-35.096,54.425,0.539,-1.87,-13.208,6.115
49.381,100.959,53.451,71.05,55.945,11.332,20.259,13.453,-16.781,-15.219,-15.128,8.393
44.499,87.028,17.195,26.093,20.171,6.765,-11.267,11.022,3.159,-0.367,-19.43,8.624
45.09,48.285,54.145,-8.425,62.223,7.796,-5.625,17.825,-12.638,14.421,-27.883,7.624
42.145,102.987,-7.443,38.24,55.041,-3.21,-27.216,14.264,-18.435,-4.147,-30.404,-7.262
43.114,112.727,-6.168,-31.701,80.155,35.905,-21.768,-9.827,-26.814,37.461,-75.479,-14.348
39.635,58.773,3.717,-24.258,48.826,6.554,-13.116,12.453,-7.956,22.652,-32.805,25.527
44.819,77.166,72.553,-44.981,47.348,42.581,-8.92,-8.054,-19.36,26.792,-16.929,-6.644
43.64,67.203,37.576,59.296,38.289,-9.107,-19.41,18.441,-4.151,2.844,-21.347,-7.097
46.451,87.98,39.794,5.421,28.375,11.336,-21.44,50.326,-10.847,-2.585,-1.086,-7.209
42.177,140.159,-16.116,26.587,13.672,-23.718,-51.407,23.063,8.301,-4.23,-13.671,-2.625
39.481,117.849,-22.587,-4.188,6.305,-16.057,-47.484,19.966,-6.369,10.443,-8.644,3.398
42.173,131.089,-2.604,16.666,23.519,35.885,-34.771,20.081,-8.624,8.652,0.124,-7.074
42.496,110.728,9.06,-33.745,21.45,25.04,-45.531,5.898,-6.164,2.535,-17.964,17.707
46.686,74.847,71.788,57.972,49.622,21.753,2.345,32.589,-13.505,-14.213,-12.415,9.08
43.594,89.162,31.481,73.646,40.36,-13.739,-41.328,5.864,-7.467,-11.28,-10.651,3.481
46.747,86.792,41.585,58.186,46.011,0.922,-18.493,18.04,-3.783,-3.737,-29.174,10.663
42.542,122.053,26.551,-23.127,41.343,40.089,-17.57,-2.825,-15.226,11.373,-43.283,12.616
41.455,95.113,50.896,-32.55,42.227,42.65,8.697,14.083,-15.145,1.409,-38.067,22.326
42.291,111.476,45.939,-45.494,21.512,-3.242,-33.604,16.324,-16.531,0.632,8.781,6.365
44.892,124.292,38.204,-8.652,11.368,-31.474,-47.047,5.203,-21.174,-6.803,6.539,1.858
45.656,133.677,67.9,-5.51,45.592,-26.562,-58.488,-26.708,9.792,4.107,-1.543,5.567
45.513,100.211,52.28,61.734,45.21,-19.252,-7.009,16.022,-6.281,3.08,-17.057,20.973
42.631,100.856,48.965,-25.522,27.184,-8.256,-45.053,3.965,-29.981,-2.39,13.17,-4.459
46.42,106.627,108.349,-7.652,59.735,-28.448,-1.722,-18.668,-12.775,14.815,-13.252,1.117
47.435,123.917,77.925,6.127,11.243,-29.022,1.101,19.033,-9.399,15.349,3.265,17.532
46.182,129.864,36.824,47.373,43.783,-15.274,-28.813,0.484,-14.175,27.603,-46.869,29.58
42.089,94.56,39.646,-49.99,26.719,5.816,-39.792,6.068,-14.418,4.372,-7.556,7.302
44.508,116.926,57.563,-24.282,17.967,-7.41,-57.096,-11.363,-18.112,4.618,-15.338,0.324
44.377,144.6,51.829,-38.469,29.64,-10.818,-46.599,-28.201,4.979,-5.215,3.678,8.992
45.106,91.58,45.994,63.807,36.266,-34.213,-16.397,19.824,-13.306,22.16,-29.975,26.47
43.778,126.42,63.926,-20.699,33.702,-8.992,-37.305,8.063,-9.389,-1.903,26.609,7.673
47.05,136.436,99.299,-22.513,39.347,-29.548,-6.07,-37.762,2.176,8.862,-6.037,24.185
46.506,116.642,105.26,13.661,19.051,-28.532,11.794,26.683,-8.029,-0.024,4.017,20.213
46.206,122.026,64.916,65.474,21.679,-5.514,5.403,-18.243,-24.414,11.411,-34.436,24.116
43.767,138.188,60.362,-42.125,60.552,6.294,-32.479,7.519,-13.784,-13.193,16.171,-8.202
46.011,141.199,67.254,-11.066,21.599,-24.089,-44.657,-4.819,-13.383,-0.443,-0.944,-21.662
46.709,137.06,82.798,10.029,47.71,-10.544,-33.083,-31.038,-28.537,-4.823,-22.344,7.55
45.036,118.289,79.577,-45.419,68.279,-22.04,-28.288,4.135,-3.77,-6.841,2.856,-7.238
47.495,110.781,104.222,-13.011,49.678,-18.801,-12.508,-17.608,-25.871,6.288,0.125,5.523
49.057,93.394,71.687,29.355,12.014,-29.264,-10.622,14.986,-45.078,-9.896,-6.804,26.416
44.567,113.036,64.565,-51.746,37.927,-7.534,-31.747,16.509,-0.022,-10.311,14.106,-12.318
46.244,125.498,66.842,-13.237,38.705,-24.157,-44.013,-12.819,-2.717,0.552,-5.217,-5.182
46.423,112.655,56.514,26.148,43.861,-1.244,-28.403,-6.904,-38.616,-5.746,-37.224,19.711
45.816,116.365,98.462,-20.456,26.709,-11.336,-20.578,-29.098,-29.562,-7.043,22.318,-14.985
47.937,147.698,17.398,67.745,39.401,-2.22,-56.645,32.787,8.873,-28.695,-5.007,1.639
45.88,79.539,81.004,21.206,78.353,32.975,46.917,36.973,-23.622,17.595,-30.148,20.212
44.877,71.662,85.059,39.647,107.565,-12.189,2.774,-20.118,-20.232,-22.216,0.353,16.963
47.495,108.357,80.885,24.642,125.685,-21.76,18.795,14.787,-2.295,-20.114,-12.415,29.767
46.518,91.57,81.623,71.484,76.957,42.567,23.131,22.464,-27.464,-16.748,-21.771,27.691
37.859,77.791,24.041,12.318,102.285,17.44,-11.277,31.904,-30.45,-15.707,-37.164,20.102
41.338,71.555,25.306,-15.053,94.582,34.584,1.15,-5.334,1.388,20.97,-22.076,-4.855
39.562,110.726,53.529,78.013,85.868,-23.448,-45.483,21.892,-5.327,4.768,-22.929,-9.55
35.771,115.47,-15.49,-39.365,66.178,20.236,-24.758,-20.441,-6.084,25.884,-59.512,-2.304
35.998,80.851,25.068,-92.09,68.246,37.575,-26.232,8.06,-30.885,6.144,-49.426,16.695
43.435,96.281,44.022,-18.704,75.938,68.77,-4.932,15.34,7.695,-13.063,-31.12,-2.035
38.968,107.724,-4.999,-10.13,58.12,42.422,-75.046,5.019,8.024,-11.837,-27.219,13.592
39.005,104.689,-15.329,-25.054,64.537,39.344,-16.832,12.546,-14.151,21.274,-60.663,-8.175
35.959,73.243,-9.872,-16.516,64.885,-56.121,-24.76,25.921,-10.886,5.276,2.813,-2.465
36.884,97.021,-23.047,-26.108,52.355,-25.876,-20.29,-1.928,-10.244,5.71,-16.225,-7.937
37.378,128.483,-27.166,8.673,41.252,11.51,-56.679,-20.43,18.304,0.719,-17.907,2.323
39.971,81.633,-30.963,-70.353,59.756,0.317,-56.635,18.602,-31.169,16.92,4.825,-3.22
39.575,162.429,-52.16,49.077,91.264,-21.572,-76.234,-15.406,4.486,-16.995,13.378,8.201
42.311,101.274,69.489,-66.026,85.841,51.279,-16.067,28.37,-7.902,27.374,0.454,18.656
44.226,89.214,64.807,32.172,104.168,-2.208,-7.951,16.019,30.3,-16.287,-11.627,25.086
38.109,127.908,-24.568,10.933,67.207,-42.611,-39.921,54.62,-16.237,-10.03,19.216,-0.698
44.833,148.994,27.095,15.569,73.348,28.158,-68.246,-1.943,32.383,13.886,-6.376,-33.854
43.476,163.698,5.853,24.881,65.61,33.825,-60.316,-16.55,27.325,-0.88,-57.472,-19.175
40.029,123.514,-10.599,14.582,63.958,9.868,-53.642,16.995,-22.929,19.434,-6.076,-11.06
37.54,103.358,8.422,34.052,63.489,-44.227,-61.225,16.839,-21.489,34.423,-21.867,-16.761
36.472,139.672,31.303,-103.884,59.566,-40.118,-23.279,-21.865,-9.027,5.122,8.246,-18.444
39.795,106.013,22.568,27.272,61.174,-3.891,-55.418,42.349,0.177,15.633,0.849,-19.143
39.693,106.706,-0.047,-25.442,52.453,1.441,-56.791,-15.651,18.393,20.641,-26.385,-22.467
35.919,95.212,-10.553,-44.062,69.86,-39.908,-29.188,21.242,-13.257,15.978,-3.52,-1.955
36.975,100.54,-12.641,4.127,59.667,-48.987,-14.297,-5.725,-17.179,5.674,-3.304,-23.08
39.369,22.446,15.074,-23.511,50.56,26.055,-45.296,16.352,-49.578,-3.111,-16.452,-10.452
39.824,82.867,6.399,-69.253,43.037,-4.699,-2.958,-45.537,-47.455,-8.261,-15.596,6.0
42.123,76.57,-4.672,-11.573,48.391,-23.891,-5.401,-61.384,-28.924,1.221,-13.194,17.379
45.611,33.432,34.275,-33.552,108.943,-23.085,-1.023,22.731,4.273,27.762,-6.599,6.76
44.802,29.626,35.121,61.875,104.038,-27.862,-1.893,-7.593,15.17,0.623,-22.653,18.799
44.458,14.749,45.198,-10.384,115.642,-3.591,-1.932,24.222,-6.302,-14.136,-9.573,12.205
39.884,78.775,-3.046,22.247,43.687,-12.957,-45.189,33.703,-34.696,10.757,-15.059,-1.537
40.113,56.385,19.865,-32.471,90.979,23.767,-2.103,11.709,-10.239,34.27,-29.356,-7.284
40.963,72.477,40.237,-63.756,64.545,14.396,37.304,-48.32,-31.699,37.434,-10.316,2.178
41.637,33.048,19.916,86.853,52.42,-19.865,-20.666,43.547,-25.702,0.295,-8.027,26.914
44.473,61.662,27.101,15.504,65.706,74.68,-29.369,-4.379,-43.585,22.55,3.701,-19.238
39.522,10.591,4.682,35.608,86.57,-18.793,-14.024,34.145,-10.773,2.532,-17.269,8.371
38.3,87.87,-1.479,-89.231,39.863,23.845,-22.391,-9.309,-17.878,5.521,-28.019,1.982
35.548,91.692,-5.388,-45.095,67.452,2.408,6.17,-12.297,-17.167,1.404,-31.054,-11.456
46.426,52.473,100.665,15.644,92.343,24.819,9.263,46.86,12.368,22.916,-11.235,-8.226
43.342,73.962,13.918,-23.98,67.05,6.981,-3.19,-33.47,-28.432,33.652,-45.222,-8.892
39.996,107.026,-26.254,-17.841,10.618,-19.602,-56.245,30.387,-6.41,-18.867,-1.425,-10.222
44.831,57.655,36.918,-42.262,71.133,33.771,17.761,1.101,-33.835,20.061,-35.825,-17.102
40.794,-3.055,55.707,20.267,75.231,-23.826,-10.174,-0.702,-32.258,45.754,-29.793,8.14
45.5,19.287,65.744,-8.507,79.535,26.472,54.559,19.275,-12.163,17.5,-9.685,8.79
42.714,13.028,50.327,51.445,73.165,-0.726,-4.319,25.476,-47.112,-13.391,-38.62,5.703
44.828,34.722,14.197,-7.221,76.865,-26.443,-61.368,11.916,-11.316,-15.203,1.044,-14.168
47.087,36.226,102.856,22.296,70.839,-16.917,-37.236,-1.439,-50.427,-24.655,20.464,5.824
47.164,28.513,78.56,45.488,117.074,-23.326,26.608,19.229,6.841,-0.674,-35.922,0.886
41.418,170.405,51.339,-16.343,86.343,-33.308,15.462,9.668,-14.712,-13.01,5.027,47.393
44.975,88.999,29.124,-33.827,87.875,-7.302,-2.156,-1.482,-32.194,19.167,-23.425,35.824
42.467,151.654,-17.708,-0.227,96.032,-42.338,-0.99,17.047,-39.602,19.773,-4.883,23.542
44.637,105.052,2.616,-64.154,76.165,-17.193,-4.215,-26.372,-51.4,26.606,-6.086,23.07
50.145,82.701,94.383,-54.98,110.04,-11.902,2.165,5.343,-8.711,1.842,10.319,-2.855
52.332,151.946,94.439,63.691,88.453,-5.939,2.455,24.211,29.439,8.148,-51.812,-13.525
49.456,111.266,61.136,39.71,62.618,7.189,-13.594,31.763,-4.238,43.554,-35.645,-17.792
43.547,127.795,25.547,41.898,64.552,-50.393,-42.924,30.159,0.998,-5.373,-5.467,14.167
45.886,143.592,93.101,-49.412,48.742,46.964,6.917,-8.723,-6.033,24.43,-43.267,-8.203
45.484,106.652,59.584,85.905,41.979,2.86,-19.747,35.189,-11.639,8.079,-34.126,1.265
45.488,100.632,91.329,-2.566,39.795,76.348,-5.686,30.408,-24.64,16.074,-58.081,-12.477
45.96,126.273,48.119,31.386,19.821,-0.757,-61.694,-5.448,-26.701,8.592,-20.931,1.671
43.664,144.208,4.486,40.195,31.593,31.64,-47.818,26.693,-5.912,-12.836,-60.274,-4.559
41.514,113.938,-10.179,31.893,16.975,8.405,-62.123,17.858,14.524,1.604,-19.286,0.637
42.164,154.343,2.998,11.148,34.653,58.662,-38.242,31.476,6.926,6.6,-32.452,-14.332
44.328,158.774,45.752,-54.45,41.052,15.396,-49.855,-7.467,-2.561,2.35,11.922,0.882
50.544,93.409,40.525,41.565,20.96,32.865,11.714,2.393,-12.958,-3.863,-18.846,10.676
45.038,79.129,33.977,22.729,43.536,-11.029,-35.773,8.546,-2.151,-1.856,-15.56,5.637
45.58,91.843,52.432,11.125,47.549,28.26,-26.328,2.295,-8.783,-1.551,-17.914,-7.952
44.637,95.292,24.706,-4.86,24.288,8.091,-16.449,-9.424,-23.817,18.706,-31.304,-13.018
44.227,105.442,19.321,-28.999,19.12,27.796,-30.969,-11.474,-19.83,-9.597,-23.067,4.758
41.245,53.621,4.909,31.43,32.663,-7.836,-39.135,-1.086,-30.464,-6.08,3.879,-0.745
46.513,117.434,47.961,-11.493,45.27,29.121,0.255,31.072,-1.16,12.75,1.756,-10.875
44.829,167.989,16.931,17.139,42.94,-28.197,-56.974,35.701,-1.874,11.242,-17.102,2.235
47.05,136.083,80.173,-10.125,51.425,8.516,25.614,-4.801,-36.975,17.87,-30.236,9.835
43.616,104.633,54.505,10.936,43.6,-7.698,-32.671,6.59,-3.689,4.348,-28.115,-0.206
45.0,130.174,24.988,-21.909,33.915,24.451,-37.22,26.062,1.024,12.563,-7.452,-2.599
43.671,209.228,5.843,1.555,15.821,-7.391,-67.699,3.826,6.767,6.399,-17.04,5.263
45.575,115.251,21.634,12.301,49.627,15.953,-12.975,40.078,-27.721,42.758,-43.93,9.217
42.14,122.828,29.374,-31.336,39.607,-17.072,-43.39,-11.187,-20.643,18.691,4.436,-1.706
46.019,75.233,77.134,-6.706,46.339,-7.368,2.622,13.543,-17.671,10.826,-29.64,8.712
44.973,90.177,58.501,-15.257,51.038,-13.158,-8.5,-3.344,-29.589,12.452,-19.003,6.447
43.91,88.063,22.937,14.785,43.287,-18.571,-36.073,-18.729,-29.106,13.302,-17.249,-6.726
46.925,129.431,4.283,60.485,35.357,43.713,-61.309,2.793,10.958,-24.221,-44.779,-22.781
43.385,125.127,25.445,-46.886,24.517,20.242,-58.93,17.566,-4.026,-2.608,-9.197,-2.998
45.984,130.631,84.15,-40.206,51.696,-9.829,-10.086,1.644,-22.447,28.529,-17.003,-16.588
45.989,114.699,42.752,31.423,4.016,-6.046,-54.045,-12.47,-9.176,9.239,-12.718,-5.286
45.818,100.196,91.174,-18.014,38.158,13.745,-9.403,14.518,-18.924,-6.923,-23.089,24.939
45.314,106.476,51.183,44.42,26.818,36.486,5.3,49.785,-17.003,-13.317,-51.519,24.954
44.983,119.585,60.513,-30.232,49.078,37.928,-25.5,-46.304,4.754,29.189,-18.307,13.216
46.582,60.003,72.656,4.866,118.978,-23.223,4.892,5.127,24.877,-0.092,-27.727,27.564
45.08,71.935,14.082,-6.352,56.075,-15.261,-28.526,37.965,-0.413,-13.285,-4.928,7.44
45.043,111.443,59.709,-14.628,54.962,-9.408,6.977,-30.344,-44.167,12.283,-30.6,-0.277
44.164,71.561,22.045,51.545,42.97,-34.968,-44.57,14.428,-2.259,20.325,17.47,15.388
46.452,71.427,89.175,-5.555,63.032,13.469,-8.955,6.586,-12.7,15.405,-19.334,8.745
44.738,97.548,8.635,54.093,25.158,-28.616,-48.014,18.505,-15.087,3.101,-19.987,-5.952
44.241,91.826,28.814,-20.479,48.717,-6.146,-17.662,17.526,-47.853,14.908,-45.791,4.511
43.15,63.353,62.014,5.117,17.863,23.249,-9.85,27.91,-21.527,-4.417,-31.489,5.37
45.358,81.021,115.461,-66.9,24.278,4.817,1.885,5.566,-12.202,3.918,-12.867,-5.678
45.399,50.831,53.546,54.511,26.348,-26.802,-12.915,12.5,2.88,-28.265,-29.856,3.163
46.434,78.403,108.789,-48.188,33.108,25.293,-6.315,27.235,-13.292,2.782,-15.506,7.117
45.721,150.971,26.766,-11.986,27.398,-7.177,-45.244,-6.332,-20.195,6.31,-16.331,14.14
43.915,139.641,13.193,15.573,31.841,-19.032,-42.79,11.399,-19.187,5.005,-24.32,11.049
41.355,130.656,37.573,-29.555,29.15,-11.971,-29.049,-11.781,-21.035,12.981,-12.029,3.368
44.545,132.111,45.193,-22.71,24.101,8.118,-29.02,13.501,-5.549,13.394,-20.271,-7.196
45.139,170.883,27.023,-32.541,23.173,-25.982,-51.66,-16.097,-22.938,7.259,-6.303,2.297
48.015,134.251,75.005,10.346,45.8,0.851,-16.173,-11.715,-23.612,22.582,-20.391,-11.466
45.719,111.324,45.75,36.004,29.695,6.608,-40.948,24.461,-6.007,-14.678,-33.054,15.04
47.221,113.981,42.847,22.821,42.673,47.387,-22.857,-3.232,0.201,3.663,-37.639,6.393
46.36,132.22,55.106,2.096,31.777,24.471,-32.603,10.8,-24.033,32.838,-21.181,-5.013
46.051,70.605,56.348,35.605,48.061,6.942,10.311,19.213,-15.178,4.517,-46.58,20.485
44.001,99.244,58.297,-58.653,33.067,-11.922,-34.872,13.533,-19.383,-1.537,17.205,3.407
47.005,137.042,37.595,-21.093,27.276,-21.163,-56.607,4.69,-22.072,3.135,-8.188,1.713
46.451,145.889,45.539,-6.576,6.574,-30.438,-79.348,6.131,-28.064,14.749,-2.056,7.302
46.635,109.45,65.629,-1.075,44.311,7.26,-15.729,-22.825,-2.938,14.478,-56.778,15.24
42.811,80.916,37.764,-34.543,29.442,-5.37,-44.695,9.164,-20.379,-14.827,12.244,-6.091
44.614,88.006,61.068,-13.834,39.668,-34.017,-22.83,-7.054,-19.484,-3.562,-0.868,-7.985
49.266,99.059,115.416,20.914,52.254,-9.356,12.475,8.125,-22.98,1.954,4.318,18.108
50.03,100.276,102.864,54.375,43.222,-17.697,18.443,13.228,-18.538,13.291,-20.969,20.235
46.745,102.83,85.35,-7.717,39.531,-25.816,-40.217,5.603,-4.988,3.563,10.089,-5.822
47.143,111.826,104.088,9.96,40.572,-36.118,-28.484,0.592,-11.488,3.715,4.49,-20.369
48.199,102.955,84.569,40.606,36.663,-10.07,-4.41,22.968,-15.945,-6.838,-8.582,9.402
45.814,105.231,95.299,15.597,46.166,-35.569,-11.476,-3.549,-4.964,10.232,0.317,-15.55
49.437,91.405,105.026,16.262,38.242,-30.746,7.906,0.973,-22.8,5.806,5.934,17.912
48.72,101.457,92.079,66.44,51.369,-24.836,-20.948,7.857,-17.414,-8.849,-10.028,16.559
43.315,103.157,83.389,3.823,8.237,31.093,-13.64,10.607,-40.333,-23.309,-38.701,27.761
40.258,125.693,-5.961,-17.54,56.692,-28.724,-25.663,-46.462,-33.108,-5.668,-18.189,-24.969
43.965,88.508,65.112,94.837,42.933,23.494,24.074,9.544,-11.895,-7.935,-39.709,5.78
35.919,103.785,-31.396,-35.94,65.262,-23.255,-23.964,23.962,-16.491,-21.025,-14.363,-8.996
37.976,90.439,17.731,-71.102,74.999,-20.971,4.913,-7.566,-12.143,2.537,5.71,-5.582
41.224,84.766,31.602,-0.091,65.303,-15.429,-39.893,35.393,-15.345,20.855,3.542,-20.665
38.357,106.201,-56.805,32.106,67.229,-73.716,-50.432,39.795,-14.095,-25.376,-14.581,-11.58
40.805,71.471,47.634,-6.236,68.602,24.507,0.269,28.209,-0.813,16.197,-15.533,1.457
38.511,116.87,-2.77,-1.453,48.959,-9.938,-73.986,6.184,10.739,6.636,-41.738,-21.721
36.09,202.733,-28.48,-3.28,105.137,-14.817,-20.806,-48.263,-19.959,-31.003,-12.742,6.557
38.501,95.92,-21.972,-52.678,62.817,1.25,-7.009,4.216,-11.097,11.621,-13.054,-1.595
36.015,104.685,-57.414,-31.999,70.728,-30.379,-32.269,2.833,-8.449,-4.413,-36.639,-3.997
38.593,77.169,-5.31,-45.216,68.528,-13.954,-2.85,6.103,-22.327,28.476,-35.154,2.158
38.218,95.535,40.172,-68.938,55.17,4.821,1.064,-31.523,-31.21,37.73,-35.0,4.344
37.784,53.21,-14.417,-54.627,71.641,-13.829,-31.026,32.657,-31.085,1.299,-0.782,3.337
38.748,106.919,-16.121,-11.204,58.424,-17.283,-30.44,17.733,-17.358,10.452,-2.307,-34.705
40.128,58.709,-24.83,-0.693,81.668,-61.65,-30.175,-6.696,-15.216,7.727,2.392,-24.508
42.228,85.747,-25.0,67.293,45.671,-26.98,-27.032,25.753,-3.94,7.934,-9.633,-3.543
41.092,49.751,5.081,-6.528,52.193,0.292,-43.303,-5.378,-14.296,18.983,2.702,-21.107
41.367,25.046,47.433,27.173,67.035,-46.737,-32.785,19.235,-26.38,4.033,4.504,8.188
40.612,61.223,33.244,-26.727,60.754,-20.798,29.857,-5.912,-30.022,29.231,-28.869,-4.4
42.48,82.54,-4.914,4.942,26.514,18.151,-73.434,-4.551,-6.415,15.226,-7.818,-14.717
45.838,92.132,8.391,12.286,51.002,54.65,-24.535,-52.028,5.986,1.429,1.292,-4.462
40.552,14.349,-7.532,41.552,2.475,-43.193,-33.293,36.488,-50.555,-12.728,-10.094,-10.77
42.41,93.208,17.928,-58.045,51.367,28.139,14.369,-3.086,-16.637,16.505,7.584,-4.106
46.338,92.692,68.929,-30.631,94.642,1.538,20.034,-39.348,-29.695,5.681,-48.417,4.778
47.585,93.635,29.396,93.144,63.112,71.573,-24.838,10.483,-0.863,-21.715,-35.215,-7.705
43.773,126.435,-0.818,69.728,46.779,23.727,-60.837,-17.446,9.513,-21.15,-18.591,-15.261
42.319,108.023,86.369,-68.386,14.023,28.587,5.539,-19.099,-24.415,-6.755,-38.905,-5.697
43.553,84.299,39.081,85.449,75.398,25.911,-14.731,46.559,6.959,-26.822,-13.087,-11.728
43.506,97.083,67.747,-48.456,72.889,56.598,11.922,-2.873,-3.369,1.625,-34.645,-4.096
39.973,111.673,49.229,-20.156,60.06,2.216,-23.489,-15.64,-29.309,55.141,-47.798,11.478
40.446,120.653,57.521,-59.258,44.835,23.947,37.175,-6.737,-33.103,9.335,-57.195,2.068
40.459,89.47,71.57,-80.504,49.572,12.141,-35.256,33.658,-9.364,-7.743,-26.574,-4.178
44.065,98.405,51.592,-82.133,52.342,40.103,-17.138,-13.72,-23.937,-4.191,-24.168,-15.546
43.717,158.079,-14.174,58.644,53.554,-19.933,-108.135,-33.976,11.824,-6.816,-46.733,7.115
43.352,119.893,46.844,-66.425,57.458,55.414,-2.692,12.362,-12.076,-1.934,-37.423,-8.323
44.234,149.094,-17.081,48.075,48.124,-9.17,-50.818,-22.055,-28.28,1.831,-31.622,-6.978
44.457,113.594,90.917,-97.381,62.76,25.66,-22.284,24.55,0.763,8.937,-14.168,-17.06
48.148,134.859,84.989,27.309,30.467,-19.327,-48.494,-34.735,-9.9,11.858,-20.495,3.181
46.333,90.39,75.531,9.649,39.699,11.434,-38.094,4.849,-12.198,-9.287,-27.881,-2.747
45.732,161.09,-10.396,95.344,83.539,-11.033,-54.514,37.589,-9.916,-29.019,-14.88,-13.964
42.329,136.605,62.919,-92.573,69.594,11.838,35.513,-41.248,-26.245,30.861,-22.603,14.594
47.108,115.362,71.623,53.125,30.251,-23.755,-18.238,-8.667,-2.858,-2.629,-11.616,11.065
46.346,161.678,57.624,134.03,48.331,-24.138,5.872,-5.56,-19.583,-11.034,-45.681,25.701
41.79,137.802,-15.454,38.798,41.483,1.472,-56.507,-9.433,-2.251,-36.567,-19.011,-7.056
39.859,118.725,63.358,-143.665,64.452,-3.897,3.935,12.702,-26.477,14.63,-9.287,0.075
41.895,168.183,-10.042,12.877,23.744,25.449,-43.156,-1.396,11.508,-15.128,-33.284,-22.891
38.426,121.38,-26.628,-6.062,39.709,-5.79,-39.595,-3.088,-9.551,3.628,-28.811,11.611
41.276,120.561,24.127,-108.852,59.194,19.97,29.582,-18.942,-7.139,41.879,-6.981,8.077
46.358,141.241,2.464,51.013,24.98,-7.337,-27.877,18.587,3.458,-8.781,-20.441,-8.692
45.783,146.492,26.967,24.838,66.848,15.06,14.537,42.199,13.886,34.292,-2.769,17.699
42.677,190.147,11.967,-6.118,38.48,-36.683,-55.482,16.93,7.373,9.235,3.452,13.638
43.128,189.563,26.397,-47.288,46.413,-13.752,-29.214,-22.269,7.688,44.758,-18.718,-11.823
43.146,176.393,24.253,11.474,62.561,-44.571,-55.683,12.916,4.05,15.255,-15.029,10.954
42.949,169.557,3.237,15.149,35.477,-20.416,-52.396,-14.753,22.86,30.115,-6.993,-2.071
41.82,104.732,-12.438,-37.184,14.762,-7.842,-44.266,8.138,8.534,15.866,-29.477,7.423
45.407,123.127,23.13,5.314,56.04,50.006,-42.936,0.183,16.439,10.785,-61.526,-25.93
44.689,108.464,22.07,15.517,42.684,-1.345,-63.331,27.233,19.159,-5.86,-5.139,2.091
44.42,123.186,-0.162,-3.2,50.025,15.893,-77.068,-19.097,-15.406,11.916,-9.014,1.525
42.266,114.633,-29.428,62.81,50.108,5.14,-32.106,-26.005,1.66,-34.334,-1.812,9.886
41.391,89.134,70.307,-73.618,67.772,-17.202,8.189,-16.741,-6.482,28.737,-28.719,-8.963
44.082,66.219,66.134,2.55,70.465,7.574,-11.997,10.314,10.723,1.642,-4.123,-15.986
45.358,181.243,35.994,-47.121,32.242,-9.421,-95.984,-21.39,29.47,-4.414,-4.931,-4.214
48.006,99.928,106.836,20.276,75.514,-40.047,3.591,8.261,2.245,-3.081,-5.996,22.552
45.134,123.08,-0.679,79.353,35.24,-29.128,-53.163,2.146,0.133,-14.389,-10.82,-12.06
40.993,95.361,58.988,-11.611,46.622,-24.256,-38.55,43.937,-24.386,32.46,-10.586,-9.19
47.317,114.83,5.834,31.6,31.951,18.72,-54.21,-7.885,39.85,-5.949,-11.983,-33.098
43.731,55.805,69.648,-44.306,55.765,-15.971,-13.464,-1.695,-19.038,31.037,-20.685,11.13
43.326,50.976,22.174,168.674,37.604,24.901,4.582,18.664,-14.333,-23.495,-64.054,22.45
31.132,29.694,65.215,-71.907,22.943,3.259,-8.041,49.267,-22.648,32.286,0.383,18.541
34.402,138.976,78.477,-68.598,37.441,24.916,20.845,-39.963,-9.152,-1.978,-39.751,29.064
28.09,11.775,-22.63,-63.171,69.134,-4.719,-19.093,7.752,14.78,24.026,-13.411,26.384
31.984,52.101,-20.277,83.516,58.636,28.203,-63.818,-3.782,18.545,26.514,-0.846,-9.205
33.808,65.381,-0.593,17.734,48.344,50.768,-62.265,-45.466,42.838,34.078,-20.577,-19.841
28.598,89.229,20.571,54.628,89.809,8.023,-58.682,110.862,19.704,9.914,-66.972,-17.75
17.278,46.034,-18.388,-20.34,41.681,-35.975,9.872,-14.361,11.381,18.606,-4.877,32.982
29.955,-35.504,56.144,-199.451,62.431,35.134,10.745,-3.685,6.158,25.249,14.137,4.854
40.889,26.381,76.366,0.894,55.898,68.369,-11.252,18.582,-5.199,-22.794,-15.389,5.258
35.707,83.107,78.142,15.649,52.505,7.093,-0.048,83.491,-15.773,13.626,-35.517,15.36
35.14,-4.728,46.925,26.574,6.415,-40.141,-72.96,-18.342,-45.882,20.901,23.688,-28.66
35.614,19.283,-8.092,95.863,40.428,26.026,-92.381,-11.911,-8.706,-23.41,-65.117,-14.898
32.296,11.099,17.586,42.572,25.382,59.531,-46.843,-35.007,-48.203,48.516,-47.045,9.286
27.342,10.024,-51.925,47.048,13.155,-1.648,-54.634,6.628,-11.887,-20.105,-44.709,-15.681
33.402,35.801,23.934,-35.832,31.528,5.88,-33.598,-24.512,-28.847,5.984,-0.089,6.788
35.644,6.225,50.931,-18.542,79.907,-37.274,-8.283,2.335,1.501,-2.717,4.674,0.372
28.453,9.153,-48.245,183.544,74.139,-36.231,-45.17,42.889,10.826,-10.978,-66.064,25.516
27.425,1.144,32.094,-97.3,23.548,112.026,30.802,9.136,-21.637,49.714,-0.683,-0.288
34.967,-38.61,43.683,-42.602,30.269,11.912,-2.986,25.654,6.901,-26.046,-7.749,15.518
29.599,25.322,-34.418,93.485,-7.632,-13.331,-53.527,-12.965,-3.177,-26.466,-8.515,11.574
30.278,68.278,14.3,-67.729,57.311,48.378,-30.303,26.467,-21.238,14.622,-45.758,17.57
25.893,-24.337,2.25,-55.852,20.433,55.128,-39.458,-38.327,1.56,-17.03,15.555,-1.15
31.054,-28.331,36.625,19.04,68.429,42.215,-9.715,115.912,14.583,-27.577,-20.6,8.049
13.629,76.309,60.544,37.143,29.784,-29.607,27.611,7.841,-18.366,-2.143,-17.25,22.755
12.31,123.757,69.479,52.135,21.945,-6.996,39.445,11.181,-37.572,-8.729,-8.31,28.418
12.886,144.06,54.733,42.771,46.558,29.997,34.372,15.415,-35.366,-14.424,-39.912,25.843
30.871,30.131,22.086,98.339,82.862,127.727,38.446,41.798,-0.307,20.008,-29.849,10.761
11.529,103.063,67.083,24.255,23.486,-29.672,50.817,14.504,-13.583,12.361,-10.457,-7.985
35.273,76.082,54.339,-13.867,57.433,117.034,19.558,33.338,-11.398,47.228,33.807,-20.337
38.911,73.973,5.919,20.412,27.169,-12.898,-55.067,10.704,19.975,2.265,3.647,-0.873
36.474,34.171,0.295,-21.584,38.889,-33.58,-55.031,-40.696,4.038,12.342,11.734,25.37
38.42,-0.211,51.802,49.685,66.944,14.785,10.974,33.041,11.075,-27.101,-66.136,21.922
33.541,78.138,-20.012,43.296,10.512,6.867,-99.124,49.316,7.887,-28.358,-35.962,-15.065
31.227,148.924,44.29,-129.293,34.461,55.741,-9.728,-5.709,-27.369,65.19,-44.036,2.445
34.696,90.671,7.236,-32.299,-14.415,-16.525,-98.368,-4.455,-23.557,23.278,-2.909,-23.149
33.776,108.304,-24.852,27.718,-1.269,21.38,-95.39,10.876,2.801,11.961,-77.672,0.305
28.409,212.817,75.842,-12.101,28.057,-9.324,-11.776,-28.755,-30.597,-7.984,4.115,-12.039
38.735,34.919,28.669,14.527,25.104,-13.525,-37.41,-29.598,-18.428,13.222,-5.82,0.682
36.524,7.857,21.14,2.488,68.214,-36.546,-26.172,60.95,-16.342,-14.832,18.452,21.095
34.623,-6.814,-5.719,5.334,62.51,-13.699,14.416,-1.014,-48.616,53.388,-29.845,35.826
29.332,-104.991,-27.546,30.432,64.296,-45.66,-3.39,13.241,22.249,-1.912,-19.766,22.789
20.42,-55.101,-93.656,86.957,59.281,-50.097,-35.592,61.942,-8.449,14.928,-41.878,23.941
20.998,223.269,93.807,-280.016,3.547,36.727,-7.296,-71.508,3.919,17.699,44.396,-19.693
38.506,180.958,64.105,-7.311,-26.466,8.832,-78.663,-25.646,-14.304,-10.079,-4.607,-49.385
38.043,144.028,86.346,-12.274,-30.099,-13.535,-78.863,-12.024,-24.759,4.35,2.305,-56.575
37.229,149.663,70.166,31.883,-20.087,-1.101,-73.244,-15.368,-21.472,3.635,-32.252,-49.678
33.94,237.484,46.284,-186.168,70.411,37.042,15.048,-125.218,-51.435,-4.6,-18.576,-26.781
44.238,45.717,70.062,-12.108,37.469,-14.227,-39.948,14.921,8.814,-20.708,13.374,-14.84
47.31,104.398,127.568,-1.527,21.685,-7.695,24.126,-11.767,-13.117,-9.431,-15.941,0.663
46.401,108.514,126.304,-7.144,28.748,4.332,6.196,-0.563,-24.684,5.034,-26.146,-24.119
47.3,115.618,47.262,4.044,23.94,-13.116,-68.31,-17.319,-13.613,13.975,-12.892,2.309
46.36,121.282,47.979,5.673,9.707,-15.796,-78.142,9.101,-19.413,8.678,-27.687,-5.255
43.747,165.747,40.469,-36.091,13.319,-17.538,-72.728,-29.885,-18.37,36.458,-6.123,-9.15
44.546,99.307,28.425,63.059,12.066,-11.466,-58.741,7.33,-45.374,15.213,-20.12,-17.845
44.679,140.767,36.002,-57.503,37.695,7.177,-64.964,-47.284,-18.734,24.761,-5.104,-8.847
47.162,83.435,66.114,2.269,47.886,-3.489,-45.722,-11.377,-14.556,15.979,-15.731,-8.512
43.041,94.206,43.931,-5.427,42.492,0.885,-22.956,-33.177,-40.436,35.142,-49.206,-7.874
41.642,173.862,-16.762,-5.459,66.952,-3.397,-31.047,0.865,-37.426,30.48,-35.371,-6.409
42.217,75.933,-11.336,-3.824,72.389,11.686,-43.403,-32.085,-50.343,46.05,-41.714,8.983
43.656,58.171,49.548,42.56,51.454,46.042,-11.236,40.663,-10.235,-22.638,-39.633,3.038
45.263,100.949,80.366,-55.622,55.675,17.311,1.568,-22.974,-47.795,31.013,-3.768,-4.458
45.478,68.382,63.053,39.612,86.884,-2.535,-20.507,-4.661,-14.908,14.207,-48.299,-8.921
46.603,68.376,68.781,10.986,59.001,36.491,12.098,9.717,-30.669,26.719,-37.677,-9.238
44.616,72.242,46.296,-0.34,45.365,1.99,-61.636,-19.006,-14.041,19.13,-11.589,4.698
45.124,105.077,25.552,40.352,30.097,1.802,-56.309,41.857,-11.614,2.202,-23.52,-21.406
40.9,89.727,22.211,-21.048,56.821,21.156,-58.022,18.84,-17.429,-5.732,-34.853,-8.941
42.849,115.784,3.258,19.326,40.737,29.766,-41.301,23.426,-10.595,8.873,-3.941,-27.69
44.864,109.013,22.655,-3.273,24.433,-7.172,-96.04,29.443,19.753,-29.473,10.279,-8.351
47.549,92.068,68.23,4.68,64.945,7.098,-38.392,-3.507,-13.798,26.587,-16.309,-2.345
45.559,87.679,57.268,54.055,50.67,1.565,-41.753,40.081,-0.777,9.113,-27.606,11.645
45.104,71.041,21.96,-8.86,56.3,32.198,-27.557,-5.87,-22.957,21.343,-19.941,-0.408
42.458,107.471,3.149,4.2,63.419,-1.14,-40.531,5.081,-23.463,26.782,-39.155,-0.77
41.087,102.613,-35.364,-14.682,65.879,10.923,-14.398,-51.498,-35.59,31.747,-24.54,7.117
36.141,37.896,35.568,61.059,51.247,-48.28,-12.406,4.128,-53.56,-18.019,7.72,23.294
39.705,96.077,57.493,-8.198,62.286,17.074,1.714,-14.291,-30.628,33.956,-39.314,4.673
40.067,54.851,64.906,29.844,28.596,28.535,23.125,14.508,-27.394,10.233,-21.401,-3.131
37.583,100.725,-22.293,9.791,66.26,21.914,-28.575,-71.87,10.34,-36.571,-20.31,5.65
38.407,95.299,-13.309,-6.768,71.288,27.004,-43.829,90.088,-17.798,-33.082,-21.763,5.93
36.883,73.844,1.021,19.879,73.137,42.693,-31.64,-29.465,-14.168,-10.565,-30.777,-3.151
38.896,107.281,-4.873,-23.131,30.76,-11.73,-35.993,13.621,1.394,4.304,-6.999,-20.153
39.759,72.185,-0.076,17.144,40.897,20.331,-0.31,4.808,-16.985,18.631,-32.667,-3.445
40.564,15.945,-20.049,58.778,45.466,30.952,-35.132,-7.949,-25.685,29.353,-37.468,-5.898
37.206,152.196,64.65,-53.312,47.73,19.255,-12.92,38.902,25.082,-40.811,23.046,-22.686
43.75,119.676,13.802,-9.833,45.587,-3.533,-30.462,-21.339,-42.727,70.464,-31.505,2.461
42.098,123.377,56.829,-22.732,53.98,-21.335,-34.214,3.334,-36.964,-2.362,-5.446,-17.101
47.758,109.845,43.43,-50.112,42.656,6.385,-23.197,-39.718,-48.345,-9.793,-3.711,-12.561
49.018,98.315,88.074,19.452,39.527,-19.664,-19.205,3.275,-10.424,-18.48,-8.452,9.62
50.21,93.834,90.592,16.168,33.246,-8.954,-11.808,-0.363,-10.657,17.126,-16.397,-2.339
49.052,102.682,71.303,-9.913,25.757,-1.233,-9.317,23.184,-11.228,-15.413,-1.487,-6.191
48.326,144.968,36.223,42.296,30.769,-34.33,-63.908,35.214,-20.111,-16.392,-2.541,-16.094
45.884,154.156,53.099,-12.571,13.78,-23.679,-42.909,-24.398,-16.244,17.277,-9.243,-6.195
47.154,130.853,34.552,8.109,19.581,10.638,-36.802,2.946,5.245,9.527,-25.343,3.114
46.165,137.452,35.855,-63.919,39.168,-5.851,-43.138,-29.433,-20.426,21.847,0.753,-13.578
49.696,108.182,76.067,-7.742,50.404,-26.485,-39.995,-19.282,-8.254,13.047,2.223,-21.43
48.446,80.635,86.151,-10.773,59.925,-0.711,-19.663,6.894,4.541,16.018,-9.012,-26.633
48.905,89.442,76.336,-8.184,50.677,-25.203,-15.705,-15.614,-7.028,13.314,-5.338,-11.589
47.838,120.783,131.589,20.072,81.136,-30.979,-7.678,-3.325,25.444,2.653,-6.347,-13.322
47.992,116.456,128.784,25.04,79.718,-33.423,-20.291,-9.894,11.347,18.789,-6.3,-20.753
47.667,101.455,123.594,6.411,63.576,-30.873,-5.304,-10.508,9.696,5.437,-6.61,-28.924
49.118,89.039,81.799,18.996,43.58,-32.934,-13.016,-13.789,6.412,8.763,-12.446,-26.434
49.76,94.935,83.361,13.172,42.479,-26.376,-16.233,-7.779,14.024,-11.944,-1.091,-20.365
48.446,111.732,44.939,43.211,49.858,-27.667,-24.417,-10.773,-4.585,4.695,-23.455,-16.824
43.43,108.617,30.83,6.009,19.073,-28.983,-22.367,-4.165,14.216,-9.38,-4.566,-8.057
44.188,97.798,8.973,-16.736,21.307,-16.177,-17.808,-1.401,-14.807,6.964,-11.863,1.845
42.801,92.96,25.306,17.439,23.848,-23.096,-21.901,8.472,-2.745,-4.231,-3.321,0.979
43.675,107.944,-1.322,5.581,12.143,1.602,-1.239,-10.864,2.619,-8.412,-14.396,7.94
42.375,91.895,39.245,-4.735,33.734,-21.949,-19.393,1.163,-3.279,7.487,-13.702,4.757
42.15,98.269,12.667,5.572,40.622,-6.428,-16.576,-4.117,-4.824,5.123,-5.958,1.175
40.314,85.073,17.418,2.382,47.418,-18.456,-30.02,20.47,8.171,-7.86,-5.635,12.407
42.116,82.666,-3.747,-29.709,46.373,5.304,-1.365,-9.916,-11.311,3.773,-18.718,-2.436
41.655,98.312,16.558,-17.018,32.303,-14.983,-13.372,-1.693,-19.795,-2.964,-15.541,-2.111
42.16,90.067,16.899,-1.056,34.476,-5.523,-3.577,1.065,-15.587,-3.158,-12.179,-7.552
42.385,101.058,41.256,-34.465,28.809,-5.997,-4.183,-0.049,-4.054,3.609,-12.657,-2.157
46.012,107.833,37.982,-57.485,40.965,1.506,-16.801,-3.598,-2.577,3.058,-7.714,4.543
48.196,116.375,56.268,13.053,46.338,-29.432,-19.376,1.523,3.895,12.231,-7.763,11.189
28.574,111.163,-118.209,382.315,26.233,-90.958,-78.363,84.252,3.071,-47.671,-53.918,-13.123
