0.0,171.13,9.469,-28.48,57.491,-50.067,14.833,5.359,-27.228,0.973,-10.64,-7.228
27.453,-213.197,-73.871,-24.967,-4.084,-44.643,22.058,44.113,-2.909,-28.558,26.745,-11.971
26.405,-128.812,45.414,-16.008,2.731,-32.595,46.223,10.867,-24.231,-2.674,1.633,8.393
29.501,-104.357,77.426,-1.278,5.049,-28.818,31.171,17.144,-30.421,-6.879,5.798,25.687
32.635,-151.943,-6.706,-12.124,-35.529,-23.885,22.049,54.582,-19.279,-6.082,26.539,6.565
32.492,-125.381,39.141,-8.826,-25.415,-22.159,56.091,-2.864,-42.915,4.45,-15.691,31.246
34.856,-160.844,-21.276,-16.411,-36.756,-17.369,35.869,24.282,-25.679,24.553,9.369,9.773
32.68,-128.554,28.399,-21.812,-41.723,-32.531,59.219,26.836,-30.777,-13.885,10.544,30.97
33.868,-115.583,45.506,-15.024,-28.629,-34.997,62.055,27.559,-23.694,-11.162,-0.176,21.075
34.8,-97.998,36.216,2.041,-22.659,-39.751,40.16,21.904,-23.404,9.701,16.768,9.816
36.103,-134.149,20.129,-16.446,-35.807,-35.963,43.243,43.431,-27.419,2.307,25.046,19.663
35.848,-62.21,63.824,10.886,-18.532,-63.719,35.752,9.255,-20.564,-1.502,3.006,21.198
36.987,-134.038,-6.429,3.759,-47.174,-57.235,44.888,30.857,-16.967,-12.979,9.229,23.324
35.593,-73.184,66.28,-0.604,-22.777,-23.873,53.624,8.033,-29.709,-15.18,2.461,30.276
37.889,-127.128,6.885,-28.496,-42.454,-44.049,45.957,43.25,-8.273,-20.049,22.218,6.843
38.262,-142.287,4.185,-12.375,-42.998,-63.934,34.908,51.813,-15.852,-5.601,15.559,13.454
37.228,-109.786,11.934,-11.481,-31.697,-28.346,29.856,23.421,-11.197,-28.804,8.82,14.299
36.503,-84.266,29.852,-1.45,-23.291,-21.277,40.102,-2.462,-16.179,-2.848,-0.927,23.721
36.654,-83.114,60.211,-6.862,-8.466,-37.229,27.027,3.926,-21.713,4.376,0.731,12.894
37.34,-88.047,59.336,-26.889,-8.31,-30.419,33.483,9.005,-17.835,0.008,5.61,8.906
39.078,-116.314,-6.002,-17.304,-44.09,-64.582,42.537,34.779,3.934,-20.218,15.622,13.905
37.992,-105.499,20.714,-12.664,-31.204,-28.351,38.13,6.986,-26.332,24.674,-0.325,11.986
37.76,-100.72,63.353,-1.795,-7.763,-40.016,55.374,29.721,-7.277,-5.93,-3.832,12.333
38.122,-70.102,61.276,4.039,-20.175,-40.549,33.941,10.671,-24.549,5.066,5.081,4.239
37.444,-73.385,73.203,0.59,-5.184,-20.513,36.257,5.56,-19.921,-6.637,-8.852,8.97
36.65,-47.649,115.926,24.001,20.968,-34.961,21.833,2.583,-21.534,-1.758,1.197,2.036
38.55,-93.442,28.469,-10.825,-31.381,-36.462,21.517,30.053,-10.741,-36.715,20.356,-4.565
38.253,-104.314,42.479,3.427,-21.234,-23.234,40.47,0.281,-32.478,17.999,-6.178,11.034
38.535,-70.114,61.416,0.779,-17.113,-26.661,40.076,-1.333,-19.306,-6.555,5.111,6.517
39.342,-79.525,42.312,10.457,-20.812,-46.117,32.702,31.261,-18.885,13.631,10.23,11.702
34.816,-71.45,50.792,75.85,9.236,-17.976,21.592,-4.198,-7.614,-10.918,-30.079,-0.329
30.314,-112.196,72.48,-12.858,2.358,-21.822,42.527,0.329,-25.158,-11.01,0.035,20.36
32.735,-126.037,15.447,-10.506,-17.886,-38.26,23.274,27.05,-26.504,26.711,19.557,4.966
34.106,-153.411,-8.655,-6.12,-33.331,-23.427,46.538,24.069,-37.535,19.296,1.821,20.997
33.503,-145.515,15.701,-26.946,-33.378,-26.636,44.052,19.937,-31.512,11.684,-5.848,21.426
33.188,-114.846,51.273,-17.39,-20.981,-37.452,63.598,24.797,-17.747,-3.69,10.115,9.348
35.85,-116.951,21.436,4.872,-28.035,-39.828,31.704,38.555,-16.444,-10.935,28.218,6.858
36.214,-147.547,5.008,-1.836,-43.215,-67.816,36.889,47.95,-19.784,-20.398,9.42,22.471
35.419,-77.979,66.382,-0.871,-21.255,-45.835,45.762,8.23,-30.193,2.655,2.279,21.491
36.836,-124.392,6.123,-5.55,-39.53,-44.993,37.498,36.697,-10.524,-36.812,14.755,20.907
36.424,-114.612,23.247,-19.936,-37.551,-29.679,46.825,33.179,-30.082,19.968,7.494,18.09
37.914,-148.122,-7.958,-17.96,-40.944,-50.774,33.349,54.549,-9.046,-20.685,15.829,10.17
36.249,-99.71,38.232,-13.621,-24.594,-25.499,39.185,28.928,-26.57,2.043,6.173,20.523
36.553,-122.356,-0.912,-26.336,-37.389,-58.975,20.811,15.503,-3.635,-30.192,13.762,8.301
36.319,-91.617,61.89,12.325,-5.314,-40.889,35.188,14.696,-18.042,-1.996,1.452,13.125
37.571,-67.014,51.525,11.725,-3.459,-52.33,14.991,-1.925,-15.391,14.325,-1.446,14.638
38.077,-90.105,33.852,-2.404,-24.65,-31.149,26.504,18.678,-24.073,8.336,1.437,9.866
38.693,-98.098,10.261,-3.552,-24.926,-23.865,42.318,13.338,-14.185,23.515,9.131,17.83
37.941,-108.668,20.209,-24.14,-27.553,-29.153,32.274,4.357,-21.532,19.546,-13.987,15.657
37.803,-93.361,59.612,-8.582,-10.959,-33.942,51.807,21.146,-10.486,-1.525,-1.412,11.864
38.197,-71.678,45.918,0.307,-30.459,-38.119,36.27,4.206,-28.723,11.412,-3.187,9.528
36.893,-68.298,85.173,19.307,7.381,-28.657,30.437,6.619,-9.301,-11.569,2.973,-6.349
37.354,-57.86,83.636,8.691,-2.974,-27.354,27.895,14.054,-21.857,-6.862,8.456,2.791
38.285,-99.132,37.283,-8.511,-15.491,-28.426,25.031,35.212,-9.759,-6.31,28.345,-1.167
38.976,-125.586,-2.248,-21.586,-50.673,-53.305,37.748,30.935,-10.329,-23.184,0.636,7.561
39.724,-58.635,37.257,-28.929,-16.073,-27.724,35.669,17.31,-22.129,13.449,-7.362,20.932
42.355,23.265,18.601,-26.898,18.774,-0.811,28.094,21.073,-15.112,-23.078,5.493,13.351
43.702,-33.372,-19.9,-36.939,30.291,-41.24,13.328,1.066,-28.962,-10.63,-11.797,2.669
41.702,-51.108,-44.047,1.954,27.354,-15.303,-17.986,18.995,23.878,-11.32,-21.823,1.64
38.331,-53.825,-41.447,-58.456,49.747,-41.052,19.155,78.398,-30.668,-74.945,23.968,-12.771
43.182,-36.731,-45.93,-67.97,7.526,-15.321,-5.249,11.35,18.911,-28.33,-5.103,1.78
44.795,-71.357,25.959,-18.972,-5.768,-58.94,30.269,3.624,-4.296,35.886,-0.152,-4.311
44.603,-53.328,45.728,29.419,27.919,-42.94,26.375,-3.662,11.831,9.19,-25.506,16.313
40.545,-87.549,1.847,-9.54,27.432,-26.971,0.902,6.135,-0.424,-23.394,-17.236,4.744
40.85,-38.199,-15.449,-48.104,58.664,-34.469,14.699,42.18,-32.222,-43.95,-1.994,-3.233
41.697,39.002,-22.928,-89.962,64.705,-39.063,51.267,2.363,-58.027,-5.916,-9.057,25.165
44.162,-35.193,26.606,26.222,18.3,-20.267,17.984,-10.918,-9.511,15.124,-33.363,22.072
38.339,-140.755,-3.145,-37.793,-46.457,-41.762,44.288,32.818,-12.271,-23.378,10.229,12.62
43.701,-14.149,44.252,-19.981,30.644,-32.652,48.816,-43.464,-3.434,25.548,-0.659,25.759
45.154,-50.237,61.795,5.304,49.422,-21.993,41.402,1.06,13.78,14.118,-3.225,-1.903
43.399,-33.0,18.183,21.701,36.926,-31.865,8.957,38.071,-9.593,-25.452,-11.091,-2.692
41.126,24.303,-30.01,-36.545,51.152,-42.57,40.781,-9.843,-52.705,-7.582,-14.675,10.915
41.849,-8.693,5.805,-28.102,17.538,-41.058,-1.449,-0.923,-9.919,5.418,6.875,17.722
40.77,-89.875,-1.215,-46.898,-6.371,-28.797,22.651,23.233,3.363,-43.595,-1.715,7.725
42.914,-108.844,-1.464,0.695,34.966,-48.71,9.697,-30.901,-0.348,0.279,-11.072,7.245
43.481,-80.54,17.093,-43.486,29.796,-30.478,6.585,46.829,-12.142,-30.399,0.559,-6.427
42.125,-78.517,-15.855,-9.268,5.22,-37.901,15.42,-9.361,-26.412,2.368,-8.298,7.895
41.365,-36.707,25.987,-21.492,11.638,-20.94,39.41,-19.351,-29.166,-19.208,-7.243,18.76
42.304,-61.473,43.503,-10.144,17.841,-34.649,14.902,12.462,-6.125,-22.094,-7.199,-8.263
40.661,-91.993,5.786,-11.954,-17.05,-49.865,14.673,10.755,-18.894,-14.833,0.88,-1.469
40.002,-125.954,7.0,-22.885,-41.086,-29.568,32.959,-10.785,-32.628,6.382,-6.755,16.292
41.253,-13.55,-32.547,20.968,27.137,-49.198,61.46,-42.304,-28.007,-28.713,-1.903,7.41
41.524,-26.528,32.149,-32.786,9.968,-2.268,25.941,13.934,-14.506,-32.315,-12.369,11.35
42.443,-3.823,23.247,-8.725,51.387,-39.245,18.425,35.006,-22.723,-12.257,3.919,-14.935
44.178,-48.197,9.989,-21.28,43.578,-33.724,47.634,-26.217,-30.775,18.94,13.682,-6.606
43.239,-30.385,46.536,29.038,50.391,-31.303,8.775,7.567,7.208,-0.809,-12.545,7.725
41.48,5.649,5.383,-54.435,33.405,4.786,-5.93,-16.708,2.902,0.243,-14.381,-9.445
38.55,-92.446,-25.734,22.451,23.915,-20.213,7.03,-2.304,-22.637,-3.617,-10.348,2.721
42.749,-3.557,-71.767,-54.187,5.238,-39.245,-21.978,3.404,15.513,5.521,8.097,4.521
43.301,-17.291,-26.46,-17.725,14.957,-24.485,4.536,-8.487,5.916,9.043,-27.405,10.016
42.167,-8.293,1.869,-41.459,37.979,10.499,30.759,-34.479,7.403,-7.63,-21.721,17.462
40.881,-84.527,-12.817,-60.246,-1.989,-25.544,26.74,27.245,-12.695,-9.309,25.649,20.394
43.077,-26.018,26.771,-40.168,24.645,-7.321,28.515,-4.423,-12.971,-15.88,-25.932,25.324
41.383,-38.024,-9.979,-52.989,7.869,-41.652,16.65,63.007,-4.19,-46.498,27.16,14.488
41.655,-5.241,-41.408,21.024,1.98,-23.323,35.275,-19.596,-25.988,6.278,-10.226,29.739
43.172,-63.372,-34.473,-45.021,18.686,-22.778,21.514,41.758,-7.11,-19.632,15.67,-0.226
42.944,-29.028,7.512,-10.071,30.846,-20.397,12.084,40.741,-34.685,2.04,-13.064,11.178
40.106,-62.822,-5.632,-0.144,-4.061,-30.645,21.778,-8.98,-9.591,-5.222,-8.92,18.711
42.231,-47.03,21.634,1.992,24.719,-22.139,12.29,1.757,-15.989,-13.825,-9.641,-1.989
41.242,-61.148,-16.117,-17.394,8.182,-44.416,22.883,9.331,-21.186,-16.92,2.051,1.53
40.985,-75.088,-0.854,-30.432,-25.692,-45.33,27.557,31.124,-8.119,4.859,14.666,15.183
39.613,-143.912,-30.436,-15.674,-48.06,-68.407,15.197,18.397,-6.4,-18.594,-2.988,0.371
38.264,-99.942,53.192,-6.414,-8.671,-28.479,41.59,21.526,-11.747,-9.456,4.988,12.929
40.017,-38.281,46.428,-37.684,4.462,-21.54,18.52,25.81,-24.525,-5.975,1.481,13.302
39.6,-51.256,63.067,9.896,20.396,-9.178,7.476,5.632,-11.805,-28.352,-14.238,3.653
45.158,3.935,-24.362,-32.923,41.861,1.104,-13.881,53.9,-3.506,-34.549,5.895,5.507
41.904,37.12,57.714,19.497,82.025,4.2,-20.364,13.127,-50.37,-16.595,-37.822,3.478
48.896,45.04,47.145,-63.071,32.723,35.744,8.074,57.674,11.263,-32.998,39.418,-10.541
47.554,38.883,-30.123,52.835,-11.685,-50.144,5.806,2.496,-1.862,-7.508,-19.803,-1.118
47.207,-11.923,13.103,-63.169,-2.817,-10.465,8.677,53.921,16.907,-13.27,-14.108,-1.718
43.169,-33.511,39.35,-35.649,7.705,5.955,-1.27,50.48,4.872,-13.844,-25.287,11.641
49.205,141.303,88.371,9.1,54.125,1.909,-34.167,-5.038,17.835,6.087,32.236,-4.213
48.302,45.334,28.683,53.37,-14.701,-36.034,1.625,-18.702,-28.432,-8.497,-23.023,19.394
43.07,52.689,-12.574,34.845,66.831,-45.357,-63.019,12.049,-14.413,-4.046,-4.882,19.336
42.253,-26.115,-44.41,-48.5,53.779,-7.322,19.553,-5.814,-33.989,13.399,-28.618,11.978
42.509,1.458,34.269,-90.044,66.142,-8.5,79.084,-37.432,-47.023,-5.12,-9.795,10.48
40.434,-35.837,115.518,-11.044,59.435,-25.49,31.566,7.423,-18.029,-11.625,0.229,6.004
44.626,14.444,93.782,-28.005,64.002,-19.526,16.943,9.474,-11.42,-26.965,-9.196,6.895
46.49,13.304,3.404,13.989,23.206,-11.437,-15.292,-9.949,-0.415,-4.569,-29.504,23.729
46.934,66.322,50.114,5.669,42.663,-22.353,7.704,1.12,-2.134,-6.183,20.356,17.937
47.071,66.596,33.811,4.456,26.981,-8.071,-2.408,-14.309,-25.879,-7.178,-48.037,26.242
44.823,91.48,72.28,-1.292,12.247,-34.235,8.166,-1.563,-4.698,-2.924,-1.396,10.492
48.387,-23.186,14.432,-12.914,10.865,-46.373,36.758,0.497,0.852,11.61,-6.764,16.983
47.049,-25.597,100.915,23.781,27.836,-47.92,61.743,-1.487,-27.266,-3.398,11.577,10.925
45.519,-74.391,41.896,80.932,14.291,-35.936,64.323,21.634,-17.131,-21.987,-22.876,30.265
40.161,-25.357,58.62,-38.063,43.617,-30.769,55.548,34.664,-18.084,-22.344,9.62,25.546
44.087,27.495,0.906,9.118,69.508,4.179,10.688,17.387,-12.932,-31.357,10.446,21.824
44.405,9.647,-11.973,-57.592,52.09,-10.503,42.539,13.972,-31.42,-11.252,-34.74,16.123
46.937,-46.958,6.345,-49.937,16.781,6.312,47.187,36.738,-7.82,3.166,19.576,-1.067
46.761,14.632,54.138,28.995,48.837,-21.53,37.756,9.509,-12.919,-13.941,-28.809,9.88
43.531,-26.139,15.455,-19.291,8.518,6.487,10.114,37.544,4.629,-42.291,2.431,-7.626
42.469,-22.022,41.086,-71.086,22.54,-28.798,37.415,10.19,-16.223,-13.751,1.958,6.127
45.746,40.103,60.023,81.662,60.623,-39.994,5.825,17.796,-54.321,7.927,-24.452,-12.97
43.927,68.604,43.521,52.662,87.306,19.53,-14.572,-8.452,-36.749,-31.418,-11.966,3.778
47.046,19.218,43.752,-92.109,49.604,-0.03,21.64,36.505,-14.03,-29.073,4.66,-3.878
51.292,73.168,-1.232,-27.208,24.704,-54.166,32.924,14.476,20.813,-10.682,-3.853,34.878
50.089,53.3,42.702,25.838,28.037,-31.94,15.961,-17.615,-11.518,29.733,-4.202,10.987
40.015,14.545,77.23,2.564,54.84,-22.559,-0.035,44.463,4.465,-16.415,-6.373,9.064
40.955,-53.303,11.772,-52.605,11.305,16.026,-2.88,48.069,21.362,-33.937,-37.464,0.785
40.509,40.823,-10.722,15.222,54.156,19.637,-23.186,-30.447,-16.853,-10.231,-11.262,14.229
44.166,-5.804,-13.634,-99.652,23.89,-1.555,-26.38,20.498,-5.493,-29.475,1.775,-9.752
46.59,37.726,-37.922,-33.364,-17.919,-6.499,-24.619,44.148,27.281,-46.014,-6.229,6.762
47.28,27.495,-2.081,-16.174,20.132,7.634,22.297,-19.299,9.994,28.283,7.302,-2.261
43.562,-12.753,20.896,40.864,38.756,-62.982,33.174,28.046,-43.249,0.165,16.804,2.656
43.635,-26.42,2.14,-45.045,17.186,-5.079,22.347,60.383,1.847,-45.646,-14.541,4.091
43.259,24.097,2.417,87.447,17.679,-14.274,-18.603,-40.807,-25.658,-23.287,-15.673,11.279
46.296,38.807,11.27,-81.517,-5.09,39.732,-21.741,65.113,18.596,-38.378,29.163,0.156
44.878,42.666,-56.193,55.74,-37.211,-47.607,-4.766,-44.446,14.075,-2.546,-16.394,27.81
44.067,-26.814,-14.268,-48.336,24.13,-5.293,17.705,14.61,10.731,10.296,14.059,7.33
39.926,0.422,11.783,7.95,71.472,-44.029,26.179,-21.926,-47.801,-44.802,-2.886,3.93
44.42,-52.906,89.211,-45.031,80.735,21.499,7.741,25.383,25.017,-26.698,0.183,17.796
45.332,-39.269,32.341,22.254,60.437,-38.254,46.054,31.443,31.21,-28.368,-19.871,10.086
40.019,-44.445,30.456,-27.205,11.687,-10.697,19.948,35.179,-10.545,-16.077,3.054,8.776
42.882,-31.279,10.017,-52.88,0.882,-3.524,23.557,36.962,3.097,-21.333,-1.695,11.205
47.047,-8.402,-37.041,-29.472,33.742,-28.347,2.737,60.469,13.965,-4.634,10.132,-0.031
44.582,-36.116,5.945,38.521,58.367,-30.615,-4.418,-9.092,-6.531,-4.52,-9.608,4.994
38.798,-25.343,63.904,21.566,35.314,-46.096,12.563,1.396,-23.733,-10.008,-6.547,2.688
38.028,-62.873,89.733,8.136,5.085,-24.531,26.468,8.974,-23.62,-11.276,9.795,13.737
42.305,-3.387,72.477,-66.657,40.674,-3.28,-8.415,12.912,-7.516,-24.649,1.787,6.762
43.125,2.009,30.451,52.22,16.399,-21.921,-28.143,-25.832,-15.693,-15.274,-15.412,25.903
39.841,35.574,41.077,39.411,68.031,-22.468,49.294,-41.331,-36.695,-27.14,-7.932,2.181
37.13,-45.93,102.579,10.409,17.927,-28.496,18.445,2.225,-16.615,-1.35,-0.42,2.467
38.511,53.399,65.247,-2.484,74.056,-19.897,16.284,101.765,-21.109,-24.741,-6.09,-11.021
48.426,40.334,-4.563,-107.994,33.247,30.319,19.814,10.362,-3.811,79.083,21.303,-8.792
50.192,-1.021,1.347,30.766,9.879,-33.62,16.99,-16.233,-2.254,16.021,-35.046,-1.376
50.745,19.362,-19.932,-22.398,14.335,0.512,12.016,-6.252,12.616,-29.799,3.646,-8.39
52.381,52.958,0.494,-2.595,7.046,-18.302,18.025,-4.122,11.832,-8.734,-8.806,-2.274
51.259,41.715,-9.61,-14.927,-10.914,-21.748,-7.122,6.916,-23.146,-11.209,12.567,-7.084
51.455,84.905,-1.343,31.618,11.558,-16.962,-13.219,-24.773,0.549,-11.821,-39.834,5.073
45.2,-27.214,-12.284,-29.752,-3.792,-19.816,20.313,22.177,10.189,-12.084,-0.08,13.669
45.554,-5.506,-53.702,-51.343,33.583,-46.447,35.862,49.149,-11.806,-27.049,11.993,-10.315
49.541,21.961,-6.895,-73.338,3.986,-7.127,23.073,18.852,0.848,25.914,2.634,1.316
52.355,59.788,25.873,-13.61,31.615,-5.21,-2.008,-3.779,29.967,-2.067,-11.655,-4.497
53.108,109.185,20.32,-17.306,-27.625,-27.684,-9.719,9.981,15.815,-9.476,-0.792,-14.325
52.405,145.408,17.288,-3.461,19.577,-24.053,-9.621,-8.807,-12.078,6.308,-0.578,-10.426
52.126,106.764,-48.746,18.006,2.206,-16.39,4.628,-7.311,-9.52,4.272,-38.629,6.511
49.048,23.848,-52.48,-21.41,13.237,-19.002,-3.747,1.886,-1.061,25.307,-29.238,5.656
47.412,38.953,5.948,-108.262,4.369,-6.888,36.86,7.779,2.296,14.44,4.909,-2.936
52.512,92.827,41.886,-24.645,-8.324,-11.852,-5.141,12.048,2.066,-0.399,-24.296,-10.735
45.394,47.505,-14.606,-34.695,37.803,3.644,22.788,47.251,-15.063,-28.239,-20.291,-3.561
48.989,31.597,-20.381,-6.65,18.117,-3.365,22.881,13.796,2.561,-15.202,-27.127,-3.881
47.069,24.102,-48.457,-33.425,18.172,-52.655,28.496,-0.586,-10.995,-9.438,0.43,-4.584
45.976,-23.886,-5.865,27.525,28.511,-18.54,18.858,-17.925,11.902,16.811,-42.138,-2.525
45.286,-55.231,57.682,-116.672,6.796,-28.482,52.895,32.553,8.136,8.315,21.241,-13.634
52.262,107.057,50.364,-3.914,-9.309,-53.876,-4.276,22.286,44.094,9.834,-4.361,-22.895
50.864,59.499,-18.044,32.951,-22.913,-24.108,-31.68,-21.052,14.123,5.621,-47.283,-12.652
44.296,20.748,7.538,8.477,6.393,-20.985,29.73,2.996,8.584,-21.109,-6.4,6.986
50.573,22.73,10.46,-22.385,14.999,14.438,21.213,10.533,26.484,-15.366,-1.324,-9.348
49.787,38.928,40.042,-19.548,-0.486,10.505,-2.287,6.325,-12.283,-17.569,-29.993,-10.742
45.828,64.335,-37.251,-25.986,48.635,-46.265,20.639,-4.994,-22.255,-24.417,6.535,-3.955
49.171,29.956,-14.04,-69.588,0.741,-14.878,14.676,17.022,0.587,-24.216,-20.004,-23.712
50.905,26.328,25.381,-53.028,-9.577,-38.209,20.868,46.312,-8.993,7.553,12.393,10.389
51.577,106.147,24.813,20.525,59.519,-15.579,36.073,-14.017,1.506,-2.06,-35.363,32.833
50.193,61.05,-40.339,-2.413,3.932,24.917,-30.166,8.539,19.27,-28.857,-21.833,-10.276
46.299,91.595,-35.102,-63.403,60.109,-22.927,27.064,16.413,4.935,-30.702,8.924,12.789
49.507,64.785,-1.149,18.267,11.234,-4.232,-37.334,-21.113,8.334,2.444,-28.449,-6.744
47.272,-9.455,-23.467,-27.377,-9.926,-21.992,15.654,2.471,15.371,-32.775,-4.584,2.778
45.329,32.154,-37.758,-39.045,57.28,-52.402,50.736,6.656,-41.769,-21.049,4.236,-21.867
50.552,30.282,-8.851,-76.512,2.241,-29.215,13.321,38.611,8.11,5.445,8.42,-7.132
49.961,51.569,-3.961,50.862,19.578,-52.899,10.466,8.384,-19.743,3.05,-32.213,-9.977
49.735,42.486,-4.098,-74.593,13.489,-17.599,12.836,24.813,7.808,-17.001,-7.234,-6.699
50.774,107.909,2.869,0.632,11.881,-16.169,-25.053,-14.717,35.948,-3.275,-19.917,0.747
49.695,27.284,-22.424,24.909,-12.196,-14.493,41.658,-6.664,5.993,-19.815,-36.048,25.359
49.156,27.829,-26.646,-57.751,-4.146,15.319,10.318,19.319,24.351,-10.658,-14.17,-1.768
48.322,50.541,-24.161,-92.855,-20.831,13.496,-2.306,52.681,32.922,-9.666,7.182,-3.856
52.296,130.855,13.83,-10.545,0.741,-12.249,1.764,-13.252,19.662,11.206,-8.606,1.877
50.278,63.071,-21.815,35.466,-35.744,-8.346,-5.707,-17.137,10.202,-12.615,-32.327,-3.572
47.636,68.063,-27.964,41.817,18.677,-35.364,3.391,2.284,-22.916,-1.004,8.66,-8.847
48.589,56.842,-30.628,-21.247,39.794,1.353,31.208,-0.596,-9.849,17.094,-14.292,6.201
49.551,47.51,-36.542,-51.581,8.131,-13.018,3.891,6.35,19.162,-27.715,-12.635,8.308
50.904,45.038,-30.6,-36.26,27.057,-12.821,24.166,-15.258,35.21,2.345,2.556,0.757
50.529,55.954,46.454,-0.077,51.673,-48.375,54.72,9.351,38.487,21.189,-8.223,4.188
51.124,33.615,77.073,-11.087,43.117,-44.177,59.11,11.225,36.36,23.791,-14.891,-7.204
48.704,4.124,10.325,81.228,10.076,-40.164,23.094,9.062,3.979,7.649,-29.56,3.272
49.542,-16.155,16.275,-59.025,8.731,-4.691,36.878,2.635,15.619,2.203,20.07,7.551
51.887,35.085,74.191,4.548,-4.233,-36.165,58.418,24.497,-16.906,-15.524,-13.543,27.383
52.31,57.598,70.31,-11.215,-17.027,-30.999,53.248,9.24,-31.638,8.773,3.457,37.271
52.879,61.337,7.429,18.926,-43.095,-60.284,37.364,38.18,-32.026,8.946,-6.083,49.5
52.856,81.489,66.167,-0.12,-14.391,-31.366,52.413,27.897,-19.715,10.366,-2.403,31.349
51.535,26.533,-7.86,7.927,-12.559,-24.328,30.578,7.251,2.503,-18.503,-39.747,18.712
46.319,0.41,-30.871,-44.025,4.926,-33.93,20.257,36.297,-4.775,-22.867,11.94,5.91
50.718,85.275,32.902,-82.525,0.423,-16.38,6.091,10.216,1.881,23.276,10.935,10.683
53.118,120.098,51.772,-16.469,-8.526,-26.53,-22.582,-4.087,25.91,8.262,-8.102,-22.81
53.498,101.809,5.367,-18.054,-31.152,-38.175,-17.524,16.13,32.601,-0.351,-1.236,-11.408
52.7,101.967,-21.336,-4.479,-34.024,-15.51,0.778,-11.794,8.695,-23.164,-37.27,4.046
51.788,49.845,20.002,-80.552,-5.547,-7.337,30.947,42.536,-20.854,0.299,-7.458,-7.259
52.685,75.013,69.933,33.28,-35.062,-31.144,46.731,-5.361,-24.937,2.743,-25.458,-4.201
48.009,-14.496,22.611,-20.269,-24.983,-23.71,40.386,20.726,1.565,-15.787,3.911,5.537
49.675,9.503,27.071,-48.222,-26.554,-12.897,26.367,11.663,-5.446,-15.787,-2.212,-1.6
51.88,17.819,36.75,-8.773,34.714,-41.623,29.987,2.43,16.626,-1.262,-7.913,16.964
49.928,-9.995,30.972,10.094,-1.215,-35.76,43.79,15.566,-11.183,7.652,-13.807,26.484
46.441,-39.114,0.927,0.769,-0.755,-50.299,28.013,10.962,18.071,-7.016,-1.158,4.422
46.146,-35.813,-14.493,-3.828,-3.167,-14.191,28.97,12.373,23.375,-17.275,3.181,1.15
44.966,-30.9,-19.662,-8.798,-11.745,-33.638,17.319,-0.976,23.445,-27.943,-2.166,2.424
43.151,-63.952,-25.438,-4.876,-9.918,-31.666,22.582,-10.2,-0.641,14.184,1.037,5.884
45.675,-55.083,-33.995,-51.658,-11.736,-13.888,14.321,40.776,24.514,-27.52,-3.292,10.052
41.957,-51.776,-0.133,-35.552,-5.381,-39.564,33.054,25.622,0.758,-4.311,-1.582,21.603
44.822,-30.17,-33.467,-29.649,7.938,-21.965,4.91,26.412,19.16,-14.761,-6.251,8.672
41.551,-30.819,18.273,-2.078,0.754,-41.514,44.895,2.21,-4.199,-6.507,-10.734,21.454
48.506,-11.653,32.403,-90.738,3.123,6.523,40.993,28.746,12.548,6.822,29.031,7.685
52.773,48.288,29.864,2.041,-37.227,-51.665,46.601,23.432,-24.049,-14.908,11.213,23.981
53.025,70.067,55.326,-2.984,-12.869,-33.598,51.239,17.462,-12.088,-3.2,0.391,26.028
51.613,21.188,-0.393,29.085,-23.035,-32.929,25.04,7.611,-10.326,-6.4,-32.873,19.791
46.439,11.163,-41.038,-51.941,15.34,-39.414,21.164,61.035,-9.644,-10.906,9.462,8.945
46.148,63.221,-13.013,-44.301,40.267,-37.128,42.198,-0.052,-15.341,-4.412,-7.73,24.305
51.715,91.42,42.084,-23.862,-18.194,-7.705,-16.562,15.571,7.546,0.85,14.555,-16.728
54.241,146.22,23.499,2.471,-42.221,-25.695,-15.386,-12.641,0.899,31.887,-5.048,-6.431
52.377,77.715,-6.274,12.313,-4.963,-14.573,-6.355,-11.467,12.192,11.09,-28.05,0.605
51.886,27.243,36.042,-67.852,-11.089,-14.257,29.225,45.562,3.172,-17.058,0.628,-7.74
53.277,30.749,45.136,10.182,12.729,-40.129,36.82,9.31,5.657,-18.571,-8.957,6.757
49.819,28.605,76.422,39.932,-1.923,-11.407,30.792,1.524,-24.842,-11.911,-36.089,-9.185
48.323,8.099,24.783,-11.412,-21.645,-37.232,31.785,20.041,10.346,-28.26,-0.844,1.351
48.159,-1.499,50.685,-51.416,-14.702,-32.172,28.592,32.658,-7.835,1.725,4.322,-1.758
51.329,44.519,40.229,-7.699,24.547,-43.738,37.412,-3.407,5.628,13.328,-17.441,25.055
49.3,-34.577,5.897,14.498,-0.087,-41.652,33.204,14.688,6.587,14.519,-15.999,16.649
46.499,-23.288,5.413,-30.601,-7.754,-9.195,37.141,14.806,13.672,0.875,-7.267,9.066
45.084,-37.587,8.245,3.973,4.283,-35.256,39.097,-8.475,14.563,-1.916,-14.258,10.713
45.219,-35.386,-30.611,-5.618,-16.05,-33.627,18.013,2.111,25.5,-29.496,-1.255,3.55
43.554,-64.181,-18.734,-13.821,-12.241,-25.959,34.314,-8.02,-2.536,7.359,3.849,18.013
44.514,-61.646,-36.544,-21.508,-7.045,-26.331,19.7,31.17,20.895,-32.96,3.547,10.695
40.954,-59.037,-53.982,54.269,8.947,-16.853,-9.062,26.159,21.43,-24.588,-20.346,5.152
29.157,-131.267,-69.69,9.441,-3.405,-72.409,-11.382,67.02,21.001,-22.969,18.297,4.501
28.656,-158.676,-142.805,5.861,-14.257,-69.081,-18.562,44.762,9.696,16.394,15.37,-5.853
27.86,-203.665,-168.557,21.213,6.472,-68.043,-20.107,55.624,14.033,9.771,15.263,-6.308
21.47,-194.82,-168.655,43.628,14.805,-110.01,-24.562,117.123,6.89,-53.524,14.159,-16.883
18.596,-158.375,-182.161,59.008,35.252,-17.331,-24.45,150.345,-9.108,27.524,51.4,-19.244
23.826,-159.916,-134.762,-16.347,4.762,-22.245,-21.083,155.659,1.749,37.971,61.383,-22.539
26.563,6.118,-68.887,-110.935,-6.324,64.701,-0.418,-0.159,-10.719,93.469,-23.028,6.243
35.36,-62.081,-114.727,-67.662,-11.107,-19.859,-32.11,73.681,11.577,41.854,28.823,-9.822
38.336,40.884,-29.092,-24.95,24.871,2.323,-0.002,104.795,-1.077,-7.111,-31.219,-20.008
40.574,-11.405,-28.755,-50.525,67.297,48.195,-18.435,-34.301,-21.238,65.352,-47.505,-14.458
37.839,-87.103,-58.979,-61.812,-3.234,4.505,8.303,-46.079,-8.053,11.298,-4.695,7.32
41.827,-114.966,-11.633,1.25,57.375,-37.653,6.06,-0.079,-1.803,-4.165,-16.588,-12.504
41.135,-104.727,-5.563,-44.687,40.158,-28.92,22.34,25.968,5.318,-18.558,-16.342,8.461
44.178,-8.5,-64.867,-20.519,6.519,-20.803,-1.823,-2.656,-6.736,2.375,-13.681,14.418
42.083,-41.232,-69.908,-1.043,10.304,-70.876,0.938,-56.448,-13.31,43.8,-20.923,21.839
43.41,-61.028,-10.571,-59.031,19.364,-1.356,26.798,-24.779,-10.491,-14.135,1.944,12.259
40.297,-142.092,7.514,-9.635,36.241,-30.15,10.651,32.327,-12.044,-19.106,-4.316,4.823
40.876,-119.798,-14.208,-98.272,5.899,-45.227,13.063,72.058,-22.68,-18.637,24.786,6.303
43.406,-5.932,-40.685,0.632,5.339,-20.174,-22.97,-30.25,-2.898,-10.621,-23.824,22.648
44.211,-49.415,-49.93,-30.141,31.781,-18.772,22.496,-26.022,-25.507,-16.932,4.01,9.951
43.594,23.656,-10.306,-20.713,2.03,-6.013,17.215,-22.145,-0.862,-39.42,-10.775,20.344
44.07,14.0,-37.201,-42.449,27.817,-58.19,34.432,43.981,-23.42,-28.509,-9.004,12.198
45.819,38.035,4.4,-50.121,30.546,-11.048,18.39,-8.167,-11.24,4.308,-20.752,20.4
46.127,-18.848,11.035,-20.874,42.992,-20.394,11.943,-11.29,-20.834,26.124,-17.625,12.533
43.594,-49.157,24.653,-25.047,30.049,-48.191,22.019,24.738,14.831,-14.594,8.77,-4.995
45.336,5.417,-2.474,-11.709,-1.407,-33.726,1.3,-19.154,11.545,-0.565,-7.354,10.439
44.642,-17.216,-7.017,-28.596,5.09,-20.711,9.611,36.541,27.05,-50.359,-9.005,8.607
42.539,-33.995,-31.526,-42.546,6.113,-38.674,39.753,45.456,-3.28,-29.532,11.596,6.408
44.558,-9.513,2.525,-48.598,37.799,-4.449,37.521,-9.479,-10.801,-22.643,16.079,6.821
45.814,-62.166,-5.158,-4.989,-13.333,-19.616,-2.172,4.6,-3.894,-31.911,-19.487,-4.958
43.509,-47.28,-14.484,-18.148,16.566,-41.775,17.094,-8.162,-17.869,-6.761,-5.533,-8.411
41.148,-92.599,0.223,-26.922,-35.797,-48.491,29.651,26.33,-20.601,-4.72,11.077,8.265
44.576,-35.429,-46.908,-50.62,15.715,-40.75,33.18,40.003,-11.753,-49.233,11.623,-6.767
45.061,-27.544,15.562,-67.15,-4.086,-19.997,14.735,31.24,-11.314,5.988,-6.852,-7.885
44.231,-25.719,-33.712,-23.68,31.16,-32.677,5.682,45.105,-15.409,-17.553,-14.392,10.091
41.857,-89.469,-33.859,-57.337,48.704,-40.195,28.608,-29.245,-27.496,26.245,5.549,-2.37
43.263,18.46,-34.837,-11.799,59.022,-70.672,-19.274,39.043,-7.201,-22.369,-5.903,0.952
42.357,-13.441,-22.747,-48.082,59.714,-33.895,-1.01,-7.863,-52.834,26.126,-13.127,8.771
41.385,-55.792,-61.215,-31.241,6.209,-30.223,22.149,-34.022,-21.631,13.121,-12.318,24.042
43.866,-79.719,-50.252,-63.316,-0.055,-14.44,-4.566,11.279,21.588,-39.402,12.103,-11.806
43.742,-39.929,-8.758,-17.894,34.517,-43.925,-10.722,46.642,-36.874,-0.436,-7.581,-8.357
44.286,-47.942,45.203,35.017,14.364,-9.181,34.753,-16.241,-15.401,21.192,-24.634,3.001
39.241,-125.209,-19.663,-13.097,-30.298,-37.973,20.193,20.963,-9.245,-25.959,-0.49,1.816
42.176,7.576,2.26,-45.546,5.544,-19.207,28.468,21.616,-13.345,-15.78,-0.262,32.336
43.803,-36.999,-9.189,-100.122,19.98,1.972,34.38,59.717,-9.111,-20.515,-1.874,-4.981
44.656,-21.755,-15.0,-32.781,44.699,-42.576,8.837,-28.04,-36.541,22.543,-11.483,19.952
46.625,-20.209,1.05,-2.42,26.196,-38.262,25.287,61.515,-0.406,-3.373,-16.558,-7.585
43.909,-53.953,-13.358,-34.346,12.237,-38.199,10.214,-10.961,-0.752,6.06,-5.138,5.879
44.024,-43.383,18.156,-7.672,35.245,-15.091,20.906,-5.568,5.184,-9.147,-17.851,-9.078
41.936,-46.127,15.931,-25.442,16.82,-31.63,16.976,4.014,-6.578,-1.597,-1.982,5.077
43.573,-53.715,-17.755,-37.85,-14.956,-61.177,26.447,21.755,-3.99,-2.427,7.403,7.68
42.487,-36.313,10.078,9.433,-6.197,-31.978,27.785,-10.997,-4.845,3.889,-21.255,5.21
42.321,-45.316,17.112,-53.824,-9.632,-23.164,14.11,38.467,-13.621,-14.865,-5.969,9.456
40.998,-49.476,33.782,15.992,3.547,-1.595,29.254,-7.116,-14.628,-36.023,-3.044,-7.374
46.551,-1.975,-42.277,-0.3,29.194,-8.579,-15.322,20.325,-3.216,-32.079,-13.555,-5.948
44.901,13.301,-10.243,25.425,39.565,21.585,-2.392,11.641,-27.673,-14.999,-21.297,-25.533
48.352,35.077,-26.334,6.785,-2.364,6.0,-13.667,-13.344,21.786,-9.839,-25.957,4.964
49.01,19.859,-8.996,-66.726,2.081,3.877,19.692,49.012,1.268,-29.432,-16.3,-0.605
48.08,33.662,33.116,-80.35,10.617,-8.189,21.15,51.231,4.582,-17.137,25.609,-3.213
48.921,2.996,42.635,29.493,11.11,-36.415,44.252,-20.884,-17.381,27.411,-13.671,38.108
44.49,2.208,-9.241,21.1,50.709,-24.878,-10.294,29.543,-22.409,-13.535,-2.909,9.129
44.739,6.881,-52.811,-75.195,53.328,-20.713,22.609,24.145,-27.45,-0.52,-31.183,4.99
47.694,-24.141,-4.315,-60.914,25.642,-21.999,54.257,-11.487,-14.694,8.107,-5.382,16.769
46.246,-81.329,37.136,22.583,9.368,-77.978,59.632,49.261,3.28,-16.37,15.208,20.234
47.343,19.174,48.768,-34.624,29.623,-22.515,27.324,11.469,4.863,-20.229,-3.805,3.713
48.956,16.003,11.356,-16.974,10.078,-30.351,0.75,-1.081,9.622,-2.484,-31.844,8.024
45.019,30.658,24.225,-92.125,42.143,-30.914,36.271,22.649,-20.208,-19.419,9.109,4.365
49.397,64.121,7.552,-14.227,9.673,-11.681,5.565,-6.753,-17.429,-3.534,-33.059,11.647
47.313,44.436,51.54,-29.874,10.634,-25.967,58.609,-36.904,-10.576,24.942,-14.407,17.052
47.718,-39.844,90.025,17.921,39.987,-41.553,84.815,13.095,-27.385,4.512,-4.995,28.138
46.509,-84.599,17.285,53.211,4.672,-48.932,76.609,36.2,-14.681,-22.398,-14.606,29.499
42.788,-8.083,29.93,-26.475,28.859,-45.759,52.502,21.122,-0.007,-15.884,8.563,25.042
45.075,6.815,4.584,-33.229,28.032,-42.267,37.25,15.003,-13.153,-2.019,-3.122,23.127
45.527,-0.247,-13.905,-11.531,64.078,-22.482,2.489,29.32,-15.663,-2.994,11.276,11.884
47.954,-2.116,-6.646,-76.688,59.005,-24.272,37.743,4.958,-15.089,-23.289,-6.806,0.685
46.554,-18.653,-12.97,72.974,46.454,-34.321,38.32,-23.777,7.207,9.594,-25.596,27.245
47.663,47.276,60.262,-79.804,5.614,13.417,44.474,36.88,1.064,-12.837,0.891,-8.66
46.942,-47.942,-0.036,59.282,1.084,-38.541,28.033,-8.854,9.375,6.108,-16.657,8.227
46.851,22.148,64.309,-53.483,22.136,35.194,-20.012,43.804,8.718,-34.638,-10.719,1.5
45.253,15.05,21.812,-81.11,28.641,-15.324,27.646,34.716,-10.748,-1.792,5.233,-2.063
46.474,51.858,-13.42,43.143,42.288,19.731,13.871,-6.671,-3.042,-31.276,-9.735,-14.997
47.907,3.08,26.166,-89.413,26.402,-15.675,26.485,20.871,-13.863,8.629,-7.98,-4.621
51.568,103.621,25.448,-30.7,29.026,-54.522,39.905,44.286,9.913,10.856,12.073,38.512
52.088,89.28,22.691,-2.034,13.233,-40.914,27.707,-9.788,9.785,21.617,1.638,25.848
51.155,29.524,48.448,1.907,-1.657,-45.207,42.747,36.538,-7.295,-14.636,5.571,14.005
49.483,57.971,52.497,40.511,39.16,-24.392,48.172,6.5,-7.886,-4.561,-44.563,25.45
42.814,1.564,2.861,-70.018,21.443,-20.682,2.074,33.649,-0.279,-12.075,4.676,1.56
48.908,46.434,37.322,-5.082,39.674,15.083,-21.592,-1.383,1.201,-13.065,18.954,-8.227
49.84,55.782,2.951,-3.734,30.826,-1.941,-5.025,-2.598,2.347,-15.486,-14.947,13.372
48.214,64.692,-54.205,-4.273,-19.926,-14.744,-8.279,0.68,11.804,-19.404,-23.992,18.768
46.221,37.341,32.665,-34.632,7.161,7.374,33.606,-45.401,-15.18,0.199,-9.898,6.153
46.028,17.602,64.587,9.067,40.518,10.146,51.218,-5.745,3.678,-23.206,-31.465,2.437
47.216,-11.306,47.531,-124.512,16.812,-10.891,39.873,65.08,5.577,1.12,16.246,-5.122
51.692,97.212,49.277,16.491,18.678,-23.439,-2.578,-8.847,1.701,-3.934,-25.139,-25.537
50.185,52.16,-31.717,54.69,-12.514,-26.4,10.945,-8.855,0.607,-26.198,-44.044,-9.928
46.964,52.49,16.289,-112.481,20.552,-17.739,13.989,-8.675,10.388,-0.735,29.294,0.361
50.184,64.006,24.189,49.576,4.491,-15.75,7.029,-16.397,4.122,-0.281,-48.366,6.195
49.476,82.18,62.044,-66.769,25.233,1.12,37.566,40.136,17.357,-36.56,-3.429,1.214
49.306,127.74,34.041,82.446,29.481,-2.324,-1.311,-15.026,-13.448,-3.051,-41.48,19.085
39.77,11.806,-1.248,-50.802,7.31,-38.431,-30.906,82.002,3.411,6.894,36.729,5.275
39.982,-54.548,-44.939,-87.511,-4.896,3.44,-21.179,45.741,27.847,-32.704,-60.2,-7.877
38.839,-89.168,-83.843,-70.5,-3.475,1.379,21.13,19.829,-16.884,20.78,24.163,5.256
43.67,1.075,-24.97,62.68,51.278,-31.177,16.359,47.419,13.105,-13.091,-52.854,19.337
38.91,-0.405,-65.456,-41.219,9.628,4.309,-42.268,41.834,38.34,-30.651,19.746,-16.361
38.037,67.03,28.984,-25.32,92.292,81.138,-46.276,-14.209,32.959,-11.516,-48.456,7.422
37.978,71.115,40.736,9.743,113.758,79.59,-65.33,-3.703,19.946,11.281,-26.25,10.568
18.999,46.272,26.763,61.804,100.782,-24.9,-79.896,-0.728,12.32,-26.393,-29.835,12.141
13.842,126.182,67.702,-38.082,82.138,12.125,-62.305,3.025,-6.175,-22.594,3.214,-9.733
24.73,297.068,-28.781,-87.683,162.208,-19.421,5.183,-18.935,-38.285,-10.605,-7.42,4.107
45.356,89.187,-2.705,-127.03,54.815,107.549,49.209,-41.201,-47.304,106.277,0.74,-7.911
50.052,1.343,3.891,-61.741,-16.984,-22.272,19.302,37.552,6.637,-45.096,-16.304,8.406
53.345,65.353,11.312,6.943,4.058,-29.307,12.688,-11.967,1.645,-8.969,-15.205,-5.354
51.992,42.112,-5.549,-16.197,-3.393,-26.907,9.233,9.105,-4.648,-15.681,8.1,-9.604
52.256,82.423,-4.436,23.124,14.451,-23.47,-7.07,-22.668,14.831,-1.813,-42.187,-1.779
45.854,-28.383,-5.97,-25.591,-5.923,-26.801,20.918,26.874,9.088,-13.927,-1.024,10.265
46.361,6.856,-39.125,-55.534,36.325,-40.451,32.378,59.788,-19.199,-19.25,9.451,-8.765
50.697,40.001,-2.721,-70.172,24.579,-24.127,20.821,9.699,-2.688,29.359,-0.917,2.706
53.673,87.245,36.104,-12.95,29.79,-23.529,-12.425,0.421,16.933,14.096,-19.698,-6.64
53.507,95.954,10.838,-50.548,-13.285,-18.63,-11.918,23.577,14.988,4.615,-0.44,-12.901
53.422,128.93,4.677,-0.616,20.796,-29.056,-13.512,4.658,-7.426,11.056,-3.823,-10.059
53.079,90.593,-32.493,23.487,10.415,-30.919,-1.893,5.746,-5.439,7.906,-34.694,-2.533
50.334,40.004,-50.622,-19.6,6.454,-21.88,-12.93,2.175,-15.084,36.501,-30.563,-0.661
49.972,46.298,-1.578,-83.068,7.494,-1.178,29.317,-1.292,5.518,17.234,-3.481,-13.407
52.996,83.199,49.699,-29.913,-4.023,-30.106,-5.338,14.282,6.857,-8.808,-26.019,-9.392
47.443,72.332,-19.931,-33.358,40.459,-4.683,10.777,45.243,-20.364,-26.471,-14.17,-2.298
48.988,56.846,-28.881,-72.522,52.116,-9.638,32.464,-8.604,-39.823,17.335,-30.488,-0.82
50.052,14.968,-6.239,-46.886,33.538,-35.354,35.961,-19.336,-19.504,13.497,-7.453,-27.539
48.939,-21.877,9.967,56.12,12.756,-33.072,9.279,5.551,8.829,0.83,-31.182,-17.129
50.774,-18.825,12.62,-72.367,10.456,-13.019,30.484,15.07,32.84,-7.539,11.578,-28.931
52.761,96.808,27.024,17.011,-9.02,-24.244,-19.15,-19.59,30.619,2.64,-34.775,-23.395
45.254,24.425,10.173,-0.851,10.439,-10.197,24.638,-6.119,1.392,-10.756,-15.063,2.081
51.921,7.642,9.021,-32.431,11.324,16.889,29.431,20.198,17.67,-18.877,-1.333,-12.271
50.009,29.81,13.981,-38.548,-6.39,-16.46,13.183,9.479,-3.325,-8.737,-27.284,-1.505
47.895,50.423,-66.688,-37.161,48.471,-58.753,25.176,-17.768,-26.297,-0.255,-1.074,-10.385
50.613,56.38,-9.709,-22.17,-4.748,-15.783,19.701,-25.278,3.292,-15.835,-15.02,-11.859
52.019,26.736,9.875,-59.031,-8.168,-49.272,14.021,35.723,-0.809,7.129,2.307,-0.159
51.399,103.202,11.279,14.222,45.581,-22.885,37.33,-10.078,-1.547,12.875,-38.304,25.422
51.282,79.968,-43.757,-0.113,-11.402,23.35,-21.656,7.206,23.427,-32.746,-14.817,-15.303
48.271,123.441,-33.274,-60.537,61.152,-33.601,28.877,19.032,14.557,-26.262,9.548,10.562
51.554,93.205,15.096,-51.311,7.207,-15.722,-36.734,-19.495,7.008,14.721,-6.686,-19.191
51.306,29.464,-8.586,11.795,9.59,-38.671,-36.15,-22.575,18.32,16.661,-20.351,-5.169
48.68,9.616,-5.176,-32.947,49.273,-50.345,3.566,-20.421,0.828,-9.915,-6.129,-8.255
48.937,-2.239,-15.161,-16.755,-6.47,-33.089,6.249,-3.045,19.049,-12.631,-18.613,11.865
47.094,64.242,-32.769,-37.754,74.16,-55.259,35.802,23.87,-39.683,-27.836,-1.252,-28.025
51.657,36.744,-11.667,-55.781,22.694,-26.317,9.957,24.884,-8.01,0.06,-9.364,-21.47
50.829,58.221,-8.399,-72.151,15.399,-16.16,6.524,16.994,-2.951,-6.62,-8.051,-6.01
50.932,99.812,-6.869,1.6,10.39,-14.428,-6.171,-15.708,33.409,-6.113,-16.177,3.386
50.36,7.92,-6.565,25.917,4.84,-5.219,31.25,5.05,6.245,-7.572,-26.858,10.98
51.171,47.734,-16.806,-51.271,-1.878,0.667,-1.122,13.235,18.678,5.511,-12.833,-5.486
53.545,80.148,-19.595,-65.989,-10.159,-16.686,-18.8,23.451,37.677,-17.269,6.644,-2.979
55.511,139.027,58.222,-12.054,-2.704,-10.981,1.872,4.581,0.744,-4.551,-6.433,-25.768
53.434,95.89,-12.207,39.877,-17.46,-9.796,-15.821,-30.18,1.353,-14.125,-46.459,-6.564
50.509,104.827,-14.402,44.53,13.187,-45.22,-7.067,-2.973,-30.118,14.48,-15.886,1.08
51.082,83.24,-32.265,-19.147,34.704,-3.754,24.087,-18.446,-11.633,30.431,-30.494,2.538
53.413,83.919,-16.513,-69.991,-0.067,-4.939,-14.248,14.884,17.039,-3.109,-0.838,-7.04
54.618,73.314,33.309,-6.045,11.869,-35.721,18.381,-28.662,18.029,26.646,-15.344,-23.011
54.487,68.491,68.189,-1.929,37.607,-37.667,48.165,3.204,35.358,20.385,-15.793,16.285
54.4,69.876,55.254,22.791,14.017,-44.597,40.475,19.247,1.797,12.91,3.254,10.928
54.755,41.283,49.135,-8.724,-11.133,-30.969,49.84,21.541,-17.785,-5.701,0.829,19.123
53.71,73.592,80.413,8.457,-8.719,-37.298,66.846,20.451,-22.685,-1.743,-2.181,18.822
52.776,18.333,2.429,19.121,-8.929,-26.198,33.587,4.531,-0.685,-27.556,-36.714,12.081
48.45,20.512,-27.282,-47.691,15.129,-46.234,21.917,47.483,-6.037,-22.656,8.854,1.893
51.484,76.714,33.001,-66.452,2.435,-25.911,1.903,6.217,9.132,23.633,8.496,0.818
53.552,93.483,10.88,-19.544,-31.865,-27.468,-16.338,13.282,28.006,1.564,-7.289,-4.739
52.886,78.077,-16.924,-18.607,-20.343,-33.002,-12.028,-35.256,9.257,33.088,-17.409,11.027
52.904,88.747,-0.98,32.732,3.7,-18.826,18.534,-5.071,-7.489,-5.186,-29.015,-1.379
53.325,49.174,16.35,-49.823,-1.844,1.59,29.641,31.565,5.751,-24.923,2.879,-15.329
52.993,61.54,65.705,35.124,-19.943,-26.121,41.056,-11.466,-17.341,-3.813,-32.544,-7.599
48.961,-15.89,22.056,-7.953,-13.278,-28.246,26.95,21.526,5.485,-18.54,-6.156,-1.701
49.607,-1.939,52.442,-66.526,-5.956,-21.706,35.667,25.745,-3.592,-5.508,0.077,3.62
53.083,29.449,55.15,7.643,9.056,-36.397,31.595,-4.128,2.522,9.85,9.291,5.331
51.37,45.598,52.135,22.523,7.165,-39.742,37.16,0.367,-3.982,10.21,-23.04,12.514
47.519,-13.652,8.717,-24.965,-2.365,-22.785,27.938,22.264,12.946,-5.575,-7.524,0.128
49.843,-8.183,11.555,-4.625,0.11,-4.192,43.335,-9.252,15.546,-25.873,12.783,-10.588
48.52,-40.198,-17.755,-5.811,5.982,-29.554,26.697,28.913,14.667,-30.166,-15.054,3.185
50.266,-26.38,19.458,-44.675,23.068,-15.267,23.32,10.354,27.178,2.932,3.171,0.768
52.314,18.064,90.205,-5.022,8.58,-44.244,56.49,21.449,-15.32,6.253,-0.065,21.964
53.489,47.705,42.458,-3.368,-20.265,-41.163,48.864,15.777,-16.679,1.05,4.818,24.892
51.81,38.402,44.678,40.812,1.682,-25.868,46.844,1.098,-6.584,-0.132,-45.028,19.891
47.614,33.985,-44.305,-53.493,15.964,-43.354,8.219,49.995,-5.812,-24.504,-3.86,-8.277
48.578,60.548,-9.333,-39.646,29.02,-40.827,23.439,-25.815,-4.144,10.894,-3.016,16.002
53.295,103.699,25.795,-40.216,-13.649,-23.567,-28.448,1.355,3.534,10.531,0.276,-8.185
54.411,102.97,43.391,-12.702,-11.369,-20.24,-31.948,-3.934,24.779,0.71,-21.641,-12.514
53.665,114.964,39.933,-0.443,-7.95,-27.513,-22.426,-7.651,33.212,19.622,1.407,-23.621
53.415,111.596,14.257,-15.623,-23.401,-42.722,-25.913,14.393,25.104,16.853,-0.472,-2.334
52.898,85.324,0.565,-7.571,-0.101,-23.276,-10.351,-12.761,1.134,19.531,-27.34,5.437
52.826,34.065,33.042,-58.114,-10.187,-11.994,32.88,38.427,-5.956,-25.413,1.01,-17.145
53.713,65.312,72.034,16.847,-4.948,-35.354,45.002,-3.309,-11.04,4.672,-18.977,-2.055
50.86,27.63,60.976,29.982,-13.709,-14.483,31.367,7.578,-23.493,-8.449,-29.642,-4.761
47.614,-17.64,39.657,-28.887,-13.331,-13.848,39.16,33.008,1.96,-5.578,-3.901,-6.477
50.141,-7.728,32.35,-57.081,-12.87,-13.662,37.915,15.266,7.318,-3.087,2.458,-5.612
51.082,25.618,19.716,19.466,17.386,-29.683,34.967,-10.992,15.128,-1.24,-26.933,19.068
45.654,-37.722,14.807,-43.715,1.037,-21.031,35.335,12.499,10.575,5.277,-15.571,2.657
46.688,-21.394,-17.556,-23.269,-11.576,-42.402,13.963,19.512,12.565,-13.963,0.437,-3.534
47.11,-5.328,-25.052,-48.043,-8.115,-57.477,19.18,26.336,3.445,-11.518,1.317,4.995
48.281,17.102,-46.029,-52.179,2.04,-48.631,3.949,40.447,10.494,-19.686,-2.154,5.591
49.011,58.049,-36.61,-45.63,30.253,-51.372,-1.714,27.319,8.369,-5.639,-1.518,1.268
50.061,80.216,-38.115,-18.009,43.615,-47.579,-25.64,27.291,-12.842,-3.595,-4.214,8.645
52.889,34.65,-4.952,-38.514,15.806,-9.026,1.116,8.205,11.36,0.06,-6.155,-3.996
54.622,111.898,30.21,-23.47,22.181,-29.443,-8.835,2.352,34.41,0.557,11.213,-0.483
54.118,83.759,-9.159,11.344,-6.434,-37.642,-11.735,9.267,34.398,5.725,-26.833,9.652
51.726,65.422,6.746,-51.158,-4.3,-8.364,1.592,-16.85,15.156,-4.885,-21.703,11.606
53.039,84.057,48.016,-32.492,-5.99,-22.967,1.504,12.216,11.748,-16.831,10.271,-4.191
54.099,21.528,22.735,13.256,4.732,-35.802,24.182,50.255,7.235,-13.647,-44.061,9.746
51.208,-4.439,22.914,-53.39,23.218,-14.35,34.097,-4.005,-23.742,30.801,-9.296,-9.296
51.794,5.687,36.105,9.728,35.285,-22.827,-3.274,19.539,12.996,1.406,-31.272,6.38
51.3,28.27,18.904,-67.802,20.578,-8.119,6.462,16.624,5.64,11.727,-13.665,-10.087
51.021,19.718,20.611,40.301,23.58,-50.144,-3.13,3.112,-14.124,-1.927,-1.499,28.28
54.748,47.207,48.679,7.823,27.296,-22.63,18.798,17.527,-6.555,-7.679,-16.459,-2.595
51.228,37.969,22.206,-23.299,18.629,13.113,-4.65,-2.245,-19.712,-26.234,-10.805,9.428
53.486,62.387,-26.015,-3.405,-0.771,-8.661,-20.821,-27.983,20.503,-20.023,-7.943,-10.381
52.128,57.36,36.155,-84.796,26.994,-28.464,16.693,26.359,14.738,9.66,5.205,21.188
53.675,8.98,20.542,22.429,23.263,-19.766,-2.619,1.592,11.07,-4.583,-0.955,-4.365
50.682,-24.472,39.116,-63.695,13.479,-7.86,15.728,11.31,1.311,18.118,7.446,-3.32
52.6,37.438,40.04,-2.169,38.12,-20.43,-10.592,0.694,19.322,-7.852,-25.138,-1.162
48.483,1.41,5.504,-62.722,16.81,-24.9,4.079,8.854,17.041,13.198,3.987,1.825
48.968,-10.07,-14.647,-13.058,0.311,-33.687,10.509,3.82,26.165,15.493,-23.417,1.329
52.553,53.611,24.191,-32.854,9.201,9.09,12.745,-0.322,28.36,16.937,-45.285,-5.616
49.429,-1.837,22.551,-22.061,16.206,1.477,31.351,7.34,28.939,-8.998,3.769,-5.859
52.623,2.83,11.734,-16.082,13.897,-9.041,13.413,-15.818,3.767,1.142,1.796,-7.699
51.336,-35.393,23.171,-11.16,29.787,-39.905,27.275,21.624,6.347,-12.414,-9.044,-4.267
50.425,-47.246,6.32,-3.559,1.737,-26.922,17.666,22.018,-13.212,-15.524,-3.211,-10.375
49.991,-26.689,0.369,-18.982,-5.74,-25.488,28.087,25.547,-6.977,-23.096,-2.436,-11.66
48.335,-19.639,46.63,13.879,19.653,-67.229,34.297,-0.158,3.209,9.458,-2.909,16.613
50.564,6.914,-2.236,25.181,13.955,-27.55,4.768,6.233,27.125,-12.482,6.444,7.174
50.173,47.011,6.307,4.314,53.439,-46.16,31.046,31.135,-10.828,-19.148,-8.125,1.961
51.423,17.321,9.615,-47.501,55.872,-12.443,17.012,-9.89,-36.183,7.011,-14.283,-2.027
54.807,63.347,13.932,-30.321,15.28,-12.487,-28.063,-21.337,9.298,-10.489,-12.818,-4.238
53.139,36.081,0.262,-9.659,39.92,-24.542,-5.695,16.554,6.372,-22.819,8.116,30.629
53.878,51.863,-27.767,-7.496,36.807,-31.208,-7.656,-11.965,13.679,5.421,-32.483,23.401
55.877,76.698,12.957,-26.424,-3.815,2.649,0.317,23.085,41.025,-36.334,10.062,-10.097
52.198,15.676,22.679,-20.718,41.155,-21.83,-62.995,-5.985,24.769,-1.124,0.237,4.947
53.654,10.849,7.612,-18.746,14.943,-19.527,-32.865,6.39,22.667,-5.025,-18.487,-24.16
51.708,-16.364,15.544,-10.775,80.392,-30.396,-35.147,3.584,26.571,6.019,-29.132,-25.321
53.528,30.067,37.565,-20.147,18.845,-19.794,28.398,21.82,17.558,-23.631,-17.615,-2.156
54.497,53.831,38.532,33.978,14.846,-13.811,-1.189,-2.224,5.902,6.57,-31.242,-26.589
53.043,74.915,-10.951,-22.3,3.245,15.125,-20.2,4.415,20.723,6.251,0.537,-11.356
53.441,44.263,16.362,-73.192,6.233,6.015,9.622,25.218,22.149,-28.36,-15.903,-5.536
53.201,-1.029,38.363,-34.69,13.636,-34.168,-9.729,16.812,6.156,0.882,-1.72,-11.584
52.954,33.138,13.092,20.816,57.317,-31.532,-44.518,10.579,17.184,17.075,-24.172,-25.435
51.503,-35.266,36.648,-33.831,20.746,-7.022,41.658,3.953,-5.257,-5.837,-8.681,9.431
51.092,-29.099,72.326,20.019,33.979,-28.407,25.661,14.457,-18.707,-16.299,-21.145,-6.869
50.5,1.896,3.548,-45.204,20.241,-23.834,25.711,48.342,3.515,-11.612,2.658,-5.677
49.948,11.218,-19.396,-7.595,-3.036,-33.205,26.139,-10.027,-7.371,-12.318,-27.35,1.289
53.202,13.5,11.691,-82.147,6.643,-4.923,9.413,71.423,27.864,-25.046,17.482,0.674
54.752,79.089,28.272,39.532,24.008,-27.034,23.232,-30.189,-17.669,4.54,-41.206,4.266
51.966,26.935,14.33,-14.942,18.029,-13.188,25.57,20.193,11.785,-26.51,3.429,-4.567
53.087,49.764,60.524,-8.518,46.455,-25.586,32.464,7.279,23.309,-3.48,-15.207,-0.899
53.133,22.103,46.787,-14.657,43.356,-33.956,31.406,-15.122,6.549,5.418,-18.038,12.793
52.876,1.526,53.297,15.502,18.513,-41.041,22.586,-6.918,-8.869,6.86,-0.095,8.731
52.275,2.391,8.99,-21.08,15.622,-47.5,27.387,14.986,8.558,-8.257,4.686,10.22
51.676,-5.821,3.168,-17.076,7.899,-46.352,21.105,40.82,7.346,-11.364,-3.708,6.994
51.761,35.512,0.292,-6.768,36.99,-43.395,0.162,9.454,22.506,-3.481,-10.99,13.729
51.144,63.212,5.026,-3.376,58.89,-25.349,-6.235,22.345,-12.739,-3.698,1.322,0.752
53.646,60.218,-2.594,-52.601,23.282,-5.264,10.495,18.115,2.431,-6.644,-1.403,0.892
55.028,112.24,12.637,-9.488,6.76,-38.626,-25.908,-19.374,19.364,7.865,-21.537,16.474
54.42,80.359,3.41,-12.826,4.223,-24.601,-7.2,-28.388,22.219,21.514,-26.955,2.863
54.523,71.566,34.808,-14.45,-11.841,-25.703,0.398,-28.657,2.475,-14.389,-8.707,4.634
54.428,34.348,41.402,34.173,7.809,-36.42,33.978,30.611,4.1,-28.075,-36.463,7.882
54.341,63.803,58.687,-38.157,-12.876,-7.411,38.107,36.614,-24.537,3.493,6.176,-12.243
54.813,114.2,39.952,13.181,3.584,-7.699,-10.632,-16.511,33.186,0.258,-35.586,-5.51
51.915,72.885,27.782,-61.35,14.647,-18.318,3.849,-8.648,6.73,3.435,-10.849,-6.877
52.683,37.619,38.885,27.936,36.68,-1.601,13.164,-5.966,-9.42,-6.684,-6.789,19.299
54.356,65.728,29.831,7.889,36.625,-6.514,11.598,5.555,3.369,-0.551,-22.473,3.781
50.399,44.176,-1.536,37.303,14.412,-50.017,-10.167,-21.372,-12.249,13.077,1.593,23.598
52.866,68.542,-33.355,-9.866,12.103,-16.244,-10.591,-36.846,16.693,-18.14,-4.599,5.53
55.275,62.992,14.177,-18.551,27.367,-23.252,39.748,9.36,15.187,1.862,-11.624,26.627
54.639,76.157,42.03,-47.245,0.628,-2.66,10.151,32.351,9.693,-23.338,12.657,-9.374
54.343,121.908,24.747,31.093,5.182,-30.689,-40.308,-7.48,34.633,8.577,-29.868,-13.607
55.759,90.653,26.496,-21.316,3.448,14.585,2.824,28.065,24.855,-17.285,13.499,-7.626
56.0,123.408,48.036,-1.261,14.575,-22.003,-25.186,-12.889,5.654,3.761,-18.67,-21.509
55.077,54.645,27.376,-3.466,-4.258,-41.201,8.075,5.268,9.916,10.588,9.936,-16.723
54.629,67.111,19.979,-4.623,-6.699,-18.169,11.72,11.818,24.462,-13.012,-12.257,-18.065
55.061,45.527,19.733,-3.745,0.299,-32.686,17.591,13.398,25.214,-0.957,-34.705,-4.038
53.521,54.779,34.997,3.683,5.132,-7.245,23.873,7.416,22.357,-0.095,-0.479,-8.748
53.037,12.736,31.514,-17.132,11.215,-17.73,16.827,-3.71,-15.529,23.547,-6.415,-11.702
51.861,-7.816,58.979,-5.062,4.683,-27.536,47.35,6.991,10.217,-0.399,0.568,5.815
52.197,-23.347,22.725,-5.509,-11.194,-34.944,16.841,1.45,2.193,-11.393,2.403,4.018
52.077,19.456,14.552,-47.493,12.381,-35.078,31.47,16.232,-0.438,-1.463,15.583,3.181
52.818,40.818,33.336,-2.204,9.384,-47.099,24.872,27.877,3.948,-3.434,-2.523,16.116
52.492,99.147,23.718,-7.29,38.375,-49.123,31.827,3.958,-19.42,-1.387,1.557,27.685
54.903,35.245,16.33,-9.418,25.49,-32.407,8.024,12.576,-8.58,-7.338,-1.635,9.312
56.368,104.09,45.485,-21.099,19.063,-45.74,-6.061,-3.638,10.729,-0.618,-4.693,-6.293
56.226,71.505,11.206,2.457,19.394,-40.609,1.421,-3.731,14.118,2.681,-13.598,1.405
54.742,67.646,-10.063,4.394,19.138,-31.658,20.411,-25.1,-5.96,6.481,4.994,30.731
56.436,58.32,17.212,-31.823,5.463,-8.939,-9.75,21.721,27.243,-14.028,3.617,-4.856
56.497,122.848,28.062,-11.426,6.453,-42.623,-23.888,9.091,41.236,-2.441,-2.603,-19.774
54.972,122.226,10.615,46.218,33.862,-30.638,-33.215,-21.461,51.412,15.933,-35.488,2.279
53.758,41.266,41.238,15.87,11.992,-3.203,28.98,-2.133,12.112,-3.516,-9.276,5.704
52.818,19.02,43.594,23.426,25.915,-24.732,-5.983,-3.219,6.669,7.417,-41.635,-8.166
54.341,81.668,-3.715,-6.434,-2.904,-23.076,-21.373,2.525,21.463,4.809,-17.26,-17.646
54.669,72.372,15.884,-47.272,-10.943,-2.713,20.986,2.791,14.443,-18.301,21.437,-22.581
57.59,118.969,62.1,19.745,36.724,-23.439,16.113,2.986,12.057,1.054,-18.954,4.0
55.572,102.513,49.867,13.687,7.015,-11.707,-20.039,-10.97,-7.258,-7.832,-20.101,5.055
54.95,76.979,28.922,-15.528,-6.68,-9.438,-11.747,35.899,7.714,-10.229,-13.945,-12.47
54.812,54.913,48.035,-23.949,9.827,-3.167,43.109,25.891,3.208,-29.072,3.397,6.42
53.961,43.385,28.516,5.505,-6.905,-69.158,35.741,19.692,-4.283,14.514,0.563,7.646
53.604,50.438,41.195,12.703,18.757,-40.852,44.567,-0.141,-9.459,-2.697,-17.721,4.893
55.575,53.214,10.711,11.107,15.047,-14.336,23.667,3.534,19.251,-31.005,-25.32,1.212
53.52,44.968,36.016,-22.098,5.45,5.268,4.496,4.711,9.751,-2.584,-1.065,-10.824
54.605,60.294,65.988,-16.042,43.263,-13.476,40.036,9.291,1.484,2.934,-21.963,2.359
54.56,47.322,42.081,-1.312,7.198,-23.831,32.9,-17.792,-9.395,14.421,-11.477,1.716
53.045,-9.148,66.74,-3.51,30.96,-42.278,41.225,23.248,7.518,8.805,-4.922,-1.697
53.293,-11.722,38.912,10.775,2.022,-41.116,37.256,-6.487,13.977,6.199,-6.478,3.802
53.47,-25.237,28.536,-9.534,7.873,-28.419,25.44,5.444,19.282,-15.947,3.92,-15.89
54.003,23.601,33.622,-6.211,6.542,-28.422,10.29,0.28,5.056,-11.449,-4.641,-1.514
52.809,24.072,69.267,-5.955,-0.673,-23.996,30.177,5.286,-22.091,-1.899,-9.288,0.886
52.704,20.841,57.108,-11.881,12.291,-27.213,19.943,17.391,-9.737,-7.412,-8.635,-16.13
51.929,11.875,44.223,-9.598,-5.187,-53.06,-0.854,24.613,-10.588,26.398,6.511,-16.356
52.873,3.46,17.834,-12.967,1.189,-40.393,21.907,27.338,24.701,-18.789,-3.121,-12.415
52.772,36.695,52.857,-4.506,45.793,-30.796,9.717,11.596,18.156,16.079,-4.54,-0.437
53.277,52.931,11.708,-17.233,4.431,-29.426,6.471,1.831,3.73,-7.757,1.107,6.675
52.948,56.685,65.8,-1.642,14.036,-27.069,17.732,-4.554,-13.021,-8.459,-13.219,7.78
54.387,31.933,31.935,-3.002,10.714,-27.955,11.363,17.944,-15.922,-7.708,5.835,-16.688
53.656,44.941,52.236,-18.667,25.004,-38.127,1.129,3.857,-23.185,-6.984,-5.759,8.507
54.296,38.054,38.243,-12.21,10.279,-37.731,29.521,17.863,-8.076,2.103,-2.97,-11.648
54.202,35.851,34.222,-21.331,35.009,-48.529,43.835,25.454,-6.005,5.508,-7.695,-17.271
54.429,50.445,17.837,-18.698,-2.305,-45.797,29.192,12.016,1.048,-21.502,-10.598,-11.436
53.542,77.896,32.197,-2.309,21.546,-42.344,0.485,12.942,-0.447,1.394,-8.665,4.784
53.424,56.023,33.358,-6.787,27.842,-32.936,16.613,21.724,-9.437,9.512,-3.758,0.621
51.318,70.982,21.901,4.546,37.01,-43.236,2.9,-10.939,-34.583,-12.195,-7.705,-8.312
49.502,19.937,5.59,19.432,23.3,-39.49,-5.35,6.052,-30.044,-4.585,-14.4,13.984
45.005,-33.544,13.564,-29.917,10.599,-28.281,2.105,-1.528,-27.05,4.059,-17.365,8.295
44.861,-42.64,2.717,-4.877,13.574,-20.263,-5.04,-5.925,-10.779,-6.333,-9.308,-1.398
42.772,-58.635,-10.904,-17.369,10.001,-38.548,-4.127,-6.918,-30.057,0.457,-1.142,9.628
44.431,-14.919,1.13,-31.386,15.732,-7.086,-12.456,15.978,-3.896,-17.397,-9.841,11.659
38.172,-44.888,100.013,2.211,6.218,-24.819,27.642,4.66,-22.095,-5.772,-3.737,9.003
40.683,-8.277,68.169,9.07,44.488,-7.572,32.511,0.992,3.605,-36.272,-2.386,3.17
42.65,70.353,18.493,-11.284,109.271,-44.67,28.77,0.232,-59.66,-25.0,11.282,-15.347
45.051,24.592,23.877,-7.845,49.436,-25.293,9.124,-48.194,-15.499,39.438,-14.933,19.847
44.405,-34.78,-4.109,-25.76,12.241,-17.376,-10.566,-14.826,-21.852,-21.742,1.711,18.098
44.619,-34.266,-9.846,-7.245,7.818,-26.28,-1.892,-6.291,-10.613,-18.94,-6.272,27.045
43.334,-53.885,35.888,-12.158,22.552,-50.58,26.843,1.635,4.921,5.095,2.769,9.361
43.989,10.256,11.694,7.07,35.372,-34.997,6.238,64.634,0.407,-11.037,-7.367,17.736
41.682,111.24,5.733,5.655,40.248,-0.609,6.411,-35.984,-6.226,24.8,-8.815,33.116
45.332,30.534,49.235,-41.328,50.924,-8.585,-7.432,-17.368,-6.278,36.941,-16.902,0.657
45.563,-11.369,35.162,-28.822,39.015,-21.199,-15.404,15.008,9.029,-12.316,-12.576,8.994
45.274,0.592,39.567,15.645,36.004,2.499,10.246,-0.012,7.931,-21.903,-24.786,6.217
40.225,29.256,16.739,-38.289,61.041,-10.887,30.809,63.001,-22.52,-38.914,33.098,8.13
43.013,-46.569,7.127,-18.962,43.959,-23.669,28.493,-3.218,-12.063,19.637,-29.44,25.454
41.03,52.846,-26.403,-19.209,75.458,-57.531,58.667,26.317,-52.425,-53.238,10.297,-0.153
40.014,-22.442,33.08,7.971,15.436,-24.37,18.057,-8.685,-19.973,-11.068,-20.993,8.644
36.833,-37.243,82.835,9.96,-0.884,-49.107,68.23,16.623,-37.975,-21.824,12.652,27.607
40.152,-11.756,63.468,-35.792,49.399,-37.062,25.742,11.651,-31.083,5.389,3.838,19.69
44.213,-9.105,11.547,-26.137,23.294,-26.303,-12.104,6.507,-20.188,1.857,-9.773,18.36
39.229,26.821,67.9,4.39,34.183,8.701,22.159,55.19,-6.738,-60.54,-27.655,18.685
40.526,-41.05,42.354,-72.444,60.978,46.626,15.933,24.383,-22.793,14.377,5.266,0.434
43.712,-17.939,-10.984,23.283,35.212,-10.364,-23.828,-0.895,-11.97,-6.94,-22.033,7.836
41.228,69.058,-7.173,-22.421,55.185,-5.336,34.153,19.259,1.583,-59.234,34.48,19.085
42.213,-46.59,-29.991,-10.932,7.359,-48.147,-3.815,-16.023,-25.468,8.351,1.806,16.829
41.311,-84.224,11.947,-36.547,34.467,-36.607,0.728,12.682,-11.285,-2.014,3.199,-0.928
42.665,5.573,-13.062,-58.975,54.455,-50.274,-16.354,69.824,-13.191,-26.243,15.299,7.589
43.586,21.921,-10.715,-19.689,35.388,-24.378,-16.993,3.714,1.529,-8.789,-1.681,25.288
43.8,149.197,6.297,-36.452,74.091,-33.316,2.711,11.125,6.225,-4.461,1.078,40.149
44.145,27.434,9.252,-3.037,26.707,-33.83,-13.53,-31.798,-17.476,41.263,-21.377,31.636
41.477,59.467,45.412,-13.084,73.496,-21.619,44.915,14.372,-26.411,-65.794,3.135,-1.879
41.873,61.796,64.538,-6.361,53.055,-1.494,26.388,17.512,7.498,-33.244,0.842,7.667
41.339,62.033,22.318,-14.364,100.723,-33.37,35.673,4.034,-55.74,-32.359,7.343,-16.019
44.474,-11.683,0.333,-25.781,52.344,-24.957,-26.849,17.97,-16.292,-5.142,-8.134,-1.934
42.548,20.205,-0.834,-27.236,59.714,-22.672,27.07,-39.843,-46.107,2.534,-20.213,16.085
42.371,-28.622,7.993,-42.316,-4.226,-29.744,3.179,29.013,-2.869,-35.208,9.898,22.645
43.522,-19.503,38.79,37.603,57.11,-27.466,14.478,1.082,0.762,14.148,-35.118,7.008
39.255,-19.619,50.103,-56.238,7.602,3.952,17.532,21.624,-6.84,-38.213,-25.483,21.198
43.352,37.9,-1.008,-63.276,17.277,-14.378,-21.769,-10.089,-0.92,-9.298,-5.009,34.527
42.762,-26.17,-32.881,-31.511,38.651,-18.787,-2.885,-24.21,-27.408,-13.53,-0.146,21.96
42.358,5.382,-4.785,0.84,23.974,-34.884,-3.02,16.54,-16.726,-27.144,5.824,12.07
40.584,49.048,3.999,-21.975,71.921,-56.404,14.743,56.594,-45.413,-25.956,22.347,1.882
42.733,72.314,19.871,-54.887,51.183,-15.819,34.84,-65.724,-11.793,-12.786,-11.496,28.039
44.444,24.434,2.713,27.915,53.621,-58.225,-1.513,51.351,0.398,-24.521,-3.828,12.814
38.475,-11.576,48.252,-15.024,7.522,-9.088,43.537,-10.673,-27.566,-41.524,-2.345,5.627
38.736,59.28,24.41,-20.452,80.836,-27.69,52.459,32.247,-55.369,-53.01,-5.315,-8.187
39.465,-49.678,1.208,-1.51,26.168,-5.665,25.488,-12.72,-23.5,-13.754,-19.843,10.988
34.927,-76.525,57.952,10.37,6.767,-28.791,45.421,-4.382,-16.162,-21.454,16.762,15.009
34.086,-67.651,74.284,5.495,-3.95,-19.746,43.56,4.506,-12.859,-19.018,7.994,4.494
35.277,-54.881,96.838,17.142,-2.353,-41.1,33.214,-9.799,-31.658,-6.392,-10.435,11.015
35.153,-81.621,91.693,21.211,-0.726,-52.158,49.542,9.991,-23.585,-6.865,2.28,13.119
34.585,-92.718,77.383,3.634,-4.202,-35.467,50.221,10.007,-20.483,-8.461,-0.376,10.821
36.991,-34.215,67.637,-51.068,22.08,-11.682,27.362,39.619,-3.86,-26.741,-9.917,6.24
42.275,80.704,21.254,-14.487,116.795,-55.828,55.498,7.136,-77.867,-5.792,4.016,8.08
43.772,124.762,9.612,-27.347,126.448,-45.604,38.535,11.492,-58.468,-20.832,-8.533,-1.762
50.655,110.913,66.102,-105.775,63.614,6.301,27.699,-13.105,-39.846,20.685,-13.057,-0.561
55.591,83.377,16.578,-8.457,5.077,-22.467,3.044,2.676,8.931,-23.1,-20.734,-4.393
56.877,104.685,26.89,0.524,6.369,-34.664,13.64,-7.184,15.02,9.682,1.406,-15.247
54.819,104.937,38.491,-14.159,22.18,-26.612,2.95,-11.069,-1.615,5.461,-4.2,25.209
55.524,88.773,7.334,-4.541,2.667,-39.076,1.711,-2.174,-13.34,-26.242,-11.902,2.729
55.378,95.22,29.159,-24.186,10.403,9.502,-23.014,14.334,3.749,-22.068,-2.078,-9.996
54.405,100.382,16.278,-33.072,-24.482,-37.337,-14.789,18.524,9.46,15.172,2.437,-5.321
55.559,97.451,39.609,-22.333,-3.729,-23.91,4.449,-8.711,6.19,44.369,1.485,5.881
55.336,98.082,55.172,-20.374,23.959,-23.705,-22.836,-8.482,21.079,21.858,-15.239,-7.821
54.785,98.347,23.533,-24.856,-11.02,-19.54,-7.463,21.228,28.402,-9.238,-1.478,-19.298
54.636,129.139,7.236,2.054,27.559,-26.231,-15.439,-2.556,2.976,4.167,-2.099,-13.863
54.823,90.776,-18.627,11.248,21.213,-18.862,0.34,-6.327,-7.38,8.905,-25.07,0.193
50.946,53.859,-42.268,-37.22,42.511,2.151,15.976,-3.956,0.497,11.368,-26.855,5.108
51.636,23.122,16.976,-91.721,23.787,-14.743,43.617,-6.47,6.174,35.474,-2.69,-11.486
55.56,69.312,66.394,-16.345,-9.137,-29.574,8.075,-6.372,-0.022,8.531,-4.44,-20.843
56.594,120.352,36.737,18.136,7.17,-23.377,5.342,-22.419,3.507,-7.732,-18.288,0.262
51.682,62.858,4.503,-14.722,64.774,4.532,18.628,37.404,-2.377,-26.387,-29.249,-14.201
52.551,62.778,11.858,-77.39,55.382,-28.18,38.767,6.953,-15.762,9.916,-15.244,-12.421
52.783,58.356,5.512,-38.497,15.896,-16.276,26.197,-8.108,-20.705,15.086,-30.184,-18.685
50.981,16.283,84.65,-108.82,-5.348,-13.767,31.867,56.619,-0.852,10.49,14.574,-20.121
55.172,76.081,16.251,29.463,9.587,-27.831,-4.327,-14.413,22.122,-1.013,-15.194,-20.007
52.949,10.76,17.183,-28.946,6.605,4.031,26.794,16.331,12.392,-16.023,-3.859,-15.586
53.329,51.478,27.664,4.03,-9.954,-11.6,1.421,6.187,2.116,-12.58,-32.027,-18.92
51.066,66.798,-32.565,-28.787,41.389,-62.337,36.48,-15.645,-41.355,0.084,-17.308,-3.832
52.369,60.356,7.288,-13.067,4.893,-22.886,16.764,-3.648,25.838,-14.929,-18.318,-18.04
52.807,65.249,36.143,-47.021,18.207,-38.765,23.651,19.157,-5.239,12.26,4.352,6.069
53.271,59.447,-19.099,-0.482,10.727,17.846,-4.484,10.755,23.346,-23.935,-23.026,-11.917
50.413,122.067,-4.349,-56.924,55.269,-20.0,30.408,3.602,19.944,-13.629,1.79,-1.096
53.257,80.111,23.409,-22.707,18.898,-20.509,-28.398,-14.1,24.512,-2.891,-5.521,-7.629
52.602,48.121,12.408,21.057,2.0,-25.467,-28.002,-23.59,12.753,14.47,-14.711,-8.518
48.502,2.127,21.518,-10.779,54.826,-41.156,24.592,14.99,5.464,1.019,-17.627,-1.4
48.274,-7.201,5.916,-42.511,7.764,-17.73,26.001,7.997,-1.06,-0.465,-16.567,3.371
49.073,46.909,-11.757,-20.381,83.905,-59.801,43.526,20.595,-21.049,-18.972,-7.575,-30.319
53.727,26.143,13.644,-47.025,15.467,-29.624,18.012,28.859,5.554,-13.712,-3.878,-14.104
54.081,65.042,42.636,12.898,34.489,-25.589,-7.208,7.186,12.124,-2.528,-24.838,-10.96
52.214,52.304,2.692,-66.567,27.958,-27.384,17.823,15.146,3.788,-4.982,-4.675,-2.999
53.077,87.991,19.781,9.111,22.536,-3.669,8.037,3.935,47.362,-15.572,-8.472,-8.267
52.332,13.966,9.667,22.485,8.626,-13.201,38.441,-2.174,3.082,-12.878,-29.119,6.727
52.873,42.421,-2.784,-41.623,0.706,-10.119,9.94,11.54,11.998,2.712,-12.628,-4.726
54.543,88.788,6.072,-66.407,13.038,-11.022,18.516,28.787,20.703,13.858,11.149,4.104
56.603,125.436,67.828,4.491,8.637,-47.779,-23.993,-5.12,-0.478,6.158,-2.061,-30.554
56.788,135.744,55.661,-1.037,11.44,-27.814,-3.772,-4.118,4.549,-4.37,-28.481,-3.737
54.684,70.656,8.565,58.344,-2.637,-13.231,-0.171,-16.005,24.57,-3.165,-43.408,-10.864
51.574,75.881,17.31,19.342,34.224,-13.648,10.627,12.209,-5.826,-5.99,2.696,-7.622
52.117,91.638,17.328,-38.811,26.147,-18.189,36.032,-25.866,-29.167,9.634,-25.272,4.678
54.781,49.745,7.142,-14.768,14.778,-22.708,16.112,35.139,6.778,-19.113,-2.168,-9.707
54.33,59.9,49.8,-4.708,11.236,-36.694,-3.854,-1.152,-6.353,-0.452,-1.051,-13.581
55.448,55.351,0.858,-5.844,25.463,-42.66,23.491,2.199,23.097,1.867,-13.203,-7.632
55.185,77.192,45.911,-7.804,53.446,-34.789,31.528,-4.518,16.658,24.188,-32.92,6.545
51.113,63.903,57.348,-36.853,17.057,-11.636,12.432,9.994,-15.821,5.598,-31.971,-2.305
53.248,32.217,7.958,-59.316,41.983,-16.713,33.519,15.273,-5.478,7.849,5.234,-10.074
56.063,61.474,73.709,8.891,22.1,-16.428,19.926,2.139,-0.08,-12.813,-7.029,-8.47
54.415,21.268,23.012,15.673,-1.588,-24.886,35.386,14.519,0.445,-25.983,-26.23,15.03
51.103,47.357,-13.86,-30.936,14.158,-40.211,23.723,44.428,-8.971,-22.104,-4.286,-7.624
52.076,49.18,23.692,-16.878,36.95,-27.591,25.799,-1.544,16.782,20.284,-7.658,-2.236
54.095,80.163,37.284,-21.295,7.835,-33.357,-24.36,-14.604,2.772,3.181,10.279,-15.507
56.085,111.104,36.432,-3.118,-10.207,-31.54,-18.833,-6.52,12.935,20.765,-4.643,-16.462
54.469,95.07,4.407,-11.565,-13.223,-32.431,-16.555,-7.824,-0.825,13.446,-25.513,1.241
54.797,47.793,36.744,-40.986,11.953,-13.43,33.411,44.026,5.682,-7.109,-2.52,-9.839
53.863,70.235,66.904,36.021,-10.294,-29.862,34.142,-12.632,-15.603,-5.292,-29.553,-9.962
50.707,-16.886,25.75,-0.062,4.918,-35.331,35.851,15.562,15.668,-10.34,-10.142,-7.145
52.436,9.624,32.702,-32.043,3.128,-16.687,36.876,10.779,-0.129,2.172,3.306,0.869
52.271,-21.501,24.077,-3.171,3.141,-45.859,43.381,17.189,10.253,-10.562,-14.736,5.757
52.379,21.656,56.807,-30.62,19.863,-14.802,45.044,32.716,7.92,-7.012,-2.383,3.857
52.996,54.531,83.999,-0.332,18.819,-27.946,43.547,21.361,-2.818,18.548,-12.951,-3.199
54.288,31.778,50.786,10.807,-11.639,-46.82,50.358,12.151,-4.018,-2.675,-3.086,4.94
53.771,23.968,65.387,13.274,-13.912,-49.095,70.47,10.291,-15.067,-13.837,7.157,20.229
53.11,2.422,54.871,2.342,-3.327,-51.439,71.797,21.993,0.865,-16.182,-6.847,22.586
54.938,40.446,47.338,-10.568,2.977,-27.036,48.004,37.316,18.606,-8.727,11.078,21.228
54.552,51.975,78.696,-2.533,18.554,-26.099,52.838,25.178,-3.87,-1.284,-7.238,27.294
54.229,37.478,78.014,-26.481,34.568,-35.3,63.414,21.536,0.95,14.092,4.018,30.137
56.051,68.035,95.942,10.133,12.943,-39.408,55.068,14.752,-7.418,10.163,1.732,18.841
55.263,62.721,62.932,21.265,5.196,-32.12,40.41,15.433,-0.821,0.241,-20.063,19.644
51.067,44.833,-1.23,-31.899,9.804,-46.147,20.397,48.2,-9.949,-9.939,0.521,-5.041
53.472,89.17,47.431,-63.972,27.876,-26.632,-1.266,37.41,18.119,17.206,2.296,-6.63
55.985,115.57,30.413,-16.48,-9.558,-42.763,-22.534,4.495,19.976,26.13,-1.684,-16.628
54.722,90.906,-1.4,3.1,-14.723,-37.871,-19.866,-9.07,20.152,-4.291,-23.746,-2.591
56.199,79.184,35.999,-19.223,4.889,-22.55,39.901,17.095,9.976,-4.236,20.944,-9.073
54.25,66.415,71.368,47.008,-2.212,-32.9,39.589,-16.386,-21.091,14.229,-26.855,-9.217
50.607,-0.884,27.358,-4.46,-2.7,-26.091,28.606,13.908,4.257,8.268,2.509,-4.39
53.252,23.338,32.332,-34.264,-0.396,-6.721,44.407,17.418,10.372,11.217,6.417,-11.966
54.868,31.853,47.115,9.222,16.482,-30.772,41.297,4.943,16.247,15.315,-6.729,8.227
55.179,40.72,46.185,-26.684,6.532,-34.021,26.68,20.257,19.49,-6.354,-7.959,0.208
56.309,88.179,77.953,-0.101,22.885,-25.07,22.674,20.367,13.958,1.603,-8.286,-21.694
55.253,85.169,17.378,32.577,-1.756,-22.095,15.581,-28.562,0.141,-17.399,-31.82,-4.623
53.188,70.332,27.465,44.528,29.99,-43.019,12.013,-22.287,-17.501,21.772,-5.04,-2.596
53.869,30.371,12.598,14.045,25.234,-33.907,23.472,5.274,6.225,26.622,-13.773,-9.609
54.28,80.186,17.841,-45.206,8.0,-23.042,12.498,30.232,0.72,7.026,4.933,-15.773
56.71,71.001,64.256,1.344,0.753,-36.208,32.811,26.745,13.778,-4.11,7.476,0.473
56.437,100.145,67.845,13.074,27.453,-38.146,58.188,2.757,-23.548,-2.36,0.443,36.441
56.547,76.469,49.667,22.841,16.971,-50.714,42.634,10.858,2.837,8.132,-5.221,32.56
54.689,48.52,85.604,-17.177,19.959,-27.909,45.587,19.092,-4.418,3.408,-0.163,16.308
55.219,53.516,52.255,2.71,-7.559,-40.919,43.931,17.7,-18.973,10.939,-2.221,13.75
53.762,26.38,32.067,10.29,-8.773,-31.542,33.982,17.325,0.843,-12.415,-23.359,3.159
51.196,36.014,-8.643,-31.751,15.94,-51.355,17.961,45.571,-11.096,-9.112,0.823,-5.358
53.224,59.672,43.199,-23.076,25.196,-42.917,5.342,5.343,6.312,7.832,1.346,-4.194
55.163,103.337,51.8,-6.181,-9.953,-21.535,-6.612,-11.588,11.826,5.695,-3.469,-11.42
54.78,121.702,56.873,-0.45,1.146,-33.015,-12.813,-1.994,29.08,15.698,-7.877,-8.022
55.17,103.205,19.22,-13.98,-30.272,-40.621,-18.488,4.54,23.976,6.855,-3.893,-8.247
54.421,100.152,11.253,-16.793,-13.761,-29.146,-18.776,3.539,18.979,16.254,-15.299,-6.918
52.563,32.982,43.151,-31.493,20.311,-14.752,37.912,14.424,-23.719,8.991,-11.337,-5.225
51.228,-5.244,24.236,-10.955,10.757,-27.142,30.196,24.305,15.015,-12.923,-10.928,-6.485
49.349,3.254,46.425,1.351,12.826,-32.279,31.766,-9.903,-3.881,4.288,-11.029,-9.053
53.691,16.191,25.636,-13.523,2.875,-30.368,36.165,0.268,13.767,4.77,9.742,-7.004
52.539,-10.201,25.774,0.633,9.56,-46.873,43.029,22.683,10.946,13.983,4.071,-5.121
50.528,6.686,32.626,1.618,-2.486,-35.913,38.568,10.282,-0.87,-5.294,-3.216,-0.171
49.174,2.712,62.665,21.688,-7.795,-43.63,31.154,9.042,-3.781,5.585,-15.832,-7.113
49.245,-4.175,42.431,-39.396,-15.581,-20.999,38.201,10.064,9.628,16.8,-14.925,-2.357
49.966,-0.062,59.555,22.75,-22.806,-34.304,40.358,4.708,-10.335,-4.312,-17.637,-8.308
50.572,12.829,19.653,-5.131,-19.941,-40.224,25.288,-3.868,0.408,-10.119,-3.889,-11.425
49.866,-2.778,15.376,-17.305,-37.036,-38.062,25.458,11.176,-1.086,-15.936,1.471,-3.377
51.848,7.11,15.533,-44.332,7.184,-26.817,16.819,27.549,15.753,9.36,3.141,5.082
53.362,11.094,21.812,-27.016,28.53,-33.93,-8.128,1.891,4.724,1.539,6.818,-2.819
51.192,23.231,37.654,14.422,49.64,-28.475,-1.063,22.054,28.093,-2.305,-19.138,9.842
49.437,19.86,104.473,12.539,83.243,-16.383,18.366,-17.21,-2.795,6.816,6.439,13.843
49.119,24.221,114.807,40.878,32.365,-19.658,29.96,21.418,-16.394,-12.883,-25.424,15.456
42.133,65.13,15.802,-9.678,84.048,-48.042,38.15,-22.155,-52.05,-7.955,-7.71,10.935
46.017,25.6,91.799,-58.688,45.323,-0.744,-32.581,-0.542,-3.553,10.792,-0.98,-0.117
48.65,68.927,70.228,26.526,44.762,-6.067,-51.652,-11.079,21.086,-9.846,-37.429,-9.743
43.592,14.26,146.155,-76.342,64.449,-13.585,35.879,-4.95,-18.861,-16.768,9.042,-4.909
44.761,10.098,115.187,100.055,33.439,-8.481,40.351,21.572,-24.533,-14.367,-51.177,19.304
37.407,1.09,74.536,-36.145,25.103,-12.503,26.413,19.078,-10.714,-27.105,10.064,5.508
45.326,54.065,103.135,-44.238,42.642,-6.454,15.866,-20.522,-23.062,8.273,-14.165,20.807
45.284,7.192,106.688,47.672,50.472,-25.368,13.372,-7.128,-16.12,-10.049,-10.669,25.045
41.839,-6.101,81.715,18.016,28.13,-43.998,35.647,6.762,-5.273,-0.788,-0.737,26.469
41.14,-34.981,71.636,-8.463,37.578,-22.782,22.089,8.062,-5.702,-0.338,-8.973,22.346
40.554,-17.614,62.36,32.959,16.031,-30.38,13.135,11.433,-9.303,-10.553,-4.545,9.41
38.446,-25.763,78.698,5.924,17.674,-43.494,21.186,-5.659,-42.296,-5.92,-6.248,14.955
37.599,-25.538,89.508,25.346,0.554,-20.316,47.31,-6.69,-10.903,-9.91,-2.653,9.49
37.304,-67.439,67.634,26.006,-4.214,-45.076,40.536,-7.61,-16.13,1.387,-5.867,11.514
37.831,-29.723,75.219,-5.29,-15.654,-11.58,40.785,1.619,-5.971,-32.067,-16.788,2.682
34.503,-45.607,80.231,90.774,15.119,-53.542,0.088,43.051,-20.641,-15.377,-14.98,16.673
22.175,30.407,101.743,87.676,34.258,-9.735,-26.008,21.34,-13.39,-26.118,-11.967,-7.987
7.924,103.827,46.7,110.722,59.753,-45.912,-28.945,77.128,-16.49,-32.28,-19.954,-11.071
