0.113,168.806,5.687,-31.594,54.331,-50.518,17.271,3.129,-26.992,1.908,-11.627,-6.881
8.528,70.545,53.276,-42.38,61.398,4.431,54.225,-11.678,-32.785,29.489,-14.111,15.873
26.788,-37.118,-5.213,-159.58,27.56,90.231,29.435,-7.015,-24.346,36.749,0.221,0.406
31.968,-37.781,-83.608,-8.928,-17.719,-23.051,-26.391,0.078,-2.358,11.75,-31.414,-3.283
29.348,-33.616,-94.741,-41.881,-21.029,-8.606,-17.084,-25.339,-3.608,20.315,-36.073,3.526
28.752,-45.306,-72.878,-46.497,-21.981,11.696,-12.352,-0.111,-10.03,11.04,-33.994,1.106
29.479,-70.694,-72.271,-64.172,-8.559,12.238,-6.738,2.838,-7.631,17.587,-37.804,7.821
34.597,-17.797,-62.839,-73.348,-15.401,-28.329,-24.363,-47.986,-15.221,45.087,-35.217,15.392
38.324,-79.246,-51.154,6.478,-20.955,30.054,-21.274,3.046,-14.426,-9.309,-2.895,8.137
33.641,-70.357,-56.066,8.367,-36.552,-30.888,-12.623,18.317,-8.504,-6.982,-4.411,3.354
36.203,-37.047,-57.416,22.39,5.49,-47.132,-27.236,-9.815,-8.688,6.7,-60.15,24.111
27.592,-27.431,-117.64,4.382,10.836,-65.628,-64.354,-32.535,-0.382,39.649,-23.327,6.439
31.863,-43.14,-68.375,-25.419,-20.342,28.033,-21.686,-0.047,-26.092,35.555,-56.102,6.735
37.912,-32.212,-36.989,-43.474,-11.44,51.534,-31.954,3.558,-10.342,16.419,3.461,-1.338
35.544,-99.015,-69.212,4.497,-20.39,-24.075,-43.159,21.569,-10.445,3.465,-15.212,5.345
41.828,-32.087,11.782,27.518,29.473,25.202,-46.971,-11.715,0.66,-2.381,12.009,9.391
38.738,-28.486,4.368,9.821,16.88,-31.198,-66.312,-8.473,-9.322,5.262,-16.99,8.561
40.706,-63.309,25.582,25.558,35.48,11.681,-28.188,-8.289,8.842,-10.874,-12.45,-4.582
37.915,-85.46,-1.867,-5.776,31.187,-3.488,-32.763,-5.117,7.253,-7.879,-1.019,-5.234
35.916,-88.228,-52.927,-24.532,-5.844,-15.822,-52.918,-1.2,-4.667,-2.32,13.222,-4.561
33.615,-107.743,-62.869,-79.712,-4.428,-2.808,-28.46,-18.274,-15.523,28.068,-22.769,5.327
34.92,-124.379,-25.369,-39.805,26.67,-35.487,-16.893,3.44,0.578,-32.941,8.61,-7.081
39.475,-62.126,-9.097,23.808,32.229,-20.482,-64.239,-32.484,1.392,-5.81,-2.461,16.363
36.939,-80.864,10.362,-9.983,40.846,-4.309,-41.1,-16.25,-1.939,-12.626,-9.044,27.47
33.553,-65.518,-18.21,11.734,51.923,-65.695,2.711,16.988,-33.024,-2.076,2.864,31.291
30.807,-18.529,-10.709,-7.909,7.613,-45.316,17.443,-12.127,-16.065,3.57,11.667,29.348
37.686,-75.785,21.366,-49.915,35.962,38.564,-11.457,-9.525,-11.413,9.31,-1.592,6.84
42.103,-49.376,47.397,-13.885,40.93,-23.554,-41.775,-14.649,14.442,6.867,7.57,-4.02
43.394,-42.112,48.407,-17.535,22.151,-24.878,-44.635,-8.639,5.324,-5.815,2.925,-8.436
43.161,-39.586,49.779,12.47,41.578,-42.807,-48.739,-7.254,13.718,-0.54,8.285,-5.149
44.226,13.909,46.008,-1.232,20.078,-15.972,-67.115,-13.285,-9.741,-11.789,3.786,16.521
46.197,22.065,106.489,-0.772,38.17,-37.09,-42.849,-4.127,-23.528,-6.051,8.844,28.17
48.747,38.185,109.669,12.928,30.81,-11.155,-31.282,1.413,-24.429,-13.032,-15.006,0.389
43.087,-12.156,64.62,10.889,35.346,-19.52,-38.697,-2.62,-10.251,-9.498,4.409,26.357
43.035,-48.807,48.043,0.956,38.82,-23.892,-31.579,-4.371,16.237,1.549,-16.867,-11.526
42.98,-41.769,18.905,2.358,17.118,-22.918,-35.033,-26.463,11.688,1.365,-14.329,-6.594
40.704,-81.033,25.809,-11.657,37.78,-3.77,-11.381,1.348,10.491,-0.41,-19.841,-1.246
37.836,-150.386,16.223,-9.359,66.322,-36.736,-14.835,4.671,1.625,8.227,1.704,-22.628
40.783,-73.935,27.082,7.915,30.898,-3.401,-32.555,20.867,17.008,-15.878,10.989,-18.68
42.313,13.782,56.765,14.054,13.9,-7.785,-36.2,8.057,-17.695,-3.632,10.2,2.325
39.383,-56.532,29.327,10.242,28.839,0.695,-48.471,-14.567,-5.516,-8.645,4.777,14.787
37.839,-73.424,-8.359,26.749,32.19,4.671,-42.477,-8.795,-9.929,-10.022,-7.076,0.8
31.473,-59.715,2.296,-82.266,24.989,-14.671,-23.728,0.199,-14.932,19.335,-27.802,9.821
34.222,-85.134,-33.586,-27.661,11.192,-7.858,-14.49,-8.786,-19.916,-8.772,12.459,9.83
34.449,-86.919,-25.712,-70.269,1.197,-19.046,-10.319,-6.88,-11.183,-1.008,-1.102,-3.007
36.944,-111.607,-29.845,-6.37,49.489,-33.526,-5.496,-26.307,-8.797,33.517,-16.756,-13.94
33.458,-73.247,-69.984,-33.047,47.213,-18.74,-14.186,0.041,-8.811,-5.654,-38.784,-7.035
32.842,-98.392,-41.48,-33.428,58.106,-1.931,-7.098,5.481,-19.903,7.262,-10.313,-30.135
39.147,21.746,20.653,-103.297,27.025,48.865,-25.136,-34.526,-8.23,-4.865,-17.958,0.502
41.932,-38.216,50.63,-14.705,36.066,38.629,-28.573,8.523,3.478,-2.107,16.133,-9.331
41.055,-74.7,29.5,-31.214,38.625,-14.649,-18.654,-5.51,-2.806,3.77,9.019,-4.944
42.932,-82.976,9.364,-33.215,5.984,-35.214,-37.634,-2.727,17.452,-5.923,0.998,-22.801
40.434,-80.139,-33.517,35.629,9.182,-30.001,-45.343,-9.07,13.503,-7.122,-26.449,-6.565
36.798,-67.126,-15.247,-85.631,-4.648,35.406,-10.46,-0.965,-18.931,0.879,-17.992,5.694
38.678,-22.033,-0.692,59.501,30.872,-5.786,-60.928,8.402,-8.614,-8.135,-12.909,23.714
37.232,-64.337,-38.728,-34.221,-33.551,15.106,-16.017,-0.381,-10.322,3.676,7.5,6.321
40.116,-73.013,31.016,-9.17,55.725,31.016,-28.091,-13.804,21.497,-1.946,0.465,-7.859
36.442,-155.228,34.237,-6.799,64.126,-37.914,-27.141,-11.202,13.617,4.54,-6.438,-13.596
36.57,-159.901,20.077,2.882,48.925,-35.991,-27.684,-1.889,10.355,2.396,4.8,-23.736
38.853,-99.575,-6.393,-63.715,14.628,-6.797,-18.109,5.912,-3.077,-1.289,-11.867,-8.708
40.226,-51.551,10.956,14.109,19.63,-14.902,-34.862,22.715,-0.249,3.466,-7.865,2.792
37.218,-73.274,-56.212,-1.915,-21.204,-7.797,-32.049,9.553,-6.465,-17.621,-12.257,9.448
36.339,-75.275,-41.018,32.111,23.538,-1.684,-37.147,-4.635,2.713,-1.217,-29.491,7.923
32.389,-85.692,-54.513,-59.068,-6.834,-35.941,-23.487,6.312,-5.527,-2.534,-2.97,-3.598
39.972,-68.01,8.91,9.841,27.608,-12.644,-32.11,-10.053,4.425,0.726,14.251,-12.699
35.723,-72.58,-50.888,-2.248,-9.2,-38.289,-54.396,-18.185,-12.876,-5.461,-12.574,3.285
40.905,-54.623,13.559,22.881,29.989,-12.166,-37.699,-21.4,8.421,-11.162,14.243,-5.362
35.666,-72.542,-3.891,1.427,40.567,-37.789,-58.011,-11.76,-6.605,-7.547,9.671,5.885
39.208,-46.526,33.982,53.571,38.886,-9.762,8.608,-17.142,-4.204,-4.199,-2.741,15.25
35.889,-99.942,-15.96,35.393,56.701,21.123,-26.017,20.212,7.004,-18.162,-21.33,4.321
27.89,-97.879,-45.202,-31.946,65.169,-24.795,-15.076,27.687,29.383,-38.248,-17.052,-6.75
32.363,-9.453,-13.807,15.289,69.388,-18.263,-18.757,-49.431,-0.017,41.489,-13.638,5.762
49.846,72.442,118.602,6.261,35.666,32.381,-28.497,-2.873,-25.131,-7.883,49.617,-13.639
50.195,84.631,89.994,47.65,15.869,-15.995,-25.104,-19.165,-31.372,-17.038,-25.549,-22.036
46.302,17.428,50.422,26.163,20.271,-14.132,-52.537,-34.176,-12.269,-11.335,-15.967,30.259
44.279,-30.599,42.126,0.735,26.146,0.89,-32.418,-16.968,3.858,2.819,11.36,2.359
45.174,-14.612,88.074,24.61,29.484,-14.791,-21.663,0.107,-28.692,-13.431,-1.43,26.315
40.804,-44.235,-2.366,38.282,14.6,-12.444,-47.877,-21.58,-3.703,-4.814,-30.41,22.92
42.726,-33.59,18.699,23.007,32.75,22.936,-33.946,-2.5,-2.439,-6.722,2.124,15.003
33.829,-93.737,-14.924,-36.184,49.752,-23.035,-51.247,-11.885,-15.105,13.269,3.812,-3.888
37.961,-72.559,38.897,-46.969,38.994,19.671,-34.265,2.506,7.596,-0.526,-1.567,1.935
37.294,-88.591,-12.471,12.347,38.884,-19.16,-33.166,11.96,5.953,-2.614,-27.382,0.448
37.415,-57.823,-13.578,-35.47,45.658,8.158,-19.006,8.569,-9.609,12.662,-5.442,6.115
36.43,-50.784,-41.769,-30.521,16.995,-19.324,-21.804,-7.4,-20.653,-5.631,-3.825,8.903
35.139,-79.556,-38.843,-56.554,-16.715,-41.279,-11.714,1.004,-20.324,4.649,-3.044,-14.212
41.003,-49.663,-28.768,51.593,30.511,-35.869,12.235,-9.8,-21.475,45.413,-18.412,3.378
35.351,-111.187,-18.194,11.071,2.522,-5.876,-2.5,25.334,6.967,1.594,-38.451,-17.249
33.572,62.17,-29.44,47.202,16.335,-36.173,-25.066,-37.97,-7.224,-0.066,-1.045,3.19
32.208,-139.156,-21.939,-13.051,50.578,-26.471,-0.883,-8.537,6.49,39.097,-13.446,-4.892
34.17,-79.857,-25.258,-59.816,8.349,-4.866,-4.162,-5.585,17.012,-5.016,-0.394,-14.334
38.722,-55.184,-20.151,-48.22,-37.443,-2.831,-11.084,7.609,-9.833,-6.502,10.524,12.467
41.907,-58.188,5.835,-32.38,-21.123,-28.875,-26.172,4.577,-8.962,-3.963,11.827,-1.797
41.848,-50.726,-21.972,3.237,-24.363,-13.015,-25.367,-14.165,-11.517,-12.746,-25.445,17.772
40.823,-26.136,9.324,-58.229,-8.317,27.596,-19.997,10.836,-16.18,-20.465,19.847,8.106
41.138,-17.018,-37.605,-42.453,-16.505,-21.515,-32.112,-12.09,-32.203,17.196,-14.109,8.015
42.333,-8.622,1.584,-14.034,-14.448,-16.985,-35.878,-11.768,-1.886,-2.741,-0.396,16.216
40.959,7.224,12.838,-37.328,-26.971,-12.73,-39.484,-23.555,-12.854,-15.314,-0.917,16.062
44.93,-39.537,53.002,-2.003,42.734,-9.416,-35.56,-7.936,2.058,1.338,-4.659,-12.599
45.089,-10.735,54.0,-0.87,26.886,-11.524,-41.527,6.294,-13.577,-4.285,-2.814,22.653
47.482,52.2,86.804,22.066,26.573,-16.925,-37.049,-6.999,-19.809,-7.386,1.389,17.391
46.769,102.664,131.438,19.943,27.915,-21.578,-47.002,-0.807,-24.223,-9.527,5.392,-24.808
47.411,-35.318,103.511,21.125,57.708,-61.46,-3.712,-25.242,6.927,57.072,-2.372,-12.133
47.237,-28.436,71.193,47.338,38.537,-34.974,-20.829,7.088,2.231,-12.894,-7.987,2.035
40.869,-66.111,26.417,-4.431,19.321,-18.464,-17.718,2.266,-7.97,-12.689,-5.575,17.651
43.782,-48.791,9.07,44.797,28.731,-42.763,-42.11,-15.937,-18.168,14.32,-25.307,5.866
36.828,-104.666,-11.486,-41.664,-2.286,-23.352,-21.413,3.423,-6.446,-7.903,1.971,7.224
41.716,-78.244,-0.058,25.885,63.488,-24.208,7.378,-38.339,-14.691,41.781,3.015,-1.358
37.946,-123.419,-6.479,-14.377,-4.124,-35.744,-12.286,-2.699,12.562,-12.654,1.3,-4.349
38.676,-66.436,-13.216,-64.885,27.696,-23.821,3.885,-29.919,-8.247,9.768,-3.335,-11.431
40.408,-83.14,-6.287,-31.251,-25.755,-31.222,-16.345,6.007,-3.686,-10.151,1.916,-7.255
39.453,-70.696,-48.232,7.171,24.74,-42.57,-17.812,-48.08,-0.992,30.549,-43.969,-4.113
34.521,-61.379,-95.076,-12.738,55.689,-45.206,-7.942,2.916,10.085,-18.901,-15.838,-1.57
35.116,37.132,-82.879,41.177,-5.104,-81.972,-40.78,-22.675,-10.724,23.088,-26.266,-0.698
33.562,-124.17,9.57,-10.257,43.227,-40.883,-29.531,11.314,-21.487,-0.855,-3.471,-3.867
39.286,-45.558,-14.089,-73.701,-14.611,28.006,-6.858,-5.761,-10.119,-2.485,10.213,2.575
41.551,-42.441,-43.74,-25.075,-19.619,-16.159,-26.975,-6.014,-19.696,-14.177,-13.646,5.658
43.929,-30.727,31.245,-9.09,13.504,-17.254,-16.993,-2.525,-6.273,-5.016,5.167,10.353
44.252,-16.383,22.644,11.878,35.945,-23.518,-22.139,-18.785,-14.495,18.21,-35.912,-5.295
49.323,47.926,98.302,29.665,9.198,-33.469,-15.312,-12.9,-34.38,3.042,12.857,26.901
48.572,28.116,91.993,5.418,28.439,-25.846,-32.861,-3.321,-32.9,-5.938,4.327,17.288
46.546,6.526,68.441,-10.661,25.006,-23.113,-38.59,-6.983,-10.807,-2.402,13.373,21.579
45.635,2.953,35.299,39.805,18.27,-8.757,-32.08,-3.575,-14.339,-10.336,-43.997,32.668
43.725,-26.637,51.935,-26.003,28.833,10.395,-16.02,0.571,8.659,8.623,13.739,-12.292
42.998,-50.362,50.328,-14.396,32.161,-11.021,-32.653,-11.842,4.108,-5.805,-6.372,1.91
40.937,-50.131,20.482,27.901,39.313,4.25,-51.145,7.643,9.67,-3.8,-35.383,8.128
33.981,-48.695,11.456,-79.438,10.495,-0.318,-33.56,13.462,-11.095,10.888,-22.619,8.05
40.767,-41.98,13.385,1.162,23.554,17.082,-34.997,-12.755,1.8,3.1,4.692,1.098
36.591,-70.202,-51.543,8.399,-3.899,-12.211,-57.333,-24.848,0.332,-17.084,-27.446,1.825
36.387,-55.069,-43.184,-40.032,-12.097,-9.326,-59.425,4.54,-0.159,-7.007,-1.149,-4.798
33.295,-129.96,-69.075,-42.888,-14.712,-21.133,-39.485,3.388,2.547,1.277,-17.829,3.963
29.106,-141.486,-95.304,-81.802,23.526,-36.512,-29.394,2.396,1.375,5.416,-1.352,-2.817
41.378,-52.945,-28.288,29.322,31.874,-50.349,-8.017,-42.052,-26.467,48.067,-22.635,14.389
40.726,-89.275,33.965,-57.431,15.627,-12.122,12.761,17.254,0.16,6.243,-13.143,7.207
41.936,-47.541,-11.86,-34.059,-21.384,-30.28,-15.412,-6.718,-9.531,-6.059,-1.297,20.629
42.328,-35.915,-39.582,-45.574,-15.84,-26.166,-27.377,-11.627,-5.044,-19.961,8.812,9.49
43.145,-59.39,11.197,-39.697,5.025,-18.752,-33.055,-14.491,7.921,10.312,-4.432,-8.806
45.302,-32.466,46.105,-7.45,29.219,-39.471,-45.155,-8.994,6.852,3.266,1.179,-11.883
45.166,-16.249,65.724,-15.754,38.107,-30.991,-46.833,8.936,11.352,-3.502,2.956,-1.089
46.071,-0.711,72.044,-12.12,23.695,-30.711,-34.12,-1.224,-18.403,-1.551,2.285,24.649
49.257,54.342,94.292,12.368,26.868,-11.504,-34.001,-10.992,-22.103,-6.134,4.634,23.353
46.891,8.163,47.152,27.749,32.002,-16.345,-43.047,-19.176,-13.329,-31.032,-13.186,29.959
44.831,-62.078,48.767,1.89,54.273,-24.119,-15.1,-9.636,16.63,3.773,-14.332,-16.704
39.396,-108.069,11.36,33.246,59.72,-8.249,-41.287,7.637,14.351,-16.214,-15.678,-4.103
31.053,-91.692,-59.617,-16.767,33.911,-56.543,-5.65,-16.463,2.308,18.496,4.81,-19.806
33.0,-113.526,-32.049,-30.043,22.006,-18.491,18.411,-25.215,12.829,-24.343,-2.749,-9.065
33.721,-108.951,-4.586,-61.051,37.252,-37.724,11.566,22.959,18.787,-12.613,-0.98,-5.064
44.681,-12.685,55.213,-22.81,19.562,-21.904,-30.713,-4.169,-4.719,-1.728,0.004,-3.778
43.33,-69.135,23.982,-16.093,50.183,-43.985,-31.605,2.456,8.724,-0.289,-3.444,-16.307
45.163,-25.195,40.449,-14.681,33.686,-15.116,-50.515,-8.417,8.162,5.954,-8.752,-12.328
43.827,-27.539,56.873,-19.15,41.884,-28.053,-36.832,-5.083,5.534,0.934,-6.04,-7.35
46.531,-6.144,63.282,-13.853,26.306,-15.037,-45.911,-9.987,-2.382,-3.067,4.857,15.508
46.9,9.467,84.325,16.042,31.607,-28.539,-35.962,-9.504,-21.384,-13.33,1.987,31.797
46.288,-19.619,64.282,6.22,28.174,-26.031,-14.947,4.416,-12.733,0.983,2.846,25.844
44.856,5.0,50.946,78.921,39.991,-12.047,-61.695,-0.807,-22.569,-14.681,-47.219,-4.072
48.603,83.725,107.456,50.823,37.674,22.346,-19.852,-15.535,-5.935,-1.561,12.784,-38.24
49.22,49.852,85.787,34.734,23.484,-17.157,-41.455,-8.722,-26.728,-5.477,-10.244,-5.063
43.93,17.225,21.709,-20.083,44.091,-8.727,-41.652,-3.141,22.086,18.82,-17.666,-2.411
43.068,5.02,38.33,12.002,29.161,-14.478,-46.735,18.033,-12.682,0.053,-13.286,30.145
44.512,-0.96,63.729,-33.288,66.611,37.975,-27.256,-24.727,2.232,44.166,-9.426,-5.834
45.567,-15.792,68.525,46.843,56.657,-2.025,-56.774,-20.173,-11.935,0.526,-29.13,-8.173
45.997,3.401,77.804,4.959,39.818,26.51,-34.338,-6.955,-13.237,-15.1,17.949,-9.293
46.835,11.376,85.104,38.88,35.655,-18.274,-35.493,-15.848,-30.557,-4.658,-11.405,24.047
41.739,-57.565,30.56,8.564,30.383,-34.628,-51.742,-21.103,-16.661,-2.005,-2.051,20.672
40.595,-83.687,1.336,32.9,38.204,-17.546,-44.979,-9.247,7.267,-8.449,-16.841,0.19
35.638,-115.51,12.026,-55.683,27.742,-15.338,-35.325,-10.888,-0.098,-5.96,4.275,10.516
36.142,-77.605,-40.02,6.558,17.917,-21.846,-16.809,-52.354,-12.91,-20.147,3.086,5.787
40.914,-92.077,39.282,-39.866,30.537,5.563,-22.796,15.231,0.228,-14.959,-5.503,9.102
44.335,55.723,76.227,-29.265,23.818,40.851,-15.286,3.273,-19.102,2.868,0.131,-20.149
45.909,17.661,75.872,4.781,30.635,-18.554,-34.624,-17.073,-23.655,1.911,-16.735,17.907
42.289,-7.267,51.713,23.572,22.432,-4.184,-32.814,-1.217,-15.761,-8.958,-28.123,13.154
38.097,-41.576,22.116,-0.682,26.154,-12.005,-38.975,13.347,-11.92,9.483,-12.941,-5.501
37.928,-85.595,24.572,-15.156,22.209,20.428,-6.473,36.825,-15.612,-10.974,-4.501,-1.787
37.556,-98.556,-6.398,-23.084,45.929,-27.779,-39.735,-4.515,-9.694,-12.207,8.254,4.331
41.052,-16.359,33.169,49.526,29.746,-0.842,-36.43,-23.764,-10.403,-6.148,-24.127,0.854
33.063,-69.535,-34.687,16.8,48.188,-19.858,-22.081,-7.601,6.566,-14.805,-25.49,-9.428
30.254,-126.483,-32.568,-37.982,66.807,5.452,8.179,-15.17,5.629,-10.991,-0.647,-13.477
30.803,-95.608,-27.022,8.023,35.677,-23.715,0.224,-16.527,7.357,-32.835,4.625,17.302
37.763,87.491,11.645,-19.346,13.374,-50.348,-29.021,-29.419,-30.403,11.115,-3.308,27.35
47.954,6.418,54.543,31.51,28.828,7.996,-34.509,-16.429,-21.438,-3.589,12.062,24.412
40.533,-79.602,16.106,-12.599,33.204,-29.673,-14.19,-1.138,-11.513,-4.283,-13.885,3.714
45.871,-10.289,51.893,-2.105,25.8,12.992,-40.326,-6.36,-6.35,-6.202,15.591,15.95
41.965,-40.635,57.663,-43.202,45.696,36.627,-28.415,1.994,9.334,11.934,8.412,-6.518
40.855,-76.056,13.599,34.275,38.472,-27.964,-29.644,-3.909,4.631,2.342,-25.712,4.231
40.26,-52.032,-25.106,-15.14,-13.903,6.723,-35.871,-6.637,-2.141,-13.957,12.34,10.6
37.371,-53.322,-37.332,-48.504,9.587,-31.726,-37.379,-9.055,6.491,-5.982,6.162,12.967
40.148,-51.661,-10.477,-36.75,-16.634,-11.864,-32.509,-6.118,-10.769,-6.596,3.981,15.959
40.654,-101.802,-0.765,-17.798,32.604,-38.46,-32.076,4.2,19.212,6.379,-1.904,-8.346
42.7,-74.592,35.501,2.354,43.956,-18.548,-31.632,-11.094,11.522,-4.126,2.716,-10.165
43.165,-59.8,47.08,-19.156,40.484,-15.938,-36.571,-5.995,9.466,-11.792,11.324,-11.731
42.082,-85.3,49.699,22.755,56.692,-13.312,-19.761,-1.723,6.119,-13.54,-30.805,-7.987
44.984,0.564,40.114,-5.614,22.529,47.853,-34.775,-5.85,-6.528,-22.202,26.67,15.971
45.522,22.732,73.806,6.864,34.351,91.178,-2.576,9.207,-11.227,-11.995,10.173,14.14
47.241,64.99,102.907,25.682,20.627,46.582,-17.035,14.77,-31.082,-14.169,15.072,-12.637
43.662,25.574,78.865,-30.917,1.639,41.514,15.011,6.77,-9.967,-6.985,6.312,-7.98
43.233,32.463,80.376,26.696,-2.068,-10.766,-0.914,-3.022,-14.12,-10.854,-17.912,-5.161
38.25,-53.454,14.852,24.143,19.0,9.185,-37.15,21.323,3.387,-18.979,-34.982,6.963
43.051,31.949,75.651,-58.121,32.583,100.833,-1.52,7.275,-10.372,-15.428,1.814,-9.743
42.613,-27.314,2.27,42.494,16.836,-15.013,-39.55,-11.204,-4.984,-11.827,10.336,16.824
39.623,-99.209,24.093,10.228,43.366,-27.404,-26.668,-1.941,13.555,5.925,-6.394,-7.71
41.517,-9.538,47.297,29.555,39.543,14.11,-31.85,-17.98,-16.291,-5.731,-11.607,16.755
36.347,-52.459,-36.553,17.616,39.523,26.779,-41.114,30.284,-5.818,-16.787,-31.28,-1.904
36.329,-20.284,23.708,-18.994,45.359,12.718,18.042,-16.876,-6.1,32.667,1.216,-33.091
45.852,7.742,49.618,44.359,24.308,2.211,-23.897,-4.823,-21.24,0.359,-13.978,26.738
43.47,-52.651,22.13,18.367,21.479,8.274,-21.322,-10.374,-5.672,-9.119,-14.175,6.498
46.723,3.052,60.455,14.991,38.206,-5.065,-38.977,-0.441,3.601,-5.491,-8.212,12.238
42.237,-63.671,-32.141,-14.423,-27.769,-10.881,-32.087,3.295,-9.314,-11.168,-16.473,9.634
44.359,-19.007,57.471,-21.416,29.849,-0.833,-42.322,-4.447,7.148,6.014,29.006,-17.237
44.294,-61.223,19.179,44.302,28.152,-18.19,-24.449,-13.858,8.615,17.386,-34.455,-2.246
40.565,-45.56,-4.346,30.889,15.021,-14.885,-35.638,22.223,0.11,1.214,-29.708,11.187
37.853,-61.243,-28.641,-39.517,-32.97,16.006,-2.657,-0.11,-11.039,1.732,-10.265,-3.533
36.52,-85.084,-35.048,-65.9,-35.986,-16.964,-16.985,-4.314,-17.642,-7.853,-3.264,0.719
43.893,-107.525,44.529,13.789,39.43,-32.505,16.03,2.231,0.529,16.225,8.0,2.327
43.596,-54.081,33.696,29.137,51.078,-33.958,-39.565,-4.85,-0.807,-12.464,-16.51,-0.148
42.463,-63.527,29.003,17.503,49.109,-7.655,-32.004,-17.193,13.674,-7.756,-8.191,-8.758
42.633,-67.011,28.112,11.974,46.99,-17.806,-47.184,-2.514,24.815,-0.996,-9.7,-7.27
37.487,-69.344,-11.206,-71.323,13.163,-10.468,-12.81,23.015,5.79,-6.333,-15.768,-13.683
37.252,-56.927,-35.289,27.007,-17.101,-40.877,-34.744,-7.439,-22.117,0.673,-21.031,16.306
30.234,-92.008,-78.523,-46.538,25.486,-37.692,-40.369,-1.189,-13.198,-0.977,-5.504,0.934
32.714,28.473,-76.438,9.224,8.563,-57.875,-55.996,-45.675,-24.059,24.563,-16.258,12.313
34.884,-55.227,-29.979,-32.631,93.812,16.107,-2.9,-25.603,-9.273,41.736,-6.429,-11.293
35.758,-111.476,35.876,-24.461,32.595,-47.831,-22.743,13.575,-31.145,-7.786,10.77,-16.163
36.963,-60.069,-19.778,8.42,31.182,-70.27,-27.404,-28.357,-33.462,22.036,-9.497,0.149
36.213,-90.896,-36.207,-9.755,2.299,-26.673,-7.602,-6.671,-12.335,-1.507,-4.719,3.328
38.941,-34.411,-29.941,-45.313,-0.766,-10.592,2.086,-3.35,-28.492,-11.644,10.064,11.812
41.494,-40.077,-23.253,-9.883,-31.779,-17.215,-23.304,-11.916,-18.897,-4.842,-6.103,20.99
44.122,-15.959,32.0,-11.482,32.168,0.899,-31.96,5.087,6.58,-15.652,-2.326,1.822
42.585,-79.64,-13.848,-12.008,8.423,-22.491,-20.185,23.419,11.832,-13.626,-0.917,-12.924
44.247,-22.59,38.713,-3.896,34.242,-17.222,-38.115,-7.239,8.303,-2.23,-2.013,-5.962
47.369,37.1,99.599,29.225,10.539,-22.404,-11.384,-8.094,-32.71,-4.423,14.352,18.479
46.525,65.065,66.236,100.759,-7.225,-3.145,-29.661,-7.125,-30.21,-11.532,-56.796,-9.831
46.531,16.057,80.7,38.399,44.902,60.544,-8.172,-12.817,-13.28,-0.407,3.487,1.666
39.185,-56.3,26.953,2.601,28.008,-13.078,-41.15,-8.751,0.641,-5.852,-3.244,-3.504
45.317,-6.494,65.588,43.006,32.791,-10.587,-11.434,-14.542,-16.51,-15.938,-17.001,31.29
41.72,-80.712,40.523,29.855,47.153,-21.528,-14.395,10.957,17.592,-12.316,-24.896,-14.519
46.279,0.795,70.892,25.051,20.805,-0.398,-10.72,-2.28,-23.2,-11.47,-1.297,32.924
42.586,-27.268,11.512,24.592,16.408,-12.633,-38.99,-7.698,-1.491,-23.029,-15.448,19.265
41.05,-49.669,23.337,25.326,14.936,-7.312,-31.019,-4.022,5.302,-13.622,8.671,-1.5
42.549,-44.117,48.809,0.776,45.509,3.542,-41.743,-4.971,17.188,-5.058,-4.917,-6.797
44.487,9.671,36.178,15.23,20.805,-19.396,-60.826,-32.042,-7.681,-2.414,-3.106,15.906
41.748,-36.567,-9.844,69.978,51.58,-37.706,-42.269,-2.442,-3.057,11.39,-49.12,2.133
41.525,-31.071,15.295,19.409,36.372,17.312,-33.858,13.564,0.292,0.859,-5.186,-2.961
37.569,-65.477,-17.291,-46.692,10.351,10.094,-27.404,-16.143,-8.316,8.158,-7.054,3.186
38.087,-88.234,-21.015,-45.987,-0.798,-17.776,-26.925,27.202,3.047,-11.576,-9.454,1.175
36.266,-49.063,-56.831,6.656,-9.723,-25.265,-24.958,23.095,-2.985,-10.254,-6.243,-5.338
33.717,-50.911,-58.503,-76.533,-4.244,-39.272,-6.12,15.952,-4.535,7.009,0.54,4.942
35.867,-50.313,-51.489,-6.259,-16.516,-37.265,-28.935,37.258,-17.14,-10.982,-10.382,12.501
38.747,-46.84,34.473,-117.003,33.217,34.489,0.974,13.761,-3.628,7.369,-24.981,13.941
45.265,-20.2,28.934,38.009,20.127,-12.919,-47.694,-11.39,-3.002,-8.914,-33.263,17.491
39.087,-58.753,15.133,-19.856,32.7,-14.995,-36.308,-15.995,1.938,0.007,-6.978,1.112
44.041,-26.379,25.917,30.147,23.968,-7.879,-56.102,-17.674,-6.261,-8.867,-11.758,15.167
45.077,-21.268,105.261,-25.917,40.195,16.014,-18.394,0.523,-16.89,-23.8,5.596,-18.572
48.54,-12.791,80.513,14.611,29.191,-29.008,-8.147,-5.553,6.375,0.282,-8.369,-41.86
47.921,39.487,82.575,22.1,-3.304,-13.649,-15.651,-6.173,-26.835,-13.968,-12.006,-19.039
45.331,0.446,57.899,32.908,38.457,-12.849,-19.052,-7.386,-23.223,-20.222,-24.731,25.582
43.426,-16.614,70.022,-36.718,40.171,44.971,-3.783,0.665,-14.128,-14.532,-0.971,20.879
42.967,-64.716,12.449,-12.263,25.912,2.504,-30.191,-17.939,1.599,-11.657,4.036,3.164
43.523,-61.659,28.386,6.65,34.391,-30.341,-25.572,-6.887,11.624,-8.58,0.448,-7.5
43.687,-86.607,25.839,1.221,58.548,-10.488,-27.523,19.944,8.813,-13.394,-24.874,3.441
42.715,-83.831,34.028,-20.962,25.544,-25.582,-26.757,2.087,-4.352,0.016,-1.765,-10.766
42.548,-86.805,-11.699,-21.302,3.419,-39.849,-13.158,3.702,-9.702,-9.699,6.554,-7.928
40.127,-59.042,-49.902,17.848,-11.725,-28.81,-13.785,3.684,-7.935,-7.19,-33.9,-7.83
33.704,-68.135,-81.961,-28.372,0.713,-38.181,-1.954,10.097,13.566,-24.919,-13.814,-11.788
33.469,-96.411,-10.442,-38.66,33.56,-35.061,4.123,41.242,3.258,-15.327,-4.787,7.986
36.365,21.124,-66.602,49.788,4.043,-70.089,-53.375,-39.668,-18.392,10.478,-19.031,15.127
33.256,42.865,-74.822,-54.107,46.165,-44.71,-33.532,-17.139,-17.312,-5.254,2.069,6.419
40.851,-37.497,6.105,-86.192,40.797,-6.204,-9.297,-10.016,-28.937,21.42,9.112,5.42
46.118,-7.144,-8.107,-38.41,-0.35,-51.436,-25.991,-25.99,-25.245,23.356,-6.911,7.23
46.841,7.647,21.122,21.882,1.348,-20.527,-40.277,10.74,-19.037,-19.121,-21.062,4.444
42.551,-26.635,-17.912,-22.824,-19.803,-15.775,-12.631,-18.293,-38.502,8.69,-4.485,14.399
43.996,-71.649,16.325,7.026,29.008,-27.235,-31.323,13.11,14.641,-7.736,-17.341,-20.103
45.484,-16.645,50.025,-13.201,36.887,-20.952,-34.63,-11.454,0.015,0.157,0.62,-16.493
45.866,-10.142,64.639,7.365,26.734,-10.738,-39.177,-12.878,-24.075,-1.599,-1.317,23.032
47.849,41.772,66.967,55.25,14.418,-8.822,-24.295,-3.365,-18.521,-6.715,-36.944,17.604
47.04,76.643,78.469,-38.292,-8.703,74.928,-5.904,30.884,-19.185,-20.973,-5.861,-9.36
45.957,31.448,42.077,15.336,3.389,-66.224,-16.143,-26.489,-46.323,12.364,-0.101,-3.132
48.476,28.023,98.886,25.37,34.295,-31.082,1.051,4.15,-30.826,-12.09,3.22,28.105
46.194,15.537,91.531,-10.814,13.58,-18.164,22.821,3.943,-18.473,-6.712,9.653,27.609
46.636,-51.486,51.645,22.476,25.353,-45.093,-2.291,-8.666,-26.33,8.781,-19.631,31.412
45.311,-9.516,62.007,16.959,4.983,-14.8,-22.169,33.025,-25.962,-14.13,1.954,-14.16
45.188,-25.255,66.694,-0.299,44.299,20.726,-20.515,4.777,-5.822,-18.863,22.007,17.213
44.578,-63.815,62.047,-3.414,39.046,-14.576,-26.87,8.791,-23.233,4.504,7.097,17.29
44.418,-24.779,41.683,-0.018,29.511,-31.615,-40.329,-15.317,-5.461,-3.337,4.465,13.909
45.095,-37.321,37.834,18.218,24.157,-21.068,-17.082,-8.033,-12.095,1.259,-7.595,30.158
38.374,-79.761,4.33,-0.646,26.377,-21.374,-42.16,-7.706,-3.509,4.462,-12.116,12.066
33.459,-102.435,-43.303,28.342,28.814,-23.384,-51.61,15.98,11.766,-2.101,-22.323,-2.109
34.13,-87.505,27.957,-17.635,58.413,-10.214,-1.533,-17.483,3.354,65.387,-2.946,-24.663
33.727,-103.747,-31.851,19.223,61.399,-78.18,-3.957,-34.454,12.176,32.645,-22.274,-19.395
41.69,-1.574,82.324,-127.294,50.084,72.759,3.034,12.836,-1.549,-24.12,-19.918,-13.968
45.785,9.355,89.291,57.364,41.335,-3.977,-18.496,-15.51,-28.86,-12.438,-26.004,37.596
46.37,-1.334,89.678,43.777,42.748,-1.098,-21.002,1.913,-22.943,-7.896,-23.714,33.712
46.093,17.927,89.06,-26.973,31.941,54.261,9.471,23.61,-5.09,-14.405,42.701,15.611
48.06,33.897,78.323,50.515,26.156,-2.504,-38.998,-0.687,-35.188,-9.752,-43.502,-1.352
47.51,48.874,127.256,-47.641,39.887,65.55,-13.951,10.916,-23.64,-13.887,25.068,-11.598
50.903,92.139,97.355,42.964,3.23,-7.552,-26.492,-9.167,-26.689,-10.331,-37.025,-19.852
50.186,104.296,110.389,25.487,-1.64,-15.824,-8.417,-6.352,-29.009,-2.038,0.16,-24.053
48.915,91.572,116.27,23.799,5.244,-17.926,-0.501,-20.665,-27.753,-4.768,-26.224,-17.713
47.998,14.795,124.843,17.272,70.07,-14.762,-8.971,-11.705,-0.765,-16.384,0.573,-59.475
47.636,-11.561,102.859,32.24,50.275,-25.688,-3.798,-14.765,-5.284,-1.238,-6.37,-44.443
45.207,-32.224,130.92,19.197,54.196,-7.26,-9.593,-11.797,-5.639,-9.871,-21.693,-25.848
44.222,-65.734,89.795,16.892,48.801,-10.059,-3.246,1.816,9.834,-0.651,-27.16,-22.46
40.713,-1.561,23.474,-5.875,53.954,-25.477,14.465,-25.142,12.201,-11.044,18.978,-22.317
46.356,107.563,83.963,10.854,-24.503,-15.571,-16.361,-12.4,-23.239,-14.417,-18.744,-24.473
46.978,67.329,97.266,17.902,0.788,-11.494,-35.509,0.141,-40.159,-13.338,-9.598,-24.446
45.949,14.606,96.352,22.73,25.217,-12.835,-6.384,6.324,-25.503,-3.935,-4.26,37.715
43.865,1.472,52.016,15.267,20.66,-12.764,-38.36,5.212,-6.238,-19.119,-24.144,23.253
43.127,-67.942,48.421,43.466,54.587,-32.716,-27.541,-28.087,8.109,0.121,-19.028,-5.998
43.674,-18.62,18.019,16.344,62.06,-53.891,-29.861,-43.992,-2.956,19.36,-18.356,-4.411
40.313,-62.089,4.246,-34.879,86.156,-24.583,-8.039,4.547,0.847,-2.274,1.776,-1.7
41.518,-71.771,45.752,-12.622,38.187,-25.443,-26.883,-10.438,1.645,0.869,10.729,-6.105
42.271,-19.45,48.228,-20.522,25.268,-28.341,-44.424,6.015,-4.91,-8.05,3.015,15.072
43.076,-26.94,69.465,8.311,2.341,-50.861,-0.242,1.459,-27.979,-7.095,5.206,23.963
43.225,-18.259,72.971,24.54,7.897,-22.322,1.836,6.182,-25.957,-12.587,-12.612,21.674
40.187,-13.254,32.55,14.514,17.704,-10.867,-4.964,-17.492,-27.906,-20.924,-17.167,8.189
38.604,-82.428,20.912,13.111,46.314,-26.825,-31.954,8.659,-17.861,-16.731,-18.498,16.914
35.091,-56.437,-20.052,-18.891,50.237,-67.108,-49.263,-31.484,-22.03,10.263,-4.863,6.493
41.138,-107.427,25.348,31.616,83.668,37.02,-21.22,7.189,7.262,-3.684,-17.126,-9.395
35.059,-53.455,-32.322,10.604,72.185,-15.714,-37.39,-39.44,-4.643,-19.958,5.418,-7.387
36.456,-89.258,-14.024,11.446,79.693,-45.174,-34.897,-22.366,-20.49,11.65,5.398,0.389
33.971,-82.398,-23.604,-1.11,73.506,-42.729,-34.229,-26.66,9.365,-3.089,-13.368,10.323
32.431,-90.398,-53.013,-19.75,38.023,-39.441,-9.395,-3.325,-3.6,-11.899,-12.062,2.082
36.451,-46.11,-46.229,21.449,24.531,-30.742,0.719,-39.455,-21.579,9.191,14.281,13.948
35.821,-63.496,-21.831,-51.973,-4.001,-9.931,3.211,16.259,-4.4,-5.054,-11.033,2.913
37.893,-55.531,-15.058,-47.119,-22.86,-25.935,-13.24,-6.719,-12.719,9.735,0.6,1.502
42.918,-23.311,5.507,2.899,-11.728,-9.12,-5.582,-7.617,-8.824,-9.419,-0.311,-5.491
41.401,-47.718,12.759,-6.648,-13.86,-22.594,-5.996,-1.905,-20.748,4.887,-7.29,10.8
42.823,-43.135,9.135,22.222,-4.468,-57.534,-32.198,-2.309,-9.377,15.471,0.579,-6.935
45.111,4.977,-31.206,-9.54,-4.804,-52.36,-26.472,-27.33,-18.597,30.751,-15.729,1.355
43.127,-44.243,11.107,16.194,29.059,-14.155,-35.987,5.795,-2.192,-4.221,-34.678,-3.572
42.075,-48.996,44.749,-61.348,45.574,29.42,-17.443,16.748,3.495,-7.2,-32.723,-8.841
41.842,-18.292,58.997,-107.79,50.462,15.341,-5.733,-5.08,-6.198,1.807,5.984,0.614
44.539,-1.022,55.943,0.265,17.088,-25.302,-23.937,7.051,-14.891,1.09,-0.642,23.718
45.595,-17.826,39.685,6.796,18.317,-20.54,-25.167,-9.42,13.116,3.798,-14.96,-0.605
42.823,-40.635,50.432,-12.555,37.719,2.221,-32.459,-23.412,-0.857,-6.557,-16.049,0.501
43.374,-47.495,17.157,54.64,23.892,-8.967,-37.643,-13.877,8.182,-1.472,-57.622,-2.178
39.507,-63.441,-6.86,-6.505,21.263,39.514,-7.816,16.866,10.758,2.109,-29.935,-10.559
37.779,-60.332,-8.035,-40.332,-19.451,-23.908,-4.752,-2.771,-8.192,-4.289,3.019,17.483
39.309,-45.239,4.705,-19.12,-2.707,-13.384,-18.132,-6.285,-2.466,-3.15,-9.162,4.619
44.337,-21.215,32.694,11.952,20.475,-8.817,-37.053,-3.487,9.895,-6.997,-20.695,-9.897
41.847,-63.376,11.567,-0.484,39.631,-14.8,-18.019,-40.562,1.467,4.305,-15.448,-8.779
39.993,-76.123,-0.836,-12.925,13.532,-22.888,-30.62,13.526,10.826,-10.618,-26.817,-4.474
39.179,-61.961,-22.646,-27.877,-24.291,-31.436,-23.184,-5.477,-23.076,3.739,8.978,3.352
46.156,-53.507,34.038,-23.411,36.008,1.268,-13.621,-3.478,14.757,11.357,28.917,-15.868
47.462,-5.996,59.679,6.548,15.981,-24.463,-28.992,4.886,-0.007,-0.7,-7.041,7.06
47.071,15.824,57.144,39.373,21.422,1.953,-20.272,-24.206,-15.761,-0.782,6.61,19.404
44.309,-46.974,56.004,6.941,47.899,-35.756,-36.364,-14.556,4.461,1.453,-3.018,-10.535
42.804,-54.848,16.122,41.775,15.6,-31.962,-33.886,14.275,-7.557,-3.466,-21.697,6.064
45.827,-17.32,50.032,17.688,45.222,-6.973,-28.146,-8.365,-7.665,-6.711,8.206,11.472
40.478,-63.911,-12.43,30.866,42.786,-34.743,-43.893,30.582,11.281,-6.006,3.448,-3.417
45.036,-31.173,20.736,4.55,36.615,21.032,-23.073,9.823,-3.554,5.54,4.816,1.094
41.85,-41.047,-9.725,-39.226,53.461,-17.804,-26.756,-18.377,-18.888,23.246,-13.1,3.734
43.355,-85.642,19.423,5.123,47.136,-14.733,-22.292,5.503,10.692,-1.439,-18.802,-15.677
39.847,-91.753,-32.498,-2.317,54.629,-32.375,-31.777,8.683,23.439,-8.366,-19.984,-3.129
39.817,-54.75,-30.444,-9.834,-20.663,-12.141,-21.473,2.858,-23.7,-9.267,-14.054,5.623
42.593,-12.071,-33.506,-1.308,8.415,-44.315,-23.614,-41.736,-17.913,21.797,-12.689,1.336
43.453,-54.76,41.725,-15.982,35.717,9.0,-25.69,-7.32,-6.462,-5.533,-4.185,10.825
41.73,-25.991,-3.963,-18.133,43.314,-28.456,-45.915,-34.133,-5.036,-19.717,13.6,1.802
42.741,-73.906,22.924,-2.371,76.33,-21.632,-28.931,-19.809,6.908,-10.342,-10.325,-6.132
38.467,-42.121,-16.288,-25.991,11.345,-25.423,-4.429,-16.089,-0.823,-11.387,-9.346,16.243
39.562,-100.832,6.345,-63.345,20.732,-12.923,1.44,34.083,8.853,-19.252,-10.268,-8.923
43.388,-60.668,43.782,-5.878,41.448,-2.474,-26.935,-0.405,-6.392,-6.977,2.962,14.28
40.693,-110.611,36.31,35.294,50.909,-24.549,-26.864,-16.334,1.456,-2.492,-27.948,4.232
40.435,-20.452,-28.752,37.917,66.982,-48.327,-26.256,-33.308,17.678,21.235,-13.963,-9.008
35.341,-22.704,-72.513,65.894,32.294,-47.202,-34.03,-28.117,22.235,4.455,-9.896,-9.379
32.649,-63.275,-5.179,-115.341,19.427,3.623,-1.397,-14.746,-10.421,10.15,-18.764,-7.687
42.881,-47.606,-18.879,-39.194,7.188,17.352,-15.884,18.151,0.208,10.542,9.89,-2.953
42.205,-36.237,39.371,-29.299,25.062,6.297,-13.312,7.245,7.865,4.787,6.605,-3.532
44.569,-6.968,40.92,-2.22,-20.584,-13.824,-6.457,-1.871,-27.988,-10.647,-10.132,23.124
45.006,2.637,33.246,-19.503,-3.415,-20.407,-16.035,-4.054,-22.579,-6.35,1.786,15.21
45.911,-16.494,50.657,7.983,41.025,-6.288,-28.852,-8.001,-4.367,-8.832,-2.895,-13.029
43.153,-23.326,4.673,-25.032,-12.284,-28.368,-15.523,-5.109,-25.291,-10.747,1.408,11.074
43.666,11.611,22.427,-34.487,-11.013,-12.067,-27.28,5.948,-23.447,-21.745,-3.327,8.139
45.259,-50.119,51.572,-9.727,38.403,-17.566,-27.313,8.177,17.967,2.54,-4.971,-13.48
48.369,45.238,66.138,-0.257,5.253,-5.45,-36.599,-7.306,-22.093,-7.453,8.73,10.345
48.421,61.674,78.332,28.013,27.965,-17.254,-14.159,-0.429,-31.212,-10.289,-23.026,4.394
46.888,55.371,80.798,30.56,-1.063,-25.807,-35.13,-23.812,-42.809,-4.233,-13.911,-26.017
47.156,116.085,93.782,67.934,-15.75,-4.271,28.572,-7.092,-13.937,-12.492,-42.977,15.45
44.876,12.119,58.313,43.401,0.451,37.249,31.334,-4.226,2.822,-4.079,0.759,-31.441
43.613,39.31,124.325,-21.436,14.958,-26.944,17.594,22.152,8.803,0.458,22.563,-24.214
46.735,29.498,59.814,5.048,10.683,-50.623,1.678,-6.339,0.002,13.532,-5.628,5.99
46.744,13.111,87.736,-8.186,22.482,-26.024,-32.674,5.153,-6.37,-11.379,11.543,2.053
49.367,16.416,102.834,27.417,34.19,-25.779,16.759,-9.997,12.756,4.021,-8.552,-17.847
48.117,24.512,84.296,12.466,1.634,-4.253,7.706,-21.482,-5.521,7.757,-34.556,-26.584
46.651,43.042,92.826,-15.332,-12.654,-15.104,-6.189,14.367,-16.24,-13.646,-1.016,-27.02
46.155,15.268,53.426,6.326,9.98,-10.452,-5.838,-9.677,-25.319,14.986,-39.259,-1.606
48.282,51.406,100.323,8.728,-3.907,-17.205,3.755,1.735,-24.382,-15.458,-1.626,-7.081
48.275,18.448,74.561,12.687,24.124,-25.226,-26.48,-28.251,-13.958,4.144,-17.692,9.825
48.348,-23.383,52.492,11.159,30.912,-21.56,-15.658,-11.533,17.183,4.072,-4.72,-4.776
49.005,27.005,91.602,4.703,38.572,18.011,-32.532,11.946,-4.564,-30.165,5.501,2.93
46.38,55.969,89.107,6.254,25.983,-9.635,-33.041,-18.887,-21.775,-10.433,-17.212,-18.819
47.369,29.428,78.763,34.151,29.813,-26.988,-34.652,-34.637,-17.993,1.18,-18.654,24.344
43.728,-21.341,22.658,0.236,52.726,-29.74,-49.029,20.775,4.797,0.548,-9.048,-7.06
48.045,43.102,74.288,35.492,31.539,16.841,-36.297,-5.954,-19.299,-6.28,-12.271,18.475
39.979,12.639,-13.46,68.519,23.324,-33.865,-32.781,24.765,-9.85,-27.818,1.54,1.745
38.108,14.822,-37.399,-2.801,49.89,-36.314,-31.281,-48.547,-10.672,43.715,-29.858,3.785
43.652,-28.609,36.85,-20.473,24.187,-14.2,-0.958,6.657,0.129,18.277,30.518,-22.874
44.553,-6.919,21.232,-4.928,12.556,-19.384,-6.432,-29.334,-1.493,-7.084,-11.364,-4.892
42.274,-14.519,-4.465,-17.852,-8.886,12.214,-5.82,-4.449,-9.697,-39.632,-23.327,6.38
42.32,-38.648,40.96,-78.145,3.204,-11.74,-7.207,-7.399,-12.045,1.93,18.098,8.339
44.858,-35.809,21.606,26.205,14.993,-25.226,-32.817,-6.951,8.849,-18.563,-8.897,3.449
43.999,-7.9,1.683,-43.04,6.324,-9.381,-21.159,-18.81,-15.063,-29.21,-5.038,4.279
44.856,-24.803,48.051,-7.074,15.578,-35.744,-30.824,-17.506,-0.519,7.461,-12.717,-0.423
46.195,5.178,60.042,-19.622,8.114,-20.02,-26.899,-25.696,-17.617,4.307,-12.205,15.341
45.398,-10.782,80.965,-17.94,27.209,-34.264,-44.559,16.227,-15.831,-10.167,3.939,6.916
46.971,38.024,93.437,16.756,21.204,-36.704,-52.007,-1.047,-22.852,-3.193,7.604,-21.027
48.922,80.846,103.208,-13.867,18.527,-6.437,-24.805,-12.359,-30.381,-7.293,7.215,-16.124
50.279,85.09,122.343,21.344,13.285,-1.849,-31.297,-5.074,-51.322,-6.091,-13.947,-16.088
47.68,28.02,83.506,3.106,15.943,-18.622,-26.378,-10.263,-17.88,-18.216,-4.709,-13.661
45.535,24.518,42.724,4.451,13.87,-19.698,-42.664,-12.514,-15.397,-16.958,-6.745,21.978
43.998,-47.225,43.904,13.099,41.955,-24.975,-31.364,-1.677,13.54,-7.044,-9.693,-6.309
40.182,-39.169,-14.593,-27.102,-21.794,-30.186,-40.581,4.319,-15.954,-9.968,-0.275,13.114
40.243,-65.916,-4.666,-25.885,-20.739,-29.702,-17.186,-10.664,-29.374,9.29,-1.675,8.254
39.498,-75.068,-19.382,-4.403,-25.83,-22.527,-19.826,-4.64,-15.515,-14.284,-7.283,12.915
33.582,-70.612,-59.168,4.692,0.88,-19.679,-8.165,-25.096,-19.403,-21.979,0.448,10.309
32.754,-106.783,-16.925,-36.459,43.449,-43.164,7.305,-11.791,-11.795,21.106,4.607,4.773
40.178,-54.494,79.819,23.134,64.201,0.735,9.408,25.072,-7.062,13.906,17.331,-6.211
43.377,-54.657,33.426,-8.625,56.904,-26.119,4.041,14.788,11.911,7.71,5.193,5.368
46.11,-47.753,55.906,11.765,43.284,-24.271,-19.683,2.208,-8.672,-10.29,-6.079,3.048
43.737,-34.395,22.584,-26.869,2.666,-24.123,-21.212,-3.612,-13.407,3.657,-6.521,7.472
46.322,-37.062,69.219,-6.825,46.638,-24.387,-29.299,-9.729,3.344,-10.606,4.51,-15.696
45.66,31.898,51.525,20.331,16.333,-4.314,-42.796,-14.802,-11.319,-5.27,-30.892,22.821
47.135,18.797,101.736,5.6,23.733,-1.292,-1.641,-1.693,-32.847,-9.13,6.547,30.59
45.604,-52.235,52.863,-21.637,40.038,-31.608,-10.786,-4.563,2.788,-4.423,-0.875,-18.151
47.169,32.039,68.285,-14.598,33.001,-14.725,-28.756,-14.84,-10.136,0.144,-1.516,9.68
48.872,5.835,119.332,19.929,50.599,-20.028,-11.777,-5.219,-9.954,-6.199,-1.729,7.604
49.62,32.283,78.777,47.358,18.175,-3.167,-2.319,-14.779,-16.605,-9.631,-45.929,-14.637
51.289,116.622,117.38,20.85,-22.228,-17.812,7.483,9.806,-34.549,-13.878,-0.075,-7.549
48.197,60.604,59.302,72.716,-21.44,0.937,-23.616,-15.495,-31.897,-8.882,-45.197,-4.287
48.143,46.508,105.35,0.51,23.995,38.009,47.906,7.049,21.287,-18.382,13.523,1.538
47.613,45.23,113.346,26.039,28.564,-30.153,46.46,11.792,23.016,-7.32,-14.122,15.817
46.833,48.49,99.787,37.386,26.033,4.344,49.253,-21.757,18.199,-8.469,-35.433,17.531
46.256,34.604,91.525,57.724,21.605,2.058,64.757,-11.347,24.158,-12.708,-8.857,6.328
45.425,-30.48,72.271,55.267,62.083,-10.202,12.845,-20.17,15.387,25.105,-26.313,-5.885
47.961,-0.603,117.38,33.049,43.035,-29.34,7.498,8.112,17.218,1.427,-10.834,-30.045
44.678,63.76,92.873,-6.033,-8.746,-15.289,-21.395,-1.998,3.961,0.871,4.684,-58.082
46.49,40.124,66.412,0.631,-18.57,-18.953,-9.729,-9.801,0.067,14.989,-17.967,-42.569
44.356,38.393,63.748,14.071,7.447,-21.194,-8.46,7.783,2.294,-6.527,-17.788,-26.315
42.316,40.088,29.051,51.117,3.983,-14.823,-7.802,-10.955,7.056,-8.814,-27.702,-31.056
39.802,0.554,97.28,-131.681,34.489,26.054,2.903,-0.878,-4.762,22.578,-40.229,-27.848
48.964,112.179,105.781,21.357,-12.518,-6.046,-16.423,-19.982,-39.376,-7.949,-10.823,-6.726
47.761,6.942,81.166,31.843,24.787,-11.959,7.23,3.478,-38.838,-2.461,-4.482,25.213
43.781,-37.863,22.072,31.569,29.912,-8.641,-32.013,-6.491,-5.693,0.659,-21.418,9.394
41.59,-51.719,34.002,-5.139,55.535,1.446,-18.372,18.532,-1.522,20.31,3.743,-27.109
49.266,95.766,107.986,31.265,9.047,2.996,-8.013,-20.906,-30.999,-9.262,-2.232,-15.48
46.644,-30.172,63.878,-1.371,46.597,-27.862,-32.321,14.657,7.815,-7.841,-9.956,-14.406
46.412,67.61,90.72,-0.57,6.702,6.619,-17.133,-0.265,-17.374,-5.638,31.733,-19.876
48.316,92.004,108.49,7.594,-4.925,-11.786,-13.727,-2.834,-33.538,-7.858,-9.164,-8.321
47.815,50.132,136.206,20.766,44.594,-18.957,-0.347,-0.687,-23.783,-9.17,15.533,17.242
49.19,20.034,89.289,33.879,12.807,-17.356,16.182,-1.074,-17.977,7.752,-18.239,13.077
44.542,-46.882,47.955,2.115,31.87,-3.572,-21.884,5.667,-1.008,-8.68,-16.597,7.87
43.295,-75.014,33.06,-14.487,46.936,-12.731,-24.28,3.508,11.535,-6.332,6.691,-19.161
40.493,-78.816,-2.523,3.592,55.899,-15.907,-34.155,10.307,12.815,-0.836,-22.007,2.334
39.747,-27.029,-19.132,-59.767,-8.948,-13.415,-12.528,-2.833,-24.148,-8.156,3.58,7.837
39.456,-54.6,-34.812,-7.36,-3.064,-13.437,-1.598,11.58,-27.137,-22.124,-21.682,9.298
36.068,-3.32,-75.171,45.594,25.785,-33.099,-28.033,-38.359,-5.605,16.305,-24.469,7.699
33.672,-127.056,19.713,-38.088,68.472,-1.53,19.939,16.353,-10.534,43.246,11.871,-2.135
50.572,74.365,120.921,7.409,32.469,-13.0,13.88,1.427,-37.602,-13.109,22.841,28.868
51.927,4.402,115.124,36.205,52.448,-30.729,1.677,8.78,-23.931,1.236,-7.622,9.669
49.055,6.644,102.979,14.36,49.594,-25.021,-0.844,10.116,-15.964,-14.699,1.514,13.708
50.275,81.354,107.021,-11.55,-6.4,-24.324,-16.695,27.561,-28.908,-8.189,13.333,-13.708
50.178,141.503,84.077,-7.444,-26.305,-24.407,-4.515,-1.649,-31.811,3.915,-6.778,-29.692
51.694,81.452,82.641,15.144,1.253,-15.476,-14.642,1.037,-15.258,16.875,-20.942,-27.127
49.129,30.018,79.854,-47.652,3.75,8.32,-10.065,35.408,-6.644,-33.129,10.382,-28.281
52.135,65.767,80.969,17.685,4.872,-29.501,4.123,-15.744,-21.377,-13.994,-17.756,-4.591
51.24,23.472,87.161,35.312,30.15,-5.539,-0.066,-4.015,-4.968,-16.639,-0.569,-5.17
48.059,-23.006,53.021,8.307,47.04,-40.265,-9.258,-8.861,19.263,5.939,-13.185,-12.664
45.488,-83.293,70.362,-13.306,60.517,-16.335,-8.549,-26.379,8.32,8.646,-18.999,-10.918
44.895,-47.999,56.704,-8.198,22.856,-28.482,-11.254,7.723,11.586,-8.024,8.134,-4.738
43.915,-41.542,37.643,-7.455,-2.924,-23.374,2.412,-12.704,-9.392,1.905,-21.09,9.382
43.701,-114.922,17.316,3.675,30.703,15.31,4.759,23.531,2.44,6.801,-33.202,-8.698
40.28,-80.807,-62.374,-24.87,-0.564,-27.388,-11.708,-12.902,-0.933,-21.557,4.285,4.519
39.69,-103.174,-37.474,12.378,32.919,-11.058,3.415,37.688,-7.442,21.166,-22.28,7.58
31.647,-40.458,-64.702,-4.569,21.839,-40.691,-3.804,-25.206,12.131,-5.725,-7.473,-2.969
37.393,-10.544,28.551,-116.796,20.569,-6.189,5.99,-22.786,-8.159,26.257,-6.768,-6.725
42.826,-16.656,22.771,-9.244,-27.699,-30.088,-7.084,3.628,-21.157,0.145,-3.981,18.09
44.881,-26.223,40.095,-14.509,0.949,-26.415,-22.538,13.997,-2.834,6.317,-16.525,-5.162
46.882,-2.748,80.16,-13.204,34.809,33.928,-5.542,7.532,-11.192,-24.466,-2.674,-11.998
48.466,-3.757,76.922,-3.241,54.877,-16.899,-2.088,-2.426,-8.28,11.761,-21.537,-24.043
47.211,16.056,98.081,5.505,12.451,-8.464,9.787,11.055,-15.407,-26.395,-10.289,2.722
47.886,49.32,92.697,28.801,5.132,-1.909,-35.535,-2.259,-36.892,-16.023,-26.434,-15.197
47.912,62.598,85.94,47.094,1.272,4.407,-17.291,-38.305,-27.901,-1.033,-30.328,-18.322
46.812,3.724,65.256,91.514,31.777,-14.599,-3.689,-9.705,-24.31,-20.662,-33.1,25.021
42.604,-19.282,66.753,-55.58,41.603,1.621,-3.218,-2.918,-5.353,5.716,-38.22,14.033
47.951,27.257,80.534,44.17,3.171,-2.208,7.667,-21.401,-33.447,-12.875,-12.439,2.279
47.77,7.168,58.759,27.635,16.402,-16.482,-15.928,-11.391,-9.812,-10.234,-21.5,22.784
45.495,-41.916,71.243,7.991,35.222,-20.404,-20.255,-3.23,-5.275,-9.314,-1.974,-13.307
46.82,-34.113,55.283,31.136,1.269,-11.813,38.076,-6.148,-20.349,-7.546,-25.007,31.443
45.35,-62.173,13.971,10.448,26.68,-23.443,-5.046,-18.604,-8.348,4.497,10.302,4.144
44.532,-72.43,51.683,2.274,44.709,-15.978,-20.443,7.204,15.74,-5.582,-12.534,-6.593
47.277,11.438,63.846,11.49,25.555,-19.086,-38.96,-33.852,-4.754,-7.529,-4.321,14.974
45.581,-62.021,36.181,5.525,31.239,-26.478,-19.727,2.895,7.221,0.704,-11.099,-12.564
38.913,-39.822,-11.707,6.455,6.8,-26.233,-27.511,3.741,-4.178,-3.507,-6.796,1.935
44.764,-61.543,-7.178,22.968,24.149,-28.643,-23.897,-12.927,3.445,14.779,-25.678,-12.327
44.076,-59.904,22.824,0.907,35.648,-19.118,-28.171,-2.869,7.482,-13.139,-9.693,-10.52
45.344,-43.738,54.638,6.558,27.119,-26.264,-25.557,-14.211,6.67,-3.719,-7.023,-10.44
47.009,-65.556,44.555,-3.777,32.639,-28.619,-5.107,-20.158,15.092,8.545,-21.804,-7.721
48.823,10.629,50.923,7.89,7.721,-31.424,-19.855,-1.833,-14.183,-6.61,-3.481,7.453
49.384,54.051,101.898,28.737,4.568,-17.404,4.732,-6.998,-29.532,-11.984,2.745,28.189
49.841,89.019,79.595,21.028,-19.665,-12.799,-24.69,-4.069,-34.554,-18.365,-16.727,-9.637
47.452,32.597,26.667,56.54,-32.723,-13.512,-10.125,-1.122,-18.25,-14.841,-45.905,-9.633
45.159,5.627,81.273,-58.62,50.528,28.523,-12.909,12.921,-4.133,27.047,1.708,-20.567
48.863,24.827,92.071,10.563,-3.809,-13.258,31.283,6.113,6.762,4.709,13.442,-36.842
50.699,32.806,78.224,28.958,-23.535,-39.109,35.703,4.112,-3.143,6.835,-15.142,-33.441
49.821,29.324,74.232,30.362,4.652,-12.216,-13.678,4.713,-9.648,-13.03,-2.022,-9.221
49.07,81.171,83.077,10.176,-5.249,-12.465,-9.615,4.632,-19.105,-15.14,-0.216,-22.703
51.391,61.765,87.036,-28.44,3.888,-3.737,-20.38,12.167,-29.523,-2.876,-6.505,-14.099
52.383,72.108,101.703,4.937,32.829,-24.12,-38.686,1.481,-23.432,3.181,-5.408,-38.405
52.08,68.533,80.312,19.079,18.321,-29.2,-18.754,-6.332,-40.207,-6.826,-7.677,-16.766
46.445,32.243,105.348,10.692,10.686,-13.092,-22.847,1.131,-39.919,-16.69,-8.473,-4.671
45.347,-28.187,53.27,-2.06,26.599,-27.511,-3.64,-10.824,-14.506,3.446,-6.381,22.362
44.345,-52.569,25.559,5.871,31.56,-51.302,-20.275,-34.786,-8.59,8.945,9.075,9.211
44.24,-34.849,42.842,21.918,29.559,-8.322,-18.949,9.163,-7.087,-14.818,-16.916,13.628
38.18,-91.319,40.076,31.719,57.817,-64.894,26.502,42.079,22.439,2.397,-22.116,-5.011
36.549,-142.818,18.783,-47.459,34.098,-56.774,12.017,39.282,12.339,9.128,9.058,-28.943
46.034,-12.902,49.066,-3.035,25.836,-20.735,-20.543,-9.032,4.957,-6.362,-1.091,-16.059
43.103,-53.253,26.932,-13.498,46.861,-43.424,-24.036,1.188,16.777,15.412,-25.019,-12.49
35.74,-71.746,-15.322,-51.584,-4.881,-3.217,-10.338,-24.348,-5.533,5.792,-11.45,0.586
40.764,-108.39,5.909,19.051,59.618,-18.887,-30.805,15.363,15.816,6.736,-3.569,-13.047
37.449,-65.685,-11.249,-31.732,-12.482,-23.454,-7.616,-4.221,-2.92,-10.375,0.08,9.31
37.106,-94.272,-16.408,1.581,51.716,-40.179,-26.051,-15.327,8.085,3.535,-13.007,-2.464
34.634,-94.234,-24.172,-29.636,-11.484,-0.289,-14.394,4.886,-13.033,-19.485,-5.612,-0.581
31.688,-81.362,-58.385,-20.763,-1.208,-58.563,-5.749,-23.496,-16.742,16.42,-1.349,6.786
32.286,-116.663,0.594,0.164,-18.932,-41.964,-8.359,14.085,-34.15,-11.91,1.018,5.425
31.164,-104.088,-19.863,-40.946,-0.373,-35.081,4.275,4.018,-9.144,4.589,3.353,7.258
36.086,-96.582,27.842,0.125,23.426,9.02,11.477,-6.787,-30.522,29.265,-10.417,0.569
38.638,-101.33,52.197,19.406,27.284,-33.118,-21.729,-5.658,-2.189,4.112,-10.942,-31.077
38.735,-109.369,60.875,16.188,67.426,-45.197,-13.468,-0.633,26.633,10.316,-11.253,-37.154
39.905,-73.197,64.414,32.76,69.947,-17.757,10.383,20.352,9.089,3.304,10.591,-35.293
38.35,-84.558,99.513,52.598,66.561,-49.187,44.848,28.123,30.623,10.543,-23.567,-22.984
39.49,-74.103,61.712,67.546,7.211,-36.602,65.016,6.429,1.951,0.324,-14.192,2.874
36.675,-28.203,49.25,-4.984,48.977,-40.348,95.506,-2.526,2.113,12.028,-13.548,6.989
33.358,-31.328,31.623,32.113,0.412,-37.706,50.519,12.789,14.73,-3.471,-10.809,2.14
35.998,-75.583,69.528,55.101,62.305,-50.389,51.475,59.186,18.928,9.889,-32.283,-25.618
30.262,-78.176,-23.221,-36.142,42.088,-45.762,-17.415,31.582,-22.652,-1.606,-9.379,-7.455
33.276,-90.316,46.561,21.117,90.577,-47.797,65.26,53.293,15.025,-2.74,-7.033,-19.955
34.289,-34.23,5.178,-64.646,78.711,-46.372,21.881,-7.724,11.432,8.334,-13.274,7.928
36.783,17.17,15.434,-1.049,35.394,-26.485,-8.65,27.221,13.671,10.568,-11.241,2.547
35.744,25.077,42.653,43.819,0.367,-44.949,6.189,17.925,6.749,-0.065,-21.151,-28.056
32.814,-60.292,29.415,7.119,36.269,-46.3,-6.768,4.203,13.938,-4.251,-10.701,-8.765
34.072,-108.445,65.783,-13.289,60.089,-41.821,25.539,1.002,-0.067,16.922,-5.013,-20.773
36.418,-27.653,77.827,16.682,20.859,-47.134,10.563,9.169,16.303,8.261,-21.156,-42.22
35.585,-46.503,29.562,17.884,39.947,-21.676,7.659,16.764,-22.63,24.923,-39.46,-6.577
30.795,-70.138,-11.105,-22.585,54.382,-31.713,0.416,15.061,-8.286,15.864,-23.915,-7.344
30.052,-53.388,-44.398,-58.558,82.396,-14.76,-10.454,-15.696,16.174,16.226,8.552,-5.396
33.975,-104.171,37.253,12.527,63.141,-57.577,-2.141,2.656,-1.807,-9.837,-1.773,-8.116
30.165,-84.846,-77.572,-5.918,74.113,-51.208,-13.991,13.637,26.991,-5.153,-7.663,-1.683
28.302,-151.003,-33.685,-39.961,61.768,-53.949,-18.482,5.488,2.083,6.084,2.98,6.149
29.892,-83.263,-62.377,-9.894,71.954,-38.11,-23.741,-6.762,-7.882,1.847,5.5,1.017
34.794,-105.276,48.528,-14.265,48.413,-42.933,0.214,18.824,1.249,-12.274,12.704,-11.077
36.681,-74.591,36.129,14.149,80.366,-24.29,13.084,-21.088,7.279,8.186,-23.849,-16.074
38.13,-127.688,80.509,15.791,79.237,-35.914,-13.791,2.038,18.473,12.705,-3.418,-38.165
37.757,-68.466,24.02,-2.432,93.021,-50.594,-7.979,-2.816,30.676,7.858,-20.338,-26.243
36.992,-39.961,38.826,23.468,62.057,-20.98,-8.828,-13.185,13.552,12.818,-32.787,-22.975
40.43,-4.546,164.215,97.265,17.605,-32.683,99.378,26.848,-28.79,-15.878,-2.668,41.482
39.761,18.655,105.348,71.136,-34.908,-38.641,78.108,22.045,-52.761,-18.784,4.296,46.122
38.547,25.262,124.347,54.473,-16.53,-1.26,93.702,36.796,-58.573,-17.879,3.518,53.215
38.276,-6.118,105.819,92.825,-15.971,-30.966,105.224,7.521,-47.878,3.688,-4.642,49.552
40.703,-49.393,105.399,101.261,3.71,-21.504,79.007,15.701,-39.611,-14.682,-11.262,55.669
34.708,-48.321,57.881,34.049,3.787,-27.679,81.426,42.219,-39.07,-30.577,-23.746,51.85
33.634,-55.865,41.352,43.622,26.064,-48.733,49.724,1.66,37.153,0.643,-24.997,-11.117
31.114,-50.108,22.875,-6.745,72.819,-20.214,39.707,13.363,16.838,8.923,-44.425,-6.386
30.622,-126.618,9.33,-48.893,47.993,-15.245,21.254,29.027,4.638,30.598,-8.567,-5.801
32.399,-2.752,-56.737,-25.876,61.658,-31.518,-4.836,-15.587,29.427,-12.936,-16.596,-9.441
32.851,-50.538,-16.463,-0.924,71.098,-55.481,-21.437,-27.273,-3.315,17.491,-0.386,-13.255
33.716,-112.013,4.015,9.941,37.896,-9.298,-9.904,-5.158,-17.741,8.814,-7.21,-26.779
31.425,-64.297,-37.284,-11.77,64.93,-44.098,-20.992,-6.227,2.823,-5.202,2.52,-15.966
31.615,-53.127,-16.489,-40.186,44.223,-33.499,-8.249,-38.869,-39.024,32.405,-24.871,20.758
31.322,-105.453,-20.542,-38.322,89.881,-46.686,-15.779,5.948,-12.473,-8.698,3.062,6.757
32.132,-48.382,-26.373,-0.795,58.531,-48.285,-13.673,-19.198,-20.705,7.894,-16.148,26.692
29.55,-44.285,-25.829,-9.823,37.944,-42.722,12.158,-16.583,-30.423,14.607,-0.649,13.765
31.783,18.845,-32.18,38.643,20.353,-53.202,8.771,-36.521,-17.076,17.614,6.821,9.172
33.856,-85.596,11.268,-26.484,50.513,10.745,-5.053,17.566,-5.053,15.016,16.402,-29.42
40.786,-91.43,53.36,32.885,65.052,-31.51,-25.944,-13.465,22.598,5.462,-21.217,-30.452
38.125,-37.113,-27.568,77.307,78.425,-54.811,-30.0,-37.561,10.4,35.173,-46.899,-11.784
28.596,-48.563,-39.096,-31.724,50.937,-59.869,-23.507,-43.465,20.01,16.901,6.439,-4.707
32.015,-88.905,2.75,-55.066,54.49,-37.778,-11.255,34.656,-7.987,-13.444,-1.907,20.002
38.613,15.36,45.665,50.491,3.062,-20.751,-22.799,8.597,-8.429,-13.874,6.45,-14.5
39.386,-39.903,95.155,-11.46,61.119,19.3,21.989,-9.955,-29.452,52.009,-26.755,-11.105
37.767,-2.582,-24.731,54.104,4.045,-57.485,4.789,-13.448,-10.198,1.454,-26.951,-1.433
36.592,-101.3,41.054,16.918,20.982,-42.201,6.29,14.677,-27.071,-11.813,-3.367,-2.108
37.344,-91.075,87.467,30.462,60.327,-39.943,-45.949,-16.059,-15.151,-7.135,-3.883,-32.36
36.522,-117.476,-6.857,-1.834,41.131,-22.41,-9.119,-28.339,-3.913,-22.897,-5.314,-27.029
39.738,-108.883,52.107,21.442,65.55,-29.393,-22.336,-13.368,19.065,9.823,-6.322,-25.602
40.116,-68.012,-21.213,59.617,76.559,-43.455,-9.389,-20.983,25.664,17.487,-5.273,-26.999
31.898,-110.057,5.217,1.754,73.808,-51.683,6.016,21.141,21.254,-5.095,-4.665,-32.271
30.159,-55.143,-21.323,-15.951,68.353,-41.747,9.293,-12.539,29.683,-4.226,-16.913,-22.321
34.393,-93.754,9.8,13.236,86.976,-17.872,0.722,19.937,31.554,-15.296,-33.227,-32.556
31.021,-73.292,-35.603,-11.142,75.744,-33.016,4.378,-67.989,13.922,9.106,-15.647,-17.309
29.033,-94.906,-63.497,4.465,36.816,-49.145,-44.4,-47.37,-4.979,6.458,-5.838,1.02
31.422,-130.527,-18.603,-3.551,79.851,-16.302,-0.27,-40.767,5.998,21.001,5.195,-14.313
39.656,-6.164,7.338,32.237,58.278,-1.859,8.439,-25.064,25.566,-20.947,31.01,-29.937
39.028,-19.034,22.457,44.871,26.204,-55.17,10.537,-11.682,-6.606,5.243,-25.723,-3.484
36.602,-26.917,32.471,18.167,4.705,-44.458,40.594,-9.403,-5.794,6.108,1.636,-6.469
33.883,-50.295,32.612,-26.224,1.076,-31.177,33.439,-1.521,6.879,-7.466,-7.189,2.475
37.036,33.058,2.848,38.19,9.361,-54.131,17.879,-54.544,-10.547,34.337,-20.677,0.621
35.672,-7.382,49.075,36.949,-2.064,-63.201,51.175,-5.999,-6.621,5.545,-16.151,-19.55
34.533,-24.072,19.705,-21.884,34.86,-34.113,13.912,-18.32,-20.814,38.402,-52.472,7.105
39.427,-82.032,83.6,28.233,69.366,-4.432,7.342,19.345,-2.767,13.293,13.233,-9.471
39.508,-86.745,44.523,41.705,59.287,-31.922,-2.324,-19.295,6.058,-17.784,-33.662,4.64
37.121,-123.435,36.261,15.294,74.853,-36.731,-17.63,19.063,-0.879,-20.641,-10.756,6.448
39.077,-38.719,8.647,27.496,85.902,-39.38,-20.771,-15.571,-18.367,20.458,-7.523,4.827
36.815,-86.8,57.299,10.762,74.028,-48.728,-10.971,-0.272,-10.234,-8.974,8.372,-4.226
38.205,-89.629,-8.678,-11.965,63.771,-35.743,-11.155,-40.37,11.774,15.422,16.065,-18.262
38.403,-116.67,59.125,17.1,49.8,-41.573,-16.526,21.559,-18.163,-18.658,-7.999,-9.247
34.668,-79.971,-16.551,-20.624,97.822,-31.365,-36.098,21.875,26.802,-36.408,-10.443,-16.13
37.887,-77.906,81.379,-10.442,85.083,27.986,16.41,13.375,1.746,16.311,-4.665,-16.457
39.796,-51.106,42.906,4.911,52.091,-22.174,21.461,6.075,19.018,-5.157,6.154,-37.403
37.236,-48.12,38.285,42.556,22.903,-64.421,26.017,-3.5,18.537,3.078,-20.174,-21.083
38.467,-18.526,37.433,27.114,22.641,-53.314,28.55,-15.945,-9.056,2.251,-24.158,-11.061
37.592,-48.103,46.015,29.355,32.241,-41.206,2.473,-2.767,-16.906,-1.162,-11.665,-5.381
36.822,-11.523,41.568,4.245,24.508,-37.117,30.752,9.95,-13.413,-7.485,-15.988,-13.175
34.535,-58.531,0.278,48.343,18.924,-57.398,9.949,2.228,10.542,-7.075,-18.55,-12.785
38.52,19.024,56.107,39.293,16.379,-41.343,-6.364,-11.119,-9.891,22.976,1.559,-19.742
36.734,-74.603,75.298,42.024,68.194,-36.069,6.261,5.085,11.771,13.966,-12.529,-26.724
37.458,32.174,111.769,47.608,31.443,-32.899,-4.531,23.799,1.668,-11.157,4.331,-32.381
36.985,-5.671,20.579,-14.47,5.399,-38.477,-6.378,-29.21,-41.883,17.72,-25.336,-7.075
40.205,-52.424,92.271,98.523,41.669,-18.738,50.09,-2.633,-7.354,-5.921,-8.189,17.294
36.805,7.946,77.948,-5.34,62.293,-23.918,50.691,29.22,-6.924,-19.072,-19.848,7.788
37.192,-23.804,79.104,41.118,43.356,-16.545,11.585,-31.864,-1.987,1.452,-28.095,-20.082
33.353,-15.559,68.493,8.568,26.665,-45.792,21.871,12.277,8.137,-0.084,-0.73,-50.235
31.874,46.506,34.977,40.799,5.357,-57.003,6.356,-26.497,-13.141,17.823,-28.87,-42.044
33.201,-75.243,-3.241,1.036,45.342,2.381,-16.471,14.699,-30.013,51.375,-7.16,-10.006
31.148,6.627,-66.891,11.624,29.113,-33.235,-11.407,-44.106,-7.985,32.313,0.025,9.114
31.802,33.071,-67.81,-46.884,58.962,-36.973,-9.196,-10.919,27.09,1.156,3.251,4.05
33.621,-34.437,-29.315,59.722,38.175,-45.32,-27.534,56.763,-21.26,-9.595,-19.942,1.128
25.144,14.331,-25.364,-26.566,27.628,-53.615,16.732,17.699,-6.59,-2.919,-13.31,26.144
31.637,-0.918,12.298,-67.487,76.658,-22.49,49.217,-77.475,-16.432,29.762,-34.742,4.482
39.644,25.361,62.029,2.852,18.663,14.409,20.899,22.733,2.135,7.037,18.544,-34.323
38.088,20.528,24.423,60.121,14.312,-39.456,16.201,-25.778,-16.755,30.465,-47.921,-20.358
32.929,-23.916,61.04,45.816,30.58,-47.319,31.439,2.019,24.613,12.482,-17.679,-2.396
37.947,-2.732,100.129,-22.054,12.685,56.433,113.053,27.622,-24.138,6.357,-38.943,18.172
40.967,-54.604,109.913,-14.642,14.9,21.282,53.709,38.409,-17.058,-23.633,-14.717,34.085
38.058,0.12,-1.223,86.847,35.554,-79.897,20.917,-24.832,-22.305,21.575,-27.609,37.794
39.803,-59.726,46.416,25.547,51.75,60.116,21.09,17.956,-16.079,25.806,4.018,19.174
37.693,-82.205,45.177,85.893,32.211,-28.043,33.713,9.28,-8.442,-2.826,-9.113,22.789
29.725,-93.327,13.584,20.917,22.197,-61.331,48.957,-18.24,-6.997,3.239,-8.117,11.188
38.221,61.821,-0.986,-52.909,29.304,39.781,10.576,-15.508,19.1,-31.76,31.062,-9.811
41.202,-80.51,31.945,53.139,59.889,-35.146,-11.346,-9.639,-2.842,14.275,-29.659,-5.438
37.649,-122.148,32.259,-9.312,79.371,-34.348,-50.944,15.028,21.727,9.762,-1.441,-14.294
37.989,-58.561,74.748,-45.442,65.461,-0.803,10.608,5.173,13.077,-3.343,-27.811,-18.252
38.23,-88.135,49.673,-4.425,33.764,25.108,33.163,28.688,-16.837,-12.782,-33.472,8.337
38.797,-84.681,65.645,24.966,43.89,-24.315,11.401,2.06,8.274,-0.029,-12.209,-10.926
40.909,21.645,-27.068,44.597,45.796,-60.741,-22.275,-34.327,12.272,13.545,-28.399,2.388
40.225,-12.164,68.211,82.899,5.17,-28.295,54.985,4.78,-17.446,-3.533,-1.555,22.714
39.952,-16.331,30.552,14.201,33.137,-21.499,41.147,-24.54,-9.429,-10.176,-23.66,11.349
40.208,-76.393,55.251,81.245,7.915,-44.777,14.163,16.698,-24.707,-9.662,-22.427,23.623
34.47,-103.049,63.779,-28.211,42.417,-20.582,56.26,6.318,-5.593,-9.343,-23.718,-2.693
39.436,-53.065,73.741,34.234,13.536,-38.317,61.956,15.252,2.036,-2.677,-4.875,1.003
37.805,-82.823,68.407,14.48,53.256,-40.072,32.753,31.116,24.183,1.178,-19.524,-9.77
37.843,-54.566,79.382,38.17,21.19,-35.134,24.511,18.048,7.967,-11.03,2.385,4.204
38.012,53.301,-7.252,46.053,24.627,-64.751,-0.602,-27.345,3.555,13.601,-22.914,22.219
36.469,-94.528,16.201,-12.435,45.853,-30.724,-29.04,2.15,-11.911,-4.756,-3.899,18.109
36.484,-109.87,55.101,31.315,18.174,-27.398,25.02,8.956,-20.683,-0.033,9.944,30.716
34.411,-64.393,6.234,-13.815,20.789,-76.954,30.005,-29.026,-23.45,23.704,11.024,12.71
42.683,-79.885,58.888,65.233,38.545,-15.995,9.69,0.013,-18.08,8.235,-4.254,16.004
37.468,-1.811,-22.016,52.319,26.52,-74.01,-19.103,-42.45,-13.177,19.429,-18.14,14.028
40.825,-38.381,99.405,66.708,42.526,-20.077,3.099,34.063,-20.355,-1.072,-23.724,13.41
37.666,-75.617,11.337,24.809,37.978,-0.536,6.495,-25.1,-21.04,-18.418,26.6,5.731
44.014,-53.873,82.299,22.515,69.355,44.426,33.582,32.929,-1.402,-6.611,19.805,-0.582
41.366,-112.938,93.091,74.961,34.684,-52.214,41.168,-16.64,-20.91,0.849,-24.699,-1.097
40.477,-111.152,38.168,64.12,29.604,-10.235,42.473,22.879,11.818,-14.491,-10.085,-8.695
38.601,-97.063,66.937,-41.89,56.126,20.954,29.342,3.381,-9.637,-4.809,-31.967,5.842
38.26,-63.361,5.715,15.659,46.628,-69.752,16.631,-16.773,-12.875,11.183,-10.917,34.016
42.234,-46.2,65.687,145.84,11.6,-22.259,65.453,18.087,-34.682,-20.747,-26.895,49.905
40.965,-67.718,50.285,96.064,21.766,-31.432,59.045,-1.628,-12.413,5.366,-14.486,14.59
38.134,-84.032,38.371,14.797,67.553,-5.166,-4.567,-1.266,6.285,-12.117,3.694,-2.086
37.785,-59.618,21.547,-19.712,52.343,-38.201,-15.639,-24.735,-14.292,18.219,-7.466,-3.813
37.062,-70.79,46.848,45.442,45.816,-59.753,4.926,-8.33,13.156,-2.861,-19.408,-6.037
39.219,-46.457,1.274,-22.046,65.701,-1.376,-8.549,-4.274,-29.529,17.2,9.472,-9.681
38.872,-78.23,1.755,-8.619,75.201,-52.893,-55.449,-17.03,4.451,18.086,-2.905,-11.769
37.637,-49.563,24.343,27.343,34.092,-51.81,-17.19,5.469,18.992,-11.435,-7.291,-1.892
39.423,-13.88,-25.118,52.033,45.183,-54.607,-41.493,-45.403,-7.278,42.202,-28.226,4.737
37.473,-106.771,24.224,-39.331,72.413,2.212,-35.153,-12.281,15.271,26.386,11.012,-16.915
39.338,-67.38,36.33,-20.986,80.305,-23.406,-23.325,-19.806,-14.878,-7.15,-17.038,-10.425
37.179,-69.557,28.761,1.143,47.466,-27.763,-45.44,2.462,6.741,-3.918,-1.802,2.893
41.994,-6.249,11.49,42.289,32.165,-45.196,-29.567,-34.011,-26.574,37.14,-17.325,15.194
38.713,-28.705,14.782,10.026,14.49,-33.977,-34.37,-1.614,-18.045,-3.399,-9.234,6.113
37.447,-15.504,4.708,-6.772,44.361,-30.261,-12.923,-0.363,3.548,5.307,-3.607,0.877
35.363,-88.67,17.808,-17.777,35.246,-46.747,-6.62,-16.13,-1.302,7.727,-7.283,-0.02
36.015,-141.593,17.944,42.178,58.308,-22.716,-34.239,20.556,4.334,0.876,-15.866,-18.265
36.816,-37.307,-11.675,92.06,38.943,-50.188,-29.157,-11.664,12.579,7.143,-38.895,4.182
38.576,-89.872,83.82,-35.169,95.985,75.463,71.446,7.19,25.209,20.351,-5.145,-23.053
39.265,-79.33,53.917,63.869,63.134,-52.918,55.311,-4.263,36.482,14.885,-30.045,-18.336
36.805,-128.855,62.443,-6.731,71.998,-49.098,-7.638,15.683,20.585,19.565,5.583,-37.656
39.885,-5.853,-27.592,52.78,63.202,-64.541,-40.904,-28.194,29.275,24.29,-37.379,-13.003
35.686,-81.122,5.161,38.19,13.055,-25.959,0.292,16.396,-26.362,13.763,-14.893,4.172
33.356,-83.523,-14.935,-53.715,49.877,-6.054,8.373,-36.661,-16.407,-11.655,-14.523,-4.073
33.23,-113.766,-20.017,4.732,42.969,-33.898,-7.493,-39.393,9.473,-10.825,2.878,-2.963
34.875,-54.754,-7.297,-89.676,68.194,-39.776,-15.672,22.621,10.584,-8.116,7.485,2.788
38.451,-11.855,8.383,21.66,22.681,-44.577,-7.184,-41.264,-33.979,29.308,-31.239,8.552
37.662,-34.181,1.011,-33.427,78.047,-22.399,-13.207,-35.742,-5.759,13.864,-24.635,-18.029
42.611,-56.586,56.22,2.305,71.742,-24.149,-19.913,-5.66,28.8,20.956,4.068,-37.277
42.588,-25.914,-10.578,51.903,62.443,-71.581,-40.477,-34.313,1.026,28.736,-26.733,-9.96
39.326,-102.236,53.466,1.951,39.828,-27.86,-37.278,-7.099,-11.885,4.555,8.16,-24.339
40.34,-87.445,52.548,-3.813,56.141,-4.198,-9.865,-8.242,-3.005,-2.489,-17.512,-17.033
44.029,-90.541,80.286,33.858,71.873,-52.854,44.373,11.712,30.033,16.718,-13.415,-14.924
43.085,-44.695,81.459,-7.613,71.211,-27.558,45.555,5.797,21.001,-9.806,-17.279,0.269
44.108,-34.095,-1.293,9.0,39.173,-54.308,25.01,13.471,-1.124,11.006,-23.324,29.419
42.083,-88.821,32.285,83.439,25.0,-21.025,29.239,-0.795,-11.347,7.904,-12.172,17.922
38.275,-74.402,66.76,-34.841,74.788,-9.019,53.838,-2.709,15.896,-5.759,-21.763,1.044
38.077,-14.943,44.078,8.174,-13.449,-55.132,17.043,2.839,2.249,-11.955,1.104,-14.528
40.906,-63.982,88.39,-9.504,25.838,-42.411,47.577,43.142,25.209,20.167,-7.695,-24.873
42.101,-67.667,65.995,37.782,19.547,-39.628,18.405,38.003,8.622,11.469,-15.563,-25.463
40.306,-97.963,31.003,41.239,64.096,-36.677,-17.055,-11.823,28.672,9.845,-38.255,-25.74
40.189,-100.89,4.286,21.159,41.89,32.209,-1.418,0.133,6.726,-3.935,-4.474,-36.951
38.379,-27.666,-6.14,99.884,11.211,-54.053,11.082,-17.817,-5.544,-3.851,-28.605,-2.619
39.64,-63.595,48.514,35.916,100.827,35.448,49.147,21.174,13.349,26.508,32.134,-13.738
39.062,36.469,40.559,-28.579,40.766,-42.412,3.395,20.434,4.461,12.101,-18.179,-0.865
40.883,-15.567,34.144,56.312,60.966,-50.735,-0.384,41.455,-7.064,16.663,-20.821,-7.475
39.011,22.404,33.948,43.391,-3.272,-29.412,9.277,6.164,-0.495,-9.214,-1.215,-29.384
42.081,-70.777,74.432,71.613,72.507,-45.203,58.109,7.946,29.023,29.222,-32.131,-14.916
40.631,-93.764,40.041,62.697,75.297,-32.206,-25.363,-11.843,25.539,9.886,-30.329,-25.691
36.953,-91.962,42.574,66.22,104.955,-29.484,-15.909,-32.922,9.461,3.889,-1.518,-33.924
34.339,-109.846,4.286,-9.87,50.473,-20.379,31.063,-5.382,7.607,-13.904,9.344,-36.14
37.924,23.157,-13.345,47.673,40.215,-59.571,-33.82,-28.644,2.603,13.431,-29.765,-17.083
37.043,-17.507,59.017,-43.088,7.869,20.221,69.754,10.42,4.116,5.23,-46.563,0.194
39.21,-104.618,48.327,13.757,47.592,-48.961,-2.714,-6.139,22.651,13.086,-14.882,-43.388
37.982,-144.929,16.338,21.295,60.571,-58.242,-2.289,-17.024,7.604,22.989,-20.107,-21.06
34.981,-139.382,-4.338,12.919,47.57,-62.668,-12.013,-31.03,3.577,10.02,3.794,-15.975
42.899,-53.181,79.379,96.166,67.557,-43.406,63.405,-19.896,-1.997,-0.547,-0.431,-3.832
39.491,-67.938,37.167,19.387,95.952,-33.729,2.708,4.172,-4.574,2.358,-5.477,-13.844
40.687,-40.776,75.666,17.994,50.506,8.779,43.022,29.612,-37.789,-11.484,16.833,7.155
40.929,-10.553,54.478,63.311,15.585,-64.605,57.597,9.03,-36.652,26.087,-9.386,29.977
39.408,-96.311,37.69,13.169,35.623,-47.139,-16.688,-9.842,-33.417,4.014,1.242,-0.332
41.35,-15.514,50.86,19.292,40.331,3.47,24.938,1.011,-30.004,-27.002,12.509,19.199
41.996,-17.971,57.225,21.005,12.451,36.327,41.313,29.59,-50.78,15.61,-13.228,24.942
43.119,-4.542,72.486,25.927,22.726,8.252,57.984,-35.031,-53.88,34.43,-36.712,48.32
40.357,-7.635,50.519,29.46,29.572,1.279,41.585,16.367,-27.673,-39.534,-5.597,36.228
40.048,-28.48,70.376,-2.711,42.934,31.714,64.515,9.91,-37.844,23.826,-33.497,41.377
40.656,-17.199,8.092,20.722,45.27,1.492,9.334,-31.57,-15.962,21.103,5.536,-2.507
40.169,-4.741,21.175,19.467,58.069,14.253,8.108,-23.287,-16.78,32.101,-0.861,-4.338
40.831,-61.662,32.609,28.523,60.984,-53.162,2.72,32.252,-13.309,16.063,-10.961,4.57
42.855,-31.993,61.314,93.652,46.5,-46.808,46.485,-3.485,-50.236,15.439,-23.47,41.514
38.548,3.266,12.058,45.29,41.137,-44.43,29.941,-33.688,-9.734,31.732,-23.822,31.154
34.684,-30.593,-7.549,-1.546,69.964,-41.287,20.709,24.434,5.376,-12.569,-4.581,22.839
39.292,-37.136,68.507,34.587,35.116,7.938,50.6,39.319,-51.813,39.655,12.02,36.297
42.342,-13.603,55.823,53.085,11.605,1.355,53.986,5.398,-50.471,49.889,-28.044,37.357
40.76,25.262,6.75,26.457,26.33,-35.755,-7.8,-16.19,-51.825,37.015,-34.338,17.241
41.882,-30.304,35.796,4.753,24.805,-1.888,-15.489,20.796,-35.378,-6.032,-1.238,-4.111
43.548,-30.792,93.726,70.225,13.698,-54.986,64.342,-0.172,-49.233,5.935,-9.578,54.269
43.83,21.073,78.585,52.148,-32.752,-30.387,61.688,-1.536,-61.696,-8.901,3.532,35.931
40.01,-57.985,28.61,37.684,-0.945,-21.803,32.32,3.674,-35.274,-8.164,-31.439,34.665
40.546,36.345,59.74,87.655,-24.241,-15.34,-10.714,-14.928,-75.245,-8.677,-20.123,22.788
39.211,-104.046,34.853,16.728,26.443,53.126,21.357,21.977,-33.022,-10.265,-36.398,21.122
42.521,-14.346,-1.269,6.727,37.563,-25.785,-19.717,-45.908,-38.305,22.864,-14.232,4.242
39.949,-78.587,69.089,50.775,11.339,-54.393,-9.572,-0.174,-51.317,-14.864,-15.879,28.522
40.792,-72.703,63.743,31.648,35.017,30.928,24.108,4.572,-49.64,2.407,2.989,40.02
41.345,-15.014,61.2,42.481,28.468,-31.745,-25.569,-20.013,-32.165,-14.798,-12.881,5.702
40.421,13.929,29.791,-6.957,17.555,13.96,1.75,-12.276,-7.6,-57.39,16.027,-14.107
39.293,47.666,56.728,26.279,-38.654,15.439,5.862,6.988,-53.302,-25.863,-30.527,-14.108
36.505,-86.524,15.639,-12.883,24.36,-20.704,-10.973,-23.861,-41.288,38.76,1.761,-5.354
42.283,5.086,29.493,44.894,30.493,-7.493,-9.152,-6.458,-29.645,-3.251,-16.333,-0.039
40.868,57.897,50.872,41.108,-48.719,-32.185,-0.551,0.163,-61.877,-17.776,-28.763,-11.339
38.824,62.7,54.204,56.45,-66.832,-28.624,11.972,0.631,-61.303,-7.162,-21.259,-7.036
37.689,-7.761,-13.512,11.675,32.298,-57.685,-12.367,-33.882,-25.583,32.798,-13.412,26.941
38.366,-37.57,9.011,4.423,3.1,-6.462,22.05,4.319,-7.573,-12.456,-6.693,-9.286
39.676,45.899,97.793,38.12,-36.667,-22.164,13.019,-21.684,-46.744,-18.728,-6.911,-12.475
39.41,66.18,100.323,15.821,-20.51,-20.146,25.749,-10.1,-43.275,-2.742,-6.827,-15.229
39.099,97.378,108.526,55.226,-60.292,-33.715,23.215,9.028,-52.847,-22.63,-7.259,-13.589
38.535,-83.754,39.18,-11.323,-20.404,-20.193,9.568,-31.099,-41.015,18.055,-16.283,11.141
40.513,-57.12,31.8,-27.924,24.982,-32.508,2.683,-0.046,-16.372,-11.201,-9.691,8.851
42.479,12.501,44.671,63.573,-19.342,-30.616,2.431,-14.552,-38.788,-11.904,-14.636,5.078
40.548,33.83,22.639,30.193,-1.904,-16.461,10.708,-33.926,-23.126,-3.271,-0.094,-10.147
39.816,54.466,89.396,37.166,-51.72,-22.999,26.59,-7.695,-43.973,-13.344,-18.771,-17.505
40.904,63.817,86.822,48.367,-55.674,-13.846,30.7,-45.517,-54.809,-17.833,-28.31,-5.356
40.324,-74.623,25.092,-70.648,9.711,-23.471,8.653,20.079,-14.809,-23.453,4.804,-17.113
42.086,7.219,54.088,-39.484,-1.755,6.648,3.136,14.365,-6.794,-46.125,-13.958,-9.516
43.314,41.204,53.628,22.763,-25.397,-25.565,5.799,-12.478,-39.374,-11.726,-20.488,-5.184
41.577,41.639,63.049,26.08,-67.736,-25.709,18.727,-25.951,-53.493,-19.571,-20.937,-12.742
38.808,-137.629,27.57,5.166,13.887,-26.762,-13.275,-6.155,-24.338,-14.349,-15.516,-6.926
45.869,3.279,79.864,48.798,-26.032,-36.527,-3.24,-7.717,-74.74,-18.209,-12.524,20.986
44.132,12.435,25.909,24.416,-6.755,-7.548,20.875,-15.387,-48.311,-43.126,1.741,32.218
40.111,-43.733,57.622,82.84,-2.924,-19.702,46.471,18.18,-49.607,-30.252,-41.519,55.962
34.977,-64.537,-42.876,-28.326,-4.013,-75.432,41.718,-3.616,-30.445,12.204,-7.408,33.732
38.651,-135.787,27.032,2.042,10.048,-28.597,-7.865,-0.067,-17.463,-2.494,2.134,-10.71
43.431,-44.9,94.938,48.444,0.31,-32.776,22.668,-10.256,-55.495,-9.633,11.332,32.571
41.444,-56.095,92.602,73.45,14.29,-48.349,36.49,17.52,-49.441,-28.089,-19.145,51.668
41.978,25.95,76.785,41.242,-51.572,-22.07,25.901,3.093,-80.511,-22.105,-10.572,37.908
41.455,0.557,95.57,34.854,-29.136,-36.189,58.368,2.302,-59.839,-10.955,4.646,42.885
41.204,-38.188,92.552,53.372,-0.169,-51.977,74.32,17.351,-37.102,-7.05,-11.734,46.745
37.751,-55.704,41.523,33.921,6.833,-48.979,36.583,-21.581,7.166,5.427,-19.007,14.352
39.292,-115.181,84.2,16.501,63.186,-50.462,52.81,9.515,23.497,14.499,-2.778,-11.742
42.561,-31.989,-3.686,79.5,50.752,-48.739,-8.026,-45.788,8.66,1.635,-14.631,-10.021
38.823,-106.158,30.848,12.614,15.368,-40.407,-17.992,-11.883,-40.938,9.236,-8.262,3.8
43.687,-25.864,98.284,33.996,0.062,-35.312,40.997,15.031,-62.9,-19.589,19.627,52.3
43.856,-33.832,92.832,81.306,24.572,-38.311,55.548,29.099,-36.567,-12.089,-20.438,51.58
38.189,-17.028,57.446,23.244,16.925,-51.421,54.955,-6.546,-16.494,-0.015,4.862,8.805
39.393,-33.766,20.551,-10.484,38.146,-11.812,19.194,-8.888,9.772,-7.778,-26.159,0.59
39.185,-110.711,41.545,18.956,35.677,-43.835,11.11,-6.379,7.131,3.982,-8.17,-16.546
39.508,-42.183,-2.386,60.846,56.89,5.833,-2.129,-39.274,2.101,-12.019,9.864,-19.379
34.702,-52.971,15.268,-14.073,33.572,-34.67,4.648,21.246,-27.974,-40.54,-4.881,4.948
38.366,-50.584,11.658,-1.02,39.84,11.651,-19.375,-16.321,-34.614,11.197,-25.773,19.573
40.264,-68.392,110.786,-62.607,29.073,57.605,57.591,35.261,-30.288,-28.258,-37.254,42.675
39.436,-14.919,13.388,40.989,37.493,-54.34,42.102,-34.899,-15.18,5.448,-2.5,45.554
44.249,15.954,107.786,74.713,-27.523,-25.798,75.207,-0.329,-58.454,-13.14,4.822,66.592
43.821,-20.874,102.596,96.616,4.613,-16.421,97.06,13.286,-30.26,0.325,-22.406,52.35
39.435,-52.439,23.814,12.315,11.724,-33.29,55.596,-15.107,-11.213,-1.014,12.221,15.479
39.122,-78.974,46.246,18.141,35.535,-59.149,27.022,-25.328,13.139,2.231,-6.831,8.38
42.324,-41.918,12.792,49.05,56.199,-15.858,0.843,-34.98,6.308,0.888,35.758,-26.854
42.073,-69.731,53.413,-13.724,46.89,-3.281,11.718,21.43,9.679,-12.978,3.167,-15.143
40.594,-125.639,37.621,33.813,26.776,-28.935,6.48,19.843,-12.081,1.369,-3.927,3.099
42.695,-21.203,28.558,36.407,61.596,-11.805,-1.041,-43.957,-19.948,18.947,-14.013,10.524
39.388,-42.174,42.21,-8.974,-1.687,-31.315,-5.762,-16.377,-19.265,4.748,-5.005,8.459
38.551,-90.193,9.526,0.704,13.076,-42.415,-13.12,-18.549,-20.425,-9.63,-9.141,-6.528
39.482,-56.074,-10.904,-3.021,33.801,-41.883,-25.265,-21.38,-22.334,9.58,-11.536,7.73
39.046,-103.901,34.083,-13.088,37.468,-36.712,-39.941,-1.562,5.886,2.968,11.147,-1.882
41.969,21.925,31.329,18.965,31.078,-35.156,-45.374,-14.967,-20.366,7.829,1.146,6.955
40.119,-74.959,-0.077,18.007,1.418,-22.027,-18.762,14.612,1.543,15.756,-7.534,-7.528
37.889,-15.343,-28.275,13.847,30.637,-38.171,-20.687,-33.398,-15.952,6.534,-10.932,12.438
38.453,-69.309,19.72,-15.187,-8.211,-32.158,-25.544,-3.822,-11.875,8.251,9.265,-6.607
39.09,-94.367,27.04,-14.911,32.058,-40.394,-18.508,-13.176,-10.637,-13.597,2.614,3.902
39.35,-64.95,34.704,-2.773,26.245,-54.452,-28.367,31.641,-18.258,-7.003,-1.699,8.829
42.592,-21.09,48.065,3.013,69.191,-6.078,-15.28,-20.459,-12.11,-43.352,-3.741,-12.567
41.404,-61.988,57.346,2.576,52.344,-51.608,3.404,13.089,5.429,-8.251,4.933,-14.441
43.233,-43.593,77.256,8.161,78.299,-21.266,-22.449,-6.555,22.365,15.174,1.918,-30.547
43.659,-17.123,78.023,25.952,51.494,-22.895,-18.656,-4.343,9.099,-6.687,-38.157,-37.311
42.487,-77.593,63.22,14.595,32.072,-46.024,13.09,45.75,0.729,17.05,9.601,-23.66
41.918,-80.389,77.859,20.115,42.916,-58.644,69.729,16.791,25.803,18.236,-9.894,-18.873
39.656,-73.954,74.951,41.093,61.367,-54.963,57.696,1.92,29.099,7.42,-14.952,-15.893
41.021,-29.491,100.836,33.87,25.075,-28.396,73.274,-1.598,6.594,-16.927,-5.748,-3.331
40.604,8.936,101.672,64.916,-47.31,-46.967,90.441,20.471,-39.881,-22.114,-7.832,19.08
43.066,-35.074,106.99,45.907,0.116,-18.797,45.329,-2.503,-55.318,-10.017,17.327,46.586
42.2,5.552,63.986,35.876,-17.945,-35.05,31.47,4.769,-60.344,-43.409,-0.18,33.141
41.7,26.452,79.892,37.509,-38.183,-29.835,21.762,-2.901,-66.263,-20.066,-8.585,28.007
41.804,42.382,44.83,35.395,-64.988,-32.702,7.151,-12.596,-71.49,0.022,-11.91,13.984
41.709,85.427,70.922,27.082,-85.26,-17.435,5.566,0.166,-74.29,-26.853,-3.093,0.064
41.52,90.645,16.705,52.669,-54.38,-32.194,-27.109,-25.261,-55.114,2.916,14.102,0.669
41.066,108.484,35.049,27.185,-87.318,-17.18,-15.863,-9.206,-49.089,-14.98,-1.365,-2.782
41.252,87.757,72.683,9.385,-92.984,-14.314,24.931,-21.527,-75.308,-8.959,-20.224,-4.264
43.304,75.636,27.745,25.153,-76.389,-26.389,-26.359,-31.344,-46.675,1.767,-2.618,-24.638
42.228,48.055,68.83,21.251,-57.817,-21.526,-14.298,-5.286,-63.314,-18.116,-10.788,-21.107
41.813,77.74,55.294,17.777,-49.577,-19.625,-23.243,-1.918,-55.221,-21.941,-11.33,-33.985
41.203,148.973,23.772,28.946,-40.791,-63.027,-47.137,-18.382,-24.204,23.742,-20.584,-3.936
42.482,169.585,-3.446,42.813,-77.665,-62.248,-40.636,-27.598,-8.987,35.929,-9.997,1.604
37.98,136.583,17.55,31.578,-76.379,9.692,-21.356,-10.938,-22.607,-10.265,3.077,-4.683
39.613,143.678,43.937,-22.324,-73.455,-19.266,-28.097,5.91,-54.213,-15.041,23.736,-20.917
41.701,57.194,41.228,-23.416,-53.683,-24.384,-10.471,-36.296,-60.376,2.779,-27.899,-9.236
40.168,27.432,73.119,36.295,-63.505,-41.201,21.177,-4.723,-90.105,-16.133,-2.165,30.614
42.775,43.376,51.187,52.21,-3.363,-38.135,36.845,-25.961,-79.793,6.282,-18.014,54.612
40.788,-12.232,108.887,38.368,-2.198,-3.773,86.77,24.645,-32.768,-5.072,11.299,35.517
38.865,-78.458,27.401,13.235,-15.652,-37.337,73.857,16.265,5.914,-9.774,-18.46,24.077
43.542,-27.118,7.41,61.023,6.075,-39.657,16.283,22.691,-13.897,-1.647,-13.366,19.129
39.101,-26.953,34.842,-1.675,62.095,-38.258,-10.441,-2.042,5.263,-8.125,-3.226,-50.884
40.119,-10.242,22.415,87.902,22.355,-28.029,13.793,23.511,9.45,6.457,-47.419,-8.365
37.244,-62.67,33.567,-50.329,26.815,66.111,3.435,-19.603,-17.911,17.61,1.393,11.706
36.71,-73.145,-32.42,43.345,2.146,-46.05,-9.52,0.631,-23.572,-3.277,-33.787,12.493
36.993,-57.792,-1.596,-69.211,21.484,4.917,7.007,-33.814,-16.015,0.683,-28.471,4.878
43.297,-69.192,60.244,65.884,40.849,-11.352,5.302,-3.252,-21.527,0.43,-16.155,8.792
40.107,-92.247,76.767,19.821,35.118,-45.978,42.086,3.789,-3.033,5.701,7.598,6.651
41.104,-41.567,75.415,19.541,18.354,-48.909,20.789,3.758,-12.5,4.513,-20.592,2.161
39.841,-68.755,69.477,38.731,15.317,-34.487,21.839,1.715,-6.397,-0.692,-28.91,3.802
39.713,38.208,-17.357,24.377,29.904,-71.835,-25.312,-34.527,-23.545,17.279,-17.783,9.757
40.548,-42.397,37.081,-33.014,52.122,-26.871,-26.661,23.545,-30.037,-20.62,12.062,12.348
41.55,-85.319,63.339,63.935,97.909,-42.774,14.397,5.189,7.635,6.641,-16.159,4.529
39.318,-47.246,36.843,10.962,78.036,8.735,27.216,1.413,-12.305,-1.431,-36.031,5.894
37.796,-46.14,72.054,-77.277,41.281,-10.582,22.243,2.953,-13.518,-4.558,-2.914,8.353
40.107,4.888,-21.75,43.41,20.326,-52.82,-19.065,-18.881,-21.487,-4.097,-21.693,11.348
40.524,-73.892,51.665,20.175,56.489,-12.92,66.945,22.753,20.6,37.052,3.019,-20.099
41.484,-75.962,55.062,51.785,33.137,-35.122,0.578,-2.566,-10.157,-13.47,-19.029,-0.441
42.597,-2.267,17.033,17.877,43.521,3.935,12.63,-63.618,-20.097,-2.201,14.687,-4.171
40.477,-64.76,34.73,45.933,36.45,-35.804,8.294,35.239,-18.702,-9.485,-14.476,5.401
37.907,-68.373,22.505,-37.895,24.349,25.677,18.705,16.047,-15.527,-6.059,-35.603,1.287
42.814,-70.033,47.055,31.373,49.947,29.504,9.95,4.68,-26.543,24.501,0.573,10.552
38.88,-43.462,27.495,32.023,42.541,-60.567,0.43,7.395,0.75,1.704,-17.261,6.344
38.348,-74.883,21.385,-23.882,27.22,20.474,12.818,46.105,-2.891,3.521,-23.367,4.829
41.284,-93.317,21.106,14.499,4.779,-34.128,15.441,2.757,-11.52,-0.878,2.218,1.477
38.953,-87.525,-0.285,-11.494,24.614,-33.935,29.657,30.16,-10.618,-1.611,-16.882,1.898
39.238,-28.873,-0.257,33.458,27.143,-49.19,-3.443,5.956,19.119,11.059,-11.757,-5.247
35.611,-2.91,-13.513,-3.055,41.781,-51.185,-32.868,-41.208,18.591,18.588,-11.595,12.172
41.341,-103.547,19.063,-16.857,29.257,39.199,33.349,21.81,-0.494,17.357,-10.186,10.645
38.347,-38.872,22.981,43.967,41.929,-46.295,12.346,-15.167,20.458,-14.964,-29.115,8.752
40.445,-80.714,13.499,10.968,16.066,28.274,22.605,6.048,-12.757,-4.097,-8.29,0.113
40.616,-6.078,-17.842,48.15,30.537,-32.594,-21.715,-22.741,14.591,15.313,-36.787,4.304
40.971,-59.592,52.551,27.531,21.419,-35.872,5.344,1.232,-19.936,-19.594,2.383,9.778
40.147,-80.164,49.132,43.211,62.212,-43.892,16.041,1.706,-4.141,-1.611,-4.196,-9.202
39.391,-37.95,-21.619,52.227,25.053,-15.403,11.285,0.347,29.946,4.759,-16.121,-9.373
41.604,64.991,-13.372,-3.725,21.693,-59.505,-12.255,-39.863,1.184,28.381,15.514,6.011
43.992,-79.165,56.902,48.01,75.683,-36.535,-34.886,-11.775,-2.563,8.766,-9.894,17.695
39.782,-53.991,6.965,23.974,45.907,-48.901,-18.13,-0.958,14.19,12.591,-14.37,11.759
41.926,-86.385,33.74,0.638,58.503,-31.747,-18.476,-9.923,1.857,6.25,10.219,14.354
40.721,-61.567,8.747,25.787,67.083,-25.183,-22.14,-18.912,2.874,-17.218,-5.19,18.459
38.056,-78.154,-32.651,-4.51,17.84,-3.14,-10.722,4.858,21.744,-7.061,-15.49,0.311
36.825,-115.112,7.408,-19.349,23.773,-35.708,-30.149,5.004,21.658,5.933,0.392,-26.144
41.434,-21.233,-27.454,32.8,32.493,-34.313,-24.849,-11.918,0.184,19.927,-33.872,-8.028
37.256,-104.118,14.09,-102.162,29.761,-6.349,9.496,-22.302,12.5,29.263,-17.091,7.007
39.362,-59.755,-0.781,-1.239,36.02,-44.805,-11.285,17.116,18.363,-7.036,-16.663,-3.018
42.959,-73.104,53.981,60.799,35.548,-18.041,-6.786,-5.406,-8.786,0.705,-10.9,0.99
43.947,-36.558,92.322,90.807,32.523,-42.851,54.745,35.807,-22.121,-6.135,-11.292,29.492
43.085,-35.779,103.556,47.898,36.606,-32.158,60.587,-3.516,-23.071,-10.168,-14.811,-1.837
42.289,-99.005,53.618,14.512,16.492,-21.728,54.919,31.017,-9.49,-1.317,-0.041,-2.741
43.636,-104.839,50.942,73.905,31.9,-33.7,29.653,11.665,-3.049,-6.373,-23.281,1.432
40.308,-82.92,40.75,15.687,46.549,-43.895,-9.237,37.206,0.23,3.463,7.768,-4.968
40.388,-97.699,57.401,32.455,76.234,-56.073,43.162,16.17,17.311,7.189,-20.147,-0.124
40.3,-81.071,23.269,29.797,38.572,-38.601,31.488,17.049,-1.074,26.906,-10.36,-17.668
40.572,-69.879,29.574,-1.663,56.877,-51.763,-17.304,14.195,29.832,15.417,-6.716,-31.654
39.818,-3.092,-7.24,37.799,56.941,-62.286,-38.783,-32.109,-7.491,34.63,-34.111,-26.168
35.567,27.308,-52.07,21.03,39.251,-49.926,-38.432,-45.447,5.266,24.572,-34.083,-25.67
37.675,-68.908,26.756,25.269,39.802,4.228,43.911,40.871,-27.712,10.358,-0.037,10.956
37.908,19.581,-5.506,81.46,32.911,-27.979,43.971,-10.533,-4.162,-13.136,15.363,12.234
32.328,-45.14,-6.797,-27.502,23.629,-27.487,80.315,-4.205,-18.681,14.908,-29.705,18.288
33.823,24.8,-39.538,33.07,16.719,-48.884,40.662,-37.929,11.131,7.714,-0.76,11.722
30.765,-81.663,-38.726,-28.982,53.144,-42.217,-17.439,21.859,7.485,7.457,-15.891,1.744
32.722,-53.759,-20.993,-22.692,66.947,-13.046,-14.964,13.007,36.4,-15.382,-22.819,-15.811
31.621,-103.956,-18.55,-18.008,86.164,-61.209,-4.04,-4.124,31.243,1.42,-18.084,-8.375
34.204,-67.557,-20.957,-59.194,40.327,11.782,8.571,-15.344,23.053,-21.764,-22.294,-18.897
35.594,-69.161,-52.906,-2.538,-15.852,-38.304,-6.328,30.376,6.88,0.372,-7.754,-4.923
37.55,-36.268,-30.477,18.229,-27.625,5.463,-3.43,5.912,-0.485,-6.762,-9.257,-6.935
34.263,-82.522,-13.534,-50.899,-6.37,-34.706,14.396,12.48,-13.384,9.14,7.537,3.155
37.856,-31.445,-18.724,-48.892,-13.798,-17.991,0.922,-0.912,-5.273,18.895,-22.504,2.448
36.951,-62.153,-35.425,-22.314,-22.775,-44.557,-3.993,10.55,-4.06,5.985,-1.786,1.839
40.207,-33.914,-31.793,-20.0,-30.289,12.287,-7.664,3.735,-19.108,1.098,11.138,9.319
39.329,-46.41,-25.437,-55.101,-24.855,-12.555,-22.133,9.578,-17.359,-11.631,-22.715,14.201
34.046,-57.617,-55.158,-12.825,-17.314,-17.83,-34.691,5.49,-25.945,-8.628,-3.174,-5.486
32.435,-5.39,-68.213,-47.524,9.888,-26.019,-14.113,19.823,-4.538,-26.741,2.678,-3.643
34.095,-38.662,-49.839,-70.402,-16.173,-12.013,-2.659,-14.729,-12.685,26.785,-16.879,5.022
41.038,-33.311,-38.215,-34.818,-17.267,-2.249,-22.333,-8.113,-22.07,-13.242,8.079,4.877
40.778,-3.689,-16.262,-29.949,-8.594,-6.554,-37.256,-5.624,-11.304,-18.917,0.89,0.539
41.509,-64.978,-26.77,-15.002,-23.41,-24.522,-5.206,-2.392,-20.598,-10.53,-9.372,-2.264
40.875,-56.134,-24.571,-50.966,-28.913,-2.234,-10.51,12.057,-16.85,-14.836,-14.767,8.098
43.159,-5.873,-19.977,3.443,-3.252,-20.218,-34.45,-13.89,-4.791,-5.407,4.476,14.115
46.299,-15.776,48.603,-17.874,42.039,-13.721,-32.912,-10.662,-5.888,-3.922,15.165,19.021
46.362,2.851,94.013,26.379,23.454,-34.073,-14.429,-3.895,-33.479,-7.297,3.652,32.874
47.96,36.704,58.921,-13.184,16.825,-3.095,-52.093,-1.329,-7.699,-10.896,20.461,19.782
45.93,0.629,62.054,-28.458,21.182,-16.612,-47.837,2.109,-8.347,-7.398,-4.949,26.46
43.552,-29.279,36.086,-3.081,22.308,-17.326,-46.448,0.042,-6.199,-7.355,-18.847,24.388
41.36,-41.887,21.857,-24.892,38.616,-20.428,-49.38,18.651,-18.378,-12.569,4.321,12.459
42.477,-67.393,38.715,-8.027,46.171,3.306,-34.744,-8.976,-8.528,-15.441,6.434,12.551
41.748,-86.806,59.905,-6.57,49.805,-25.573,-29.785,-3.455,10.968,-3.853,-7.296,-2.363
39.908,-107.325,23.868,-22.162,52.832,-22.007,-23.828,-8.038,1.979,0.291,-7.229,-9.107
39.899,-68.034,20.046,-16.54,36.653,-2.478,-48.55,-8.666,-14.934,-12.744,-7.909,14.007
36.557,-83.954,-26.296,0.298,72.202,2.649,-47.94,-12.659,-0.862,-28.317,2.865,9.046
32.977,-95.385,-39.668,-14.129,68.431,-49.087,-52.86,-19.116,-10.639,2.553,10.09,-5.263
32.206,-133.995,-31.652,-56.636,47.659,-25.288,-33.119,7.408,-5.636,-4.887,0.682,-13.733
41.173,-94.614,33.57,-40.021,43.076,0.826,-21.146,7.527,15.044,-4.232,18.14,-19.547
43.814,-55.107,29.127,-9.995,58.257,-12.304,-28.959,-18.004,11.898,22.373,-16.38,-3.921
42.966,-72.579,29.191,3.938,45.983,-25.319,-35.554,-21.27,22.81,-3.637,-12.939,-2.891
42.351,-94.609,45.414,-20.696,65.407,-30.976,-22.434,2.721,22.429,-2.437,0.837,-6.664
45.193,-1.223,49.259,3.09,17.277,-2.208,-53.627,-17.865,-22.612,-19.115,7.179,13.671
47.943,33.644,76.784,52.857,36.36,-4.829,-46.395,-24.193,-15.983,-12.559,-26.288,20.038
42.393,-45.623,51.371,-51.754,22.922,-23.268,-41.41,-7.193,-13.15,-3.225,9.3,1.036
42.137,-42.92,45.338,18.839,19.923,-7.244,-47.098,-15.568,-18.601,-16.596,-17.056,2.017
43.72,44.933,101.071,14.266,7.465,8.111,1.566,-10.771,-19.689,-20.036,6.56,-22.035
46.718,53.672,92.751,35.786,19.431,-4.971,-38.206,-16.282,-34.238,-11.828,-19.634,-12.441
42.774,-62.161,26.178,-12.695,35.879,0.106,-40.638,6.659,-14.357,-26.128,-20.149,5.62
41.123,-115.837,48.666,-11.198,53.591,-30.022,-11.733,-12.373,6.418,1.808,-0.997,-11.295
43.071,-52.287,30.343,-12.225,37.827,-16.174,-35.644,-10.866,11.734,-9.851,-1.944,-0.384
44.856,-13.523,50.895,1.105,24.636,-1.052,-32.742,-1.982,-7.609,-10.695,5.415,10.317
44.124,-46.388,35.24,-3.186,39.049,16.711,-35.399,-5.523,-4.869,-9.793,2.798,13.828
43.27,-47.408,34.192,6.292,23.906,-9.686,-43.649,-24.019,-10.462,-2.009,7.909,13.182
43.083,-15.169,11.039,-13.536,44.761,-41.371,-48.188,-45.01,-4.32,25.743,-28.763,4.231
39.297,-108.733,22.68,-18.653,49.505,-23.624,-35.778,-5.228,11.074,-0.254,0.046,-7.398
38.587,-99.339,-3.691,-25.353,81.819,-47.73,-22.164,7.805,0.544,0.671,6.114,-14.944
39.414,-43.126,-23.118,-5.401,-10.805,-13.928,-25.055,5.174,-21.186,-4.764,-21.497,18.122
35.783,-72.984,-54.553,-40.744,-18.177,-22.337,-8.055,-2.714,-16.854,8.315,-10.079,-5.62
40.361,-66.714,-7.213,-48.475,52.444,21.093,-11.616,-16.945,10.685,-11.302,22.169,-10.319
39.152,-112.476,-38.918,-8.614,4.787,-18.62,-30.682,-4.523,-0.506,-12.798,-8.783,-15.833
31.926,-69.813,-86.94,-28.351,37.581,-39.889,-24.741,13.508,-0.981,-20.373,-16.524,-9.713
30.718,-14.843,-72.016,-51.92,10.451,-58.361,-30.082,-4.351,-2.064,6.829,-0.592,-4.239
34.037,-54.155,-28.365,-43.756,51.58,-26.711,-17.28,-2.745,-2.081,10.381,-4.011,-2.91
37.552,18.467,-12.45,-57.96,29.772,-26.907,-46.828,-11.669,10.982,0.881,6.457,-8.411
47.882,21.668,62.76,28.8,35.472,-4.278,-39.366,-13.658,-1.188,0.684,2.084,11.941
43.47,-38.041,35.629,-17.304,29.392,-24.639,-31.975,-9.463,5.49,0.112,-0.484,-4.466
45.387,-16.497,10.283,-37.681,-24.214,-31.138,-27.41,-0.645,-28.685,-15.794,9.605,11.432
46.772,12.051,19.712,-13.13,-15.52,-6.978,-28.958,-4.962,-16.164,-16.69,-10.323,14.323
44.171,-6.674,5.802,-13.036,-17.043,-8.631,-23.506,-8.993,-18.039,-23.85,-8.172,21.735
41.999,-56.328,7.256,11.562,0.555,-15.069,-23.688,-9.758,-17.576,-16.394,-13.618,14.678
42.934,-27.145,-0.263,-15.501,-32.395,-12.968,-21.065,-5.092,-25.216,-15.838,3.212,9.821
43.615,-13.407,15.072,16.711,16.672,3.197,-41.641,-13.018,-1.276,-16.47,-17.136,21.463
42.095,-43.532,26.131,-54.689,-7.224,-16.728,-16.826,16.171,-26.014,-14.942,-5.823,2.151
44.513,-56.076,59.636,7.352,65.247,16.103,-26.228,-13.551,17.336,-0.344,-0.831,-6.857
40.752,-16.968,16.718,-84.343,14.617,-5.086,-7.914,-6.579,-28.795,15.37,-8.24,12.836
43.092,-44.303,28.361,13.557,30.838,-8.23,-39.292,5.155,1.54,-13.491,-15.762,2.577
40.277,-67.405,-21.734,-58.928,-13.377,-4.09,-17.105,-14.581,-17.327,-9.816,14.634,-2.512
42.089,-81.416,0.802,3.99,43.607,-22.649,-47.508,5.609,9.368,-1.634,-22.044,-9.065
37.648,-54.046,-39.897,20.502,-3.131,16.028,-12.754,12.432,-8.315,-21.518,-11.497,-2.486
38.671,-57.205,23.12,-117.415,35.5,16.23,-2.043,-25.372,2.205,-3.249,2.869,-11.193
41.321,-26.961,4.002,-26.058,-21.058,-25.255,-38.283,-4.614,-18.953,-14.028,5.656,5.66
40.448,-62.272,9.337,25.545,4.512,-45.974,-23.358,27.278,-13.774,-0.942,-4.514,13.469
43.976,-26.162,40.411,10.71,25.935,-29.053,-41.518,-8.852,5.107,-5.822,14.255,-15.931
41.986,-56.555,46.788,2.943,51.992,-21.144,-30.58,7.729,10.863,3.288,-19.851,1.876
43.688,6.996,16.746,17.994,24.77,-21.952,-46.515,6.206,-11.386,-1.077,10.454,18.488
43.754,4.861,69.564,72.45,34.444,-7.139,24.954,-4.287,-0.393,-1.591,-26.776,16.904
40.037,-82.882,5.944,49.878,40.787,14.649,-14.343,-3.604,-5.506,-4.982,-22.353,3.933
34.48,22.951,-64.228,50.945,24.417,-61.464,-28.744,-39.851,-0.555,17.768,-26.568,-7.637
29.602,1.792,-19.525,-42.568,28.106,-18.947,2.25,-12.695,12.243,-10.913,3.305,-12.909
47.043,42.293,63.812,-5.298,22.85,52.055,-35.901,-2.279,-14.427,-16.158,55.047,8.795
48.139,54.043,59.445,77.383,14.913,1.388,-45.975,-8.054,-33.181,-9.781,-52.956,1.236
46.565,-18.903,85.059,-30.353,42.741,24.079,4.197,18.264,8.527,5.141,-1.06,-53.691
50.044,95.312,113.47,9.1,-7.241,-14.18,-7.707,-0.898,-19.86,-5.753,-3.675,-27.923
48.895,88.095,83.265,29.777,-9.58,-7.113,-27.774,0.712,-33.782,-10.816,-39.61,-3.545
49.29,111.299,97.937,12.295,-21.89,-4.248,-11.091,-5.676,-37.558,-9.032,-8.623,-4.635
47.101,-12.023,73.376,33.237,3.189,-14.072,14.975,-3.856,-28.027,-9.502,-42.962,43.037
47.838,7.973,84.698,3.149,16.379,-18.056,-13.629,7.442,-22.692,-0.201,21.756,29.486
48.71,14.896,87.266,12.887,26.476,-30.845,-6.508,2.288,-22.689,-6.987,6.468,32.973
48.308,19.272,99.227,7.595,10.799,-18.674,-29.15,-2.625,-33.157,-13.106,-0.148,-11.86
48.759,58.256,59.566,29.782,-30.266,-7.121,-14.454,-4.147,-38.344,-13.452,-24.71,-2.909
48.026,-6.005,70.212,-0.953,39.66,-26.415,-24.215,-1.628,3.245,-0.302,-3.395,10.712
45.765,-30.797,55.536,0.395,39.531,-0.153,-41.081,-0.459,-5.12,-13.909,-8.164,19.247
44.381,-51.962,42.952,3.869,25.132,-17.293,-33.276,-3.615,-7.021,-11.806,-6.342,16.847
41.993,-79.791,24.027,-0.333,22.244,-26.354,-22.867,8.549,-6.706,-17.008,-5.721,2.146
43.37,-45.06,46.404,5.433,36.076,-27.893,-21.334,-10.873,-0.283,-14.961,-10.106,-7.802
43.224,-45.416,19.537,-3.718,54.85,-15.195,-16.988,-27.272,7.602,-24.266,9.737,-13.748
42.077,-75.236,5.883,5.838,16.905,-41.227,-35.646,21.707,3.062,-10.187,3.094,5.749
42.1,-34.072,-9.635,-13.955,-19.775,-23.097,-0.01,-12.726,-27.01,4.625,1.803,7.664
39.793,-70.711,-14.271,-25.818,-19.694,-25.666,12.54,7.702,-4.802,-6.262,-4.764,6.192
36.609,-34.841,-67.949,4.191,0.47,-61.143,-5.359,-39.425,-10.597,14.002,-16.565,8.199
38.851,-92.815,-5.52,-0.213,-10.348,-24.914,-11.149,21.262,-7.172,0.105,-1.249,-7.097
41.399,-37.229,-26.162,-16.173,-17.994,-6.526,-15.745,-21.045,-24.375,-13.715,-11.944,8.7
37.948,-73.723,-25.01,-33.041,-15.461,-42.192,-21.31,-2.094,-13.773,-2.648,8.641,7.911
38.436,-37.45,-55.83,4.271,-4.626,-28.618,-23.591,-38.072,-16.88,-11.927,-5.446,12.121
36.374,-49.74,-37.366,-46.219,18.434,-42.155,-8.674,-0.278,-29.937,-19.135,0.64,6.009
40.7,-59.521,11.356,-11.841,44.992,4.273,-27.664,0.956,5.6,4.591,1.92,-2.916
38.964,-26.916,-21.422,22.385,-11.476,-16.616,-32.321,-15.92,-8.278,-14.858,-19.488,11.95
32.039,-40.158,-55.458,13.625,13.937,-35.937,-6.342,-21.037,-4.96,-11.954,8.874,2.09
27.869,-34.076,-50.968,-14.357,10.391,-67.531,-4.592,-25.421,-2.019,27.867,-6.15,3.843
39.308,-3.13,1.915,-102.082,-7.31,45.951,-4.238,-13.539,-22.442,29.446,-9.07,11.236
46.494,-17.725,51.766,-9.759,53.153,-22.525,-32.322,-9.289,4.618,-3.281,6.988,-13.436
48.009,2.155,68.068,-9.812,29.363,-29.167,-19.902,1.455,-16.484,-7.664,3.798,18.341
49.346,58.497,75.383,59.167,16.988,4.009,-26.669,-3.152,-26.255,-5.821,-46.85,24.684
49.934,98.559,96.366,38.623,-5.129,-5.484,-25.326,-10.779,-30.947,-9.028,-9.234,-12.652
48.369,43.502,88.587,24.583,26.873,-27.841,9.692,-0.295,-31.078,-14.114,-5.763,15.101
45.98,3.324,92.766,0.847,18.681,-13.458,9.441,-23.839,-19.365,-2.427,-5.702,16.183
46.217,-12.061,84.687,8.718,28.374,-20.713,-10.869,-0.614,-11.917,-10.027,1.635,17.649
45.738,-8.301,67.377,-2.103,15.744,-18.166,12.715,7.012,-10.598,-6.278,-1.947,25.554
44.247,-17.275,73.797,16.071,27.313,-20.003,2.687,-8.016,-15.069,-6.216,-11.53,28.647
43.316,-84.288,44.818,2.265,43.824,-12.992,-12.708,-12.539,9.04,-8.925,-6.554,-19.585
42.1,-93.096,18.629,1.07,6.08,-55.152,-14.559,33.651,-4.862,1.179,4.577,7.01
39.669,-57.718,-18.395,-23.013,-28.545,-32.596,-12.768,4.279,-14.945,-1.661,-2.233,28.405
39.017,-45.339,-32.723,-35.182,-21.812,-26.697,-10.015,12.725,-8.343,-7.683,1.591,23.155
41.159,-123.668,20.847,43.109,24.769,-20.997,19.117,12.284,1.898,0.732,-9.07,-1.054
38.248,-97.416,-16.912,-29.458,26.106,-41.444,16.965,16.961,-0.41,-8.913,-15.86,-0.666
35.436,-45.98,-33.961,-7.784,23.581,-48.672,4.635,-20.322,-10.91,10.81,-1.289,-6.392
34.08,-46.336,-25.75,-40.156,9.776,-49.558,-1.514,-4.406,10.165,16.122,-2.034,-8.653
42.242,-25.84,-8.111,-71.575,-23.156,32.134,0.689,8.341,-12.151,7.606,27.958,6.33
47.097,-47.68,26.52,-16.339,16.097,-41.265,-9.851,21.998,2.932,1.299,12.074,-6.012
44.619,-10.264,3.826,67.361,63.319,-24.736,-31.148,-16.802,1.208,-12.766,-39.716,-5.156
48.952,45.68,89.311,4.942,30.323,14.547,3.74,-10.305,-26.578,-5.189,32.78,9.352
45.56,-15.272,65.29,-13.548,40.98,-28.432,-29.681,-0.554,15.829,-5.226,3.102,-19.448
46.424,18.855,29.284,2.967,41.511,-28.604,-30.514,-31.252,-2.629,-3.731,8.515,-23.286
44.303,-48.632,49.327,31.769,37.69,-48.266,-17.987,19.026,15.198,0.13,-10.37,-7.442
44.788,-29.927,44.548,-53.743,40.523,-11.228,5.055,-0.534,0.467,8.192,-5.012,-8.085
46.245,-19.577,42.878,0.172,57.062,-11.979,-10.326,-13.42,8.251,-22.453,-7.211,-6.147
43.596,-63.406,49.821,1.03,55.113,-16.158,-18.109,0.2,-0.168,6.606,-19.243,-7.649
38.832,-28.331,10.828,-46.383,18.68,-8.773,-5.142,1.97,-12.63,9.208,-0.508,1.81
43.83,-49.843,43.434,-0.62,30.119,-43.095,-34.448,-12.475,-8.803,-0.584,9.171,-12.287
44.857,-17.219,36.787,-22.181,48.263,-34.163,-32.761,17.751,0.201,1.031,3.189,-11.669
41.187,-39.859,3.663,26.938,20.945,-33.13,-43.392,26.909,-7.834,-5.183,-16.962,-3.223
38.9,-14.606,7.363,-26.365,-14.103,3.994,-14.317,-5.408,-19.391,-14.519,-3.162,15.337
40.095,2.871,-30.267,-37.229,0.897,-44.272,-15.419,-23.508,-37.545,13.355,-1.171,16.77
42.151,-70.51,8.087,14.71,19.263,-14.245,-0.7,26.003,-8.807,11.491,-12.684,13.313
41.171,-59.737,7.532,32.087,59.709,-7.185,-1.416,15.501,-10.619,-23.337,3.079,5.425
42.403,-31.267,22.649,-22.953,3.514,6.444,10.809,3.681,-11.2,2.837,20.779,-12.251
44.429,2.083,27.719,-34.353,17.134,-38.983,-10.578,8.775,-0.462,3.222,-13.507,-13.945
45.343,-13.499,26.364,-23.601,-18.435,-28.775,-2.721,-4.782,-28.843,-1.079,-0.054,16.915
45.536,2.247,43.003,-16.272,-10.684,-25.665,-2.369,-4.198,-12.795,-4.565,3.43,15.511
46.782,10.177,46.149,-1.244,13.144,-10.054,-22.272,-16.267,-3.968,1.131,-11.406,-6.918
46.661,-4.286,72.346,-1.198,38.724,-33.009,-28.589,-14.047,-1.082,-1.941,-3.938,-8.62
47.726,44.307,79.126,7.414,15.034,-21.951,-38.316,-9.819,-16.246,-21.159,-0.761,15.842
50.477,90.895,106.988,13.758,-4.895,-14.409,-30.93,-3.925,-56.175,-9.991,-0.351,-16.446
51.15,87.478,84.642,33.609,23.457,-14.202,-15.227,-11.688,-18.674,-15.626,-15.665,20.975
46.951,-23.099,67.441,-14.022,55.147,-18.377,-4.885,2.943,10.039,-2.641,-0.969,-17.47
46.041,-25.635,49.433,-11.402,44.249,-25.159,-1.823,-2.111,17.99,2.931,-17.613,-28.272
46.316,-25.024,32.235,17.532,46.219,-17.022,-7.14,-17.846,12.06,8.677,-10.828,-25.655
43.633,-42.96,24.961,11.008,35.439,-13.699,-30.22,-8.827,3.501,4.507,-14.79,-7.978
41.316,-55.846,44.698,17.068,39.704,-55.942,-15.115,12.179,18.287,22.321,-5.892,-26.214
43.094,-25.121,-8.594,43.397,37.984,-34.308,-35.288,-44.197,-17.635,29.957,-35.642,3.22
45.661,-27.902,46.108,-19.154,24.607,-18.461,-23.905,-13.32,-11.636,-2.863,15.967,-13.188
46.622,-43.847,32.596,8.989,23.144,-23.965,-25.41,3.12,-0.731,-13.168,-19.694,-6.093
46.345,-7.062,60.16,-12.608,34.007,-29.29,-26.482,-6.027,-14.456,-14.57,-0.325,-15.532
47.217,-37.014,42.545,-13.815,19.18,-26.458,-14.142,8.215,5.834,7.327,-6.64,-16.995
49.549,29.607,73.226,-3.742,5.83,-23.724,0.759,12.071,-17.831,-7.887,6.793,5.033
49.557,52.346,86.619,8.018,25.421,-28.056,14.357,10.708,-24.961,-7.651,-12.276,19.019
50.097,63.149,82.404,30.501,17.134,-10.45,-27.233,-6.609,-42.809,-13.0,-28.524,-7.865
50.235,102.953,80.403,26.113,-2.88,-4.601,-11.688,-22.77,-42.101,-20.07,-4.876,-15.487
49.164,11.192,91.087,10.413,23.088,-20.221,22.028,3.374,25.576,-3.233,14.394,-28.347
50.488,33.028,125.619,16.029,39.899,-31.703,33.607,0.308,26.579,14.357,-22.633,-29.389
49.76,34.3,105.942,16.011,22.557,-26.423,37.628,18.504,38.543,1.868,-12.565,-39.056
48.527,43.419,74.317,40.511,27.156,-28.734,14.855,46.777,34.542,20.845,-33.571,-20.676
43.327,77.66,38.967,-7.674,60.326,-42.79,-49.269,-14.655,39.179,19.437,-4.263,-29.681
45.643,23.355,40.31,-41.424,25.503,-26.589,-30.003,-15.384,5.498,13.745,-3.045,-14.082
48.531,42.693,60.773,-21.34,-26.22,-28.973,-3.519,6.615,-33.355,-11.319,-1.543,-10.016
50.626,51.302,72.263,10.993,17.862,-14.844,-20.542,-17.429,-33.023,-12.331,-0.16,-16.649
48.752,0.938,72.719,11.377,24.011,-21.546,-11.705,4.691,-20.574,-9.948,-8.938,4.525
47.387,60.651,74.228,18.863,-10.719,-33.415,-20.986,-3.41,-12.746,14.114,5.824,-40.389
46.755,89.063,84.511,-4.743,-31.39,-24.31,-40.425,-0.32,-24.773,-0.454,2.212,-36.297
47.422,53.649,82.28,18.469,-7.972,-20.49,-21.027,11.517,-10.292,25.152,-25.2,-39.328
48.486,18.067,108.945,-1.736,32.183,-19.733,-8.608,5.372,-7.13,19.777,-3.568,-35.572
49.831,-15.367,77.419,-0.376,29.5,-40.3,-16.009,-3.625,8.002,1.802,-8.475,-26.555
49.853,23.855,80.819,-7.866,30.295,-21.941,-15.584,-4.429,11.673,-4.582,-0.281,-22.374
49.703,8.474,77.63,-14.495,48.383,-31.599,-29.588,12.322,12.357,8.207,-10.711,-24.052
46.451,66.463,35.668,3.825,44.155,-32.492,-26.561,25.146,8.863,12.286,-4.364,9.647
46.806,76.843,71.661,-61.294,31.134,-5.213,3.654,-42.833,-5.849,18.233,-11.561,-4.329
49.1,42.493,108.305,32.6,21.033,-27.44,18.725,3.928,7.934,1.256,-14.053,-22.036
47.542,32.292,113.306,6.663,12.4,-35.971,33.766,0.359,1.475,1.224,4.021,5.018
47.889,46.437,89.187,34.383,19.502,-18.377,-4.555,5.021,2.456,-14.367,-10.6,6.359
46.77,65.995,91.293,-10.617,5.769,-20.691,-9.876,2.12,-24.883,-6.528,3.968,-1.748
48.153,65.742,62.104,-4.584,6.903,-20.118,-14.412,4.112,-24.752,-4.22,-8.959,3.165
51.217,42.509,108.069,28.781,31.71,-24.962,-11.006,-18.223,2.202,7.823,-10.714,-37.657
49.407,46.89,106.177,2.204,11.029,-21.37,-6.477,10.157,-22.793,-6.23,-3.941,-25.172
51.347,61.203,104.868,7.993,10.286,-22.225,-33.035,-8.22,-36.107,-8.378,4.081,-20.262
50.803,57.358,111.891,18.034,29.245,-19.114,-9.701,-22.579,-20.604,7.164,-14.434,-31.067
50.368,0.521,92.827,10.968,75.239,-32.259,-7.535,-11.169,6.072,1.743,-9.091,-50.535
49.417,25.308,79.142,-23.839,20.4,-20.829,-16.383,18.953,-22.044,-18.82,4.512,-16.02
48.873,34.19,91.994,-13.558,20.853,-28.644,-8.112,14.263,-26.405,-16.759,0.596,29.015
49.86,31.9,75.532,5.165,16.967,-23.623,1.628,-7.205,-29.524,-7.123,-3.535,17.987
46.375,11.723,56.236,4.785,2.589,-26.152,-13.701,0.573,-24.199,-5.363,-5.612,13.726
45.786,5.19,69.592,-9.014,17.257,-27.705,-1.43,-6.743,-25.479,-3.325,4.205,11.856
43.498,-5.775,34.357,79.316,26.104,-33.315,-16.876,5.162,-6.681,-9.458,-33.915,10.886
42.997,-17.002,63.878,-72.521,34.197,11.229,11.256,-4.997,-23.039,28.252,11.976,5.546
46.341,-50.968,63.333,-5.43,39.17,-27.27,-12.782,3.299,-6.161,-9.896,-5.53,-12.232
45.731,-37.142,50.615,-25.643,32.647,-12.709,-28.032,4.87,1.164,1.657,-0.168,-11.53
44.424,-51.524,35.889,11.449,34.345,-21.553,-30.75,-15.771,2.201,-0.203,-7.352,-9.905
42.457,-29.088,28.339,-49.763,10.62,-21.756,-11.994,37.84,0.896,-13.904,10.978,14.758
44.376,-21.953,-30.7,-31.478,-11.445,-17.141,-20.538,-28.33,-21.397,-3.206,-8.937,10.945
40.213,-75.638,-22.567,-22.993,-19.638,-30.579,-27.945,7.086,-17.354,0.085,-6.048,8.823
37.86,-78.448,-29.754,-59.874,-14.558,-28.437,-21.093,3.17,-16.548,-2.905,0.537,11.069
37.582,-98.496,-43.47,-5.577,-1.44,-38.647,-9.665,6.603,-21.677,-14.846,-7.643,19.657
35.317,-105.349,-30.13,-55.53,-12.991,-17.498,-0.867,6.796,-12.715,1.856,12.019,-7.215
39.188,-81.999,-17.967,-25.317,14.745,-29.392,3.611,53.256,-16.153,-2.199,7.601,-4.008
38.433,-50.506,-23.023,-10.321,13.371,-44.25,24.84,5.201,-28.698,-2.502,-6.496,10.539
36.149,-49.44,-53.936,-23.696,23.668,-46.278,8.766,7.051,-25.497,-10.749,-3.718,8.643
34.107,-28.5,-62.549,-47.734,9.979,-42.069,-5.019,-18.217,-19.725,-7.882,-4.774,11.311
35.035,-28.939,-65.066,-59.139,24.264,-35.22,0.025,0.473,-20.005,-18.835,1.947,13.544
34.664,-74.136,-38.828,-49.997,14.373,-28.047,8.489,0.534,-18.664,5.189,-15.783,10.372
33.789,-92.619,-55.239,-24.809,21.178,-32.945,5.273,6.987,-16.542,-4.544,-14.819,3.538
33.386,-66.654,-36.096,-29.897,-6.177,-35.08,4.872,16.195,9.24,0.22,-8.494,3.037
35.476,-94.016,-2.999,2.365,31.821,-33.682,25.307,45.185,-4.348,-0.214,-10.144,-11.907
32.847,-39.444,-43.545,-34.757,22.541,-33.4,18.874,1.061,-7.16,4.801,-14.053,10.621
33.162,-72.666,-17.731,-33.197,33.827,-32.672,28.367,7.287,-0.917,8.983,7.461,2.4
33.085,-20.729,-33.18,-26.063,22.231,-51.401,29.833,20.653,-15.444,-2.357,0.588,24.41
32.832,27.452,-44.126,-29.635,-23.87,-43.287,-17.608,-5.499,17.135,6.563,1.157,18.633
31.938,5.254,-36.498,-16.563,-9.232,-14.196,-12.161,-5.339,12.91,31.199,-36.768,20.667
27.315,-43.552,-37.368,-23.012,4.712,-30.713,-24.127,2.551,13.371,14.705,-12.588,-3.194
25.091,-46.094,-44.276,-29.744,2.25,-40.008,-6.491,-2.171,3.225,2.735,-14.115,-2.038
23.883,-43.57,-47.88,-41.386,4.733,-36.365,-2.875,-3.517,-0.315,4.942,-8.786,1.374
24.029,-40.374,-54.555,-28.341,12.756,-35.791,0.612,-4.458,4.92,8.029,-20.442,-5.767
19.931,-36.12,-68.182,-14.031,26.881,-38.975,-9.742,23.507,22.745,-0.34,-24.16,-1.513
14.127,-43.938,-106.805,-35.637,29.78,-51.067,-18.845,18.569,15.064,-3.026,-12.76,7.085
5.583,67.547,-70.933,3.403,47.336,-62.593,-10.728,67.968,11.553,-10.936,-0.46,-29.041
