0.0,171.13,9.469,-28.48,57.491,-50.067,14.833,5.359,-27.228,0.973,-10.64,-7.228
7.443,144.411,105.124,-84.089,54.478,-7.595,-4.993,-15.127,-23.461,24.645,23.689,-58.596
15.395,179.453,151.918,10.681,17.66,-20.792,-17.037,12.829,-38.665,-5.013,-4.089,-45.355
18.905,174.555,178.895,-14.875,33.972,-15.591,-6.666,-21.82,-45.362,6.521,-6.429,-41.118
24.055,128.151,150.09,6.775,93.866,-13.861,-68.127,1.108,-6.235,4.989,1.188,-39.007
26.587,155.224,171.453,-5.757,84.705,-16.525,-62.369,-27.671,-23.044,7.739,1.082,-38.072
29.967,146.976,162.946,8.155,105.214,-23.029,-70.925,-10.776,-13.438,4.119,4.507,-33.455
31.918,149.955,155.352,10.349,111.406,-20.996,-88.693,-18.476,5.255,8.254,-1.712,-29.27
33.604,141.742,173.693,26.344,103.925,-16.179,-76.487,-10.387,-18.546,-0.204,0.144,-31.644
34.405,163.353,200.971,48.167,98.566,-14.721,-50.748,-3.381,-16.361,-2.688,1.581,-23.641
36.03,145.385,195.203,23.529,137.976,-17.587,-37.29,-17.039,-5.288,2.238,3.578,-6.554
38.411,120.143,177.511,23.335,123.739,-17.723,-57.655,-4.365,-18.984,-0.545,5.665,-21.209
40.322,112.305,195.025,14.486,111.38,-18.307,-54.96,-21.642,-21.39,5.437,1.509,-24.658
40.831,133.173,199.197,16.451,126.568,-11.588,-40.328,-21.443,-11.442,16.893,0.97,-7.459
43.805,130.198,213.997,41.381,148.517,-31.801,-15.377,13.878,11.431,6.559,8.969,0.985
48.099,86.781,124.49,23.829,95.655,0.23,-2.827,-38.075,-16.363,29.162,-25.911,0.876
50.259,15.408,59.192,-9.488,32.021,-33.858,-28.672,5.215,0.28,4.967,-5.32,-10.082
50.772,24.927,61.65,12.944,24.201,-54.396,12.144,2.637,11.684,13.521,-2.678,-37.131
51.927,54.191,26.451,20.163,30.092,-46.583,-2.529,-14.646,2.371,-3.056,1.524,-18.239
51.336,3.933,5.05,-17.061,-8.795,-70.839,-18.394,6.292,4.134,19.213,-14.54,-44.06
49.679,20.192,49.622,23.971,10.437,-36.532,-17.23,38.347,-9.724,6.602,-0.495,-50.346
50.32,-4.8,62.973,-1.579,34.46,-39.182,-28.14,7.335,10.633,15.539,-1.34,-46.803
51.589,5.599,34.454,22.685,9.26,-49.388,-17.876,21.289,-5.993,14.459,-5.537,-51.164
49.483,36.856,75.747,-8.828,22.234,-8.746,-9.697,-23.541,-20.313,20.752,-13.815,-37.972
51.961,30.218,38.43,-2.573,31.837,4.458,-5.445,-2.756,0.757,-7.101,-8.411,-39.045
49.244,25.947,7.653,-18.252,8.056,-31.69,-6.669,-0.01,14.121,11.201,-11.957,-41.554
48.369,33.428,58.189,0.31,21.305,-26.5,-15.109,-6.206,-4.975,20.821,-17.349,-41.748
50.77,-6.694,11.948,-21.08,7.788,-62.577,-3.988,-0.205,-2.951,17.176,6.712,-21.295
50.214,22.427,64.205,3.881,46.3,-30.233,-31.535,6.456,-5.464,-2.923,-10.519,-29.429
51.597,15.127,111.51,-5.087,44.65,-23.313,-23.445,-5.15,-15.474,8.999,-1.872,-32.599
52.564,67.535,23.176,-1.09,24.254,-52.83,-22.48,14.505,-15.793,-10.353,0.599,-11.394
51.745,37.921,97.525,19.833,29.953,-40.489,-9.804,18.356,-11.52,5.719,2.712,-22.395
51.271,29.44,29.529,-14.742,-31.738,-59.024,-2.629,5.817,-19.401,-3.788,-12.578,-31.954
51.577,31.717,26.29,4.909,-10.0,-57.873,-22.548,26.171,-12.424,9.126,-10.231,-30.619
49.582,75.049,75.575,-3.192,-17.086,-35.269,-2.823,-3.417,-37.401,14.09,-8.963,-32.485
52.573,45.282,25.067,20.997,4.169,-41.568,-4.833,-30.374,-18.42,3.354,-18.62,-15.504
49.452,-11.885,0.774,6.773,4.401,-62.272,-12.001,-14.878,-11.113,11.181,-21.7,-26.885
47.124,11.618,40.432,6.82,13.612,-46.516,-18.225,-4.584,3.171,7.945,-8.477,-16.812
50.538,22.706,62.696,-1.287,23.986,-0.219,-18.382,4.649,17.06,9.391,23.458,-37.791
52.147,64.061,10.03,13.798,30.858,-42.358,-1.827,19.514,-4.976,1.504,2.725,-1.968
50.032,33.374,77.813,34.148,34.287,-36.263,-9.964,-7.117,22.912,12.971,-6.787,-28.053
49.379,-13.791,6.308,-6.696,-14.565,-70.621,-17.105,-4.293,-10.636,17.356,-22.236,-39.64
47.083,-20.107,43.231,-17.388,27.645,-39.278,-46.434,-5.815,14.391,-5.224,7.664,-33.785
49.792,-12.285,23.338,14.352,-1.147,-55.837,-18.381,-5.639,-7.921,22.857,-15.639,-41.243
46.863,-10.614,49.707,14.146,16.483,-48.543,-22.018,-7.663,8.108,18.847,-7.549,-32.707
48.667,14.553,45.739,-19.143,21.203,16.201,-10.492,-0.795,1.009,-18.986,-22.954,-25.511
47.925,0.54,47.71,-42.027,33.824,-7.711,-25.041,12.345,16.221,-17.906,-7.628,-24.521
49.437,28.184,97.595,12.711,29.272,-38.031,-20.935,-13.731,-7.501,5.818,-4.461,-24.759
51.332,50.501,36.431,9.432,28.886,-25.71,-6.519,-12.923,-0.61,-12.498,12.983,-15.925
50.011,1.227,18.038,-9.418,-13.842,-76.715,3.156,1.322,-17.113,12.66,-2.891,-19.646
50.429,-7.174,9.897,-0.169,2.996,-53.861,0.029,-13.788,4.855,16.116,-11.764,-30.223
53.419,56.575,52.872,-38.224,13.394,2.533,-14.147,-17.498,-17.204,-5.269,2.638,-19.03
54.579,48.028,30.945,-24.83,-22.858,-24.218,-43.641,11.727,-14.44,-23.412,5.533,-18.755
55.146,46.241,32.527,7.365,-4.753,-21.779,-26.85,-35.926,-19.743,1.989,-15.949,-15.159
51.846,17.612,5.814,-10.826,-3.854,-34.312,-46.066,-3.423,-20.192,12.486,-9.851,-9.591
49.303,-28.296,5.815,-10.68,15.091,-13.866,-3.985,4.866,-40.308,-4.364,-15.747,-9.152
44.139,-29.661,-11.286,18.042,9.015,-12.841,-10.384,-23.213,6.592,-28.109,-37.754,4.534
41.301,-115.679,5.378,-34.81,9.759,-29.067,-29.809,1.73,10.276,-0.899,-4.109,-1.878
41.053,-121.282,-2.896,-28.502,-3.102,-30.421,-46.554,-2.065,-9.234,-4.111,2.596,-2.886
40.428,-121.751,-11.575,36.41,5.175,-15.858,-34.555,-18.32,-12.364,-14.297,-43.282,20.592
34.502,-190.563,-45.249,-35.485,6.175,-44.067,-25.295,-10.963,16.456,4.991,15.053,-0.071
37.165,-146.574,-16.018,-50.83,4.466,-42.44,-27.42,-9.122,12.152,-4.283,-4.554,1.899
39.411,-79.585,-0.325,-59.505,8.482,-34.52,-52.569,20.953,-11.804,-15.937,19.453,-15.766
40.845,-16.65,-22.839,-3.807,18.585,-21.51,-42.317,-5.591,-7.168,-15.269,-15.563,4.298
47.077,69.832,-47.589,-29.734,17.904,2.395,-45.23,17.085,-17.485,-11.944,0.213,-15.424
48.896,53.794,-22.576,-99.347,47.505,-3.559,-11.069,-25.402,-18.368,7.175,-25.373,-1.455
52.04,18.728,0.408,-1.874,9.181,9.537,-58.778,-51.31,-7.768,3.193,-35.217,-31.744
48.67,-72.336,8.138,16.35,15.624,8.033,-24.561,-15.27,-13.877,-24.467,-67.873,10.079
47.439,-57.977,85.366,-124.513,48.107,66.231,-6.235,57.137,14.856,-59.269,-20.64,-22.05
50.026,61.195,-0.752,-16.366,0.342,15.974,-69.65,-37.787,0.939,-21.041,-23.762,-33.841
45.613,-51.14,-14.526,-51.698,2.53,-23.272,-21.712,-6.907,-23.096,-6.774,18.531,2.37
50.56,42.995,1.522,-21.315,29.006,-43.392,-15.672,19.612,-50.021,-27.485,16.31,-8.145
52.201,122.168,4.769,-8.707,-19.396,-0.079,-59.839,-24.045,-34.152,-25.417,0.134,-17.723
53.175,66.911,40.542,-21.778,8.196,-8.17,-59.889,-16.728,-38.169,-13.314,-7.182,-18.69
52.254,29.611,32.889,-10.182,24.493,0.648,-18.688,-9.51,-13.156,-11.562,-24.633,30.95
51.712,-9.65,28.267,56.787,21.539,14.548,-5.672,6.401,-26.248,-33.032,-35.625,11.927
53.483,3.902,75.14,17.677,0.889,-27.844,-3.078,1.69,-27.252,-14.687,1.638,-3.523
51.551,-20.105,64.749,23.08,4.801,8.748,-11.714,15.333,-39.009,-26.534,-14.418,1.576
48.759,-31.373,22.501,-21.113,13.152,-10.189,3.912,4.6,-23.286,-34.797,-22.077,-8.022
43.959,-36.756,29.948,35.91,32.086,-23.653,0.123,-42.914,-14.32,0.671,-26.917,16.004
41.124,-118.36,24.164,-13.496,12.228,-29.049,-20.279,-17.285,-6.978,-17.133,-10.202,11.349
41.031,-132.062,12.511,13.868,13.638,-27.268,-8.789,-16.123,-0.766,-18.705,-21.079,10.78
39.165,-152.663,11.246,-37.918,22.081,-43.271,-24.054,19.141,7.57,-9.216,8.448,2.765
41.382,-85.494,-16.827,-41.881,30.749,-15.662,-13.155,-21.108,11.454,-17.701,-18.771,-2.99
45.441,-25.548,-9.199,-76.855,15.591,-4.309,-15.255,20.462,14.595,-12.687,34.219,-6.499
52.602,33.481,-2.45,-74.853,16.635,7.732,-43.851,17.631,-8.586,10.722,-3.117,-19.106
53.754,83.232,-1.676,-8.887,-10.106,-1.356,-53.871,-46.525,-11.922,-10.908,-34.345,-26.83
47.941,4.497,-48.024,59.449,61.802,-34.443,-31.448,-59.693,4.928,-43.581,-40.746,3.239
50.974,-19.687,26.067,-43.899,47.915,-9.179,5.558,-12.405,-4.677,9.179,-9.73,8.319
51.427,7.352,24.008,-5.707,25.446,-21.382,-71.713,-13.409,-21.553,-17.463,-12.916,-25.381
45.647,-20.327,-14.736,19.081,13.577,-3.203,-55.809,-34.207,7.018,-6.884,-47.903,1.377
38.894,-159.975,-4.33,-58.236,47.805,-25.065,-15.63,23.8,15.551,1.393,8.105,8.429
40.145,-95.602,-8.104,-44.218,41.129,-39.014,-22.017,-19.607,14.901,-1.696,14.085,-3.907
42.144,-74.976,7.288,-47.105,41.047,-39.556,-24.396,19.996,24.402,-4.001,-11.339,9.829
49.5,24.175,45.798,-111.857,37.664,58.648,-27.831,15.078,10.424,-26.811,-19.076,-22.708
49.338,55.824,18.49,-120.423,10.957,37.792,-40.033,28.779,1.481,-13.062,-22.729,-14.612
50.925,39.31,-7.904,-49.558,21.889,-27.213,-25.059,-8.381,-18.561,13.501,7.847,-16.085
52.846,38.981,22.388,-26.844,-6.551,-21.522,-42.247,-11.955,-9.402,9.533,-12.007,-15.663
50.11,0.467,36.449,16.46,1.718,-27.97,-27.506,-4.681,-25.318,5.032,1.789,-26.489
47.199,6.895,43.687,2.341,8.545,-53.538,-35.387,-1.794,-5.581,-0.662,-6.768,-32.636
48.015,-4.012,35.347,-12.862,38.346,-33.325,-36.172,-3.611,2.192,12.521,-2.775,-28.516
46.659,29.008,31.235,-25.347,-25.57,-14.318,-31.586,-1.203,-25.903,-4.177,-17.234,-22.354
46.067,29.62,48.568,-36.403,23.285,-17.069,-27.76,-14.515,-3.246,11.946,-14.901,-28.217
47.565,-4.449,42.665,-14.478,4.644,-35.972,-38.943,12.636,-11.267,10.386,4.649,-27.75
48.263,4.243,34.076,-9.868,-1.918,-42.765,-30.266,2.652,-12.826,-9.045,-8.042,-16.669
47.827,-1.506,30.87,-16.621,-6.983,-18.087,-31.337,3.212,-30.394,7.435,-5.939,-21.181
48.311,1.932,37.31,-12.035,4.545,-35.443,-27.147,5.606,-2.898,-1.54,-4.778,-15.223
48.831,22.283,58.994,12.17,-2.884,-40.717,-8.172,15.835,-22.719,-3.08,3.249,-13.736
48.551,20.309,43.885,-18.709,2.584,-19.674,-21.019,-7.736,-18.583,3.778,3.247,3.567
48.792,-6.448,15.884,-13.15,-9.85,-43.902,-38.646,-10.032,-33.024,-10.176,-5.698,-8.118
48.941,0.012,21.567,-26.685,5.435,-21.096,-31.965,-4.219,-25.974,-1.099,-1.456,-8.031
52.8,41.703,13.141,-41.086,21.473,14.08,-35.299,28.518,-15.749,-53.858,-3.973,-11.576
54.399,90.984,7.214,-4.614,11.49,-23.346,-28.091,3.175,-51.118,-16.574,-11.949,-26.05
51.824,111.361,-16.492,-42.69,11.719,-3.148,-38.55,-49.774,-40.554,8.379,-33.987,-24.585
53.927,20.482,60.792,19.947,88.325,-6.677,-12.834,-0.641,1.811,-20.126,2.527,32.692
50.953,0.479,27.946,25.32,34.199,-28.236,-30.855,-11.907,-17.99,-15.082,-8.83,27.173
50.484,21.019,41.545,-50.834,-3.414,17.083,-46.444,17.644,-26.01,-37.93,4.785,-9.476
51.681,53.132,10.021,7.551,22.212,-10.959,-47.615,-7.128,-16.607,-11.878,-21.044,2.027
47.047,18.575,9.004,-10.884,16.675,-27.387,-55.586,-23.765,-13.486,10.641,2.198,9.024
45.8,20.928,-9.848,-36.827,4.115,-16.883,-54.386,-5.309,4.785,-4.23,10.899,-0.684
46.503,6.519,7.68,-21.424,21.064,-22.232,-40.05,-12.864,10.339,-7.53,-8.473,-4.983
46.914,9.622,15.988,-21.999,-2.42,-29.125,-42.76,-6.454,-1.789,-9.053,-9.564,-5.441
46.872,20.337,6.243,-45.778,20.02,-28.526,-53.987,-19.73,8.589,7.588,2.288,0.626
48.943,-4.876,-17.483,-42.027,44.85,-35.476,-52.248,-1.862,-1.549,16.499,9.044,8.096
52.618,7.949,28.835,-47.487,74.146,-8.837,-48.642,51.067,-3.968,2.068,-12.524,2.885
51.763,74.906,-3.089,-30.149,22.552,-15.587,-56.074,-40.698,-18.045,23.315,-27.918,-13.168
54.093,14.708,32.362,17.713,70.373,1.791,3.053,-7.893,23.184,-5.977,-7.094,18.343
51.977,27.295,10.641,13.507,13.981,-20.501,-19.472,3.591,-7.214,-24.308,-13.868,20.177
51.209,28.888,7.269,-48.754,6.445,-0.138,-50.362,7.782,-1.445,-12.246,-2.348,-12.059
51.973,31.408,2.381,-30.84,17.329,-22.059,-38.694,-20.193,-3.457,4.616,-17.601,-1.673
50.279,50.15,-14.404,-23.982,3.486,-23.697,-44.491,-14.493,-13.801,11.517,-24.678,-23.094
44.806,-27.202,11.798,-23.714,-10.675,-43.216,-16.953,1.812,10.203,17.118,0.094,-31.721
50.269,20.313,27.625,-50.354,6.859,16.279,-42.691,-0.745,-1.337,-0.588,-12.075,-40.961
50.964,77.607,-23.313,-47.859,-4.334,4.354,-56.291,-16.083,-26.801,-13.832,-23.917,-23.364
52.204,17.358,28.57,-36.555,55.076,0.357,-24.352,18.625,19.334,-5.085,-13.247,13.356
54.083,63.346,-16.901,-59.022,22.088,12.466,13.247,6.829,-6.914,5.15,3.721,3.913
57.1,83.576,2.326,-17.17,21.41,-16.934,1.406,8.369,-16.483,-10.037,-16.147,10.216
54.725,101.117,-3.627,-43.537,55.225,-38.163,-4.171,10.237,2.096,6.819,-9.992,-10.843
55.617,94.416,-9.565,-2.745,26.98,-46.249,-3.067,-26.544,-19.913,14.661,-14.043,13.412
54.311,36.87,10.849,3.707,41.475,-32.176,-24.297,16.675,0.121,-10.585,-1.364,20.515
53.598,98.604,-19.823,-44.27,51.151,-33.234,3.064,-40.253,-25.695,8.637,-4.573,-17.284
53.741,48.48,-8.768,-6.323,44.518,-32.641,-12.617,-7.706,-20.736,-8.989,-8.638,2.332
55.712,57.717,-2.536,9.498,26.298,-35.451,-29.346,2.661,-20.227,11.766,-11.868,-5.704
54.318,74.161,-2.687,-38.912,7.277,-22.161,-4.513,-0.451,-24.244,3.214,-9.968,-7.871
54.368,18.814,16.374,-21.762,43.264,-31.631,-2.787,8.972,16.576,9.725,-20.277,4.438
54.947,135.349,-3.685,-59.785,41.72,-16.509,1.636,-57.623,3.407,2.112,-1.774,-17.693
54.013,80.569,4.409,-35.695,58.368,-53.944,-4.308,39.362,-2.474,-12.732,-0.98,-23.516
55.199,72.584,4.255,6.7,30.271,-49.202,4.863,-33.22,-18.828,10.148,-19.848,15.778
52.616,31.598,-15.379,-4.246,-21.132,-37.906,-0.312,-16.794,-0.745,-4.323,-2.724,-4.533
54.107,74.719,31.249,-25.386,17.838,13.44,11.58,-11.06,-15.496,-32.345,-9.626,2.858
52.29,103.146,10.329,-36.542,44.07,-33.415,19.997,-37.741,-36.441,-6.868,-14.343,2.945
53.79,26.682,-7.879,-21.181,24.65,-36.898,-10.476,-8.331,-24.443,4.822,-9.533,22.858
54.107,52.618,3.348,-30.998,22.047,-21.542,-27.337,-6.415,-29.296,-13.442,-5.58,-22.948
56.126,75.482,15.598,4.645,12.244,-3.203,-24.604,-2.722,-17.611,-7.483,-17.034,5.76
52.991,60.213,5.363,42.579,-21.717,-34.0,-2.456,-15.097,-26.604,23.338,-9.518,-14.46
53.974,76.243,-11.358,-15.887,29.515,-7.185,10.129,3.896,-16.903,-18.765,10.123,-4.144
56.233,40.361,39.613,-50.847,26.556,-32.993,12.85,29.866,10.426,11.774,7.121,-4.654
53.874,64.999,20.013,-27.399,25.592,-27.027,11.033,37.078,10.152,-18.01,-17.38,3.896
54.26,54.904,22.998,-12.834,23.533,-37.505,-12.023,4.979,-10.856,18.557,-14.286,-15.962
53.171,50.832,-10.971,-42.65,-6.004,-54.622,-3.569,-17.927,-26.969,17.294,-7.875,-14.103
54.244,42.509,13.764,-26.85,19.47,-25.398,-20.861,-11.745,-28.177,-6.576,-7.484,1.13
55.216,41.952,15.349,-25.236,25.577,-13.27,-15.699,-4.36,2.337,-23.72,-4.441,8.713
56.335,45.35,47.414,-1.379,7.868,-27.316,-6.7,7.898,-16.389,-1.195,-1.388,-15.282
53.711,37.519,41.459,-45.539,11.747,-0.148,-3.292,3.68,-1.322,3.451,-9.838,-38.873
53.267,96.054,-8.677,-0.201,22.779,-34.728,14.367,-44.726,-8.518,-6.961,-32.032,-3.712
51.415,33.145,8.253,-21.337,8.452,-56.104,9.107,-1.569,-11.546,7.474,-4.73,-3.51
54.293,74.289,0.542,15.353,25.677,-35.923,7.69,0.382,-1.617,5.323,14.839,-1.125
55.175,47.769,46.018,21.624,7.052,-1.405,12.284,3.743,-1.398,9.424,-30.656,-16.389
53.406,58.6,73.0,-15.551,2.037,-2.048,-12.835,-5.183,-13.881,-0.125,-0.251,-24.6
52.851,141.15,-6.008,-1.243,26.894,-19.022,-1.884,-70.446,-6.426,7.33,-41.82,11.723
52.399,9.617,-3.48,-4.405,5.35,-45.822,-8.748,-10.89,-20.112,-0.606,-4.959,-3.237
51.878,31.741,-8.244,-27.409,18.794,-42.407,0.916,9.328,-36.722,-8.707,4.28,-6.511
55.172,62.576,-4.781,-30.764,12.984,-8.298,-37.342,6.94,-14.883,-13.797,-1.351,-4.953
55.622,104.87,14.483,-20.14,-11.808,-10.59,-24.164,-13.713,-15.996,-17.408,-1.851,-26.527
55.427,71.486,18.627,-32.555,-8.705,-40.94,-12.291,10.057,-10.157,10.255,-17.516,-24.533
54.743,103.432,2.181,-8.753,23.527,-28.899,7.113,19.818,-7.547,6.23,12.925,-0.967
55.056,50.57,6.743,-33.39,37.555,-30.489,-7.861,-18.06,-3.527,15.868,-8.804,-5.366
54.705,65.0,34.51,20.346,52.374,-39.284,-0.011,44.461,-9.418,-7.806,-12.395,14.139
53.414,63.078,-19.211,-41.844,25.955,-37.844,-6.674,-28.656,-14.339,39.581,3.52,-13.227
54.624,44.351,-3.11,-24.228,40.133,-37.643,-28.993,-18.662,-11.241,-3.214,-8.113,2.797
55.158,20.51,45.212,-30.916,33.845,-22.802,-22.815,-5.58,-10.216,3.621,4.504,-9.64
55.617,71.503,20.094,23.04,22.067,-24.034,-38.593,-0.069,-20.595,-8.662,-12.232,-24.014
53.227,44.432,5.899,-17.041,-11.354,-23.702,-10.723,-13.794,-30.361,15.871,-2.092,-5.493
56.198,94.511,13.583,-30.156,-2.083,-24.115,-31.008,-11.285,-6.38,7.52,0.316,-8.51
57.149,105.78,10.895,10.609,-10.338,-24.221,-6.891,-20.775,0.083,0.67,-13.75,-0.154
52.796,60.494,26.265,-28.581,25.934,-13.943,7.169,29.292,2.971,-22.56,-19.381,17.002
51.924,33.293,19.894,20.246,19.542,-39.471,7.778,-7.844,-24.643,19.335,-5.1,7.213
54.222,86.404,8.879,-4.836,-4.016,-27.285,5.111,-42.233,-15.623,22.055,-3.55,1.003
54.713,37.456,37.048,13.94,33.89,-12.677,8.195,5.741,6.415,-8.695,-9.388,21.563
52.594,110.423,-15.995,-26.959,54.354,-34.737,20.172,-45.623,-37.497,-2.345,-23.25,-7.734
53.319,41.462,-14.049,-20.277,31.918,-36.918,-12.779,-28.293,-25.642,1.692,-2.902,2.234
55.819,70.265,5.592,6.085,9.357,-31.123,-42.12,11.766,-24.66,3.4,-10.075,-8.932
53.196,51.211,-14.05,-5.575,4.483,-28.09,-16.66,-40.678,-42.699,16.015,-19.935,7.309
54.556,61.009,-3.49,-5.143,-14.693,16.873,-32.944,-26.268,-0.554,-24.102,-12.359,-15.374
53.029,32.303,40.856,-77.068,27.358,20.953,2.968,24.57,7.666,-21.561,-14.292,-24.345
54.091,78.489,2.269,7.506,18.149,-60.043,3.211,-10.787,-19.779,11.309,-13.513,-4.083
53.405,52.848,-13.036,-42.281,44.833,-25.385,39.756,-52.443,-27.1,24.296,-28.278,-30.284
54.101,14.857,42.457,-2.36,23.352,-35.333,6.202,47.509,-2.188,6.663,-13.45,-6.769
52.763,58.376,-7.914,-27.603,16.415,-35.794,10.07,-42.423,-44.391,37.882,-2.882,-18.918
53.529,17.144,20.429,-24.705,31.463,-22.884,-16.08,-10.856,-17.227,-5.089,2.773,-2.205
55.699,43.084,24.273,-24.789,16.684,-13.832,-7.398,-10.883,-9.645,-18.9,22.492,-13.736
54.097,25.01,44.372,-40.805,11.992,18.505,-1.838,7.664,-2.822,-11.497,1.688,-27.975
53.385,76.364,-0.817,-20.539,21.461,-10.869,9.432,-2.187,11.122,-43.474,-26.112,-2.461
51.48,20.819,12.087,-2.849,16.344,-38.638,16.377,-6.929,-9.66,2.872,-2.068,-1.001
50.997,22.894,11.526,-8.571,18.584,-41.776,9.119,-10.316,-8.374,3.181,6.356,1.602
53.458,70.979,18.23,-5.225,34.392,-0.167,9.927,9.24,-0.843,-21.728,-4.774,7.437
55.1,48.45,38.923,-0.322,15.685,6.777,15.955,9.068,-2.33,5.486,-17.929,-8.569
53.043,61.838,53.446,-25.976,13.961,9.279,-9.622,31.996,-14.305,0.023,-10.115,-18.455
53.09,43.849,-28.32,-14.351,-18.988,-72.277,-0.68,-27.344,-7.299,37.958,-20.165,-1.288
53.625,47.347,-3.391,-18.675,-5.558,-18.666,-29.432,-6.207,-8.463,-15.035,-13.002,-10.642
53.99,7.251,28.267,-40.202,33.242,-21.492,-47.829,7.412,-35.5,7.202,6.716,-20.966
56.171,53.162,-1.499,-3.698,5.108,-43.053,-43.863,-7.293,-17.501,-3.862,-9.541,-3.547
54.804,44.823,2.285,-26.215,-11.522,-16.958,-42.226,-5.869,-8.495,-2.664,-6.812,-17.161
54.289,51.309,19.394,-20.913,12.41,-10.525,-12.855,-9.895,-15.946,3.784,-19.79,-17.442
52.486,45.271,12.319,-40.076,16.303,-36.407,-25.024,-10.277,-3.032,11.192,0.613,-11.019
53.268,66.663,51.185,5.638,42.564,-42.407,0.831,-6.943,6.516,10.954,4.184,-18.705
52.628,51.06,46.362,-12.07,9.3,-22.598,-14.626,13.002,3.093,7.525,-16.932,-51.459
52.167,55.008,74.713,4.095,34.106,-22.036,-24.706,-0.79,-8.186,7.621,-8.604,-44.024
52.039,55.207,62.017,16.413,26.895,-26.212,-26.206,12.716,-7.791,13.411,-1.795,-44.324
51.531,42.935,69.903,-29.236,20.341,-11.958,0.879,5.688,-11.098,3.627,-5.706,-44.136
54.464,38.59,33.452,-9.097,24.139,-36.607,-11.074,-4.683,-5.453,7.801,-11.046,-38.619
51.34,34.957,57.946,1.65,20.832,-36.369,-20.912,10.888,-3.262,24.72,-9.548,-42.031
50.654,60.562,81.498,15.329,35.655,-41.088,-30.343,-0.712,2.288,3.09,-10.396,-50.489
51.727,32.4,5.077,-27.745,-23.224,-47.137,-4.859,-0.923,-17.367,-6.547,-12.148,-25.866
51.54,58.962,78.079,-2.524,-3.52,-33.353,-28.491,5.027,-24.162,-16.142,5.746,-30.829
51.222,49.847,65.072,8.011,22.725,-45.024,-15.958,12.833,3.545,3.939,-7.755,-26.138
51.023,38.963,80.84,6.904,45.182,-31.828,-21.405,17.917,-8.222,14.638,-1.464,-19.716
53.231,77.455,37.063,3.487,5.674,-42.064,-13.167,14.041,-28.998,-8.317,6.41,-15.336
52.416,32.437,73.199,10.036,39.498,-22.412,-11.082,1.483,-12.853,4.587,-10.608,-25.727
51.605,38.494,45.219,-2.619,6.223,-32.023,-14.89,23.366,0.817,-10.298,1.234,-34.308
53.523,27.278,20.304,-40.035,-7.257,-22.349,-25.756,-17.985,-24.329,8.018,-1.929,-22.51
53.526,41.392,49.434,0.394,-0.137,-17.601,-48.663,-10.587,-28.665,-25.046,-5.702,-24.869
55.077,34.141,49.722,-11.146,6.504,-10.17,-45.383,9.827,-24.335,-27.624,-9.336,-17.36
53.821,48.47,36.646,-17.367,-15.609,-22.106,-44.851,-9.322,-4.886,-6.886,-9.938,-33.643
52.141,16.854,37.804,4.266,11.28,-11.992,-31.791,-13.234,-2.38,5.665,-33.935,-29.183
50.291,-10.605,27.739,-22.954,7.361,-33.054,-29.711,16.524,-24.659,-8.175,4.134,-9.973
51.376,7.325,29.576,-33.261,21.105,-26.56,-1.156,-2.947,13.934,-1.963,-15.761,-10.987
52.523,27.713,35.259,13.089,41.374,-25.655,-4.441,-1.191,14.848,-9.746,-2.342,-21.077
48.979,60.802,64.974,0.033,30.243,-20.85,-45.699,-16.032,6.924,19.752,-9.988,-20.878
50.743,39.671,42.092,-13.981,6.402,-27.881,-22.254,0.566,-4.348,30.243,1.755,-26.884
49.747,62.616,65.531,-6.323,2.923,-29.59,-15.571,17.115,0.657,27.296,-7.687,-19.422
53.11,56.35,36.795,3.518,18.532,-5.003,-19.629,-9.542,-9.93,12.084,2.196,-29.542
50.53,51.283,38.696,-0.806,3.697,-33.155,-36.341,-3.549,16.603,23.198,-1.87,-38.079
50.034,30.461,51.479,-21.58,7.827,-25.547,-25.391,-4.459,13.392,7.275,-10.644,-33.224
50.859,27.728,15.147,-14.086,-10.804,-46.104,-25.166,-0.361,-9.526,23.932,15.282,-29.101
50.117,32.4,65.069,-1.254,32.537,-14.792,-41.961,-14.947,-3.219,29.938,-5.471,-9.702
50.639,38.159,65.191,-0.67,35.716,-24.575,-33.278,-6.321,0.381,11.898,-4.657,-4.366
52.516,67.57,12.855,-1.428,26.708,-61.114,-13.632,17.445,-4.274,-4.904,-2.456,-1.632
50.73,33.719,74.544,14.918,28.686,-37.982,-14.963,-13.291,-1.516,19.793,-5.199,-11.876
50.305,17.483,-0.376,-18.763,-26.187,-49.257,7.187,-19.074,-12.341,11.759,8.045,-16.627
50.161,27.02,65.607,-13.101,15.373,-30.004,-13.739,4.409,0.031,-13.554,8.625,-18.682
52.034,25.291,42.29,-4.322,12.766,-12.149,-22.176,-10.532,-11.41,2.328,-4.563,-17.322
54.73,30.609,38.051,-2.621,18.491,-14.718,-36.087,-20.405,-33.745,-2.866,-23.576,-24.118
55.091,70.393,30.107,-10.475,-7.415,-17.269,-44.682,-3.223,-19.565,-11.09,11.494,-22.722
55.445,45.757,26.78,19.74,14.026,-12.405,-23.891,-14.533,-25.381,10.023,-27.499,-7.476
52.371,-16.884,29.502,9.649,-0.153,-32.277,-17.301,-8.385,-37.055,3.132,10.983,-7.194
53.492,15.137,42.021,13.577,23.8,-11.07,-9.389,17.154,-12.324,-17.316,2.401,-1.932
48.623,-28.465,-2.78,19.575,31.269,-8.834,-17.789,-0.886,-26.268,-26.573,-20.206,-8.155
41.874,-103.472,15.406,-11.828,36.677,-30.607,-36.151,-0.53,-16.587,-15.07,-8.385,1.531
40.836,-115.976,17.045,-1.179,20.065,-41.229,-27.629,-0.669,-8.0,-17.364,-10.93,11.117
41.288,-69.892,-25.544,-36.553,32.354,-29.782,-16.003,-12.868,0.998,-12.369,1.139,0.138
49.875,23.636,33.081,-62.637,44.635,76.56,9.508,-10.41,3.796,-38.226,-17.657,9.979
52.264,46.619,34.505,-13.431,7.562,-2.701,-27.059,-2.911,-39.009,33.812,-14.351,-1.245
52.879,29.793,55.73,0.852,25.037,-22.379,0.735,10.295,-18.567,-20.798,-5.513,19.741
48.422,77.088,11.112,-80.696,60.193,8.716,-3.265,-40.523,-29.447,16.413,-14.54,-3.426
51.614,26.266,14.022,38.779,16.87,16.355,-29.114,-32.182,-11.921,13.454,-26.188,-15.971
51.085,49.069,28.932,-62.455,32.145,21.747,-11.822,18.399,-32.374,-18.795,15.563,-13.751
48.555,-19.571,-0.246,86.698,9.127,-20.601,-27.04,-26.374,-15.956,1.589,-11.242,28.167
50.938,40.155,42.437,-105.857,25.326,60.635,-20.615,33.23,4.767,-35.911,15.966,-5.859
54.624,73.727,7.246,9.378,22.006,-33.478,-1.662,17.039,-6.917,-5.834,-18.701,28.147
53.232,64.929,-14.984,25.882,25.269,-45.805,-15.481,2.402,11.798,-1.429,1.497,17.867
54.256,54.841,45.417,29.771,23.948,-36.286,-0.673,34.715,-27.442,8.434,-11.303,0.043
51.354,4.355,14.659,-17.11,19.038,-23.297,9.435,-18.564,-23.961,26.36,-19.767,3.224
49.886,-3.15,36.463,-10.729,38.904,-46.413,-2.254,6.468,-20.239,-4.513,6.976,-6.526
52.214,20.289,43.996,-3.618,49.7,-25.362,-4.841,12.888,-9.156,-8.958,-17.063,-3.324
48.095,34.821,24.315,16.612,14.593,-20.696,-4.307,-28.841,3.758,5.571,-20.148,-4.177
46.682,-11.923,-1.661,-18.068,36.82,-37.187,-16.04,-27.081,17.041,-5.9,6.661,-12.446
47.2,-16.037,-12.031,-18.425,6.386,-42.82,-7.787,-23.009,16.329,19.864,17.26,-10.927
50.577,32.471,-18.737,4.91,30.834,-2.515,-12.672,-14.299,9.348,-13.602,18.043,1.954
47.738,4.531,-18.734,-19.171,3.218,-14.155,-45.369,-32.822,12.895,2.68,14.06,-11.53
52.206,19.645,33.525,-75.033,4.884,12.172,-22.604,50.269,9.485,-24.468,7.433,-35.464
53.653,76.9,-0.341,-0.956,-8.813,-12.024,-36.536,-32.149,-4.06,5.483,-34.573,-35.043
51.411,27.513,-16.167,-89.307,4.846,-8.959,-58.382,13.526,11.718,-19.355,4.209,-43.953
52.162,33.412,16.578,20.087,15.434,-17.719,-42.173,-12.374,-2.073,3.329,-33.42,-24.143
49.438,9.605,36.216,-11.198,72.684,-30.061,-23.473,3.71,6.509,20.39,-1.286,-13.132
51.927,42.11,5.002,2.59,57.485,1.821,-7.445,2.458,-8.443,11.883,-17.691,-1.782
50.989,-7.089,-25.099,-6.713,39.916,-57.776,-38.494,-15.519,6.793,16.521,7.098,-6.448
49.346,18.796,-4.365,-18.324,19.957,-48.279,3.069,-6.42,23.982,10.107,-14.322,-6.277
47.71,0.006,27.521,-22.791,44.522,-37.431,-17.264,8.133,27.83,14.465,10.781,0.946
52.23,49.833,56.482,-59.692,23.762,-7.693,-43.931,5.969,0.057,-4.248,-13.653,-16.284
53.825,63.887,-12.32,-47.757,6.785,-19.674,-39.668,-9.034,-16.426,2.424,-8.852,-3.382
53.707,39.501,18.554,-37.498,37.404,-35.709,-18.892,12.919,15.142,11.66,-11.444,8.59
54.701,66.302,-32.979,-32.793,8.614,-15.522,15.586,-5.333,-28.024,14.709,11.856,16.369
56.796,80.826,-7.114,-23.044,26.626,-16.573,-4.623,9.318,-11.336,-4.493,-17.458,7.549
55.454,93.082,-10.329,-42.991,55.293,-35.173,-1.427,21.718,-3.983,3.937,-16.092,-2.926
55.893,103.48,-8.162,-16.747,40.288,-22.29,11.809,-20.855,-6.81,8.707,-14.824,-0.469
53.803,53.632,-3.809,-26.094,1.82,-26.407,-26.633,3.31,-24.402,-1.768,-11.136,10.813
53.153,97.275,-11.527,-31.017,54.939,-19.692,7.011,-45.922,-25.14,21.5,-13.522,-12.393
55.272,63.186,-2.531,4.25,24.452,-17.371,-19.488,-3.336,-17.362,11.117,3.874,-5.363
54.075,74.334,-9.673,-40.915,9.038,-28.209,-18.775,0.121,-26.558,-2.38,0.497,-8.014
54.106,19.152,16.761,-28.84,43.427,-27.929,-3.937,-1.876,10.85,16.818,-11.895,1.712
54.436,128.167,-19.318,-62.489,39.619,-14.84,8.852,-33.169,13.694,-24.266,0.772,-11.243
56.485,101.065,24.309,-10.527,4.71,-15.85,-30.586,-29.159,-12.403,-9.316,-26.225,-14.438
53.634,89.972,-13.302,-41.768,43.983,-46.362,-6.662,44.01,1.556,-13.531,0.04,-16.021
55.137,76.891,0.9,5.674,28.521,-33.893,10.777,-38.548,-19.871,9.757,-14.413,14.03
52.043,42.435,-27.57,-3.946,-30.3,-48.95,0.073,-13.732,-5.713,4.06,-1.653,-8.168
54.0,87.723,30.641,-21.723,14.46,9.563,10.462,-21.983,-21.868,-27.87,-9.925,-1.507
52.135,106.62,13.369,-36.718,45.991,-29.808,12.384,-37.627,-31.588,-8.077,-10.745,-2.479
53.394,30.52,-15.405,-20.549,19.7,-48.141,-19.405,-19.85,-21.006,0.862,-5.286,7.863
54.302,54.932,-6.055,-35.801,27.17,-19.484,-20.452,-11.577,-24.841,-6.023,-4.077,-22.311
55.853,55.143,34.134,-16.638,16.349,-7.925,-28.204,12.652,-11.803,-25.18,-24.517,-2.51
53.217,56.381,10.084,30.653,-20.109,-36.558,-16.303,-21.105,-23.58,23.682,-12.799,-22.097
54.617,69.101,-13.664,-6.345,34.744,-40.519,-1.857,0.522,-17.816,-6.295,-0.047,-0.535
56.038,42.967,36.325,-39.685,24.739,-29.823,15.169,19.42,10.98,13.654,-3.241,-4.82
54.271,76.692,7.595,13.682,18.881,-64.928,13.294,-5.536,-15.035,0.356,-14.391,21.426
52.96,14.757,38.48,9.379,10.539,-29.579,25.214,-18.432,-15.445,14.35,-10.549,-21.073
54.458,28.461,7.543,-36.531,-16.94,-38.212,-6.502,-21.576,-30.26,6.713,-15.038,-20.043
53.902,54.601,30.767,-3.76,12.117,-30.065,-49.164,20.625,-18.604,-0.581,-12.191,-20.382
53.574,48.353,-4.581,-46.671,14.45,-49.095,0.678,-21.938,-25.702,16.998,-4.047,-10.427
55.895,39.298,14.954,-2.984,31.784,-35.638,-18.571,-20.068,-19.686,2.855,7.967,7.563
56.035,45.486,44.727,7.489,2.75,-22.075,-13.029,4.293,-21.503,-2.853,-3.306,-10.233
53.621,57.066,22.295,-23.735,6.135,-7.677,-15.441,14.573,-4.592,8.652,-13.953,-28.836
50.978,29.646,13.472,-10.818,10.59,-59.756,16.547,-4.384,-18.119,1.003,-2.72,-4.962
51.167,38.74,17.395,0.35,8.918,-37.191,19.338,-1.296,0.55,6.504,0.298,-0.548
54.82,88.844,3.846,-5.614,27.61,-28.495,2.847,9.839,9.756,4.676,25.375,0.349
56.196,60.737,47.976,18.434,8.621,-15.964,10.938,15.81,-8.998,13.403,-32.637,-10.748
53.569,66.676,67.359,-23.699,7.47,-5.025,-15.711,-6.161,-16.344,7.336,-0.254,-25.408
53.14,168.742,-3.174,-20.962,31.218,-21.149,-12.67,-49.78,-5.757,2.388,-42.57,15.295
51.494,24.115,1.901,-51.112,14.679,-27.003,-12.973,11.422,-13.745,-3.376,-13.14,2.368
52.545,41.879,-4.638,-32.515,20.7,-47.806,-3.118,10.174,-34.205,-12.656,-0.978,-6.242
54.829,54.726,0.321,-5.229,19.301,3.703,-35.327,12.343,-23.231,-13.625,-8.895,-2.296
53.386,17.434,-13.834,-23.797,-10.121,-35.027,-24.665,-16.967,-26.913,10.594,-2.582,4.026
55.358,103.478,7.362,-39.515,-12.191,-1.38,-38.504,-8.508,-18.005,-24.656,11.458,-24.925
55.117,92.79,39.069,-35.908,-3.325,-22.39,-22.507,2.305,-16.293,-3.577,-9.818,-21.318
54.389,96.243,1.48,11.674,18.169,-48.33,8.547,6.624,-3.017,1.118,3.002,5.49
54.086,44.554,-2.1,-32.86,32.758,-37.956,-29.983,-22.965,-17.484,8.468,-7.419,-13.439
54.847,17.969,7.401,-15.556,35.307,-35.197,9.149,-15.204,2.894,5.171,-2.236,-1.678
53.568,21.695,47.197,-17.6,54.947,-25.076,-10.685,40.378,-8.241,-4.438,-14.826,0.108
53.064,47.381,-11.168,-41.277,10.873,-44.81,-11.384,-18.041,-20.41,37.836,-1.875,-20.502
54.868,49.169,4.014,-21.549,48.063,-34.491,-16.085,-24.348,-19.182,-7.588,-4.682,-4.057
55.127,21.716,53.289,-24.765,30.373,-31.675,-15.734,-5.917,-10.321,5.372,-2.051,-2.906
55.965,69.034,19.989,25.235,25.636,-24.685,-35.769,-8.349,-13.488,-3.459,-13.977,-29.245
53.418,36.909,1.016,-10.307,-2.803,-30.518,-22.921,-14.956,-25.844,6.815,2.995,-8.968
55.658,83.536,19.74,-33.454,-1.591,-0.108,-24.581,3.689,-1.489,-19.235,12.446,-15.188
55.859,95.806,14.823,-11.086,11.986,-20.009,-29.308,-10.731,-2.715,-1.319,-8.515,26.369
57.688,114.06,9.261,-1.13,-13.631,-31.339,-6.95,-21.854,2.521,-2.59,-2.01,-6.37
51.593,32.877,36.87,9.888,15.087,-31.492,-0.503,-2.536,-11.069,3.493,-8.33,-8.04
52.739,69.796,18.073,-23.672,19.872,3.704,10.723,25.959,1.101,-16.441,-15.753,16.077
52.088,36.269,16.348,21.606,22.712,-39.452,10.25,-12.274,-14.876,16.647,-1.172,-15.438
53.985,84.729,9.908,-13.045,4.843,-13.924,7.182,-43.367,-2.632,8.192,6.513,-10.327
54.721,42.842,41.343,6.267,34.763,-7.602,1.712,6.233,10.814,-6.292,-11.326,14.952
52.336,112.089,-17.07,-23.814,69.107,-34.035,31.356,-39.334,-29.452,-4.333,-32.093,-9.129
52.656,19.341,-2.465,-42.073,35.992,-35.382,-2.455,-14.403,-32.31,-12.461,-6.423,12.636
55.8,79.132,9.422,8.312,14.282,-40.059,-35.756,21.713,-22.194,3.453,-2.11,-8.631
53.027,9.933,-20.753,-16.187,-4.088,-49.653,-28.099,-20.728,-25.266,4.619,-7.618,2.105
54.731,77.363,7.04,3.307,-14.569,-7.121,-41.575,-30.512,-5.07,-3.596,-21.734,-25.039
52.136,25.645,51.326,-92.075,25.326,1.856,-1.869,35.323,10.494,-12.641,-14.588,-30.922
54.649,92.944,-0.124,6.69,22.079,-38.339,-3.019,4.086,-11.42,4.238,3.892,-3.173
54.327,55.92,11.58,-12.756,33.244,-26.98,4.022,12.575,-25.993,52.18,-13.854,-15.24
53.24,54.178,-6.932,-29.476,18.038,-39.631,0.531,-34.015,-29.254,42.647,2.133,-26.639
53.811,9.987,18.832,-28.149,31.116,-24.095,-17.768,-6.063,-22.381,-15.087,-1.098,-1.434
54.922,37.534,31.289,-46.044,21.078,-3.124,-8.236,3.858,-8.539,-21.005,4.847,-5.6
54.888,34.563,35.939,-11.156,8.353,-5.835,-13.136,-0.121,-7.042,0.366,-9.093,-31.559
53.796,105.259,-11.454,8.34,24.157,-23.307,14.825,-39.535,2.73,-18.741,-22.185,0.616
50.947,17.521,-1.85,-4.093,19.978,-42.116,16.097,-4.621,-12.539,4.034,0.826,-6.511
51.256,23.3,29.462,-12.994,23.731,-25.719,23.231,-1.707,-8.576,-0.139,2.291,10.727
53.907,86.673,5.568,9.92,16.349,-64.951,9.752,-5.895,-11.925,5.187,-12.027,12.878
54.986,32.89,33.346,4.841,5.215,-3.807,17.337,6.018,-19.347,17.671,-29.299,-12.171
53.704,76.99,46.966,-18.266,12.933,-14.822,-15.303,21.943,-24.325,20.51,5.869,-17.227
53.28,74.861,-21.402,-16.991,-15.112,-75.78,-11.453,-26.678,-27.225,38.968,-22.662,-9.929
54.451,41.08,6.102,-27.054,34.249,-9.575,-1.22,-21.037,-9.241,-15.467,-20.566,7.529
55.282,34.221,23.772,-50.658,13.042,-16.555,-16.632,-20.889,-16.454,-4.92,-11.319,-17.855
57.219,83.98,8.442,-6.103,-9.171,-27.998,-36.673,-11.868,-16.643,-14.568,-9.573,-1.876
55.975,67.237,5.566,-23.19,-19.4,-15.409,-49.631,-2.656,-11.949,-18.022,-10.648,-16.841
55.996,82.845,69.905,-19.096,1.966,-4.323,-19.099,-10.928,-10.251,7.417,13.334,-33.144
58.284,102.036,38.725,-29.444,-7.308,-38.263,-1.939,10.496,-14.762,-16.386,-15.281,-10.781
58.616,109.334,36.171,-22.289,29.715,-39.874,-14.701,15.385,-7.13,-1.576,1.684,8.542
58.506,119.001,24.338,-21.682,33.727,-31.945,-9.5,-15.471,-4.905,1.975,-4.515,14.526
58.205,101.323,46.593,-4.551,39.854,-32.434,-9.611,5.002,1.021,6.333,-13.835,-17.328
56.485,92.357,46.891,-22.151,7.767,-45.878,12.641,27.526,-4.774,-4.134,7.526,10.01
57.873,77.056,18.932,-2.957,20.102,-26.455,-13.877,-21.533,-15.098,-14.318,-15.438,17.539
55.723,58.046,55.546,-27.624,24.571,-34.342,-11.857,30.166,-9.097,-8.949,4.064,4.119
57.368,126.258,25.499,-20.188,15.421,-38.965,7.658,-7.442,-8.002,2.426,-7.535,13.848
56.305,102.839,26.858,-4.682,16.56,-23.939,6.874,-16.103,5.124,-11.917,-11.756,7.258
56.684,107.693,10.118,-26.761,11.943,-45.189,24.763,13.541,8.128,-15.853,6.564,5.175
57.993,127.039,18.358,-2.096,14.466,-49.72,14.475,-8.922,-0.931,4.172,-0.798,25.714
56.998,93.733,27.437,-2.695,31.351,-40.552,15.227,4.66,-1.024,5.226,-6.833,10.821
56.083,73.219,36.032,-37.456,24.191,-36.561,8.06,26.387,3.425,-0.793,15.226,15.702
56.394,117.22,20.758,-28.193,32.241,-32.787,8.188,5.654,-0.65,3.328,-2.179,5.747
57.534,114.533,20.337,-11.841,20.959,-38.031,-1.13,5.529,-6.839,8.062,-6.162,4.994
56.675,107.417,37.568,-12.943,36.101,-37.871,6.898,-6.299,1.539,-9.639,-9.037,3.032
55.993,95.69,58.815,4.716,16.732,-57.258,22.523,-0.373,1.941,18.722,-13.431,-22.144
56.757,102.564,14.887,2.149,25.732,-39.063,-13.523,7.596,12.308,-4.209,-2.985,13.19
55.539,99.256,1.022,-17.527,19.588,-44.348,-22.643,-24.287,3.602,10.232,0.58,3.056
56.797,103.354,5.952,-31.483,26.052,-52.815,2.304,0.873,15.463,-3.39,0.5,13.333
56.353,75.454,26.829,0.096,19.327,-35.427,10.265,24.156,-12.934,6.496,5.558,15.644
57.076,80.215,21.952,7.964,23.764,-35.219,4.617,-21.292,3.301,5.433,-8.968,21.961
56.158,70.035,15.469,-12.268,20.535,-32.948,9.064,-1.731,17.571,2.628,-9.9,4.337
55.393,102.178,38.158,-22.927,38.088,-31.382,10.946,28.355,-12.762,-3.787,7.917,11.657
56.431,84.57,4.014,-40.285,23.282,-43.19,3.536,1.464,16.342,2.479,-12.246,2.126
55.988,99.122,23.135,-7.429,35.397,-32.5,6.52,-9.561,15.032,-6.059,-2.353,20.486
57.092,103.054,42.956,-6.571,31.988,-37.462,24.319,1.915,1.869,3.54,5.523,20.962
57.831,111.462,29.914,-11.328,36.261,-40.448,9.423,3.436,11.749,5.545,2.039,17.948
56.101,105.228,-1.93,0.784,10.229,-24.316,4.419,-40.58,-6.918,-3.186,-30.658,9.374
53.932,28.513,13.505,-10.546,22.099,2.764,-5.307,-5.113,-8.559,-27.771,-12.475,3.559
56.055,61.998,41.183,0.568,21.206,21.22,-26.261,-21.403,-8.214,0.703,-17.464,-17.244
53.904,70.7,6.611,-25.532,2.557,19.72,-35.71,-4.569,-5.085,-20.799,-5.298,-12.123
52.288,30.563,3.894,-37.796,-3.848,-11.922,-31.388,-6.975,-15.036,-11.526,-21.265,-4.423
48.597,23.459,-10.216,23.152,-10.665,-18.522,1.621,-31.992,-4.013,-8.267,-41.379,7.261
45.663,-34.349,5.575,8.129,-19.495,-19.431,4.404,-7.613,-1.758,-10.629,13.619,-22.039
45.907,2.924,-24.462,-16.587,7.44,-47.948,-14.093,-11.648,-6.043,7.776,-16.224,1.607
48.664,43.918,-20.292,40.409,9.412,-23.618,15.643,-38.278,1.425,1.077,-44.707,28.346
43.012,-65.325,-22.403,38.28,-2.599,-77.493,9.18,-32.799,-22.622,31.432,-18.458,17.295
43.204,11.88,3.005,11.208,-27.148,-67.145,18.037,-11.524,-19.766,18.359,-0.505,20.541
42.161,-23.467,-43.261,21.898,18.035,-28.449,3.293,-34.429,5.845,0.264,-21.94,6.956
49.568,36.433,15.105,-132.907,16.089,57.058,-48.487,56.922,9.097,-34.128,7.868,-25.323
51.296,59.726,-17.855,-17.188,-4.166,13.512,-56.326,-34.003,-23.247,4.597,-20.007,-2.563
53.65,70.389,20.495,-0.571,6.773,-14.489,-25.523,-9.358,-47.879,-18.153,2.085,0.78
50.434,87.559,-22.447,32.995,36.501,-66.905,-29.988,44.907,-3.141,11.883,25.661,22.926
49.983,118.383,-18.71,-65.517,21.8,4.956,-44.409,-76.719,-23.823,27.289,-36.326,-6.307
53.305,28.552,5.743,32.374,24.222,1.533,2.83,-14.519,24.576,-11.0,-11.619,19.454
50.354,24.055,1.295,-34.023,-10.834,0.508,-26.935,-9.701,-9.561,-17.247,-19.872,-9.352
46.103,11.434,-7.539,-5.151,-11.382,-25.883,4.234,-15.262,-3.512,-0.769,-22.741,-4.165
44.782,-12.098,-13.638,-2.566,-5.76,-9.922,9.303,0.526,-11.721,-18.926,-9.884,-14.685
44.579,-12.887,-19.642,1.69,2.295,-28.159,17.327,-2.815,-20.386,-8.282,7.879,-9.592
43.939,-20.413,-17.874,-51.674,24.027,-27.331,8.543,11.203,-16.004,-7.264,-13.03,4.216
50.565,-55.475,0.423,-40.174,43.706,-1.071,-3.462,2.677,-4.05,-1.552,17.01,12.357
53.053,-13.633,31.849,-32.881,17.011,-29.073,-7.868,12.841,-15.972,-8.946,-1.548,23.412
56.098,28.423,77.233,-7.935,39.043,-22.544,-12.148,18.779,6.416,-1.728,7.581,-43.021
57.123,135.264,32.905,-8.206,24.482,-26.634,-20.703,-16.99,-26.261,-21.811,-10.022,-15.383
55.967,73.31,42.842,2.561,38.262,-16.826,2.113,0.56,14.274,-0.714,-6.615,14.673
54.683,85.504,29.61,-48.945,28.805,-9.034,-8.836,1.095,-23.277,-4.896,0.158,5.657
56.455,92.765,23.421,-16.181,31.069,-26.259,-19.225,-13.422,-9.846,-9.431,-0.962,16.334
55.772,74.65,46.058,-24.872,33.271,-32.237,-6.475,2.295,4.272,-0.323,-4.78,14.708
55.708,78.673,45.076,13.041,25.326,-17.028,-28.708,-8.646,1.51,-7.742,-23.975,-25.195
53.594,63.106,42.145,-35.074,-4.364,-1.995,-26.319,-5.528,-14.344,-13.575,-7.037,8.071
54.266,53.468,43.341,-22.465,33.127,-23.889,-22.366,1.344,19.102,-0.235,-3.641,6.312
53.163,49.956,28.377,-29.672,22.587,-11.483,-22.61,19.951,-8.261,-0.991,-31.855,15.099
51.133,70.987,2.126,-38.93,39.586,-9.781,15.907,-6.173,3.054,-15.698,-5.456,-26.644
49.96,9.235,12.847,-27.924,-11.512,-22.933,-4.201,-26.463,-20.505,-6.557,-3.966,-5.7
49.617,5.585,-13.623,-0.475,27.894,-23.617,-16.506,-4.982,-8.31,-11.083,-21.262,6.885
49.371,123.453,-15.096,-66.965,80.481,-30.428,12.064,-49.521,-9.697,-7.148,-7.442,-29.985
51.287,24.871,-11.093,35.299,63.584,-9.166,-2.672,1.686,-17.1,-13.715,-40.797,23.933
42.343,15.099,45.095,5.958,29.099,-28.39,-5.732,-25.358,7.756,8.961,-25.043,-48.396
50.348,43.255,48.117,27.957,37.17,32.388,-60.121,4.749,-14.147,-38.983,-4.622,-40.823
51.362,84.014,-6.712,-31.366,28.488,23.632,-47.421,-27.71,-15.351,-7.395,-32.138,-39.189
53.233,74.151,62.403,33.035,77.362,18.936,-6.933,3.277,31.692,-25.747,-21.65,22.453
51.261,199.53,30.558,-78.727,86.171,-17.23,-22.377,-66.766,8.242,19.92,-13.773,-6.619
56.972,117.132,14.557,-12.574,4.149,-18.947,-18.05,-6.188,-19.931,-1.719,-28.423,-28.445
55.476,93.321,-7.277,-1.529,36.556,-22.729,0.149,-23.756,-18.117,18.74,-10.268,6.361
55.355,100.313,22.451,-5.527,20.628,-11.382,-2.389,-30.039,-31.263,1.965,-12.17,-0.026
52.731,93.169,15.572,-39.12,54.025,-29.597,9.111,-48.006,-34.139,-0.843,-10.157,-0.82
54.478,55.166,6.418,-31.788,31.702,-21.071,-19.278,-14.064,-33.627,-7.619,6.513,-10.576
56.235,64.746,30.808,-16.316,18.616,-0.668,-31.419,13.633,-9.492,-21.83,-18.593,1.059
53.679,59.624,5.829,26.112,-15.823,-40.317,-19.223,-12.75,-27.991,22.502,-6.393,-13.257
54.147,68.066,-14.442,-22.585,33.802,-10.996,-2.134,12.699,-16.95,-18.713,2.369,-1.254
55.495,51.111,32.463,-62.106,35.325,-13.865,0.68,12.257,14.327,1.134,-0.043,-0.989
54.403,83.498,4.299,12.116,15.321,-62.736,9.498,-1.324,-8.15,-6.474,-7.329,10.935
53.051,20.724,39.455,10.426,6.361,-38.322,27.015,-8.468,-13.469,10.421,-5.532,-18.141
53.944,56.566,8.014,-38.251,-12.084,-43.493,-13.673,2.381,-33.57,14.808,-12.175,-17.538
53.048,69.765,6.335,-29.153,34.747,-30.751,11.332,-35.522,-41.586,16.153,-8.665,-16.096
54.704,46.659,18.734,-19.365,28.432,-26.456,-20.679,-13.386,-24.48,-12.092,-2.532,-1.485
55.849,49.714,10.589,-12.949,30.515,-19.87,-15.612,-19.277,-9.036,-0.648,11.492,7.539
55.469,45.226,40.395,-3.111,10.636,-23.77,-8.71,11.865,-22.463,-6.329,-7.795,-14.701
54.925,48.48,36.813,-28.719,6.904,-5.488,-11.271,-7.185,-11.379,17.521,-12.349,-38.316
53.525,90.216,-3.572,-5.427,29.818,-30.882,25.77,-47.848,-4.575,0.088,-29.402,-4.117
52.149,27.425,3.77,-9.861,13.677,-43.493,-0.048,-13.493,-10.432,-5.658,-4.32,-1.249
51.643,19.248,25.724,-8.654,17.505,-52.753,1.301,-4.388,0.272,14.388,-7.669,-9.707
54.105,72.116,-5.147,1.571,27.871,-14.141,6.349,7.067,2.921,-9.806,16.692,6.64
54.979,49.663,63.429,-17.5,5.028,0.098,22.385,4.603,-7.612,12.54,-28.613,-9.542
52.274,41.919,75.195,-61.36,-6.996,-23.012,2.513,0.788,-14.034,1.191,2.045,-20.804
52.473,128.548,13.968,-13.589,40.245,-7.673,4.011,-67.222,-3.979,-16.983,-20.63,4.343
52.077,34.668,-8.808,-26.323,10.537,-41.036,2.124,8.785,-35.046,-8.566,-1.637,-8.859
54.679,50.361,2.926,-26.797,19.753,9.069,-31.985,12.389,-20.758,-13.115,-17.101,-5.111
53.473,22.598,1.29,-15.384,-10.12,-37.24,-16.223,-8.249,-24.843,7.125,-4.04,0.181
55.397,78.542,10.953,-46.438,-7.719,5.631,-29.404,3.792,-8.332,-27.882,1.194,-22.846
55.2,106.162,34.714,-36.319,-7.871,-20.493,-7.734,-6.842,-11.695,-0.141,-14.592,-19.925
54.631,100.871,8.994,-12.421,24.39,-13.451,5.236,27.846,-0.115,-3.749,4.784,-4.019
55.353,46.701,4.668,-29.258,37.571,-37.113,-14.279,-19.764,-2.964,6.988,-5.042,-5.715
54.928,74.455,35.941,23.534,47.309,-39.092,-0.7,48.371,-4.225,-16.46,-17.595,14.145
54.044,58.194,-18.409,-45.054,-0.498,-32.791,-4.675,-5.717,-18.438,10.217,-14.518,-14.541
55.638,66.161,22.95,-21.628,24.288,-31.171,-23.145,-32.36,-17.695,4.819,6.353,2.498
56.572,69.153,36.832,8.245,30.841,-11.823,-8.528,-2.414,-6.797,-5.766,-23.237,-38.464
54.057,51.878,13.03,-37.014,9.861,-30.04,-10.866,-7.75,-26.915,12.117,3.786,-19.675
56.636,97.829,39.111,-38.324,0.254,-26.636,-38.982,14.138,-1.492,-4.857,2.161,-8.845
54.902,57.932,14.922,44.144,22.677,-56.805,-17.682,-16.298,-27.047,21.649,-21.254,15.126
57.176,47.748,25.078,-5.21,31.408,-43.77,8.848,-7.428,-0.562,-3.097,-1.68,-40.465
55.644,66.542,29.048,37.018,22.019,-41.815,8.959,-3.754,-0.149,-8.267,-9.637,12.633
52.826,56.42,-1.434,-5.054,0.731,-37.544,-4.219,-18.81,-24.717,33.733,2.406,12.927
55.901,82.682,58.707,39.652,35.701,-36.362,13.339,2.944,2.452,7.543,-23.108,29.137
52.193,156.832,17.731,-18.221,90.153,-48.847,-12.97,0.653,-35.774,-14.353,1.032,-11.401
55.758,83.831,7.967,-48.173,35.972,-22.692,-8.715,15.108,-7.671,8.041,-1.727,6.164
54.343,72.847,7.453,-21.765,18.216,-0.969,-22.575,-9.967,-18.607,-9.491,-28.826,-13.923
54.709,74.099,-5.619,0.97,0.647,12.149,-28.474,-20.07,1.054,-19.256,-7.54,-13.858
55.164,46.812,14.201,-34.342,32.48,5.305,-0.957,10.94,5.994,3.444,-4.327,-28.886
54.977,91.24,11.598,-1.251,24.326,-32.384,-2.568,1.019,-2.872,5.336,9.951,-6.414
54.5,57.203,14.765,-17.64,42.272,-37.593,32.91,-36.455,-13.229,48.552,-15.311,-12.275
54.096,68.795,32.946,6.318,9.123,-37.078,-20.84,31.435,-31.167,-6.958,-14.692,-18.137
53.243,43.485,-15.619,-31.001,5.253,-46.501,-3.197,-27.628,-37.295,31.479,-14.923,-25.724
54.288,26.222,23.231,-22.352,37.572,-23.671,-15.248,-13.812,-26.343,-11.792,-5.809,-1.503
55.359,41.792,14.939,-37.158,31.259,-5.016,-16.642,4.94,-11.707,-24.764,4.377,4.521
56.002,44.984,38.931,0.361,-5.773,-19.62,1.347,-3.061,-20.683,-9.787,-23.67,-14.04
55.074,33.551,31.47,-9.413,2.048,-8.859,-24.984,2.422,-17.11,3.4,-15.143,-32.428
53.209,123.29,-11.119,1.896,23.425,-29.985,21.298,-52.106,-0.82,-6.737,-35.501,7.939
51.164,18.111,-2.224,-11.846,14.078,-27.491,2.003,-5.32,-11.221,2.938,9.324,-6.861
51.113,30.934,22.558,-14.799,14.75,-56.803,15.9,-5.898,-6.932,9.146,0.055,-1.483
54.819,89.994,9.725,0.54,27.143,-66.131,1.2,2.734,1.156,4.816,-1.976,7.159
55.695,38.841,37.227,14.752,10.775,-8.116,11.993,7.867,6.034,-1.308,-25.065,-14.367
53.604,65.329,57.427,-17.443,17.741,13.316,-16.29,28.1,-14.863,-7.299,-4.488,-26.234
52.945,58.121,-31.206,-1.126,-1.863,-54.379,2.097,-35.109,-9.554,56.54,-8.991,-13.98
53.499,39.288,-2.807,-10.369,-13.419,-18.452,-23.805,-13.843,-11.989,-7.962,-16.561,-1.422
53.455,-0.995,22.343,-52.667,16.828,-4.42,-22.721,-4.1,-28.605,1.223,6.04,-13.563
55.725,52.518,6.72,-5.016,4.869,-25.389,-38.483,-14.63,-12.67,-17.269,12.439,-12.837
53.467,40.857,-5.385,0.148,-6.194,-24.361,-40.112,-8.53,-10.797,0.411,-19.461,-19.816
54.277,61.881,15.097,-39.338,-0.477,-15.03,-21.039,12.598,-15.327,16.074,-6.298,-13.538
54.714,71.546,1.849,-18.863,23.668,-39.077,9.07,9.551,-14.002,-0.296,-6.467,-7.008
54.983,76.516,4.218,15.922,18.885,-41.005,-6.597,-8.056,-12.454,7.075,-5.694,-5.018
51.767,53.551,38.266,-4.332,-7.128,-26.865,1.032,11.443,-25.291,2.181,-15.32,-23.82
49.385,77.032,41.039,21.116,37.99,-48.187,-39.389,-1.479,-28.934,-4.702,-2.28,-10.861
51.847,22.163,-5.886,-19.701,-4.548,-61.412,-3.589,-2.633,-3.256,16.005,-0.771,-23.331
52.223,46.685,22.84,-3.596,10.361,-38.21,-2.248,-15.555,-12.928,1.395,-2.153,-27.744
54.159,51.976,8.85,9.129,16.572,9.219,3.691,-4.175,-4.972,-16.264,10.61,-15.197
51.498,34.74,0.185,-15.398,12.336,-46.738,-4.04,-4.587,-1.496,27.274,-7.975,-14.151
51.262,18.772,23.497,-13.469,10.374,-25.231,-5.81,8.01,-14.888,3.092,-13.605,-15.166
52.765,30.287,10.725,-19.026,-10.449,-70.784,11.687,-4.558,-11.954,8.167,-6.986,-11.508
52.246,34.982,24.286,-6.947,4.129,-55.907,0.802,-2.116,-4.217,5.958,-11.025,-9.137
52.844,36.896,39.813,-18.293,5.066,-35.322,0.11,-6.313,-16.579,8.809,-9.874,-28.291
54.822,66.559,5.024,18.015,15.089,-36.747,3.885,-19.329,-10.764,4.577,2.515,-8.666
51.661,41.597,48.2,10.481,-11.518,-40.847,-2.747,12.974,-20.043,-5.172,-2.919,-9.307
51.629,77.982,73.036,0.478,28.66,-12.232,-8.023,-7.407,-38.876,-13.884,1.379,-13.053
54.001,29.811,70.719,-42.688,13.174,-11.366,-30.469,-17.543,-26.316,7.855,-5.05,-17.892
56.567,62.59,42.425,13.469,21.382,-15.729,-18.058,-7.485,-17.803,-17.762,-16.886,-29.364
57.203,78.4,51.5,-16.055,15.321,-23.195,-31.86,1.603,-10.655,8.333,-1.075,-26.864
57.813,107.794,27.437,-11.212,6.081,-29.885,-30.674,-13.507,1.152,-6.31,-17.069,-21.294
57.972,116.336,29.06,-7.066,13.453,-17.471,-23.217,-14.275,-6.657,-4.895,-13.158,-31.222
55.798,68.32,47.059,-28.725,-10.491,9.199,-11.951,-12.845,-7.089,-1.07,-2.636,-35.865
56.8,94.213,31.413,-29.593,-7.856,-28.328,-14.119,19.482,-14.688,-9.191,-10.014,-33.754
56.73,116.137,25.231,-29.49,9.264,-24.094,-35.703,-3.785,-29.124,-0.139,-8.536,-22.846
58.243,139.91,22.183,-34.925,27.742,-19.287,-23.971,2.088,-14.332,-6.957,-5.582,-6.846
58.241,149.202,0.941,-23.166,37.495,-40.618,-25.437,-9.552,-10.152,2.225,6.358,18.297
57.984,112.694,18.757,-5.124,48.566,-36.213,-10.211,-24.045,-17.056,2.894,-7.665,13.056
56.975,68.011,36.358,16.842,48.656,-43.591,3.28,-0.045,14.657,-2.113,-31.809,-21.712
51.491,86.041,71.01,29.655,25.516,-37.154,-26.135,-26.172,-18.216,-1.088,-16.718,10.556
51.552,19.869,-2.678,-29.476,-3.798,-60.256,9.183,2.791,-3.16,11.268,-6.763,-9.77
51.589,15.124,13.276,6.656,9.726,-44.961,-3.393,-23.557,-13.779,5.97,-15.32,-4.547
55.326,21.153,25.215,-25.831,10.43,-1.094,-24.474,-0.769,-29.362,-2.306,-0.052,-13.469
56.132,64.749,11.408,-14.644,9.922,-43.779,-24.086,-4.98,-20.532,0.05,-8.963,-2.55
56.023,35.793,44.864,5.957,18.122,-12.824,-3.794,-2.391,-5.976,11.519,-18.606,-23.627
52.371,121.511,-7.979,-21.52,59.239,-34.895,-15.923,-1.134,1.164,-12.725,-13.972,-8.675
49.896,44.483,26.906,-46.439,12.621,-21.784,-23.099,-27.781,-26.253,0.565,3.042,-24.58
52.667,59.648,37.458,12.174,25.852,-61.113,-1.508,-1.084,11.54,-2.846,-9.722,-16.945
50.737,22.405,17.664,-17.996,-11.349,-60.66,-10.639,23.988,0.926,6.128,-4.237,-44.25
50.387,38.107,48.205,-1.111,13.719,-17.258,-10.775,1.486,-12.603,23.386,-13.699,-38.612
48.944,64.984,45.666,12.464,32.615,-24.886,-27.786,17.273,15.026,20.643,-20.247,-36.085
48.133,85.057,64.092,-8.311,14.206,-18.215,-2.317,0.468,-5.91,5.467,12.535,-20.741
52.707,71.436,30.415,0.806,16.259,-29.839,-13.765,17.874,-11.372,1.605,-3.826,-33.419
51.295,31.355,11.814,-18.644,18.072,-34.499,-6.414,13.907,11.557,13.171,-18.542,-41.623
50.531,31.884,35.801,-26.29,9.936,-40.209,-10.503,-0.603,6.056,18.94,-8.713,-43.602
50.67,49.568,32.618,-11.918,25.381,-36.427,-21.832,1.345,9.462,11.594,-14.693,-32.79
49.171,72.515,90.953,-17.83,36.965,-2.506,-18.877,-10.49,-20.639,22.165,-13.497,-15.681
53.041,74.057,40.631,3.992,21.535,-45.351,-8.319,6.828,-23.589,-6.103,-9.132,-11.697
51.608,52.242,86.349,24.897,35.124,-22.239,1.432,0.922,-11.182,0.833,-4.183,-17.085
50.806,10.244,8.006,-29.162,-25.541,-56.199,-1.364,2.556,-9.152,3.81,-6.867,-22.126
50.704,28.615,47.177,12.677,7.491,-33.94,-10.453,24.203,-2.121,-3.792,2.244,-30.233
49.028,65.09,70.977,10.451,1.249,-37.975,-3.464,-1.342,-20.43,0.45,-10.285,-26.119
50.38,48.951,23.382,-15.276,10.442,-28.32,0.139,7.299,-3.647,8.924,7.019,-22.064
50.174,42.393,46.181,-6.184,9.588,-32.08,-3.046,4.721,-14.258,10.784,-8.361,-41.751
52.223,70.855,21.995,6.536,-2.43,-15.99,-6.011,1.106,-23.0,3.733,-2.871,-17.321
49.842,53.366,43.572,-2.753,-12.666,-34.987,1.614,-9.077,-2.259,1.329,-6.584,-38.618
49.474,44.628,22.463,-1.013,1.036,-25.837,-6.859,-0.646,12.143,-6.189,-12.195,-35.163
48.864,12.061,11.581,2.913,-3.0,-34.825,-6.36,10.499,-13.829,35.094,14.044,-23.491
48.752,40.498,63.97,-2.33,2.729,-35.056,-21.208,16.701,-0.532,-2.614,10.279,-25.405
50.272,28.554,76.154,3.811,32.969,-52.508,24.762,1.374,43.449,24.21,-2.277,-32.553
52.641,69.038,13.598,8.073,22.324,-68.623,-0.27,19.79,0.264,-10.878,-8.242,1.111
50.511,19.42,47.091,9.873,27.997,-36.692,-2.549,-1.913,12.558,18.791,-11.964,-21.03
47.649,53.655,70.497,-11.684,32.084,-20.155,-17.05,3.905,23.168,24.167,2.425,-34.709
49.66,11.184,21.729,-5.843,-2.368,-48.157,-14.872,7.99,8.654,28.108,-5.746,-37.278
48.0,41.021,69.219,-12.335,16.016,-27.144,-22.674,3.607,16.878,21.011,3.796,-29.047
52.923,44.685,15.667,17.574,7.774,-31.073,-10.601,-9.652,-13.753,-2.279,-28.006,-31.813
49.094,18.249,17.576,-18.322,1.862,-35.874,-13.63,3.151,30.4,11.209,-5.143,-41.775
48.306,31.067,48.574,-12.862,25.126,-31.428,-24.579,-0.38,25.212,13.877,-17.877,-32.021
49.717,6.432,13.021,-19.014,-21.485,-63.754,-16.001,19.305,-6.988,18.442,-3.143,-20.945
47.536,36.573,71.262,-15.107,44.574,-14.73,-36.765,-11.536,0.693,11.808,-7.917,-4.328
47.924,13.823,88.983,-4.078,58.616,-30.9,-16.662,5.032,12.295,3.715,0.727,-6.354
50.556,60.662,62.093,-17.253,47.237,-18.154,-13.504,29.92,5.573,-6.039,-18.551,-2.914
50.03,43.513,85.754,23.744,11.887,-44.515,-2.396,14.167,-12.631,0.336,-0.545,-0.165
49.654,3.494,18.145,-16.242,-26.715,-63.146,9.056,16.851,-19.757,8.67,-13.662,-3.737
48.843,26.88,57.368,-16.98,7.621,-10.193,9.376,0.058,-2.593,9.178,-0.328,-18.642
49.549,-9.68,64.998,8.187,12.427,-28.382,25.123,12.362,-1.63,19.072,-9.042,-13.149
53.183,38.13,24.362,15.818,26.692,-30.094,5.641,-8.264,-2.351,7.622,-26.227,-6.189
50.805,5.189,46.161,-1.615,18.229,-36.54,16.462,15.261,-1.061,9.14,6.294,-16.553
49.7,40.848,65.254,46.699,56.73,-21.584,-0.521,13.907,5.553,-10.721,-19.98,11.248
41.293,21.188,97.443,63.557,76.916,-23.155,-87.725,4.857,-2.076,-4.61,-6.74,-10.731
35.367,14.679,92.626,22.715,86.322,-31.67,-92.287,2.154,-0.513,9.996,9.955,-8.398
31.215,23.224,85.331,74.927,74.244,-35.593,-96.504,8.585,-3.537,-23.096,-4.013,-9.774
23.83,-13.868,93.072,30.119,81.585,-26.433,-88.429,-12.81,-6.025,-1.131,-9.677,-10.97
17.618,-4.114,83.615,20.876,86.895,-22.621,-86.894,15.875,-7.5,-0.186,-6.918,-16.114
13.394,14.045,65.341,31.248,99.307,-37.067,-83.05,18.79,-14.825,-4.77,1.125,-19.984
6.683,68.205,30.329,7.424,104.769,-33.76,-65.125,23.329,-23.413,-0.229,-14.497,-32.556
3.021,106.951,0.689,-1.357,101.561,-51.695,-45.757,36.064,-13.112,-1.118,-4.937,-27.865
