6.491,156.061,113.913,-122.755,44.635,6.27,30.126,-32.061,-25.282,20.837,-13.772,-14.905
36.545,15.633,41.03,-52.208,46.827,38.487,6.137,-30.232,-37.231,28.853,22.282,17.202
42.208,-60.693,84.032,29.445,48.556,-1.704,-8.114,17.658,-26.104,-18.166,4.778,20.635
44.498,26.781,160.194,-26.217,61.424,40.075,7.889,11.428,13.983,-7.442,15.818,-52.017
45.988,26.852,126.557,72.322,50.778,-15.479,-15.651,1.964,15.896,7.185,-51.165,-57.58
37.96,20.383,104.044,24.304,20.841,-14.692,7.715,-29.952,-3.045,27.759,-31.821,-35.461
41.218,-45.713,71.921,76.919,79.301,24.9,-26.993,3.248,-4.724,21.439,-32.706,-21.922
27.012,-60.262,2.897,14.852,15.943,-23.96,3.812,-17.267,27.085,-5.242,-25.13,-7.838
37.949,0.594,27.581,-30.993,55.668,14.55,10.055,-34.281,-34.575,9.016,24.622,17.741
43.705,-7.323,72.632,-21.74,69.05,-8.493,-6.15,-15.441,-18.232,-8.053,12.605,42.46
43.833,44.503,58.015,39.272,64.826,-25.988,-29.258,-3.87,15.698,-20.784,-11.713,24.295
43.602,-20.099,103.735,-17.269,83.576,32.465,-13.066,-26.1,7.388,23.505,-11.881,-22.818
42.258,-39.391,84.826,17.574,54.954,-31.84,2.852,8.487,29.086,10.784,-14.153,-20.88
37.193,-60.355,0.332,109.941,45.464,4.341,-10.507,-10.315,-11.849,-15.73,-60.165,3.501
23.245,-95.539,10.916,-19.966,14.205,-49.13,13.346,9.242,-2.058,-3.648,3.97,-2.191
37.579,21.577,36.64,-31.357,56.794,18.503,6.976,-22.055,-44.296,7.361,19.845,21.534
42.053,66.186,54.866,13.53,45.998,-5.964,-18.306,-10.367,2.619,-19.997,10.689,32.897
44.702,-10.59,106.54,14.456,71.544,33.308,-6.42,-16.294,1.352,21.333,-15.745,-12.238
43.813,10.276,65.578,8.659,61.738,-0.096,-19.038,-17.045,-27.458,-1.559,-24.762,24.296
39.674,-42.218,102.719,58.327,28.127,-42.22,-16.668,0.747,-20.834,-15.45,-28.399,-15.745
31.329,-65.259,28.215,94.116,13.624,-24.693,-7.878,-4.548,-13.748,-8.04,-16.123,-6.854
29.8,-19.579,-27.642,56.029,10.769,-26.83,-8.096,-47.161,-5.12,21.162,-32.632,18.739
38.697,-15.154,68.985,-134.339,51.051,68.816,14.039,-45.416,-21.71,7.169,-0.185,18.453
47.232,25.577,67.753,-26.357,61.752,-14.442,-73.204,-1.259,-5.022,-28.636,12.332,-1.826
50.868,111.123,125.771,49.819,28.238,6.788,-29.367,5.327,-38.723,-13.959,-3.693,15.438
48.678,-0.166,127.339,20.286,59.192,-7.504,-28.035,20.492,-27.728,-0.061,-38.79,-11.889
44.925,10.842,109.883,27.458,43.283,-22.177,-4.128,12.04,-16.827,-24.653,0.249,7.746
43.739,3.744,118.577,17.361,16.128,-3.566,18.04,6.609,-31.352,-26.507,-16.524,11.634
45.62,80.576,91.62,-64.92,35.092,15.621,-9.069,-20.807,1.202,-29.746,-7.248,1.452
43.276,34.219,-5.488,64.887,30.921,-8.585,-17.557,-35.588,-21.698,-0.135,-42.395,23.892
41.858,-57.727,71.342,-112.769,44.84,16.761,10.364,8.437,-24.508,2.878,-3.109,11.79
42.049,0.614,23.238,17.629,36.724,-21.466,-20.587,49.27,-44.577,-24.82,11.504,24.185
46.529,-17.892,-34.621,-17.275,54.457,8.169,37.057,-46.472,-43.432,56.963,16.126,3.015
48.499,-26.003,-21.3,-3.869,64.028,-25.064,63.208,-38.595,-20.214,-13.981,16.951,-10.024
47.365,-74.32,24.112,9.572,27.008,-48.309,49.254,18.136,-0.671,-0.7,-9.968,13.46
51.157,-9.298,-4.155,75.185,8.808,-21.378,31.623,-68.595,11.432,23.629,-4.111,-9.495
47.147,-45.269,0.079,-21.786,42.174,-33.125,63.186,5.462,-2.783,-32.237,-3.337,-22.906
51.272,37.457,0.48,3.908,35.597,-44.376,70.128,-28.754,-34.378,-7.173,21.781,9.451
50.085,14.917,12.275,63.161,-10.0,-100.233,30.193,-59.423,-11.382,41.462,-26.55,32.399
49.151,-81.466,6.236,-16.566,22.26,-57.332,50.023,-4.882,-23.159,-4.081,27.554,5.606
48.527,-4.812,-3.088,82.534,27.65,-81.976,-21.422,-71.232,-15.299,41.792,-37.785,16.164
42.901,-25.219,-13.231,-22.621,24.152,-14.545,16.201,62.055,23.807,-38.207,-33.297,1.887
48.171,60.273,16.023,-33.544,31.406,81.735,-7.311,-35.075,-8.03,-16.468,-8.988,9.49
46.868,-3.659,25.924,5.837,24.281,1.537,-31.766,-0.344,-32.015,-0.317,-10.718,-7.97
46.062,-13.999,55.73,26.274,27.654,-36.543,13.291,9.131,-33.767,12.146,-4.108,22.106
45.877,-49.605,35.379,-38.631,27.806,-23.574,53.147,15.991,-49.012,-11.108,2.666,5.761
49.227,-6.054,-6.265,32.811,68.515,-52.557,43.698,-56.098,-36.312,23.73,-13.281,8.53
46.196,-111.347,44.016,-8.976,47.425,-37.381,18.259,2.049,-16.825,3.074,-6.695,11.388
49.26,-6.677,5.357,23.957,58.799,-52.613,16.873,-42.345,-13.914,26.971,-15.436,22.389
49.638,57.003,-14.916,-33.325,112.634,-33.449,47.812,-1.022,-11.23,-39.286,8.7,-2.677
52.555,34.661,53.112,57.668,56.295,-33.056,-11.096,-42.627,-0.043,28.34,21.577,7.767
50.345,46.958,56.039,4.786,112.545,-12.971,5.667,-1.371,2.156,-55.404,-12.616,12.808
50.877,59.789,83.019,69.08,43.115,-72.439,-17.321,-53.429,-21.066,42.861,-5.597,31.289
48.19,-0.114,88.665,22.131,87.081,-36.027,35.313,-33.214,-39.916,-13.018,16.959,3.13
48.665,-59.814,110.776,10.581,73.59,-29.124,11.076,13.184,-8.254,-1.388,0.184,21.864
51.095,16.054,58.16,81.048,74.797,7.827,10.202,-28.925,17.917,-40.924,4.764,21.016
48.601,1.054,-36.592,35.706,64.429,-80.237,20.304,-14.168,10.557,-7.903,-20.139,19.585
50.678,26.566,-20.535,9.187,12.231,38.566,16.548,-2.869,5.86,19.421,18.459,13.256
45.546,-13.566,-19.027,-20.396,-7.031,16.254,-2.486,-23.22,-15.183,-11.859,-17.938,-15.356
49.093,-65.163,38.335,-39.939,30.795,-6.17,53.738,26.419,-12.929,6.156,8.014,-9.206
49.401,121.178,-69.673,-18.473,38.223,-89.75,-7.609,53.831,19.614,-24.202,-11.416,16.807
50.191,17.867,-45.061,-60.86,-1.597,-44.596,-16.269,-15.271,-9.874,-12.603,-3.322,-29.089
51.193,17.712,1.058,-32.855,13.958,-42.41,-31.043,13.482,6.489,14.502,-12.385,-34.2
50.668,35.449,-29.071,-16.544,12.926,-56.795,-24.822,-31.639,-23.491,34.616,-34.562,-22.11
52.957,30.895,14.874,23.173,1.928,-59.596,-6.504,-44.741,-0.703,48.298,-27.651,-16.24
51.935,65.349,-5.876,-23.741,24.987,-47.725,-9.238,-19.124,-5.356,29.332,-19.418,-28.119
51.597,67.147,-13.203,30.33,-11.306,-40.1,-20.081,-35.961,5.594,19.211,17.447,-10.528
51.362,5.142,-34.485,-50.745,20.203,-76.29,6.817,-5.002,-0.624,9.768,-1.885,-7.127
51.17,35.076,4.737,37.062,16.611,-5.664,-4.87,-35.978,6.047,-21.532,-44.441,13.626
45.933,-19.017,2.043,10.022,13.757,-34.447,16.904,40.948,26.912,-10.85,-24.658,-11.997
51.223,76.027,32.698,52.735,51.414,-16.432,-15.056,-42.413,-4.282,41.083,-24.608,-0.143
45.49,70.938,18.01,-34.347,35.438,43.573,-0.528,-35.645,-1.506,-17.877,-42.573,14.406
47.791,25.951,64.397,-30.223,10.107,46.59,-24.545,41.87,-46.939,-18.228,-5.947,7.237
49.744,-25.41,-11.342,-71.763,20.689,-50.127,7.334,6.647,-4.595,-18.25,-13.881,-7.618
51.98,63.293,11.021,25.959,31.529,-25.357,-10.189,-36.354,-6.613,-1.928,10.264,-17.993
50.945,58.913,34.282,-33.135,27.841,-29.196,-3.513,15.912,2.584,-17.64,2.308,-24.525
53.356,64.267,65.47,25.287,27.997,-64.653,-41.937,-22.295,-10.925,38.899,-20.671,-4.099
51.67,79.666,52.519,9.746,51.933,-42.223,-18.27,-31.918,-26.625,25.797,-12.784,1.702
51.481,93.988,50.68,42.1,14.842,-78.51,-62.647,-30.468,-11.785,31.427,-6.149,11.115
52.094,72.446,64.644,16.083,50.639,-30.804,-7.294,-42.074,-43.162,26.983,-16.225,6.064
51.453,33.524,7.127,57.603,41.954,5.985,-21.624,-44.431,0.07,-9.306,-5.285,14.766
48.81,79.595,39.319,-33.581,-0.665,-24.378,-23.81,26.399,0.043,11.736,19.813,-25.403
52.353,94.576,-50.617,-19.463,-30.115,-65.593,-47.697,-1.259,7.093,0.604,-24.963,-0.625
48.094,110.304,-49.391,-43.012,1.391,-13.748,-3.717,-13.675,32.297,-8.541,-14.005,-0.571
48.84,-33.027,-30.324,-14.243,30.427,-12.248,13.331,80.516,-6.563,1.074,-15.646,9.531
51.408,-24.743,-4.721,-61.513,29.939,-16.709,21.392,-8.632,-3.655,4.967,-16.518,-22.36
52.783,14.149,26.775,-1.964,39.937,-31.071,24.578,-42.752,-25.302,2.108,-6.919,-34.576
53.298,22.055,26.366,10.812,22.273,-10.344,26.196,-24.49,13.25,-22.477,-25.066,-24.529
53.434,18.766,33.608,-6.693,53.709,-33.947,30.838,9.613,-7.852,18.701,-4.546,-37.179
53.136,29.627,25.635,40.805,4.186,-61.346,11.167,-43.416,-4.663,35.895,-16.847,-6.55
51.238,-3.484,55.888,-24.977,6.066,-35.619,22.335,16.947,4.922,-4.322,-9.122,-13.669
50.731,26.917,45.489,54.188,21.551,-73.894,-4.723,-38.266,-22.807,34.71,-46.182,11.617
47.317,152.869,-46.762,-14.633,88.449,-65.502,-17.121,-1.6,13.823,11.284,-7.284,18.328
51.876,36.244,51.933,73.704,43.77,12.809,8.056,-34.003,-11.891,12.974,-14.991,10.758
48.72,38.099,46.798,8.556,6.557,-8.33,-26.048,30.19,-19.91,-22.767,-6.387,-16.407
50.244,60.684,58.937,-16.58,14.093,6.652,-41.067,-21.039,-37.893,8.467,6.534,-24.246
49.525,-22.616,65.502,66.812,4.161,-40.199,0.082,-2.415,-43.431,-1.938,-21.364,-4.963
51.944,19.813,46.434,-0.274,57.017,-10.807,35.179,-20.686,-26.744,-25.167,19.331,-33.847
52.339,40.817,71.948,5.204,21.002,-28.905,18.226,-20.285,-25.568,-6.742,-2.892,-20.935
52.669,80.134,79.921,-9.851,31.303,-30.231,42.966,30.842,-38.45,-45.663,-4.996,-22.09
53.311,52.634,101.743,47.07,37.395,-7.473,14.645,-33.337,-24.639,-2.425,-0.026,-7.802
52.223,43.693,91.272,17.915,69.25,-27.956,-2.632,-18.537,-23.457,-19.348,3.329,-22.398
52.545,76.776,74.98,44.577,58.595,-22.677,-5.586,-40.24,-33.878,-17.711,-6.665,-26.959
52.123,-0.179,125.809,24.411,53.523,-34.06,0.781,2.842,-28.0,-9.93,-3.194,-9.274
53.146,32.313,104.427,70.353,43.212,-68.23,-14.372,-47.628,-41.347,35.761,-12.998,6.246
49.456,17.076,62.229,80.142,26.975,-5.824,-3.779,29.603,-24.262,-32.041,-39.782,-1.616
48.619,29.021,0.137,-66.629,8.181,85.037,-1.658,52.55,13.039,-33.728,7.017,-14.533
48.617,9.943,-8.648,15.016,-9.77,-47.854,-31.169,-8.289,-21.657,1.952,-37.858,-10.751
48.184,-51.863,12.312,-14.483,17.882,-17.823,14.976,9.083,-0.456,4.069,-6.25,-22.651
48.752,109.636,-67.73,-34.112,19.969,-29.037,-12.465,74.949,14.467,-35.182,8.237,10.214
49.53,59.324,-78.274,-44.498,24.313,-26.974,-0.475,-36.598,-19.842,64.556,3.136,5.003
49.312,9.462,2.797,-29.589,-9.342,-34.377,-11.835,-1.822,-24.441,1.512,-6.333,-18.135
48.075,-58.059,-36.537,-11.853,-28.182,-55.672,-11.173,16.686,-7.306,-4.196,1.055,-12.938
50.095,-5.471,30.243,-76.7,-5.085,10.914,9.551,-15.463,-0.314,-22.14,-24.619,-18.087
49.99,-47.568,17.88,-19.751,6.239,-20.881,22.045,-9.386,-19.628,-8.849,4.876,-14.95
52.059,10.769,17.431,-9.399,47.886,-41.853,50.162,-42.511,-50.365,6.943,-0.018,-6.864
51.401,33.927,3.488,53.644,-14.241,-50.928,-7.112,-41.113,-20.087,19.983,3.601,-4.668
50.249,14.377,-35.416,-21.804,31.094,-36.754,-6.814,2.044,-16.885,-10.292,-17.849,-6.73
50.352,1.403,41.321,-18.804,3.971,-3.498,5.618,22.774,-3.435,-11.864,-26.995,-9.532
48.291,-13.334,-6.893,-49.503,-9.44,-12.231,-0.044,25.571,-12.981,21.098,14.237,-11.915
48.796,86.703,6.68,-13.667,43.652,-36.185,-14.562,-62.222,-18.834,18.545,-11.659,0.91
48.279,22.651,29.254,42.176,17.254,-18.917,-21.497,-10.078,-36.75,-14.899,-29.088,8.982
51.3,82.022,43.095,72.789,40.972,-9.025,-12.386,-32.433,-30.534,31.606,-63.505,7.621
42.855,-53.766,31.102,-3.872,36.153,-30.127,14.756,20.597,-21.472,-5.63,-14.791,16.232
46.209,-3.825,61.123,-30.073,34.521,6.986,-7.247,51.937,-18.851,11.859,-1.213,3.594
47.594,-78.619,-8.668,-60.551,25.684,-71.225,13.682,8.35,-15.809,-2.588,8.625,-10.639
51.496,30.454,16.815,2.824,46.622,2.294,-4.428,-28.685,-5.533,-28.786,12.814,-27.128
52.46,71.129,52.986,-33.298,50.745,12.659,5.698,1.703,-25.733,-21.374,-16.011,-15.694
50.698,-2.316,92.793,59.45,41.384,5.784,-8.701,-3.5,-20.575,-14.703,-12.969,-20.276
48.276,30.298,72.744,-11.504,101.423,-17.232,6.696,29.615,-8.8,-66.95,-8.634,-7.875
50.261,34.798,103.616,-25.156,81.826,-19.714,5.282,-8.647,-40.183,-38.648,10.985,-6.84
51.468,52.106,91.041,100.676,38.843,-2.411,-19.413,-35.41,-34.549,-46.724,-8.583,4.976
48.333,109.776,77.664,-14.912,93.553,-5.206,-25.167,-29.209,24.383,-20.519,9.925,11.89
51.454,81.128,92.046,-7.474,64.458,-7.418,-36.845,-27.838,-6.61,2.154,-13.343,9.754
51.404,46.459,45.185,21.394,14.349,-9.917,-25.613,-6.023,-16.846,3.098,4.661,-11.65
49.465,110.959,151.059,13.729,32.616,-12.219,-38.041,6.933,-10.873,-19.589,21.621,-35.035
47.391,-68.067,-21.261,-2.571,-34.238,-95.883,-14.177,8.663,-13.563,-3.608,-6.682,-10.999
49.375,73.9,147.677,9.581,29.791,-8.898,-29.394,21.864,-31.678,-12.533,-3.345,-28.862
49.849,1.987,-3.102,34.653,-44.996,-1.763,-19.367,-11.832,-48.563,28.198,-43.021,-9.519
45.25,-4.726,11.952,-66.064,32.843,66.841,-12.056,141.126,-14.389,-19.142,-4.378,-8.126
48.879,25.209,48.371,-4.564,70.345,53.031,-9.793,-16.032,-29.292,53.515,6.904,17.557
44.964,55.694,-14.92,61.892,25.844,-58.255,-42.58,22.323,-12.821,-15.294,-4.329,25.742
44.912,157.206,25.025,-112.602,67.908,21.784,9.123,-128.812,-38.273,26.996,-55.524,15.278
45.797,119.426,83.374,20.616,138.249,9.211,-31.948,8.526,-28.799,53.791,-16.913,4.158
49.92,-0.912,-20.613,-108.77,3.571,-46.132,-28.294,60.424,18.879,-20.063,-7.256,-9.524
50.2,43.36,11.784,98.731,21.798,-41.293,-27.631,-42.221,-27.693,33.913,-54.565,21.304
45.512,-84.854,6.744,-110.78,-12.844,-66.88,7.057,58.662,-6.941,-17.622,21.968,-10.609
49.845,47.487,22.389,5.941,38.386,-37.69,-36.158,-8.794,26.645,4.016,-18.854,-11.506
50.828,92.152,54.225,-27.154,30.373,18.653,-15.797,-31.193,8.671,-11.667,-25.989,-5.72
50.454,86.213,94.693,48.388,71.493,-6.956,-45.378,-1.198,-10.937,-14.478,-24.879,-30.887
48.216,23.836,42.734,3.977,-38.503,-5.671,-3.461,-10.321,-24.599,-11.355,-20.266,-25.19
47.429,-38.094,-6.129,36.361,18.02,33.843,-15.508,0.927,-29.283,-14.164,-90.707,-8.346
47.438,-61.243,45.691,14.3,43.46,88.044,30.634,59.314,5.968,-43.111,-15.645,8.392
44.459,-69.801,6.141,42.519,50.99,32.465,-21.361,-32.0,6.761,-34.544,1.989,10.412
46.183,26.125,80.946,-77.575,50.029,64.42,-11.153,4.473,18.631,-64.872,-55.507,-3.294
49.087,-47.07,144.408,8.586,68.289,-16.311,18.312,17.306,-24.783,-30.259,-0.819,-19.554
48.265,28.567,41.909,80.522,65.494,-50.45,-52.243,53.684,-22.694,13.248,-3.597,20.613
49.783,68.558,117.907,-22.756,120.675,-9.731,-40.443,-24.081,-12.164,9.785,-18.302,-16.057
48.025,5.025,74.748,5.976,47.964,-21.725,4.684,21.062,-58.019,57.066,-14.732,3.417
51.283,93.357,26.712,60.368,59.384,20.803,-43.292,18.834,-2.27,-10.903,6.33,17.512
47.824,-52.807,-2.128,-78.495,10.066,-33.822,1.926,101.107,15.22,-20.913,-25.266,-6.116
46.512,73.759,56.8,-6.833,118.869,-61.027,-30.808,65.808,31.871,37.942,-15.544,-8.742
53.439,2.214,25.207,-18.616,-3.821,-77.318,14.38,-14.057,-1.008,32.291,-29.233,-4.283
50.929,33.829,27.817,47.785,-14.007,-43.629,-12.3,16.343,-2.382,8.161,-29.122,-31.222
48.054,44.409,-19.305,-66.54,39.844,-11.822,39.612,-35.702,-19.949,29.018,-34.245,-15.028
44.695,-82.368,-81.357,-56.855,30.869,-31.256,38.329,3.851,-30.279,23.784,26.461,-5.982
48.012,31.024,-60.223,19.666,0.525,-8.984,-14.579,82.554,-7.313,-25.777,-39.126,0.043
50.387,8.747,-16.38,27.222,33.883,49.716,9.118,6.375,-9.208,1.537,-35.854,0.952
48.545,82.109,-46.349,-56.292,25.552,75.824,36.015,-66.077,-7.528,27.849,-54.97,-1.456
51.68,22.317,21.885,-38.899,59.637,-28.151,45.162,-1.965,-17.755,19.417,-10.003,-19.449
49.821,102.344,-2.308,64.814,-20.769,-88.36,-25.537,23.865,-13.865,29.806,-45.739,-20.134
50.349,-11.962,-26.725,-67.111,29.654,-31.3,17.481,35.073,-25.456,-20.016,-26.163,-5.75
50.88,127.001,-11.829,12.971,28.016,-105.688,-36.833,53.753,8.204,47.424,-26.69,6.865
48.118,-55.438,-50.647,5.709,9.482,-48.507,-5.077,-7.903,-11.875,5.179,-25.786,13.925
45.898,-2.669,20.53,11.826,62.096,-19.017,0.577,47.828,30.11,-36.337,-53.696,-6.203
50.281,47.624,73.306,46.649,28.885,-72.391,16.904,-83.991,-34.696,70.114,-15.878,9.174
49.373,7.413,78.178,37.969,48.235,-17.097,-16.759,41.08,-14.23,-9.722,-26.514,-7.53
45.417,-49.54,168.023,-62.08,95.958,-10.132,-4.372,52.423,-13.383,-15.227,3.683,-24.728
47.627,103.839,169.054,51.446,54.486,-10.656,-38.976,48.309,-29.007,-29.595,-13.147,-31.256
47.502,-70.072,-2.266,-33.707,-21.563,-43.031,-0.364,54.783,-17.195,-14.446,-32.3,-1.389
46.152,122.391,-31.831,-57.954,-17.563,-13.137,-34.153,56.338,-15.422,-4.052,0.307,-23.782
47.845,4.453,6.739,19.311,36.152,-26.919,-4.364,-42.886,-31.339,51.249,-50.014,7.374
45.406,8.913,-4.146,-33.39,84.286,-39.176,-33.347,72.986,-0.528,-38.164,8.714,5.37
49.286,47.239,79.96,84.301,68.083,-101.817,-27.759,-61.74,-0.283,58.329,-27.897,-4.018
49.22,-71.363,131.862,7.986,75.444,-22.48,23.575,12.934,-37.996,-17.811,16.285,-5.719
50.262,-17.822,113.436,26.506,64.551,-19.977,2.926,24.692,-20.966,-29.444,-23.611,-20.809
47.8,-17.616,165.916,24.981,88.266,-14.169,-21.136,13.249,-24.461,-5.514,4.906,-15.376
50.055,124.194,145.44,112.254,68.427,-23.088,-14.875,-26.932,-2.706,3.014,45.043,-36.341
50.186,24.876,83.223,-25.699,13.312,8.746,-27.797,-20.993,-38.574,15.173,-19.913,-4.354
52.536,68.257,49.872,72.356,4.116,-44.146,-60.393,-38.909,-31.537,15.834,12.25,14.006
50.306,-32.579,23.098,1.216,-25.376,-27.302,2.429,48.628,-9.412,-34.268,-25.537,-26.581
47.69,-32.698,82.257,11.249,49.716,-41.159,-25.549,12.591,-2.254,9.03,5.502,-28.254
50.955,93.397,34.985,-45.311,44.795,-2.112,-3.121,-55.952,-2.484,0.642,-45.744,2.201
51.708,-22.217,41.371,5.038,13.833,-20.303,25.063,27.374,-20.844,-15.31,-23.867,-21.135
48.679,57.638,-35.691,-52.264,11.74,-31.512,21.02,-40.26,4.352,-24.782,-23.619,-2.588
51.569,13.523,-50.491,-7.439,25.479,-42.507,-7.201,3.737,7.236,7.344,0.567,-5.204
48.154,-86.592,-22.288,34.652,17.014,-26.007,22.506,11.832,-0.775,-9.204,-29.464,8.722
45.882,-84.367,-12.545,-51.674,33.086,1.284,25.175,62.771,27.527,4.836,-14.479,12.303
45.025,-62.13,5.227,-52.746,13.931,-4.57,15.35,-16.793,-21.534,-16.824,10.721,-6.916
47.394,-21.082,-21.619,4.418,8.889,11.399,0.202,34.717,-25.689,-11.567,-32.04,0.867
51.963,17.738,8.801,59.651,2.901,-51.977,18.481,-46.685,-19.054,77.81,-46.611,-4.271
46.203,-81.959,-8.867,-35.549,57.062,-2.983,29.012,7.698,-3.439,-9.836,-23.502,-25.715
50.206,-13.008,11.888,35.675,37.065,67.803,56.167,-48.774,18.87,-44.477,-28.127,-5.749
47.31,-62.111,16.155,-74.508,26.014,-4.36,18.228,51.813,-0.231,-18.673,14.874,-15.37
50.395,47.014,6.043,62.91,4.056,-61.345,-32.765,-58.346,-23.764,29.898,-54.078,8.468
43.754,23.028,-100.119,-42.703,88.451,-46.891,-1.379,13.52,30.595,-47.669,-4.398,3.09
43.095,-39.58,30.321,20.178,70.84,-31.373,26.199,17.677,18.838,-27.517,-28.61,-41.363
49.581,66.773,62.472,63.827,19.034,-54.12,0.298,-55.931,-28.119,61.588,-71.623,-4.701
45.097,20.144,56.231,-89.22,23.815,34.358,-36.311,-21.773,-42.318,24.165,5.431,-20.594
48.688,-61.077,72.332,52.344,71.162,-40.663,-16.617,4.554,-37.931,6.536,-29.342,-1.148
46.071,60.696,-41.68,4.663,8.624,-30.17,-40.398,62.284,11.754,-46.88,-22.146,-8.672
48.38,-0.418,-11.119,56.403,46.425,65.371,22.929,24.49,0.739,16.072,-25.306,0.528
47.066,-3.603,9.863,-51.917,70.421,41.31,41.546,-14.909,-44.244,58.326,0.589,3.067
51.0,49.904,30.32,21.677,44.123,-9.215,-49.859,17.259,-21.914,-2.083,-4.5,10.851
51.309,83.05,74.29,69.532,43.592,-50.146,-31.312,-30.375,-32.281,64.246,-34.282,13.224
49.797,32.312,101.158,-28.25,74.751,7.528,-21.784,25.937,-11.894,23.124,0.219,-1.961
52.208,94.562,82.448,25.284,28.529,-70.576,-73.984,-37.122,-31.433,41.309,-16.781,1.026
50.872,68.371,65.237,29.708,23.848,-1.993,-49.835,-25.173,-33.858,-11.255,-32.292,-2.593
49.146,25.295,73.192,-12.766,57.507,-37.402,-40.841,4.227,-27.83,-13.196,1.018,-23.775
51.17,47.317,18.337,58.912,45.211,23.247,-19.166,-53.949,-15.494,-20.779,-31.543,4.115
43.116,25.335,90.859,8.483,91.175,0.986,-7.807,-48.786,-5.264,-13.596,-32.4,-18.424
49.655,103.631,-9.797,-17.736,19.557,29.58,-36.929,1.384,10.273,25.456,6.819,-11.185
49.621,66.527,-23.74,8.471,-8.092,-6.535,-29.501,6.452,-2.635,47.211,-30.939,-3.026
47.678,-91.831,34.04,-33.211,39.248,-1.294,46.295,38.054,-0.217,-15.111,-17.352,-12.902
45.399,-109.112,-11.262,-66.438,15.404,-33.353,29.248,43.827,11.758,-17.758,-52.843,11.165
49.192,-83.431,34.791,-20.41,46.543,50.53,36.243,11.788,13.659,-20.672,2.856,8.437
47.429,-37.261,-26.421,11.07,3.768,-2.509,38.898,-11.985,-7.452,6.611,-6.221,9.266
51.908,17.407,-1.735,47.672,12.356,-49.715,20.234,-64.142,0.792,70.599,-13.549,3.764
48.274,17.654,-21.266,-41.587,-46.343,-23.381,-31.914,3.851,-13.08,6.867,0.382,-28.948
50.972,14.325,21.007,-43.562,10.414,-33.674,-17.058,22.549,5.754,18.674,-4.584,-40.554
51.212,50.497,21.707,43.021,-7.319,-70.458,-25.556,-32.955,-17.787,32.005,-56.556,3.004
47.329,-98.964,-17.582,-45.369,-32.048,-40.77,15.079,17.891,10.558,-20.896,8.153,-13.045
50.285,-15.57,29.021,-49.61,3.844,-27.273,-7.489,28.17,-6.11,-12.495,7.83,-23.925
51.406,53.695,-0.156,45.709,16.146,-79.012,-20.529,-7.36,-22.725,46.107,-49.012,11.727
43.398,-31.345,24.675,34.133,67.7,-25.121,22.146,4.174,18.909,5.029,-20.639,-39.932
48.955,38.906,56.56,87.242,30.274,-57.052,6.482,-58.73,-20.094,55.993,-84.646,5.449
45.632,16.601,5.016,36.623,13.119,35.419,-47.277,-7.183,-18.201,-25.876,-16.85,-3.188
47.973,-16.821,44.044,-15.662,62.138,23.788,-30.689,9.457,8.812,-48.999,4.519,-16.499
48.137,-7.52,-8.096,-15.824,-23.414,-8.728,-31.337,44.916,-18.648,-14.402,-24.36,-26.635
43.993,119.927,-29.332,-34.163,-41.378,10.543,12.818,-73.36,-11.928,26.005,-5.447,15.775
49.996,59.593,2.601,58.556,-12.142,28.358,-34.489,11.607,-12.191,-27.296,-33.102,-15.587
50.299,49.522,40.765,14.757,6.653,26.697,-50.358,-12.881,-13.076,-12.923,-3.084,-7.939
53.102,64.504,70.737,63.205,29.687,-57.06,-38.946,-19.334,-25.28,46.95,-23.359,16.356
47.687,-48.704,75.275,10.617,68.283,15.147,-23.799,10.461,-18.954,-9.767,-7.882,-3.294
50.841,54.777,68.759,91.588,69.163,-85.338,-22.122,-23.036,-31.023,34.63,-40.507,17.587
49.552,34.484,34.768,102.561,39.903,-74.6,-48.199,-77.096,-39.445,45.213,-24.49,29.128
44.205,-100.733,-0.113,-16.053,23.361,-8.736,-1.453,-35.215,-40.794,3.91,-52.875,15.413
43.3,3.079,-50.711,-29.74,55.096,-8.812,28.918,69.2,68.575,-89.41,-19.769,4.557
42.992,-2.903,86.276,70.024,115.89,-10.539,-16.256,-30.254,13.441,7.504,-48.329,-14.352
51.081,11.016,-32.401,5.427,-22.013,-74.522,-45.103,-16.077,3.041,26.634,-23.33,1.076
44.555,2.994,40.211,26.524,97.816,-3.578,-19.968,-69.611,-42.879,67.514,6.409,5.936
48.108,-25.279,1.868,-7.655,24.263,4.663,-23.955,-37.473,-2.886,-16.871,-22.488,-5.318
51.189,18.635,-23.28,-8.701,-7.859,2.862,-11.293,-7.602,-10.12,-18.187,17.15,-13.068
52.596,79.924,-51.759,-65.058,28.577,-37.01,-8.618,24.69,36.986,4.426,12.697,6.039
52.424,133.171,27.868,21.638,26.336,-26.071,-60.262,12.303,-6.013,-3.928,-15.879,-28.433
50.297,35.23,50.791,-32.49,70.69,-6.522,-10.442,-5.569,-37.524,10.502,-27.011,24.797
50.513,82.848,62.975,41.598,48.598,-18.915,-22.364,9.226,-27.862,-34.532,12.223,0.942
48.28,25.642,115.306,-2.602,87.082,-29.187,-28.269,11.081,-24.397,8.971,4.004,-24.228
49.397,26.283,103.692,-29.525,85.067,-31.668,-37.198,7.595,-22.467,15.261,-14.246,-3.191
51.832,49.481,44.388,8.091,30.779,0.929,-19.281,-23.085,-35.664,-2.394,9.156,-9.54
50.37,52.719,7.757,86.702,8.331,-33.852,-18.775,-61.743,-26.182,20.21,-42.022,9.611
48.712,9.341,0.253,-29.541,-2.129,-26.003,0.834,18.087,-36.828,-20.067,3.392,-43.16
48.816,61.928,64.471,-2.443,24.557,-20.997,15.277,7.462,-41.626,-5.272,-25.674,-36.124
49.846,46.105,35.877,107.57,16.255,-43.718,-3.8,-45.304,-40.27,42.685,-55.94,10.184
46.94,158.339,2.629,-21.406,9.482,-0.359,-42.688,15.051,-7.112,-7.048,-4.492,-0.322
47.731,46.909,89.892,-14.842,53.44,-18.032,-0.141,-48.935,-59.116,108.082,-13.626,-16.537
47.455,-24.723,-10.319,112.395,13.971,-15.994,4.404,-0.881,-48.133,-16.997,-86.35,-2.294
44.072,-18.513,-20.794,-51.773,69.298,46.52,59.66,-35.86,-14.638,8.277,-26.287,-10.446
51.162,25.803,20.993,12.979,86.839,-4.701,36.999,-10.772,-45.205,84.661,-0.227,7.595
50.001,37.541,-0.512,31.296,94.734,1.696,-8.654,-5.16,-28.934,-48.331,-33.274,11.381
51.964,82.72,59.757,77.776,68.235,-51.251,-39.957,-5.365,-21.885,61.437,-21.17,21.064
46.561,40.159,61.321,-37.1,150.972,0.393,-13.478,-8.32,-62.782,92.798,-28.407,-1.311
50.054,131.291,59.283,79.836,48.438,-70.315,-60.234,11.204,-26.038,55.747,-18.366,2.202
49.076,101.596,61.077,-45.832,79.859,11.438,-16.21,-63.179,-58.565,89.992,-10.264,-1.665
52.483,42.74,56.52,76.478,37.064,-55.072,-49.366,-62.366,-29.732,31.067,-3.462,-3.71
48.89,33.161,-48.401,2.799,36.617,-58.132,-22.674,72.775,9.328,10.95,10.631,2.394
43.504,6.12,108.257,34.503,124.255,-23.343,-24.378,3.896,14.528,-7.077,-38.839,-14.779
53.006,14.546,-7.686,6.85,-5.681,-63.409,4.209,-29.324,-20.742,27.842,-28.106,-12.763
47.115,-22.506,-12.359,47.846,15.834,-23.472,12.901,11.722,-47.155,20.637,-57.345,-23.796
47.428,-43.442,-25.975,-15.744,47.144,-15.411,-1.171,7.736,-15.72,50.28,-37.958,-26.166
47.257,33.632,-78.242,-46.231,43.303,18.398,3.595,-42.723,4.152,-8.297,-51.722,-16.035
50.854,4.31,-5.069,-5.618,13.052,27.961,0.35,27.658,-8.474,-16.889,-19.344,-18.367
50.139,44.974,1.344,-46.239,55.502,-5.809,15.376,-55.427,-25.607,89.71,-17.974,22.075
50.618,-53.828,3.001,-12.69,-3.724,-29.998,20.976,8.658,11.373,6.98,-21.723,12.043
52.164,57.466,15.405,27.236,-3.104,-40.214,11.774,-51.945,1.728,50.13,17.052,-22.493
51.564,30.937,-0.257,33.667,3.167,-8.395,-5.208,-12.732,3.926,-28.621,-39.452,-17.415
49.327,-76.566,-4.3,17.581,-19.76,-27.805,38.599,15.99,-21.315,-10.926,-17.014,3.94
50.482,18.087,-2.971,-38.297,72.713,-27.214,53.705,-15.405,-51.539,45.922,-22.687,-5.878
49.804,58.797,2.755,81.941,-30.245,-72.067,-28.833,-46.334,-14.159,34.701,-44.602,-4.388
50.592,-38.197,-11.16,-55.173,27.128,-34.085,32.666,4.258,-13.561,-8.789,-3.089,-13.166
51.318,37.036,24.325,71.712,20.756,-21.104,2.295,-43.905,0.113,9.919,1.763,-4.184
48.589,71.346,-51.437,-40.918,27.785,-18.92,6.613,-81.969,35.107,1.654,-51.113,18.291
48.004,-39.701,17.294,-40.386,-14.138,-7.838,14.848,18.251,-15.376,-0.881,11.329,-8.622
49.688,23.717,12.182,65.858,52.521,10.331,1.441,-42.348,-24.709,-39.252,-35.566,-6.63
50.585,26.348,53.824,72.137,40.927,-62.109,-17.86,-49.186,-20.199,49.848,-44.866,13.987
42.238,153.354,22.743,-30.81,35.704,2.073,-13.415,55.517,66.057,-68.749,5.719,-46.762
47.069,-62.887,91.009,1.811,77.996,1.762,-9.346,-23.505,-33.066,33.675,-13.888,-14.703
46.816,-10.055,83.514,11.26,69.558,-29.483,-28.664,101.82,-3.532,-13.106,-4.741,14.795
49.988,3.518,-21.866,-69.984,33.219,-67.337,19.186,10.93,-32.785,1.649,-16.646,-4.727
52.126,41.739,57.836,-8.714,19.296,-31.594,13.983,-49.391,-16.629,23.957,-0.995,0.707
51.738,63.299,23.757,66.288,80.409,-19.839,-8.863,-11.266,-50.472,-21.773,-53.897,-19.952
51.193,91.783,55.114,70.686,54.227,-69.471,-47.738,-24.759,-13.129,47.383,-27.589,7.795
48.517,90.883,69.454,-29.263,25.718,6.506,-60.616,36.146,-30.252,-6.968,14.544,-27.323
52.095,80.793,57.931,-14.374,68.4,-20.172,-59.696,5.598,-9.531,-32.326,9.166,-17.404
49.67,85.754,33.595,114.106,23.124,-32.926,-71.216,-37.141,-24.183,19.539,-41.976,13.745
48.139,-14.757,110.288,-55.467,73.071,44.099,-2.905,32.68,-8.025,-15.888,19.379,-13.62
51.508,31.225,75.191,82.029,36.761,-79.57,-22.618,-45.27,-35.124,37.897,-40.726,2.86
46.402,85.285,154.359,-10.041,116.907,-33.101,-25.996,95.225,-24.311,-46.494,10.021,-20.259
52.711,53.486,-25.486,1.059,-17.959,-65.839,-10.604,-29.794,-22.636,5.198,0.827,6.258
52.073,35.143,7.878,-1.275,5.727,-11.8,-24.717,-0.732,-3.372,-21.731,-23.003,-10.481
48.891,-99.449,-11.372,-33.73,6.889,-30.561,11.608,-0.599,0.421,-0.753,-24.53,4.333
49.376,-71.489,-22.42,-20.113,2.734,-15.167,20.201,-13.131,4.71,-13.66,-23.697,20.807
48.891,9.058,-15.233,15.756,-13.418,6.583,-25.159,28.975,-23.508,-23.01,-27.425,-20.539
49.701,28.195,-33.17,-109.098,6.757,-61.292,-7.079,39.419,5.136,-32.628,16.267,-25.066
49.472,163.477,3.052,59.65,38.253,-10.619,-82.306,13.774,-14.679,23.598,-47.906,6.842
45.892,0.481,-14.836,-19.447,109.29,-72.021,-29.358,-52.532,-6.883,62.523,-5.234,29.507
49.542,127.912,-27.757,53.383,66.084,0.958,-71.68,21.443,29.606,-25.539,-26.608,14.638
47.896,56.388,86.129,16.177,72.968,17.019,-13.824,-21.762,-40.416,62.261,17.613,-9.063
50.365,35.612,85.487,27.464,36.24,20.145,3.29,-38.154,-39.362,-37.91,-13.722,30.161
48.552,-98.044,21.228,-47.366,-22.77,-7.234,28.099,63.351,-23.787,-29.064,-26.135,0.372
50.072,-20.574,-30.674,-39.399,23.018,-53.377,21.289,-23.479,-21.12,-18.292,7.181,-23.178
51.239,63.271,59.966,65.51,19.245,-76.235,-21.309,-17.398,-31.013,44.564,-15.875,-6.565
44.147,-134.235,-48.998,-4.412,-18.113,-102.56,2.679,-4.619,-30.905,7.343,-22.341,-12.864
46.498,62.573,-47.007,-5.452,40.061,-55.305,-11.048,-25.537,-9.64,-17.013,3.889,4.258
45.555,55.721,-25.187,68.31,83.746,-46.622,11.942,-51.345,-5.28,57.001,-46.779,-12.035
50.663,71.644,41.427,51.716,-0.105,-43.325,-39.76,-31.353,-39.688,32.855,-56.44,14.55
48.522,75.198,24.017,-16.325,7.392,41.845,-50.644,-32.381,-27.695,15.649,-4.584,-14.336
49.444,-2.678,51.452,-9.742,55.77,15.447,-36.087,13.49,10.435,-19.532,7.257,-21.218
50.491,68.953,13.207,18.368,-9.048,-15.419,-44.744,-9.517,-15.191,-6.814,-46.054,-7.641
50.672,61.036,-12.115,15.797,24.642,-11.343,-21.056,-17.195,-31.522,37.387,-42.885,-14.645
46.9,66.164,21.686,-79.952,-8.595,47.194,35.495,-52.268,-37.385,-1.992,5.748,-0.515
50.466,65.857,10.707,9.793,19.068,-12.017,-36.417,16.971,-40.838,-29.835,-39.296,-2.625
50.901,75.882,44.242,85.557,49.854,11.816,-42.969,-6.063,-1.5,-8.796,16.812,-10.107
45.779,18.132,17.875,42.289,-12.711,15.998,-55.116,0.98,-32.677,-46.054,-22.608,-20.196
48.434,66.623,53.743,-22.64,123.904,-6.342,26.223,-57.143,-71.186,65.098,-11.745,0.011
49.523,100.634,33.952,62.629,40.898,-83.814,-53.875,-13.017,-27.612,49.248,-54.051,10.54
50.468,27.979,74.543,-42.369,60.03,1.325,-23.493,-10.218,-26.013,8.697,-25.232,-11.957
50.527,-7.688,-60.554,4.523,22.821,-71.965,15.907,-25.862,-3.559,-1.015,-15.714,-1.121
48.08,12.229,117.793,7.317,45.587,-17.754,16.891,41.659,-15.774,-32.771,-12.177,1.302
50.127,53.622,-91.234,28.795,-20.418,-91.504,-34.995,-7.024,14.872,-0.624,-18.758,5.078
47.956,49.386,-22.272,11.684,-59.867,8.087,-35.465,-40.993,-18.19,-17.644,-27.813,-19.055
46.35,-59.451,29.446,-36.365,9.614,-11.366,23.038,37.08,-8.317,-33.909,-24.851,-11.979
46.897,-61.058,-34.933,-29.471,100.173,-42.91,39.396,-17.035,-5.984,-1.322,-26.48,-32.138
49.925,-51.339,25.078,-7.608,33.19,-25.128,24.518,43.512,-6.434,-11.79,-24.236,-17.54
50.394,-19.103,38.272,-0.777,-14.973,9.162,45.345,22.574,-19.847,-12.188,-15.492,-0.624
50.923,48.856,22.155,-17.457,-13.228,-20.996,9.022,17.63,-4.72,-8.963,-2.069,-8.901
50.423,-8.393,4.939,27.08,30.697,-2.195,12.381,-50.18,-22.007,27.636,-64.897,7.51
47.594,-52.375,26.951,-46.624,-5.832,-17.059,52.404,46.895,-41.932,12.806,3.177,7.8
51.607,40.552,9.149,37.369,18.82,-92.476,17.803,-48.765,0.308,50.676,-28.223,-15.135
50.422,-21.01,27.413,-7.042,4.827,-31.324,32.298,28.779,-9.255,4.95,-20.743,-3.315
49.929,-5.466,19.442,-67.637,54.217,-31.856,22.3,24.114,6.433,-2.131,-10.379,-34.304
50.049,22.695,30.086,68.43,-11.101,-84.192,1.029,-62.664,-26.622,47.466,-51.509,7.885
46.173,-107.142,-89.206,-28.849,53.904,-107.532,30.053,-30.508,-28.357,22.07,-18.582,-7.815
47.685,-79.86,24.959,-32.93,19.057,-32.609,48.946,24.731,-15.419,-17.348,8.975,-7.573
50.251,-3.826,51.392,13.149,25.726,18.717,26.955,7.85,2.953,-47.582,-61.881,-17.12
46.61,-35.55,-56.441,-7.471,43.415,-26.073,33.539,-20.89,-19.833,-16.851,-44.304,-5.785
46.535,-29.003,41.229,-27.775,31.608,-14.697,34.87,49.564,6.783,-64.842,-14.362,-5.351
49.641,69.228,63.591,-6.132,34.787,61.399,34.041,-50.648,-0.188,-24.367,11.259,-12.822
48.893,51.119,38.56,34.121,10.327,6.818,-33.745,-2.174,-40.045,-30.473,-47.552,16.861
49.105,11.042,60.266,40.893,49.023,13.36,-24.102,-12.768,-43.818,23.527,20.086,-0.986
50.492,-22.132,49.873,0.06,28.608,-11.641,35.619,41.776,-28.472,-11.947,-12.41,8.306
47.392,25.745,4.775,28.647,-24.901,-21.03,-14.727,-10.58,-20.163,-3.515,-27.549,-11.556
46.19,11.932,25.313,-55.056,4.33,-2.434,6.276,-9.893,-42.116,11.442,2.284,-7.825
49.163,-4.195,49.351,-8.709,35.242,-18.584,-39.421,4.328,-39.371,-21.126,6.874,-1.809
49.736,18.284,72.333,10.924,39.642,-3.704,-43.672,-15.142,-27.187,-12.526,-24.867,-9.756
49.035,21.31,81.872,40.615,23.368,-4.066,-13.752,-17.609,-38.454,-6.538,-20.664,-1.655
47.27,11.884,65.175,3.417,35.446,9.633,-27.162,-31.063,-28.743,-21.06,-16.11,-7.494
47.579,78.445,70.734,-18.949,45.76,-2.045,-38.475,35.005,-36.48,-21.093,20.333,-16.103
47.956,10.976,110.019,-4.147,49.292,6.293,-19.154,-33.128,-40.517,2.759,-8.769,-16.906
48.666,-14.185,126.655,7.587,47.882,-20.405,-9.076,-0.465,-27.266,-20.547,-7.497,-14.358
49.562,-30.99,98.541,-6.624,58.454,-18.928,-6.962,23.275,-35.068,-20.648,-9.276,-7.312
47.522,-58.091,-32.874,-13.606,50.081,-44.412,27.864,-16.123,-36.99,22.639,3.186,-16.266
46.268,-96.725,19.486,-25.524,24.68,-46.036,43.893,-2.79,-17.035,7.997,-3.672,4.736
47.583,-73.509,5.676,-24.184,49.064,-22.328,50.283,16.024,-1.659,-46.087,-14.582,3.535
51.689,-17.199,16.193,51.473,10.061,-72.998,9.307,-52.085,13.045,50.742,-52.705,-17.059
46.592,-98.681,33.257,-29.928,3.193,-35.541,57.505,18.784,20.231,-10.971,-8.331,-14.138
48.969,13.864,-28.48,6.897,69.101,-35.095,77.421,-16.822,-2.585,-47.039,7.506,-21.265
49.103,-34.881,28.288,-4.196,28.8,-64.579,67.741,-22.349,-31.577,47.372,-21.541,-1.966
51.282,9.547,17.42,72.032,11.136,-77.04,35.855,-60.12,5.242,41.587,-15.52,11.25
49.76,-56.611,-12.378,-12.236,37.001,-57.046,53.31,-28.865,-22.147,-15.139,31.083,-2.589
49.014,13.079,14.892,73.757,43.032,-79.749,-35.733,-45.888,-6.504,39.679,-29.781,4.289
43.429,-83.653,-5.001,-20.921,20.216,-55.53,17.67,21.102,-20.008,21.334,9.431,2.058
41.311,27.333,-46.495,69.889,38.052,-70.385,9.145,-88.2,-31.552,53.211,-44.098,23.007
48.731,67.494,14.883,-18.617,26.056,69.439,-13.548,-33.856,-9.892,-6.563,-6.065,9.016
46.669,3.359,33.537,-5.918,13.634,10.135,-25.261,-3.938,-43.712,0.053,-20.353,-2.071
46.133,-26.797,57.944,23.546,31.193,-35.65,9.785,1.607,-35.074,14.291,-7.06,18.228
46.704,-43.94,39.771,-22.85,31.777,-33.761,49.308,15.521,-53.818,-19.091,4.945,11.079
48.882,-29.45,1.427,29.908,64.443,-59.075,33.733,-43.83,-35.379,30.186,-13.718,9.953
46.588,-88.665,44.618,1.248,35.596,-37.33,24.731,0.025,-12.476,-1.107,-6.355,18.948
48.63,-20.093,17.476,-8.396,56.023,-2.864,32.499,-9.699,4.105,-57.295,-8.147,10.13
48.437,42.206,-9.945,-8.363,89.465,-25.437,63.84,-31.668,-6.519,-52.957,7.566,-4.604
52.553,11.964,67.312,66.36,47.648,-65.475,-15.638,-52.838,-2.743,41.206,-26.046,3.846
49.163,-16.043,94.238,6.975,63.088,-44.256,-10.415,-1.825,7.716,-0.561,3.19,-3.286
50.87,46.452,68.343,10.925,118.175,-65.761,18.744,-18.859,-45.717,22.252,-17.341,-3.768
50.23,51.21,91.535,71.015,39.118,-81.815,-5.2,-44.141,-22.366,42.341,-28.616,27.519
50.397,27.313,79.436,36.885,105.359,-46.848,36.013,-59.422,-38.284,6.631,10.509,9.076
51.383,28.804,63.779,88.348,62.935,-60.069,-8.888,-55.818,-10.788,35.854,8.723,26.769
47.845,-14.58,-27.669,20.619,49.025,-94.382,13.524,-2.85,-0.299,3.146,-14.246,12.822
50.126,26.551,-15.193,-7.113,24.593,67.004,20.102,0.343,9.951,-1.16,10.13,7.408
45.3,-9.552,-10.695,-26.415,-7.376,8.224,11.094,-25.578,-13.881,-4.992,-19.722,-14.072
48.705,-47.545,26.628,-43.3,27.162,0.612,49.41,34.922,-21.736,-2.758,-2.862,4.863
46.979,169.146,-98.464,-51.206,9.655,-18.19,2.793,-40.109,32.823,-38.177,-28.361,15.269
50.221,16.718,-47.792,-57.131,0.478,-46.861,-15.21,-11.301,-10.515,-7.616,-18.194,-21.115
49.954,-2.667,18.993,-19.003,11.353,-41.228,0.574,-5.768,34.12,19.71,-17.605,-40.64
49.492,11.269,-15.658,-25.708,8.682,-33.391,-0.082,-19.28,12.123,-5.294,-21.961,-24.754
52.142,14.292,-0.222,-12.703,16.807,23.977,10.309,-38.598,12.979,-14.272,-15.321,-23.649
51.209,17.332,29.709,-23.888,-6.366,-24.667,3.973,3.355,1.184,-20.204,1.016,-29.0
52.521,72.453,-7.117,-4.794,14.877,-26.57,0.706,-19.958,-6.983,-17.104,-12.706,-30.84
51.411,59.583,-7.187,28.849,-15.498,-57.832,-23.019,-32.257,0.221,30.202,10.256,-9.4
50.437,1.384,-60.684,-36.258,18.431,-35.513,-4.659,-15.715,9.018,19.634,-12.109,-3.74
52.184,17.409,18.281,-55.464,4.389,-23.438,-12.67,19.592,1.825,-3.746,1.873,-0.529
50.335,25.387,12.664,25.753,3.032,-85.809,-27.933,-40.103,-16.298,30.686,-30.402,18.189
47.531,-9.953,15.66,24.864,-18.639,0.869,14.416,60.512,0.489,-27.094,-12.376,-24.507
51.151,68.675,45.429,39.17,33.226,-31.6,-22.73,-27.239,-10.341,50.725,-46.137,17.822
46.507,77.871,37.411,-36.785,24.474,52.196,2.386,-33.05,-10.27,-11.0,-43.613,6.425
46.378,26.325,66.347,-46.133,13.611,45.724,-18.456,35.292,-41.068,-11.575,-17.065,4.403
50.659,-11.578,-23.152,-52.192,37.28,-53.39,8.834,-2.899,-8.358,-3.31,-17.631,-8.649
50.737,5.653,49.89,-30.399,35.839,-32.208,-8.187,13.253,0.852,-12.151,-7.321,-22.618
52.329,106.556,14.445,-27.288,55.453,-41.059,-15.0,-5.074,-26.488,-17.791,-23.8,-41.164
52.912,72.884,48.868,38.688,33.648,-34.579,-41.831,-40.79,-5.251,36.048,4.525,-12.284
51.158,41.757,77.737,1.358,41.934,-33.742,-28.087,-12.151,-5.1,12.619,-6.705,-3.3
51.558,80.109,49.849,-0.939,57.846,-59.065,-21.947,-38.18,-32.423,29.246,5.442,4.563
51.244,83.332,58.315,25.902,17.105,-81.38,-65.342,-29.415,-16.795,29.505,-18.772,12.626
51.724,51.112,78.875,15.225,34.477,-17.595,-5.362,-24.54,-29.808,12.2,-13.277,6.205
51.717,54.88,48.463,62.82,29.454,-68.075,-33.506,-35.433,-7.824,31.73,-42.167,24.464
49.596,27.237,-94.801,-27.076,25.768,-85.24,10.59,2.785,5.885,-10.217,11.276,12.115
49.759,72.429,73.085,-11.017,-25.209,-29.904,-12.901,15.168,-16.189,-8.621,5.705,-34.295
50.909,162.841,27.132,-2.054,35.348,-8.263,-32.838,-44.893,-18.747,12.019,-23.316,-2.79
48.069,129.026,-37.396,-34.683,-5.479,-22.62,-4.703,11.766,23.974,2.506,-6.713,-0.077
48.455,-31.24,-54.7,-56.235,6.764,-59.174,-11.84,-24.801,4.841,32.275,-15.803,-10.347
48.553,-22.738,-38.205,-19.489,25.966,-27.736,-3.806,66.839,-8.398,11.473,-32.08,-1.309
51.727,-21.329,-5.718,-50.752,25.844,-15.764,23.912,-9.754,-23.666,-4.214,-1.391,-22.373
53.281,7.735,31.985,5.325,42.575,-48.802,10.242,-31.755,-38.163,21.279,-12.836,-32.831
52.295,-11.488,55.627,-15.834,1.602,-20.742,8.107,-8.65,-24.626,-11.746,-4.69,-10.719
53.859,32.924,27.625,-5.621,13.434,-10.943,7.325,-16.541,3.114,-33.056,-21.49,-11.504
50.777,-7.786,26.005,-15.699,-22.272,-18.966,26.511,21.627,-18.88,-12.852,-13.348,-4.487
53.354,33.104,24.706,4.922,47.037,-36.304,38.403,-49.204,-18.718,26.945,6.979,-30.595
53.397,18.7,47.44,44.994,17.857,-60.968,18.445,-39.262,4.949,31.491,-12.467,-20.676
26.42,86.236,-157.47,398.066,14.67,-240.414,-77.329,86.303,8.373,-87.879,54.552,-31.091
51.838,1.027,57.58,-26.705,5.164,-39.11,9.433,27.582,-0.16,-1.252,-10.193,-11.4
49.777,-31.772,34.44,39.878,-16.598,-28.099,17.688,10.585,-41.312,12.035,-16.09,2.196
46.818,140.578,-33.94,-25.586,88.894,-58.926,-4.951,3.339,22.165,8.71,-9.511,12.451
51.767,34.7,41.188,76.027,52.0,12.418,5.981,-38.853,-15.813,18.349,-13.291,11.269
49.14,28.671,37.628,-2.415,21.01,-4.386,-38.437,34.421,-24.781,-16.121,-4.7,-12.284
49.703,43.337,31.094,15.641,8.563,17.702,-43.743,-22.406,-33.158,11.428,-27.835,-12.806
51.186,23.505,45.535,-24.887,47.537,20.514,25.454,2.542,-30.994,-9.768,38.249,-35.994
53.193,67.645,56.182,12.578,56.903,-33.929,25.65,-9.59,-28.49,-8.679,0.668,-34.046
53.996,56.253,96.44,42.612,40.1,-52.304,-7.726,-31.151,-29.818,33.77,-22.799,13.971
52.338,19.812,124.273,29.268,68.376,-46.588,-2.874,-4.327,-12.049,2.283,1.324,-19.66
52.955,74.488,87.163,19.822,76.253,-24.093,6.306,-10.313,-22.986,-38.724,3.0,-27.898
52.535,55.643,103.82,34.97,40.36,-28.389,-15.371,-10.674,-18.371,-3.384,-26.524,-23.486
51.119,62.37,70.981,34.064,75.285,-64.543,18.342,-46.06,-54.807,14.046,-1.406,-12.119
52.853,9.808,142.316,20.855,45.097,-36.535,7.275,13.828,-30.094,-6.222,6.088,-10.089
53.688,62.412,125.612,36.688,23.274,-69.695,-6.077,-19.731,-37.546,23.56,-15.21,17.749
48.866,10.44,-21.873,64.057,7.44,-67.674,2.992,-1.879,-24.409,-44.116,-47.943,2.122
50.346,42.16,-24.289,-31.573,5.687,72.234,-3.943,36.084,11.687,-27.625,31.364,-22.926
48.781,23.292,-8.929,17.746,-17.338,-25.602,-28.1,-19.68,-28.766,18.548,-30.465,-12.674
47.89,-33.782,18.718,-31.121,1.535,-21.68,30.402,2.822,-16.646,3.541,-8.186,-10.677
47.77,63.24,-39.803,-38.065,0.245,-36.382,-12.897,94.887,3.963,-27.101,12.467,5.684
49.214,64.38,-75.605,-38.938,12.337,-29.681,-4.098,-30.992,-19.629,64.945,6.657,0.828
48.719,-0.625,2.633,-18.96,4.853,-30.331,2.312,8.682,3.981,10.288,-23.848,-24.34
48.938,24.571,-19.726,-9.609,13.025,-18.34,14.644,-28.892,-12.866,-9.675,6.859,-19.641
48.274,-53.315,-27.067,-19.625,-17.982,-44.82,-15.285,24.147,-10.175,9.826,13.053,-17.319
52.302,34.086,3.906,11.088,0.8,25.568,12.011,-35.521,5.471,-19.452,-1.015,-26.464
51.224,3.708,36.361,-41.07,34.955,-31.371,40.373,37.278,-23.712,-14.316,-16.119,-20.42
51.874,59.42,4.705,30.087,-4.899,-84.131,-16.009,3.533,-22.037,36.727,-4.32,-3.395
49.864,4.064,-81.248,-45.278,38.467,-70.32,2.963,-4.675,-3.495,30.891,16.965,-4.347
51.283,42.03,17.12,-31.545,26.674,-17.251,8.248,17.666,-12.08,-3.791,-26.98,-11.844
49.68,16.833,-21.07,-40.968,-4.498,-40.662,-3.485,16.934,-24.944,35.578,9.49,-13.341
49.909,102.095,18.505,9.155,42.652,-19.93,-7.113,-66.454,-25.294,-3.963,-44.687,5.72
50.616,67.394,38.149,72.587,39.144,-15.202,-18.701,-29.352,-21.304,37.87,-65.212,2.43
42.602,-58.137,24.655,4.52,35.06,-60.147,18.253,12.766,-11.821,-13.517,11.3,15.016
47.819,-32.038,82.182,-11.006,34.807,2.037,12.222,11.202,-23.034,-5.945,6.7,4.755
46.65,145.818,61.899,70.128,28.999,-39.917,19.473,-51.424,-10.242,-19.913,-20.353,46.165
49.267,-38.889,-29.508,-25.764,46.71,-69.776,19.397,-21.562,-31.535,-1.835,3.814,-11.271
51.412,45.529,24.153,12.917,33.324,-19.992,-1.678,-27.683,-18.775,3.305,33.917,-22.374
52.611,107.366,44.715,-16.633,58.527,-13.069,18.616,-30.577,-37.847,3.251,-30.277,-13.997
51.083,6.657,85.829,70.675,38.13,-11.42,-21.152,-8.184,-29.625,-9.689,-32.998,-4.595
47.424,5.791,111.137,-19.786,53.44,-27.384,-2.259,23.992,-33.253,-23.32,-0.462,2.406
51.312,62.828,82.295,-1.975,79.973,-10.514,27.438,-41.339,-43.186,-45.64,15.699,-11.195
50.892,70.566,103.613,106.296,21.105,-41.497,-5.63,-37.008,-50.664,4.162,-12.354,13.318
48.915,112.228,73.311,-9.269,74.346,-4.024,-16.824,-52.88,19.881,-7.139,3.638,20.27
51.125,42.939,112.061,39.251,37.397,17.291,-24.765,-7.741,-21.492,-21.115,-5.114,-15.632
49.717,23.927,65.907,14.376,11.642,5.458,-17.652,-2.115,-15.762,6.34,-1.018,-23.699
48.448,99.692,144.14,-14.659,36.37,16.358,-27.185,28.564,-1.901,-32.605,7.317,-31.569
47.269,-28.448,-31.167,13.697,-47.096,-94.297,-20.21,34.687,-2.957,-7.617,-9.365,-10.193
48.935,101.101,148.176,9.857,28.296,-5.277,-22.277,3.876,-35.437,0.553,0.046,-28.986
50.436,-7.923,-21.414,17.252,-62.934,-13.71,-19.536,-2.265,-34.19,-11.642,-59.441,-13.448
43.42,-78.692,-11.339,-30.104,18.076,84.497,8.233,49.015,-4.409,-35.862,-48.29,-4.349
48.784,-24.634,78.507,51.416,62.93,29.428,11.484,-12.675,-53.011,31.454,-26.54,12.877
48.538,-35.201,78.297,27.991,64.583,-12.63,-2.449,36.469,-33.464,-19.144,15.05,19.899
48.329,-8.875,41.723,17.408,53.644,3.306,8.422,-11.933,-36.538,11.506,-65.318,25.799
44.027,80.168,46.702,60.309,107.386,51.903,-27.33,-52.362,-19.406,-3.392,-42.99,-14.54
47.871,52.171,-1.186,-83.867,46.176,63.848,19.877,-32.632,-3.897,27.423,46.873,-24.512
49.385,25.747,-31.322,115.366,18.732,-61.1,-16.276,-60.611,-3.833,38.441,-40.582,10.893
47.0,-57.694,-22.977,-61.952,2.435,64.085,24.099,17.736,-23.415,10.955,33.679,-17.623
47.114,58.191,-17.978,-44.104,23.951,-3.755,-10.157,8.914,21.166,-12.52,-52.659,-20.96
51.297,65.366,76.058,49.737,20.89,-63.171,-1.136,-30.866,-27.298,64.526,-55.529,-4.27
45.667,-34.024,92.906,6.334,65.221,26.768,-14.006,10.422,-4.372,-29.254,-28.101,-21.626
48.836,23.156,-0.656,-56.81,-8.267,54.23,17.684,-33.925,-15.221,-14.916,-30.355,-0.517
49.439,-23.234,44.287,-41.671,10.875,-24.381,48.791,37.041,-17.965,22.63,-16.986,19.561
48.989,-34.334,12.555,73.975,49.726,-76.125,19.597,35.655,-36.778,12.291,-23.16,-12.685
45.787,-69.076,63.033,1.577,55.575,-49.209,35.473,32.039,-19.982,5.49,-6.347,-8.885
47.259,-73.454,82.566,-19.038,54.598,-21.188,12.699,6.197,-42.158,-13.579,-3.402,12.574
50.645,20.369,95.459,91.041,66.924,62.538,11.886,-9.526,-5.269,-63.315,-10.01,9.915
41.776,-95.262,128.484,4.818,143.686,-5.385,-30.722,24.182,-26.273,-21.927,-14.974,-22.818
46.923,150.821,109.552,12.489,108.732,45.896,-39.649,73.283,28.873,-55.729,19.864,-21.827
52.208,29.174,88.471,14.99,48.47,-28.504,-22.799,20.037,-50.855,9.918,-5.155,0.57
51.657,150.589,32.972,37.671,62.121,-77.863,-83.552,30.052,-1.417,16.687,-27.503,36.711
47.461,-30.302,-21.305,55.21,36.454,-66.463,-12.499,-38.662,-5.528,44.229,-31.663,0.855
51.689,4.224,-22.917,7.863,-2.794,-73.756,0.35,-20.876,-11.221,40.182,-12.933,-3.852
44.117,-66.596,-60.299,24.406,25.944,-21.389,10.387,-58.288,16.247,76.569,-49.508,-3.768
36.797,-130.647,-55.975,-56.942,-1.088,-38.947,49.559,29.656,-30.389,-26.741,8.261,-21.605
51.081,6.176,-29.837,-18.087,-9.831,20.441,15.2,35.267,-19.668,7.02,-1.945,-20.008
44.849,-37.564,-57.879,80.728,-25.534,-2.095,-2.124,20.401,-17.515,-7.303,-54.375,6.214
48.093,2.732,-37.275,8.401,22.005,42.66,8.028,-20.193,-12.182,10.821,11.592,-3.466
52.957,17.531,31.016,46.367,-5.614,-11.588,61.237,-61.767,-9.126,33.162,18.352,-3.076
48.632,-56.606,-21.227,65.704,-10.405,-26.511,11.542,26.345,-29.243,-2.17,-57.176,-22.932
42.134,-53.807,-4.07,-177.76,-10.152,4.175,31.708,-23.136,10.183,-12.651,7.086,-22.672
49.078,61.296,-0.659,84.185,-4.294,-107.563,-13.173,-38.944,1.491,45.869,-32.455,-6.494
49.071,130.797,-49.413,-30.312,40.541,-9.35,18.234,-91.467,-1.682,12.934,-20.231,-10.372
49.355,39.673,-36.507,76.032,20.678,-106.492,-9.609,16.703,-14.761,67.399,-37.382,11.865
47.571,-30.793,-39.925,-77.68,2.38,-53.686,-12.198,81.278,-14.079,0.33,-31.435,-13.361
48.473,13.341,-6.522,-14.692,81.754,-39.1,17.184,21.467,-28.301,78.806,-21.292,-18.055
49.961,133.378,0.698,53.486,27.937,-85.794,-0.324,-41.104,3.768,26.936,-21.695,-2.176
49.445,-16.554,83.965,22.184,63.128,1.582,18.759,31.908,-40.106,2.523,-32.291,-25.657
45.342,-8.046,107.147,62.81,70.476,-10.797,-44.4,31.494,-9.049,0.923,-7.106,-22.422
43.7,48.07,-4.033,-0.373,47.736,48.959,5.423,-40.978,-41.905,21.786,-84.946,6.209
48.729,-46.164,51.804,24.15,25.864,48.004,47.543,-14.749,-36.68,28.584,-31.76,5.599
47.285,-52.845,79.594,-28.144,50.367,5.113,19.93,36.895,-10.768,-2.428,-16.874,22.629
50.824,35.374,99.497,-35.616,72.804,12.241,7.155,-29.45,-11.364,-19.533,-30.638,36.033
47.541,-4.456,98.657,85.405,64.904,-13.713,-15.975,35.991,-38.848,-12.596,-47.998,-18.467
43.78,127.863,75.36,-74.851,121.258,24.294,-16.65,-89.63,-22.955,-33.127,-15.3,-7.33
46.011,59.666,111.795,49.27,81.821,15.197,-55.36,10.093,8.308,-28.802,-60.72,-12.485
46.35,169.626,92.506,-54.877,88.165,21.829,-15.926,-117.733,-15.514,-11.569,1.516,-20.395
48.152,35.083,-1.904,141.628,33.025,-38.902,-60.286,-67.536,-9.927,29.636,-29.482,20.785
50.133,-65.412,12.026,0.296,-20.522,-7.005,14.529,25.195,-30.22,-9.179,2.617,-15.502
45.334,43.351,59.044,21.235,85.412,-2.103,-32.995,8.285,16.809,-16.491,-56.98,-9.221
51.607,-2.662,16.874,19.273,9.65,-67.961,-6.822,-19.737,-20.032,30.511,-21.162,2.73
50.044,-34.521,-34.34,-62.296,-3.425,-24.103,-2.02,41.04,-21.678,13.744,-6.494,-7.722
48.421,-64.969,59.005,51.34,25.835,-26.162,32.751,21.27,-9.747,0.322,-20.763,-17.806
45.047,-129.963,-33.114,28.049,12.847,-19.267,23.066,24.946,11.615,-6.145,-71.927,9.316
39.947,-97.519,0.619,-138.495,41.25,82.211,56.809,-23.996,-16.39,7.752,-65.598,-0.917
46.386,-6.718,-1.474,-46.541,-18.26,34.182,12.144,5.234,-22.921,-9.771,-1.053,-22.047
48.474,17.53,-41.782,82.412,1.196,45.393,9.013,-50.119,18.094,-24.356,-46.2,-21.496
42.36,-97.114,-38.858,-58.516,-14.722,14.516,17.618,19.251,6.737,-3.876,3.753,-7.893
42.538,-103.748,12.608,-30.055,-5.836,-8.987,18.603,27.264,3.773,10.662,-13.102,-1.081
50.686,-17.905,21.274,104.605,10.387,-69.149,29.397,-63.456,-28.648,60.02,-75.336,24.215
45.663,-75.753,18.439,-56.263,8.114,-18.775,10.891,48.872,-1.219,-32.651,17.552,-9.48
49.809,58.086,6.104,81.729,17.96,-44.116,-32.55,-40.248,-18.458,40.711,-21.804,8.94
45.776,-93.704,-15.667,-61.568,23.737,-41.262,21.312,50.881,11.997,-35.114,-33.455,-1.22
43.394,-82.519,50.706,61.879,57.671,-21.3,30.615,-3.584,7.865,8.281,-25.745,-32.957
51.443,69.191,76.933,45.233,9.346,-39.672,-13.678,-53.032,-28.935,58.598,-40.471,10.008
47.661,6.467,68.778,56.508,2.745,-7.783,8.654,-17.633,-32.098,4.895,-36.888,26.353
48.313,-8.663,69.2,29.109,64.188,11.363,-5.74,45.228,-16.581,10.112,11.942,-4.749
47.845,-45.526,16.12,75.177,32.08,31.9,38.848,-3.092,-22.717,0.337,-55.418,-0.327
46.213,-98.722,80.129,-63.066,40.936,-6.744,40.887,30.598,-1.992,-5.806,1.287,3.109
48.321,-36.128,80.989,11.018,14.284,-13.562,-29.642,22.858,-36.566,-16.385,-7.314,-8.957
50.887,77.891,64.36,69.39,20.757,-64.896,-53.582,-46.687,-20.17,54.691,-17.364,-2.92
49.417,5.639,100.516,-8.292,36.43,-3.996,-61.998,-25.154,-38.921,-11.169,-2.349,-27.102
46.94,89.772,-5.343,154.324,11.433,-58.898,-74.524,-13.559,-33.299,28.211,-69.501,18.858
43.961,15.42,78.78,-76.83,75.215,44.244,-18.925,-4.617,-35.155,17.456,35.097,-17.023
51.403,64.895,73.889,90.176,28.12,-52.598,-41.729,-49.096,-39.939,40.945,-0.215,20.744
47.011,-33.894,71.473,114.76,36.741,21.744,-0.558,-4.481,-37.99,-42.154,-44.97,49.227
41.889,-26.554,85.165,-2.695,56.471,88.977,9.411,7.239,-24.957,17.925,-59.918,47.424
52.72,3.691,18.756,1.09,0.462,-59.941,-1.228,-30.81,-15.11,40.938,14.043,25.078
50.919,77.44,80.521,-6.419,-15.72,-30.95,-71.654,2.092,-32.149,-28.613,3.499,-23.807
49.552,-1.011,62.966,73.75,80.799,-11.518,-54.933,4.584,-38.609,23.157,-56.068,-4.083
48.416,-8.353,67.696,29.773,63.193,24.202,-2.434,-4.052,-40.414,-3.42,10.316,10.052
49.078,-98.531,22.854,-17.549,0.794,-23.392,39.011,43.755,-13.321,-18.773,-40.811,-5.992
42.994,144.226,-122.078,-60.54,8.384,-61.17,-0.105,-1.83,-25.723,-12.232,-9.814,1.625
48.187,-46.657,26.535,-18.906,32.996,17.088,14.075,-2.582,-38.003,53.232,-22.627,1.353
46.172,-90.528,-23.273,-8.064,-30.809,-20.515,13.178,44.844,-5.768,-45.321,-46.528,4.086
50.907,28.219,-16.642,68.431,-10.213,-25.905,4.632,-57.129,-10.124,66.446,-26.83,-8.589
48.796,-27.341,27.363,-41.543,-28.45,12.171,-5.048,-34.093,-24.924,-1.482,-31.194,-37.858
46.767,23.881,-66.568,142.984,4.458,30.558,2.341,-34.471,9.469,-26.898,-10.234,-22.16
47.009,-55.072,-18.084,-77.805,6.121,-1.323,9.033,26.685,-36.409,53.247,39.656,-29.282
49.241,30.039,10.278,81.485,-4.524,-86.367,-26.579,-42.304,-17.53,47.706,-46.712,-0.867
46.52,-67.676,-34.175,-15.796,-2.966,-34.191,5.782,42.997,-2.512,-32.212,3.585,2.248
45.401,21.191,32.008,-15.542,78.61,-59.509,0.363,66.671,37.952,16.705,-6.425,-25.269
50.165,43.759,57.827,82.694,31.745,-26.155,-9.289,-55.147,-31.048,69.285,-44.198,17.129
45.738,-76.908,104.489,-21.869,73.925,33.5,16.941,24.685,-17.697,23.311,28.524,1.287
49.158,-21.894,96.5,40.915,58.077,-30.481,-21.569,59.076,-34.85,-11.48,-16.579,3.271
48.914,-0.625,-35.385,-13.804,-14.883,-48.984,-28.106,19.714,-17.966,60.43,-0.765,4.569
46.083,-8.533,7.476,-22.894,33.479,-11.101,14.622,-19.269,-51.562,65.215,-44.132,-2.088
48.081,-64.775,50.491,43.732,38.992,-46.174,47.574,14.946,-41.061,-3.411,-25.369,-1.269
47.947,-80.946,85.483,36.909,53.997,-16.201,30.186,23.415,-43.724,-10.868,-7.406,10.749
52.095,30.634,107.517,98.837,49.497,-62.642,-10.645,-52.125,-37.754,60.287,-30.76,11.346
45.883,36.423,26.9,61.603,35.596,-26.379,-76.373,36.188,-26.693,-5.567,-31.547,-2.734
47.37,14.729,84.639,-38.755,57.079,50.294,-40.066,-6.613,-26.005,45.608,-1.273,-13.399
48.169,52.204,1.659,90.797,66.44,38.347,-43.342,2.805,-11.343,-36.102,-71.962,-7.483
47.855,60.532,80.427,-90.029,78.751,47.353,-13.008,-6.31,-60.276,51.309,12.197,-18.611
50.4,18.06,27.726,108.432,23.454,-76.979,-42.102,-50.465,-43.934,37.462,-65.964,10.311
45.476,-38.632,125.191,8.575,76.803,-16.149,-2.453,43.32,-13.724,-3.051,-19.944,-12.574
52.713,74.172,-41.095,1.229,-27.218,-28.873,-20.02,-9.324,6.263,10.127,21.978,0.236
50.793,-0.648,69.061,28.357,-1.074,-6.935,-14.215,-3.39,-43.386,-27.845,-15.757,0.321
48.668,-97.734,4.162,-65.694,-11.499,5.115,17.365,37.172,-13.881,2.872,-18.255,4.125
47.722,-2.684,72.181,-55.445,63.906,-26.342,47.375,-27.083,-27.519,8.729,-11.11,-25.097
48.033,-56.594,98.874,17.958,40.366,-13.55,-27.595,37.096,-39.427,-18.912,-2.952,2.044
45.472,-39.177,102.093,-2.075,66.956,-22.862,6.854,-25.124,-31.303,15.712,-25.565,5.686
46.674,-11.167,53.86,44.681,49.456,16.651,-41.064,5.324,-34.779,-10.321,-27.722,5.265
46.2,10.732,59.846,35.278,76.591,60.615,-21.967,4.92,-24.184,-18.154,-10.973,-7.852
45.037,-110.943,-69.787,-22.955,31.322,-70.625,34.665,-15.975,-21.094,15.08,21.994,-4.989
45.764,-47.934,13.657,-34.409,-17.46,-22.221,-3.774,18.836,-22.619,-31.109,15.147,-33.242
51.081,94.509,24.592,61.345,23.09,-1.294,-16.95,-2.939,-16.76,9.364,11.912,0.989
48.213,-8.761,-22.602,-89.307,1.586,-23.675,-3.211,90.28,14.246,-46.267,-4.019,0.423
48.625,94.001,16.383,58.971,68.034,-13.844,33.008,-43.169,-14.448,33.082,-53.89,0.872
50.871,58.972,62.21,66.52,39.116,28.437,27.87,-54.933,-13.005,38.622,14.741,2.806
46.521,-41.771,78.297,13.641,23.079,-6.908,-6.078,0.252,-51.7,-21.338,-7.68,16.402
46.663,-69.207,79.858,26.062,37.348,8.011,-13.343,11.792,-40.938,-20.268,-9.853,8.109
48.588,30.267,-1.899,-28.902,77.61,22.354,61.331,-50.2,-45.497,25.785,-12.796,-25.873
50.345,-25.998,49.99,21.695,53.083,-16.469,31.719,5.967,-38.305,-7.069,-23.231,-25.715
51.654,42.607,19.965,40.273,131.562,-23.145,26.519,2.754,-59.872,-15.305,-38.777,-3.549
51.018,23.325,65.55,119.556,69.911,-45.792,-22.34,-53.08,-27.455,53.771,-35.769,21.649
45.591,9.507,22.652,84.335,66.727,9.429,-35.84,33.011,-46.973,-16.733,-33.735,-1.757
48.277,51.201,73.545,-29.471,135.808,58.345,21.165,-1.897,-65.641,57.511,3.762,-13.321
50.247,88.845,50.759,113.764,41.002,-2.664,-44.39,-23.709,-35.457,13.413,-36.369,-1.009
47.802,41.781,93.498,-62.139,78.61,46.26,-6.141,-5.38,-58.129,53.023,6.278,-5.79
52.989,72.761,72.201,45.273,32.353,23.591,-35.097,-31.592,-8.638,-30.969,-0.221,-17.478
47.599,-21.942,-70.319,62.348,21.2,-68.565,19.706,-31.355,-2.399,-1.629,-43.871,10.158
47.762,-60.927,125.371,-36.722,60.8,27.523,23.588,46.586,-29.345,9.725,51.696,-13.017
50.709,-18.781,-29.557,67.181,-15.542,-50.783,1.361,-39.568,-19.621,11.884,-83.384,4.816
46.755,-64.285,39.594,-2.301,10.582,-23.321,40.025,18.512,-0.221,-17.553,12.668,-17.677
48.967,-84.891,64.443,19.096,23.289,-7.32,48.255,11.759,-19.199,9.333,-35.048,-10.713
49.744,47.031,-29.032,-12.466,25.972,-9.058,31.873,-49.604,-26.904,25.059,-41.942,-2.535
46.835,-45.502,28.71,-59.943,3.685,-33.716,39.816,-35.851,-28.532,27.243,-12.02,0.562
49.85,5.062,-5.009,43.714,49.313,-65.374,14.147,4.742,-43.168,24.329,-5.722,10.935
47.557,-10.484,-49.927,-48.309,-27.711,-48.458,-10.119,11.941,8.331,-28.24,15.218,-18.568
52.15,30.757,18.708,56.527,-10.12,-49.436,13.322,-49.306,-27.299,54.391,-31.719,-2.205
46.65,-118.625,-16.102,16.798,-15.265,-11.953,26.986,55.491,-21.081,-24.444,-57.633,-15.545
47.894,33.671,-30.446,-39.038,44.83,26.061,47.036,-56.17,-22.31,29.076,-7.208,-19.55
48.935,134.938,-56.837,45.695,18.016,-114.211,-25.896,20.577,11.849,7.292,-41.542,-2.701
40.912,-53.156,-34.984,3.458,-20.728,-5.316,-26.094,14.812,-15.28,-15.495,-40.787,-27.98
37.464,47.749,-36.505,-44.976,-38.325,26.968,1.07,6.207,-29.821,-15.727,-2.848,-7.749
46.332,52.654,64.838,-101.161,20.29,36.343,13.642,27.988,-33.36,28.344,12.272,-33.927
48.741,18.561,57.395,29.923,1.914,-15.668,-20.857,10.221,-40.798,-17.044,-32.091,-9.989
46.066,-0.757,52.92,43.663,39.235,-22.941,-13.565,72.466,-40.104,14.602,4.291,7.418
48.286,-15.28,74.801,59.847,81.357,-19.109,-7.448,-7.544,-30.684,32.698,-41.245,11.46
50.686,-30.936,89.398,60.49,43.329,-3.16,-2.411,-14.163,-37.725,-18.364,-48.545,-7.572
45.502,-66.733,16.441,-37.601,-13.827,-15.997,12.422,54.615,-8.248,-21.071,1.255,-0.312
47.04,-102.791,69.717,7.874,27.223,-39.362,37.838,0.149,-18.961,7.774,-5.596,2.366
47.277,-97.83,73.567,15.762,28.493,-19.871,26.564,19.737,-23.293,-5.292,-12.867,0.738
46.725,-18.627,64.838,73.758,19.352,20.281,-22.834,22.884,-27.374,0.885,-52.534,-23.895
42.844,5.658,26.618,36.217,54.447,-8.109,-27.403,3.97,-15.194,16.392,-54.672,2.876
43.784,74.096,52.9,-83.771,53.747,37.366,16.274,-51.849,-64.12,79.901,-47.469,0.4
45.459,-3.057,-9.334,52.088,-10.233,14.037,-7.036,37.349,-51.159,-17.457,-74.878,-8.032
44.531,102.207,38.937,-75.759,32.568,73.001,14.327,-30.511,-45.266,40.29,-5.938,-17.237
44.435,33.225,50.574,-43.073,81.811,23.916,17.336,-63.989,-49.383,8.015,-49.71,-18.013
47.206,14.227,-61.899,-48.958,-35.443,-13.259,-22.449,11.336,8.573,-59.841,45.475,-42.388
49.126,65.494,53.083,8.462,-23.845,-14.011,-53.693,10.843,-46.603,-8.241,-10.63,-13.995
51.369,6.992,3.689,-11.276,-12.534,-46.72,-10.654,27.043,-12.041,39.565,-22.936,3.933
49.982,51.677,-3.048,-15.129,34.512,-8.285,10.038,-41.968,-51.356,60.863,-25.431,3.899
49.454,8.52,3.391,-9.569,-14.918,-34.639,-29.879,51.813,-32.329,3.119,-3.441,1.865
51.541,57.962,1.835,18.241,19.189,33.528,38.002,-76.822,-13.291,51.951,-19.32,-3.831
49.664,-82.604,21.265,-0.661,1.858,-17.934,52.099,18.562,-10.873,8.997,-11.717,12.727
50.991,35.915,-18.327,-5.549,65.076,-19.388,32.586,-3.726,-32.183,32.295,-27.404,-24.702
51.79,59.65,9.593,39.236,-15.743,-72.515,-18.861,-52.178,-24.569,42.922,-42.456,-3.507
49.161,30.161,46.46,91.406,11.769,-77.698,-19.469,-42.617,-34.509,46.881,-45.813,0.743
47.475,-47.787,-5.745,-65.896,-27.589,-9.173,-1.547,37.325,14.248,-44.369,4.397,-11.808
48.121,52.391,16.399,79.784,59.607,-30.213,20.002,-61.577,-31.252,42.562,-46.474,-13.938
51.657,89.341,64.435,40.269,26.184,39.216,3.727,-26.497,-10.403,29.157,28.4,-24.674
48.589,49.427,51.819,20.324,-3.878,15.109,-56.183,-19.668,-44.219,-1.345,-30.689,-13.779
48.502,-17.78,67.409,1.641,24.766,-8.108,-17.832,6.697,-12.318,-4.989,4.068,6.69
49.32,-64.713,119.675,17.133,25.509,-44.742,58.807,22.591,-25.429,-7.951,-10.404,-5.276
51.624,-5.497,64.158,41.65,64.367,-12.932,87.44,-19.371,-27.478,-22.572,-0.027,-6.382
49.88,-25.257,68.48,-15.545,55.814,-11.143,56.649,-23.467,-24.232,12.071,-3.562,-4.34
50.307,34.434,20.854,88.06,125.091,-51.528,29.817,-24.898,-40.907,-12.561,-66.847,-21.149
51.583,39.908,68.739,86.808,56.275,-69.937,-24.225,-44.84,-35.284,36.812,-30.276,18.356
47.914,-31.294,91.293,42.501,36.352,-10.731,3.889,20.68,-58.78,-6.633,-13.362,14.539
49.9,56.619,16.096,-3.525,106.641,-18.216,-5.948,-4.309,-66.733,42.919,-7.711,0.817
50.291,37.303,59.805,106.23,53.468,51.579,-20.788,-24.058,-15.951,-57.832,-27.689,4.464
46.797,95.475,113.262,-68.079,70.341,37.004,-13.888,-35.89,-32.4,-18.583,1.382,-25.811
51.5,50.012,45.563,99.402,31.437,-51.668,-52.574,-55.7,-20.599,31.219,-48.127,-0.683
46.933,-16.672,-22.364,60.298,63.047,-25.829,9.117,-40.24,9.932,-13.827,32.924,-11.843
51.979,51.928,-43.078,23.381,-0.152,-24.15,-19.261,11.066,-10.463,28.612,-13.703,2.51
49.594,5.51,13.561,-27.844,31.631,22.238,9.151,17.259,-28.015,35.88,-31.0,-6.545
50.765,55.77,-34.149,3.319,39.786,5.977,13.064,-16.302,7.31,31.404,-4.589,7.867
49.922,-1.346,-38.715,-28.479,41.702,17.95,37.788,-5.879,-25.081,15.597,-14.452,-14.8
48.043,-26.062,10.969,4.212,20.492,28.346,11.411,4.714,-53.953,28.809,-25.326,-8.01
48.228,-29.954,-44.405,-26.717,-9.608,-35.321,-4.785,56.948,-2.836,-31.513,-7.266,-7.931
51.475,-5.425,16.851,70.313,-6.672,-64.287,23.007,-72.317,-35.714,55.544,-56.921,6.223
46.318,-43.491,30.18,-110.146,0.661,-32.178,26.799,61.908,-4.902,-12.596,-2.023,-30.992
52.381,13.563,44.922,40.534,8.418,23.709,12.462,-17.529,-5.877,-33.481,-36.251,-30.988
47.781,-40.443,-53.191,-2.048,22.002,-48.609,18.985,-10.359,-32.101,-1.703,34.033,-34.491
50.527,30.489,3.151,93.167,15.491,2.229,2.772,-71.912,-9.696,17.937,-11.917,-9.01
46.088,-54.796,-91.882,7.178,38.73,-18.484,32.751,-41.376,-0.519,-17.158,16.817,-13.174
42.607,-50.17,-1.715,-14.36,37.086,-7.639,5.62,-28.736,0.665,-41.824,-34.713,-0.448
52.272,67.087,67.83,62.03,20.4,-36.22,-19.474,-27.424,-41.425,42.759,-34.442,9.346
51.216,15.068,94.305,29.55,64.228,-6.57,-23.755,-1.617,-40.848,29.665,-8.902,6.436
48.827,-36.443,69.251,56.411,72.544,-10.548,-15.81,-25.483,-16.312,0.369,0.239,6.284
47.405,-98.762,9.199,15.846,7.173,-21.662,18.156,38.525,-2.867,-25.272,-22.475,15.672
47.519,4.776,64.032,67.001,40.481,49.499,-29.353,-34.112,-14.333,-27.878,-18.553,-7.991
47.578,6.257,64.966,4.607,63.565,8.319,-25.658,30.897,-30.519,23.775,2.758,-3.925
48.862,-54.367,87.49,42.65,64.48,-4.161,-4.731,-7.338,-47.086,-13.768,-25.627,7.185
46.938,-67.002,77.867,1.582,76.875,16.446,0.595,16.039,-12.807,-6.09,-24.135,18.749
49.034,-53.992,117.614,18.978,54.677,0.073,-10.23,8.034,-49.479,-10.181,23.385,12.713
48.441,-53.189,119.281,58.397,46.064,-0.032,-13.821,-15.302,-49.109,-28.462,-30.092,6.459
46.13,-52.939,39.708,28.913,43.303,27.539,-36.319,35.814,-19.523,-35.971,-4.508,-21.323
46.193,0.292,93.632,-46.334,79.272,47.699,-2.309,-17.898,-0.106,-27.104,-15.023,-4.112
44.51,-89.354,72.014,-83.511,48.404,-27.752,0.027,24.587,6.967,-13.05,-10.537,-7.577
47.398,-90.091,-36.368,-36.675,24.99,-63.0,26.44,-6.261,-19.327,-14.224,-3.633,-6.743
46.97,-92.438,18.711,-23.692,17.557,-40.372,31.087,3.494,-13.746,1.801,-5.755,7.135
48.916,-7.17,-36.71,20.895,64.284,-66.517,47.36,-51.179,-28.438,31.234,-8.408,6.618
48.318,-57.889,37.644,-41.246,6.365,-8.982,46.567,5.601,12.659,-2.136,-28.234,-2.164
49.372,1.984,-33.189,0.086,94.309,-62.296,55.811,-18.783,-36.946,44.803,-28.37,-10.625
50.191,22.083,-5.618,72.256,9.606,-39.36,41.97,-53.199,23.935,18.509,31.499,5.554
49.274,-66.026,8.344,-20.398,34.263,-26.436,58.353,6.561,-14.086,-28.269,14.462,3.764
48.556,18.155,15.859,75.841,38.618,-78.952,-27.343,-52.27,-11.68,40.659,-26.613,2.108
43.858,-134.397,-48.307,-32.771,-5.31,-66.433,13.635,0.664,-4.296,27.924,10.248,-2.953
45.266,-57.535,-5.646,-63.256,19.856,-42.46,11.627,47.79,5.56,-22.293,6.322,4.701
44.74,8.933,-24.639,71.815,91.842,-63.099,14.342,-90.916,-13.971,55.963,-48.694,-2.653
49.235,40.849,41.336,-37.526,39.066,60.641,8.353,-39.105,1.075,-34.473,0.76,17.066
47.772,-8.095,50.074,23.339,25.231,-16.492,-10.325,12.538,-33.15,-10.749,-17.274,15.404
46.617,-39.259,57.491,35.523,50.874,-40.456,4.647,9.74,-21.134,22.071,0.952,6.785
46.903,-47.868,43.363,-16.889,34.808,-27.596,48.569,18.375,-49.971,-18.863,4.323,1.861
49.082,-18.932,-4.474,36.238,66.999,-57.774,36.909,-61.684,-43.099,21.51,-1.643,12.789
48.149,-45.087,58.186,-46.573,31.954,-33.361,15.163,16.471,4.235,-14.044,-2.307,14.284
49.632,44.921,-28.102,26.547,92.448,-38.422,34.19,-32.918,-15.254,-41.905,-7.887,0.728
52.4,23.03,53.865,66.713,60.442,-42.325,-16.364,-43.78,-2.222,48.396,2.29,3.899
51.283,64.494,63.752,9.752,104.654,-53.149,0.697,-30.585,-40.8,24.77,0.445,2.953
51.441,59.61,95.243,61.314,35.619,-70.78,-24.746,-50.837,-16.013,42.187,-20.973,13.917
49.49,13.632,72.383,14.426,97.545,-56.416,10.452,-45.087,-30.913,26.652,-5.16,15.544
50.711,-7.679,112.757,-8.705,61.31,-19.89,-0.145,16.26,-4.048,-18.652,-21.225,31.285
48.719,-19.2,51.38,49.257,44.797,-18.518,3.312,14.895,-24.922,-20.39,-31.466,7.931
48.574,-1.061,14.741,-54.057,45.856,79.934,16.892,9.749,26.372,-25.075,-12.819,1.799
46.4,-33.189,1.414,-19.97,20.377,10.2,13.444,-16.986,-3.603,0.304,-23.885,-14.368
49.058,-62.974,31.185,-42.036,38.298,-4.311,44.426,19.811,-14.731,-7.512,8.006,-12.177
49.149,66.411,-57.435,-15.893,61.92,-101.394,-0.179,35.095,6.325,8.481,-13.699,14.655
48.202,133.491,-93.801,-24.084,34.914,-30.779,-13.461,-63.656,30.561,8.876,-39.778,-6.774
50.46,15.127,-50.322,-48.591,5.623,-48.341,-16.281,-18.115,-11.174,-2.369,-16.081,-20.905
49.694,-2.108,10.875,-12.819,16.242,-48.8,3.305,-3.689,26.224,15.083,-16.976,-38.158
49.815,20.956,-11.34,-18.137,1.776,-24.184,4.916,-20.489,9.856,-6.381,-20.038,-21.156
53.058,26.535,20.919,26.6,15.185,-45.039,1.725,-47.038,-6.382,40.412,-23.53,-18.995
50.283,-38.595,5.078,-12.68,10.089,-39.589,2.878,20.56,12.57,5.188,-14.477,-15.509
51.842,60.227,-1.764,-33.661,24.423,-25.633,0.918,5.917,8.174,-25.292,-2.044,-27.113
51.84,50.362,-0.009,24.398,-5.599,-53.062,-23.649,-31.586,1.094,37.592,8.175,-17.662
51.598,7.273,-28.514,-55.786,11.906,-68.03,-17.585,-5.443,-6.162,15.665,-3.471,-12.094
51.956,16.64,6.994,42.815,24.433,-53.391,-33.563,-52.433,-10.162,31.567,-6.062,11.173
46.045,-56.171,-3.438,-9.109,13.78,-12.923,7.855,35.512,9.944,-27.988,-10.935,-12.813
51.558,51.153,60.99,27.279,50.319,-57.139,-14.437,-60.125,1.458,58.347,-10.712,-5.02
50.917,25.264,30.766,73.063,53.597,-21.699,-11.609,4.942,-0.3,-1.688,-26.658,22.72
47.707,53.845,23.358,9.523,56.142,31.234,-5.239,-64.625,-5.441,-0.071,-37.622,-0.146
48.642,-16.203,47.778,-18.867,38.411,8.051,-19.223,23.176,-25.166,-19.429,-11.116,-8.871
51.446,-1.65,24.437,9.382,9.7,-24.864,-7.599,-5.542,-8.135,-3.873,-13.124,-13.864
52.172,55.084,21.706,28.028,40.265,-41.484,-9.154,-32.071,-13.162,20.142,5.616,-25.802
52.159,106.28,2.645,-13.282,52.592,-33.701,-21.423,-19.752,-29.763,-6.202,-19.996,-30.459
52.271,72.182,51.517,18.983,33.815,4.669,-21.731,-33.894,2.293,-2.398,3.058,-15.028
50.44,48.656,60.901,0.717,50.624,-42.154,-26.441,-30.854,-16.018,23.992,-12.451,-5.483
51.738,35.128,54.609,21.964,90.226,-50.453,-23.379,-39.355,-20.32,15.09,-3.078,-20.973
52.014,69.699,52.958,48.43,42.721,-28.21,-54.047,-35.314,7.5,8.925,25.519,-12.693
52.338,65.793,68.64,10.751,45.955,-28.963,-12.272,-39.06,-34.119,23.774,-19.62,5.728
51.39,36.545,45.252,71.82,30.042,-71.3,-32.306,-42.517,-16.26,29.599,-38.354,22.84
48.266,-0.958,-92.048,-42.716,31.762,-97.275,23.343,10.751,12.926,-19.277,6.807,10.439
50.18,27.663,58.884,-14.558,-6.53,-18.708,-25.4,10.583,-12.692,-14.325,9.878,-32.605
50.692,88.054,66.696,-14.28,49.475,-4.125,-45.473,15.114,1.993,-8.09,-30.494,-17.646
50.462,69.352,-40.786,-23.824,34.256,-31.072,-20.985,-28.991,26.516,27.115,-30.063,2.357
49.563,-42.583,-21.986,-34.218,42.938,-32.537,-0.549,68.813,-7.274,12.766,-28.018,-12.261
51.246,-41.684,10.699,-60.603,11.345,6.894,23.25,14.306,-4.697,-26.635,12.224,-21.82
53.526,15.204,28.517,8.013,48.862,-23.3,28.698,-33.592,-27.375,-10.009,5.314,-32.09
52.298,6.831,43.049,-10.039,-1.544,-17.446,15.327,4.591,-2.187,-17.783,-25.959,-10.114
51.034,-7.391,32.526,-12.663,-15.5,-27.15,27.875,12.87,-17.811,-8.407,-0.642,-4.849
53.469,35.388,32.978,1.432,47.569,-39.984,46.208,-29.464,-21.16,14.231,5.177,-26.018
53.323,26.255,44.792,44.093,11.709,-67.125,17.275,-32.055,-1.587,29.889,3.615,-11.483
52.524,-25.568,10.951,-42.755,9.97,-60.492,14.362,-7.744,-5.345,-4.454,-8.121,-12.637
51.836,33.028,55.593,84.262,18.324,-27.987,-21.16,-41.785,-46.377,13.177,-21.025,25.681
50.111,92.725,34.024,-7.11,102.045,7.207,16.517,20.284,-4.001,-58.024,13.267,13.722
52.627,35.776,59.855,83.561,62.321,14.788,-7.266,-30.13,-14.569,18.183,-12.198,14.911
50.28,37.329,63.874,7.687,26.581,-13.595,-48.035,33.823,-25.59,-14.647,-5.321,-3.119
50.408,34.476,45.919,22.644,22.33,7.728,-49.554,-23.913,-29.408,11.079,-21.998,-3.88
50.923,-0.179,48.517,-19.529,58.467,51.781,51.574,-17.423,-28.05,-23.836,15.007,-38.951
51.483,-8.14,76.837,3.134,26.257,-29.426,16.114,15.983,-9.061,-5.97,-8.167,-9.863
52.173,13.819,76.37,-16.729,16.971,-25.177,0.054,-4.604,-14.845,-3.638,-0.335,-13.037
52.997,51.021,52.825,-7.28,48.666,-27.948,0.475,15.945,-6.853,-25.463,-14.426,-16.235
53.526,45.883,86.784,45.904,49.665,-3.483,0.742,-36.489,-14.588,1.632,9.813,-0.925
52.749,76.363,85.523,4.054,80.334,-32.225,6.528,-22.343,-31.385,-15.019,8.997,-29.728
52.104,64.135,97.68,56.104,27.473,-73.347,-13.121,-38.017,-24.769,37.526,-19.43,-0.098
51.997,50.014,94.877,6.021,81.529,-54.063,9.71,-18.652,-32.227,22.554,-7.756,-7.596
53.64,69.83,116.512,39.781,21.863,-61.879,-12.978,-12.692,-36.837,29.005,-15.537,16.49
49.861,3.41,-16.542,66.258,23.765,-65.996,6.44,-35.007,-25.496,-30.177,-40.274,-7.783
50.42,28.945,-15.956,-31.972,7.364,61.737,-6.69,31.639,13.436,-26.441,26.926,-22.91
49.405,-4.418,2.935,19.104,5.092,-36.717,-23.575,-29.789,-17.897,24.138,-40.078,-6.923
48.417,-41.846,12.287,-18.808,19.416,-10.942,21.829,-3.887,-2.035,-9.731,-17.163,-11.783
49.372,60.985,-37.491,-41.352,33.911,-25.582,-9.372,74.576,19.268,-27.942,9.865,-5.57
49.754,55.588,-70.432,-46.327,25.91,-37.014,5.641,-33.257,-15.707,56.103,-3.094,-0.848
49.626,-4.116,8.761,-24.128,17.7,-29.421,6.236,3.033,4.244,14.597,-10.055,-8.537
48.541,-49.846,0.145,-22.331,-7.473,-31.461,0.536,6.532,-11.078,-1.648,-1.819,-1.004
52.317,17.018,12.646,6.167,5.641,31.256,24.186,-54.413,2.166,-11.815,1.201,-12.153
51.814,-2.185,32.542,-27.672,43.564,-51.501,34.595,3.23,-59.775,23.387,-20.837,-7.958
51.658,26.371,15.768,41.847,-4.025,-71.373,-11.065,-43.116,-10.835,36.024,-6.562,-9.588
50.696,18.715,-28.073,-16.605,30.002,-39.396,2.321,2.937,-23.567,-10.46,-23.199,3.125
49.563,-9.558,32.286,-24.918,-2.297,-29.601,6.252,-0.927,-26.317,-0.729,-0.208,-0.7
51.221,24.938,13.566,70.668,17.728,-48.957,-1.366,-50.298,-15.545,22.952,-4.551,0.442
49.93,17.633,-9.337,8.156,-21.188,-51.487,-5.927,-7.586,-14.074,13.134,-4.153,0.519
50.281,73.92,28.858,23.665,38.099,-9.576,-7.788,-55.541,-20.409,-1.492,-14.782,6.703
50.136,47.062,31.638,88.217,39.431,-27.0,-15.812,-48.337,-20.051,37.416,-51.924,-0.429
47.079,-43.215,86.134,-23.784,36.552,14.568,15.366,2.304,-18.744,-11.09,0.367,1.725
49.274,46.547,44.12,23.079,48.482,-30.505,7.237,-79.566,-13.011,9.502,-18.68,12.574
51.251,50.379,42.504,34.023,15.483,-58.608,11.293,-33.821,-17.145,30.193,-1.805,-10.609
52.706,85.728,59.209,-24.867,33.704,-23.776,21.043,-4.938,-39.975,-19.666,-13.265,-5.794
52.866,60.026,71.807,60.343,29.419,-15.116,-9.799,-42.638,-2.244,-5.02,-21.315,7.577
50.684,11.898,101.551,51.742,33.942,2.203,-6.68,-16.49,-25.693,-11.399,-18.425,-6.066
47.435,21.481,86.489,13.508,77.56,-11.866,0.715,-6.983,-23.071,-39.406,-17.914,4.703
50.219,39.501,114.541,-17.479,75.511,-8.302,9.22,-15.918,-34.933,-32.707,15.509,-12.725
49.926,45.281,116.682,94.388,29.693,-67.148,-27.899,-40.316,-54.345,26.805,-35.81,16.173
49.237,77.944,98.943,-11.328,96.297,-3.493,-14.915,-37.539,27.127,-14.032,5.328,2.321
50.646,43.095,106.273,43.781,38.049,0.321,-27.373,-14.92,-10.395,-22.175,1.465,-15.043
49.927,-26.157,24.825,-5.767,-21.692,-39.307,-23.084,-13.11,-32.513,29.728,-15.239,-11.091
49.957,7.374,20.63,8.019,-32.514,-10.805,-10.098,-12.662,-18.852,-14.37,-27.099,-20.614
47.324,23.544,63.7,-7.362,26.796,28.464,-30.438,-6.713,3.628,-25.701,-42.186,-12.224
48.714,65.652,135.81,-17.487,27.408,1.663,-36.971,-11.292,-34.475,2.221,0.492,-25.559
51.434,23.095,38.782,-6.418,-37.868,-28.116,-24.853,-24.812,-36.077,24.279,13.334,-21.809
47.837,-39.083,-15.502,73.754,-35.554,-18.335,-5.023,-32.604,-13.067,-9.626,-81.471,-27.801
34.946,-205.537,-81.549,80.956,1.193,-41.493,11.841,23.228,-10.241,-0.609,-1.154,3.057
30.813,-174.533,-109.166,146.416,6.969,-117.0,-19.59,68.845,2.417,-20.823,-11.596,-11.606
8.576,40.537,-23.644,86.154,59.391,-82.868,-35.611,111.135,-24.785,-46.318,13.263,-18.723
