0.04,170.336,8.045,-29.595,56.218,-50.272,15.91,4.631,-27.045,1.372,-11.094,-7.224
7.736,8.638,-108.674,-84.905,38.377,-34.805,11.449,-3.547,-22.227,36.152,-5.144,-0.258
32.094,-91.186,0.578,-40.14,8.758,22.522,12.442,8.831,-10.177,6.879,40.9,13.232
33.025,-125.955,27.737,-4.345,5.276,-34.817,-6.468,3.931,-8.107,-3.91,-3.904,-2.759
36.816,-127.573,28.439,18.136,15.86,-39.157,-19.871,-4.039,-10.975,-7.194,-5.334,20.244
34.741,-118.733,44.924,13.559,17.845,-17.312,-24.318,2.545,-19.048,-23.303,8.584,2.981
35.571,-112.619,58.834,21.068,26.785,-15.74,-15.413,0.638,-14.021,-19.549,4.116,3.556
34.476,-116.509,39.822,8.767,29.918,-23.221,-36.62,16.465,-8.372,-15.29,6.067,5.982
34.422,-103.799,68.024,19.412,28.949,-16.126,-13.626,7.545,-13.227,-17.223,-0.709,2.4
31.977,-158.431,26.737,13.683,31.724,-34.401,-21.07,-10.364,-15.58,-9.855,5.844,22.205
31.808,-138.317,43.29,-13.817,21.704,-1.882,-24.145,10.688,-17.369,-24.997,1.642,12.602
38.658,-96.949,68.209,21.241,35.093,-15.216,-28.168,7.096,-15.129,-9.301,-1.871,-13.743
36.24,-108.732,41.34,18.817,28.123,-46.143,-34.753,-4.028,-19.593,-0.225,-2.552,13.26
35.683,-115.285,46.095,26.081,15.973,-20.722,-12.468,-1.881,-18.26,-13.669,-6.846,6.173
35.942,-110.961,41.729,26.093,13.869,-14.984,-0.268,3.896,-7.673,-14.628,-4.166,-8.4
34.077,-129.879,59.725,12.759,25.113,-21.425,-8.59,-0.827,-19.967,-18.594,1.942,10.338
33.277,-138.986,43.192,21.551,4.964,-43.403,7.675,-0.385,-25.68,-8.09,-9.209,10.653
35.838,-89.463,50.826,5.849,1.922,-15.659,8.153,3.954,-9.172,-10.93,-3.768,-4.164
35.926,-118.63,51.065,8.066,21.392,-42.343,-21.188,-3.916,-18.632,-1.741,0.176,18.7
34.245,-130.052,36.216,35.624,23.886,-15.095,-19.968,5.4,-16.419,-22.12,-3.852,17.523
32.412,-115.662,54.454,5.04,19.09,-16.469,-11.724,5.508,-10.894,-18.648,4.805,-4.568
32.582,-118.551,60.645,11.082,34.517,-47.816,-20.547,-3.637,-12.66,0.726,-1.936,12.722
32.471,-121.454,41.179,30.613,16.434,-18.413,-14.048,15.769,-14.273,-25.724,6.978,8.025
35.453,-82.337,70.138,16.433,25.46,-19.789,-1.445,0.527,-13.971,-4.777,-1.089,-1.344
35.306,-113.993,52.794,12.725,30.053,-44.703,-25.759,-4.39,-12.303,-3.015,0.44,16.513
34.401,-153.678,44.672,10.469,35.735,-26.897,-32.96,-0.161,-12.705,-12.224,-3.098,-5.147
33.035,-164.869,22.168,-7.294,5.855,-43.845,11.735,0.841,-8.367,-5.095,3.793,15.088
35.248,-116.762,46.543,-1.192,8.103,-22.601,8.031,16.066,-5.35,-0.647,4.366,-14.813
36.705,-68.862,35.824,30.053,14.343,-45.692,10.198,-11.512,4.529,-0.936,-2.352,2.086
35.017,-122.0,44.873,25.773,16.404,-17.267,9.325,5.373,-2.958,-1.283,-11.635,-10.514
37.898,-94.268,67.207,19.049,27.163,-21.795,-4.568,3.917,-4.42,-7.651,-6.702,-17.662
35.523,-65.755,56.735,39.732,25.803,-43.792,8.227,-2.21,2.656,-8.437,-7.825,-2.653
32.778,-128.522,46.222,48.57,25.289,-26.583,7.016,2.706,-8.702,-7.237,-18.262,-3.973
33.034,-109.504,53.964,10.238,16.147,1.743,13.411,14.56,-8.575,-15.754,7.216,-2.228
34.542,-62.693,61.502,32.01,30.376,-49.272,10.543,-11.558,1.619,-2.78,-0.372,6.98
34.685,-121.69,59.052,30.149,35.384,-9.574,-20.496,-1.601,-14.352,-5.616,-7.609,-13.89
37.226,-76.244,84.783,26.378,39.621,-7.353,-24.203,5.836,-7.226,-13.411,0.165,-23.907
34.84,-37.291,79.643,36.374,35.532,-48.705,-7.993,-15.569,1.106,-14.557,5.454,-1.448
35.059,-118.291,67.29,14.022,31.037,-21.48,-23.657,8.555,-19.222,-7.041,-3.509,-11.555
34.597,-70.06,2.916,-24.101,-8.83,-36.612,17.94,3.1,5.096,3.946,-4.871,16.052
34.448,-146.024,21.475,8.194,17.4,-42.095,7.784,-1.377,8.281,7.134,-15.441,-27.274
36.315,-84.968,25.158,26.767,9.445,-40.425,6.955,2.214,-1.128,-7.583,3.053,3.624
33.615,-140.174,52.583,6.06,17.308,-37.517,-4.961,11.577,-12.715,0.902,-5.224,-22.265
35.568,-54.894,46.775,6.317,15.611,-35.107,-9.121,-1.881,-20.65,-0.349,-2.782,19.517
34.405,-123.97,60.751,19.152,43.267,-42.216,-27.108,-4.962,-6.819,0.105,-7.084,-18.728
36.165,-74.197,70.212,15.717,42.447,18.986,-3.797,5.778,-5.142,-25.13,16.939,3.108
36.758,-84.817,80.365,23.481,56.661,-14.405,-26.289,-2.565,3.71,4.243,3.377,-29.986
35.302,-67.147,43.193,30.962,34.582,-33.245,-25.838,-15.281,-6.859,-2.992,2.647,-3.558
36.024,-56.766,58.051,35.019,32.352,-44.076,-19.562,8.513,-12.617,-4.799,7.423,26.558
35.177,-59.018,72.019,-9.801,47.019,-22.54,-29.467,-0.487,0.052,8.884,5.859,-22.759
42.434,-19.961,141.042,-121.421,65.668,11.758,24.681,-11.519,-17.55,-15.295,6.075,-14.722
48.453,-46.805,92.483,41.885,35.572,-23.156,10.625,9.819,-17.138,-0.618,-19.217,-9.585
45.053,-73.179,42.272,6.327,27.66,17.967,-6.806,1.439,-24.46,-9.577,-2.195,-9.346
40.682,-92.151,6.603,5.625,52.348,-35.385,-32.327,3.687,-5.527,-14.438,-11.067,0.798
35.734,-112.474,44.937,29.349,21.681,-17.387,-16.802,9.832,-15.914,-18.715,-2.74,4.587
35.149,-88.201,77.189,8.639,30.073,-5.491,-9.582,6.731,-9.719,-13.589,7.789,-7.335
36.422,-105.966,59.466,26.134,35.451,-38.283,-20.991,-11.038,-10.895,-1.82,-8.71,13.602
38.997,-80.941,79.851,15.13,32.998,-25.425,-20.088,-3.163,-20.614,-5.756,1.645,1.902
45.59,-71.949,-4.647,-7.031,42.779,50.017,-9.704,-4.198,-14.339,-2.405,0.904,-24.978
40.859,8.016,-27.558,-7.344,87.997,12.871,11.138,-96.224,-12.711,-18.813,-38.423,12.09
35.954,-100.639,41.63,5.432,2.646,-13.315,-0.283,7.923,-14.423,-12.817,-3.123,-9.806
37.066,-117.754,43.397,16.042,24.667,-32.839,-25.983,-6.865,-12.532,-8.163,-1.012,10.915
41.867,24.529,35.779,-81.316,85.743,-11.914,-22.142,90.695,-23.078,-56.487,14.044,0.909
47.579,17.319,48.778,-33.574,87.963,16.184,-4.476,-84.099,-37.141,37.106,-39.685,-11.255
44.453,-105.184,21.966,44.704,94.861,-27.111,-7.467,-16.903,-10.58,-19.948,-45.625,-8.003
48.747,-48.707,28.913,9.788,55.958,13.348,2.608,-12.658,-13.982,9.136,19.459,-14.113
46.244,-105.851,10.794,-10.638,77.479,-43.385,15.1,23.358,-9.408,-13.8,-4.175,12.845
44.939,-94.103,-26.899,-22.954,38.517,-44.092,-24.307,-0.474,-15.81,-15.187,-7.44,6.113
45.414,-91.172,-15.284,-0.174,25.502,35.566,-16.55,4.129,-11.451,-26.795,-36.019,-5.425
41.622,46.514,15.583,-28.235,83.513,-11.776,-16.498,-10.007,16.872,-30.187,0.221,7.246
43.513,-84.261,-60.992,-18.661,24.361,-29.437,-43.745,-11.978,-1.886,4.313,-11.453,-10.789
39.778,-133.866,-25.112,6.215,16.571,-31.605,-10.507,-10.849,-15.313,-8.257,-6.513,-0.54
35.702,-115.06,51.43,-11.741,14.764,-31.74,7.779,5.121,5.003,-10.152,-5.246,-12.32
37.147,-72.915,35.035,-4.959,36.282,-10.04,3.432,7.266,5.539,-12.87,-11.71,-6.165
44.901,24.814,74.098,-111.225,63.066,1.799,37.608,-51.952,-28.553,1.163,-1.475,-13.846
49.353,-17.705,43.494,27.009,29.671,-13.211,-41.053,-19.309,-17.75,-11.848,-45.34,7.508
48.682,-10.606,48.398,-42.368,44.631,45.128,-6.624,-16.503,-12.046,-10.616,5.328,-13.021
48.473,-40.076,57.355,3.056,66.482,-32.271,-37.1,-13.398,10.447,8.395,-12.887,-9.693
45.618,-88.609,27.78,-71.878,34.97,-7.809,-21.959,25.95,-15.557,-15.943,-20.384,-18.417
45.396,-71.516,-28.797,-3.459,21.137,-24.686,-22.545,-20.371,-8.906,-1.406,-5.458,-19.703
42.966,-111.785,-12.125,-18.132,43.361,-52.549,-9.557,-4.348,-21.165,-0.682,-8.159,8.471
40.199,-122.538,-28.734,11.862,35.965,-36.247,-8.708,-1.836,-18.318,-16.32,-12.14,-3.773
37.793,-34.559,24.227,-57.404,41.303,-0.018,7.433,45.827,30.494,-36.839,-5.564,-12.226
43.373,-55.524,80.66,-172.394,36.336,40.004,21.954,21.419,-2.916,1.665,38.443,-20.02
51.628,16.625,60.993,-3.568,16.287,-4.788,-66.75,5.595,2.581,-29.353,-15.283,-26.529
45.884,-70.56,-1.549,-70.29,-6.197,-33.223,-54.042,9.191,1.312,-5.92,8.429,9.608
49.744,-54.646,55.58,-9.269,35.527,-20.338,8.353,8.803,-11.311,-16.352,5.821,-3.946
49.976,-13.093,94.028,13.626,65.711,-29.099,28.688,-4.164,-4.731,-12.496,-4.596,-10.171
48.558,-46.955,100.403,24.22,32.873,-28.276,7.744,-3.051,-1.66,-1.465,-2.373,-33.301
46.368,-56.969,81.099,23.241,35.025,-33.607,-4.737,13.026,-15.377,-9.19,-11.889,-36.64
45.817,-50.141,50.317,-1.211,39.806,-8.35,0.099,7.218,-28.302,-10.149,0.445,-36.475
46.733,-63.166,47.326,22.853,39.708,-24.595,2.376,6.85,-22.501,-9.64,-28.873,-37.053
42.118,-79.078,6.985,-39.107,50.079,-38.732,-6.063,1.347,-31.342,-4.86,0.687,-9.916
45.353,-73.98,54.703,-46.571,75.402,-30.107,24.466,-3.487,-2.781,-6.827,9.065,-14.361
48.229,-48.489,119.334,9.477,68.792,-39.084,14.085,17.562,-9.66,-8.956,1.281,10.177
50.549,6.343,142.976,0.615,65.812,-42.735,34.169,44.047,-30.264,-7.634,22.739,2.412
52.355,81.912,127.936,31.048,87.026,-36.779,45.073,5.334,-38.373,-12.16,-1.457,5.629
52.605,64.135,112.925,36.807,73.817,-15.605,16.799,-11.231,-26.614,-8.271,-21.205,9.404
48.94,-27.712,63.006,5.791,50.387,-31.535,-1.968,12.542,-16.435,-14.311,-3.988,-17.971
46.646,-40.838,38.11,4.456,66.154,-29.281,-32.464,6.014,-11.841,-0.461,-14.672,-7.446
44.542,-34.089,28.442,-48.571,51.721,49.192,-16.852,3.112,-7.77,-9.334,-29.46,-4.46
44.455,0.325,0.108,-38.304,78.395,0.058,-4.256,-53.826,-26.491,-14.489,-13.282,-7.795
41.691,-136.616,-33.231,-10.634,63.852,-31.325,-26.711,-4.878,-11.09,-16.285,-19.329,-9.646
44.552,-32.089,-41.653,-64.766,45.69,12.214,-34.083,-35.939,-11.968,5.033,6.252,-1.555
41.297,-105.889,2.265,-43.024,-6.564,-9.883,-19.883,0.658,-27.709,-11.344,14.304,9.172
42.101,31.805,-14.006,13.873,49.419,-21.08,-16.009,-46.428,-7.414,-49.326,-2.456,21.139
46.804,-8.551,-19.413,-0.368,27.708,4.533,-54.942,-45.394,-28.994,36.063,-53.655,-5.203
43.897,124.495,-4.007,-33.543,65.437,-32.386,-36.73,-18.763,-8.76,-19.229,11.946,18.771
45.243,-51.621,-41.706,-12.404,40.422,-15.353,-37.889,-3.583,-30.939,36.183,-34.882,-1.56
39.486,-117.423,-22.609,17.985,19.326,-39.252,-10.17,-5.152,-37.566,-16.223,-10.349,-0.608
38.515,-61.77,66.492,-49.639,43.711,-1.613,-17.416,42.323,-15.887,-7.475,29.365,6.294
40.54,36.55,24.994,10.988,44.852,-12.066,-26.202,-32.461,-7.108,-19.615,-32.477,23.986
48.01,4.272,5.457,-36.088,28.392,13.063,-42.304,-22.972,-25.71,40.737,-26.484,-5.417
47.204,115.57,-17.398,-37.624,93.049,-29.78,-36.743,6.051,10.717,-14.241,5.484,26.555
43.846,-70.456,-35.694,30.895,25.592,-25.195,-39.664,-28.034,-6.743,0.521,-23.627,0.228
46.108,-27.45,-33.053,10.724,43.151,-28.493,-42.353,-12.254,-21.491,37.779,-29.978,-2.873
42.412,-58.945,-30.056,-26.622,36.493,-8.439,-3.024,22.697,-14.948,-18.959,-13.461,-10.383
42.71,-33.166,-35.399,-38.105,34.57,17.973,-9.044,-23.843,-31.854,7.279,-53.701,-4.436
39.016,-154.199,-54.987,-52.986,4.302,-34.722,-21.08,10.452,-36.915,-5.909,-4.692,-3.911
41.133,-111.985,-34.031,15.305,-13.471,-31.127,-4.516,-0.244,-7.049,-9.781,3.988,13.624
37.564,-84.789,27.168,-26.38,11.167,-51.418,-15.31,51.28,-6.903,-9.44,6.985,-17.479
37.082,-90.252,24.698,10.044,45.144,-40.63,-26.029,-22.778,-17.932,-5.658,-7.741,4.121
36.897,-107.263,63.892,14.485,38.577,-16.984,-20.396,3.203,-7.712,-7.06,-3.571,-17.764
36.508,-67.722,63.698,22.23,34.067,-53.562,-4.793,11.052,-0.253,-5.742,7.805,16.776
36.178,-43.4,75.541,-4.87,27.632,-5.624,0.852,0.026,-13.889,4.898,-14.749,2.3
35.818,-104.73,74.016,-20.137,33.573,-31.811,-25.064,14.731,-13.742,-3.404,12.335,-2.497
43.519,-82.897,35.068,-8.744,35.969,-13.951,12.711,9.475,-9.556,-2.192,-18.981,-4.227
41.278,-105.674,-36.252,-34.977,-11.32,-22.765,-16.771,-2.143,-0.395,-15.207,-12.332,3.45
46.036,-16.336,-45.104,-26.061,17.739,-1.502,-47.865,-24.631,-3.39,19.818,-30.199,-3.233
45.288,-11.964,-33.976,-27.503,25.568,-20.918,-35.637,-40.632,10.395,25.544,4.96,-10.352
43.441,-67.269,-70.515,-2.754,23.009,-19.513,-41.997,-17.052,-17.245,-12.563,-10.263,-0.981
41.881,-108.163,-55.98,-37.468,27.056,-42.868,-34.909,-16.551,-7.48,-6.566,-1.415,13.281
39.903,-135.447,-41.766,-37.983,26.868,-35.977,-36.561,-10.528,-12.343,-12.672,-5.171,11.482
38.151,-95.938,12.833,49.479,25.308,-34.571,-22.394,-6.679,0.219,-19.257,3.622,10.673
34.459,-85.552,78.756,-10.095,77.927,-35.994,-28.598,23.701,13.563,-1.275,4.181,-17.361
37.863,-70.08,77.646,6.8,45.878,-36.35,-19.04,-8.706,-14.576,-8.518,19.038,13.963
44.621,-65.621,74.889,-63.583,100.092,10.722,-16.68,-2.279,6.467,-19.821,6.549,8.03
47.891,-54.951,106.825,-20.156,121.026,-38.915,-15.332,32.494,13.964,-9.809,-1.489,-4.576
50.253,-25.492,38.485,-27.006,104.925,-49.247,29.541,9.224,4.275,-2.432,1.741,10.371
50.006,-16.291,34.251,-13.367,103.822,-47.138,4.185,2.862,-8.793,-4.825,8.458,45.416
47.017,-4.293,-1.665,53.683,60.828,-34.741,-34.978,20.765,-20.034,-9.888,9.754,25.331
45.726,-51.125,42.225,-81.073,46.509,-18.705,-1.584,-55.261,-37.447,37.931,2.117,4.833
48.483,-48.94,13.296,43.529,39.908,-7.333,-47.255,-22.306,10.373,-19.563,-42.362,-9.628
39.423,-65.114,77.347,-5.935,27.554,-9.832,-6.172,5.548,-18.128,2.6,12.636,-4.766
40.896,1.227,49.325,-1.824,47.547,-3.974,-11.658,-33.341,-10.819,-24.932,-36.625,21.717
47.164,-83.206,102.807,-58.62,113.677,9.861,22.001,23.222,-22.183,-3.54,38.699,-13.019
52.307,31.765,152.641,26.678,62.744,-33.112,27.172,1.056,-16.631,-6.992,8.852,25.267
52.489,53.543,91.129,35.54,56.565,-20.044,-28.86,35.728,-25.957,-4.43,-29.501,9.965
50.417,-27.582,13.348,-1.813,90.965,-13.519,-17.939,-39.813,-24.376,10.6,-11.252,-6.662
48.473,-71.83,34.674,-0.173,108.819,-35.783,-3.252,-2.321,10.802,-17.88,-1.831,1.016
47.841,-83.495,25.604,4.559,109.736,-40.771,-2.874,-15.085,9.535,-7.39,-3.939,13.26
48.772,-59.549,24.762,-15.431,98.384,-30.88,-11.068,-11.189,13.914,-16.66,5.415,21.262
49.647,9.922,35.845,-20.97,68.308,-36.343,-40.156,99.322,-10.782,-8.746,5.292,12.477
52.265,3.072,48.663,0.712,45.103,2.12,-21.255,-30.577,-0.964,14.677,-0.922,-13.831
50.437,-15.523,125.496,28.908,51.663,-27.537,22.305,0.092,4.868,3.305,-2.581,2.464
45.498,-29.666,72.257,102.334,49.776,-25.448,-7.156,-16.861,-4.006,-12.938,-38.315,6.905
40.395,-57.376,47.373,-18.589,31.665,-35.512,-39.107,11.552,-13.961,-18.266,11.473,4.604
47.282,-44.729,48.01,-55.253,61.075,21.944,4.152,-17.925,1.619,-12.334,23.238,-18.621
48.881,-43.763,21.169,21.013,46.657,-17.081,-8.094,-2.515,-6.049,-9.162,-33.497,14.164
43.208,-31.854,-26.573,-23.403,43.242,-34.373,-9.526,-42.86,-27.72,9.117,-34.247,20.188
42.806,-116.252,-34.302,-38.31,16.702,-34.912,-8.89,1.29,-31.903,-8.361,0.541,-14.429
43.955,-70.489,-47.451,-45.431,57.884,-39.691,5.744,17.33,-10.573,-7.039,-3.917,-2.904
44.846,-94.405,-59.753,-6.06,56.379,-18.365,5.184,-19.429,-24.257,0.357,-19.019,-5.927
42.143,-144.792,-17.163,-29.474,22.211,-24.647,-16.24,3.69,-16.213,-6.736,0.977,-7.678
41.29,-94.767,-3.673,5.919,24.333,-12.723,-5.508,17.326,7.824,-27.647,0.705,-0.717
43.875,-76.144,0.396,-18.01,38.229,23.567,10.831,21.566,-24.556,-4.018,-0.892,-34.128
39.963,-48.765,65.78,16.208,-0.36,-32.641,3.522,-17.507,-25.629,-4.654,-9.536,-0.796
40.22,-50.285,46.091,47.691,35.052,-44.806,-26.832,-9.688,-4.833,-4.016,7.533,6.164
37.004,-4.281,48.701,-24.256,25.051,-27.865,2.057,-24.405,-15.974,-8.267,-6.544,5.917
42.599,-81.993,9.267,-75.644,53.695,2.492,23.842,-29.635,-24.117,27.737,-8.754,-7.767
45.843,-110.158,-19.882,-9.424,34.928,-30.592,9.357,5.882,-5.065,-4.164,3.953,5.171
44.634,-89.959,-36.982,-53.839,70.066,-55.389,11.2,17.15,-38.231,-14.697,-4.265,-18.069
47.717,-62.93,31.383,-42.23,48.935,-33.298,47.333,-16.983,-28.519,-9.034,0.338,-18.633
46.526,-61.502,50.5,32.421,47.278,-30.623,-0.344,42.356,3.501,-1.162,-23.822,-15.868
47.702,-73.029,12.12,-12.168,42.53,9.187,2.79,14.95,-22.844,10.88,-4.804,-7.131
47.222,-93.04,23.951,-32.044,30.36,-19.375,1.2,-22.177,-11.806,-3.004,4.064,-24.037
48.202,-84.587,94.215,13.435,52.565,-42.414,30.592,12.046,1.244,0.81,-4.987,-18.128
48.3,-76.408,105.56,25.46,44.73,-32.175,44.21,0.455,-0.892,2.05,5.327,3.816
47.029,-63.634,88.585,25.855,44.46,-18.868,18.612,8.239,9.891,-15.811,-16.028,-7.752
42.276,-37.317,8.297,37.024,25.696,-24.369,-18.343,-3.555,-8.534,-12.922,-1.665,16.578
38.378,-19.277,47.202,-42.454,25.02,-26.153,-11.011,20.108,-7.818,-13.756,21.506,18.17
41.319,53.944,29.445,3.084,40.299,-5.438,-11.761,-34.721,-22.692,-20.847,-36.051,16.693
40.452,8.701,92.416,-111.188,17.134,-14.821,4.108,28.48,-2.579,-5.293,23.26,-6.063
48.622,5.786,3.727,5.264,-2.849,4.414,-39.492,-31.079,0.767,12.696,-48.526,-14.003
45.458,-3.202,-36.415,4.13,51.14,4.661,-11.409,-43.849,-30.736,-10.137,-38.612,13.841
45.319,-13.793,40.949,-110.553,42.483,9.094,19.987,-13.762,-2.896,-49.051,1.72,0.161
48.564,-42.479,34.429,38.471,48.181,-28.413,-0.773,0.96,-2.093,-12.561,-29.761,11.389
48.917,-66.935,45.055,11.693,52.272,-13.42,0.529,20.543,-7.237,-4.659,-5.581,-17.114
43.591,-92.235,-25.084,20.127,32.987,-15.191,-7.412,-3.956,-38.519,9.646,4.851,-4.546
44.915,-113.398,-7.259,-41.165,18.132,-15.866,-19.381,11.83,-17.119,-0.959,10.684,-2.826
46.543,-79.995,6.503,-19.695,50.904,-10.967,-16.951,20.459,6.776,-22.413,-11.593,-1.817
46.421,-64.643,25.942,-10.835,48.8,49.482,11.98,15.041,-11.26,18.561,-18.93,-7.774
49.101,-54.096,60.097,-25.949,56.387,5.982,6.855,8.044,2.808,22.064,26.375,-23.227
47.276,-75.849,58.116,28.197,36.382,-21.241,22.615,7.857,8.165,-9.43,-23.772,6.04
45.255,-64.978,-36.493,-11.664,23.167,-48.582,-18.117,-28.218,-37.348,40.957,-1.593,3.861
44.842,99.418,-76.781,-26.405,82.156,-30.323,-4.475,-5.584,4.199,-64.198,-5.397,-3.118
47.736,-58.575,-13.813,-0.036,39.92,-2.614,-43.309,-21.31,-19.359,21.753,-7.891,-20.229
44.747,-101.702,23.594,-77.454,50.109,-27.621,-34.36,43.075,6.477,-16.028,9.09,-2.19
44.516,-27.48,-22.041,-43.929,8.79,-30.418,-51.531,-10.2,7.519,5.022,12.264,2.537
47.069,-33.696,35.791,6.427,23.097,10.81,-33.344,-16.436,11.712,10.329,-40.146,-20.555
45.066,-45.736,-4.408,-9.686,44.185,47.129,-0.426,-43.39,-20.191,-5.973,-16.41,-22.044
43.01,-60.145,-40.203,-35.674,3.238,-34.115,-42.719,40.459,-2.935,-6.219,10.363,-14.029
46.292,-34.352,42.482,-57.021,85.112,21.913,46.621,-53.33,-36.626,48.769,-24.951,-5.103
50.08,-30.538,77.624,4.118,37.993,-31.037,-8.591,6.229,8.075,-8.113,-15.998,-33.89
50.339,-23.354,46.874,-3.785,28.624,-22.752,-29.585,-16.894,6.558,-5.525,-13.411,-37.446
45.254,-89.121,-14.558,32.208,39.14,-38.446,-16.0,-8.233,-11.132,11.371,-12.296,2.363
45.453,-17.681,-21.026,22.618,17.487,-10.571,-25.144,-41.644,-31.287,22.601,-17.164,9.748
44.979,9.26,-2.652,-97.293,58.641,-36.115,6.838,-24.338,-32.365,-19.449,-2.114,-4.057
47.461,-70.788,16.276,1.379,39.856,-0.275,-2.205,31.57,-6.309,-15.81,-9.854,7.082
46.483,3.996,21.86,-77.397,43.469,-30.508,2.835,-42.593,-54.694,7.598,-1.442,-14.327
48.772,19.73,-8.78,-6.519,21.381,-17.309,-55.605,-1.157,3.587,-4.506,-12.995,2.473
46.2,18.814,35.106,0.005,54.417,-0.772,-25.548,-7.061,-7.447,-33.755,-26.286,5.005
46.411,-91.113,-26.285,-7.845,4.318,-34.757,-17.571,-0.04,-30.715,6.311,10.107,5.512
50.48,-42.173,26.343,36.041,31.6,-4.736,-10.756,-14.008,-12.374,-15.775,-31.562,-22.246
47.055,8.91,-36.088,33.362,47.021,7.9,-3.779,-67.027,5.735,-23.938,-15.358,-0.619
48.118,-37.47,-35.085,4.85,14.759,-4.97,-34.047,-25.481,-0.304,-4.333,-14.64,5.967
47.483,-83.668,18.591,-25.444,37.07,-22.884,11.612,18.137,-23.258,-26.087,0.407,-7.869
45.168,-79.14,-14.072,38.851,14.652,-16.033,-47.527,-13.771,-3.417,-8.283,-24.212,-15.178
47.545,-61.722,8.443,31.299,53.437,7.799,-15.022,2.248,-19.401,25.965,-8.214,-19.579
42.855,-69.503,-34.667,-15.055,55.303,-8.073,-8.771,-65.971,-42.45,-1.337,-25.973,11.941
42.794,-77.931,-70.093,-17.82,26.073,-10.395,-9.139,7.759,-8.406,-34.28,-9.455,-13.827
40.265,68.597,12.836,-74.077,24.545,3.844,-12.167,10.53,21.023,-27.37,4.886,-10.2
45.459,-49.775,-38.921,-50.896,49.886,41.595,-33.063,-15.777,-10.125,23.618,8.9,-32.866
43.871,-80.471,-67.34,-1.967,37.583,-32.535,-45.926,9.921,4.573,-20.733,-12.451,-13.931
39.855,-137.549,-78.627,-56.653,11.085,-42.519,-27.954,-17.673,-7.278,-4.795,1.931,5.091
45.113,-100.214,-54.744,42.647,61.838,-19.062,-19.152,-7.797,1.676,-7.988,-15.674,4.354
39.153,-155.297,-66.068,-54.605,52.921,-33.377,-2.158,0.401,-21.342,-11.867,-3.458,8.116
42.12,-121.118,-19.964,-122.957,79.344,-33.368,-0.989,32.407,-24.32,-10.349,13.673,-10.471
46.125,-58.799,-4.558,-2.902,46.503,-32.073,-18.164,10.319,-42.434,-14.104,-6.286,-17.139
42.735,-40.256,-14.708,-15.728,40.436,-20.894,-31.563,9.871,-52.48,-1.675,-10.788,-17.279
40.792,-33.256,-24.822,-20.342,39.088,-23.99,-29.127,-3.13,-56.668,-7.61,-16.597,-8.509
36.828,-50.519,-58.462,7.429,39.523,-25.8,-39.378,-5.229,-44.358,-20.901,-25.633,0.494
29.299,-117.819,17.874,1.781,54.88,-43.965,-17.543,-21.366,-21.371,-2.311,-12.019,-24.122
28.986,-113.796,29.656,-25.958,34.7,-24.14,7.393,25.853,-10.684,-21.888,9.658,-3.409
29.55,-69.882,13.28,-13.156,38.294,-40.653,-4.564,37.77,-8.01,-9.247,7.499,22.969
35.305,12.308,76.6,-160.542,16.737,6.224,38.337,-18.735,-10.704,-6.763,1.833,26.691
51.472,-8.362,66.014,-84.868,26.522,6.641,-8.637,25.725,-3.352,-19.314,26.243,-17.486
55.463,78.858,101.804,28.197,68.543,17.633,-46.636,-12.712,-13.162,-19.489,19.19,9.058
54.023,74.151,129.978,-3.593,43.16,-20.724,-32.539,13.251,-32.832,-14.735,16.866,2.348
53.398,65.612,98.755,83.896,53.32,0.003,-7.259,-27.271,-37.484,-0.029,-29.837,-14.037
49.532,25.769,98.527,-20.591,52.169,55.065,-13.24,29.227,-14.887,-18.644,-23.289,2.917
42.559,-1.655,38.378,-3.412,37.334,-15.185,9.819,-31.784,-26.126,-3.912,-22.927,-12.446
44.372,110.324,-16.925,-22.868,98.908,-61.244,38.375,1.642,-55.676,-24.832,4.553,-0.411
52.344,9.044,71.218,5.344,67.699,24.815,20.761,-3.156,-35.009,-3.749,10.943,-0.234
52.549,32.503,132.33,-7.588,32.735,-24.928,25.94,15.466,-31.874,-18.566,6.625,-9.966
53.053,85.257,126.962,34.991,27.228,-30.475,41.163,6.173,-43.221,-23.826,-4.285,-10.615
53.71,92.319,132.799,20.018,1.965,-21.188,9.262,-1.271,-65.066,-19.157,6.472,-11.297
51.906,43.054,61.035,92.219,4.17,-1.883,-12.322,-6.584,-16.029,-18.863,-53.471,-3.814
50.323,42.533,19.01,-64.622,52.737,10.893,-50.402,8.832,-2.539,6.905,-3.37,22.381
51.337,50.847,-20.303,-34.719,90.156,-36.549,-64.004,-20.957,21.816,-3.383,8.732,45.697
50.526,25.416,-0.041,-33.906,78.489,-38.369,-54.324,-14.609,-2.888,8.228,5.667,39.282
50.474,32.477,-1.528,-30.69,89.746,-27.169,-43.651,-18.052,2.593,-12.749,8.61,41.41
51.813,33.316,37.69,-40.889,98.199,-29.775,-14.907,-18.013,7.825,-5.416,5.942,35.599
52.832,40.651,109.908,52.146,48.362,-26.913,14.928,0.645,-6.893,-23.405,-18.847,-4.156
51.877,48.959,65.149,8.035,74.894,31.74,-53.03,24.485,-19.94,-31.482,9.015,-8.115
50.998,58.909,100.14,-37.942,50.402,-5.209,-65.051,-16.475,-32.398,-14.064,3.005,-28.47
52.079,17.446,80.413,88.623,-13.833,-38.55,1.251,-11.602,-46.609,-10.301,-47.025,-11.401
49.549,4.468,40.701,-29.313,33.854,28.921,-20.944,20.026,-7.398,-26.495,-23.841,-14.228
49.4,-14.269,83.465,-3.052,68.108,34.961,8.888,19.986,-14.775,-10.153,-10.944,-15.717
52.025,50.906,117.34,-31.982,39.315,84.814,0.01,2.172,-33.502,-42.549,21.739,-35.987
52.108,41.292,102.992,96.647,45.504,14.643,-39.893,-23.494,-32.437,-37.775,-55.258,10.765
51.61,21.899,147.364,-20.636,63.895,61.475,-7.686,8.806,-9.942,-22.758,29.304,-23.911
54.026,6.915,115.307,29.558,36.344,-33.043,23.937,-2.204,14.991,12.431,-5.786,-28.169
51.163,24.03,68.327,78.321,50.548,-19.331,10.853,32.744,9.386,-9.313,-46.619,-25.562
41.863,-10.338,62.525,-65.016,34.254,-20.468,15.753,-11.117,7.821,-14.195,-0.935,-0.268
52.182,14.6,137.809,15.946,99.587,-37.312,28.667,20.227,10.596,9.4,17.605,-15.888
53.702,65.484,38.792,-20.56,41.734,-18.007,-72.449,-0.137,-15.834,-15.613,-7.699,7.114
52.548,66.743,0.028,-32.307,88.995,-31.591,-60.843,-16.444,-0.792,-1.285,3.174,47.371
49.156,31.963,16.691,-58.295,92.293,-1.099,-26.706,-52.263,-11.482,14.212,-15.265,13.144
51.125,-75.229,45.616,-4.75,75.685,-48.892,-54.306,-8.664,-13.724,-7.026,7.654,-2.958
48.347,-65.016,-5.749,53.961,76.985,-38.994,-69.456,-23.753,12.931,-1.381,-27.251,6.501
50.404,51.563,57.151,-4.851,67.435,48.935,5.943,-15.034,-22.245,-7.705,-19.72,-4.099
52.137,48.345,104.561,1.169,94.32,17.218,14.149,9.2,-32.858,-6.212,36.475,-7.544
52.242,69.56,120.114,43.191,51.179,-6.683,-3.934,12.407,-34.273,-26.613,-34.118,12.065
53.073,73.32,65.981,-36.097,23.654,55.312,3.878,0.489,5.213,-16.098,22.109,-25.366
51.47,21.223,61.815,-13.567,15.193,-17.688,-35.214,-10.786,-5.42,-0.597,-1.913,-22.189
54.834,110.884,74.339,37.235,22.709,-2.187,-31.579,-1.579,-3.92,-20.068,-23.875,-10.613
46.809,59.57,53.822,-29.899,58.436,-25.111,-1.942,-16.45,-16.316,-16.146,-20.687,-1.515
51.483,81.854,118.09,15.035,23.705,53.846,30.338,-11.928,-42.356,-24.539,9.28,-3.004
48.949,-4.897,80.287,72.741,55.347,-26.19,-30.845,-14.574,-23.035,-20.367,-10.409,10.673
50.904,64.45,120.279,-76.503,57.041,12.702,-19.377,5.641,-35.174,-11.143,-3.165,-7.727
54.407,82.366,79.817,24.944,15.126,-14.743,-4.139,0.019,-12.906,-15.405,-24.522,10.037
46.237,74.262,30.481,-31.47,35.449,-36.398,11.232,25.177,-16.205,-26.276,8.996,-10.021
47.787,98.457,18.68,-19.613,34.802,-17.413,-7.335,-31.521,-31.075,-16.006,-25.442,4.176
49.548,32.111,99.484,-42.532,33.048,58.102,33.245,10.71,-31.968,-30.17,22.954,12.426
52.025,39.706,93.5,52.797,29.061,-12.114,9.698,-14.692,-70.582,-27.308,-23.817,29.198
50.486,14.001,86.836,-19.168,60.88,39.129,-41.09,25.794,-13.246,-29.662,4.326,-5.748
53.058,50.197,80.866,-7.281,29.481,29.716,-12.363,22.974,-13.983,-29.173,2.416,-5.591
53.841,60.789,85.372,37.174,41.385,-34.555,-0.842,-4.943,-35.173,-2.325,-12.836,-1.908
51.751,8.563,81.756,7.701,52.546,40.997,-25.924,-7.568,-1.947,-6.618,-23.268,-24.834
47.782,-13.327,6.587,5.474,32.544,-32.431,-58.084,18.324,-22.465,9.824,1.966,-4.412
49.919,33.408,49.495,-16.833,72.194,32.995,1.446,8.236,-48.841,29.75,-20.592,1.06
50.147,52.087,75.431,-46.096,84.254,23.046,4.826,-8.149,-41.067,18.662,15.837,-21.075
51.379,69.79,94.13,48.821,51.737,-11.29,-24.141,-16.065,-67.749,-24.512,-31.333,-5.91
52.487,96.774,101.079,-27.562,43.874,32.167,-46.144,10.633,-33.068,-16.239,23.798,-27.649
53.299,67.757,68.968,55.186,25.093,-16.033,6.881,12.647,-9.11,-11.601,-37.943,-15.533
50.12,-19.235,79.187,-10.967,38.567,-19.264,-18.392,18.154,-37.914,-23.272,16.283,-23.435
50.602,42.177,88.511,17.033,2.544,-21.616,-27.572,16.556,-58.705,-17.902,4.672,-1.499
50.446,1.834,89.245,37.073,86.83,-40.607,-17.848,-13.732,-25.371,27.493,-7.349,-32.034
49.126,-10.057,121.539,42.914,80.291,-11.799,-10.724,9.014,-9.524,-14.578,-23.419,-41.268
45.564,52.376,19.444,14.245,82.401,21.887,-21.478,55.219,-38.765,-30.449,12.859,-9.833
49.822,-14.423,62.01,29.3,65.448,26.621,-14.553,9.418,-39.211,29.905,2.014,4.62
47.314,35.098,61.411,-91.063,91.303,-16.922,30.686,-43.18,-39.879,-3.588,12.456,-8.792
49.531,41.121,109.274,44.25,27.513,-2.222,18.648,6.547,-41.684,-17.129,-37.529,-6.84
48.244,25.92,72.987,-63.828,50.093,32.257,-10.239,-40.178,-39.141,-26.763,-5.636,-24.849
49.958,-4.775,134.885,6.049,65.319,-31.688,-18.82,2.922,-2.933,-13.944,1.063,-31.636
49.442,26.868,73.32,45.362,16.174,-1.818,-61.593,9.4,-47.406,-21.53,-38.308,-7.852
46.206,69.241,68.383,-107.491,66.15,5.321,-23.321,-41.026,-35.296,-0.348,-9.021,-16.448
48.646,68.775,10.115,32.275,48.2,-14.778,-62.071,29.654,-20.864,-24.65,-42.178,6.075
51.133,29.682,95.755,6.753,56.11,54.086,-7.131,-6.591,1.211,22.3,25.168,-56.829
51.843,22.905,141.144,10.832,63.297,-33.684,4.894,-0.214,28.016,11.449,-6.563,-54.926
52.384,35.114,143.811,27.019,58.063,-27.703,-16.097,-6.779,23.642,15.885,-8.801,-46.003
51.413,26.346,116.941,31.526,41.395,-19.73,-15.951,5.373,21.564,12.253,-29.045,-44.549
43.788,22.584,31.23,-12.533,48.74,-42.894,1.082,30.507,3.578,-15.22,-10.07,-13.49
43.884,110.922,-48.074,-43.127,113.971,-52.892,13.484,6.424,-45.007,-15.735,-2.85,-26.311
51.704,24.456,69.865,71.454,38.668,21.209,-16.815,18.181,-53.497,6.975,8.224,-6.015
50.379,50.554,76.875,-21.914,73.821,8.249,-3.509,-9.971,-30.715,0.465,4.535,-17.422
50.766,69.383,81.408,-38.71,71.012,59.672,-13.675,-1.059,-41.031,-17.311,-33.583,-16.918
49.635,-34.705,78.768,41.767,35.478,-9.36,-25.72,-1.334,-46.223,-1.498,-11.985,-20.076
48.537,-57.194,75.729,-29.58,28.318,-24.714,-20.129,-12.15,-43.624,-4.276,17.037,-10.838
51.566,-21.295,106.95,24.91,55.831,-9.097,-14.508,4.176,-27.657,-19.402,2.937,-30.644
48.496,-20.176,42.065,50.986,59.502,-28.112,-28.3,1.17,-39.249,-18.591,-22.06,-7.905
46.061,37.032,14.743,-13.219,84.499,7.031,-23.579,59.084,-34.625,-34.974,13.032,4.591
47.079,-73.081,13.931,36.52,76.536,-11.856,-18.251,-9.759,-34.934,15.393,-32.375,0.054
45.424,11.748,2.559,-64.921,63.787,-12.398,1.415,-70.076,-16.367,-11.248,-17.169,5.486
45.623,-6.537,20.952,-39.729,30.438,24.615,-30.271,-30.169,-17.911,-16.067,-4.666,1.595
46.689,-53.81,48.004,-23.581,63.263,-30.145,-30.688,-14.579,1.525,-3.848,-3.532,-11.6
48.196,-49.367,36.332,-9.072,83.36,-55.38,4.537,5.116,-23.631,-13.199,1.512,-16.349
47.884,-33.627,-2.042,10.22,74.989,-46.905,6.664,7.218,-23.87,-9.761,-13.705,2.327
45.259,-17.942,-26.929,-18.024,57.285,-41.33,-31.928,24.062,-23.357,-0.388,-3.11,3.152
44.441,30.633,-29.289,-25.393,64.943,-8.783,-27.672,-84.058,-26.306,11.488,-35.009,20.147
41.919,-110.646,-12.557,-35.033,3.768,-31.409,-12.28,-7.61,-2.842,-4.553,2.924,20.936
43.109,62.781,-48.379,-18.695,65.415,-20.882,8.814,6.553,12.342,-70.727,-10.911,16.574
45.558,-33.96,22.808,-43.382,31.169,11.848,-32.239,-10.847,-27.817,16.9,2.72,-25.211
46.087,-44.842,20.818,-33.449,25.197,-21.757,-59.098,1.569,3.282,0.325,0.582,-16.497
45.487,-13.773,4.768,-15.447,9.658,-20.215,-62.207,-3.796,8.785,7.05,-10.836,-9.312
42.174,-18.83,-19.601,5.764,4.477,-14.822,-41.418,-8.171,8.518,-10.63,-19.682,1.829
35.976,-84.877,8.006,11.956,15.645,-54.93,-3.654,-13.348,-8.773,-2.722,-0.414,13.143
34.156,-94.685,48.642,3.821,5.43,-27.598,-4.418,-2.607,-17.19,-12.615,-5.354,-0.268
42.427,-36.97,18.112,-52.577,47.71,24.357,-9.1,10.322,-6.996,1.729,-11.874,-12.081
37.934,-47.183,-19.713,37.479,12.291,-22.794,-21.468,-22.939,-7.709,-10.253,-26.084,-2.735
32.48,-125.013,27.159,31.717,28.429,-32.422,-10.628,7.221,1.796,-5.068,-11.459,-17.072
29.961,-155.943,43.036,-0.931,54.791,-22.129,-11.46,7.101,0.369,7.504,4.003,-16.647
31.846,-119.565,56.077,14.231,24.175,-50.589,-11.986,9.088,-13.584,-14.4,9.12,13.515
37.598,-82.009,64.4,30.61,49.21,-40.063,-24.061,-17.61,-8.291,10.043,-4.773,-22.246
38.532,-21.41,45.873,10.556,28.703,-33.784,-27.178,-2.7,-2.533,-4.89,-1.487,8.356
40.001,-99.35,55.768,25.107,63.019,-48.669,-21.526,-9.359,-19.961,2.666,-7.611,-14.881
42.725,-21.714,56.313,59.195,47.059,-33.37,-24.277,-22.046,-11.666,-4.129,4.934,22.974
40.436,-66.209,26.76,28.559,35.22,0.069,-18.916,-5.598,-2.982,-1.18,-8.889,-1.748
36.261,-122.21,29.625,-17.835,-3.541,-8.32,14.601,7.32,-8.495,-9.449,-4.828,-4.5
45.118,-24.734,-46.55,-103.711,49.114,46.891,-19.541,-0.612,-2.606,-24.142,18.414,-1.999
47.168,-52.533,-47.179,-28.514,67.749,-34.117,-37.061,-36.311,-22.307,-20.58,-10.62,23.2
49.016,-67.287,30.23,-11.371,75.828,-9.085,1.368,1.478,-10.409,-10.548,-6.385,-4.31
46.545,-93.034,27.63,-8.592,102.174,-47.161,6.18,-0.929,-14.033,-15.936,-4.968,-2.272
47.19,-69.918,31.876,-4.38,120.015,-45.458,-1.584,-19.554,-14.368,3.475,-3.567,-14.134
46.733,-79.023,24.071,-1.758,103.483,-39.648,0.746,-8.113,-0.264,-5.501,-3.962,7.145
45.997,-110.523,32.75,-23.045,64.732,-35.1,4.208,-3.104,-22.989,-16.569,-4.265,4.73
47.072,-69.787,19.997,-22.484,43.996,-8.012,22.541,-17.712,-20.15,-5.935,-20.524,-16.612
43.999,-82.282,-28.082,6.198,44.943,-22.985,-10.953,15.554,-30.023,-15.419,-3.048,-24.657
37.124,-93.627,21.574,17.183,6.709,-23.648,10.89,-6.856,-39.593,2.972,-10.956,-3.54
35.703,-121.849,45.291,-4.301,9.057,-21.739,6.143,7.55,-5.687,-8.427,2.488,-15.68
37.61,-43.034,40.489,-23.393,40.073,-8.164,2.515,-30.358,-5.952,-19.615,-22.061,10.722
48.859,63.004,38.682,-58.488,57.973,-7.756,10.606,-77.686,-38.867,36.112,13.337,3.075
51.334,78.305,134.323,11.983,42.721,-27.013,20.463,7.273,-56.803,-22.847,7.512,7.252
50.811,23.215,102.915,46.053,49.279,-5.023,-6.598,-21.092,-48.145,-19.592,-48.292,-7.578
46.32,-13.496,55.176,-66.827,64.918,-24.097,15.845,-51.696,-46.396,0.615,-2.283,-3.874
49.883,-19.121,112.72,20.894,57.686,-25.638,33.539,-10.037,-22.978,-11.646,-9.264,-4.034
48.773,-29.884,62.047,22.485,55.6,-24.464,12.543,15.427,-18.473,-12.257,-27.217,-3.459
45.3,-89.469,-41.616,3.784,55.073,-26.274,-16.52,-9.439,-20.258,-2.17,-18.133,-3.25
42.447,-104.519,-48.03,-24.856,28.9,-15.705,-24.881,15.801,-24.027,-17.286,-8.026,-6.844
35.331,-141.152,38.699,1.375,16.689,-33.778,-2.205,-3.42,-14.051,-6.628,-3.647,10.711
36.489,-121.405,51.631,-8.231,26.329,-13.026,-4.365,9.006,4.892,-13.682,2.484,-31.273
38.293,-10.502,33.023,-34.749,48.098,-13.402,3.054,12.61,20.813,-25.451,-9.174,-13.051
43.458,7.292,51.619,-99.617,91.008,55.976,-3.206,37.795,-6.789,-10.213,-21.379,-23.129
50.378,16.143,33.674,-50.561,63.986,36.003,-28.415,3.054,-16.18,16.129,21.88,-10.727
50.793,25.003,11.032,0.091,25.668,-22.859,-42.672,-5.597,-5.317,-1.562,-10.487,-10.096
45.012,-39.316,-45.273,6.981,38.722,-42.906,-31.042,-21.648,-23.676,-20.789,-13.498,13.631
44.023,-80.907,-7.02,-56.128,61.939,-0.053,-16.955,42.317,-14.546,-4.102,4.769,-14.928
45.253,-46.537,-14.914,-20.673,50.59,-6.915,-18.415,-2.263,-33.373,12.956,-12.626,-6.448
39.647,-61.115,20.199,-18.377,1.359,-19.256,-2.303,5.839,-42.251,-12.235,-1.411,-8.49
46.504,58.009,77.308,-48.336,69.086,10.959,49.288,-71.282,-20.795,12.261,22.355,-1.051
51.822,41.307,114.632,0.046,11.949,-28.271,19.428,16.057,-14.932,-20.713,4.822,-19.296
52.255,43.324,45.532,31.985,6.368,-27.271,-43.349,-33.329,-5.071,-3.365,-13.545,-9.339
51.397,5.34,85.569,-4.525,87.693,-39.185,2.25,19.273,23.992,-9.139,7.386,20.719
52.017,44.971,110.695,8.577,75.919,-8.333,13.75,-7.062,1.999,-6.921,4.55,2.611
51.976,50.247,123.422,44.414,59.935,-22.249,17.117,-39.568,-16.745,-15.825,-5.511,-13.877
50.319,-19.708,149.063,25.575,35.126,-37.382,34.815,10.519,-5.379,2.154,-3.827,-18.893
49.686,-26.986,124.38,36.966,48.507,-37.296,45.039,-11.893,5.898,0.29,-7.473,-13.822
50.853,14.426,73.31,23.983,26.291,-17.062,-31.08,12.855,-0.251,-9.221,-16.329,-15.975
49.012,6.931,-0.814,-31.577,48.388,7.737,-1.497,-15.856,-25.126,-9.16,-25.349,30.837
48.904,-17.267,8.547,-76.367,18.03,-18.419,-31.596,42.735,-1.163,-23.511,14.182,22.714
46.636,-63.972,-6.273,-39.956,29.878,-31.546,-19.687,-9.4,4.682,11.762,19.446,4.184
44.648,-78.391,-12.205,66.211,14.137,-29.265,-25.659,-10.343,-23.7,-15.749,-29.3,1.805
44.147,-104.759,7.503,-49.821,74.542,-4.559,-5.875,15.739,7.403,15.918,13.461,8.016
44.886,-126.632,33.678,-35.598,73.418,-35.368,4.702,13.679,3.182,-18.428,-3.708,-3.73
46.198,-76.402,15.952,-11.925,51.907,-33.388,-5.533,-3.251,8.258,-6.868,-11.734,7.382
52.235,8.108,71.471,-13.528,27.159,16.154,-27.62,20.713,-11.899,-13.908,12.924,-30.026
50.213,-37.558,44.896,-13.321,13.555,-36.329,-25.019,-13.454,-28.068,8.31,11.877,-0.492
48.716,-53.057,48.993,-16.565,80.008,-30.127,-45.204,-4.924,12.385,12.554,-1.623,-21.115
49.972,-23.447,47.216,-17.733,60.508,-42.488,-42.366,-14.652,-5.045,12.721,11.296,-34.5
49.268,-5.815,26.988,30.994,49.841,-32.202,-60.696,-1.971,3.412,-5.939,-26.559,-20.536
44.438,16.568,-4.231,1.505,96.325,-30.63,-5.295,3.068,-21.902,-62.545,-24.001,7.529
42.514,-2.931,55.416,-37.565,39.579,-26.856,-29.832,53.39,-21.973,-12.458,-1.743,9.438
47.336,-33.432,-39.117,-47.347,30.69,21.263,-31.256,-20.364,-14.663,13.132,1.961,-11.986
47.201,-35.487,-47.402,-1.257,40.615,-37.171,-21.369,-14.67,-18.784,-5.78,-13.206,-17.254
41.812,-82.069,-3.346,8.783,-18.046,-44.419,15.506,-5.056,-41.334,-11.804,-4.921,8.831
39.344,-108.288,33.344,-14.589,-15.296,-31.317,12.535,9.993,-15.85,-3.004,-13.444,-12.194
40.473,-37.516,15.468,-27.803,20.833,-26.145,12.537,-21.615,-0.693,-25.558,3.075,1.071
46.49,125.328,-54.421,-39.595,114.992,-47.638,-9.302,7.241,-16.559,-24.945,1.107,16.72
48.407,-30.039,-12.742,-11.756,51.168,-18.949,-6.087,-37.376,-28.273,64.617,-21.105,11.429
49.896,-31.873,65.965,-67.413,28.494,-8.535,-9.39,13.634,-7.529,-18.712,6.507,-9.042
50.917,6.401,32.706,-46.92,42.777,-24.631,-18.85,12.861,-1.008,10.468,-9.021,-18.818
50.149,34.204,-26.238,-10.856,-1.093,-14.645,-77.766,-23.758,4.551,0.445,-15.951,7.516
47.256,-76.949,49.551,-41.637,44.346,45.358,14.858,29.47,-6.238,0.814,22.94,-9.312
45.013,-101.213,-38.981,15.474,34.884,-23.222,-23.857,-15.981,6.607,-25.119,-23.663,31.431
45.177,-97.404,56.554,-56.923,53.542,1.561,24.161,25.885,-23.453,13.091,25.873,-20.729
46.304,-39.463,34.152,4.925,49.89,-35.24,17.087,18.152,-22.084,-2.602,-20.781,-31.961
44.839,-62.718,-7.72,33.707,16.589,-20.265,0.875,-13.795,-13.918,-5.123,-41.969,-12.001
45.618,-0.46,-7.012,-84.263,19.474,33.02,-21.164,46.805,-2.262,-27.526,-0.827,-8.389
44.767,-66.147,-15.464,48.28,13.374,-29.232,-20.638,-19.15,-24.254,28.918,-3.424,-3.081
46.075,-11.861,58.624,-82.808,44.148,-30.519,54.881,-43.691,-29.312,22.18,10.644,-10.459
50.784,-2.319,102.108,24.737,45.735,-39.355,63.375,12.066,-24.863,-3.032,-9.897,-25.055
49.308,8.846,65.655,52.162,27.738,-23.179,23.027,30.594,-19.037,3.367,-30.143,-14.394
44.309,43.625,46.056,-26.474,47.372,12.674,3.712,30.76,17.155,-24.942,7.029,-12.156
44.567,-113.926,44.112,-9.209,80.759,-15.557,27.505,-4.313,14.075,25.798,-1.409,1.685
44.659,-114.362,20.741,-28.72,46.29,-32.262,2.422,12.819,-4.19,-9.089,-5.723,1.194
47.618,-49.71,17.194,-54.097,59.875,-16.83,12.99,-8.493,-11.552,9.041,-11.291,-1.765
45.289,-81.434,3.925,12.505,51.287,-30.217,-8.257,2.748,11.075,-13.469,-26.681,-1.6
43.845,-105.73,-13.21,-49.826,33.883,-15.349,-11.085,-21.921,-7.18,18.214,13.942,-6.672
47.998,-77.295,24.889,-57.477,62.832,-14.568,-22.437,17.726,22.299,-16.76,6.954,-2.899
51.156,10.486,51.379,-8.566,87.376,-42.885,36.794,-15.624,2.619,-1.887,-3.575,-1.454
49.432,-7.094,80.102,39.092,96.882,-27.814,28.186,-10.517,-13.508,-17.201,-35.277,3.829
47.745,-1.765,24.264,-79.696,7.477,-5.325,-42.862,19.218,-5.451,-13.938,6.724,1.064
50.8,24.464,-3.509,-53.382,-13.362,-22.714,-70.927,-12.068,1.522,2.67,7.71,5.142
51.271,43.254,-19.575,-17.794,-21.8,-9.64,-83.297,-16.896,1.779,-5.221,-18.023,-0.453
46.997,-38.484,-8.55,-28.687,35.793,-8.73,-46.776,13.654,-10.214,17.949,11.67,-10.457
45.201,-42.154,-48.069,-13.919,13.344,-59.422,-14.218,-1.478,-26.692,-12.581,-2.403,9.897
42.559,-30.544,-44.12,-38.091,27.828,-40.604,-10.486,17.148,-32.912,-17.821,-3.988,-0.576
46.339,-37.404,37.899,-29.08,52.211,-5.477,10.157,-6.437,-33.501,21.21,0.823,-31.609
47.039,-34.492,-9.058,-4.812,14.303,-28.331,-12.283,-25.149,-3.451,6.651,-26.802,-16.692
44.04,-27.661,-6.059,-15.39,35.519,8.822,-0.313,-29.795,-6.432,-56.205,-25.244,-6.573
46.268,12.314,1.85,-36.053,71.405,13.926,20.655,-68.929,-8.203,-21.033,-14.273,-2.165
48.032,-75.48,16.047,16.649,46.614,12.346,2.688,4.836,-15.998,4.913,2.206,-19.658
40.807,-108.748,-41.89,60.52,44.553,-34.38,-20.81,-22.639,-33.745,18.276,3.847,-14.688
44.61,-94.275,-34.657,-26.709,28.309,13.101,-18.585,2.173,-23.768,9.79,21.655,-10.557
43.931,-100.185,-54.689,-43.301,52.242,-44.519,-26.462,-19.418,-6.189,-10.651,0.312,3.754
45.805,-89.579,-14.799,-32.219,47.8,-28.954,-7.678,5.43,-13.073,-1.235,-16.205,5.508
45.456,-83.778,12.788,-18.609,52.411,35.101,8.98,11.971,-21.533,18.645,-22.266,-13.361
48.072,-88.131,27.64,-1.442,51.555,2.314,6.639,21.449,0.731,5.745,-6.478,-21.301
45.879,-42.253,-27.207,1.945,37.25,-33.781,7.916,-53.397,-47.986,14.712,-33.11,5.983
44.87,31.126,-50.733,-42.631,62.6,-14.195,5.914,56.74,23.521,-89.424,-3.78,5.47
47.368,-61.999,-10.759,4.591,57.343,5.845,-28.832,-25.805,-24.95,26.962,-0.287,-22.965
46.552,-74.442,-2.945,-56.362,78.673,-18.031,-20.338,8.553,-11.312,-12.884,-2.206,-16.247
47.128,-44.637,-15.897,-35.381,24.409,-34.783,-42.862,-3.021,7.89,-21.881,-1.577,0.947
46.618,-62.255,20.112,31.263,32.739,1.238,-22.203,1.183,-6.556,-0.61,-33.184,-17.059
47.412,-50.389,-35.732,20.41,41.854,-35.366,-17.542,-42.507,-46.666,25.56,-23.158,-1.426
44.485,-1.005,-17.064,-36.792,46.837,-55.965,-3.935,46.467,-23.25,-46.854,4.87,-9.982
50.33,-62.485,37.238,22.844,69.451,-36.437,8.074,-2.347,-12.107,6.554,-4.44,-16.194
49.781,-83.814,49.833,3.745,48.676,-22.205,5.911,0.909,1.709,18.74,12.081,-33.038
47.981,-63.676,0.269,-22.357,37.843,-33.01,-3.233,-16.143,-12.313,-22.453,-22.225,-11.016
48.923,37.067,-23.081,10.899,51.874,-43.15,-27.19,-14.972,-30.959,26.296,0.535,-3.73
48.904,32.451,-22.229,-50.902,54.885,-13.375,-15.92,-75.088,-15.594,10.203,-28.68,4.9
50.284,-36.918,32.722,41.23,33.405,-34.004,0.251,41.812,-27.945,-21.839,-17.947,-0.167
48.918,-24.802,28.704,-75.962,45.232,-4.282,-6.889,-28.538,-27.685,13.495,-6.124,-5.811
51.22,-0.523,17.313,4.503,28.44,-20.236,-47.965,30.503,2.103,-13.085,-14.17,-10.314
47.981,73.353,21.071,-17.203,62.144,16.898,-19.792,-9.23,-0.637,-24.214,-16.041,-0.449
46.55,-57.817,-47.828,-40.984,22.19,-10.885,-23.446,-6.123,-17.247,-7.011,12.324,-1.468
50.549,-36.105,7.373,24.592,37.489,31.858,-6.99,10.074,3.143,-22.453,-20.246,-9.295
47.72,53.772,-46.61,34.342,45.27,12.474,-20.12,-89.453,-8.087,5.284,-37.638,-4.403
51.244,3.51,-21.54,-16.479,-8.318,3.756,-51.987,-14.131,4.939,-21.649,4.551,0.277
47.192,-86.435,-29.097,-13.829,9.286,-21.577,-30.517,-13.195,4.176,-6.453,-8.21,3.086
47.131,-90.497,8.788,-84.047,3.491,-20.259,-9.64,10.498,-9.594,-3.25,3.167,5.266
46.807,-79.721,-10.963,8.689,14.662,-9.14,-34.381,7.059,4.656,-13.144,-3.652,-1.858
48.841,-57.86,19.114,9.015,36.255,11.636,-8.217,8.766,-18.282,18.44,-11.172,-22.269
44.216,-73.313,-33.679,-22.275,28.432,-16.6,-16.511,-45.675,-37.58,14.423,-22.879,8.802
45.986,-54.513,-47.914,-37.312,7.997,-16.765,7.801,17.291,-20.298,-19.587,11.941,1.773
43.404,-99.913,-19.998,-10.508,11.929,-51.483,-0.45,-9.45,-3.11,12.233,-15.87,-14.004
44.067,14.413,28.214,-34.265,26.474,-55.853,-0.441,26.393,0.814,1.799,-3.867,-14.348
46.89,109.708,17.014,-44.345,37.3,-30.611,8.917,9.356,-11.944,-10.42,-5.04,-17.17
47.73,62.891,5.834,21.133,40.808,-18.297,-12.396,-36.439,-14.898,4.205,-29.597,-6.562
47.522,-47.542,8.547,-31.693,41.552,15.778,-37.014,-14.277,3.215,-0.09,9.492,-18.199
47.841,-32.885,-40.787,-5.041,23.281,-9.034,-50.158,-15.508,2.862,-4.929,-1.142,-3.941
46.681,-103.547,-12.578,-14.504,35.288,-6.821,-13.094,-3.786,-20.522,-4.869,-6.781,-6.073
46.22,-89.435,2.051,-82.25,67.813,-25.467,-15.173,7.399,-4.372,-4.317,0.758,-1.483
49.846,-37.228,12.108,-6.235,66.374,-18.114,-20.526,-8.925,-0.774,-17.978,0.479,-9.413
46.049,-78.988,11.841,-29.58,74.504,-37.491,-11.568,3.887,-27.465,-18.363,1.734,-23.041
46.438,-79.774,34.195,-25.659,65.595,-27.744,-11.405,-5.63,-11.525,-3.725,2.367,-15.488
46.445,-35.777,14.893,7.529,44.736,-21.682,-10.315,-3.862,-17.347,-20.519,-4.388,-0.406
43.26,-79.751,36.685,15.973,6.22,-32.383,-30.05,4.405,-15.381,-8.158,3.605,-12.509
42.169,-29.619,33.059,32.792,23.907,-15.713,-13.182,12.242,1.468,-9.186,27.414,4.949
43.411,-64.585,54.245,13.464,12.078,-28.361,-29.643,-6.995,-18.503,-3.818,-4.962,-19.706
42.889,-75.463,52.723,10.413,24.063,-26.535,-15.459,-3.697,-4.023,-0.166,-2.341,-3.018
41.205,-58.748,30.37,58.824,16.022,-39.448,-21.948,-28.249,-5.231,-3.834,-18.21,8.845
35.473,-118.147,50.158,4.404,11.391,-27.202,-12.672,0.36,-29.058,-13.511,6.95,16.478
36.517,-106.537,62.015,19.636,18.342,-32.509,-5.646,2.06,-19.361,-10.886,0.159,8.45
38.45,-36.221,34.099,61.877,12.478,-31.01,-28.918,-14.65,-11.643,-10.705,-20.812,16.732
41.533,-2.012,47.581,-80.394,17.884,30.107,28.27,-18.888,-14.384,11.287,-9.679,15.659
52.503,-6.37,48.957,-76.047,21.111,6.109,1.974,-3.618,5.153,-6.466,27.66,-28.426
55.808,62.841,83.94,19.371,54.151,-17.996,-13.229,-16.697,-37.776,-8.523,2.625,-4.192
54.747,79.155,98.468,6.059,26.687,-5.283,-20.265,-2.734,-29.596,-5.878,-1.664,-4.583
52.362,65.027,137.257,-1.264,68.074,29.208,19.396,40.785,-26.593,-8.054,31.246,-14.068
52.723,50.99,54.793,66.676,15.213,-11.344,-0.699,4.2,-45.451,-17.6,-46.269,2.038
44.991,107.836,-27.578,-49.341,99.375,-35.16,19.865,24.927,-24.039,-57.838,20.084,6.57
53.486,12.695,69.656,38.852,65.176,6.795,6.444,-10.257,-28.084,32.483,23.807,-5.151
51.465,-14.836,137.987,30.87,74.145,-40.412,16.282,-1.618,1.82,-5.776,3.432,4.626
52.219,37.511,172.255,8.078,45.802,-25.44,7.94,10.386,-20.281,-19.204,12.074,-1.032
53.482,68.18,157.401,40.374,38.162,-28.092,11.88,14.288,-29.75,-28.565,8.698,-8.657
53.289,71.304,86.088,52.095,-2.739,-9.392,12.159,6.019,-22.562,-12.167,-46.297,-12.288
51.988,52.597,36.661,-96.864,33.672,12.341,-43.437,27.126,-9.734,-6.13,8.691,-1.088
54.059,59.782,-5.754,-23.814,68.625,-31.48,-67.804,-20.531,-1.85,0.462,-0.687,36.468
52.767,38.988,3.216,-30.916,81.924,-19.633,-54.483,-27.199,10.377,-23.382,0.014,36.993
52.49,42.201,22.765,-19.812,62.963,-31.094,-67.183,-12.663,0.412,-8.081,0.461,36.48
52.283,33.17,25.113,-23.206,91.762,-30.847,-40.273,-11.087,-0.96,-20.414,4.295,41.281
51.687,12.818,100.978,2.022,68.959,-24.936,22.676,22.772,-3.866,-11.621,-11.505,-0.278
52.525,47.789,50.42,-6.618,58.885,47.457,-45.292,33.622,-21.957,-33.363,15.029,-14.314
52.503,57.686,88.382,-3.719,31.629,-4.212,-39.179,-12.576,-35.316,-17.585,-17.938,-15.941
49.997,5.079,50.211,-43.361,30.069,18.971,-45.012,18.475,-2.863,-20.996,-12.133,-8.405
50.627,-41.568,122.726,9.058,80.96,-51.9,-9.649,-6.067,-3.555,-6.957,-10.413,-39.215
47.303,-50.929,82.982,102.893,60.853,-25.732,-19.542,4.452,-7.056,-22.157,-48.724,-36.172
54.539,75.993,125.198,24.191,22.477,5.043,-31.151,-10.296,-63.789,-10.408,21.496,-30.09
52.447,68.366,103.239,82.679,28.388,2.199,-34.11,-4.334,-38.944,-28.888,-53.875,10.586
53.219,46.131,162.56,31.337,39.631,-18.237,-1.503,-1.376,-27.101,18.861,19.962,-21.329
52.582,31.834,87.433,58.7,42.529,-34.134,-3.609,36.841,0.337,17.489,-31.859,-19.437
42.055,-6.176,43.804,-37.271,43.776,-48.113,12.022,41.276,5.209,-4.483,13.17,-12.87
44.117,-23.882,54.376,17.768,22.728,-51.928,-16.016,-6.025,-26.951,13.323,-3.071,7.073
52.325,33.525,116.864,24.012,106.529,-31.061,20.925,5.583,11.885,11.161,6.244,-4.554
52.182,57.906,85.587,-27.128,84.275,-23.332,-23.421,13.362,-15.493,-23.483,5.035,22.573
50.463,52.09,15.199,63.132,57.053,-26.344,-43.225,-12.342,-41.241,-15.094,-21.056,21.178
51.66,75.678,43.751,-82.653,81.255,-2.53,-21.078,-1.517,-28.35,39.005,7.572,2.421
49.733,33.982,7.874,121.811,61.497,-42.846,-58.552,-53.013,-20.728,-12.03,-27.458,-4.341
53.327,53.721,74.504,12.171,63.308,46.546,-4.571,-2.33,-37.542,4.564,28.31,-7.359
48.699,32.521,107.902,-75.88,57.39,-18.341,32.504,25.637,-39.879,-21.46,0.012,5.213
53.575,76.875,61.875,1.103,34.052,43.623,-1.835,-10.132,3.714,22.03,13.924,-18.052
50.686,-8.051,50.31,-32.786,36.766,-9.131,-32.338,-0.728,9.235,2.332,15.761,-12.122
54.394,80.42,89.521,-31.211,12.79,4.155,-27.651,40.092,-0.815,-11.914,-9.002,-31.069
53.757,87.238,47.944,58.206,30.266,1.418,-51.736,-26.025,2.446,-2.655,-54.175,-13.132
46.71,62.013,52.591,-45.595,48.73,-28.996,4.642,5.856,-14.881,-22.636,3.617,-8.22
50.842,67.853,107.913,7.633,42.433,52.002,26.783,-11.873,-22.331,-24.796,-19.877,9.828
52.219,69.312,129.564,-46.593,68.192,31.835,-18.878,22.438,-41.679,-2.932,12.531,-20.909
53.817,96.597,113.203,37.071,42.636,-4.93,-10.016,-4.278,-29.643,-0.557,-37.213,7.32
46.707,41.971,48.008,-12.022,12.522,-44.876,-2.844,23.148,-14.285,-19.209,1.187,-11.987
47.953,126.834,15.86,-32.8,44.342,-35.295,3.999,8.215,-34.778,-17.391,-3.9,-25.313
47.905,87.801,14.931,19.61,43.027,-6.582,10.904,-49.763,-35.26,-8.122,-55.416,-12.86
50.781,5.707,116.622,-10.718,39.522,23.174,57.428,18.394,-25.088,-25.584,22.209,16.771
52.853,41.27,113.21,19.735,58.964,-23.267,26.144,16.327,-53.814,-25.239,-3.984,11.182
50.684,7.647,104.447,-27.849,79.844,23.161,-33.458,28.549,-25.06,-29.825,-5.38,-2.637
55.556,64.017,94.107,5.454,13.121,-19.62,-6.766,20.312,-20.259,-18.533,13.733,-15.393
54.286,96.87,76.49,66.455,-2.628,-2.72,5.014,-38.193,-20.876,-18.488,-51.493,5.322
54.001,39.792,99.967,23.275,51.735,-40.386,26.099,-1.974,-23.065,-0.843,0.277,2.843
54.162,55.166,105.302,-6.882,43.018,-27.49,8.068,28.461,-26.888,-22.084,3.217,-2.519
49.587,-5.738,72.805,34.325,56.964,-21.88,-35.109,41.804,-45.355,-14.266,-21.994,-33.925
53.139,20.301,97.004,25.857,35.29,12.594,-27.509,-27.325,-12.642,3.45,7.486,-31.996
48.591,-30.869,34.546,-1.562,46.339,-26.218,-38.04,-1.053,0.967,-18.438,-4.12,-14.568
46.448,22.824,-11.88,-49.502,93.845,-41.693,-35.702,64.143,-29.096,-38.541,2.574,-13.536
51.645,11.933,59.542,-21.47,58.505,15.957,2.181,39.072,-39.357,42.227,-1.924,-11.329
50.902,20.206,78.015,-31.361,64.387,0.947,32.15,-6.225,-32.259,23.879,5.654,-17.663
52.412,21.908,91.43,37.578,47.422,-14.222,4.858,4.164,-52.504,-2.54,-21.91,-4.05
55.29,67.066,96.327,-15.189,46.116,28.186,-49.079,7.323,-34.721,-19.863,16.18,-34.606
55.598,46.263,94.421,32.538,9.858,-30.672,25.518,8.433,-11.416,7.764,-16.396,-29.415
49.691,31.989,-2.73,13.922,67.348,-55.978,12.545,-6.291,-64.226,-5.631,-6.443,-28.17
52.231,26.186,38.899,-60.865,47.845,8.632,-18.33,6.54,-45.003,-8.902,3.052,-16.877
53.825,11.305,102.263,36.022,57.684,-39.594,-18.649,-23.289,-23.062,14.147,-9.474,-26.551
50.023,-44.282,86.674,35.374,61.425,-16.571,-14.03,3.111,-15.576,-11.093,-35.907,-15.514
49.246,23.074,17.928,11.218,98.292,-46.757,-22.755,67.025,-43.639,-24.444,14.875,-30.294
51.167,-67.812,38.263,43.875,62.315,-16.817,-5.706,-9.599,-46.971,1.757,-15.609,-1.861
48.811,9.258,33.646,-54.951,70.965,-27.325,34.18,-47.104,-48.991,-23.363,-10.793,-8.025
47.962,5.922,2.466,-54.027,57.692,-18.85,-12.049,-20.091,-36.411,-25.294,-13.073,-4.145
49.717,-37.551,8.174,-13.596,40.763,-11.63,-4.132,-9.773,-17.08,7.793,-29.725,-7.86
46.182,87.636,-6.445,-57.366,106.862,-35.11,-9.62,33.268,-18.06,-47.208,17.911,10.607
48.176,2.242,-28.678,-27.133,45.856,-32.912,-18.354,-72.636,-32.736,66.069,-22.631,24.811
47.373,-26.059,-17.164,-15.952,28.39,-30.448,-0.467,59.923,-11.334,-41.667,4.486,16.392
46.621,-48.878,-1.61,-35.315,42.486,-1.719,-12.298,2.592,-25.432,12.636,5.219,-4.329
47.57,-68.431,9.258,-2.409,37.251,-25.519,-27.318,-3.425,-26.121,5.67,-3.689,-9.557
46.732,-60.537,-1.614,-9.682,30.959,-30.577,-44.926,-3.724,1.401,-1.003,0.339,-8.309
45.612,-48.024,-6.975,-19.565,21.762,-30.311,-25.74,-1.054,-14.093,4.668,-4.868,-3.1
46.88,-68.55,-4.752,12.843,24.968,-51.765,-23.523,7.426,-23.095,11.077,-8.512,4.11
46.986,-61.216,14.556,-13.85,15.459,-41.261,-32.606,-4.383,-9.627,2.903,-1.556,0.121
47.78,-60.776,21.724,-35.656,32.781,-14.816,-28.523,-3.923,-21.774,-3.572,-4.9,-9.248
46.801,-50.675,-0.889,-46.654,36.96,-33.744,-31.282,7.921,-15.861,-17.691,-1.533,-12.832
48.181,-7.819,-7.687,-24.172,12.753,-23.147,-36.405,-9.445,-20.153,-16.083,-4.746,4.212
47.854,-18.788,-22.457,-0.733,33.413,-21.372,-22.498,3.079,-34.706,-16.433,-20.496,9.78
46.778,-41.587,-11.926,-1.368,41.689,-23.495,-35.413,-3.494,-18.218,0.269,5.025,-18.5
45.11,9.076,29.403,10.934,19.817,-32.739,-15.491,-18.495,-35.658,-20.149,-7.756,9.201
42.756,-69.09,57.626,2.829,44.136,-32.28,-24.947,-3.823,-8.413,3.659,5.058,-12.145
43.899,-18.145,54.213,-33.845,47.938,-10.036,-24.379,-15.392,-13.935,-19.373,-14.357,-3.847
47.979,-75.317,-40.951,-68.404,2.675,-17.798,-38.461,2.648,16.806,2.188,24.031,-4.807
49.658,-44.665,-6.206,-17.844,27.174,-12.26,-19.108,4.622,-16.187,-6.596,-37.647,-2.404
49.718,-36.355,-6.898,-33.843,23.295,2.009,-28.626,-17.527,-5.587,0.592,-1.456,-6.822
49.643,-40.676,2.142,-38.417,38.712,-16.094,-30.282,-27.968,-12.787,2.481,-15.433,11.143
51.101,-23.193,20.123,-66.22,43.971,-22.436,-24.88,-12.792,-5.738,14.263,9.501,-4.516
52.56,2.795,37.576,9.111,58.058,-18.795,-51.71,-2.821,6.896,-0.203,-18.816,-14.908
50.87,-79.785,15.599,3.517,47.079,-23.587,2.097,-3.293,-10.566,-10.982,-12.2,11.26
50.444,-74.465,38.187,-4.084,65.862,-14.106,-9.985,-5.296,3.059,-20.029,-4.251,4.812
50.677,-24.048,1.045,-46.882,41.618,-26.378,-47.456,52.563,-11.598,-30.531,1.429,-14.67
50.144,-64.227,21.731,37.884,68.805,0.742,-18.787,-17.217,-17.36,12.042,-42.105,-5.377
49.482,16.611,59.323,-76.212,45.979,-22.797,-28.639,-36.246,-10.291,12.592,-6.064,-2.477
53.514,31.909,16.462,-24.969,31.326,15.192,-20.29,-32.811,-29.003,-17.779,-0.999,8.684
52.805,0.781,17.328,50.569,-4.869,-2.089,-28.931,-16.037,-25.56,-30.657,-24.732,8.235
52.744,1.923,60.958,-31.379,41.068,-0.188,-3.163,1.54,-28.118,19.551,-10.223,-16.242
48.297,50.381,0.303,-45.404,69.404,-40.644,19.796,30.041,-44.688,-14.164,-4.481,-23.095
53.332,-3.443,9.356,-1.411,36.525,-4.503,-25.924,-1.712,-31.501,15.256,-2.785,-1.324
51.642,28.281,9.092,-9.042,51.701,-23.505,-38.649,50.857,-21.786,-23.82,-14.563,1.227
51.204,38.772,59.671,-7.409,64.478,24.345,-49.429,36.011,1.645,-1.471,-17.361,-27.893
53.845,33.167,59.795,-36.861,49.952,31.033,-39.746,15.603,13.761,-1.909,20.295,-25.795
53.712,8.412,39.167,-3.639,34.025,30.976,-26.605,-14.972,-5.415,-23.843,-27.782,5.258
51.487,-10.366,38.928,-41.036,42.882,-31.595,-22.683,27.905,-23.184,-25.756,-12.051,13.073
54.948,22.261,70.773,-12.5,55.994,12.08,-41.468,-15.582,6.712,-11.843,9.188,-24.714
53.754,30.173,48.511,57.377,41.946,-22.232,-63.399,-13.05,10.719,-5.822,-28.856,-20.055
45.946,37.378,59.828,-8.003,78.225,-30.699,-28.298,18.348,-10.086,-22.78,2.43,-1.21
46.67,53.543,34.753,13.524,87.478,-17.852,-19.781,-21.171,-17.14,-3.66,-24.95,0.189
49.301,-42.359,-47.681,-27.395,69.501,-24.147,-8.735,11.632,-41.144,3.459,15.239,-9.063
49.998,-46.492,2.876,-61.82,70.696,-41.142,-19.187,12.298,-26.459,-1.539,10.486,-3.18
53.707,-18.451,51.936,3.281,48.715,-11.273,-13.337,-1.687,-2.161,3.805,-33.602,-6.857
49.693,-76.254,28.714,-67.023,23.803,-22.605,-14.011,7.675,-21.829,-13.238,-7.496,8.138
51.459,4.128,56.176,4.732,38.489,-15.068,1.332,-25.29,2.564,1.224,-19.255,-2.399
43.388,-53.547,69.671,17.29,41.683,-39.575,-23.241,-0.899,14.641,5.371,-7.36,-23.843
45.947,-13.773,56.611,14.037,50.386,-19.079,-39.305,14.746,-19.972,-19.009,-19.279,-5.656
54.907,24.2,29.286,-9.415,30.767,4.974,-44.488,-35.557,-2.858,-3.244,10.149,-18.417
49.794,23.594,-17.365,-24.526,49.911,-36.347,-56.453,51.492,-7.7,-10.422,-6.235,-7.773
49.479,-40.814,8.434,-36.84,17.358,-22.999,-35.646,-14.209,-31.656,38.958,13.276,17.953
52.691,24.049,-3.059,-71.007,3.092,-21.999,-78.982,12.074,13.005,-17.246,11.756,1.778
53.81,80.791,-11.815,-38.504,-3.808,-23.123,-71.196,-14.37,5.037,11.196,-3.415,-3.143
53.546,60.175,-19.579,-26.9,-8.243,-30.134,-75.345,-16.056,25.926,7.175,-6.184,7.084
50.892,20.082,-29.706,-2.772,3.203,-13.974,-66.335,-8.771,24.338,3.372,-32.639,21.433
49.84,24.823,-19.641,-11.487,44.22,13.252,-35.457,38.2,-15.942,18.228,23.715,-9.7
43.043,-29.742,10.633,27.538,32.999,-14.784,-29.326,-26.861,-4.827,-34.047,-33.296,21.152
47.231,-53.394,-14.181,-72.286,79.246,32.036,-22.304,29.67,-9.884,6.815,23.386,-0.613
44.892,-54.378,-33.431,54.073,33.47,-42.674,-31.443,-25.244,-38.968,-24.504,-15.414,9.39
44.62,81.123,5.95,-5.266,51.401,-38.975,-46.671,-32.305,-13.028,7.673,20.771,5.445
49.095,2.171,-37.994,-1.301,45.442,-7.747,-36.801,0.698,4.04,36.73,-6.245,-5.091
44.371,-33.178,-47.571,-21.264,25.014,-29.603,-11.331,-1.067,-29.497,-10.896,-0.708,8.733
42.599,-57.792,-59.43,-30.091,34.986,-42.842,-21.671,8.642,-23.636,-8.434,-2.436,-4.775
39.813,-55.191,-64.497,-29.666,33.337,-41.61,-12.321,-4.483,-36.761,-8.201,-5.54,-0.281
41.099,-60.722,-30.684,17.441,31.201,-34.188,-32.272,19.452,-43.378,-8.668,-10.744,-7.571
38.702,-50.187,31.98,3.624,62.768,-39.727,-18.665,-4.444,-32.563,-18.89,5.124,3.007
38.446,5.134,2.004,-13.746,68.942,-11.449,-18.906,-60.119,1.521,-39.919,-18.879,16.713
35.97,-94.312,13.794,4.285,44.535,-62.418,-26.173,-35.823,-38.082,11.58,-7.966,26.62
34.123,-122.425,27.459,20.323,12.619,-22.179,-33.053,-6.95,-29.339,-17.929,4.174,13.053
33.24,-118.797,25.613,43.016,46.669,-18.914,-30.216,-11.645,-7.27,-6.671,9.357,11.525
28.633,-151.917,29.931,-17.921,23.122,-20.371,-9.188,5.857,-19.102,-19.676,3.007,24.846
31.553,-140.838,32.603,22.097,58.68,-42.441,-30.275,-12.789,0.904,-2.37,-13.518,6.868
28.972,-126.257,51.063,37.149,39.685,-16.971,-11.579,3.434,-14.101,-19.564,4.297,7.001
32.454,-121.442,90.199,-146.822,38.284,6.75,10.744,-3.377,-13.509,7.01,-20.15,-0.346
49.63,-60.2,58.078,-124.385,29.635,11.577,-5.124,29.563,5.03,-16.918,23.954,-28.399
55.368,67.329,116.689,36.315,47.246,11.733,-27.69,-2.903,-21.948,-5.239,35.12,8.442
52.438,108.433,156.155,83.706,58.616,3.234,10.263,-9.096,-44.712,-15.331,-36.736,2.416
45.028,82.321,200.531,-83.928,92.438,-6.575,36.559,-29.978,-37.096,26.431,10.067,-6.766
53.456,41.533,132.38,14.486,12.828,-31.281,34.199,13.073,-50.439,-7.32,-2.387,-7.803
50.955,50.431,60.758,103.896,24.863,2.427,-12.312,-19.466,-20.496,-26.934,-70.476,6.343
37.559,51.662,41.339,-57.581,52.449,-34.896,1.561,70.379,-11.935,-33.027,1.446,1.718
52.913,45.039,142.814,32.031,100.257,-34.003,-5.177,13.288,-14.796,-4.272,18.703,-9.205
52.99,82.563,139.486,31.488,87.652,-35.206,1.261,9.777,3.39,-14.466,5.637,3.618
49.719,41.456,65.646,112.083,29.678,-7.642,-20.536,-48.092,-17.035,1.511,-50.039,-8.11
49.723,34.788,45.623,-39.411,24.957,-0.688,-71.558,-7.52,-19.326,1.196,-5.822,-7.85
49.861,17.601,41.689,-21.625,49.284,-17.892,-52.245,-3.18,-28.357,-19.866,8.373,24.097
49.448,9.099,47.478,-23.681,49.965,-17.356,-45.497,9.147,-38.057,-36.799,-4.951,28.997
48.148,-8.229,30.023,-26.014,62.514,-28.519,-51.431,2.194,-18.724,-23.539,1.298,31.232
47.11,-24.769,28.08,-23.832,64.657,-28.665,-47.944,-4.672,-14.969,-11.011,7.853,33.21
47.626,-24.234,9.766,-43.787,65.469,-40.437,-49.425,7.843,-7.577,3.709,7.003,36.235
48.117,-2.319,-1.423,-32.307,78.96,-30.781,-49.71,-2.65,3.419,-12.82,3.421,39.688
48.252,-11.565,22.498,-28.446,71.231,-33.802,-44.006,-7.969,-7.913,-11.636,9.087,38.248
49.408,30.458,59.8,-7.089,85.043,-11.385,-1.768,-14.86,5.456,-22.995,4.717,25.409
50.185,79.898,23.076,67.507,70.013,22.509,-69.164,29.391,-26.398,-37.505,-4.055,-2.626
49.994,85.333,86.218,-20.325,36.395,35.121,-90.418,-5.223,-13.253,-23.864,34.036,-25.148
50.712,4.294,68.358,109.78,44.486,6.516,-33.734,-27.615,-52.078,-17.611,-46.139,-4.802
43.537,-40.456,41.991,-37.883,36.108,24.062,-41.204,11.345,-16.21,-38.995,-25.625,-6.216
45.454,-43.052,65.936,-21.632,73.792,16.649,-6.33,3.903,-9.347,-1.95,3.331,8.507
46.143,-18.888,32.823,39.308,70.196,12.66,-30.951,-4.409,-11.941,-30.042,-42.251,3.728
41.106,11.305,155.87,-151.249,62.809,71.277,-5.746,42.872,-15.725,-56.978,-40.386,-11.204
48.117,71.563,194.972,-44.446,123.705,60.691,20.162,36.384,-1.779,8.742,24.659,-42.568
51.762,35.234,53.45,75.74,43.873,-15.31,-5.518,17.651,-3.072,-5.431,-53.879,-14.888
38.626,-18.876,50.777,-44.554,46.285,-40.319,2.967,35.672,-5.098,-22.145,3.863,2.271
39.809,61.608,5.049,19.513,59.307,-14.238,-11.648,-36.699,-15.345,-33.212,-35.669,19.047
49.94,58.904,92.401,-29.522,98.201,76.309,30.285,13.263,-9.784,-6.745,45.756,23.611
51.753,65.185,113.847,23.937,95.491,-27.23,21.802,-10.27,-7.145,-7.33,-12.075,34.841
52.905,60.13,27.912,2.594,69.027,-14.921,-52.419,-11.839,-18.675,-8.187,-3.156,31.858
49.038,-61.287,55.364,0.742,82.781,-29.74,-44.767,-2.375,-19.957,-20.552,2.701,15.323
45.644,-92.554,44.549,70.936,84.208,-11.112,-61.901,-1.483,-22.53,-22.086,-41.582,16.62
51.373,39.889,89.82,57.369,84.467,46.719,-7.851,3.507,-15.256,6.79,6.527,-4.633
50.154,58.923,117.04,-61.794,90.987,55.758,-10.706,22.727,6.648,6.817,2.37,-7.482
46.899,57.219,85.163,-35.037,30.271,33.744,-4.35,-20.742,-12.131,-2.704,-58.589,-5.908
49.575,29.53,46.499,58.411,42.099,74.437,-41.311,32.594,13.152,-18.205,-16.551,-45.986
46.882,114.756,44.82,-66.426,64.798,3.234,-28.958,-42.614,-36.112,-14.352,-16.174,-15.621
52.431,65.227,141.896,71.959,61.404,24.526,-14.02,-10.387,-26.422,-25.129,-14.324,0.073
47.997,57.877,128.156,-70.428,76.402,-0.875,-13.06,-2.177,-43.694,18.594,1.055,3.753
53.378,86.995,133.16,17.81,26.194,-4.187,-17.408,-11.268,-17.366,-8.888,-5.53,4.142
52.998,80.363,80.71,64.484,21.368,-9.229,-45.671,-17.215,-10.167,-12.417,-44.03,-14.339
43.522,24.434,43.758,-67.443,46.45,-15.329,-4.991,44.897,-8.417,-18.697,-0.296,13.952
47.335,14.44,120.023,-73.207,69.353,45.612,42.779,30.262,-24.676,-16.246,12.442,9.911
51.43,32.957,103.78,11.7,59.56,46.46,-36.942,5.529,-10.898,-25.414,17.776,-16.005
48.743,18.139,109.967,-59.026,37.021,0.124,-43.958,12.632,-11.158,-13.793,-10.382,-9.134
50.905,26.062,132.505,48.65,23.957,2.842,9.419,27.019,-40.649,-12.836,2.551,-16.113
51.669,80.187,141.92,6.98,15.9,-6.723,19.973,15.265,-31.58,-10.179,15.223,-4.416
52.038,68.146,90.19,57.079,45.687,-4.07,-45.807,-14.769,-27.794,5.069,-56.258,-15.162
51.808,64.082,130.236,26.179,52.715,33.129,-24.525,-16.102,-20.257,-1.017,26.802,-34.122
47.954,-33.884,26.938,70.253,56.052,-27.198,-18.68,8.881,9.095,-4.196,-48.339,-22.405
39.801,-0.018,25.259,-42.561,28.33,9.641,-4.951,63.674,-7.979,-52.649,-7.85,-16.731
45.151,93.613,42.27,-141.364,109.848,2.005,20.262,-100.658,-60.478,-14.446,-0.232,-10.477
51.651,55.717,88.309,-8.28,82.025,13.469,-19.665,-5.803,-47.214,14.526,-2.789,-12.195
53.431,104.947,102.017,-2.052,43.806,58.126,-58.502,-3.119,-39.907,-20.035,19.979,-40.797
52.535,41.613,80.596,64.481,52.675,4.632,-26.55,-33.199,-37.689,-9.303,-49.116,-15.839
42.724,52.307,-56.726,2.142,88.77,-36.805,36.958,-31.67,-32.656,-24.032,-23.584,-26.37
44.627,5.314,37.566,-107.978,57.574,29.014,-2.948,6.709,-30.89,-4.183,-15.854,-21.601
49.453,26.351,32.864,-27.812,33.589,-14.81,-51.62,-29.916,-26.493,-11.234,6.31,1.42
50.148,-33.263,96.002,19.838,94.284,-59.667,-22.106,-7.891,-1.659,-7.49,-14.86,-28.061
46.759,-46.984,26.755,55.682,73.861,-18.463,-30.81,9.515,-40.379,-24.402,-56.424,-14.883
40.289,50.215,-4.138,-76.802,100.361,-22.169,-37.947,85.683,-34.99,-16.154,1.273,-11.324
49.834,-33.247,37.417,72.415,65.446,25.026,-2.779,4.848,-34.766,-1.554,-13.446,-12.184
48.035,42.66,16.444,-30.531,78.67,12.228,9.301,-46.469,-37.408,25.676,-44.848,2.955
47.353,-15.582,-11.585,49.955,28.507,-3.994,-76.354,-14.428,-34.483,-14.214,-35.367,-15.671
41.548,90.614,24.445,-25.896,50.46,31.523,-0.318,-15.199,-14.351,-50.352,-15.403,-5.014
51.67,12.956,116.341,18.615,94.009,7.993,-1.911,-11.269,-23.943,25.002,37.062,-40.457
52.2,41.523,102.394,56.191,50.589,13.614,-39.497,9.449,-11.066,-31.595,-41.927,-6.729
42.29,67.502,14.248,-71.176,72.418,-5.39,4.684,-38.836,-57.442,-3.848,-40.022,-19.573
49.44,14.149,80.406,-31.704,62.296,63.596,4.013,0.277,-7.778,12.056,45.725,-59.01
47.333,-40.167,12.178,68.021,40.424,-16.393,-38.246,15.336,2.987,-13.044,-50.821,-6.228
36.786,-48.675,65.091,-72.754,43.267,-37.213,-21.742,59.367,12.283,-4.85,9.398,-21.297
40.782,98.628,22.164,-30.074,23.665,-35.997,-42.768,3.111,0.999,-2.807,-0.056,-8.689
44.766,69.636,21.11,-69.358,16.385,-8.165,12.739,-63.567,-14.534,21.312,-35.551,13.719
50.853,-48.552,45.198,-90.56,9.427,-2.352,25.303,-19.37,-3.034,-1.853,-7.458,-12.961
55.542,-2.667,103.459,17.103,12.927,-38.079,49.077,18.186,26.209,-2.327,-23.633,-28.513
54.747,32.844,72.52,33.074,13.482,-24.402,33.66,10.878,-34.518,-7.286,-2.627,-5.688
54.32,59.591,106.547,-18.2,-0.003,-21.499,16.825,20.306,-22.916,-6.652,13.435,-8.042
54.848,53.766,100.997,62.925,61.527,-20.309,-0.769,-5.555,-28.002,-18.611,-37.583,-8.096
53.744,40.832,112.871,-1.815,59.737,26.743,10.865,16.005,-35.031,-11.347,27.137,-5.412
53.383,46.424,48.874,49.317,5.445,-1.112,-9.231,-8.444,-12.744,-21.936,-40.549,2.769
46.43,-12.794,35.848,14.726,13.491,-45.563,-3.872,-0.044,-19.071,-1.438,-3.105,1.934
46.066,80.274,-44.127,-32.68,94.043,-53.548,4.43,-10.79,-27.234,-12.074,2.278,2.549
55.804,66.185,80.016,57.83,56.468,-1.165,16.816,-7.126,-22.816,10.252,25.061,-0.671
54.072,29.393,102.137,18.291,83.671,-39.336,14.979,-10.776,-0.271,4.365,3.824,27.546
53.814,69.971,132.87,11.13,58.107,-25.051,14.801,2.592,-25.1,-9.552,3.571,7.624
54.333,69.149,78.959,43.195,2.503,-6.877,-3.798,-0.721,-31.103,-4.796,-41.426,-9.755
51.109,0.581,7.145,-29.289,32.578,-37.278,-37.004,-29.271,-31.53,27.553,-5.364,-4.823
54.881,50.542,35.326,-28.043,14.35,-11.904,-59.836,1.526,-24.653,-19.054,3.393,-7.216
54.232,49.12,-9.971,-28.038,64.66,-39.051,-55.454,-7.1,-12.296,-1.183,3.366,34.223
54.062,42.225,-3.905,-24.41,55.487,-39.019,-49.166,-10.589,-17.647,10.974,6.469,28.419
53.344,37.216,-0.036,-31.021,68.834,-37.485,-46.271,-16.446,-9.119,-3.007,4.399,16.593
53.809,50.078,24.174,-28.518,94.107,-42.943,-31.815,-11.644,9.503,-5.837,3.053,24.786
54.15,62.891,73.758,19.618,56.889,-34.449,38.346,-1.376,-29.925,-26.783,-12.917,6.844
53.649,25.116,15.54,5.679,61.155,10.232,-28.342,26.994,-19.124,-17.852,-1.864,-7.063
53.065,39.132,62.786,-20.824,-8.944,-22.959,-41.271,-3.469,-24.166,-3.895,-2.653,-24.166
54.077,11.528,34.439,59.792,-8.373,7.947,5.753,-0.917,-44.195,-20.306,-35.489,-27.377
52.352,9.313,28.639,-16.28,7.88,20.694,-22.216,7.287,-9.744,-4.541,-8.976,-26.775
50.992,-14.115,68.297,22.698,65.438,57.253,8.01,7.873,9.108,-10.304,-14.594,-17.317
54.814,72.038,116.518,-5.282,58.911,61.666,-9.283,-2.341,-34.781,-27.421,45.925,-31.548
53.404,10.07,77.533,85.299,12.353,-11.089,9.78,-3.261,-39.7,-7.206,-51.037,-15.7
52.843,13.659,107.557,-40.654,52.013,29.776,38.643,5.121,-2.863,-13.26,0.842,-23.855
53.822,69.476,50.648,52.16,37.992,-14.693,-10.042,9.535,-21.866,-15.145,-57.365,-31.306
47.119,35.443,-1.197,32.603,54.526,-52.28,18.145,-34.435,-24.715,-12.209,-17.621,-17.404
42.834,-55.141,36.147,-48.774,18.399,-40.525,3.811,26.571,-0.058,-8.915,13.471,11.499
44.955,6.723,26.364,-16.108,41.623,-24.925,12.588,-20.304,-5.597,-21.866,-25.941,19.32
52.968,17.209,109.512,9.486,112.623,0.642,37.263,26.863,0.212,8.927,34.162,-19.288
54.85,43.197,72.654,-31.74,65.44,-20.468,-22.307,11.875,-33.766,-20.345,1.424,13.463
55.132,52.115,37.718,-26.032,53.949,-26.169,-46.172,2.522,-36.521,-16.178,7.886,31.236
51.274,60.487,55.462,-109.597,55.681,-4.44,14.122,-12.05,-14.602,-22.298,13.209,-4.956
56.137,82.568,44.747,-4.921,62.793,-35.213,-28.973,-13.838,0.404,1.398,-7.391,7.651
53.25,48.061,46.261,61.078,64.335,-1.068,-42.488,-26.274,-27.296,-10.58,-56.517,8.322
51.054,42.184,77.04,-23.148,71.962,56.128,6.519,-7.804,-23.035,-13.206,-0.561,-1.526
52.419,29.582,88.757,-30.992,64.773,43.39,51.676,12.452,-9.893,-16.179,23.927,-9.504
51.897,42.627,27.061,104.223,35.268,-21.325,15.74,-34.074,-22.83,-33.412,-57.557,14.145
53.852,60.802,44.768,24.005,48.808,41.202,-7.299,-28.038,6.358,2.282,5.615,-16.919
54.766,90.434,79.791,55.827,71.084,-0.612,-54.909,-8.931,-2.829,-16.22,-23.598,-15.859
48.246,44.761,56.006,-38.351,54.125,-12.376,-6.063,-6.011,-11.713,-34.984,-15.611,-6.858
54.558,70.985,58.558,37.355,-1.489,34.316,37.671,-23.095,-19.599,-12.769,-15.103,7.744
53.868,70.728,92.927,-61.591,52.623,35.743,2.534,20.274,-14.689,-10.964,-0.742,-16.79
56.096,92.665,65.373,29.842,32.115,-10.934,-8.217,-14.386,-8.49,-5.471,-28.852,-0.581
45.208,-7.869,19.969,16.711,5.031,-39.039,-6.789,-12.222,-17.955,2.7,4.668,4.868
46.487,69.901,13.034,-44.567,38.227,-34.112,13.0,16.32,-24.749,-22.505,4.813,-10.808
48.588,90.51,22.424,-2.419,37.559,0.932,12.818,-28.457,-22.893,-17.78,-40.283,-8.287
52.175,28.884,102.432,1.46,13.595,43.229,59.429,-0.521,-33.302,0.939,25.635,10.985
53.867,35.648,99.169,28.549,5.429,-20.625,44.986,7.258,-30.393,-20.973,-23.139,12.939
51.789,-24.266,56.397,-40.138,57.259,20.038,-25.647,31.203,-7.224,-18.786,-7.609,-7.477
55.423,52.992,93.461,12.368,17.966,-17.14,3.413,32.181,-8.265,-25.792,3.651,-5.083
55.134,44.008,100.2,25.156,50.085,-49.446,26.057,2.931,-36.698,-6.05,-0.159,0.207
55.792,90.214,103.73,4.412,28.378,-23.875,5.365,4.907,-45.092,-25.665,-2.708,-11.802
54.392,27.859,75.756,30.872,54.776,-19.361,-35.105,-28.146,-10.494,4.81,-34.249,-25.793
49.252,-8.246,47.854,3.953,83.736,-32.2,-33.863,58.023,-35.848,-30.956,-18.532,-26.138
52.274,13.831,34.322,36.829,61.754,30.716,-56.599,-11.349,-17.738,13.267,0.856,-27.296
51.925,-1.457,34.123,-11.26,63.771,-10.367,1.435,1.91,-35.965,60.66,0.793,0.268
51.392,17.047,72.964,-40.405,59.096,-19.945,16.562,8.9,-32.532,26.471,16.452,-13.106
52.813,17.702,71.235,47.333,39.474,-23.937,-5.245,-16.56,-57.028,-5.778,-25.324,-0.26
55.683,77.071,84.42,-14.399,21.477,16.614,-25.307,3.87,-34.275,-15.983,14.15,-38.167
52.183,78.875,88.573,102.014,41.037,-24.065,-22.576,1.795,-35.34,-5.93,-40.401,-14.983
51.929,19.132,25.934,-1.942,32.225,-7.35,-35.048,-20.616,-43.86,3.058,14.424,-10.83
52.301,13.9,108.89,7.847,63.31,-31.592,-16.972,-7.188,-15.589,-6.331,12.612,-25.015
51.063,-19.6,118.232,45.34,83.185,-20.187,-9.355,-5.98,-20.543,-20.649,-25.217,-27.36
49.024,27.462,15.622,38.107,76.835,8.906,-25.475,88.558,-46.596,-22.377,29.255,-26.16
50.008,-40.589,34.018,22.694,80.405,8.79,-16.096,14.467,-48.084,59.491,-6.013,10.751
49.882,-12.14,33.509,-47.667,70.116,3.129,10.488,-11.919,-54.997,41.262,-9.985,3.64
52.961,7.51,28.042,-0.336,37.496,-4.76,-35.77,-14.882,-36.14,-10.317,9.953,-19.092
52.992,-9.036,129.109,15.954,49.704,-25.657,4.212,-3.131,-20.568,-10.785,0.652,-50.395
53.118,56.368,50.624,57.068,38.54,-14.462,-43.206,4.789,-39.219,-11.678,-28.275,-11.7
50.299,6.963,-8.595,-15.299,64.274,-9.42,-42.931,-7.863,-41.761,13.605,-24.267,-3.514
53.684,9.637,109.156,2.244,58.115,-7.002,-16.677,15.014,0.587,25.314,24.766,-47.681
53.86,28.318,151.32,17.705,59.642,-31.061,3.1,-2.145,30.672,12.437,-17.412,-50.126
54.44,37.459,118.822,14.212,23.906,-31.181,34.881,25.761,23.993,-6.834,-8.532,-43.0
46.756,48.758,73.147,-68.049,82.269,-6.518,25.19,-14.754,-59.203,11.07,-39.961,-13.375
52.215,3.633,101.108,6.854,56.013,-16.725,-2.057,46.622,-34.354,4.484,13.825,-13.58
54.94,121.301,104.581,-21.221,26.526,47.841,-53.274,14.185,-43.609,-0.917,20.861,-42.918
54.664,95.861,115.068,54.442,24.195,-1.207,-16.148,-18.858,-29.685,-10.438,-33.586,-17.734
40.675,18.64,8.389,-7.853,69.64,-54.579,22.893,-3.241,-52.356,-9.587,2.691,-40.29
50.507,51.567,71.095,-93.129,41.657,75.935,-20.09,0.346,-41.237,-13.486,-5.94,-35.979
52.035,12.029,86.627,46.206,65.861,-4.201,-21.306,-32.4,-21.584,-13.587,-23.088,-21.988
43.594,30.72,0.059,2.138,91.778,1.949,-19.172,82.053,-28.191,-22.158,22.682,-10.135
47.721,-67.451,40.143,47.388,74.943,8.737,5.436,24.887,-27.537,28.864,-9.662,-1.803
44.417,17.29,55.111,-108.051,78.446,-12.34,49.5,-60.669,-22.672,-34.808,4.764,-0.859
45.694,-42.381,58.349,74.833,47.278,-23.277,-4.741,-11.648,-2.141,-29.134,-48.665,-6.212
38.467,26.359,-53.119,9.677,66.972,-55.807,14.281,-55.095,-20.137,-24.98,-1.473,28.43
39.969,-39.949,11.293,-62.357,41.456,37.817,15.354,-16.172,-34.546,-11.878,-49.54,-3.253
39.815,12.538,-34.458,-86.496,88.549,0.093,26.517,-57.984,-15.664,-45.424,8.571,5.336
40.288,-142.031,-32.404,-79.85,26.695,-17.937,-8.406,-14.09,-20.066,-4.189,1.46,10.348
43.837,24.365,-63.435,-2.092,107.754,-44.918,25.637,-29.319,-25.034,-43.792,-8.199,5.177
43.597,-48.685,5.859,-41.618,50.82,-7.872,-18.07,12.234,-17.401,0.601,0.613,-15.3
43.36,-76.912,-3.165,-30.586,49.671,-25.69,-31.553,-1.711,-26.079,-1.766,-16.931,-15.25
43.085,-37.146,-10.629,-29.214,28.883,-21.878,-15.313,-1.063,-27.544,-4.898,-1.648,-3.317
43.139,-20.871,-22.637,-36.451,19.907,-29.564,-19.381,-1.316,-8.415,-5.568,-4.48,1.056
43.722,-24.21,-32.899,-47.239,33.744,-42.326,-9.56,14.166,-25.827,-9.926,-0.708,-8.433
44.422,-17.574,-28.48,-6.924,16.391,-43.253,-10.85,-0.398,-35.74,-2.991,-10.948,12.018
43.317,-29.173,-24.5,2.8,20.42,-23.075,-17.5,2.661,-16.442,-4.208,-5.08,-4.784
43.008,-32.515,-28.418,-90.655,68.751,3.566,-13.365,-4.099,-22.421,9.968,-8.073,-23.47
43.44,-35.581,-54.756,0.991,70.512,-52.344,-23.689,16.995,-7.745,-5.495,-20.709,-25.878
41.749,-17.929,-53.927,-59.177,86.612,-31.767,-9.296,14.872,-18.08,-0.612,-20.612,-15.929
40.58,-8.711,-45.104,-42.2,90.277,-42.229,-6.082,1.793,-44.613,-12.745,-12.029,-15.982
39.578,-4.3,-58.014,-32.282,94.193,-43.063,-17.081,-1.384,-39.059,-22.067,-4.783,-15.251
40.97,-16.968,-30.23,-79.101,88.637,-5.183,-20.231,-14.48,-20.873,-5.971,-36.471,-23.133
42.113,-45.187,-33.614,-25.599,84.777,-6.194,-46.251,4.232,-14.883,-4.826,-21.613,-26.447
38.851,-41.374,-43.608,2.438,60.288,-28.037,-28.913,6.652,-30.427,-7.538,-7.702,-8.829
33.256,-73.222,-51.929,-6.772,86.131,-31.277,9.447,-35.955,-28.581,-24.226,-30.505,-4.62
26.926,-153.825,-22.468,20.188,50.028,-54.656,7.923,-12.178,4.056,1.253,-5.234,-15.062
27.333,-185.817,4.084,-22.263,29.763,-20.853,7.309,10.069,-23.52,2.884,9.963,-5.392
26.344,-167.865,7.276,-0.168,26.792,-40.84,9.29,11.429,-24.199,-11.215,-3.447,-7.797
26.032,-169.233,-3.178,-12.262,15.999,-17.653,21.041,11.253,-30.905,-5.115,-9.238,-10.046
25.342,-175.494,-15.368,3.966,20.426,-45.82,27.024,24.789,-28.952,-9.314,3.122,5.834
26.633,-160.23,-2.027,10.441,7.124,-33.318,11.046,6.952,-33.23,-10.941,-0.861,-3.143
27.055,-151.078,10.2,9.379,3.28,-54.439,6.717,11.744,-22.487,-12.545,-10.58,-6.535
26.35,-142.683,12.326,-26.484,3.763,-16.469,18.015,15.931,-31.385,-4.781,8.941,14.683
27.909,-150.863,-10.46,48.937,19.166,-21.569,1.263,17.92,-8.452,-14.348,-24.485,-4.024
29.468,-128.524,21.676,58.298,26.508,-9.967,-0.418,13.408,-7.571,-13.293,-16.708,-9.255
24.918,-175.974,-0.091,1.99,48.388,-28.971,0.139,15.475,-31.063,-7.628,-8.739,-11.171
23.562,-164.616,8.773,-20.482,49.633,-23.178,9.584,15.854,-39.919,-11.973,5.269,-11.108
24.221,-174.104,10.898,11.864,69.859,-39.782,0.412,16.979,-15.759,-5.346,-14.328,-27.057
20.984,-173.23,-35.317,-32.945,74.188,-42.369,10.616,14.924,-32.268,-10.202,-1.109,-17.546
20.537,-174.851,-54.73,-36.653,68.972,-44.462,17.271,24.507,-31.542,-2.413,-8.631,-17.936
22.203,-180.644,-19.279,-19.266,77.011,-37.281,14.367,20.238,-27.625,-1.353,-2.932,-25.478
16.552,-93.426,-88.33,110.136,53.638,-50.692,-20.17,163.158,-11.301,-12.93,-9.042,-15.265
