0.0,171.13,9.469,-28.48,57.491,-50.067,14.833,5.359,-27.228,0.973,-10.64,-7.228
52.312,103.372,1.956,-18.04,-16.454,-23.145,21.39,13.436,-1.336,27.826,-0.859,6.751
50.46,60.558,-21.147,-13.274,-24.943,-27.876,15.697,-13.85,-1.9,12.603,-5.674,10.15
49.889,69.717,-1.286,4.564,-23.74,-42.961,6.03,6.217,5.418,7.885,-11.769,0.448
46.458,83.923,16.994,-22.811,-24.099,-29.539,-1.222,1.877,9.267,4.138,-17.176,-10.494
46.106,89.195,34.92,-19.125,-21.334,-32.81,14.246,12.252,3.088,1.04,0.431,16.163
46.785,70.588,45.792,-20.972,-7.481,-27.843,-2.057,10.383,-7.62,-4.153,-2.504,36.378
49.257,98.664,-35.321,-47.638,-34.982,-62.485,-24.326,7.2,-12.333,13.289,-17.897,10.193
51.602,85.52,-33.497,-18.066,-14.944,-63.527,-24.113,18.843,-11.34,-4.866,-12.592,22.74
51.506,77.15,5.3,-28.904,-20.27,-24.36,12.899,16.596,-3.677,14.559,-17.022,10.515
51.391,90.623,-9.514,-16.622,-40.33,-51.538,12.142,23.245,-5.218,0.682,-20.004,9.804
52.251,88.55,-21.007,-18.039,-16.052,-45.438,-4.072,15.951,-9.548,9.748,0.564,15.099
51.696,89.227,12.474,-29.166,-11.992,-39.905,16.065,14.447,14.598,22.339,-9.029,-2.203
50.479,108.955,6.501,-30.956,-23.127,-34.062,22.309,7.455,8.882,7.856,-15.774,19.294
51.283,71.532,-5.222,11.527,-27.691,-37.449,13.854,-4.415,-4.477,27.462,-25.124,1.145
50.191,68.798,-12.263,-3.468,-30.908,-34.682,6.46,-9.061,-0.695,21.154,-21.061,9.29
49.263,80.069,3.183,2.996,-19.757,-18.947,12.46,6.811,9.189,4.678,1.419,1.359
46.504,91.453,42.172,-12.569,-9.962,-28.484,4.295,1.949,5.188,6.717,-3.131,9.124
52.007,69.323,-31.764,-10.39,-7.554,-70.782,-15.992,3.441,-11.549,-5.432,-17.157,22.96
49.571,56.621,-13.747,-26.313,-36.518,-28.207,12.419,13.935,5.744,-4.905,-0.137,23.706
50.601,69.642,3.983,7.509,-37.349,-20.089,19.762,-1.321,-1.683,-0.507,-18.444,7.356
50.519,75.474,0.32,-25.145,-20.332,-37.352,22.278,-11.799,3.396,4.481,-31.415,-9.01
52.95,98.881,-7.259,-7.529,-4.931,-57.83,-11.415,24.971,-8.497,-13.135,-10.361,8.231
53.115,90.198,-15.14,-6.746,-5.584,-70.89,-7.245,12.636,-9.619,-2.204,-7.511,13.251
53.05,90.879,-13.525,-2.729,-8.077,-34.122,2.737,10.518,-6.865,12.492,5.928,-1.856
53.477,100.461,-7.718,1.076,-2.067,-44.742,-1.814,10.694,-9.651,17.266,15.327,3.638
53.325,90.961,-0.71,9.948,-4.528,-56.586,-5.805,14.983,-3.55,-1.007,-11.43,8.82
51.938,119.355,-2.947,-25.581,-13.501,-48.481,17.946,11.471,12.632,3.166,-15.64,1.204
51.539,77.782,-1.227,-5.588,-25.738,-52.339,4.591,3.602,4.766,25.22,-21.596,4.363
50.61,82.923,-0.922,-11.373,-25.964,-49.868,5.854,0.43,9.123,9.77,-11.981,6.429
49.65,72.051,-13.85,-0.527,-31.517,-15.405,13.891,9.843,-0.118,-6.213,-12.134,8.555
46.512,82.116,12.201,-26.792,-31.48,-35.924,12.72,-7.959,6.877,6.782,-3.63,11.209
46.015,89.995,38.254,-7.666,-14.718,-31.483,9.393,12.793,13.899,7.95,-4.193,-5.55
45.76,112.428,71.335,2.198,-10.62,-35.423,18.542,10.894,-2.883,9.01,-12.577,10.487
50.192,85.681,-23.653,-0.115,2.635,21.174,11.946,5.581,-18.732,12.055,-2.402,16.956
50.893,67.346,-31.92,-1.511,-11.961,-72.854,-18.682,5.105,-11.753,-7.081,-17.14,13.057
47.671,61.116,-26.018,-40.552,-41.225,-42.02,-1.091,15.391,-1.03,4.911,-9.897,10.922
50.504,53.651,18.943,-17.071,-29.619,-24.168,21.989,21.377,-4.882,-1.501,-1.827,9.778
52.632,80.833,-6.382,-18.042,-11.368,-55.19,-2.218,17.78,-4.95,4.926,-1.358,20.672
50.041,98.539,-7.521,25.48,-17.103,-34.198,15.896,-4.309,1.14,11.774,-10.95,19.663
52.339,62.795,-33.954,-14.189,-0.237,-40.851,-11.669,1.604,-20.224,17.857,8.514,18.331
48.584,65.899,-24.802,-40.738,-42.341,-31.731,-5.924,4.061,-6.975,9.95,5.734,11.179
50.729,62.042,9.711,-15.664,-31.419,-20.734,19.441,7.307,-1.533,9.715,-18.203,12.294
50.902,79.323,8.047,-26.527,-30.664,-28.946,16.227,-6.799,0.016,15.059,-17.569,12.908
49.451,59.411,0.044,-47.936,-28.655,-31.819,21.388,12.512,2.337,2.833,-11.104,6.891
52.293,75.373,-31.953,20.247,-8.738,-53.391,2.842,-0.361,-13.649,0.731,-13.731,18.345
51.102,121.916,-7.747,-19.264,-15.753,-30.58,8.722,39.638,3.137,8.719,-10.56,3.06
50.476,115.363,-21.805,-54.834,-22.544,-33.838,8.118,-14.365,1.241,25.866,-15.777,8.153
49.647,108.749,-32.263,-46.784,-22.787,-31.111,-16.386,-4.363,3.958,-0.615,-2.426,6.468
52.229,95.931,-12.502,8.229,-3.197,-71.886,-22.25,11.841,-4.89,-8.27,-11.993,13.482
50.772,121.016,32.654,-30.27,7.918,-21.926,-1.95,9.86,11.038,-2.926,-11.13,8.349
48.742,114.333,1.07,-22.259,-28.702,-25.704,-7.575,-1.461,-13.247,0.934,9.142,6.275
49.82,125.721,-0.869,-37.021,-14.468,-20.318,-11.27,0.344,-7.373,6.33,9.849,24.763
50.666,98.355,3.936,-12.961,-15.211,-49.279,-3.735,-7.676,3.107,20.672,-6.823,5.005
49.979,116.009,-19.378,-29.261,-25.967,-45.694,-15.099,-3.257,3.276,0.839,-10.422,11.637
50.254,95.071,4.87,-16.29,-28.488,-32.492,16.412,3.791,-4.07,29.671,-15.08,-0.564
52.627,85.916,-15.999,-2.963,-11.917,-63.878,-10.436,12.11,1.752,1.612,-26.633,0.792
49.118,87.465,-14.816,-34.324,-24.053,-28.41,6.306,-2.875,-6.909,-1.832,-23.494,18.748
49.518,70.451,-27.997,-2.593,-18.713,-26.083,9.562,-4.66,4.477,7.464,-8.803,5.744
49.769,94.242,9.142,-47.782,-10.649,-18.374,18.087,-2.677,0.71,1.89,-14.681,18.671
51.268,83.212,-5.758,-23.699,-23.185,-30.7,21.141,19.281,4.318,22.383,-3.147,7.317
50.45,84.987,-22.242,-32.113,-31.014,-22.824,13.86,-5.154,4.369,8.113,-11.601,-0.309
50.611,106.965,10.316,-17.013,-12.375,-27.735,13.352,11.259,7.345,12.864,-12.208,-9.83
52.561,95.962,-14.113,19.397,-5.814,-45.362,-14.614,17.486,-6.99,3.932,14.751,8.202
51.1,139.267,12.57,-20.555,-2.023,-26.92,-5.166,-10.872,10.948,-9.603,-4.938,6.955
50.156,83.03,4.58,-4.858,-20.046,-32.144,-13.953,-11.003,-12.731,0.721,6.886,11.474
49.464,94.508,-19.93,-27.047,-31.702,-40.748,-28.377,-3.68,-16.582,5.606,4.548,3.438
50.155,116.954,-1.43,-38.75,-15.794,-26.877,-19.879,-20.517,-9.364,9.748,-2.298,14.639
50.408,94.702,1.169,-7.429,-20.272,-52.278,3.95,11.137,-1.888,11.21,-11.799,1.532
50.098,105.062,6.077,-41.864,-13.81,-12.821,-7.868,5.535,-3.245,2.78,-7.65,17.629
51.474,91.998,0.376,-0.372,-28.262,-43.213,12.438,1.539,-1.751,18.317,-13.784,8.162
53.222,91.406,-13.711,1.405,-8.024,-57.772,-0.582,7.255,-1.988,5.617,-9.344,4.773
50.665,86.731,1.413,-20.895,-29.417,-38.074,13.466,11.248,-0.866,18.309,-4.85,-2.751
51.145,120.518,12.605,-26.052,-21.363,-25.618,15.133,5.371,1.142,8.027,-11.877,-3.397
50.949,104.391,18.571,-10.244,-24.809,-24.488,22.31,-0.569,0.81,12.62,-20.61,-0.3
51.554,97.706,-1.109,-17.939,-27.386,-56.739,11.201,7.542,13.568,11.399,-18.62,-4.303
50.812,111.86,-2.659,-28.943,-16.764,-40.456,11.362,0.787,10.217,10.113,-13.899,-2.573
52.721,99.985,-11.74,17.192,-7.479,-66.491,-16.821,16.218,-5.692,1.537,-9.055,13.044
50.589,134.168,31.535,-27.885,10.522,-24.591,2.894,15.752,19.087,-9.485,-10.332,-5.708
50.377,96.14,-4.09,-16.32,-21.264,-58.205,-4.296,-7.072,-1.271,17.245,-16.505,-12.229
50.81,111.087,4.563,-32.841,-4.045,-48.361,-4.209,5.381,22.544,13.383,-8.476,-19.291
50.66,101.617,8.332,-15.571,-22.946,-53.078,-6.807,-4.738,15.191,19.023,-16.173,-27.425
50.032,99.285,8.283,-3.655,-8.762,-37.49,3.251,-6.705,9.145,20.251,-6.718,-21.391
49.497,100.977,-9.467,-33.384,-13.989,-59.642,-6.519,9.152,18.958,20.061,-7.638,-17.665
50.118,104.589,-12.771,-22.667,-12.538,-46.578,-0.09,-1.607,17.237,21.053,4.725,-14.793
50.342,77.815,-3.42,-8.556,-25.822,-44.102,12.143,9.362,1.406,18.743,-22.58,1.524
52.084,91.608,-26.509,1.745,-8.66,-50.849,4.113,3.512,-9.643,13.682,5.25,3.49
51.036,86.722,6.468,-19.219,-18.408,-27.022,28.693,10.447,0.866,9.839,-10.258,16.144
50.412,94.946,-11.58,-24.025,-10.24,-12.488,14.59,2.288,3.864,9.972,-18.087,-4.856
50.296,93.347,-20.597,-21.893,-17.878,-15.376,17.371,3.74,3.08,4.89,-12.227,-12.959
50.837,92.926,-13.963,-12.785,-13.42,-26.047,26.754,1.672,-6.33,7.981,-3.374,-13.545
48.934,95.13,31.199,-22.335,-5.744,-28.716,4.808,11.893,13.679,-0.626,-3.717,4.125
49.615,115.32,34.05,-36.232,0.716,-18.303,-3.108,13.255,4.257,3.878,-10.955,13.975
50.34,152.62,39.244,-7.004,19.945,-40.943,-7.818,8.73,15.35,5.814,-7.72,0.064
50.273,120.172,11.807,-7.401,-15.984,-27.181,9.223,-11.653,-6.97,19.897,-2.38,0.663
49.8,96.971,8.722,-19.003,-35.741,-50.795,-4.233,-1.095,-4.106,10.358,-15.198,-8.197
50.398,114.225,3.254,-24.226,-12.229,-37.196,-0.125,12.869,3.113,1.525,5.776,-0.994
50.201,114.038,-11.109,-15.994,-24.092,-49.305,7.105,-7.442,-3.494,17.434,-10.778,9.409
48.993,107.427,9.472,-22.289,-44.36,-52.455,3.625,9.359,-14.638,7.595,-2.638,12.856
49.804,117.775,2.258,-30.744,-28.143,-26.114,5.839,8.024,-6.388,4.713,-0.415,3.691
52.563,77.682,-2.473,-29.202,0.947,1.294,4.83,-5.659,-21.138,27.399,-9.06,17.894
52.486,68.129,-14.404,-15.747,-17.204,-23.448,-0.779,1.423,-10.932,7.308,-4.485,16.644
50.445,45.446,-23.877,-17.267,-29.884,-38.12,6.139,4.825,-4.259,18.771,-12.082,16.759
50.391,61.86,4.467,-26.522,-41.918,-35.472,15.708,15.809,-2.743,0.029,-9.934,3.297
52.433,90.788,-27.76,3.965,-1.33,-32.372,7.446,16.975,-5.352,9.59,15.41,4.957
51.592,101.172,0.62,-24.465,-14.557,-39.008,11.378,24.39,9.33,20.802,-24.025,-7.727
50.922,100.521,-21.86,-19.37,-25.563,-24.147,7.607,2.881,0.982,22.062,-13.952,2.127
50.975,103.943,-12.097,-38.556,-21.565,-33.0,7.504,11.346,11.927,10.459,-10.639,-7.069
51.057,106.087,27.425,0.255,-18.874,-39.794,19.793,-14.908,4.095,-1.476,-14.196,1.158
52.895,83.095,-7.639,-1.66,4.726,-73.245,-13.283,8.858,-2.479,0.649,-12.545,10.039
50.842,92.476,25.312,-36.79,-9.205,-32.796,12.757,10.149,12.061,-1.272,-11.987,7.923
51.484,93.728,6.893,-23.044,-11.285,-33.099,20.914,11.119,20.787,4.012,-7.541,-3.775
52.749,90.24,-10.515,2.886,-15.728,-52.807,13.9,5.536,-7.647,11.843,6.341,2.965
50.777,91.832,7.51,-52.623,-17.755,-22.824,29.862,16.81,0.463,13.336,-24.323,14.978
50.871,82.101,-3.452,-6.371,-15.02,-44.914,19.872,1.618,9.646,17.7,-23.402,6.699
51.782,111.683,-22.46,-20.979,-10.52,-23.823,13.3,7.45,18.848,-6.035,-3.353,-6.259
50.709,107.676,-23.189,-28.076,-22.769,-36.079,1.219,-4.827,15.666,21.974,-22.512,-8.076
50.833,101.407,-8.32,-32.004,-16.741,-38.508,12.594,12.438,12.029,15.311,-22.93,-3.863
50.515,97.511,37.285,-16.943,0.232,-38.746,25.213,-1.74,12.092,16.833,-5.872,3.105
53.339,94.344,-6.739,3.545,0.442,-60.696,-12.261,13.539,-3.959,-0.823,-4.606,9.797
51.343,107.039,41.716,-25.593,0.337,-42.452,1.598,33.731,-0.266,6.487,6.277,16.826
52.168,93.585,-3.141,-0.051,-21.786,-59.415,20.814,0.05,-12.111,12.926,-0.639,7.233
50.771,86.648,-1.034,-46.969,-20.386,-45.739,6.766,12.748,2.84,18.974,-11.126,0.869
51.541,87.399,-0.163,-12.123,-13.359,-40.33,25.775,6.814,13.584,12.587,-4.065,1.453
51.471,107.269,-9.256,-15.974,-19.553,-42.676,13.693,-6.017,10.049,6.733,-10.708,3.819
52.809,91.968,-28.522,5.904,-10.49,-33.549,7.509,7.403,3.095,8.534,17.224,3.738
51.742,103.7,2.537,-17.168,-23.979,-43.516,22.48,-0.447,6.299,-0.281,-12.696,-0.171
51.523,101.426,-9.955,-15.954,-18.155,-44.435,7.826,10.213,6.51,5.117,-25.714,-8.773
51.857,94.619,-7.091,-13.825,-24.956,-35.794,16.237,7.652,-4.144,9.341,-26.207,-7.696
51.388,93.719,-16.853,-21.347,-27.104,-42.741,7.446,6.956,0.624,8.314,-17.847,-10.02
50.433,87.494,18.017,-28.985,-14.495,-34.624,18.809,-0.83,8.997,7.029,-7.534,7.982
52.802,88.623,-7.921,2.398,0.522,-42.428,-6.934,8.894,-2.235,5.601,18.683,7.532
52.001,115.918,1.816,-16.127,-8.786,-44.453,8.653,-13.016,17.937,21.353,-16.655,1.747
51.116,93.608,12.475,-34.168,-4.988,-45.66,18.825,5.619,12.792,7.94,-21.142,-0.318
51.267,84.6,-4.73,-14.004,-19.842,-35.835,17.769,5.998,9.895,15.411,-10.794,5.203
52.494,93.181,-17.924,-7.183,-5.575,-43.021,7.208,13.42,-0.914,10.607,8.107,-3.342
50.413,89.557,-2.773,-12.066,-17.88,-29.004,25.224,7.353,-4.657,19.744,-7.064,8.856
51.045,92.913,4.87,-26.006,-12.428,-14.565,32.916,9.062,12.003,8.11,-6.457,6.386
50.918,100.973,-11.971,-29.768,-14.799,-29.096,20.288,8.393,13.635,-0.058,-10.885,-2.712
49.861,96.731,-5.309,-26.145,-16.49,-18.604,13.964,-9.609,1.432,30.168,-17.343,-11.104
50.504,104.151,-22.101,-41.285,-18.659,-21.994,11.951,5.323,12.317,19.979,-3.5,-3.469
50.96,97.439,39.968,-17.635,-1.058,-38.091,21.496,0.002,17.822,8.551,-12.12,9.277
53.851,89.547,-1.694,4.498,3.844,-67.988,-7.006,12.238,1.967,-2.125,-10.258,15.622
52.463,141.417,4.359,-15.734,-0.53,-44.626,9.904,-5.702,21.419,20.169,-13.213,3.324
51.917,93.795,15.557,1.63,-9.641,-40.299,19.865,-5.998,-2.327,21.121,-6.095,-4.031
51.025,85.121,7.208,-17.843,-14.886,-33.106,20.47,-9.159,10.088,-1.871,-2.534,11.859
51.574,94.491,15.129,-16.797,-6.305,-31.643,19.793,7.074,17.348,8.371,2.998,1.345
50.719,87.166,1.802,-19.963,-18.811,-28.081,13.849,-9.11,16.064,9.321,-2.439,-5.532
51.196,106.413,3.573,-34.774,-15.761,-40.296,10.217,8.177,16.462,11.743,-17.233,9.526
50.241,91.335,-4.897,-4.712,-9.887,-28.402,13.535,-3.11,9.279,10.918,-22.718,3.586
49.628,86.529,-21.472,-7.368,-25.788,-33.979,9.697,11.447,4.511,18.168,-3.18,1.113
52.98,94.424,-16.911,-7.541,-2.56,-28.302,-2.169,22.787,0.461,8.882,20.875,3.385
52.983,83.257,-10.296,-16.76,-5.49,-19.069,8.027,-2.787,-14.699,9.143,-7.865,12.978
51.025,68.961,2.518,-16.419,-26.29,-28.938,5.959,6.348,0.852,15.44,-13.4,-0.084
49.487,67.033,-11.864,-5.887,-27.402,-54.139,7.284,-11.502,6.075,-0.567,4.162,9.409
50.833,66.288,3.001,-34.729,-28.638,-32.278,16.184,7.264,4.868,9.806,-8.091,13.967
52.114,89.224,17.398,-32.724,-14.736,-21.914,26.012,1.626,9.749,-5.222,-12.431,2.082
53.418,77.733,3.787,-19.197,5.853,-26.494,18.039,0.868,3.146,4.333,-9.822,19.591
54.116,60.979,22.639,-14.07,4.135,-46.118,9.381,0.86,-15.099,-3.268,-1.161,26.115
53.951,66.223,25.969,-28.566,11.209,-31.298,22.544,15.271,-5.011,-15.019,-4.692,28.373
52.953,106.451,23.056,-23.799,-1.314,-16.922,26.91,-48.778,-24.367,9.634,-11.313,11.434
53.286,56.128,13.827,-16.452,22.374,-23.261,7.307,18.115,3.231,-5.53,-8.087,9.586
53.438,46.898,25.419,-23.021,6.8,-28.304,14.146,1.98,6.696,6.894,0.003,-1.345
53.242,65.841,3.829,-1.954,-6.189,-66.031,7.247,11.932,-13.558,-1.027,-4.979,29.771
53.208,62.305,45.488,-17.287,-10.086,-18.526,32.811,1.862,-21.018,-1.397,-9.782,24.433
53.323,75.832,5.418,8.27,7.439,-46.248,5.765,21.793,-11.629,-4.489,14.795,25.997
53.373,75.261,16.66,-12.456,-7.845,-34.156,12.164,13.323,-20.241,15.096,-2.751,12.212
53.69,69.037,31.525,-32.618,9.931,-26.554,11.719,3.839,-2.646,14.015,12.095,6.347
54.777,62.663,12.413,-10.797,7.362,-51.111,-4.567,-4.417,-12.429,-1.841,-15.473,18.515
53.079,75.779,7.124,5.153,-15.863,-56.485,-7.274,21.258,-19.163,-0.984,-14.286,9.312
53.222,50.635,34.114,-9.094,-2.839,-34.103,38.083,-10.871,-13.581,27.005,12.481,16.028
54.092,72.063,31.217,-8.919,7.304,-31.163,11.687,26.792,-12.758,1.574,-20.417,28.252
53.272,113.8,21.305,-23.45,-12.25,-29.46,14.335,-31.011,-17.263,5.817,-6.971,2.691
53.843,66.039,9.824,3.662,2.316,-57.848,-2.975,9.256,0.681,2.293,2.787,20.326
53.504,63.073,5.995,9.685,6.614,-38.694,8.51,-1.733,-0.573,18.246,-7.489,10.3
52.839,65.303,16.047,-16.293,-2.686,-27.657,13.596,3.121,-16.563,15.951,0.82,3.054
52.977,48.81,14.124,-28.289,5.078,-16.427,7.864,0.654,-4.642,2.289,-18.28,1.151
53.137,60.256,30.095,-25.549,-12.785,-17.199,21.348,-0.759,-33.197,-2.096,0.27,15.14
53.504,77.437,20.061,-6.177,13.724,-40.343,8.78,40.034,-17.228,3.311,8.061,10.082
52.646,87.136,-11.145,-12.074,-15.072,-64.721,-6.386,5.547,-6.587,2.775,-10.395,20.212
52.481,90.566,0.722,-12.004,-12.7,-52.087,-4.022,18.674,-7.223,-2.552,-11.48,25.84
53.902,72.11,20.273,-18.358,1.7,-36.592,10.26,27.469,-10.112,18.422,0.257,15.824
52.712,52.999,29.218,-17.675,1.66,-30.98,16.231,-7.528,-13.639,11.939,-4.629,6.646
53.6,58.66,35.234,-17.497,10.462,-34.052,16.956,-0.238,-22.549,-4.812,-6.455,24.91
53.57,65.983,8.873,-8.423,3.968,-24.97,4.622,9.412,-1.733,-3.892,-1.189,5.745
51.847,101.003,-9.031,5.764,-4.753,-23.689,-2.981,7.15,-13.076,21.526,4.403,13.026
52.596,40.19,12.367,1.105,6.63,-46.167,-1.616,-14.238,-1.106,37.702,-2.146,-10.77
53.522,64.338,0.692,-22.941,-2.44,-39.253,4.759,0.695,-6.101,-4.74,14.049,12.988
52.81,70.909,-2.414,8.969,0.268,-27.433,15.728,34.408,-1.79,9.116,-7.268,17.769
53.216,68.161,-2.419,9.445,0.005,-26.95,14.045,13.16,-3.56,20.552,-6.177,12.764
53.162,65.458,17.908,-29.166,-6.433,-38.274,25.722,-5.965,-12.098,7.535,-13.29,17.974
53.64,96.926,2.629,-2.484,-2.529,-65.354,-9.123,12.951,-7.276,-2.521,-1.761,8.214
52.653,101.271,1.84,-2.253,-1.29,-43.833,13.413,4.969,-1.68,23.206,6.88,7.917
51.701,91.095,-8.374,-15.533,-10.361,-43.607,5.885,4.205,-1.372,14.554,3.039,-0.701
53.64,63.612,12.89,-18.825,8.662,-56.779,6.51,39.156,-3.528,21.346,-7.201,16.442
53.209,103.148,3.489,-6.697,5.479,-20.023,14.481,-27.488,-17.463,25.033,-16.281,9.935
53.745,61.028,11.823,-9.905,11.351,-36.341,3.079,2.164,7.411,16.352,-11.489,-8.768
53.301,96.088,20.505,-14.433,5.593,-29.279,5.351,-43.612,0.971,16.351,-1.449,19.091
53.412,45.698,23.026,-0.844,13.883,-26.184,7.149,15.413,6.816,-4.496,-2.55,6.314
52.977,73.639,32.259,-14.878,2.506,-55.02,31.928,5.901,-12.952,1.4,-6.225,24.934
53.138,79.874,27.358,13.903,-12.456,-45.421,32.797,15.451,-22.871,8.677,-7.536,33.182
53.472,52.936,20.191,-8.922,12.974,-39.125,9.745,11.135,-8.375,10.935,1.906,15.113
52.712,85.782,15.959,-33.076,-2.3,-21.763,23.957,-14.389,-4.024,-3.987,-16.693,9.535
52.561,58.926,32.911,-21.992,10.483,-26.086,25.331,-5.351,-3.773,4.955,-7.975,14.272
53.329,41.269,24.86,0.115,11.278,-53.47,13.568,-1.934,4.603,10.479,-8.341,21.151
53.104,65.244,32.792,5.869,1.002,-52.755,39.352,16.564,-20.552,1.302,-6.693,43.41
53.669,56.152,42.239,5.039,-11.313,-53.113,48.872,8.376,-37.917,3.041,-6.876,42.762
54.013,55.82,22.689,6.804,16.799,-45.644,7.93,-9.445,-12.99,2.433,-9.491,13.125
54.024,48.343,6.955,-7.932,22.966,-29.781,13.233,-3.825,0.267,13.4,3.637,4.464
53.678,48.806,15.533,-26.741,20.719,-29.268,15.188,-0.371,8.591,2.812,2.611,-5.801
54.2,50.692,8.828,-9.192,11.362,-46.088,1.854,4.704,6.417,13.505,-9.615,-11.466
52.628,101.737,-1.068,-17.323,-8.076,-37.078,9.455,10.484,-3.0,12.611,4.022,10.415
51.733,96.745,3.194,-6.463,-7.541,-33.972,10.481,9.947,2.485,18.369,-7.016,3.771
51.757,98.244,10.891,-24.95,-11.979,-50.826,9.225,21.182,-0.068,0.945,-9.418,16.37
53.918,50.985,32.642,-0.514,10.455,-56.331,38.108,6.528,-10.726,13.74,-3.49,28.822
52.561,64.281,11.891,14.588,-13.857,-58.556,-10.723,18.366,-9.291,7.116,-11.706,12.246
52.87,69.68,19.134,-21.6,-5.151,-12.871,9.755,-2.919,-11.416,22.227,0.641,5.448
52.426,59.433,13.342,17.563,5.505,-52.787,20.755,17.045,11.405,-6.727,7.047,14.876
53.116,59.218,23.373,-22.317,0.124,-26.855,23.923,-2.755,-8.067,12.548,13.012,12.801
52.802,75.265,19.982,5.324,-7.819,-51.003,19.891,19.343,-16.012,-1.727,-8.394,32.543
53.412,97.959,9.705,-8.806,-4.743,-26.401,15.972,-16.025,-14.422,1.508,-2.029,17.33
53.268,51.4,20.657,-12.846,-1.964,-51.845,7.734,7.265,-20.942,-1.473,2.87,23.179
53.047,63.846,20.13,-4.619,-12.967,-39.29,24.317,15.025,-17.382,-5.016,5.065,18.765
52.159,72.382,8.852,-23.53,-0.631,-39.328,10.312,-4.024,-7.821,2.828,12.132,11.923
52.574,56.134,58.377,-5.969,18.807,-27.818,18.905,12.843,-16.14,-0.915,-13.145,24.59
53.039,76.547,22.915,-15.887,1.574,-28.635,9.886,20.548,-16.54,-4.468,4.645,10.054
52.415,104.129,-5.069,-32.455,1.113,-20.363,13.849,-18.579,-1.579,14.435,-29.104,16.428
50.815,76.505,-9.858,-44.611,-31.614,-21.359,4.861,-6.557,-15.707,4.948,-21.606,9.798
54.447,80.144,0.942,-1.096,4.759,-13.931,6.631,-0.657,-31.062,5.61,0.185,10.493
52.728,40.909,-10.677,-19.177,6.307,-32.222,2.568,-3.612,10.013,17.407,-12.131,-0.997
52.441,38.852,3.145,-32.571,0.328,-23.337,4.029,12.491,11.09,12.729,-15.342,-7.905
52.282,63.264,18.014,-53.649,0.777,-32.015,7.153,2.698,4.498,20.838,-12.866,-2.058
52.934,104.073,2.643,-14.713,2.36,-23.696,-1.22,-2.007,-1.367,19.923,-12.72,15.857
53.669,75.405,32.769,-12.734,3.822,-39.872,39.696,2.106,0.224,24.94,-3.658,7.203
53.439,82.223,13.706,11.504,2.267,-35.714,18.534,31.858,-16.936,-5.66,3.498,28.727
52.887,106.631,15.689,-12.512,-0.813,-16.178,33.085,-34.257,-12.725,14.808,-6.615,4.581
54.29,67.211,13.346,-1.084,18.342,-59.546,15.728,8.936,1.475,17.225,-0.289,20.247
53.094,65.698,19.09,-12.201,-1.245,-30.823,8.101,14.346,-5.836,29.882,-18.968,9.9
53.896,65.479,30.817,-0.227,-5.162,-31.716,24.109,-14.242,-26.472,36.486,0.191,10.522
54.116,35.27,16.162,-3.985,20.985,-53.839,-0.361,-8.38,-15.457,5.595,-12.778,18.269
53.267,54.798,22.696,-13.803,5.863,-37.392,20.263,15.833,-4.711,11.638,-1.545,17.787
52.695,78.743,19.981,-22.003,-1.634,-20.607,19.334,-17.712,-7.59,19.917,-5.243,9.192
53.01,64.046,13.85,-3.868,10.839,-27.546,-2.308,10.8,0.359,-13.855,-0.177,17.596
53.354,42.925,32.088,-14.587,-0.207,-51.434,25.504,14.691,-5.893,24.239,1.895,12.733
52.298,73.518,8.139,-1.362,-6.08,-62.153,-2.956,19.797,-4.154,-15.009,-4.963,21.6
53.886,87.576,25.708,-25.206,-5.695,-37.53,17.486,-9.834,-14.352,32.611,4.14,13.968
54.61,67.388,16.271,-10.027,9.142,-55.961,1.701,4.859,-9.457,4.034,-15.884,13.498
53.551,108.586,-11.041,-22.596,4.439,-45.532,0.619,23.466,-18.448,-3.064,10.743,18.374
53.606,105.667,17.377,-24.868,-0.601,-28.494,22.07,-34.006,-8.299,19.697,-11.618,6.074
54.496,54.24,21.906,-10.018,5.805,-58.038,-5.046,-4.341,-7.187,11.941,-10.473,17.799
54.474,58.797,23.15,-3.548,14.51,-46.476,-1.227,0.787,-13.557,8.961,5.098,8.543
54.4,54.528,16.185,0.542,9.759,-59.016,5.309,-5.042,-10.846,10.061,-18.947,10.642
53.854,51.296,22.663,-13.407,12.44,-35.381,7.325,-2.245,-6.755,6.401,6.786,2.061
53.905,40.82,23.801,-16.947,12.413,-28.638,14.98,3.758,3.519,-4.129,-2.9,10.203
53.18,71.815,3.222,-2.143,2.363,-51.864,11.308,15.637,-12.27,-4.323,-13.638,6.161
51.288,95.356,20.94,-21.286,-17.709,-21.865,18.303,23.332,2.91,4.311,-2.879,-7.273
52.176,87.838,-15.146,-3.428,-12.631,-65.697,-11.044,11.474,-5.199,-3.609,-5.275,14.599
51.433,98.573,-2.503,-32.468,-27.279,-39.59,15.96,2.039,0.903,26.916,-9.881,8.647
52.051,87.95,-10.891,-8.988,-13.852,-69.44,-7.958,14.505,-3.701,-2.462,-12.64,9.237
50.835,97.829,10.91,-17.987,-34.885,-51.78,15.506,10.202,1.333,12.439,-4.453,-1.125
52.527,73.792,-5.512,-11.806,-16.502,-70.276,-7.469,-2.572,-12.37,1.292,-9.386,35.08
53.394,49.063,9.201,-24.421,5.278,-45.047,-10.95,5.748,4.408,17.559,-20.038,-9.316
52.958,79.21,-5.258,-0.587,1.445,-34.411,-8.5,18.414,5.543,-2.321,8.866,0.922
52.345,49.686,17.108,-19.7,0.571,-29.87,9.772,-12.33,-7.822,29.731,1.75,4.152
53.775,52.841,19.146,-7.756,10.508,-16.312,15.022,9.41,-14.092,-10.315,-7.777,24.57
52.956,52.6,40.573,-3.88,-26.334,-44.564,23.483,6.944,-34.679,9.109,2.403,22.937
53.141,87.596,3.535,11.155,-5.019,-62.615,0.111,7.467,-21.282,-4.407,-5.201,9.769
53.416,94.444,27.491,-23.709,-4.07,-33.476,20.884,-27.204,-16.689,26.351,1.192,15.568
54.397,102.776,3.54,2.963,2.416,-43.836,-11.227,22.816,-5.084,1.154,0.517,23.71
52.77,61.038,9.387,6.273,-3.801,-28.911,2.613,-25.838,0.389,37.353,1.083,5.785
52.41,77.755,1.771,-9.457,-9.09,-57.551,-5.981,6.09,-8.833,2.637,4.377,14.993
53.167,58.425,18.985,-26.943,5.961,-38.833,12.407,3.735,4.064,5.293,-10.993,-0.577
52.937,77.009,13.1,-21.393,-18.233,-42.606,-3.397,5.233,-27.251,27.852,-18.267,25.203
52.78,110.771,-13.959,-45.606,6.527,-27.09,20.778,-28.037,-3.268,9.113,-27.739,17.724
51.605,72.685,4.804,-37.357,-26.673,-40.689,32.852,-5.093,-26.508,2.375,-10.881,25.232
54.092,81.079,12.725,2.323,6.673,-20.679,10.669,11.33,-21.174,7.475,11.438,16.556
53.368,93.073,3.119,-24.185,0.647,-28.799,17.203,-25.85,-10.67,24.078,-3.427,15.783
52.765,59.676,16.261,-9.718,-11.95,-36.242,9.236,23.021,6.162,12.203,-6.262,5.343
54.24,69.401,10.861,5.818,3.982,-31.942,0.64,-4.728,-26.824,15.339,10.537,6.387
52.325,105.61,-4.106,-13.399,-22.463,-46.303,22.113,2.862,11.57,3.867,-8.989,8.729
52.768,99.252,35.84,-23.709,-23.798,-14.749,40.424,2.161,7.808,10.332,-19.528,8.487
52.598,102.583,26.822,-36.708,-7.06,-38.345,54.948,-15.499,-8.788,-7.116,-19.192,8.029
52.742,84.737,37.754,-28.993,-11.815,-34.867,33.837,-1.718,-1.659,25.957,-11.29,10.084
54.799,82.219,16.265,4.922,6.67,-15.83,26.474,-2.202,-22.633,23.738,5.702,-1.913
53.956,88.979,43.327,8.357,5.738,-59.99,47.654,26.694,20.58,11.288,-14.096,19.315
52.763,90.543,40.709,-36.289,-12.303,-25.945,30.362,1.67,1.289,3.603,-11.877,-0.532
52.844,83.848,27.312,6.975,-26.711,-25.645,33.497,16.617,-4.881,21.999,-16.505,-5.862
52.807,101.749,21.898,-35.504,-17.727,-19.914,19.326,1.638,0.767,8.578,-29.685,-0.912
53.375,89.623,30.982,-15.817,-7.722,-27.325,27.25,-0.73,-4.754,21.72,-15.473,-15.397
53.586,100.311,10.099,0.383,-20.919,-46.451,13.999,20.86,14.437,7.261,-14.473,-8.306
53.605,82.396,40.471,-18.24,-14.246,-36.943,27.064,9.253,-12.117,19.022,0.935,-0.846
54.382,107.162,25.676,-6.106,-4.506,-25.591,35.15,-10.068,-12.245,6.837,-16.693,23.801
53.257,97.502,13.802,-38.686,-16.484,-11.066,42.805,13.293,-18.828,9.973,-6.061,22.758
53.975,89.53,35.596,-5.516,-14.64,-25.716,25.24,8.769,-11.286,21.17,-4.293,-11.925
53.55,67.393,18.237,-2.226,-24.369,-35.536,30.057,-18.432,-16.301,24.755,-11.348,15.483
53.606,63.014,37.766,-13.556,-22.446,-21.659,24.463,-1.922,-10.027,11.11,-10.446,-20.87
55.342,66.118,27.843,1.245,9.097,-58.806,19.781,3.682,-12.624,5.017,-3.763,16.282
54.826,54.233,35.005,-2.389,3.895,-39.666,39.553,-1.034,-9.864,3.723,-3.246,13.548
53.352,71.047,1.916,-35.731,2.82,-34.948,14.971,-8.482,1.376,-22.523,-9.121,12.87
53.682,53.669,19.674,-22.075,-3.332,-59.781,3.918,8.883,-1.631,-5.122,8.168,11.491
52.965,44.237,7.741,-6.942,0.353,-48.872,0.34,25.648,-0.881,-2.42,-13.499,17.299
53.047,50.635,9.018,-45.12,-4.462,-41.147,11.689,-10.192,-11.416,-5.542,-5.986,21.355
53.296,64.181,26.483,-20.521,-4.425,-31.167,18.01,-1.036,-25.182,21.774,-18.297,19.282
53.167,62.924,10.92,-34.09,2.737,-34.761,10.757,5.195,-4.943,26.361,-21.709,5.445
53.122,93.104,4.419,-37.641,0.95,-28.78,17.279,-28.454,-11.565,0.062,-8.855,15.453
52.519,67.961,-5.179,-21.992,-13.792,-50.485,-0.956,-9.355,-17.804,12.339,0.728,5.444
53.85,58.511,16.416,-23.591,-3.203,-33.776,0.606,5.451,-10.934,15.939,-15.561,3.74
53.368,73.92,7.365,-25.665,-4.099,-31.056,9.227,-10.647,-11.418,18.419,-16.622,1.847
53.761,52.152,10.128,-36.083,-5.126,-38.363,6.362,2.299,-14.262,1.293,-0.869,15.754
53.283,49.409,8.036,-32.56,-0.086,-42.801,0.94,4.849,-5.86,4.875,0.886,5.364
53.453,36.202,27.78,-14.936,2.185,-35.365,15.631,2.868,-3.574,12.103,-2.676,9.909
53.063,103.8,-18.123,-32.044,-26.439,-41.519,-5.348,-2.817,-2.305,-15.073,-2.085,14.685
54.083,60.606,8.217,-9.983,20.838,-32.376,13.394,16.488,5.555,10.402,-4.642,8.642
52.47,76.018,-1.781,-31.482,-2.371,-46.388,7.223,10.492,-13.307,8.865,6.422,28.254
53.753,68.496,20.715,-19.843,1.315,-40.633,7.262,20.588,-19.256,8.668,-12.128,3.495
53.125,83.074,0.239,-41.377,-9.33,-32.954,7.866,-20.109,-8.887,-10.077,-12.053,16.382
53.085,62.934,7.885,-22.475,0.74,-47.372,1.071,23.631,-8.708,15.766,-17.96,11.729
53.302,81.344,-8.704,-32.982,-3.001,-35.323,2.807,-22.015,-17.074,6.39,3.072,13.853
53.66,65.217,25.045,-17.232,-7.91,-36.816,21.075,0.802,-18.388,2.567,-13.76,21.429
52.772,35.995,22.678,-22.709,4.425,-34.415,11.787,16.127,8.898,13.674,-1.634,-5.613
54.075,96.87,7.924,-7.086,2.571,-28.063,6.08,12.694,-19.188,19.916,4.121,8.331
52.754,92.838,19.355,-31.352,-13.397,-32.37,23.538,-14.707,-11.362,7.198,-13.008,15.387
54.025,43.387,20.157,-16.034,13.128,-46.526,17.455,14.963,-6.138,14.875,2.312,21.071
53.8,46.358,14.861,-10.717,17.791,-35.461,22.302,-1.429,-4.098,6.478,-3.973,19.982
53.389,38.663,4.298,-27.765,18.342,-60.568,-1.579,6.737,13.208,7.578,-13.202,-5.156
51.959,66.493,-7.489,-14.484,-13.815,-57.79,-1.53,12.705,8.619,3.962,-11.244,2.661
53.806,61.084,13.269,-19.328,5.213,-51.38,11.46,19.339,-19.571,5.328,-7.855,18.163
54.085,88.406,24.427,-5.3,-20.674,-29.076,28.2,-2.912,-24.122,5.652,-16.53,14.412
52.594,59.27,3.777,-29.877,4.9,-45.324,7.028,4.988,0.1,12.049,-16.589,14.117
52.402,64.044,-6.454,-26.261,2.683,-29.085,20.819,12.968,4.162,6.849,0.902,8.177
52.283,90.206,-4.002,-37.556,-7.984,-32.931,7.672,-7.855,-6.52,0.682,4.077,5.788
52.977,80.156,5.503,-11.598,-7.462,-40.901,15.753,11.523,-7.63,-3.631,4.211,14.039
53.183,66.332,4.421,-16.314,-6.726,-27.167,3.99,1.11,-9.774,21.6,3.13,6.333
52.711,53.123,16.933,-35.231,4.163,-43.418,14.538,-1.612,-6.426,25.491,-24.639,7.963
52.392,77.752,-2.827,-21.527,-14.038,-52.048,10.52,11.121,-4.259,-7.822,-7.421,6.676
53.388,59.861,16.299,-4.347,-14.022,-54.714,27.217,24.617,-21.126,0.038,-7.506,32.231
53.099,88.451,4.572,-26.934,-13.954,-26.533,23.296,15.591,-11.204,18.95,2.326,20.682
53.514,83.237,-1.293,-8.206,1.509,-35.103,7.275,-3.813,-7.607,21.74,5.881,19.081
53.534,67.224,17.706,-3.602,-8.67,-30.771,45.057,21.787,-20.448,-13.476,-4.809,39.624
52.644,52.411,17.481,-16.266,-1.203,-33.641,21.635,8.191,-2.298,10.8,-6.367,15.28
53.061,68.124,3.958,-19.617,-13.267,-45.082,15.552,8.435,-23.323,1.515,-17.923,15.673
53.1,56.041,2.024,-34.716,7.837,-39.355,19.151,-0.328,0.549,0.816,-14.769,1.519
53.798,49.315,13.677,-19.249,19.948,-31.627,15.548,9.518,6.814,-3.14,-10.66,8.801
53.744,57.961,14.835,-21.081,8.637,-15.323,30.683,1.914,-2.939,17.184,0.626,-1.696
52.545,47.447,19.404,-16.523,-2.944,-13.669,19.479,-5.393,-12.927,12.285,0.916,-1.203
53.694,47.143,4.606,-24.735,18.639,-18.337,13.275,-14.08,1.074,-0.512,8.768,0.13
55.01,70.902,30.346,-24.391,21.18,-31.38,8.461,15.797,-1.743,-1.324,0.757,7.245
54.777,46.419,35.152,-0.218,32.079,-56.902,4.586,10.104,3.459,2.972,-13.01,2.1
53.892,47.393,49.554,-3.45,24.443,-37.576,29.641,4.72,7.466,14.735,-7.597,-12.071
54.361,43.572,13.911,2.588,28.926,-47.211,7.885,-10.132,-1.768,9.984,-0.289,2.825
54.213,53.112,42.382,-11.967,11.109,-46.672,18.536,7.596,11.434,19.573,-2.228,-15.987
54.21,42.248,24.493,-5.805,24.435,-53.527,-1.458,2.103,3.798,-0.563,-12.485,-4.817
53.736,30.855,52.18,13.576,14.779,-42.84,23.956,-7.069,1.055,17.841,-12.6,-18.975
54.52,47.38,19.345,-8.262,22.555,-38.441,8.899,-4.814,4.565,7.749,9.885,-7.538
54.395,54.68,21.559,0.668,29.364,-43.74,0.249,-3.202,4.227,14.85,4.438,1.93
54.462,61.7,32.617,-4.45,26.732,-31.995,10.748,19.266,13.376,11.922,-11.712,-7.317
52.788,119.639,18.035,-29.794,-10.459,-40.563,16.111,26.433,18.002,8.114,-12.438,3.409
52.674,94.664,-10.397,-9.276,-15.293,-73.313,-12.297,10.905,-2.011,3.003,-12.946,7.335
51.77,93.242,-4.042,-22.002,-10.09,-17.399,8.924,5.576,-4.968,19.523,-0.094,4.712
52.205,92.817,-5.154,-16.33,-10.098,-14.823,6.568,9.126,-6.689,8.528,-10.516,13.989
50.569,104.051,9.459,-7.677,-33.529,-31.168,13.656,9.261,1.454,3.323,-9.648,1.305
52.468,91.681,-1.826,0.872,-10.311,-30.486,9.871,15.549,-5.144,13.447,23.7,14.347
52.03,85.907,4.87,8.843,-27.801,-73.351,13.524,6.818,-6.42,3.88,-14.064,20.774
50.145,76.545,-14.812,7.383,-21.54,-55.302,6.548,8.283,-3.92,3.089,-23.475,2.98
51.353,105.327,7.348,-10.074,-20.793,-52.584,16.526,29.791,-8.378,1.176,3.002,6.809
51.255,75.005,-10.431,-6.966,-13.167,-56.123,3.235,8.576,-7.827,13.781,1.319,10.902
52.475,85.02,0.43,-8.285,-16.712,-36.065,22.236,8.343,-9.978,6.013,-13.029,15.783
51.642,93.693,-3.156,-32.533,-10.889,-17.146,13.772,25.417,-7.243,0.977,3.941,-4.744
51.63,94.504,0.637,-8.04,-5.013,-22.103,10.441,7.776,-23.821,12.076,-10.36,4.563
51.031,93.322,19.547,-12.304,-22.876,-26.717,31.27,16.049,-0.446,9.135,-3.494,-4.111
52.672,87.531,-11.841,-11.647,-16.371,-60.147,-6.983,9.543,-10.248,1.878,-13.539,14.442
52.243,82.896,2.042,0.125,-11.899,-55.603,2.621,13.647,-5.458,-6.969,-11.377,20.673
51.16,101.793,22.678,-14.349,-33.487,-38.681,25.776,14.378,-1.763,17.352,-0.115,3.728
52.226,76.582,-4.963,-1.938,-16.196,-66.382,0.218,6.871,-0.729,4.995,-11.238,18.211
51.209,89.794,7.126,-18.165,-31.768,-49.066,19.222,13.643,5.675,22.714,-15.686,-2.003
52.278,80.163,-5.035,2.272,-22.699,-60.301,-3.953,8.527,-6.826,-1.191,-10.83,17.407
51.905,80.942,-15.317,-4.347,-13.625,-24.624,-1.671,4.705,-3.29,7.5,12.507,8.002
50.259,81.532,2.188,-5.061,-37.396,-61.939,11.336,2.656,3.708,17.713,-16.565,-3.097
51.001,87.812,2.851,-42.07,-10.577,-14.619,8.936,-0.231,2.635,2.912,-21.507,4.602
51.086,98.576,24.446,-11.698,-22.621,-29.763,39.13,2.616,-1.25,5.179,-8.599,-0.579
52.001,101.092,-9.825,-3.073,-12.874,-24.775,-3.399,16.335,-22.978,21.928,3.624,21.439
50.362,83.366,3.653,8.762,-32.775,-30.967,17.637,-3.516,-5.476,24.31,-1.717,-2.011
52.112,81.231,-17.374,-7.772,-13.025,-19.46,8.408,10.263,-4.464,8.88,14.374,7.975
51.114,102.436,-14.986,-13.124,-21.684,-30.161,18.667,21.939,3.163,2.989,-3.942,12.873
50.518,85.044,-7.326,1.523,-38.35,-25.267,17.475,9.41,-9.1,8.2,-11.259,4.775
51.149,80.405,5.188,-42.403,-33.44,-38.649,20.472,6.529,-6.766,2.219,-3.623,18.271
50.96,85.983,7.048,-15.365,-35.324,-25.174,30.995,-3.541,-15.111,7.647,-8.017,8.58
53.29,90.69,2.638,1.707,-4.865,-64.417,-4.564,18.011,-11.389,-1.829,-6.29,12.517
52.636,88.245,-6.804,-1.39,-8.274,-45.144,12.644,4.855,-9.401,16.975,-0.086,16.61
50.532,63.827,-18.823,1.597,-16.493,-22.642,9.858,5.658,-2.76,12.689,-0.043,-6.571
51.03,70.148,-23.757,-9.747,-8.504,-22.064,8.096,0.24,-1.254,15.754,1.035,3.656
51.124,82.948,15.241,-21.74,-20.634,-20.801,24.916,22.948,3.383,2.008,-2.496,1.26
51.185,77.082,0.629,-19.632,-18.648,-64.887,-2.53,15.802,-4.633,4.7,-9.196,3.724
52.635,74.585,3.993,-18.799,-17.521,-18.252,9.402,10.525,-8.271,26.599,-23.026,-2.629
53.546,59.239,33.656,-1.848,-23.062,-20.192,35.365,12.922,-35.218,1.053,-6.021,9.592
53.148,55.532,34.086,12.974,-33.511,-48.107,43.937,10.731,-43.728,-2.138,-9.227,33.237
53.801,77.18,47.146,4.435,-18.329,-23.2,49.565,17.974,-18.555,-0.448,14.919,11.832
51.841,72.038,2.26,17.281,-27.804,-59.378,-1.433,7.764,3.381,-2.622,-25.284,-2.859
53.143,89.283,35.925,-3.01,-24.393,-6.438,33.747,3.951,-13.923,7.035,8.323,0.314
52.951,66.793,28.575,-5.672,-20.116,-22.686,30.619,-0.784,-14.091,9.049,-4.839,-1.955
54.004,66.748,47.733,-0.795,-22.25,-45.253,28.624,9.193,-22.176,0.37,-2.709,11.302
53.549,80.59,25.122,10.534,-12.643,-38.344,25.387,23.933,-14.165,-3.513,-24.927,17.102
52.594,77.192,22.409,6.607,-13.058,-32.558,41.821,12.124,-26.478,16.317,-1.863,-1.822
52.99,75.797,14.304,-16.003,-18.952,-56.639,-9.905,26.925,19.477,3.267,-9.525,-15.962
53.087,86.048,19.0,-11.619,-17.419,-21.202,13.869,5.052,-5.066,21.196,-14.082,-10.116
53.414,61.055,46.388,-10.118,5.25,-13.114,46.402,29.665,4.253,-13.854,0.912,-8.454
53.579,62.702,35.202,-21.317,-21.099,-22.757,50.365,16.538,-15.935,-14.358,-10.514,18.73
53.994,66.989,33.168,-6.145,-28.947,-35.366,37.695,11.021,-20.216,-7.781,6.897,23.617
54.113,64.424,32.909,-9.328,-27.986,-33.513,44.663,11.168,-5.196,-9.768,5.741,19.385
53.847,65.977,32.887,-7.843,-17.152,-34.491,43.22,5.484,8.358,12.923,-2.3,3.131
54.25,44.171,25.122,0.874,-10.026,-56.446,29.253,0.792,4.876,8.324,-15.431,-8.869
54.55,86.622,34.203,5.012,6.828,-50.681,8.393,14.174,10.296,9.301,-19.222,-25.573
53.777,79.905,13.109,-9.776,-7.033,-46.068,-19.073,-1.559,4.647,25.094,-2.043,-28.054
52.809,68.471,-0.196,-12.38,-20.597,-50.689,-9.498,4.082,0.772,14.369,-1.391,-5.964
51.384,76.126,-14.03,-6.647,-7.984,-51.655,-2.63,13.109,-5.063,18.45,-7.388,18.432
53.782,81.859,40.629,-6.436,-21.487,-21.18,26.282,17.288,-11.768,19.119,5.209,-5.064
53.178,58.465,21.531,2.024,-16.737,-57.542,10.042,3.988,-10.079,10.711,-2.864,-11.263
53.664,64.765,29.292,-7.802,-9.472,-43.421,32.448,16.169,10.157,13.983,-1.846,-16.352
52.674,53.412,29.133,-4.378,-8.437,-34.389,29.65,19.329,-3.786,6.995,-26.182,-5.311
53.231,69.534,20.129,1.187,-12.322,-18.693,12.835,15.096,12.076,1.402,-6.01,-13.877
53.024,78.45,7.251,-24.19,1.978,-11.956,32.622,-11.224,-18.851,20.964,-20.872,-7.484
53.403,52.607,34.805,2.232,-4.76,-52.956,15.203,1.673,-5.748,16.268,-14.84,-34.933
53.15,43.151,44.789,-7.056,-1.324,-34.746,47.503,2.067,9.269,7.263,-19.31,-29.843
54.045,63.924,36.21,-17.309,8.268,-47.153,51.209,20.453,22.409,11.596,-13.533,-11.969
54.218,62.856,-2.053,4.3,0.306,-46.249,12.856,18.823,-3.406,11.635,-22.824,15.289
51.431,91.517,8.016,-61.424,-16.698,-30.702,23.996,-7.368,-16.627,16.627,-20.069,4.601
53.155,50.562,5.493,-25.528,4.095,-37.679,13.819,-13.67,0.738,23.139,-19.967,6.476
50.966,51.532,-10.423,-20.317,-23.079,-26.729,13.656,12.268,5.504,2.924,-3.043,8.567
52.484,39.978,2.789,-23.642,13.685,-37.23,14.961,-5.29,20.692,24.823,-9.783,-9.276
53.417,45.242,31.322,-12.298,1.523,-31.899,11.446,17.796,-2.506,6.464,-9.085,-5.598
53.326,53.758,14.447,-16.019,6.766,-36.068,4.868,27.064,-9.65,13.028,-18.267,-4.446
53.846,51.254,20.591,-12.785,7.592,-32.18,23.373,-5.416,-4.003,7.411,-7.763,10.692
53.376,53.298,10.833,11.755,17.736,-34.948,13.673,10.511,13.584,6.923,-20.656,3.053
53.941,65.304,12.237,-14.77,2.489,1.189,28.663,-10.702,-4.406,8.346,13.766,1.098
53.993,46.757,22.2,-12.938,13.901,-37.636,20.218,5.791,3.195,0.083,-11.885,-4.474
53.222,38.198,12.98,-31.488,6.711,-31.225,12.446,4.743,10.258,-2.804,-6.562,-13.774
52.935,98.596,-6.509,-0.742,-11.202,-67.409,0.527,13.958,-13.185,-0.089,-8.556,2.585
51.74,91.099,7.395,-22.972,-0.558,-32.545,25.696,10.234,3.517,8.504,-4.5,16.427
50.542,95.178,-5.999,-17.0,-8.204,-14.807,4.844,14.698,-5.665,8.789,-33.743,16.155
51.769,81.394,-47.57,3.916,-8.317,-29.947,-1.153,18.037,-4.749,7.499,4.807,7.888
49.098,71.815,-39.661,7.732,-26.024,-37.1,9.265,1.686,-8.441,15.244,-23.975,13.899
48.767,56.123,-41.058,9.466,-32.251,-15.681,7.538,-4.264,-7.871,22.989,-9.015,-3.68
50.56,35.653,16.222,-81.513,-12.903,-12.728,39.414,14.495,-22.919,33.391,-17.277,23.61
52.835,51.455,39.417,-26.648,-17.257,-42.83,44.6,6.425,-11.821,8.801,-0.6,20.144
53.587,67.625,11.66,10.221,-13.529,-12.898,47.945,35.814,-31.015,-24.531,-22.738,30.539
51.231,78.436,-11.034,-58.326,-6.125,-14.285,18.869,0.052,-20.315,15.062,-31.549,24.653
52.548,32.81,-2.301,2.583,7.689,-45.981,31.825,-3.134,-17.422,21.562,-13.849,22.148
51.771,19.455,-9.111,5.926,2.378,-34.119,14.165,-15.422,21.908,0.008,-14.79,-10.26
50.08,-12.701,-4.084,-19.275,33.995,-52.546,39.382,12.949,5.249,28.083,-29.594,15.412
52.7,40.499,14.248,-7.06,-1.459,-20.635,29.965,18.214,2.986,3.172,5.622,8.944
52.996,38.957,19.952,-28.757,-10.907,-51.704,18.391,-0.06,0.816,17.088,-5.373,7.261
55.014,74.003,17.413,-14.026,4.241,-61.48,8.229,10.806,-38.031,-9.279,-4.369,22.34
54.048,61.013,24.057,-4.366,14.149,-35.001,26.427,1.612,3.037,8.482,-11.259,-17.551
52.645,35.921,42.244,1.495,22.627,-44.526,40.923,6.226,12.322,1.786,-10.998,-21.124
51.667,46.744,32.083,-6.818,15.565,-31.58,35.98,11.592,12.259,3.019,-24.507,-14.157
51.958,96.648,-10.372,-20.102,0.706,8.636,16.102,20.155,7.469,-3.522,9.493,1.36
51.725,121.073,-12.99,-25.927,-12.965,-35.259,6.924,16.445,13.099,-7.201,-20.192,4.187
50.953,117.007,-2.895,-21.699,-3.684,-45.334,14.107,-6.951,-11.228,17.728,-7.606,-2.06
51.681,111.117,-13.832,-17.546,-11.7,-41.052,7.461,8.117,4.378,9.845,-16.883,0.033
50.969,109.038,-1.323,-21.959,-20.632,-54.445,1.344,8.572,-4.549,5.512,-20.255,1.934
51.23,111.747,9.683,-26.543,-7.498,-29.332,11.259,1.423,1.607,6.151,-8.29,0.235
52.066,95.067,8.269,-40.914,5.429,-36.704,-5.812,-5.755,-4.414,6.635,-4.152,10.604
53.936,68.313,15.09,-20.917,13.975,-33.665,9.895,4.737,-4.208,-5.322,-9.113,16.492
53.295,83.285,19.965,-12.321,10.683,-43.54,15.405,23.4,-8.334,-3.312,10.989,15.31
53.857,105.447,34.105,-11.076,14.364,-30.062,20.17,4.446,-24.742,13.709,-13.069,38.031
52.658,81.664,7.197,-30.609,15.91,-20.811,-8.956,-12.232,8.474,23.295,-3.476,3.838
52.588,51.907,7.899,-45.264,18.405,-25.176,21.087,1.257,4.413,-4.09,-9.885,16.561
53.088,58.21,8.222,-19.221,22.929,-32.693,7.986,-8.514,3.656,0.491,-11.271,7.946
53.386,50.021,19.388,-16.039,15.613,-29.808,14.987,1.539,-0.081,-0.947,-6.178,3.312
52.889,37.646,20.225,-32.942,7.579,-38.418,14.329,6.311,-1.42,8.647,-4.287,5.245
54.864,76.852,12.868,-3.975,19.825,-52.066,-10.341,13.806,-6.559,6.122,-18.498,10.362
50.117,87.958,2.474,-22.54,-8.331,-41.099,10.255,7.554,11.824,10.096,-9.151,2.672
52.318,72.737,42.921,-44.558,5.33,-13.284,36.238,15.315,-7.44,21.96,-3.917,24.508
53.572,74.563,17.75,-22.727,24.679,-34.814,-5.129,12.449,-3.341,-1.333,-5.3,20.226
54.374,92.95,12.352,-16.532,21.534,-19.957,16.548,-5.702,-19.027,31.336,5.351,21.458
53.645,87.237,12.872,-12.243,14.213,-34.276,9.024,31.009,-1.771,6.402,1.22,17.447
52.349,105.813,12.314,-32.565,-0.496,-28.441,0.311,-18.945,-11.088,21.311,-17.526,20.296
52.183,91.634,5.074,-38.871,-1.648,-17.387,25.507,-25.795,-2.156,-6.456,-13.625,12.901
52.059,40.334,-7.785,-23.822,5.591,-27.444,10.002,22.765,10.023,-8.912,-9.648,13.169
53.859,63.689,4.005,-20.169,7.302,-4.962,17.319,-0.823,-12.111,9.991,7.307,3.967
53.242,57.564,-2.591,-25.45,7.446,-31.687,-0.913,7.112,0.42,-4.371,0.578,11.468
52.214,48.147,-5.173,-9.948,1.951,-41.129,17.903,-5.571,-1.005,-0.553,-14.994,13.894
52.446,47.678,2.861,-33.419,-1.62,-23.608,19.896,9.343,9.603,-11.987,-6.306,7.541
53.229,96.476,-7.315,1.617,-4.985,-64.213,-1.85,12.009,-12.61,-3.004,-13.115,-0.421
51.25,121.92,-15.298,-27.769,-21.674,-31.259,19.178,-8.293,9.972,7.471,-11.597,3.926
52.108,92.331,7.606,-25.069,-13.326,-38.832,24.466,7.033,8.188,5.686,-10.381,21.184
52.249,87.416,-37.162,18.63,-9.822,-50.079,2.742,16.819,-13.629,8.715,-1.916,18.575
52.263,83.13,-40.985,3.597,-6.005,-33.67,-3.132,19.045,-5.373,9.885,3.675,9.267
53.33,89.687,-6.588,4.869,-11.92,-24.715,20.657,-45.676,-17.377,33.911,-1.996,21.86
52.161,77.639,-9.475,-9.275,-1.358,-38.86,18.592,53.23,-5.576,0.814,7.972,22.201
53.474,73.496,24.601,-11.455,-21.139,-29.575,28.65,-10.041,-13.38,29.201,-14.987,16.367
53.147,75.334,9.324,-36.29,-23.109,-30.693,17.863,-1.143,-4.151,-6.323,-11.587,7.198
53.04,73.885,-19.361,6.061,-1.186,-60.258,8.447,28.221,-10.627,1.642,-26.435,12.774
52.502,55.868,1.103,-34.552,7.809,-25.448,17.53,35.095,-5.75,4.428,-26.97,7.98
52.282,63.807,-16.845,-18.327,9.527,-35.347,10.48,-30.371,4.384,21.533,-10.164,12.072
52.008,23.051,-12.938,-0.371,15.262,-45.257,1.338,-15.014,2.864,12.053,-12.279,-6.972
51.964,13.531,17.428,-62.648,26.152,-55.266,21.685,7.944,13.015,17.843,-8.523,-18.134
55.023,56.529,10.598,-18.986,24.637,-61.353,-0.212,0.537,2.441,20.104,-18.893,-7.991
54.494,89.259,13.825,-12.572,21.314,-34.991,8.017,5.959,22.8,11.565,-22.208,-3.175
52.374,115.687,-17.631,-1.406,-6.276,-44.282,19.645,6.59,-2.181,5.649,-15.933,-3.994
48.76,81.962,-10.966,-18.984,-21.36,-24.333,2.388,-6.646,9.104,15.06,-27.589,-4.772
50.328,114.103,-23.072,-10.3,-5.471,-3.455,25.832,-11.606,6.476,-25.237,-3.859,-7.396
51.904,32.542,26.691,-6.219,5.987,-37.596,9.8,14.863,-1.237,20.881,-2.313,12.383
52.633,89.026,5.758,-12.251,6.329,-9.115,2.42,-31.803,-11.769,29.951,-30.269,2.151
52.833,80.513,21.658,-51.989,18.238,-24.819,9.345,3.506,3.029,11.262,-9.456,0.39
53.229,101.455,-11.365,-0.237,11.421,-39.795,-14.725,0.788,13.419,4.834,-11.366,20.129
52.047,87.449,-2.646,-30.939,10.971,-41.227,12.997,-50.244,-6.042,28.182,-6.534,16.558
52.566,49.798,18.133,-25.831,8.732,-25.697,4.528,1.25,4.21,-7.659,-14.519,10.727
54.156,69.373,-4.224,-20.651,19.093,-59.441,-4.559,-5.537,-10.222,5.508,-12.486,21.889
53.807,67.717,24.456,-26.873,27.316,-32.579,4.946,-0.007,-0.64,-3.193,4.347,18.873
53.47,84.677,3.982,-18.813,21.628,-31.23,-5.651,8.538,5.93,5.609,-5.75,20.27
51.751,99.587,-14.675,-21.528,-14.131,-43.525,19.503,-3.801,0.851,11.994,-19.018,-7.789
51.471,83.745,-11.983,-25.463,-25.994,-28.392,16.776,17.004,1.351,10.257,-14.954,-4.523
50.926,91.696,-11.417,-34.38,-24.983,-20.838,22.632,12.486,0.292,3.619,-5.439,-3.437
52.467,65.266,-0.597,-40.633,-0.322,-9.452,20.077,-8.154,-11.411,12.505,-10.977,2.282
54.713,99.612,4.72,-18.345,6.482,-18.099,12.233,-9.729,-11.168,25.803,9.739,6.198
54.208,105.612,30.208,-16.032,1.247,-26.193,22.235,12.167,-12.714,14.424,-3.6,10.789
53.892,97.48,20.621,-19.418,13.909,-31.073,5.231,-22.417,-12.028,29.847,-12.262,11.385
53.603,55.681,33.364,-12.145,15.669,-26.026,3.473,1.223,-1.472,-11.949,-13.391,-5.095
52.951,42.557,30.556,-11.094,7.412,-31.476,6.997,-7.938,-2.923,-5.418,-3.871,0.023
53.471,59.31,48.386,-28.877,20.809,-37.411,0.527,12.586,-5.104,-12.285,-1.082,4.5
53.905,94.141,18.841,3.745,2.938,-39.648,2.753,15.432,0.908,-2.496,-26.414,4.588
52.024,103.448,20.785,-40.425,-12.833,-28.443,15.776,10.407,6.434,14.712,-4.4,5.198
53.979,94.474,26.063,-34.066,15.41,-32.88,1.021,-0.164,-12.565,10.079,-5.32,20.632
52.928,129.844,11.045,-21.163,3.834,-28.326,4.422,-5.904,-6.572,15.424,-14.584,7.122
53.347,71.121,25.695,-10.433,18.365,-27.889,-12.452,-23.659,6.769,33.983,-1.224,-0.728
53.993,70.614,19.827,-4.6,12.823,-34.48,-8.5,9.487,0.751,1.745,-15.272,-5.521
53.604,34.009,28.358,-2.567,11.02,-38.067,-2.011,12.39,-14.507,4.998,-3.357,-4.953
52.957,14.042,14.694,-25.173,20.958,-32.232,-2.078,-9.646,8.247,4.428,-3.522,4.313
53.715,41.419,26.258,-31.096,5.041,-35.212,-5.805,19.602,-6.275,7.678,-9.323,20.474
53.994,91.048,-7.579,-36.662,5.131,-30.095,-2.054,-28.819,-23.744,-2.578,-11.227,5.962
53.822,27.696,21.828,-3.077,9.925,-31.546,-0.021,-23.454,-28.409,5.22,-0.697,14.375
53.377,9.783,41.662,-23.381,19.838,-47.684,2.625,11.358,6.684,2.957,3.428,1.503
54.247,48.665,22.565,-20.467,19.372,-56.891,18.029,6.118,7.786,15.92,-18.939,-4.167
54.668,52.366,14.682,-17.092,12.621,-46.276,5.353,-3.313,-3.493,3.161,-18.434,11.075
52.233,84.486,3.573,-18.955,-14.517,-37.651,9.254,6.535,9.657,5.109,2.473,-3.603
53.018,54.862,23.579,-11.895,11.19,-34.213,-10.968,1.59,7.686,23.269,-13.065,-2.196
51.677,128.965,-11.845,-10.956,-2.839,-20.29,5.094,-24.716,-9.833,-12.815,-16.194,-4.419
53.661,76.111,17.54,-10.731,22.519,-27.121,-12.721,-0.614,4.948,34.302,13.224,-10.299
52.995,39.432,23.646,-7.168,31.672,-43.646,-7.851,-8.661,18.921,24.112,-12.424,-4.87
52.59,28.735,32.215,-13.283,37.605,-33.873,-3.414,5.473,12.717,4.449,-3.837,0.256
51.693,89.397,11.581,-35.069,5.25,-16.28,10.097,-34.229,-8.792,-14.529,-12.001,-5.865
52.54,48.231,44.756,-28.893,20.683,-42.813,0.47,23.527,17.725,17.422,-15.906,-17.525
53.247,88.069,20.458,-11.277,31.569,-20.456,-7.985,-24.743,-2.967,25.023,-23.845,1.317
51.622,52.323,27.516,-35.98,11.755,-24.789,-16.379,-14.294,6.497,20.351,-14.638,-2.966
51.648,52.084,16.328,-38.982,0.32,-24.13,-1.683,-8.112,5.147,3.717,-9.603,8.624
52.905,60.607,12.557,-6.112,0.691,-37.353,-2.803,-27.174,12.671,12.795,10.764,13.428
53.435,28.33,63.734,-16.796,29.046,-36.297,-1.478,11.022,12.057,-1.334,-3.14,-0.948
54.509,46.077,22.102,-17.002,17.761,-47.154,11.922,-1.301,13.825,13.73,-22.642,-6.971
53.957,48.499,-2.06,-17.027,6.605,-51.44,-14.861,1.058,4.342,3.774,-17.168,3.908
52.997,81.817,10.409,-12.086,-3.57,-33.344,-2.154,14.063,-1.132,-1.64,-0.235,12.154
53.215,74.366,20.769,-17.631,-2.784,-25.483,-3.318,-0.909,-4.47,2.295,3.628,2.975
52.941,62.216,30.455,-12.323,18.752,-31.414,4.292,21.217,12.748,10.687,-10.557,-11.16
52.937,58.63,37.028,-17.405,15.496,-44.713,6.514,-13.728,4.989,21.99,-14.87,-17.66
54.008,40.911,24.065,3.563,-10.157,-25.969,12.308,12.392,-17.747,1.907,-27.013,-13.057
52.495,36.05,29.596,0.341,-2.594,-26.036,5.4,10.711,-12.544,8.446,-7.572,-6.766
51.497,57.856,31.497,-54.715,-4.957,-33.287,-0.313,8.557,1.524,5.82,-6.842,-12.4
53.426,58.267,4.574,-7.16,-6.259,-44.441,-12.76,-14.356,-42.513,7.476,-14.353,13.584
52.508,69.896,-9.327,-36.043,18.876,-34.914,-0.925,-29.958,-27.224,0.235,-14.954,4.868
53.726,50.68,-11.321,-23.289,18.785,-25.142,-9.546,5.433,5.72,-3.621,-7.238,-2.48
52.997,49.032,0.526,-26.266,14.56,-49.704,-11.989,-4.042,-2.449,4.479,-2.692,-13.218
52.667,51.566,-6.468,-14.752,-2.122,-58.059,-12.716,5.983,-9.247,5.208,-19.812,-16.952
51.84,81.801,-18.013,-6.576,-20.154,-49.972,-14.773,6.676,2.375,3.185,-10.933,-7.586
52.444,68.658,9.367,-33.245,-19.314,-14.715,14.797,2.99,-18.782,6.646,-0.017,2.279
52.912,52.947,3.584,-3.683,5.566,-59.389,1.678,0.932,8.355,5.389,-7.267,-8.451
52.718,110.267,18.515,-26.303,-6.139,-42.907,13.475,20.537,12.342,-0.007,-4.38,5.149
53.655,109.966,13.103,-27.375,10.051,-26.719,-5.656,-26.704,9.163,18.088,-13.225,9.977
53.521,68.382,12.29,-9.41,8.548,-39.508,-8.238,24.319,9.552,15.247,-8.915,-7.468
52.908,84.661,24.796,-15.468,4.947,-27.707,8.398,-12.175,-30.744,15.138,-7.354,11.374
52.893,57.327,13.91,-18.97,31.047,-45.028,-4.454,19.938,27.804,16.014,-6.732,-17.108
52.888,63.334,8.562,-25.251,27.531,-43.783,-2.963,-7.404,22.433,26.686,-24.68,-29.141
53.499,76.879,20.413,-8.723,38.629,-35.564,5.724,-7.695,0.204,3.048,-7.752,1.017
53.249,32.453,30.73,-26.356,-5.405,-32.297,22.836,6.734,-2.882,1.595,-4.705,7.254
54.025,63.211,0.644,-14.893,-3.484,-55.613,-4.194,11.318,-16.88,19.331,-6.719,9.786
54.131,104.114,-13.069,-22.224,1.518,-40.308,2.221,-15.456,-9.959,4.457,6.386,6.979
53.772,84.255,9.038,-24.92,0.768,-31.049,12.451,-20.68,5.972,9.187,-18.145,-15.032
54.432,55.429,6.512,-23.797,-0.701,-39.953,-3.118,-3.549,-20.03,6.676,6.334,14.091
53.763,75.318,16.362,-18.532,-14.219,-36.045,0.73,12.728,-29.389,-8.484,-8.876,11.004
53.314,86.17,15.267,-8.394,-22.126,-35.244,6.149,20.949,-20.344,-3.673,-9.209,22.724
51.857,90.292,-11.816,-3.053,-11.87,-45.028,1.561,19.158,9.824,5.729,-14.058,-13.8
49.952,104.185,-12.466,-28.654,-6.778,-44.126,14.013,-5.737,23.582,3.023,-13.786,2.099
52.61,142.217,-7.877,-47.879,-20.663,-14.861,-21.638,4.61,42.297,-2.305,-22.145,-2.381
55.045,82.39,19.446,5.398,-0.651,-22.706,23.82,4.531,-21.083,25.673,4.32,17.263
53.649,112.601,26.027,-20.89,-5.956,-18.6,37.862,-32.131,-12.217,19.976,0.75,10.47
54.841,82.353,47.684,10.406,-3.357,-38.568,44.226,12.116,-1.004,6.052,-23.044,10.359
54.108,106.346,31.688,-25.532,-3.256,-13.818,25.084,-25.827,18.889,4.076,-16.343,-18.111
54.482,71.937,61.283,13.174,-29.232,-38.222,30.341,5.691,-6.992,13.979,-27.328,-37.496
53.8,69.886,53.759,-18.707,-12.326,-44.166,32.063,7.133,-0.011,0.714,-17.659,-25.035
55.338,89.9,32.138,1.475,-0.573,-22.22,24.771,1.95,8.088,-8.759,5.608,-2.487
54.317,67.12,59.616,0.913,12.455,-34.75,48.702,14.431,-1.514,4.706,-9.076,2.674
52.98,91.172,9.332,-13.819,-11.372,-43.953,21.292,12.906,4.15,9.656,-23.887,-1.635
51.602,81.607,23.104,-27.298,-21.147,-31.365,10.083,19.598,8.851,5.757,-15.837,-7.007
53.692,79.431,38.689,-19.21,-19.724,-14.947,35.726,-1.673,-18.912,11.79,-2.114,0.547
53.207,81.597,36.008,-36.369,-4.204,-2.681,24.11,3.285,-12.368,2.562,-10.399,-4.006
54.557,108.221,39.642,-26.97,-20.645,-21.552,6.176,-15.415,-10.803,31.264,-20.725,4.21
55.127,78.611,38.071,-7.617,0.125,-30.101,9.509,13.61,29.559,-4.283,-14.076,-10.501
54.142,77.121,26.325,-29.535,0.85,-34.795,-9.854,-0.807,12.185,10.701,-6.103,-18.446
55.214,69.09,32.272,-24.902,7.983,-43.738,21.246,2.595,12.232,13.977,-8.101,-23.575
55.021,74.845,45.306,-0.287,-9.513,-34.991,32.063,-6.712,3.438,3.568,-17.488,-3.829
55.295,73.677,33.692,11.704,1.257,-46.576,33.219,-3.482,-15.36,3.407,-10.796,10.869
53.685,73.846,35.304,10.671,-10.29,-33.98,45.754,19.834,-5.419,-1.659,-14.908,11.8
51.815,103.757,13.524,-24.217,-5.784,-27.232,16.466,11.32,-1.64,5.304,-0.799,-7.626
52.208,97.162,21.244,-5.344,-11.38,-45.583,6.856,-0.984,3.813,13.392,-20.537,-6.674
52.211,95.207,41.382,-20.408,-18.341,-38.52,19.069,8.148,11.659,11.478,-11.93,-6.868
53.005,99.806,20.032,-17.398,-26.262,-31.657,5.943,10.937,6.331,13.745,-4.687,2.746
54.727,92.539,56.508,-22.726,-14.256,-25.739,20.985,6.36,-15.087,16.779,-11.433,-5.05
54.478,71.681,47.15,-17.911,-12.507,-32.621,16.58,25.012,-26.362,-5.268,-4.706,7.602
54.914,118.11,27.243,-22.053,-10.977,-21.803,16.655,-29.687,1.114,6.12,-12.655,1.577
51.948,51.247,20.421,-72.65,-19.451,-23.941,11.577,6.86,6.81,2.433,-2.106,-1.757
53.909,59.976,24.011,-27.383,-7.721,-32.951,3.38,4.998,-9.296,-2.525,-5.255,-14.47
54.09,73.189,30.551,0.281,2.643,-51.331,-15.249,-17.977,23.092,22.27,-23.585,-30.931
54.365,48.837,45.79,-1.897,-4.142,-41.655,13.557,2.198,8.045,10.196,-13.382,-24.099
53.55,64.544,31.262,19.814,-19.949,-33.48,14.06,5.465,17.164,-2.146,-10.703,-18.244
53.632,85.433,4.308,-20.961,-8.664,-17.145,9.536,-36.218,17.573,9.571,-6.124,-16.242
54.304,77.907,21.83,-19.36,-22.406,-5.891,22.013,-11.098,-16.407,6.421,17.751,-21.369
54.937,94.441,62.823,-1.152,-47.83,-34.802,21.779,3.057,-33.488,4.868,-11.035,-28.541
51.583,82.845,26.972,-24.078,-9.77,-35.592,9.911,10.266,10.506,7.826,-13.635,-8.567
52.039,81.458,12.019,-12.058,-14.322,-34.118,8.58,-0.766,23.571,12.449,-20.011,-14.399
54.135,76.32,36.968,-17.903,5.547,-27.222,12.578,8.769,-20.356,16.699,0.987,-3.298
54.401,77.078,51.294,-12.606,-21.01,-13.543,20.551,6.006,-39.32,-16.055,-10.829,-3.887
54.625,103.031,18.617,-31.859,-48.455,-49.093,1.157,-12.688,-6.511,13.32,-18.214,17.15
55.34,80.018,44.374,-10.723,-35.443,-36.674,3.821,2.405,-16.706,-1.276,-17.359,-15.028
53.904,69.871,48.106,-5.9,-38.421,-22.068,23.347,-6.718,-38.05,-8.842,-3.191,-2.601
55.257,95.453,52.474,-19.509,-28.214,-32.505,5.2,2.106,-11.029,0.086,-8.68,-16.307
55.359,89.77,55.925,-12.945,-31.235,-31.892,17.929,15.338,-12.657,6.441,-8.622,-22.549
55.266,89.932,28.045,3.845,-16.573,-27.014,15.94,-7.572,-19.063,2.25,-4.185,1.297
54.283,85.191,40.841,-15.056,-18.664,-38.1,30.051,6.475,-19.84,3.737,-10.72,-9.244
54.911,105.318,35.042,-18.356,-11.711,-33.638,30.94,-19.089,-15.632,11.421,-8.874,-14.99
55.494,80.036,33.083,0.786,-8.732,-45.273,12.564,4.522,-21.908,3.974,-16.2,-1.984
54.305,55.493,28.991,-26.004,-7.668,-35.369,7.968,4.705,-4.321,7.961,-10.237,-8.802
55.079,72.046,30.267,-15.717,-2.157,-39.332,14.488,1.129,25.314,6.329,-19.194,-24.041
55.111,77.562,38.267,-6.016,-6.961,-33.66,10.886,-10.502,-8.115,13.806,4.828,-18.078
54.444,82.913,39.525,-21.489,-19.79,-35.117,32.762,9.77,-26.076,-2.167,-8.116,-3.679
55.319,78.625,27.756,-1.073,-18.796,-19.115,24.081,-6.175,-19.169,-2.538,-6.523,-6.847
55.289,82.268,40.735,-6.312,-17.1,-41.785,23.267,1.668,-16.311,-7.343,-7.586,1.081
54.713,81.183,22.389,-15.154,-32.594,-30.802,22.677,12.81,-34.081,-15.909,-14.25,2.9
54.579,82.781,39.254,-11.05,-7.63,-24.792,6.758,2.812,-37.033,3.508,-14.676,3.485
54.442,62.375,34.273,-18.328,-18.726,-35.217,12.651,12.837,-34.503,-4.747,1.465,-4.386
54.052,102.114,28.732,-27.058,-30.437,-18.233,23.161,-17.7,-14.033,-11.087,-10.78,1.914
52.741,72.276,27.661,-56.881,-22.03,-20.423,24.904,-18.332,-18.798,3.405,-5.086,3.671
55.727,66.109,34.465,6.826,-16.031,-44.534,16.06,-1.062,-42.722,-12.87,-19.69,2.455
53.302,83.4,-0.788,2.222,-13.523,-30.2,20.429,-0.279,-3.884,-10.626,12.491,6.358
52.087,67.919,1.996,-13.567,-22.457,-51.102,13.497,7.942,4.481,-2.71,-15.827,-0.395
53.921,50.716,19.166,-7.265,5.674,-40.447,13.267,18.111,-3.447,11.877,9.694,5.267
53.506,48.289,20.518,-9.974,1.416,-49.524,16.09,9.233,-9.983,4.712,-1.026,6.158
53.78,68.518,21.86,-17.914,-9.915,-29.252,10.556,19.718,-1.502,-1.436,5.739,-5.516
53.964,47.071,22.171,-8.878,-4.941,-50.697,3.277,11.886,-5.866,17.109,-16.505,8.983
53.394,50.353,18.388,-16.469,2.885,-26.258,17.924,8.819,-5.811,7.498,-7.424,-3.347
53.581,46.992,17.128,-20.923,5.423,-20.544,21.422,6.516,-6.474,3.704,-5.892,-10.678
53.286,48.509,22.174,-32.397,7.885,-38.83,28.648,0.482,-16.363,4.184,-11.225,7.704
53.66,67.268,14.033,-21.764,-11.494,-26.969,9.951,-11.036,3.317,6.458,-16.214,-4.468
52.852,59.549,5.862,-33.606,-3.018,-40.219,16.07,-13.138,-0.729,5.17,-4.37,5.839
54.433,64.004,6.67,-4.561,7.413,-55.927,6.149,3.07,-7.15,13.908,-6.505,5.458
53.594,52.462,22.727,-15.973,-7.282,-19.408,23.815,10.639,-9.187,3.79,-0.866,-5.734
53.771,52.444,23.112,-13.962,-9.784,-27.951,10.129,0.115,-13.155,-0.364,-10.222,-0.797
54.465,55.784,12.335,-23.672,19.563,-48.956,7.354,-5.507,-8.288,12.104,-8.722,2.257
53.981,36.494,13.032,-0.893,4.911,-34.257,13.388,-7.722,3.744,7.945,-5.04,1.812
53.201,49.111,11.613,-2.106,-1.789,-36.45,5.285,3.067,1.227,-0.312,-18.594,0.913
54.555,76.64,6.537,-19.764,12.249,-47.46,12.356,1.019,-19.421,14.219,-4.932,18.721
53.266,39.871,11.984,-6.1,11.478,-48.523,4.122,11.428,-10.463,3.095,-3.111,24.393
53.606,58.517,11.204,-14.883,-3.209,-37.194,18.718,15.859,-15.134,9.827,13.46,19.429
53.776,76.159,-5.211,-9.705,-2.2,-46.202,-2.368,-24.778,-4.297,20.621,-7.633,5.706
53.18,38.076,2.894,-12.76,14.337,-38.565,1.708,9.86,12.354,3.844,0.533,-0.514
53.383,52.502,1.387,-21.031,6.238,-53.65,-6.161,8.641,6.937,14.387,-1.475,1.368
53.479,91.871,-4.085,-34.391,14.474,-27.979,12.677,-21.025,-0.496,11.062,-22.376,-4.767
53.036,63.161,7.924,-29.375,6.093,-21.167,11.932,10.056,-5.247,7.443,-1.303,7.828
53.618,60.506,17.849,-6.051,0.269,-32.923,37.541,1.639,-17.095,7.115,-2.452,20.754
53.329,51.156,24.598,-5.077,-15.531,-37.075,43.792,19.425,-32.476,-4.495,-2.437,32.78
53.71,51.966,16.724,-4.912,-3.916,-39.896,34.816,14.007,-22.628,-5.81,-3.526,32.745
53.552,62.805,17.916,-11.216,-8.902,-36.85,2.577,17.974,-17.156,-1.014,1.983,13.153
53.705,63.171,8.031,-15.638,11.936,-22.682,15.892,7.99,-8.144,-0.085,5.403,13.104
53.452,63.965,8.411,-16.062,9.116,-31.508,14.795,14.547,4.287,7.949,3.746,7.521
52.461,64.006,22.526,-41.821,5.159,-32.004,22.357,-6.937,-3.049,2.021,-12.907,4.468
53.333,47.013,21.608,-13.158,21.024,-34.615,2.474,16.985,9.636,-4.882,-18.844,11.536
52.427,116.602,3.694,-30.952,-10.401,-42.379,12.986,14.989,9.672,15.046,10.593,-0.93
53.475,82.301,-2.267,-13.849,2.855,-61.823,-8.584,7.476,2.712,-8.964,-4.867,11.838
53.801,58.413,22.286,-16.194,4.124,-33.691,38.595,-9.053,-0.169,20.029,-18.137,-0.04
53.979,64.127,11.932,6.597,9.954,-40.122,12.109,13.017,-13.139,-2.414,5.356,10.528
53.686,82.521,11.259,-9.965,8.582,-25.683,23.791,-14.529,-9.839,4.696,2.361,-1.939
53.467,65.735,6.898,3.146,8.292,-27.464,11.983,17.455,-7.347,-3.557,-0.625,17.104
52.934,64.022,22.193,-15.939,-7.788,-28.341,31.094,-10.979,-11.749,16.346,-0.612,9.61
54.167,72.014,21.932,3.368,-6.346,-35.801,12.78,18.621,-18.685,4.482,7.087,8.545
53.177,40.978,32.343,-10.579,19.352,-27.808,12.314,-15.576,-2.914,-0.881,-14.26,-1.658
53.948,79.985,4.87,-5.999,-6.464,-63.42,3.141,19.532,-11.907,-1.853,-11.822,14.773
53.465,57.513,13.62,-5.763,-3.994,-33.492,32.397,-26.475,-11.607,18.659,-6.736,9.066
53.203,56.251,7.897,3.309,1.053,-37.898,20.294,18.62,-4.152,-6.597,8.293,18.214
53.086,81.734,23.611,-15.963,-1.915,-14.149,16.199,-25.091,-15.951,13.539,-1.151,8.839
54.712,64.982,20.014,-4.625,0.383,-48.266,11.469,-8.455,-26.232,2.003,-8.547,11.123
53.773,62.579,12.911,-3.279,5.641,-36.102,15.545,12.661,-16.242,-9.84,8.061,11.052
53.924,76.527,9.685,-11.464,8.152,-36.296,18.527,-16.823,-9.68,19.215,-4.222,7.466
53.446,84.883,23.985,-26.307,10.23,-27.61,14.497,4.709,-10.943,7.824,-1.633,17.473
54.553,45.592,16.621,-1.043,10.495,-46.547,9.361,1.322,-15.409,3.023,1.006,15.273
53.627,59.67,6.361,8.003,-0.272,-31.626,13.83,23.825,-11.968,-6.492,7.54,17.972
53.344,49.982,28.703,-12.05,-0.156,-20.183,18.541,-13.787,-12.036,12.502,4.936,-1.884
54.227,61.953,12.204,11.98,17.252,-29.488,7.185,11.723,0.541,-4.586,1.149,21.315
53.238,60.688,28.735,-14.412,8.27,-27.385,8.68,5.94,-10.205,6.322,-7.089,-1.556
54.64,114.541,-13.103,-16.601,9.406,-59.908,-13.166,14.835,-1.032,-12.724,-12.011,-3.372
54.202,72.303,19.762,-17.438,5.572,-36.216,16.169,-20.554,-15.78,23.761,-0.203,3.564
54.86,38.017,16.166,-0.868,15.816,-59.055,11.277,-1.109,-14.981,6.777,-13.386,6.577
54.587,51.851,18.366,-12.949,16.319,-60.925,4.629,6.16,-9.286,-1.32,-9.589,11.435
54.198,62.248,15.29,-4.918,18.492,-52.097,9.367,-0.358,-22.351,4.674,-7.916,25.637
53.524,30.028,22.529,9.821,17.385,-40.608,9.223,-11.017,-12.233,8.041,-5.969,5.624
52.752,79.149,8.881,-16.372,-3.624,-61.074,-7.948,-1.672,-13.875,-14.24,-9.33,8.465
52.579,28.223,18.869,-3.175,16.266,-28.791,6.415,-11.876,-11.885,12.7,-3.632,2.564
53.77,50.207,3.673,-11.254,20.569,-31.104,1.22,11.364,6.182,-9.842,2.334,8.234
53.71,77.654,16.707,-27.679,15.34,-34.063,1.863,10.542,-0.869,12.348,-3.257,9.028
53.198,48.04,31.751,-19.871,20.149,-35.002,15.044,-1.649,0.88,9.768,-17.29,6.036
53.834,59.04,-3.959,0.682,-1.081,-46.187,-9.048,10.727,-19.92,4.744,-6.105,11.107
53.142,63.053,16.202,-29.224,6.56,-15.006,-6.482,-4.524,-7.398,17.428,-9.097,-5.409
53.37,97.786,-10.813,-33.649,7.956,-23.641,4.272,19.341,-0.412,-1.415,-4.027,1.098
53.339,74.817,25.541,-14.646,-1.239,-25.093,9.77,-35.401,-20.61,21.879,-17.353,14.056
53.635,33.93,20.294,-24.197,13.526,-22.611,-2.335,4.586,0.595,-16.82,-7.676,-1.306
53.214,77.52,17.753,-14.682,-9.506,-47.87,-3.082,-0.81,-10.383,-4.575,-13.285,10.863
53.146,50.825,11.528,-19.263,13.785,-33.076,-8.219,-6.372,12.43,15.112,-11.855,-18.923
53.578,55.9,14.736,-14.067,16.09,-14.741,12.871,13.483,-1.936,-10.369,-6.119,6.903
53.068,59.064,41.178,-9.305,-33.388,-19.831,32.704,-6.363,-41.793,-9.836,-6.161,3.795
53.158,85.577,5.288,-0.319,-5.832,-58.285,-8.432,8.019,-14.113,0.197,-7.823,10.334
53.492,63.07,9.211,-15.437,0.74,-26.954,-12.255,-13.695,-9.873,24.169,-9.503,1.783
53.675,53.236,-0.742,-20.14,6.604,-54.586,5.108,-17.897,-14.368,3.216,-16.646,10.071
53.828,43.487,-3.49,-11.693,19.103,-38.118,-10.06,-2.597,7.398,10.107,-4.465,-8.706
53.471,56.264,6.911,-18.924,14.843,-20.026,12.36,29.381,-7.438,-10.256,4.647,12.152
54.182,77.346,-3.167,-20.832,7.74,-46.585,-4.79,-17.489,-0.641,-0.436,-15.28,3.424
53.742,55.655,-5.458,-12.337,26.518,-34.567,-8.217,-10.322,3.448,4.556,5.59,-7.71
52.566,53.998,2.517,-17.096,9.609,-36.872,2.864,18.955,11.366,-5.255,-10.108,-2.537
49.976,76.132,-15.968,-18.232,-22.618,-44.789,15.165,6.928,3.797,6.926,-16.23,3.122
53.68,71.76,20.365,3.249,4.399,-29.815,35.199,14.045,-10.975,-7.227,-2.158,21.278
52.701,101.32,-21.011,-12.628,10.358,5.058,25.109,-17.974,-14.624,21.862,-21.777,11.639
53.259,87.839,14.261,-16.669,-9.393,-13.529,11.771,0.28,-15.504,26.349,-18.02,21.426
54.353,104.492,3.397,-6.079,-9.682,-13.627,13.382,-36.974,-7.854,31.489,11.902,20.626
53.953,61.601,32.865,-13.973,-1.682,-34.713,14.851,0.805,-6.967,6.283,-12.9,1.89
55.388,62.253,9.296,5.402,12.246,-31.886,12.796,-9.086,-13.514,5.71,-6.794,2.536
53.504,65.614,37.329,-12.909,-1.599,-11.03,20.11,28.671,-4.198,-12.304,-14.563,-0.595
52.811,96.281,25.829,-22.777,-25.163,-12.81,33.156,2.784,-17.388,21.789,-3.149,-5.483
53.858,63.03,35.439,-8.557,-8.631,-33.521,43.408,9.662,-21.082,3.13,-1.62,22.054
55.028,82.315,11.857,3.33,4.429,-42.05,24.061,-3.453,-25.195,11.867,-16.591,27.953
53.658,55.717,42.485,-28.576,3.063,-29.1,39.244,5.63,-6.569,3.042,-14.322,-0.686
53.66,58.415,13.356,-35.966,19.853,-33.189,29.776,11.902,13.011,-4.268,-7.919,12.136
52.527,63.257,3.543,-1.298,-1.931,-34.984,12.6,22.701,3.477,8.656,-6.829,11.257
53.164,92.902,-13.666,-15.701,-3.218,-27.828,-0.419,-18.929,-10.639,36.071,-20.219,8.534
54.589,64.331,5.452,-3.221,11.424,-32.744,23.285,2.646,-7.964,11.971,6.292,18.223
52.955,53.486,30.656,-30.301,21.345,-29.606,22.215,17.234,-7.801,11.694,-9.99,11.35
51.639,102.783,-6.766,-11.35,-23.645,-42.48,19.904,6.064,-4.312,12.07,-15.288,4.192
51.081,108.867,-9.415,-34.462,-20.437,-31.147,17.314,19.631,1.752,7.84,4.893,-0.691
52.632,92.119,-5.135,-38.955,16.689,-33.03,-4.777,-13.357,-11.667,28.61,-5.767,-0.886
53.355,47.004,12.436,-6.358,29.108,-42.591,2.148,-4.922,-0.834,6.212,-11.307,2.59
54.199,62.469,-14.087,13.279,17.657,-48.983,-4.13,3.987,-6.231,22.579,-29.201,5.087
52.63,84.832,-5.142,-31.098,12.965,-6.603,-1.568,-23.951,-5.366,23.943,-3.954,-2.922
52.821,48.663,5.664,-34.008,27.887,-25.051,28.283,-0.422,8.363,-2.827,4.952,3.69
53.714,53.705,12.619,-8.777,14.156,-28.159,-2.143,-24.157,8.607,8.731,-14.298,-21.736
54.631,35.303,40.411,-12.999,21.612,-26.771,26.458,9.339,4.795,-1.573,-13.33,0.015
55.223,51.183,24.368,1.764,10.658,-18.938,27.085,-9.874,-3.542,-16.014,0.191,-3.845
53.899,51.59,18.007,-2.645,-1.268,-24.039,37.883,5.425,-1.682,-21.555,1.511,-10.705
53.395,71.502,30.188,-3.465,-21.116,-37.579,59.492,6.796,-11.069,-15.334,-2.959,7.239
53.756,107.436,21.034,-16.513,-13.052,-28.281,59.321,-6.742,-18.098,-4.823,-12.689,32.189
53.466,81.146,49.033,13.13,-20.552,-47.873,55.404,10.618,-18.691,5.353,-1.725,26.903
52.585,85.121,-6.327,-27.54,4.164,-30.664,30.745,-30.343,-5.409,-8.674,-22.008,5.255
52.856,66.768,24.095,-11.948,12.327,-27.415,51.658,4.451,-6.76,4.284,-0.546,19.786
51.467,75.127,19.746,17.894,-24.043,-35.1,45.323,24.038,-24.769,5.266,-26.799,23.512
53.555,68.245,8.674,-21.255,2.411,-42.24,16.137,6.021,-18.472,-7.111,-6.619,20.619
53.228,54.799,10.361,-13.221,7.209,-33.906,24.758,7.03,-8.961,-1.594,-3.503,17.498
51.313,94.258,-8.825,-55.806,-8.102,-33.855,23.145,-11.176,-14.095,-4.719,-33.659,19.043
54.097,62.151,1.069,-14.249,16.522,-5.467,12.226,-7.564,-17.775,18.588,-4.766,17.787
38.63,55.32,-134.864,346.368,25.631,14.506,-61.031,106.98,6.477,-58.43,-140.78,22.957
