33.967,-10.785,62.629,-20.354,118.928,131.805,-18.608,-11.545,-3.496,79.402,74.116,-16.106
33.5,-95.997,39.106,73.552,112.073,-47.244,-62.242,-50.495,2.419,32.843,-29.52,2.891
36.613,-57.385,132.914,-2.908,85.491,21.151,-38.998,6.412,-13.688,0.377,27.648,-34.457
36.949,-56.498,148.003,28.585,85.041,-20.7,-59.921,-2.391,-13.308,-0.229,-1.315,-33.679
34.221,-52.031,128.816,60.059,73.089,-20.575,-62.722,11.936,-15.172,-10.589,-13.863,-25.282
31.967,-87.606,147.739,56.309,126.914,14.455,-3.423,-23.289,-5.234,21.579,-9.499,-32.861
28.711,-150.3,194.407,52.096,160.763,-27.782,-13.209,6.858,5.878,-2.789,-10.994,-27.945
25.212,-132.997,174.252,75.502,161.939,-39.021,-20.394,27.686,2.796,-5.809,-18.081,-32.341
37.054,-74.821,63.187,38.183,94.598,15.781,-38.8,-35.537,-12.44,38.625,1.64,-4.749
33.912,-77.383,17.127,41.201,100.55,-22.436,-28.886,-45.619,-13.418,18.888,14.324,-2.979
37.534,22.53,33.189,-125.712,109.046,-16.147,-25.59,14.702,-6.526,0.544,10.361,-21.803
41.653,42.644,38.004,-41.78,46.087,-23.284,-28.622,-8.065,6.471,19.736,-7.781,-4.002
41.956,28.725,15.645,4.441,46.092,-30.681,-9.249,12.325,-11.453,-4.532,-16.762,10.819
36.28,13.44,-5.02,27.166,50.903,-32.675,11.461,2.843,-31.862,-24.655,-32.757,16.376
32.202,-128.142,112.419,20.022,123.065,-21.857,26.205,-6.399,2.773,35.625,-14.763,-32.408
30.605,-125.303,134.642,42.986,139.883,-25.57,6.263,9.716,16.055,7.633,-24.921,-30.536
30.093,-35.221,100.681,98.979,172.04,31.13,2.55,-9.633,17.354,-34.769,-37.103,-35.284
32.963,1.456,128.835,-116.747,79.735,62.995,-13.015,-1.705,-19.386,-2.664,-5.42,-10.473
42.157,43.215,24.372,-37.55,49.371,-30.367,-47.35,7.525,-7.412,8.833,-11.987,-32.824
40.983,48.158,-3.989,-6.243,52.284,-24.886,-44.005,0.986,7.344,7.495,-34.341,-23.452
37.013,42.555,-44.553,-26.529,50.654,-34.698,-36.375,14.807,-2.428,0.444,-28.031,-26.027
39.323,-0.054,110.321,33.971,82.284,-34.13,-64.688,11.239,11.237,2.809,-3.996,-28.544
33.215,-7.433,128.668,11.407,110.008,-26.442,-70.913,-11.19,17.284,12.216,-1.657,-19.436
34.093,-68.656,154.709,41.573,137.981,-31.795,-15.049,11.88,35.313,22.522,-7.836,-26.421
30.949,-80.727,157.933,81.268,152.717,-27.558,-30.759,4.459,27.488,12.099,-24.708,-16.274
22.182,-60.126,131.276,49.649,132.609,-34.456,-19.362,17.82,31.872,21.592,-11.022,-29.981
20.569,-88.771,82.73,39.582,114.562,-43.145,-7.083,5.786,6.948,11.448,-10.99,-36.215
33.355,-52.861,111.443,-116.098,116.996,96.548,4.039,-25.768,9.848,-5.336,1.588,-21.335
41.024,-22.87,88.624,-26.978,67.55,-27.72,-37.786,16.805,-10.259,-21.214,10.691,-44.912
43.471,-13.396,62.003,-22.187,77.408,-35.685,-18.189,6.483,-13.19,-4.244,-8.804,-51.379
44.714,52.228,33.246,4.885,50.412,-37.501,-31.351,0.002,-18.656,-10.207,-7.304,-38.44
41.43,45.386,33.286,-5.599,22.299,-29.51,-17.561,17.22,-49.796,-13.132,-4.27,-28.517
40.665,50.496,25.011,-6.013,28.227,-37.488,-4.218,13.336,-53.623,-24.213,-14.741,-9.927
40.2,66.777,41.384,28.151,20.944,-15.625,-7.289,18.943,-4.935,4.463,9.329,8.263
41.856,135.144,72.395,67.176,73.446,5.979,-23.285,-32.775,-25.527,-5.017,-5.384,-8.791
37.589,98.775,91.803,-48.179,53.518,2.11,-40.897,36.332,-33.265,-42.397,-13.026,-8.545
39.426,4.94,14.243,19.455,34.731,-40.357,2.522,-8.662,-13.102,2.783,-21.459,-9.798
41.334,95.29,-33.581,-83.291,33.983,-17.714,-22.186,42.648,-13.601,-43.838,13.029,5.425
45.424,26.515,10.624,5.249,86.235,-47.595,1.598,-27.93,13.075,13.71,-14.654,-20.477
43.423,5.417,-6.159,39.151,86.236,-18.823,6.852,-8.948,-1.777,-6.752,-38.208,-10.121
41.789,21.518,0.17,-29.981,111.362,-51.824,1.425,-22.842,35.774,21.976,-0.454,-9.339
46.302,0.57,61.595,-5.601,95.433,-12.942,22.493,7.348,-4.318,0.316,-24.54,-1.255
41.396,-2.141,-6.482,8.723,69.58,-51.54,-21.953,0.236,-28.801,-0.935,6.742,-24.025
50.203,25.597,-58.884,-53.409,75.614,-50.092,18.896,13.329,-12.683,-5.023,-11.636,-25.923
46.901,6.145,-25.51,3.982,77.103,-40.939,12.686,11.797,-8.34,-3.336,-35.292,-18.881
47.081,-3.008,-63.078,-64.228,55.313,-86.463,14.913,12.092,-17.621,9.3,2.434,-17.868
50.609,91.364,-66.548,77.102,75.352,-66.738,-24.36,-4.617,-12.334,22.538,-29.77,-9.381
43.372,-1.359,-24.321,-7.878,61.014,-17.135,11.106,11.861,3.966,17.807,-64.718,7.529
45.755,76.044,-36.802,-93.914,124.686,-27.282,24.093,-15.582,-8.455,33.16,-2.543,-31.969
47.831,47.06,-3.38,1.436,91.102,-37.364,10.246,13.417,-4.704,14.401,-34.799,-23.305
46.965,-24.152,-91.797,7.802,10.345,-68.208,4.66,6.212,-13.31,14.055,-28.156,2.282
40.608,9.21,-143.637,9.315,13.933,-36.545,-1.253,-35.869,-23.801,20.83,-54.807,-14.562
51.763,76.227,-62.171,63.571,54.334,-53.188,3.589,-20.368,2.253,19.557,-47.736,-25.09
42.767,-65.248,-63.155,-10.264,82.133,-24.168,39.017,10.802,20.632,-2.748,-71.757,-15.189
47.755,21.154,-64.365,-94.4,56.214,30.651,27.317,38.22,22.213,-20.789,66.214,-40.39
47.656,53.613,-45.45,0.08,37.834,-19.561,-44.367,-28.635,14.144,16.781,-51.798,-30.921
44.255,37.974,-40.213,-33.501,63.212,-30.226,3.621,-6.976,-1.907,38.626,-34.206,-19.158
43.361,-31.191,-134.295,80.58,20.438,-64.24,-16.368,-26.642,4.782,-5.555,-44.131,-6.963
50.092,96.643,-61.226,86.316,52.373,-48.823,-23.228,-10.102,-28.507,5.057,-64.005,-5.384
42.921,56.605,-43.59,-62.432,32.217,-6.071,-18.199,-22.462,9.819,4.802,-53.463,-6.463
36.505,11.184,-108.21,11.508,38.14,-52.813,-13.871,-73.318,-16.315,40.749,-39.551,-19.68
38.406,40.083,-13.771,-201.901,22.357,-25.894,-4.202,43.626,8.125,-20.972,21.949,-31.055
48.639,30.531,-78.646,5.545,11.347,-12.42,-27.241,4.153,-3.909,19.43,-69.815,-19.896
44.759,18.559,-111.847,15.568,17.512,1.215,8.207,35.656,-7.198,0.975,8.741,-7.378
39.685,41.983,-95.351,34.833,17.966,-15.364,12.499,-23.8,-20.304,41.137,-44.664,-9.42
51.009,111.273,-43.037,41.105,59.525,7.913,-1.4,-6.312,8.063,20.901,37.413,-20.916
47.362,55.529,-26.233,14.988,59.429,-55.97,-14.233,-8.585,31.889,35.277,-42.71,-18.716
44.467,21.582,4.45,-65.895,69.535,-28.895,26.831,0.133,31.608,16.986,-29.509,-14.817
42.888,75.046,-155.242,-65.038,39.427,-76.173,-24.436,48.347,9.923,-0.173,-18.654,-10.901
46.958,42.02,-131.805,-93.454,84.649,-5.585,27.126,5.489,-25.117,38.487,4.402,-6.638
50.26,138.449,-48.231,-84.112,-27.589,-28.65,-58.846,12.173,18.66,-8.377,-4.493,-41.16
51.573,153.348,-60.425,-16.173,-16.029,7.751,-74.319,-27.256,-4.785,-15.368,-44.087,-38.737
44.032,39.332,-40.341,-10.832,7.372,-27.981,-6.493,28.486,-5.536,15.453,-9.756,-12.932
46.455,18.941,-90.933,7.334,-2.667,-57.64,-26.939,14.585,-1.614,-7.511,-38.324,-14.707
49.915,107.904,-75.757,83.337,20.611,-58.665,-35.713,-2.899,-7.349,5.37,-47.667,0.31
42.826,2.056,-32.299,6.793,38.571,18.777,33.201,27.184,21.425,4.723,-65.605,22.21
42.685,72.335,-15.917,-185.627,54.159,43.433,32.053,17.339,30.583,-31.487,25.903,-33.022
48.042,93.64,-36.099,28.251,7.407,-10.671,-56.948,-45.417,12.119,16.361,-54.136,-39.779
47.741,1.242,-68.967,28.987,16.104,-46.604,-4.015,-6.416,-4.475,19.52,-5.965,-29.981
43.111,91.761,-105.866,-51.373,63.291,-61.253,-10.68,-16.689,6.504,39.159,-44.018,-37.442
51.167,95.799,-50.699,52.975,63.882,-45.954,-6.889,-14.503,-2.961,18.505,-28.461,-12.198
47.551,-3.991,-81.574,26.64,52.558,-27.103,12.773,28.751,-7.876,34.927,-36.889,-21.668
43.179,-8.441,-43.411,-70.775,75.278,13.117,43.391,30.559,5.323,6.93,-68.314,-28.232
43.665,-31.679,-145.912,41.654,30.332,-42.61,-10.321,-22.602,1.809,6.13,-23.087,-2.019
42.437,-38.958,-60.585,-218.48,29.33,9.813,12.404,69.409,22.372,-20.938,-7.011,-25.838
50.665,107.232,-28.654,-33.183,1.163,-31.453,-36.936,-11.256,32.913,22.147,-18.019,-56.204
48.965,104.484,-48.39,6.645,-9.892,-22.04,-55.151,-19.519,24.567,22.862,-51.525,-33.752
46.82,55.484,-31.403,28.489,31.024,-17.66,25.438,6.67,-13.323,34.653,-20.093,-22.324
45.025,12.806,-118.123,21.094,20.711,-71.846,-24.515,8.52,7.741,26.395,-25.017,-6.372
46.792,94.846,-89.396,17.814,41.843,85.206,10.034,23.753,-7.811,-9.235,-19.132,-13.312
42.604,102.328,-84.185,-96.197,79.534,-28.836,40.432,-79.669,11.031,15.013,-25.297,12.561
46.164,11.501,-28.856,-38.978,67.738,-40.008,12.084,16.198,6.779,-6.041,-6.245,-4.828
44.985,100.678,-79.488,-103.936,47.937,-37.184,-9.729,-13.012,-12.954,5.601,-11.715,-11.658
48.246,32.369,-73.75,-7.752,1.105,-37.231,-12.211,33.525,-11.118,18.579,6.27,-13.816
45.265,53.486,-35.091,-47.161,-1.404,-14.984,-19.681,-24.14,0.887,7.72,-45.052,-42.45
43.49,33.726,-41.783,-114.995,25.306,38.396,6.974,20.44,13.316,-13.362,-63.015,-10.703
47.388,-4.197,-33.45,-42.23,46.844,-56.815,48.883,-2.203,2.9,39.044,-8.47,-2.202
50.044,-17.56,0.408,-27.419,14.065,-26.557,29.892,23.299,24.541,11.088,-27.2,1.514
52.416,27.509,-34.492,1.905,44.063,-4.607,-5.585,5.355,10.862,-13.88,-41.728,-33.993
45.239,2.905,1.507,-53.247,51.794,-31.031,3.343,5.8,3.401,6.744,-23.254,-24.249
45.854,-1.495,-12.327,-63.581,20.71,-41.119,2.782,42.283,5.756,21.127,-3.261,-13.55
52.004,99.901,-32.391,65.738,55.787,-48.533,-18.135,-16.348,-14.547,17.678,-37.525,-10.814
43.648,38.965,-75.605,-7.249,95.185,-42.322,10.503,-30.748,12.117,11.743,-39.884,-6.634
46.187,14.591,-1.544,-33.234,55.825,37.332,-0.23,33.958,33.063,5.73,-43.403,0.73
46.481,62.926,-20.622,-55.434,103.157,47.573,35.203,-19.836,-13.637,6.783,-39.542,-26.255
47.18,-47.124,-52.753,-32.332,15.357,-43.838,28.89,14.371,5.218,-16.505,-42.015,1.09
45.944,61.462,-96.164,40.355,-23.782,-51.032,-13.812,-24.661,-18.189,-5.077,-50.26,-17.033
44.844,22.138,-10.076,-145.587,3.128,-6.579,31.235,32.317,-10.51,0.833,-21.191,-13.686
45.962,4.688,-50.489,-5.228,48.644,-56.801,20.744,-21.775,2.006,21.356,-11.012,-37.483
49.827,55.935,15.682,-89.82,54.125,-15.195,41.091,-12.458,22.944,13.972,3.652,-35.366
50.753,35.366,-28.734,89.508,14.248,-21.937,4.647,-11.245,14.867,-0.478,-81.466,13.409
50.399,41.861,-64.963,-1.775,43.624,-12.007,-9.134,-3.72,1.705,-13.485,-36.846,-25.548
45.946,32.54,-15.338,-16.174,54.046,-10.338,21.692,-33.004,-12.702,21.224,-41.637,-1.037
46.956,-7.372,-98.888,60.581,24.942,-60.388,8.396,-10.673,-15.305,-16.547,-36.369,-4.442
45.449,37.191,2.933,-91.325,35.291,42.686,22.231,36.254,-4.237,-35.276,-57.426,-15.192
42.38,18.808,-35.565,-58.207,54.318,-49.505,2.565,44.079,-4.438,-7.359,1.69,-12.956
43.405,57.063,-66.338,78.575,-23.175,-9.072,-38.525,-60.216,-9.601,-0.109,-34.316,-19.696
45.843,84.464,-24.831,-70.409,65.504,-14.618,32.466,-3.892,-34.729,-23.436,22.227,-20.454
48.681,17.411,-59.616,-30.225,31.824,-44.256,1.965,17.307,-2.798,14.914,-35.153,-8.309
46.801,3.617,-63.019,14.187,19.758,-9.573,39.282,-3.493,7.235,-11.483,-26.284,12.035
43.728,29.91,-42.779,61.933,14.106,-63.078,30.72,-24.845,-22.586,22.536,-18.873,-5.885
49.551,85.042,-18.784,-27.507,50.991,82.234,18.359,12.893,20.359,-29.323,14.252,-18.155
48.615,69.229,-13.534,0.161,48.023,-29.395,-9.816,-19.083,22.596,15.729,-22.31,-17.756
47.069,89.288,-56.067,-23.201,75.738,-26.482,6.21,-4.093,25.291,5.788,-20.222,-14.66
48.726,79.046,-80.055,-126.166,47.263,-33.689,9.8,-10.855,-6.908,38.86,3.38,-19.739
53.695,160.343,-22.828,-60.394,-31.613,-20.961,-65.12,-10.906,-3.45,-6.471,-4.658,-34.721
53.749,143.908,-37.918,13.436,-14.663,-0.07,-68.339,-25.006,-11.989,-2.969,-60.055,-19.567
46.945,44.606,0.336,-27.631,12.203,-35.634,21.166,-1.598,-23.443,37.692,-13.491,-10.104
48.613,21.83,-54.492,18.782,-11.629,-33.309,-18.478,3.66,-2.603,4.155,-4.824,-16.061
51.074,95.834,-44.282,57.723,32.872,-59.958,-7.837,-20.721,-16.1,13.545,-38.286,3.063
40.66,-22.529,-28.076,-33.345,16.553,5.833,25.012,-4.51,1.721,1.002,-48.393,-1.809
47.418,86.506,-9.628,-76.993,62.137,38.282,28.713,8.798,-0.418,0.55,39.715,-31.667
49.205,71.084,-6.321,8.181,22.568,-34.377,-51.565,-28.58,16.715,34.074,-37.374,-35.188
47.868,4.859,-66.134,6.554,31.341,-59.921,8.23,6.061,-19.826,7.277,-21.767,-17.579
49.859,71.99,-29.767,-6.518,53.432,55.794,19.871,2.523,10.069,-30.506,1.931,-26.677
47.854,-11.782,-63.755,17.153,62.077,-23.345,30.129,8.684,-16.184,20.522,-39.102,-18.174
47.092,-2.213,-70.023,35.3,14.338,-32.669,-2.907,-22.343,27.336,-12.191,-47.726,-29.917
44.64,-40.666,-117.692,38.308,10.59,-49.315,-1.166,-37.551,-10.106,-15.653,-50.902,4.102
48.225,25.016,-49.908,-120.912,36.179,50.387,26.821,40.821,21.927,-27.558,41.518,-28.071
50.171,107.988,-31.819,-15.342,-22.29,-7.263,-57.898,-16.258,17.496,1.314,-34.759,-32.128
46.768,37.915,-14.913,-13.268,41.813,-40.814,33.903,-16.767,-38.814,37.03,-23.152,-26.459
44.994,-28.427,-53.038,-9.407,-14.802,-22.48,-6.141,26.939,0.881,4.498,-5.722,-19.974
44.373,55.511,-36.82,-79.489,21.012,10.417,17.598,50.99,-10.384,-21.492,-42.295,-16.283
47.162,14.0,-13.628,-65.49,78.299,-11.239,24.661,12.934,-11.456,2.253,2.798,-13.057
47.747,48.193,-30.229,-23.166,22.87,-16.393,-26.779,-1.509,24.571,-11.561,-28.216,20.138
47.403,68.754,-32.325,-39.968,81.247,-55.508,46.125,9.068,-59.83,-14.458,-6.525,3.6
48.624,114.42,-21.898,-34.692,19.353,-38.377,-16.64,6.583,-27.104,-18.827,-1.825,-8.778
49.288,105.881,-38.077,-12.466,-34.765,-8.659,-41.141,-22.059,-0.859,6.37,-32.947,-3.911
49.394,1.207,-57.561,6.396,21.559,-80.704,45.363,-13.588,-40.688,21.071,-19.487,5.169
47.353,69.448,-38.919,-14.914,9.724,-30.192,11.907,13.673,-17.074,5.742,-18.398,1.913
50.924,90.98,-52.628,44.478,58.106,6.019,10.771,-5.882,-5.885,12.714,5.364,-18.575
45.133,-54.761,-94.677,-4.156,71.952,-82.542,34.334,2.882,-8.224,12.45,-16.631,-25.499
40.328,-159.197,-73.599,-28.514,7.409,-100.84,24.717,14.002,9.388,-8.677,-15.393,-10.857
44.762,-17.522,-153.94,-0.507,82.374,-60.338,38.965,-17.852,-19.302,1.065,17.271,-3.252
46.075,-5.427,-132.379,-24.386,129.197,-99.035,26.961,8.367,-10.998,-15.308,-26.671,-15.81
48.428,60.524,-19.674,-9.572,41.463,13.141,-18.793,8.786,8.77,-7.855,-30.059,-41.27
51.693,52.505,48.518,-28.1,42.951,15.3,7.297,23.187,9.025,7.789,-29.148,-30.736
49.679,55.159,-28.541,-21.703,-25.015,3.85,-35.327,-10.932,1.742,1.432,-43.193,-26.938
50.575,134.25,1.766,-49.79,-42.906,-7.321,-41.653,5.231,-4.191,-12.655,18.284,-59.446
52.896,118.839,-22.991,45.137,39.153,-60.839,-28.538,-20.112,-23.214,9.472,-39.055,-8.338
48.61,73.958,-27.98,8.031,39.829,-32.064,-22.346,-13.151,19.604,-6.991,-11.076,-26.956
47.886,7.154,30.799,-8.551,28.817,22.979,4.836,35.378,8.707,-10.883,-36.054,-15.783
47.955,66.646,-5.212,24.673,39.1,11.896,-3.446,12.202,-4.651,-5.016,-23.935,-18.182
53.588,18.031,5.734,7.374,12.009,-11.447,53.678,27.679,-15.123,-9.575,-16.792,-15.271
49.029,21.8,-4.539,4.144,6.936,-19.926,17.695,29.745,-9.472,-3.445,-43.329,-11.567
47.768,37.849,-34.699,39.086,-20.678,15.372,22.567,-14.293,-22.648,-30.137,-36.921,-17.482
53.342,88.257,-31.616,32.276,58.656,-45.096,5.778,-2.003,-12.337,17.55,-40.126,-16.212
53.0,46.614,39.824,16.523,34.456,-14.492,56.739,12.418,-11.904,3.775,-27.952,-38.688
49.257,8.401,6.594,16.012,43.617,-36.462,53.103,17.849,-16.154,-3.652,-38.796,-41.331
50.401,31.702,29.708,4.234,10.168,13.955,27.245,34.974,-2.581,-0.991,-19.615,-39.479
47.892,64.577,-78.832,-24.041,15.978,-57.43,6.038,-22.753,24.613,15.822,-12.64,-15.508
49.081,21.486,-40.379,-0.619,31.459,-11.043,10.026,22.349,-2.999,2.009,-38.29,-22.009
49.729,73.227,-14.635,-6.989,31.056,25.224,-17.896,-34.772,-12.223,10.421,-45.781,-17.181
48.253,64.471,-60.027,-10.369,-0.5,0.259,-26.093,-54.8,1.599,1.704,-44.207,-14.253
48.505,24.513,13.096,-69.695,10.59,-10.962,24.851,4.159,-3.467,-4.742,-24.243,-20.292
51.949,117.968,-48.222,54.284,48.8,-51.968,-32.57,2.935,-24.349,10.455,-41.892,-0.377
51.032,98.823,-1.437,56.013,11.719,19.538,-17.442,12.88,-16.409,3.949,-53.398,-45.694
42.278,54.234,-61.74,-43.196,35.968,-33.611,-9.418,-36.639,-27.69,31.073,-25.826,-21.486
49.741,135.722,8.297,-61.593,-43.722,31.97,-63.481,-2.156,-13.315,-26.063,22.549,-56.102
52.384,167.477,-5.041,-28.373,-11.298,-15.492,-73.888,-5.493,-27.727,-1.973,-13.423,-44.024
48.948,138.009,-27.902,15.669,10.498,-21.23,-27.224,-2.557,-42.444,16.261,-32.232,-12.402
43.766,97.935,-92.589,-53.339,-36.514,-35.088,-27.738,-18.347,-39.499,25.038,-14.517,-38.361
48.236,70.635,-65.714,3.468,-45.545,2.064,-45.626,5.295,21.755,-2.53,-24.83,-53.389
49.997,44.083,-66.696,10.721,3.867,2.985,-1.381,-13.166,3.425,-7.292,-36.415,-2.845
44.284,116.356,-82.57,0.824,-35.389,46.157,-54.298,5.379,-3.038,-17.554,-16.473,-25.711
44.385,61.065,-5.447,-92.564,4.714,36.99,13.809,-23.649,-23.919,27.836,-41.107,-14.569
52.784,100.247,-26.762,59.228,74.713,-53.694,-10.182,-16.825,-9.063,18.3,-42.776,-16.058
49.279,58.66,-12.995,41.487,74.951,12.837,17.159,18.459,-3.658,14.784,-47.663,-57.071
48.335,62.976,1.403,-31.315,49.225,-37.764,-12.969,-24.659,-1.124,34.616,-12.252,-33.957
49.04,29.707,-0.937,-20.22,-4.737,-10.131,-44.676,19.863,7.025,4.418,-11.888,-17.364
49.639,32.821,-68.84,-0.731,28.735,-43.369,-7.757,1.872,-26.925,-19.022,-25.949,-24.266
48.126,22.491,35.211,-64.502,28.886,-12.971,51.706,10.414,-17.409,-6.569,-28.171,-4.44
47.74,45.483,-86.497,16.092,16.488,-11.314,-6.135,-16.445,6.53,-6.122,-46.203,15.702
52.821,86.215,-3.64,5.757,49.138,16.296,19.959,37.448,8.308,3.069,-35.193,-5.177
50.916,40.597,7.155,52.542,37.66,-8.966,29.797,30.91,-23.641,-5.308,-39.062,-40.848
47.648,45.414,-17.492,11.138,9.489,-17.794,-3.035,-2.495,-3.395,29.315,-8.976,-7.862
50.362,62.328,13.879,50.69,26.225,3.355,17.889,30.185,11.321,5.678,-27.772,-5.121
44.441,3.305,-5.072,-40.585,58.581,-16.009,19.261,1.155,37.682,15.685,-14.775,-8.369
46.614,71.498,-63.181,12.418,99.926,-22.391,8.186,8.291,-12.044,4.308,-36.854,-30.586
49.738,52.516,-0.914,-45.977,29.1,15.743,-8.799,-0.373,3.048,-10.658,2.047,-43.387
48.66,115.21,-48.375,-61.97,-14.6,4.07,-45.846,19.735,5.449,-33.786,8.132,-45.956
51.556,88.548,8.866,-43.355,27.829,0.88,-1.317,-16.454,9.956,36.093,-38.142,-29.711
52.404,101.124,-33.862,52.968,60.058,-50.563,-11.913,-12.025,-5.668,20.81,-47.774,-12.178
50.303,44.746,-11.09,-0.582,40.758,-4.643,2.634,-7.581,29.782,8.609,-36.323,-22.161
53.054,22.346,-8.668,34.806,15.273,-19.624,-1.859,26.546,-1.89,9.018,-27.691,-26.407
44.631,-23.126,-119.144,6.607,14.935,-97.384,-7.615,-10.496,-6.085,9.945,-6.803,4.957
46.496,-21.225,-43.01,-105.619,-1.268,-0.978,26.672,-0.666,11.51,-6.79,-0.14,-7.007
49.932,32.404,-87.401,29.799,66.256,-55.287,6.178,22.771,-6.413,-9.188,-30.513,-17.571
47.794,30.034,10.089,-115.04,53.873,-6.715,15.567,18.776,2.403,10.596,-11.235,-64.349
51.338,40.227,0.656,69.465,17.126,-13.265,-29.242,-18.313,14.127,18.454,-71.866,-48.565
47.296,60.906,-32.516,-74.521,-20.441,15.986,-22.832,-34.811,-0.248,-15.929,-10.787,-28.099
49.186,60.476,-24.204,-13.243,-17.124,27.409,-8.703,11.778,14.108,-8.807,-35.566,-47.127
50.339,106.644,-36.434,-16.839,17.807,64.617,-0.184,9.584,-15.76,-7.878,-24.572,-25.551
50.158,71.755,-19.871,89.153,17.269,-30.072,15.201,25.033,-16.611,11.67,-54.713,-13.461
40.833,45.39,-56.714,-50.553,13.437,-35.877,17.437,-24.508,-1.387,6.248,-14.738,-3.804
47.071,53.349,25.792,-105.257,11.946,-11.614,5.39,45.734,6.131,4.676,11.38,-17.614
52.235,139.683,16.622,-26.568,-15.886,-20.222,-42.937,3.374,-22.168,0.247,-21.186,-30.781
48.993,122.58,-52.732,34.009,1.298,-23.223,-32.088,-7.304,-28.794,13.027,-33.49,-19.499
50.636,33.57,-28.508,-28.096,-32.653,19.605,-13.847,1.129,4.055,24.148,-19.742,-49.607
51.287,42.896,-60.215,35.606,0.112,-0.049,-30.546,17.009,8.742,9.08,-47.938,-35.469
47.047,79.388,-40.325,-22.915,-39.223,4.886,-42.657,0.549,-19.111,-16.794,-25.069,-27.219
48.403,52.449,-10.082,-3.688,4.093,31.275,-9.765,3.538,4.985,-2.214,-34.447,-41.63
52.751,107.135,-30.78,46.913,51.997,-33.764,-5.633,-11.54,-10.239,15.597,-29.137,-21.434
50.904,54.839,-16.751,-14.98,49.308,28.248,26.563,-6.933,-28.7,15.089,-81.598,-33.216
45.49,13.153,-62.269,-21.692,52.989,-50.85,30.564,-20.3,9.092,22.976,-28.094,-40.109
46.797,-32.103,-30.197,-11.701,32.132,-50.655,44.834,-7.827,-14.129,47.937,-14.469,-10.022
49.279,-23.568,-27.8,-40.374,-28.211,-14.036,-15.169,28.157,6.476,6.331,-16.975,-22.86
49.93,19.651,-58.233,-8.177,35.057,-24.419,-2.788,5.012,-16.751,-17.66,-11.299,-31.144
50.516,94.76,12.523,0.409,-8.634,17.696,-41.861,7.686,22.924,-18.508,-17.931,-39.652
44.18,-7.826,-83.076,-5.518,31.568,-15.213,8.298,-49.363,-7.11,18.913,-39.789,-5.414
51.879,93.267,38.288,-24.501,-7.892,-8.772,-10.812,28.222,29.228,5.372,9.459,-46.644
52.464,121.59,-7.161,29.083,31.65,3.863,-13.284,-4.943,6.017,5.729,-66.799,-19.616
49.229,42.558,2.169,41.617,47.486,-20.577,5.438,16.557,-4.674,3.325,-37.685,-35.977
48.759,42.338,39.779,0.811,16.732,18.032,8.736,9.081,-7.512,21.727,-32.963,-40.722
41.499,37.657,-49.046,5.247,16.87,-56.603,-26.219,4.651,-11.076,1.267,-20.791,-32.947
44.897,65.755,-62.22,-6.206,115.773,-33.239,17.285,-12.229,-34.016,21.015,-41.839,-45.181
48.695,-3.563,-77.447,-55.701,47.944,-80.142,18.376,5.695,16.726,27.401,-20.293,8.329
46.496,75.108,-80.049,-37.04,-14.892,-17.372,-19.728,37.225,25.198,-16.015,-19.716,-20.08
47.045,81.662,-38.205,-71.435,-28.854,-10.956,2.136,-3.745,2.515,32.575,-5.971,-15.661
52.754,96.532,-45.125,31.192,45.28,-56.462,2.859,-10.014,5.01,17.654,-35.792,-23.986
49.05,51.194,-29.477,-24.381,39.274,-49.726,16.724,14.899,14.686,12.731,-17.046,-36.685
49.152,54.835,-9.077,-26.391,26.023,-47.364,7.984,-1.045,27.955,19.279,-24.508,-41.958
51.103,22.333,26.269,10.744,39.289,-35.677,47.652,6.319,-12.708,9.466,-48.71,-33.088
45.977,-12.679,-51.245,-15.195,6.971,-14.897,35.431,17.625,14.443,-12.222,-1.425,-2.592
48.952,10.485,-71.777,-5.064,77.147,-59.675,22.662,9.785,-33.67,-14.345,-23.659,-29.983
43.567,22.982,-60.419,-42.662,80.565,-50.647,16.099,-44.567,-0.123,30.714,-0.772,-19.171
45.908,25.472,-5.309,-26.451,17.928,-12.003,-5.644,-27.631,8.3,-13.015,-17.325,-3.578
48.893,51.596,-48.751,12.43,17.753,4.354,-18.205,-53.576,3.774,-6.203,-63.285,-20.517
44.853,12.401,-4.89,-127.857,0.27,-1.207,-8.586,74.125,31.643,-39.34,-1.242,-49.293
50.443,125.403,-71.935,65.173,54.931,-72.435,-35.272,20.365,-22.16,13.025,-33.076,0.267
47.242,104.236,-35.44,-8.657,-2.918,-12.18,-54.105,-23.307,12.861,-0.988,-43.745,-39.456
47.909,33.332,22.05,13.754,36.786,32.514,12.494,41.549,25.958,-1.114,-42.832,-10.261
44.442,109.838,-58.922,-48.99,69.561,2.242,38.144,-10.935,-41.058,13.849,-55.683,-9.036
43.81,-2.085,-85.144,-19.809,7.897,-7.869,25.709,30.293,-32.338,3.096,-42.72,-29.76
49.186,39.828,-51.578,-54.058,2.396,-33.285,2.479,3.003,10.161,-15.289,-10.019,-26.794
49.431,40.891,14.017,39.569,22.454,-0.705,13.381,18.335,-7.854,-4.41,-61.18,-18.483
48.752,55.348,35.35,-41.435,28.199,21.904,26.329,11.823,0.878,9.496,-26.049,-43.928
53.432,98.516,-3.098,48.153,73.981,-38.354,9.164,-11.359,-16.397,23.524,-38.72,-6.573
48.504,57.233,6.726,-26.472,60.796,-31.219,3.893,16.452,25.49,4.973,-12.872,-36.457
48.981,76.642,-4.945,-42.484,70.027,5.517,21.65,27.209,4.736,9.601,-49.159,-14.683
47.101,73.373,-76.609,-37.58,-7.647,-42.902,-1.136,11.124,-29.288,14.733,-18.1,-24.286
47.313,29.968,-95.87,10.875,46.167,-37.041,15.606,19.045,-34.709,2.274,-23.98,-8.863
48.513,31.588,-22.046,-33.256,52.421,30.426,7.206,5.8,-0.396,10.955,7.875,-11.0
48.07,-13.251,-61.931,4.489,-37.524,-94.331,-19.476,-19.65,-22.726,25.473,-3.136,-1.553
47.512,33.84,-11.733,-48.145,-42.685,-7.735,-20.622,10.643,-16.89,-14.434,-4.493,-21.178
51.022,126.29,-65.332,63.034,41.489,-73.909,-14.485,13.142,-19.447,4.091,-34.718,1.359
45.235,32.273,-52.248,-17.759,56.515,-55.199,31.254,22.33,-29.759,-5.166,-23.097,-13.349
43.205,60.736,-64.77,-29.879,15.121,-38.85,2.74,10.496,-6.598,-14.238,-7.223,-8.667
41.147,0.821,-28.226,-43.059,-8.886,-33.009,-7.75,4.942,8.372,-2.447,-11.414,-6.804
45.882,76.827,-63.201,-57.433,114.547,-48.582,21.309,-5.162,-14.822,16.024,-2.276,-28.539
48.413,43.647,-14.984,56.295,72.336,-31.309,34.7,8.794,-25.613,-11.941,-37.393,-5.603
46.933,13.493,-79.592,-78.022,90.486,-16.348,29.285,-23.059,-4.568,9.019,-15.129,-1.851
48.106,-9.06,-35.139,-9.477,29.355,-29.972,15.294,17.265,-1.858,-15.491,-26.707,-7.233
46.169,-4.203,1.907,-61.406,38.061,-20.417,7.055,15.708,42.209,14.141,-5.396,-7.735
51.774,96.859,-33.338,54.96,64.083,-67.265,3.849,-12.672,-6.836,19.411,-34.269,-7.231
46.405,6.552,-55.675,-23.235,69.581,-41.653,21.304,-5.053,-3.117,25.114,-24.639,-31.057
47.41,-9.187,-53.766,-25.533,46.549,-90.549,19.661,23.296,3.196,29.565,23.654,-25.906
47.077,8.76,-65.876,-7.419,3.136,-11.169,14.271,-11.461,-18.507,25.577,-24.452,5.328
47.27,16.244,-57.331,-50.392,34.247,14.787,22.855,25.319,5.852,-17.282,-44.944,-10.786
47.857,42.171,-14.633,-59.964,85.719,-10.059,44.71,-17.634,-21.08,48.445,-36.129,-21.961
46.243,-40.584,-9.637,-30.104,-17.729,-14.657,-5.742,-23.631,-24.049,12.399,-29.505,-18.47
45.186,-40.705,7.335,-43.633,-35.143,-24.756,7.822,24.723,-10.061,-13.139,-1.261,-42.049
49.385,69.739,-37.083,33.927,18.2,32.917,7.728,-3.464,-13.369,-42.94,-16.539,-31.915
40.962,-8.206,-31.19,-43.388,-15.155,-28.844,-8.507,1.968,-33.336,-6.158,-9.679,-25.431
44.078,24.834,26.232,49.604,47.133,47.161,44.873,55.525,-0.411,-34.793,-55.075,-2.126
41.578,-4.499,163.926,-52.049,74.278,54.249,52.651,24.63,-8.829,13.014,-6.867,14.778
46.141,-11.5,63.329,-20.558,-12.814,-19.143,-6.117,12.626,-19.995,-13.778,3.712,-22.651
46.686,1.716,36.35,23.102,6.29,-27.264,-17.706,12.032,-27.128,-11.422,-11.763,-22.37
44.719,0.168,64.57,-84.559,58.712,-22.194,12.146,5.988,-23.465,-1.846,6.477,-6.005
48.864,-0.824,98.831,15.269,35.325,-15.82,17.466,31.808,-20.868,-12.604,9.914,5.919
49.851,24.516,-30.011,-5.321,12.789,3.596,3.195,6.667,-11.719,-14.798,-26.878,-38.166
46.639,-37.376,-30.729,-70.358,16.682,-35.087,14.392,49.539,12.055,-47.362,-6.322,-22.141
50.835,89.428,-53.575,66.716,71.556,-59.606,-20.13,-13.261,-16.602,17.182,-36.014,-9.747
44.2,55.366,-72.685,-28.641,100.343,-48.327,2.125,-11.842,40.261,1.992,-27.135,-9.165
44.398,-4.002,-11.194,-32.282,66.512,-44.455,28.056,-3.048,-12.489,11.486,-5.864,0.215
44.21,-16.261,-25.048,34.838,62.415,-14.641,5.215,38.805,12.203,4.84,-63.956,7.751
45.985,67.909,-41.802,-75.404,126.374,-6.573,31.548,11.569,-24.297,8.78,10.169,-47.163
48.885,66.347,17.095,-32.416,78.93,-39.187,12.527,3.886,-9.511,8.566,-25.478,-40.198
47.574,44.847,-2.296,-23.939,96.152,-33.214,17.73,3.242,-19.909,5.316,-28.478,-31.777
46.764,-43.749,-71.476,13.443,-3.312,-61.365,2.051,19.683,-6.3,-0.47,-6.51,-6.255
41.611,-22.666,-86.213,-4.184,-15.602,-12.043,21.563,-20.234,-9.277,-23.878,-22.714,-22.571
48.512,55.922,-77.459,23.175,50.697,71.549,30.694,-11.563,14.132,-10.363,2.885,-33.518
43.385,-45.608,-55.939,10.772,54.051,-0.706,36.403,-7.852,22.731,12.095,-67.383,-0.261
46.473,5.361,-38.917,-129.967,37.93,49.479,38.689,51.509,22.902,-28.365,40.028,-24.786
47.96,46.439,-33.767,10.277,38.764,-20.407,-24.219,-34.655,3.185,2.854,-48.486,-27.873
43.774,13.547,-17.858,-17.184,37.112,-29.27,7.119,8.385,-1.826,3.985,-30.718,-14.057
42.956,-66.039,-98.386,61.608,0.343,-80.014,-2.299,-30.898,-3.632,-19.417,-32.978,-11.404
50.033,99.291,-63.362,93.003,50.082,-17.56,-18.616,-10.018,-27.851,10.772,-38.885,-14.356
40.935,37.333,-64.89,-19.949,27.659,-0.812,-20.106,-31.562,17.267,-3.535,-70.503,-3.72
39.651,15.291,15.813,-197.924,28.784,-20.446,13.333,48.585,2.639,-5.884,11.814,-15.271
49.055,33.793,-55.538,3.932,14.067,-12.622,-7.352,-2.173,-13.764,16.867,-48.694,-5.755
45.097,-4.622,-72.374,3.565,5.834,-2.552,24.248,40.374,-10.519,4.049,-9.405,12.068
40.4,-7.534,-42.867,31.087,3.596,-24.628,35.914,-12.375,2.046,-18.202,-14.989,1.82
43.243,19.623,10.043,-156.431,40.251,33.05,19.357,63.612,16.924,-26.407,-38.65,-1.861
46.751,64.422,-40.283,23.176,52.03,-43.805,-16.457,-15.366,21.547,31.129,-31.291,-22.938
45.865,23.277,15.789,-24.649,55.195,0.227,26.527,11.555,27.37,19.213,-29.821,-16.722
42.541,65.844,-145.676,-69.399,51.972,-68.752,-16.361,49.557,18.282,4.121,-19.176,-5.043
48.696,60.87,-84.561,-97.882,43.776,-8.666,12.656,19.888,-16.738,38.002,21.707,-20.843
51.625,163.535,-48.651,-50.827,-31.386,-18.08,-62.713,-19.797,-7.094,-4.622,-7.877,-33.771
51.965,150.055,-60.131,-2.373,-12.015,-5.091,-69.705,-41.366,-10.154,-13.516,-49.004,-35.869
45.121,33.289,-27.619,-7.562,4.679,-45.239,-9.914,24.296,-4.852,9.229,-15.033,-24.525
45.034,-19.575,-66.598,5.571,-16.985,4.424,-18.207,25.074,15.596,3.373,-15.354,-20.589
48.821,97.938,-78.356,53.562,24.854,46.151,-12.061,3.158,6.063,-17.162,28.796,-18.749
40.943,8.834,-46.184,-49.066,40.34,41.153,38.166,-2.48,2.557,25.042,-74.663,12.968
40.467,18.788,33.255,-227.316,13.351,16.06,17.245,44.102,27.083,-9.807,-4.038,-14.167
46.179,-15.535,-40.86,7.419,13.777,-9.485,-2.476,28.391,0.675,20.425,-18.672,-25.999
41.373,-2.469,-42.217,-22.193,-9.1,-27.207,-12.705,-23.099,27.253,16.822,-41.421,-35.011
45.646,40.941,-16.877,-93.76,47.403,60.806,16.922,40.072,27.21,-33.151,-57.371,-21.694
47.791,-2.529,-66.749,9.884,61.53,-15.027,28.476,8.113,-7.472,39.246,-30.671,-17.34
43.107,-13.382,-36.138,-62.415,68.569,-3.09,42.93,16.184,13.161,7.368,-63.295,-32.04
42.694,-65.393,-131.474,38.323,8.909,-27.119,-12.989,-3.134,23.955,-14.925,-4.535,-3.286
41.532,-58.453,-34.405,-237.263,2.334,-13.411,9.167,69.0,10.642,1.817,16.758,-23.921
51.134,108.989,-27.329,-1.966,-14.548,-35.943,-44.167,-9.446,14.519,13.303,-31.815,-47.308
47.538,29.986,-2.407,22.598,20.342,-10.573,25.837,10.75,0.553,13.157,-8.604,-34.197
43.801,-48.509,-55.127,16.707,-16.355,-13.643,-5.036,-1.644,-7.548,34.329,-21.417,-30.149
45.39,70.614,-54.66,-51.036,26.007,55.884,13.261,38.63,-15.729,-26.356,-71.076,-19.12
43.075,105.927,-78.539,-88.353,60.386,-43.515,32.417,-57.846,-2.998,-6.569,-14.553,-15.394
46.391,11.065,-26.463,-43.551,78.498,-47.301,16.865,16.466,5.511,4.018,-9.002,-5.372
44.748,15.035,-54.027,12.209,17.664,-30.625,-22.316,-13.259,0.27,4.678,-28.685,27.744
46.093,90.336,-51.575,-98.053,36.947,-7.43,1.859,-7.835,-29.671,-12.581,-8.519,-21.418
47.769,21.254,-55.094,-22.253,-21.026,-37.469,-13.512,39.594,-15.202,15.934,-0.15,-11.325
45.731,28.148,-20.547,23.15,-2.908,-19.332,2.802,-6.24,-1.679,0.561,-58.144,-43.072
44.541,41.167,-0.09,-129.256,17.116,40.051,11.441,42.075,5.949,-16.001,-47.898,-20.829
45.808,-31.233,-100.774,4.113,60.621,-85.152,17.222,6.493,9.153,7.791,-16.062,-21.728
47.235,-36.684,-17.399,-49.512,44.966,-37.875,58.591,7.821,13.513,13.379,-1.397,-13.924
50.906,-15.03,21.455,-37.325,16.92,-31.972,42.127,18.737,30.705,10.263,-23.674,9.199
48.74,-18.675,-43.079,-29.956,-28.508,-35.615,-2.859,-15.574,9.991,9.721,-7.835,-18.566
51.437,28.832,-49.555,23.144,42.672,24.087,1.168,9.58,13.584,-15.556,-42.875,-32.13
46.663,31.313,-14.289,-15.813,73.396,9.805,33.549,-7.346,8.59,5.3,-25.147,-19.776
45.247,14.369,-11.929,-67.255,28.845,-32.255,9.55,32.554,10.61,-6.958,-14.597,-17.906
51.065,95.078,-46.185,76.722,63.339,-56.868,-12.294,-10.207,-12.293,13.922,-41.049,-9.224
46.443,17.046,-3.131,-27.336,51.289,27.319,-0.791,35.514,22.527,-1.095,-58.035,3.374
48.903,54.542,-27.963,39.935,99.215,11.762,3.039,4.053,-2.148,13.95,-60.395,-25.977
47.737,-30.923,-75.45,-0.003,21.387,-47.983,21.991,-5.328,9.939,7.306,-31.922,6.421
45.427,60.307,-98.269,40.673,-43.373,-21.461,-35.786,-29.466,15.229,-3.302,-34.208,-33.434
38.369,-30.098,-77.644,-89.925,-26.552,-30.405,15.96,8.149,-16.0,1.395,-14.531,3.573
48.027,52.359,-53.102,-35.836,40.797,68.737,33.679,-1.037,9.932,-28.748,-41.768,-26.506
52.371,53.035,35.767,-32.482,35.398,-8.466,27.782,10.583,27.473,10.968,0.315,-25.521
50.92,36.454,-25.913,85.222,15.148,-18.566,3.251,-9.098,18.082,2.258,-78.7,12.672
48.815,29.623,-67.589,-15.406,38.256,58.534,-1.912,8.911,21.555,-10.648,-5.518,-31.672
45.874,39.833,-22.575,-2.579,61.388,1.174,34.77,-46.425,3.115,16.505,-18.871,-19.319
45.915,-9.671,-110.615,62.808,38.798,-41.096,12.236,-3.787,-9.608,-4.808,-15.784,-13.808
43.391,35.39,6.726,-124.706,17.68,15.491,18.046,29.487,-10.754,-15.48,-44.765,-13.325
42.283,14.613,-38.218,-49.572,57.265,-52.586,4.186,35.181,-5.062,-0.66,-10.536,-13.011
44.037,51.169,-32.295,-32.229,1.658,6.935,-35.431,-35.145,2.901,-0.356,-56.471,-15.272
39.11,14.552,-73.24,12.26,31.712,-45.961,8.647,-62.356,-29.948,18.304,-5.182,-15.879
43.375,109.875,-53.89,-119.181,43.325,19.571,-6.098,-14.961,-29.813,-23.723,6.771,-46.293
47.971,29.547,-66.936,-24.772,34.622,-25.562,-10.324,15.086,-8.844,23.242,-31.757,-14.805
46.446,10.94,-74.079,14.69,21.616,-9.305,35.177,-12.17,1.896,-9.474,-44.54,7.047
43.083,20.196,-50.272,61.019,10.816,-36.202,26.663,-23.202,-4.239,-12.093,3.652,-25.911
47.606,65.992,3.602,-96.28,37.398,63.176,9.27,39.226,23.017,-32.871,-27.988,-12.944
48.61,67.811,-18.482,8.334,43.147,-41.423,-18.785,-11.272,17.947,29.992,-26.01,-16.011
46.168,71.72,-49.957,-30.248,52.824,-21.984,-5.31,11.726,23.608,19.992,-24.172,-10.285
51.68,82.221,-59.341,-52.298,-16.429,-21.896,-27.744,5.157,13.477,-21.247,14.448,-42.004
52.875,164.016,-29.442,-68.999,-43.711,-20.558,-72.31,-0.339,2.67,-14.494,-3.614,-39.578
52.808,149.955,-52.145,14.964,-24.408,8.121,-83.596,-39.314,-7.092,-5.169,-57.671,-32.645
45.889,16.373,15.262,-20.733,-7.323,-13.548,22.765,33.25,2.407,3.555,-4.371,-7.566
47.528,39.611,-51.154,2.272,-12.103,10.837,-10.148,7.127,-7.452,-3.878,-15.72,-18.901
51.323,102.869,-46.305,72.543,22.646,-54.189,-17.71,-14.883,-14.804,5.929,-39.601,9.212
43.194,-7.044,-6.028,-74.164,17.959,23.154,17.441,3.069,-1.817,13.056,-47.028,-5.84
38.833,4.974,-77.241,29.94,0.161,-55.285,9.102,-56.165,-44.956,30.212,-28.746,6.809
47.464,84.983,7.732,-77.107,52.923,10.609,33.337,20.491,2.723,-14.166,16.427,-23.529
48.845,105.557,-22.145,-12.971,12.753,-12.57,-49.793,-38.157,14.292,12.279,-35.521,-35.358
48.462,-19.559,-51.415,-7.58,24.586,-54.709,30.358,-12.224,-18.86,14.188,-2.455,-6.508
45.247,14.899,-20.172,-42.913,27.488,-48.778,11.035,58.26,5.571,-15.464,-9.805,-28.706
52.13,91.605,-40.065,50.345,50.087,-38.897,-3.338,-19.786,-12.071,18.653,-7.105,-4.499
48.002,-14.108,-67.56,44.102,49.471,-37.202,22.937,22.156,-21.559,23.939,-27.2,-17.767
47.621,-8.431,-56.431,54.117,20.362,0.457,19.743,-24.893,22.957,-4.089,-18.381,-28.947
45.161,-42.25,-101.261,46.998,9.047,-16.554,24.837,-37.125,-13.681,-1.515,-7.932,2.475
48.174,23.499,-33.462,-116.882,21.736,39.601,26.691,52.428,28.743,-35.307,14.147,-17.302
49.744,99.397,-45.748,-20.326,2.04,-1.275,-52.889,-25.612,30.916,17.16,-45.484,-31.696
46.027,8.437,-9.256,10.626,28.098,-42.743,39.004,-12.208,-24.791,48.049,-7.525,-13.886
46.617,22.718,-102.103,12.666,33.62,-38.851,0.63,-5.842,7.017,18.658,23.955,-29.894
44.219,56.63,-39.828,-81.337,23.444,3.459,18.338,49.382,-14.486,-8.528,-53.06,-5.289
47.809,14.137,-16.812,-64.568,80.746,-23.636,18.858,18.32,-11.867,-4.436,0.299,-11.92
47.691,47.843,-35.336,-11.094,21.774,-18.867,-29.027,-6.4,21.403,-10.606,-32.197,26.652
47.661,86.108,-20.516,-63.125,51.231,-43.691,23.858,28.153,-23.678,-28.698,33.402,-1.924
48.658,68.838,-79.583,-11.134,-31.226,-42.153,-47.642,-7.307,19.747,36.592,-21.85,-9.181
48.919,0.406,-67.07,-2.391,18.541,-34.413,35.681,-0.274,-33.534,20.155,-7.966,7.801
48.131,64.029,-32.099,-4.966,10.655,-27.893,10.147,25.431,-10.996,21.784,-12.254,14.181
45.254,48.585,-35.006,-59.347,-10.525,-34.381,-38.855,-0.796,1.064,17.256,-8.86,-17.81
51.401,90.025,-55.229,49.597,68.264,-23.784,2.194,-6.3,-7.287,8.105,-0.389,-16.707
46.499,-15.476,-100.012,-13.987,81.827,-86.269,31.729,10.248,-10.15,16.721,-4.602,-18.055
44.994,-28.594,-48.786,-25.695,37.768,-70.23,49.647,-18.518,-5.589,23.866,-19.984,-9.496
44.982,-78.492,-67.436,-23.685,25.739,-70.959,36.29,23.494,-15.726,-3.68,-1.003,-12.0
42.335,-115.741,-106.858,21.828,27.27,-118.593,29.503,-46.648,-39.202,29.672,-25.755,-4.944
46.907,-2.652,-91.807,-34.422,82.199,-33.341,27.016,9.553,-14.68,-23.134,12.791,-36.211
49.82,26.263,24.154,43.574,4.57,34.017,-11.406,-4.704,0.776,-13.6,-33.992,-50.872
43.419,-61.207,-39.596,1.825,0.936,-30.738,-0.655,-66.6,-7.654,19.143,-29.464,-21.814
49.497,41.191,42.059,-91.206,-8.655,19.424,14.02,4.846,2.426,-4.957,4.245,-69.863
53.809,112.716,-13.317,62.608,48.521,-29.616,-20.46,15.076,-26.949,8.22,-29.733,-39.113
48.314,100.189,-38.353,-38.076,45.175,-37.351,-32.121,-17.091,1.368,12.677,-25.566,-38.412
47.954,29.383,7.088,32.688,18.182,-36.675,-12.169,-9.275,-25.949,7.637,-9.697,-70.574
51.438,77.137,63.162,-7.122,17.553,-5.957,15.21,27.522,-4.457,4.208,-26.437,-52.005
43.983,115.048,-63.541,-18.08,46.91,-33.097,-8.841,-35.192,5.261,5.731,-44.827,-23.636
43.206,45.232,-2.958,-57.817,47.021,-20.126,31.455,5.606,-21.348,-13.023,-23.635,-29.099
49.124,19.172,-62.26,16.358,26.8,-8.349,5.65,37.835,-18.872,30.909,-21.667,-20.903
51.038,22.663,21.455,-38.683,29.881,-34.996,49.872,29.62,-7.153,-2.504,-4.044,-28.238
53.365,65.673,-36.581,52.243,67.955,-38.795,21.436,-5.869,5.976,8.923,-38.556,-17.623
48.934,14.294,-32.467,-29.489,89.305,-10.749,45.222,15.921,4.137,15.793,-55.334,-35.086
47.841,26.874,-35.834,-23.578,59.207,15.3,30.34,17.708,2.266,-8.989,-55.67,-39.435
48.464,9.493,-72.626,-31.864,75.909,-7.296,32.242,23.385,-30.757,-8.812,3.497,-37.246
46.612,52.798,-30.471,-85.247,85.408,-44.57,-1.656,42.129,17.903,-5.797,3.773,-21.702
49.572,49.779,13.439,-12.521,21.989,-32.705,-21.848,-28.006,13.213,13.112,-15.785,-21.756
44.825,-80.002,-80.96,23.405,-9.882,-111.258,10.576,-43.167,-28.28,24.491,-17.454,-10.451
50.005,19.06,42.475,-23.985,-2.016,33.293,20.081,25.191,0.329,-30.478,-6.175,-59.419
51.191,131.713,-63.188,66.663,46.68,-61.878,-32.682,10.458,-22.091,7.531,-36.678,1.187
48.347,61.174,9.383,-19.372,24.522,31.905,-2.478,3.132,-28.183,28.358,-43.318,-53.994
43.522,27.149,-15.238,-29.564,26.663,0.011,-3.467,-2.748,0.771,22.557,-59.771,-2.292
44.13,87.076,-29.982,-34.614,70.89,-5.859,59.471,13.681,-22.754,-38.67,12.439,-17.415
43.162,34.672,-96.463,-44.123,40.256,-62.235,60.555,-12.435,-69.307,20.694,-6.55,19.841
44.761,63.629,-84.836,-99.513,17.453,-49.923,37.561,30.747,-6.515,-7.933,8.844,38.444
47.39,7.823,-79.867,52.595,-30.721,-32.651,-6.099,-29.771,8.448,-8.205,-43.715,9.061
45.147,11.449,-17.458,-26.45,39.686,5.322,22.818,45.702,19.313,-11.153,-12.851,7.979
47.279,27.771,7.333,70.51,-1.26,-1.849,9.971,-9.109,-15.377,8.163,-57.676,-27.822
52.622,113.176,-7.475,32.341,47.934,-34.41,-4.835,-17.847,-11.656,19.025,16.416,-26.238
49.472,58.376,3.28,46.463,45.584,-0.797,1.971,-17.11,-3.75,4.992,-64.283,-53.345
48.897,60.03,-19.663,-1.439,81.736,-38.514,23.437,13.112,-9.669,40.482,-43.024,-1.175
43.961,11.041,-86.416,-91.334,68.968,-40.09,25.281,17.994,-27.212,29.313,-34.244,-8.985
49.154,82.839,-15.0,-68.186,6.379,14.3,-25.806,-14.832,7.501,4.125,-21.423,-29.722
50.509,72.21,-26.019,-30.593,-21.247,-8.757,-14.844,-29.282,-30.674,-6.43,-38.909,-25.497
52.819,31.454,50.025,-4.931,-5.58,-35.071,40.764,25.33,-10.792,-12.897,-1.89,-37.128
51.354,94.06,-47.606,89.016,46.885,-57.484,10.043,10.609,-11.668,-6.91,-23.635,-2.504
42.853,34.585,-47.937,-30.804,34.637,-52.364,35.788,-9.358,-25.796,7.652,-18.002,-21.482
47.021,32.262,29.034,-20.918,9.559,22.193,25.143,45.804,-6.025,27.102,-34.444,-20.186
46.039,-12.072,50.332,-8.249,2.516,-25.004,15.255,2.229,-15.204,10.082,-7.414,-34.396
48.121,61.97,-15.322,-6.086,79.452,-32.341,24.783,3.526,-32.338,-17.986,-16.868,-49.289
43.945,17.794,-7.258,-42.589,66.242,-48.903,7.959,-18.829,-15.434,36.431,-17.252,-52.275
50.068,25.825,-59.395,23.688,29.534,-14.092,-1.283,33.973,-14.5,7.394,-38.783,-20.58
43.395,3.476,-21.09,-50.408,-0.138,37.729,8.261,1.896,6.652,-28.677,-64.569,-34.836
52.189,97.531,-29.594,35.129,56.226,-4.776,2.357,-13.087,-0.881,20.763,9.54,-25.242
48.062,5.761,-27.105,39.64,48.871,-47.081,32.603,16.325,-28.927,9.637,-51.824,-28.625
46.349,44.661,-27.688,-102.166,67.659,1.635,34.751,2.776,20.74,19.88,-34.911,-18.494
47.742,-38.008,-24.187,-25.578,-11.907,-39.532,31.519,11.722,-29.127,8.212,-7.461,-26.942
48.899,19.326,-79.435,-3.567,57.401,-58.768,11.048,1.75,-22.739,-23.562,-18.958,-41.787
49.434,63.341,-30.239,6.564,10.849,-7.006,-6.745,-22.759,-18.801,13.212,-25.05,-26.666
50.342,122.603,-6.715,-39.108,-49.761,-19.643,-39.602,-7.779,6.783,6.876,-5.936,-52.857
51.287,124.827,-60.229,63.68,12.529,-58.115,-27.159,6.585,-32.23,3.353,-31.567,-3.12
46.609,47.643,-46.751,-11.309,39.998,-30.837,4.944,11.238,7.147,12.982,-12.705,-5.955
46.058,5.514,21.5,-42.06,37.882,0.157,36.84,-10.599,10.101,38.867,-56.051,-1.929
39.654,-14.806,-16.455,-32.709,20.133,-41.394,39.352,24.749,-10.299,15.979,-13.99,9.499
43.796,103.948,-51.408,-58.29,77.941,-31.832,59.184,-9.111,-36.739,1.477,-18.471,-18.97
44.772,31.513,-92.843,-48.233,35.006,-57.38,31.422,-13.348,-66.241,12.601,-9.469,-29.378
47.505,-4.111,-58.744,31.607,-31.894,-40.759,14.543,25.959,-45.384,-0.028,-7.504,-29.899
48.263,26.258,-78.527,46.621,-33.879,-33.767,-7.784,-27.589,-10.238,-9.342,-29.99,0.834
43.017,30.891,-72.606,11.466,7.177,-29.617,9.014,11.418,-56.039,32.472,-39.014,-22.852
49.209,-0.396,76.022,-50.062,0.626,39.128,43.096,26.602,-4.473,19.446,14.883,-43.169
52.967,77.726,24.148,31.429,33.869,5.901,15.986,23.894,-18.084,-32.486,-59.848,-32.475
47.769,14.432,-48.676,-8.913,43.014,-3.656,11.473,-5.696,-3.667,9.768,-38.369,-43.15
45.16,-39.194,-7.912,-35.349,21.885,-38.132,51.189,-4.662,-12.081,-2.016,-7.245,-50.575
49.411,-15.928,-6.353,-23.518,-5.731,-10.875,19.573,4.223,1.257,12.379,-34.749,-31.913
47.136,15.76,-68.267,-95.162,7.231,-66.796,9.603,-2.291,-14.166,25.903,-3.49,-34.226
49.504,28.379,-80.279,-5.389,58.302,-45.803,-5.982,9.957,-4.909,-11.802,-40.433,-37.15
44.789,59.322,-63.786,-85.431,108.617,-53.833,-3.187,30.818,40.53,9.038,-0.218,-15.056
48.188,72.929,-29.863,-13.855,11.04,-2.986,-27.784,-38.631,-0.827,14.581,-32.099,-42.131
49.753,9.387,28.449,-30.909,16.526,7.239,30.029,14.659,-0.592,-14.253,19.921,-52.374
51.335,91.346,-57.517,92.851,73.989,-54.033,-15.173,-12.237,-14.094,8.446,-46.931,-4.536
41.952,0.661,-56.512,-35.866,89.977,-46.828,25.512,-11.93,-5.83,7.093,-14.243,-37.371
46.103,48.131,-11.484,12.139,36.318,-9.446,-14.441,40.669,-3.629,11.684,-38.971,-35.912
45.139,76.546,-57.984,-43.093,125.076,-7.056,23.925,3.947,-11.79,23.723,-26.497,-27.999
43.821,75.057,-47.695,-88.999,115.619,-44.749,-5.518,26.992,30.742,12.934,-2.21,-29.972
47.624,90.864,-60.778,-56.289,55.114,-26.538,-10.493,-55.402,37.488,31.906,-41.383,-7.328
45.402,10.923,-61.507,-4.893,-24.584,-46.979,-11.346,25.685,-7.738,-4.287,-20.268,-31.652
53.004,44.766,33.946,-39.149,3.042,-26.869,34.838,31.099,-13.988,-20.186,0.235,-45.23
52.073,67.419,-63.302,78.85,68.422,-76.829,12.449,4.906,-5.868,14.602,-46.829,-18.717
43.58,-29.706,-55.474,-51.825,95.201,-49.165,60.707,0.407,3.223,2.825,-18.86,-45.439
45.359,-8.745,-0.09,-68.422,28.992,-4.57,29.08,57.531,13.133,1.968,-45.641,-42.389
45.775,-1.831,-33.732,-39.854,6.077,-9.879,-1.983,20.334,-2.885,-0.914,-49.966,-38.021
47.517,84.798,-40.648,-26.728,31.283,27.551,-30.607,12.384,-20.196,25.669,-29.237,-25.391
43.797,-95.343,-96.697,6.225,9.903,-109.889,4.345,-51.424,-8.154,32.336,-18.034,-12.41
47.394,35.234,-22.36,-88.309,5.19,13.349,-13.47,34.883,16.75,-27.536,18.875,-54.949
51.7,125.516,-45.532,42.297,51.9,-76.612,-26.358,-0.143,-27.19,2.789,-27.663,-7.469
49.63,84.303,-25.052,24.101,32.33,-7.678,-28.382,15.841,-25.317,-0.655,-52.997,-48.178
43.445,71.818,-67.911,-40.734,38.684,-19.656,-19.03,-52.16,-2.152,19.474,-20.794,-26.81
49.248,34.37,24.122,7.738,31.46,31.044,-0.563,1.346,10.222,-2.19,-25.939,-41.027
44.328,47.236,-45.64,47.918,6.088,-26.531,-44.086,40.313,-16.75,-4.064,-36.723,-44.267
41.353,47.765,-59.255,-11.722,1.925,34.734,-28.645,9.699,-6.312,-26.753,-20.056,-31.813
43.511,136.666,-73.266,-60.406,54.608,39.152,-3.69,33.014,-28.779,9.387,-55.415,-22.97
44.317,90.813,-63.592,-60.293,14.744,41.533,-14.19,-10.416,-30.074,16.275,-54.001,-27.322
48.528,37.909,-43.592,-32.421,-13.511,8.916,-0.876,-13.123,-22.815,16.879,-25.728,-61.002
48.486,24.13,-66.765,12.992,24.039,-37.421,-9.5,70.289,-18.374,5.223,-31.049,-33.123
45.525,69.503,-14.662,-83.699,12.262,26.012,-11.8,27.657,-28.455,24.675,-46.989,-35.618
51.549,101.098,-43.161,57.525,79.94,-61.903,-8.085,-14.618,-10.563,21.222,-39.098,-7.848
46.867,41.36,-13.64,-11.484,79.923,-39.23,35.338,-11.438,-15.947,8.155,-29.496,-33.555
44.544,44.668,-28.91,-24.522,90.607,-41.381,41.677,-26.734,32.677,-1.511,-17.572,-44.358
45.504,17.884,9.682,-20.18,35.47,-19.268,15.359,46.069,-2.273,12.81,-46.189,-48.122
38.307,-50.062,-93.958,-96.839,-20.69,-35.764,-3.053,12.634,14.939,-7.164,-5.987,-20.216
43.812,-7.451,-49.785,-84.101,15.806,-10.494,9.134,40.507,3.789,2.199,-42.132,-13.601
43.994,-35.057,-13.323,-26.164,18.982,0.67,1.342,8.743,-4.516,-2.963,-18.366,-15.782
46.551,-22.269,-19.032,-24.097,29.52,1.835,21.63,7.961,4.157,5.863,-34.2,7.138
46.507,-1.604,-19.944,-24.198,46.151,-69.762,26.291,-24.339,-1.256,36.082,-4.026,-8.945
50.843,112.006,-68.186,75.46,46.445,-59.309,-19.642,11.571,-20.038,12.209,-48.977,0.014
44.129,55.698,-62.743,-32.445,28.08,-11.338,4.067,7.199,-54.304,3.071,-32.283,-38.953
42.37,47.613,-77.55,-8.684,22.477,-57.892,-13.587,44.998,-33.034,11.63,-27.956,-26.59
42.927,1.785,-9.495,-39.511,10.007,-34.071,33.803,-10.607,-10.957,32.207,-4.267,13.411
43.511,31.238,-30.719,1.465,9.603,-46.379,20.978,-32.426,-8.564,-5.031,2.793,-5.508
43.067,55.127,-80.464,-21.309,109.191,-40.236,29.993,-14.01,-5.544,-11.432,-7.747,-29.121
46.049,4.383,-35.741,-62.557,65.403,24.332,16.909,47.333,-9.08,-0.277,-54.498,-40.703
45.754,57.484,-32.178,-106.701,69.362,-41.949,39.169,-26.046,-9.935,40.373,-6.283,-32.453
51.897,88.549,-38.486,57.218,69.171,-67.916,-7.069,-4.009,-4.717,21.556,-35.748,-18.042
47.603,21.469,-32.819,-32.282,37.905,-32.692,2.636,-0.745,-20.458,15.489,-34.164,-45.954
45.118,15.016,-48.579,-39.452,85.281,-34.937,58.039,-57.911,-4.821,21.287,-32.952,-17.923
46.117,-27.613,-73.743,-5.891,17.373,-31.821,25.914,-16.741,-8.597,0.476,15.287,0.993
44.212,-29.764,-57.863,-56.353,32.688,-47.668,41.116,40.048,-16.373,-5.762,-17.503,11.627
47.918,22.306,-7.863,-5.37,52.289,24.319,47.8,-14.504,12.388,2.889,-4.563,-1.444
46.632,-51.045,-73.217,2.318,17.26,-93.928,20.025,-43.718,-30.739,31.98,-12.86,-3.153
46.217,19.701,-19.856,-28.927,2.619,-21.676,34.122,-1.759,4.365,-45.128,-2.06,-29.494
48.653,90.12,-31.599,-24.163,22.409,25.609,3.081,32.674,0.697,-26.704,-62.953,-18.695
43.595,26.083,-68.413,-33.201,70.737,-52.405,27.851,11.23,-13.574,-0.781,-16.149,-13.251
41.702,-37.777,-11.257,-34.906,15.115,-29.078,35.67,8.269,-24.946,-1.847,7.098,-2.071
43.557,-21.768,21.021,-26.349,11.907,-46.317,51.301,21.227,-26.535,-6.255,1.047,-1.734
43.235,22.387,-27.39,22.374,8.645,-59.375,28.35,-20.592,-50.76,13.496,-26.473,-2.822
45.74,52.543,4.821,21.915,72.33,43.463,48.712,-11.807,-8.667,8.113,-30.607,-16.857
35.487,35.735,39.153,32.872,74.439,-25.039,29.155,-17.835,-14.966,-5.578,-36.329,4.106
42.951,114.845,10.613,-69.963,78.069,24.796,-22.063,-8.906,-20.812,-22.093,34.715,-4.196
48.231,56.596,60.605,-5.788,57.838,16.843,-31.704,-3.565,-62.818,-11.167,-31.264,-19.164
46.541,21.771,25.671,-8.511,56.774,-18.723,-68.834,-15.707,-36.794,-14.742,-1.471,-18.351
47.828,27.63,66.536,-45.568,28.462,-9.922,-26.731,6.141,-55.618,0.523,-0.008,-30.241
49.604,84.333,27.435,20.907,32.152,-29.308,-22.96,-33.512,-38.103,1.345,-28.258,-46.977
45.229,4.964,19.472,4.813,29.078,-29.38,-19.355,-1.347,-28.075,-20.673,-18.22,-21.04
45.501,72.928,-3.19,-22.585,51.791,-8.841,-19.249,-52.714,-42.469,40.057,-35.221,-4.125
47.1,46.287,-37.299,-103.011,75.853,2.273,12.874,-13.921,-12.805,12.661,-7.804,-13.168
46.88,11.072,-14.381,8.825,57.487,-37.386,10.902,10.691,-13.456,1.759,-30.841,-25.788
45.787,-46.215,-28.696,-84.431,14.46,-45.39,11.476,57.436,11.351,-43.797,-6.953,-21.63
51.231,91.281,-49.538,67.717,64.23,-57.589,-21.452,-11.909,-26.054,17.19,-40.859,-13.405
43.517,41.924,-68.337,-51.377,97.741,-39.517,-3.867,2.194,38.94,-1.433,-29.594,-12.203
44.852,-14.867,-4.923,-40.031,80.64,-41.975,23.38,-8.903,-1.222,30.924,-4.95,-15.452
44.188,-21.884,-23.271,41.97,63.707,-26.183,3.69,37.516,22.955,-1.672,-61.846,-1.953
46.646,65.452,-23.145,-73.476,116.202,2.169,32.233,-0.767,-21.483,23.205,12.154,-44.642
48.033,42.836,4.512,-10.421,89.832,-36.05,12.593,7.216,-11.871,4.319,-29.885,-31.167
46.337,-45.634,-77.43,-0.22,-0.861,-59.413,9.414,15.528,-6.196,-11.605,-15.794,-3.68
41.303,-20.813,-91.524,-4.665,-17.421,-9.134,15.139,-11.718,-6.938,-30.888,-19.979,-26.119
50.956,74.179,-69.845,70.966,48.263,-30.884,7.091,-23.456,2.393,17.477,-37.083,-23.812
42.837,-47.754,-57.751,-10.702,60.874,4.76,37.385,-4.695,21.27,11.602,-78.135,-2.622
47.16,11.072,-64.486,-63.594,51.681,42.95,21.865,22.859,16.778,-26.285,40.015,-32.575
44.321,13.131,-15.163,-18.792,43.762,-29.167,5.83,15.813,9.412,3.322,-21.14,-19.692
42.376,-74.72,-83.188,39.383,5.479,-15.645,10.643,7.709,0.957,-14.753,-14.83,-9.411
50.609,99.861,-49.446,77.729,45.535,-47.954,-22.727,-14.191,-29.4,9.236,-57.359,-8.552
39.946,40.439,-79.337,-90.062,67.437,-29.909,-15.729,19.248,34.916,-11.293,-13.042,-18.681
41.611,29.361,-55.252,30.084,11.167,-0.125,-12.703,-18.797,-4.424,3.016,-64.176,-1.044
41.361,35.042,11.603,-169.952,37.865,19.344,28.408,54.309,-4.866,-21.511,8.523,-21.057
49.12,24.992,-62.319,9.317,9.525,-16.837,-3.859,5.047,-12.742,11.35,-54.654,-6.409
45.588,-10.226,-67.264,18.754,0.505,-65.866,12.338,36.129,0.845,-32.81,-23.059,12.828
39.875,-6.392,-50.083,36.983,1.488,-36.361,35.075,-21.781,2.457,-16.055,-11.24,4.577
51.683,112.491,-29.23,51.341,52.847,-49.556,-15.584,-12.816,3.014,27.833,-10.889,-12.441
46.785,69.872,-39.967,12.591,54.748,-32.147,-14.971,-17.472,25.659,29.621,-34.047,-21.404
45.077,10.982,17.857,-44.744,59.239,-9.861,28.494,11.274,28.923,22.542,-33.21,-12.351
42.538,64.333,-150.062,-72.304,47.938,-73.125,-16.738,54.114,19.1,-1.659,-17.861,-4.978
47.435,41.928,-121.376,-96.929,87.054,-2.994,31.49,12.028,-31.613,38.787,-2.862,-2.78
50.718,126.931,-40.232,-81.287,-25.782,-20.52,-47.698,14.046,8.704,-4.709,-2.079,-35.806
49.995,119.109,-62.974,23.84,-10.02,-7.308,-54.395,-35.881,-1.698,-9.352,-40.851,-33.28
45.333,-21.895,-61.581,2.833,-24.247,-22.681,-22.655,26.115,22.487,-19.64,-20.416,-18.197
50.032,110.502,-72.586,77.958,23.609,-54.609,-31.863,-9.306,-7.388,4.317,-44.385,-0.788
41.92,-6.331,-38.718,21.496,28.925,25.389,31.956,12.982,19.873,3.476,-79.732,26.704
47.107,96.086,-18.972,-106.405,66.562,12.491,8.561,0.507,-3.989,25.779,22.817,-45.304
49.581,80.296,-17.532,26.602,16.598,-17.829,-53.046,-41.611,17.394,13.005,-51.661,-38.939
46.117,-16.637,-53.55,25.315,-3.686,-18.849,-13.198,26.757,14.714,2.895,6.704,-34.421
49.767,85.093,-56.145,38.183,62.03,44.787,10.861,-7.897,14.086,-1.493,30.281,-27.456
47.765,-7.33,-74.113,23.919,56.397,-27.148,24.169,15.034,-8.801,32.689,-37.339,-18.154
43.827,-21.318,-35.886,-46.064,58.991,13.536,33.84,27.746,12.014,14.494,-66.105,-25.744
42.21,-79.164,-130.668,37.345,4.573,-37.616,-14.579,-4.495,29.038,-44.231,-31.697,-1.129
46.778,-1.121,-78.735,-123.104,41.53,45.854,31.346,46.576,7.228,-33.324,42.257,-38.543
50.552,101.763,-28.407,-13.218,-6.962,-26.467,-33.375,-7.076,15.782,7.369,-24.92,-48.704
47.383,26.002,-5.995,33.632,30.75,-20.931,26.478,12.4,-0.481,11.712,-10.307,-37.288
43.994,-55.413,-62.386,25.286,-18.498,-29.205,-8.214,10.825,-5.327,23.101,-10.779,-31.117
46.771,84.554,-70.837,-0.765,34.37,65.239,11.927,29.238,-12.338,-26.8,-38.656,-23.762
43.689,97.597,-65.796,-69.034,60.184,-28.68,40.237,-70.346,-6.217,13.054,-24.925,-4.239
46.523,6.313,-26.017,-44.452,88.153,-49.21,18.928,16.396,0.457,5.872,-9.668,-7.751
45.598,21.958,-47.318,-31.716,28.45,-21.921,-29.846,-3.664,19.15,13.017,-22.263,19.706
46.429,104.364,-35.269,-102.522,41.039,-19.581,5.796,10.973,-32.727,-8.228,17.887,-21.67
48.596,65.14,-79.1,-10.436,-47.658,-42.08,-42.966,-11.01,-1.138,11.517,-11.302,-27.007
47.959,20.702,-52.014,-21.255,-20.217,-63.508,-12.803,40.939,-13.806,-16.844,-3.88,-10.666
45.463,28.043,-27.707,13.361,3.365,-12.239,-2.291,-5.527,-5.29,5.354,-64.066,-40.399
45.972,57.665,-20.369,-99.902,34.24,75.319,17.21,35.575,16.085,-31.698,-38.681,-19.936
45.771,-32.174,-96.484,1.948,53.437,-79.025,17.663,5.662,10.942,-8.08,-28.848,-25.897
47.126,-33.845,-14.75,-42.025,42.218,-47.988,54.224,13.377,19.132,8.518,0.396,-10.531
50.634,-19.766,16.3,-39.889,14.98,-18.909,37.311,19.78,30.715,17.152,-20.235,8.557
48.753,-19.42,-41.041,-29.052,-25.577,-40.314,-4.365,-11.127,8.53,15.383,-5.954,-20.525
51.963,38.195,-47.889,28.951,44.374,-2.87,-1.95,5.282,8.984,-10.382,-64.409,-30.553
46.517,38.639,-11.79,-0.264,67.668,-15.097,38.723,-20.178,12.391,27.423,-14.785,-19.254
47.893,25.546,-70.292,-36.826,46.001,-56.687,9.383,17.456,-10.773,3.241,13.09,-25.478
51.941,101.18,-34.908,61.717,57.239,-52.298,-9.561,-15.067,-22.238,17.156,-38.647,-8.357
43.898,29.396,-66.693,-9.84,94.402,-39.554,11.44,-24.108,14.371,16.646,-43.945,-6.103
46.375,11.786,-3.446,-31.62,58.358,34.853,5.359,39.157,30.371,-2.82,-41.807,1.367
46.602,55.08,-36.877,-26.246,109.052,56.832,18.101,-0.926,-4.9,15.95,-50.031,-21.31
47.824,-33.495,-65.428,-25.507,25.342,-50.634,25.751,-2.058,7.865,8.445,-29.575,1.668
44.48,40.027,-107.091,51.154,-29.771,-22.386,-20.95,-24.153,-4.95,-2.607,-33.873,-28.314
43.922,9.322,-23.846,-123.751,7.18,-7.313,31.097,14.261,-9.001,-6.163,-29.722,-11.96
49.324,28.963,39.2,-100.943,34.727,-16.32,29.35,19.871,31.63,19.922,-13.028,-26.229
50.637,32.411,-27.576,88.203,13.247,-21.258,4.043,-10.818,14.344,3.254,-78.681,12.23
51.814,57.14,-38.709,-50.301,27.473,-14.202,-10.866,-10.332,21.02,-17.143,-0.734,-39.52
48.723,85.585,-5.134,-61.272,27.57,-35.784,-31.219,18.328,5.086,9.246,-5.487,-51.844
50.762,98.545,17.106,-15.955,33.04,-29.774,0.472,-9.99,-9.92,30.404,-31.336,-30.314
48.882,74.936,-33.602,23.138,8.059,-13.828,-14.459,-10.371,-17.991,-2.252,-54.56,-10.722
51.592,106.918,-32.567,69.224,38.711,-13.984,-11.868,-23.572,-19.202,12.393,-28.935,-7.976
44.28,58.249,-27.344,-39.594,-1.888,8.49,-32.471,-32.522,0.813,-5.271,-56.135,-13.148
39.52,8.044,-65.454,19.282,15.763,-64.42,-7.266,-56.097,-34.458,43.524,-18.442,-8.697
43.058,120.896,-62.175,-115.794,43.342,11.021,-3.363,-22.199,-40.483,-17.975,13.463,-46.254
47.541,40.907,-59.422,-46.742,39.352,-23.066,-10.581,-1.646,-16.761,21.058,-34.728,-21.219
46.75,14.39,-75.048,9.653,26.047,-11.945,30.988,-5.019,-2.199,-9.778,-31.055,1.962
44.993,42.184,-37.204,39.861,23.222,-43.171,28.837,-17.787,-19.563,11.271,-13.972,-9.305
52.463,114.655,-20.779,33.607,54.501,-36.77,-7.937,-9.884,-0.766,22.891,5.807,-14.192
49.746,70.774,9.376,-1.895,38.502,-36.495,-5.609,-12.059,5.382,29.399,-19.74,-14.639
47.989,54.26,9.672,1.547,48.095,-34.71,25.312,-38.891,12.845,6.394,-2.933,-10.967
48.203,70.032,-29.379,-25.044,18.176,-37.949,10.987,49.298,-7.049,-15.426,-12.31,0.111
50.954,82.781,-48.783,-87.721,9.267,-20.442,0.999,12.455,-12.294,31.585,-0.878,-11.006
53.276,176.167,-36.756,-60.366,-35.879,-19.143,-71.722,-10.991,-9.923,-6.554,-5.9,-35.576
53.193,144.567,-50.107,25.878,-15.754,-3.038,-78.759,-34.936,-7.94,0.433,-62.328,-30.491
46.31,16.743,18.676,-33.874,-1.135,-17.569,19.256,31.911,-4.213,3.445,-8.871,-10.458
48.965,27.926,-61.65,8.739,-6.377,-49.798,-15.411,7.343,-11.099,-1.428,-13.209,-15.629
50.998,97.335,-48.386,64.408,26.079,-53.191,-13.701,-13.642,-21.522,5.882,-42.925,7.802
41.118,-10.912,-39.204,-15.561,9.199,20.76,11.596,14.983,-4.747,3.176,-47.881,-6.613
48.511,96.028,-8.915,-61.207,61.939,-16.012,13.887,15.015,-13.729,17.347,0.392,-24.258
48.428,85.209,-26.452,12.068,16.409,-37.472,-58.142,-28.178,18.18,30.665,-34.146,-34.316
47.805,-27.574,-47.702,-9.531,26.362,-72.02,28.179,-8.101,-21.307,8.281,-18.545,-3.475
45.459,64.518,-53.29,-30.161,39.958,-75.227,9.574,3.732,-19.782,7.719,-14.553,-37.365
52.305,90.962,-34.829,47.99,51.837,-68.532,-7.198,-20.659,-11.637,17.478,-20.318,-7.063
47.622,-8.965,-60.235,25.513,59.061,-22.383,30.865,14.704,-18.366,17.311,-36.44,-19.28
48.031,-6.59,-53.803,48.067,9.335,-31.2,8.174,-21.222,22.216,-13.208,-45.037,-28.494
45.399,-42.153,-107.79,39.995,14.162,-35.059,19.854,-32.993,-16.6,-9.559,-25.598,8.98
47.246,8.809,-32.129,-136.702,26.121,46.616,28.501,59.123,34.134,-49.543,18.547,-21.737
49.79,101.483,-40.79,-18.474,-0.494,-4.962,-51.739,-19.827,30.824,23.352,-47.031,-30.701
46.025,4.025,-7.04,-1.22,40.804,-29.851,48.639,-25.718,-28.339,37.527,-27.631,-19.283
44.801,2.781,13.331,-4.927,8.447,-29.574,25.035,12.013,27.14,-4.12,-10.548,-14.217
47.484,34.243,-92.996,-10.326,24.145,-70.92,-16.686,8.126,9.203,18.825,-7.159,-17.511
44.224,54.808,-36.437,-82.055,18.976,12.702,18.948,48.295,-7.902,-20.1,-38.293,-10.733
47.613,18.673,-15.67,-68.031,80.483,-16.802,20.595,18.985,-11.901,-2.631,-2.057,-14.207
47.717,45.342,-31.399,-17.474,19.372,-15.638,-28.997,-4.331,21.909,-11.908,-29.186,22.231
47.123,66.02,-45.366,-34.251,91.21,-70.838,44.588,10.115,-55.348,-15.083,-2.11,11.163
49.121,125.314,-18.268,-47.822,2.153,-31.741,-37.999,12.609,1.149,-12.073,12.799,-7.521
49.005,62.052,-80.104,-14.598,-33.242,-39.774,-46.953,-9.407,24.925,25.373,-28.642,-8.605
48.138,16.989,-62.3,-49.785,7.719,0.03,22.929,-18.847,-20.023,18.174,-33.195,-0.811
47.195,53.658,-35.335,-19.037,16.091,-21.501,6.847,19.728,-5.189,9.082,-18.007,5.375
48.979,76.815,-35.623,-43.172,50.367,27.797,-2.691,10.399,3.249,-17.041,-52.485,-12.909
46.722,-12.121,-95.672,-13.619,76.573,-85.668,28.156,8.67,-7.158,14.11,-7.042,-21.901
43.437,-52.474,-62.881,-4.809,43.608,-93.743,62.613,-22.061,-45.331,23.458,-12.823,-19.542
42.571,-143.417,-39.167,-8.542,-2.675,-32.392,41.405,15.772,-14.057,8.264,-12.853,-17.034
42.725,-102.129,-123.382,40.146,44.56,-60.667,44.819,-49.678,-26.808,3.461,9.628,-13.884
46.305,3.115,-102.891,-38.208,84.822,-17.391,28.265,19.15,-4.035,-18.116,26.495,-36.215
50.872,48.809,67.968,-34.537,29.009,40.65,44.833,27.312,0.71,-16.847,-27.112,-16.115
49.81,90.698,-4.134,-41.454,-15.021,-18.544,-16.231,6.303,-28.138,5.519,-9.39,-35.017
52.096,110.63,-32.258,41.723,55.131,-7.169,-2.056,-13.095,-23.366,15.56,-12.063,-18.733
48.492,47.116,-4.876,20.725,40.048,-37.617,-7.273,26.51,-16.324,14.088,-19.957,-48.195
46.029,88.228,-49.978,-18.687,75.119,-53.531,3.752,-17.304,2.807,30.444,-14.663,-19.354
47.456,93.299,8.638,-76.934,27.138,-14.938,-2.674,-31.738,-24.989,15.861,-15.597,-35.862
48.851,88.438,-1.317,-42.556,67.869,-17.37,-2.02,-11.115,-16.819,15.236,-8.015,-49.263
50.908,85.044,35.744,-15.022,53.872,-31.024,5.179,-7.688,-19.056,-0.376,-17.973,-40.822
52.035,23.79,1.215,-33.242,18.301,-30.461,22.63,-13.075,-21.659,38.51,-9.426,-3.423
52.615,61.362,4.561,26.25,-4.21,-40.406,41.86,-0.315,-19.071,-12.891,-17.299,-2.853
50.859,57.561,26.116,-45.598,1.569,-39.608,60.712,17.879,5.167,2.535,-1.22,-1.312
53.483,81.555,-26.166,46.629,39.945,-63.054,14.853,-10.947,-10.325,17.022,-36.442,-16.399
48.319,51.975,-36.934,-12.698,27.16,-33.055,10.981,-8.577,25.57,-4.481,-24.49,-40.801
48.665,21.28,-24.111,14.361,50.869,-48.079,30.065,-4.188,12.151,18.493,-34.529,-26.801
46.619,24.528,-9.949,-39.678,40.981,-52.654,31.211,57.765,11.574,18.109,-10.165,-16.831
47.046,68.885,-58.624,-56.423,-9.436,-38.137,-6.796,9.695,-5.179,27.739,-17.106,-43.893
51.202,51.308,-46.797,-61.894,43.31,-34.899,10.199,8.315,-10.562,18.222,1.802,-38.709
51.707,51.095,20.656,14.279,54.243,-33.334,14.827,6.07,16.67,-5.517,-22.768,-21.533
51.966,75.375,69.103,-50.669,34.635,-2.394,36.357,26.778,10.229,-8.215,-27.975,-0.06
50.43,20.78,2.427,-1.602,19.514,-36.835,22.826,-3.399,-9.884,6.133,-24.271,3.331
50.785,65.397,38.053,-37.361,-7.866,-21.816,21.378,32.838,2.075,-11.457,-3.062,-27.162
52.676,131.893,19.327,-6.138,11.962,-0.891,-6.61,18.006,4.052,-7.379,-54.537,-18.418
48.896,73.296,1.084,10.804,30.772,-31.12,6.817,7.28,-17.898,-4.909,-40.312,-27.495
47.529,70.206,-3.068,2.544,26.293,-47.611,6.062,1.922,4.538,2.416,-13.799,-18.974
46.824,84.133,-6.5,-41.755,3.048,-6.623,-28.54,35.28,-1.321,-14.098,-12.362,-22.395
49.25,90.061,24.155,-26.315,2.978,-15.155,-22.681,17.49,-12.2,6.975,-5.778,-26.421
50.622,68.089,22.312,-20.525,30.966,-32.514,25.849,-15.292,-15.593,28.741,-29.542,-20.53
51.633,45.423,23.434,-28.538,-15.594,-21.115,13.527,35.302,-3.452,-3.224,-28.891,-10.461
50.765,105.123,53.075,-50.342,-15.083,-29.082,1.626,17.008,-10.949,4.07,3.371,-33.628
53.595,111.677,10.261,38.571,38.812,-56.839,-11.579,-21.249,-6.686,8.424,-28.975,-22.135
48.883,58.947,10.506,5.752,51.677,-76.773,10.592,-0.806,13.163,26.31,-26.21,-40.058
48.273,59.04,-2.879,-7.753,28.518,-28.154,7.474,44.455,9.478,0.378,1.927,-31.638
50.603,66.755,-60.744,-64.233,25.137,-24.231,12.15,-4.734,-10.748,29.293,10.361,-18.354
51.482,57.879,6.48,6.37,35.194,-34.532,27.041,-0.98,3.017,16.346,-29.145,-23.763
51.894,56.01,51.298,-24.938,23.29,9.438,35.668,15.673,-2.776,-9.872,-34.332,-1.498
50.925,63.86,-23.168,-31.45,-28.857,-65.229,-14.937,39.089,-22.657,-6.953,2.434,-27.609
51.455,123.831,-41.944,55.119,30.51,-61.851,1.622,2.384,-27.826,4.377,-28.533,-7.858
47.595,68.002,-18.866,29.38,4.085,-42.998,0.496,39.399,-25.412,5.187,-20.573,-41.317
46.299,113.575,-46.079,-45.827,34.771,4.945,19.81,-9.179,-24.61,15.366,-47.028,-14.135
49.031,55.35,14.985,-26.178,25.66,-12.355,5.092,19.75,-13.617,19.486,-18.863,-25.77
49.511,91.159,5.702,-46.551,60.758,-21.958,8.751,-12.873,-25.809,28.589,-12.691,-46.179
51.246,85.387,32.749,-20.331,51.438,-38.016,1.542,-9.11,-17.481,7.091,-20.522,-42.906
52.294,38.65,10.299,-33.785,7.59,-26.052,16.96,-19.873,-23.754,20.988,-14.598,-5.452
52.889,56.042,15.011,18.14,6.113,-32.641,29.478,-2.189,-12.881,-15.361,-11.559,-14.724
51.39,55.046,41.0,-28.768,18.759,-40.017,30.805,15.885,1.313,5.166,-3.421,-8.779
53.544,101.766,-6.954,47.685,42.183,-58.791,1.997,-7.89,-11.247,12.448,-28.502,-13.637
49.535,32.684,-31.523,-14.002,39.951,-24.516,12.972,2.051,8.604,18.724,-19.302,-27.394
46.94,18.33,-20.749,-46.23,43.052,-25.652,15.178,57.372,2.272,29.12,-14.941,-28.23
48.629,40.624,-79.847,-42.613,-17.332,-61.299,-17.104,28.068,-6.98,-12.748,3.371,-16.329
51.102,58.256,-62.446,-55.445,37.758,-30.448,9.467,4.667,-16.57,21.477,8.848,-35.141
51.72,48.97,16.021,9.963,44.569,-35.09,25.259,8.338,22.188,-1.165,-23.149,-27.943
52.793,65.86,64.948,-46.545,28.503,-2.053,37.994,34.653,17.623,-15.736,-25.008,-12.416
50.134,24.681,5.378,-1.036,8.592,-33.823,35.823,3.767,-10.629,4.111,-23.431,1.451
51.573,109.008,25.57,-31.012,-6.642,-9.386,16.019,40.202,5.187,-13.257,-27.737,-16.892
48.765,79.24,-8.263,3.566,18.649,-31.322,20.501,13.59,-14.687,0.231,-42.802,-28.874
46.63,84.509,-25.356,-7.473,8.546,-28.192,16.183,-5.74,-8.471,5.008,-13.316,-12.252
46.1,66.643,6.124,-41.684,11.207,-42.155,26.399,55.125,18.141,5.734,-2.071,-15.459
49.568,48.435,27.66,-28.05,35.37,-24.054,16.952,22.794,-23.71,17.251,-15.114,-14.207
50.385,95.947,-1.038,-57.387,40.567,-26.392,24.776,-43.684,-19.907,33.838,-13.608,-16.665
52.281,30.798,7.949,-22.41,-12.399,-12.43,9.001,45.888,-14.997,-5.084,-30.324,-16.9
50.139,98.97,44.476,-51.56,-32.795,-14.194,20.399,28.969,-8.918,6.263,1.381,-29.77
53.282,108.109,-5.516,43.873,33.324,-52.791,-7.779,-19.512,-2.786,6.182,-24.408,-26.818
48.351,-11.257,-68.982,-4.694,27.128,-70.513,8.369,12.273,-10.842,17.802,-17.54,-26.946
47.946,27.805,-42.051,-28.254,21.184,-33.967,21.088,-1.372,20.935,2.234,-19.039,-30.203
48.635,5.411,-22.422,-62.15,21.395,-37.223,23.369,42.356,12.53,11.309,-13.304,-17.403
49.209,42.664,-75.198,-46.308,-11.636,-58.119,-18.018,21.918,-4.013,-18.394,-12.315,-34.503
51.632,45.126,-61.399,-60.704,40.669,-49.267,-1.761,-5.32,6.302,4.023,-10.993,-31.137
51.536,54.728,13.393,10.235,49.614,-36.438,18.418,-3.065,5.249,14.23,-30.019,-28.78
52.063,67.303,52.755,-10.333,39.835,16.74,39.329,11.86,3.2,-19.789,-27.201,-14.524
51.335,74.96,-20.838,-29.083,-21.711,-69.969,-11.783,32.742,-21.349,1.412,-3.226,-39.938
52.476,108.534,-32.499,52.517,64.754,-60.332,-11.278,-5.128,-22.463,10.637,-33.953,-9.665
49.309,43.053,10.792,14.819,39.101,-24.816,-0.206,22.461,-17.65,5.158,-34.257,-40.53
46.372,59.479,-28.323,-26.563,65.111,-42.594,-5.92,35.798,11.322,14.216,-9.493,-32.538
44.369,82.581,-46.396,-58.941,55.676,-43.583,-5.745,4.777,-2.556,-8.769,-0.286,-42.581
45.747,95.099,-17.139,-40.528,3.917,-38.805,-26.231,-6.186,-20.755,13.224,-13.338,-26.778
47.671,100.5,-2.053,-70.277,50.158,-10.394,-7.834,-22.448,-15.606,10.614,-12.375,-56.258
50.173,92.412,39.944,-14.767,50.777,-32.943,16.013,-8.507,-18.056,11.558,-27.554,-42.895
50.369,39.202,12.548,-54.949,44.655,-29.097,40.13,-21.529,-16.957,-1.345,-22.969,-1.367
52.423,54.355,-0.14,18.194,12.9,-29.885,45.356,23.63,-20.41,-9.376,-24.425,-8.439
49.767,54.671,8.761,-42.704,18.504,-34.073,64.019,17.441,22.281,15.386,-2.994,10.798
52.0,72.732,4.0,-0.328,29.81,-25.357,50.444,30.964,-19.171,-4.395,-53.494,-6.513
48.724,58.591,-32.48,-22.2,49.59,-39.766,31.165,-5.052,19.558,-3.609,-22.182,-39.361
48.182,21.947,-21.303,18.495,39.857,-49.552,30.224,-8.288,14.248,15.683,-21.573,-29.537
46.332,48.942,-27.471,-47.24,48.831,-49.14,20.897,42.247,24.666,-3.409,-12.303,-51.786
47.497,65.205,-53.689,-55.136,-14.083,-37.603,-4.09,16.007,-4.092,17.536,-10.64,-43.164
51.301,45.339,-50.683,-60.803,49.253,-52.168,4.23,7.623,0.498,10.516,-1.895,-40.452
51.661,49.522,23.472,17.604,52.53,-31.777,18.018,6.705,20.192,-3.315,-23.872,-21.405
51.9,82.861,59.173,-51.14,44.417,-1.603,43.387,12.363,11.217,-20.884,-23.05,-7.884
50.598,27.731,-10.775,-3.967,26.756,-35.821,24.484,-1.963,-12.55,6.238,-30.134,8.147
50.519,57.07,36.184,-48.366,-9.064,-22.27,23.357,28.639,-10.871,-4.833,-6.333,-16.347
52.9,138.399,20.787,-5.167,10.746,0.072,-2.459,12.354,1.739,-9.351,-51.676,-14.799
49.328,80.829,-1.085,7.874,39.546,-19.175,11.44,1.855,-19.711,5.313,-31.871,-31.912
46.616,73.225,-16.23,0.528,24.195,-23.656,6.074,-8.968,-8.5,-1.094,-17.839,-8.665
45.281,93.184,-16.869,-38.325,-11.492,-21.471,-27.338,11.953,-9.07,-3.751,-5.752,-31.625
46.579,130.029,-27.122,-46.315,1.636,-24.241,-27.177,3.803,-34.504,-2.942,-10.284,-37.513
46.676,120.511,-15.675,-19.92,-25.556,-20.981,-36.764,-6.305,-45.557,12.485,-22.553,-28.017
47.154,146.361,-38.42,-64.839,55.783,-27.861,-5.773,-29.103,-11.81,9.704,-9.494,-19.92
49.747,82.365,21.826,-34.814,36.361,-32.998,29.422,-20.151,-0.402,6.331,-26.758,-34.208
50.544,55.906,12.985,-49.197,-9.108,-15.812,27.654,32.614,-3.87,2.019,-32.226,-4.341
49.42,115.424,55.067,-57.598,-23.074,-20.486,20.491,43.454,-3.89,7.955,0.636,-31.858
52.58,109.479,-3.725,55.595,45.851,-64.934,-8.243,-29.128,-2.893,16.859,-27.243,-19.164
46.778,90.416,-24.815,-33.475,70.041,-35.56,18.161,0.39,20.65,-3.096,-2.627,-48.785
47.494,106.716,-73.109,-54.255,-20.622,-37.925,-13.036,0.579,-27.374,18.382,-20.149,-31.592
50.211,60.796,-65.004,-75.575,31.153,-24.521,10.037,-5.317,-6.916,28.167,1.232,-20.862
51.509,65.509,3.375,1.712,35.265,-30.373,29.952,-3.5,5.253,14.607,-24.225,-27.123
51.006,42.67,66.955,-59.236,23.812,-12.573,43.769,15.747,0.892,-0.175,-22.121,-7.495
51.018,87.463,-6.488,-28.972,-8.729,-27.814,2.299,8.523,-23.96,-3.308,-10.967,-20.23
51.973,127.5,-33.351,54.606,34.153,-63.018,19.353,-0.866,-24.36,4.128,-24.709,0.474
47.437,67.631,-22.4,25.149,19.256,-28.577,13.523,47.666,-24.853,18.468,-18.645,-32.165
43.954,119.461,-39.477,-74.965,-2.888,-33.313,5.388,-4.494,-30.544,-3.799,-9.395,-26.283
49.207,86.66,4.445,-34.674,51.336,-26.935,28.248,-3.183,-24.713,1.255,-6.24,-24.358
50.478,81.236,31.548,-10.906,46.835,-32.745,13.119,-1.242,-22.665,10.9,-31.473,-37.59
51.46,27.726,-13.564,-35.14,33.438,-21.611,40.053,-16.988,-40.144,16.971,-14.164,4.379
52.486,46.672,1.382,15.875,24.19,-29.752,38.768,31.6,-14.635,-15.912,-15.218,-16.191
50.04,70.821,16.149,-23.729,31.452,-44.69,49.389,8.531,4.61,-0.6,3.005,4.031
51.424,81.387,14.165,8.696,36.63,-26.945,42.115,14.133,-34.13,1.357,-48.309,-12.696
49.083,33.126,-28.395,-4.405,37.039,-15.499,27.512,-6.714,-2.045,25.109,-25.485,-18.839
48.091,26.125,-54.998,-37.141,37.895,-88.46,13.016,43.151,-16.37,6.905,4.406,-21.947
49.798,41.756,-63.993,-32.752,-7.387,-62.706,-8.03,17.427,-13.742,-0.564,-7.078,-15.414
51.423,57.906,-53.656,-48.732,39.216,-28.358,18.01,10.542,-19.14,15.323,1.299,-26.838
51.833,48.974,17.862,16.831,46.626,-33.44,31.409,4.414,26.616,-4.869,-23.943,-26.041
52.383,75.929,47.263,-43.671,35.332,0.943,44.216,13.281,9.024,-21.956,-21.323,-0.409
50.285,20.704,-7.533,1.07,17.923,-41.522,32.703,1.922,-1.873,4.466,-28.354,-2.081
50.8,85.05,27.742,-28.961,-5.59,-18.454,42.018,16.276,-0.987,-11.501,5.962,-30.137
52.888,131.514,29.781,-16.426,0.036,-12.217,15.165,31.383,7.361,-2.456,-45.949,-24.497
48.682,73.66,-5.418,-5.412,23.404,-17.146,28.985,14.608,-18.961,6.433,-25.54,-24.638
46.569,81.843,-22.433,6.742,-0.589,-41.878,15.107,-4.716,-5.251,-6.831,-16.602,-9.432
44.959,107.641,-29.661,-35.861,-38.971,-33.724,-15.597,7.824,-17.326,-14.621,2.463,-22.267
46.215,122.323,-21.753,-47.905,-23.387,-31.5,-11.475,-9.453,-30.767,-2.474,-6.878,-32.338
48.33,108.394,13.283,-53.633,40.45,-19.181,33.317,10.121,-7.577,-6.577,-11.717,-13.5
51.031,39.637,16.065,-9.627,36.157,-37.781,31.21,4.789,8.15,7.616,-26.532,-12.984
52.658,47.072,2.444,-4.089,-10.865,0.351,17.716,38.764,-20.868,-8.361,-24.366,-11.996
49.912,91.973,27.397,-48.193,-3.53,-6.666,18.943,21.194,-9.33,-1.007,-26.478,-25.188
49.799,18.334,-45.727,-21.814,32.82,-69.885,17.267,6.003,-4.106,7.11,-5.091,-23.682
48.114,42.325,-37.318,-51.423,25.17,-55.42,33.119,10.847,-8.487,19.182,-10.162,-20.222
48.864,39.178,-67.039,-45.446,0.792,-70.435,10.3,13.612,-15.808,-20.447,-1.671,-20.017
49.66,46.49,-66.573,-43.991,-0.963,-58.353,-0.619,10.593,-10.619,-4.96,-13.822,-20.347
49.719,42.763,-41.232,-48.191,44.773,-19.183,16.625,-6.119,-2.747,11.244,-7.729,-26.509
45.811,-12.467,6.709,55.15,8.751,-27.752,17.564,-2.42,-20.953,-6.465,-60.636,-3.924
42.317,31.507,-58.797,-18.301,65.378,69.506,18.556,29.319,17.813,-51.147,-59.81,-14.783
39.345,30.83,-51.552,-34.566,63.131,-39.239,7.407,46.034,-0.089,22.416,-3.067,-12.883
41.147,106.442,-29.449,-54.32,-7.118,-19.291,-31.577,1.649,-31.708,14.083,-16.9,-45.331
46.257,98.004,4.835,-38.134,67.035,-31.155,-2.229,-8.874,-26.564,24.437,-6.234,-56.662
47.743,82.0,40.545,29.91,60.17,-33.011,25.346,-7.047,12.603,1.579,-26.488,-28.69
47.598,3.944,-23.241,-6.004,8.359,-65.976,35.554,4.263,-28.177,10.011,-10.987,1.192
42.375,14.971,-60.691,68.159,-11.288,-53.757,37.207,-6.395,-20.629,-23.223,-53.749,-1.281
45.511,57.58,-88.549,82.18,67.512,-16.436,25.021,-28.992,4.188,10.692,-6.532,-25.076
39.85,-4.176,-54.594,-26.159,100.972,-28.492,61.323,35.984,16.37,7.217,-22.135,-18.74
41.691,68.871,-76.278,-43.557,12.572,-29.389,4.71,14.072,-0.91,22.98,7.446,-40.87
45.891,48.817,-53.194,-53.265,42.292,-64.531,5.744,2.87,-2.197,-4.929,-5.19,-35.914
44.79,29.399,3.732,47.322,48.392,-28.44,10.99,-2.464,18.344,-2.989,-42.109,-7.558
37.141,29.814,-53.046,-32.222,54.658,59.031,10.912,53.632,13.512,-63.453,-64.919,-5.875
32.177,24.021,-75.046,-90.381,83.907,-33.862,20.82,33.424,-27.366,-3.072,-19.204,-15.834
35.965,104.228,-27.121,-70.469,-2.629,-10.75,-23.809,1.27,-25.615,5.321,-4.5,-44.284
40.379,111.55,11.548,-49.301,52.774,-39.235,29.606,-9.935,-13.384,-4.334,2.095,-33.884
42.915,48.943,23.71,1.402,40.693,-40.869,40.801,4.75,18.531,6.715,-25.216,-13.828
39.717,10.242,-42.978,55.387,9.584,-26.359,29.652,32.676,-4.115,-6.884,-46.532,12.366
37.909,64.688,-35.206,-19.779,70.277,98.879,39.209,27.909,15.46,-49.101,-26.732,-21.85
35.417,38.021,-69.81,52.038,102.081,-34.327,29.776,-20.102,7.688,26.703,-40.934,-33.766
33.321,45.66,-51.072,-48.505,123.466,-22.283,61.948,61.943,9.023,5.071,-21.585,-19.846
36.648,107.521,-78.924,-75.731,0.567,-18.546,-3.07,1.26,-20.385,12.027,3.718,-41.546
40.904,44.599,-50.414,-65.285,31.512,-47.908,8.763,1.15,-3.891,-4.735,-2.11,-27.464
41.176,50.882,4.62,11.319,38.296,-43.381,26.527,3.582,4.447,10.609,-28.801,-22.325
38.588,32.177,32.041,6.201,23.491,-47.159,36.879,-4.477,-31.315,20.741,-30.592,-8.82
33.961,-31.739,-90.597,19.857,19.13,-84.65,6.924,-16.208,-19.126,9.262,-9.324,-9.034
37.65,104.474,-93.875,108.076,45.321,-67.582,-5.362,-9.529,-31.381,-1.683,-35.663,0.397
28.906,14.944,-51.238,-82.161,76.164,-46.073,57.853,37.156,-14.104,3.68,-19.588,7.034
32.762,91.818,-20.604,-39.516,-6.645,-31.02,-5.415,11.641,-17.852,5.613,-11.451,-30.021
36.473,109.454,-5.0,-42.736,54.57,-38.244,9.927,-10.826,-29.975,29.513,-8.754,-47.924
38.237,73.084,39.482,27.64,57.266,-36.795,30.268,-3.307,13.874,1.28,-29.336,-31.756
35.739,5.026,-52.794,55.146,27.557,-46.846,24.378,-6.917,-20.232,3.426,-37.571,-8.865
37.197,94.56,-56.585,71.157,73.4,-56.934,5.833,-7.663,-9.884,20.998,-41.318,-13.942
30.0,-8.048,-96.172,-16.126,93.691,-36.221,45.38,6.107,-18.223,13.182,-47.358,-25.322
28.784,2.885,-78.352,-71.83,109.287,-23.595,50.78,45.371,5.336,18.38,-33.614,-15.596
33.842,44.901,-91.651,-33.96,-3.397,-54.952,-22.294,27.91,-10.012,4.865,12.622,-22.525
36.321,43.804,-53.694,-54.116,42.194,-49.491,11.566,9.666,-11.568,3.387,8.601,-33.43
36.756,47.095,18.165,9.813,48.397,-34.005,24.65,7.796,22.715,-4.041,-23.308,-29.986
34.539,59.843,15.842,3.179,32.233,-43.201,51.305,-19.747,-8.483,-14.647,-2.063,-11.255
31.743,-17.737,-1.769,54.9,11.827,-23.085,36.485,-3.017,-12.583,-23.497,-66.601,-20.306
33.112,106.306,-84.035,102.809,36.456,-63.647,-12.605,1.751,-28.997,-0.401,-44.654,-3.266
23.935,21.867,-63.905,-83.306,69.53,-36.364,44.579,28.159,-19.31,11.47,-22.712,-17.519
26.054,105.962,-41.451,-80.498,3.325,-27.868,2.121,-0.526,-19.451,14.318,-7.618,-27.876
30.177,114.247,-1.492,-69.508,48.012,-24.932,32.394,-20.463,-19.322,7.029,1.969,-34.45
33.74,36.211,20.779,-9.609,45.958,-39.353,39.608,4.225,12.229,6.779,-30.289,-16.934
31.484,19.722,-55.23,44.736,19.142,-24.705,25.71,20.88,-15.346,-12.774,-44.08,1.69
26.935,40.004,-23.998,-85.441,56.09,57.714,40.529,43.454,12.77,-40.668,-60.641,-11.993
26.184,-49.291,-116.07,-6.068,107.82,-71.118,43.738,11.335,-18.395,25.154,-5.338,-29.838
25.549,-47.766,-41.393,-74.995,79.853,-42.946,70.177,31.41,2.449,10.456,-16.204,-10.7
26.725,-0.991,-128.346,-43.559,74.148,-101.334,18.052,24.54,4.429,-11.302,-13.761,-1.258
29.239,44.207,-88.403,-78.587,36.482,-10.669,16.524,23.306,-5.158,5.0,-3.153,-27.138
31.454,36.496,-40.288,-47.377,51.447,-45.748,11.115,-4.65,3.025,-8.477,-19.61,-25.585
29.142,38.503,31.682,11.633,36.745,-42.374,28.099,-15.844,-21.808,22.923,-25.85,-11.812
23.052,-30.573,-111.864,35.298,27.401,-94.007,0.322,-5.192,-15.5,9.478,-17.407,-5.71
28.222,80.408,-90.226,116.607,78.476,-69.84,-22.813,-27.714,-16.958,11.088,-50.706,-1.968
20.844,26.901,-44.549,-27.81,71.262,-54.909,7.298,36.167,6.247,19.927,-4.048,-11.087
22.002,105.455,-27.956,-48.099,-2.043,-31.01,-35.734,-2.051,-28.758,11.196,-18.249,-49.956
24.724,109.569,6.027,-66.698,45.663,-14.176,0.649,-16.339,-22.138,14.507,-11.451,-62.314
27.231,75.529,44.77,26.504,57.879,-36.663,28.275,-0.895,12.158,-1.895,-26.853,-31.69
27.104,-3.754,-24.801,1.06,4.912,-58.424,32.55,6.33,-25.666,7.584,-4.049,0.418
21.848,23.909,-64.415,69.145,-7.504,-47.655,34.644,4.699,-24.9,-22.848,-47.783,-1.544
24.816,64.54,-93.803,69.697,74.918,-7.205,26.628,-13.306,-0.044,6.653,-4.904,-21.022
17.354,-23.204,-50.254,-59.69,102.321,-40.277,62.863,39.19,12.655,13.855,-30.434,-19.804
19.92,54.876,-66.065,-59.138,14.342,-15.1,5.758,24.95,6.362,30.844,-6.065,-37.208
22.912,59.088,-40.67,-88.382,19.276,-18.746,6.85,-11.0,-17.045,32.517,-14.155,-30.472
24.837,55.672,18.452,18.359,54.537,-36.169,12.521,2.707,16.335,-5.134,-24.975,-21.6
20.643,30.117,-19.625,27.318,54.585,-21.632,25.824,-8.868,-13.02,-8.134,-52.536,-4.417
20.941,106.56,-84.291,108.488,53.42,-48.588,-26.098,-9.645,-24.872,6.229,-37.809,1.411
11.622,41.157,-60.307,-56.907,60.837,-21.975,12.839,39.51,-24.618,5.6,-26.077,-13.061
13.806,125.872,-51.68,-64.766,15.201,-16.715,-21.698,-24.159,-33.887,10.409,-5.309,-44.399
17.349,124.413,-0.884,-56.279,52.746,-39.706,13.412,-11.225,-23.074,24.0,-7.792,-41.644
20.041,54.245,27.041,-0.625,37.021,-34.106,37.003,8.505,10.82,22.476,-29.849,-17.156
17.41,35.47,-60.079,50.616,22.561,-35.183,23.332,38.331,-11.395,-2.693,-37.112,3.743
19.286,109.282,-45.744,71.787,75.864,-66.284,-6.787,-0.595,-14.245,15.217,-42.293,-8.207
13.129,71.33,-52.765,31.51,73.698,-43.878,9.161,-11.326,13.816,31.359,-37.463,-30.457
10.334,47.466,-42.89,-27.114,105.885,-23.151,56.029,49.404,6.739,4.931,-32.697,-21.213
13.206,108.049,-84.817,-61.391,-11.302,-29.166,-7.099,-8.422,-24.045,15.54,2.522,-39.884
16.7,46.65,-55.678,-65.389,29.793,-33.44,10.3,7.251,-15.377,22.851,4.835,-23.875
17.212,59.977,3.325,7.775,36.879,-40.577,28.863,0.575,7.869,15.517,-27.567,-23.56
13.645,30.091,33.138,-18.144,19.42,-30.089,36.974,11.387,-24.245,2.215,-13.785,-6.546
11.257,31.968,-121.965,-9.837,59.933,-89.441,5.991,38.213,-16.97,-5.703,-9.471,-0.194
12.323,104.783,-96.384,77.928,44.442,2.189,-3.099,17.355,-14.217,-3.868,13.624,-6.472
6.981,64.115,-40.94,-15.711,53.712,-39.722,54.167,39.555,-3.7,15.259,-19.398,9.31
7.627,134.73,-44.587,-42.957,-16.247,-28.744,-20.938,-7.71,-38.099,-2.631,-13.251,-34.622
10.788,106.211,-4.344,-49.178,55.66,-28.424,16.161,-14.294,-16.144,20.989,-7.644,-50.653
12.325,84.227,26.996,-6.924,57.82,-31.595,14.243,1.355,-16.272,10.756,-32.096,-49.252
11.596,38.037,-49.039,4.634,42.118,-62.532,21.195,43.575,-24.307,-1.165,-20.787,-6.084
12.436,108.73,-43.201,65.297,54.388,-42.98,-10.47,-1.307,-5.145,19.653,-32.857,-11.209
7.023,34.082,-80.168,-27.411,66.262,-50.614,14.261,41.27,2.268,24.2,-4.906,-24.176
5.732,60.339,-61.444,-32.147,71.803,-31.064,21.866,36.272,3.308,33.05,-19.794,-28.608
5.85,65.458,-87.904,-40.26,24.58,-59.219,3.217,31.669,-15.164,-5.33,-7.963,-7.831
5.869,63.461,-58.669,-44.444,42.367,-59.225,-1.271,16.787,-6.432,1.395,-7.001,-31.522
4.743,102.133,3.107,2.248,66.403,-51.686,26.888,31.05,5.833,4.831,-15.463,-32.115
2.889,114.084,-43.793,-24.642,39.335,-61.486,11.769,32.383,-20.844,-8.226,-7.369,-7.098
1.417,160.042,-1.465,-10.133,52.871,-54.522,-5.441,12.075,-25.636,-3.464,-5.947,-0.773
