0.295,178.709,13.447,-36.764,54.837,-50.061,11.464,10.433,-19.371,3.067,-6.106,-3.222
28.004,130.094,22.93,-185.553,48.353,124.514,-53.207,-4.254,2.061,70.06,37.226,-21.055
36.352,63.712,70.647,-5.478,51.725,-28.907,-36.326,-13.465,-3.469,9.495,-14.057,-49.942
42.481,124.867,87.135,-71.213,69.515,9.874,19.075,-37.767,-8.024,-20.186,-3.879,-31.334
45.197,76.831,53.457,3.734,40.332,-23.125,-6.507,-21.41,-28.321,-4.777,-22.683,-37.261
45.754,14.945,24.933,-13.458,78.049,-36.527,38.678,9.162,-9.803,9.053,-12.331,0.974
42.986,10.751,9.392,8.024,94.657,22.537,21.387,7.622,-9.525,-0.225,-37.42,8.668
38.476,1.941,-1.019,-1.815,31.982,-38.383,-31.099,22.125,13.235,-22.591,-22.805,-6.183
42.32,71.798,40.308,-71.999,24.002,56.674,2.715,13.474,-20.162,-15.649,-2.025,-30.065
42.574,66.025,44.969,38.049,21.7,-13.828,-27.235,0.356,-16.635,-1.291,-47.971,-26.094
42.446,23.516,32.324,-24.53,79.705,19.085,35.518,25.161,-11.156,7.672,-29.778,8.704
34.974,66.257,-14.745,12.843,16.693,-27.886,25.723,-9.113,11.975,-8.204,-11.334,6.817
33.277,-35.206,-19.21,29.469,6.157,-89.411,0.662,46.991,3.836,-25.921,4.418,-8.904
36.965,25.924,-0.613,-12.52,-1.549,-24.793,-2.601,3.365,-19.243,10.124,-20.976,-11.773
37.902,-37.206,5.464,15.388,53.262,-4.741,19.757,32.559,-7.374,18.944,-5.795,1.739
37.326,-2.147,19.864,-138.339,60.425,-9.473,13.133,18.988,-6.826,25.622,-8.549,3.49
42.793,9.979,5.653,-36.823,80.941,-36.963,-13.043,11.778,4.877,-1.208,-21.705,3.336
42.156,26.98,-17.493,-21.571,38.179,-16.61,-23.608,10.19,-0.316,-8.077,-7.245,-15.981
43.122,18.902,-16.615,14.683,24.517,-31.283,-29.723,-1.605,0.692,-7.196,-11.442,-3.022
44.203,107.067,23.352,8.573,-1.703,-9.692,-53.206,-17.858,8.289,2.096,-26.742,-40.74
43.199,8.164,37.802,-19.076,69.992,-22.028,14.857,10.403,-12.934,0.42,-13.332,15.452
39.455,69.789,9.024,1.194,64.785,-15.301,-28.113,37.557,-3.69,-1.708,-33.844,-10.668
40.387,28.489,11.962,-30.365,48.139,-28.33,3.973,1.935,-10.21,31.772,-12.245,-9.287
42.914,48.7,-42.838,-34.935,54.357,-29.219,-50.754,17.489,-17.863,21.88,2.607,0.258
45.729,85.276,18.971,-58.144,61.752,-12.179,-4.833,-33.298,-22.04,23.247,-19.187,-12.558
45.714,98.704,43.455,7.584,63.159,-67.765,11.282,-8.67,-17.595,10.761,-6.743,-3.86
49.167,72.511,63.718,43.449,68.998,-25.24,9.031,22.931,13.889,-11.293,-24.113,-4.928
44.264,155.877,-0.44,25.148,19.002,-37.575,-38.248,2.862,3.731,-6.952,5.511,8.426
45.454,61.879,24.575,60.982,26.004,24.517,7.535,29.348,-3.213,-4.875,-34.496,4.422
41.917,110.377,14.105,-52.892,35.695,43.754,25.638,-30.221,6.325,-14.583,-28.39,6.76
42.751,170.075,11.428,-4.45,15.663,45.156,-1.554,-78.272,-8.19,4.087,-21.796,-9.144
44.338,40.538,44.38,-22.349,72.488,16.984,14.975,10.492,3.839,-8.201,-37.798,-1.634
36.047,60.08,-6.283,-46.762,33.156,13.489,10.806,43.43,8.705,-20.847,-52.598,7.472
37.066,114.733,-15.86,-20.268,5.692,55.092,27.6,-64.924,-2.569,-25.126,-28.563,-15.911
41.287,9.156,24.418,-41.705,70.766,39.776,42.608,19.138,-16.235,29.84,-45.356,0.878
45.239,70.709,31.871,-37.228,76.542,-5.022,-1.676,31.265,21.401,0.388,13.8,-17.352
45.274,114.67,4.069,-11.487,35.27,-18.158,-39.989,0.145,-14.644,-5.358,-34.298,-19.012
40.293,169.897,-41.803,12.085,44.943,-45.525,10.401,-35.745,7.259,-18.611,-31.911,7.784
40.437,17.63,-13.103,-41.992,43.959,-14.813,-6.165,10.269,-20.965,39.845,10.198,5.293
45.216,85.294,8.381,-50.09,41.947,-16.511,-14.662,-4.429,-39.542,-12.379,10.754,-17.989
45.679,82.165,12.996,47.611,66.093,-24.525,12.605,13.834,-26.434,-17.439,-58.35,-1.657
40.291,6.961,-15.191,10.615,39.373,-27.116,-15.972,4.323,-10.344,0.763,20.448,20.301
42.124,45.712,55.982,-94.627,34.292,11.541,-12.392,28.297,-16.974,-5.122,-21.311,-5.341
47.05,53.585,49.744,23.697,81.785,6.799,17.195,27.109,-4.182,2.838,-31.715,27.213
40.644,62.371,43.869,-39.615,57.03,-21.545,-17.847,13.01,1.84,0.88,2.313,-17.917
39.092,69.014,-29.13,37.006,61.796,-70.69,-34.457,60.446,-9.183,-26.545,-19.384,5.74
39.674,32.305,-0.235,-20.938,41.084,-26.56,-0.524,16.148,-11.418,25.926,-20.794,-1.502
37.809,150.792,-63.693,-53.886,55.754,-51.801,20.733,18.103,-16.503,-14.176,-2.365,-5.48
42.151,81.95,-5.948,2.786,68.853,0.761,15.281,11.334,-9.868,35.723,-24.514,-14.861
36.283,62.677,4.918,-27.951,0.006,-47.357,17.117,31.907,-12.288,-11.014,7.815,8.956
41.254,65.433,61.685,-79.058,9.454,-6.161,45.047,-39.264,-25.301,18.138,-16.952,15.671
42.276,80.637,7.074,10.72,29.563,-30.155,21.265,-8.8,-7.026,-26.16,0.137,2.622
40.62,29.959,31.665,2.146,15.31,-53.081,24.756,27.624,-34.887,-25.62,3.141,-19.718
41.025,67.576,57.911,0.692,13.672,-35.962,56.643,9.909,-28.871,0.571,-18.05,-25.386
47.757,-1.138,78.641,56.242,65.661,2.633,33.809,12.684,-14.676,37.664,-10.066,-6.802
44.949,12.195,48.238,3.268,47.139,-10.718,16.073,0.952,-23.805,5.243,-10.773,-3.847
45.93,25.774,49.134,35.76,60.833,-38.062,-13.482,46.145,-3.075,0.46,-12.713,-3.265
47.243,107.286,39.072,-2.092,52.696,43.834,-34.257,75.802,-35.284,4.064,-29.769,-19.35
43.486,245.527,-55.283,-14.877,51.348,-29.469,-9.539,-1.355,-6.806,53.105,-21.363,22.918
49.682,131.858,47.664,-34.114,34.49,31.695,-3.393,-50.803,-53.339,62.75,-11.267,12.635
50.207,56.56,104.095,-6.296,62.94,-23.663,10.154,-5.482,-3.742,-3.206,-7.225,-8.031
51.587,39.624,98.817,83.811,52.815,-24.168,3.955,8.199,-18.923,-11.373,-30.036,1.759
47.099,38.656,68.872,88.542,62.323,25.477,6.612,36.089,-30.785,-18.646,-37.075,4.137
43.814,140.609,2.679,-11.158,18.924,39.659,-22.043,19.457,-45.446,-8.876,-23.102,-13.201
41.91,133.665,-18.466,4.794,20.749,-16.857,8.927,29.182,-42.907,14.903,-19.114,55.583
41.446,102.676,9.46,-30.095,55.086,30.744,22.089,-27.685,-24.239,42.344,-37.644,12.736
41.097,18.792,44.192,1.029,36.39,-64.562,11.686,38.588,-35.258,-23.68,4.804,-6.492
40.806,74.785,71.403,-3.066,24.211,-40.542,49.667,8.049,-32.74,-5.534,-8.993,-21.525
49.684,46.767,97.841,56.068,52.929,13.463,19.68,29.159,-12.47,18.016,-13.064,-23.483
44.111,44.878,30.821,13.222,15.92,-14.697,-12.558,19.486,-21.489,0.72,4.619,5.013
44.646,74.609,33.544,28.754,47.014,18.394,-19.51,7.059,-55.297,-26.678,-18.898,0.371
46.227,110.75,55.608,24.408,69.04,36.635,-5.555,17.394,-52.096,24.325,-20.559,-5.994
48.958,58.563,57.045,52.386,81.63,22.423,-4.525,12.417,-43.068,23.793,-10.829,17.377
50.111,60.691,91.768,40.857,69.257,23.799,6.457,7.876,-10.898,-4.832,-35.5,26.976
47.384,68.965,58.099,59.918,52.34,15.237,0.338,36.414,24.935,10.31,-8.373,16.81
47.957,64.199,88.922,-3.16,53.001,57.227,30.804,9.338,3.15,27.377,-47.569,18.738
48.682,54.604,76.739,80.797,40.237,-6.3,-10.488,16.868,-24.096,1.512,-17.894,-14.863
45.147,91.041,55.125,-41.027,3.436,1.864,-12.167,21.337,-3.108,-12.837,-13.801,-9.008
43.92,16.162,20.991,26.101,48.435,-34.309,1.977,36.134,-8.641,4.653,-9.648,-19.768
41.026,26.647,35.429,4.079,21.567,-57.389,16.787,24.976,-36.842,-21.755,-0.596,-27.256
40.407,61.795,67.833,-4.968,14.304,-39.864,58.712,7.858,-35.16,1.264,-18.335,-27.032
46.157,38.858,80.876,28.876,74.283,12.172,35.015,24.466,-11.446,14.752,-19.334,-26.163
43.789,44.331,29.994,28.581,79.03,-20.599,5.919,18.24,-15.597,-8.976,-11.792,-10.792
48.08,82.126,97.94,-6.907,47.35,97.733,7.08,16.095,-25.148,-9.446,-39.596,-25.095
44.36,158.084,42.28,-94.778,38.747,38.064,24.417,-30.056,-21.007,-49.092,4.038,-44.032
51.539,58.629,74.929,81.51,63.201,22.335,10.186,3.053,-20.837,7.031,-24.166,0.204
51.073,38.628,105.704,-0.058,65.333,28.448,17.181,28.992,16.439,9.261,1.701,10.65
47.186,56.577,37.461,111.027,45.136,-22.761,-40.597,-4.056,-10.841,-14.369,-63.365,17.482
41.73,104.604,23.814,-85.267,78.622,-3.83,52.014,-73.135,-30.128,3.831,-24.612,5.479
44.236,50.761,37.889,38.067,70.623,29.47,26.274,82.322,-19.517,9.883,-38.578,-6.265
44.683,26.837,24.558,45.968,46.082,-13.333,-2.302,35.632,-43.885,14.292,-21.777,-6.356
40.725,15.717,46.713,-1.193,31.519,-58.335,11.453,36.396,-36.931,-27.073,7.841,-12.896
40.6,61.417,69.223,15.958,21.682,-42.937,47.345,6.965,-27.076,-2.487,-6.415,-23.086
47.056,15.025,70.276,21.283,61.824,14.741,-11.606,31.014,-29.617,7.201,-10.472,-24.636
46.408,102.166,34.913,7.842,60.759,20.264,8.421,-41.439,-55.697,22.79,-40.638,-4.993
43.432,48.901,32.477,34.835,45.659,38.84,0.252,5.291,-46.148,-7.804,-7.129,6.307
46.832,97.956,95.274,-70.842,98.207,23.876,32.92,-35.253,-32.364,10.437,-4.992,-16.799
46.066,93.922,66.982,169.598,45.407,11.297,-59.958,2.683,-33.794,-31.302,-59.572,1.36
47.689,114.368,149.435,-34.39,70.304,11.211,2.517,-34.587,-58.361,52.736,3.97,-0.169
48.116,58.923,93.724,113.808,71.868,-26.106,-54.217,17.594,-16.011,-15.647,-36.633,30.409
48.225,61.716,109.592,116.776,77.999,4.543,-5.111,17.575,-22.651,7.944,-56.793,28.672
46.793,33.325,108.969,91.32,77.477,-12.465,-41.944,26.18,-19.017,0.866,-22.556,-13.848
40.036,107.943,21.476,-51.072,17.285,-1.671,-41.999,1.556,-10.344,-10.603,12.199,-22.918
43.841,166.528,37.581,-26.628,9.315,8.681,-72.82,-9.535,13.26,2.691,-31.099,-9.409
46.109,50.416,-38.766,-42.142,29.536,32.948,19.939,2.759,-30.07,43.961,-31.55,4.39
52.962,62.537,17.746,29.719,18.618,21.579,56.148,-4.841,2.744,41.385,3.392,-13.46
49.046,10.341,-12.776,3.359,34.182,-30.448,46.57,-17.582,-6.686,-8.969,-18.866,-13.684
53.478,29.049,24.028,-1.422,44.107,48.451,48.389,-11.994,21.611,-35.853,-15.064,-8.643
49.675,15.489,-9.538,35.585,40.027,-34.27,26.045,11.074,-1.176,-24.083,-21.18,-32.157
48.71,49.335,16.076,84.224,4.894,9.059,11.928,28.218,-26.361,-24.202,-37.415,-21.747
46.032,54.704,27.3,21.617,65.696,9.698,2.415,-2.399,-31.35,6.547,-19.385,7.111
47.35,8.304,49.956,-71.919,35.265,29.891,39.197,-38.354,-31.607,35.344,-15.223,-3.343
46.964,-31.805,-55.302,82.196,20.111,-31.78,39.397,8.546,-16.826,-37.051,-42.472,-4.973
46.733,-10.567,-36.548,-47.911,41.727,25.343,53.388,31.226,-24.917,23.387,-38.26,11.181
50.58,84.674,-13.631,-61.2,-0.297,91.054,35.132,34.693,-13.939,-28.55,-29.939,-21.544
47.735,172.524,-16.986,-91.212,-31.332,20.606,0.506,14.799,-29.216,-20.448,-9.151,-34.32
47.068,16.812,-59.87,14.234,13.191,-0.109,1.472,-0.933,-22.619,60.395,2.404,-10.248
43.977,38.019,-58.521,-13.159,3.441,-27.394,50.279,-24.669,-23.133,-28.7,-3.001,-21.597
47.913,65.982,-10.514,-111.796,26.919,-4.946,36.936,28.028,-6.112,-11.368,0.312,-14.771
48.983,124.287,-44.594,23.523,-18.064,-16.901,12.852,-49.043,-22.11,12.777,-48.715,3.326
51.77,148.3,-10.436,-37.296,2.776,30.699,25.465,-57.325,-8.533,-4.169,-44.375,0.773
48.889,15.761,-2.856,-18.564,47.434,-29.98,35.095,-6.212,-34.221,-26.594,-9.038,-14.462
49.766,39.713,36.154,-17.522,-4.43,-29.132,22.087,27.141,-23.792,-21.582,3.182,9.84
50.419,60.493,17.401,36.792,14.65,21.781,6.115,4.43,-21.572,-4.504,-76.533,-2.302
45.864,88.039,45.224,-31.304,20.124,20.376,3.539,-10.295,-38.505,-18.376,-46.669,4.816
48.138,34.13,78.443,57.174,77.452,-14.743,13.03,-35.854,-31.751,24.934,-31.623,-2.18
45.607,-24.066,40.398,57.083,121.246,-5.738,29.929,-9.682,-5.067,-28.99,-21.889,-2.627
48.308,13.731,-26.827,10.142,62.108,56.24,33.885,71.728,4.127,0.143,-4.057,-12.49
55.199,145.737,25.53,45.169,-9.122,-4.629,-16.379,22.876,-22.249,16.948,-7.454,-11.273
45.333,95.835,37.475,-95.276,-43.976,-12.304,29.158,42.132,-13.67,-17.253,-20.213,-15.253
47.052,-26.673,-87.777,-1.484,5.195,-87.087,1.335,12.793,-11.558,3.521,0.352,-3.317
44.632,34.021,-57.533,-23.82,0.988,-13.389,45.622,-9.489,-16.453,-39.016,-16.195,-17.291
48.214,18.356,-32.692,-27.289,38.746,-5.307,36.751,-21.464,-12.59,26.114,-20.545,-4.582
48.885,14.403,11.212,1.838,3.664,15.772,39.424,29.421,-1.876,14.513,-74.592,2.135
51.722,70.06,-21.765,70.265,7.625,64.209,45.77,-26.098,-18.12,-12.361,-10.868,1.902
47.819,137.407,-48.281,-5.024,11.226,-36.432,44.489,-25.115,-21.621,-5.254,-9.155,-6.722
51.038,1.628,71.766,27.276,85.02,-53.554,21.034,-2.284,-35.345,32.242,-4.036,-18.91
47.768,60.315,77.591,81.685,78.134,-25.64,11.82,21.526,-17.314,-29.345,-28.362,-2.021
50.064,24.522,-8.885,5.411,28.999,52.904,21.278,20.6,-41.074,26.656,-16.52,-11.566
43.003,69.508,-84.755,-60.058,-10.725,-2.888,13.107,-15.815,-14.696,-1.529,-58.779,1.927
48.042,2.107,-32.703,-68.128,42.232,71.781,62.779,60.985,-30.476,1.76,-8.151,-0.93
45.502,77.086,-91.606,-14.692,-6.165,-21.188,19.268,-19.704,-23.437,-10.109,-33.53,-16.185
46.754,64.823,-14.142,-178.111,-5.384,40.646,21.699,-13.376,-0.511,-20.284,-30.501,-11.106
43.089,129.079,-149.173,-60.243,14.931,-24.185,-15.123,-28.468,-7.071,-5.23,-47.519,-10.428
45.103,155.4,-51.415,-105.31,-45.245,34.232,-10.04,-2.434,2.496,-35.899,17.006,-37.153
47.504,-6.095,-78.897,-12.708,28.558,-96.87,5.699,51.842,-8.183,-13.962,-12.832,-6.698
46.34,38.82,-21.713,-65.423,23.975,14.281,53.403,-11.558,-23.504,-22.495,-37.598,-5.71
48.294,89.259,-32.712,-27.415,10.005,29.604,37.233,-68.12,-14.963,-13.348,-49.25,-9.099
50.677,95.568,-21.427,15.701,27.088,68.491,39.942,41.11,-15.867,-12.619,-7.179,-26.076
49.174,-10.534,38.104,22.911,54.773,-55.334,40.567,0.693,-40.671,40.259,-14.159,-16.4
48.326,38.766,66.921,14.589,65.795,-33.79,45.137,-20.189,-26.136,1.782,10.215,-12.1
47.944,78.685,73.846,72.085,78.86,-2.606,-3.453,47.683,-11.659,-4.991,-61.903,5.827
46.845,135.802,23.847,39.499,44.747,45.332,-54.813,0.151,-43.942,15.146,-4.778,-15.878
44.297,75.187,-47.629,-58.609,30.11,26.744,-4.113,20.787,-15.393,26.788,-65.876,14.38
47.653,67.221,-31.083,-20.966,22.797,8.673,16.12,2.496,-44.995,4.486,-32.257,-23.069
51.502,77.027,-16.753,56.662,31.344,62.809,6.418,-0.941,-19.448,12.211,-42.317,-21.422
47.915,122.255,3.734,-27.737,-17.787,37.095,10.558,11.768,3.841,-40.85,-26.056,-25.613
46.161,-44.591,-84.804,-8.696,9.086,-116.618,9.834,20.735,-24.389,-9.929,2.802,-7.704
43.899,42.212,-65.616,-24.68,21.096,-69.83,53.181,-16.654,-58.339,14.046,-12.707,-16.242
44.064,56.538,-67.686,-29.222,18.972,-46.21,55.559,-19.315,-38.682,-14.108,-1.005,-16.878
51.41,41.115,-4.453,-3.553,44.736,28.849,40.438,18.307,-21.085,39.388,-32.312,-14.984
54.409,94.247,-0.469,55.186,-1.142,-35.432,-4.019,-2.217,-30.898,19.965,-31.922,-3.515
47.773,114.718,-6.625,-42.305,-15.008,-30.345,32.558,21.714,-32.265,4.068,-25.194,-23.167
50.941,98.148,31.559,-6.414,22.881,27.464,5.104,-9.972,-38.444,19.415,-42.891,-23.849
50.541,97.708,18.535,-57.615,14.379,14.513,17.026,14.527,-30.176,39.627,-29.953,19.22
52.593,137.177,-50.41,20.716,-8.705,-18.531,-32.158,62.481,1.552,27.416,-9.912,-18.395
48.538,77.235,-59.261,9.341,4.447,-37.954,-0.014,9.328,-0.656,29.84,-50.012,15.102
48.253,56.779,-63.256,-60.34,37.26,16.174,13.176,49.766,3.804,35.195,-51.533,3.537
55.686,84.76,14.272,36.146,-7.552,-33.329,11.108,-21.268,-17.651,27.242,-17.584,-2.601
51.513,58.838,-15.778,71.073,-27.572,2.623,-9.679,35.126,-11.921,-2.149,-59.742,-30.68
50.57,55.007,15.925,28.146,34.47,6.107,30.177,36.647,-10.216,31.546,-43.849,1.657
42.555,21.328,-7.342,-47.267,17.141,30.373,43.928,-26.478,-29.309,45.547,-34.518,-7.594
43.938,43.629,-58.59,-16.149,4.003,-60.986,45.922,-27.308,-48.464,11.835,-11.283,-18.467
44.404,64.29,-47.254,-35.979,-9.78,-57.676,36.337,-12.363,-42.021,13.509,-26.717,-1.448
48.881,79.806,0.983,-72.501,6.74,9.794,49.733,0.186,-36.267,-11.787,5.585,-8.892
54.63,83.246,14.714,80.581,12.938,-31.601,10.049,1.717,-29.477,17.001,-25.941,12.678
51.727,52.261,54.148,14.349,15.792,6.387,33.238,8.734,-21.194,-26.334,-10.936,3.259
50.228,2.496,2.731,25.559,-2.484,35.6,18.908,28.719,-20.363,-6.456,-31.321,11.644
48.998,90.456,-27.007,-45.318,15.009,40.146,7.725,82.896,-0.124,-5.687,-13.192,-12.705
52.097,12.943,-51.493,-11.349,36.28,-58.758,27.179,18.923,-17.44,-5.473,-32.409,-7.044
49.457,4.329,-14.6,-18.257,60.868,-38.716,58.933,-2.338,-23.081,24.087,9.399,-13.072
56.272,77.327,45.535,35.67,13.654,-38.71,47.334,-19.793,-7.283,12.124,10.991,4.587
52.644,-14.304,-5.995,66.996,-9.011,-41.782,18.69,1.612,-17.711,15.271,-22.989,-4.101
52.624,8.162,-24.377,26.884,-3.061,-12.066,24.773,55.068,-40.701,3.021,-30.844,15.973
44.632,-75.322,-110.763,7.18,21.081,-102.147,11.654,-6.469,-21.926,16.036,-15.277,-0.51
42.345,-40.089,-47.64,-51.068,-11.601,-44.11,43.422,17.129,-41.566,-17.967,-4.85,-19.731
44.009,32.457,-62.502,-27.512,10.867,-75.551,48.489,-19.616,-54.091,16.739,-9.298,-12.338
44.773,29.729,-42.434,-51.534,19.723,-83.15,63.237,-47.135,-41.346,21.102,-5.616,-8.399
51.623,31.469,3.271,82.996,-3.142,-2.69,26.54,5.873,-5.181,-7.223,-24.576,-33.41
49.297,81.409,-9.946,21.096,-46.822,13.335,14.744,-26.759,-36.092,-0.772,-15.212,-38.394
52.378,121.954,-3.288,-27.306,8.579,69.082,42.302,29.659,-4.146,-20.534,3.132,0.8
46.823,114.356,-43.051,-32.824,49.09,-32.964,44.466,-0.274,-46.169,1.918,-35.505,-14.951
50.027,45.227,15.332,43.998,33.994,64.153,2.302,3.704,-42.507,28.227,-33.088,8.633
48.332,58.024,-41.612,-50.995,12.016,45.483,29.394,45.784,-44.533,-22.003,-37.581,-25.643
50.787,62.63,8.759,-16.504,-62.19,2.793,-6.784,-5.264,-54.322,17.637,12.447,-27.323
52.466,92.673,-3.393,-27.653,-36.192,-1.384,-11.011,28.738,-19.293,4.778,-38.227,-34.516
45.991,79.418,-107.023,2.529,6.467,-24.434,1.866,30.461,-53.832,-3.909,-25.988,-29.796
55.184,88.126,8.197,35.3,10.071,9.204,38.699,-11.511,-20.236,28.676,-4.582,-0.481
49.81,75.705,-7.292,13.769,6.834,31.602,21.906,0.19,-42.305,42.532,-50.284,-9.959
46.437,-41.384,-89.877,4.861,37.497,-97.95,19.808,12.543,-18.395,0.685,4.806,-6.69
43.363,33.049,-61.119,-27.023,14.802,-75.275,50.938,-18.036,-55.409,21.467,-16.743,-10.599
44.608,67.971,-63.391,-37.059,17.763,-33.599,44.742,19.394,-23.156,-29.92,-23.235,-11.598
50.431,36.828,18.67,-4.166,-13.719,25.427,15.568,19.758,-14.529,3.34,0.856,-37.334
52.959,57.598,12.91,70.208,-1.296,-13.962,5.794,-1.028,-26.737,6.927,-59.869,-19.362
53.375,129.69,-11.931,71.823,4.178,-50.827,15.594,26.237,-26.256,2.509,-33.638,9.695
50.265,77.967,-0.466,35.948,25.982,11.94,8.251,61.602,-41.292,13.799,-43.994,-21.324
48.513,81.958,39.544,108.766,73.808,-41.943,-3.35,39.868,-5.04,-12.103,-35.606,4.567
46.903,196.983,44.156,52.414,-16.317,70.444,-49.024,31.251,-33.49,-47.693,-16.645,-11.563
47.664,75.304,120.476,29.245,79.173,86.179,-19.907,-12.136,-30.616,17.49,9.543,-10.369
44.34,28.828,102.974,91.786,69.335,15.311,-27.618,40.508,-7.346,-8.765,-41.156,-25.14
43.696,155.088,103.706,-45.525,63.474,131.386,10.836,8.87,-33.094,-29.624,-30.685,-15.322
42.078,102.465,97.533,-60.124,95.062,30.996,-3.273,-18.268,-29.122,32.752,-33.923,-12.048
41.44,137.611,60.72,-144.506,90.716,17.128,5.685,-59.482,-34.894,41.979,-27.164,-1.777
48.779,32.25,-37.799,47.031,22.638,-22.967,25.021,-0.594,-28.735,13.297,-26.406,-20.539
48.81,62.238,-38.167,4.573,16.231,34.242,20.691,12.408,-36.455,-5.021,-23.478,-39.451
50.472,79.048,-51.927,75.841,33.43,16.242,42.875,12.075,-22.061,-4.639,19.472,-18.146
51.049,103.929,30.603,-34.821,21.995,-4.153,-21.257,14.78,-40.029,-0.656,-11.734,-37.09
50.605,26.709,-67.491,20.989,-4.971,-74.383,-13.951,29.504,-24.451,-16.935,-21.828,-14.418
48.401,91.107,-47.811,-48.377,-10.927,-7.919,15.342,-18.322,-27.638,-9.428,-1.963,-29.99
48.728,63.665,-47.214,-8.692,-2.667,17.018,-1.988,17.728,-10.631,12.767,-58.512,-12.11
51.453,52.204,-63.629,18.792,5.725,0.938,-6.742,45.217,-25.756,4.223,-11.472,-34.979
47.866,63.336,-52.705,-29.434,5.663,58.728,24.756,21.099,17.613,6.24,-75.074,24.804
42.239,103.286,-115.522,-46.501,-32.855,-51.791,-28.013,-30.014,-1.326,25.456,-15.464,0.979
49.148,43.471,-2.569,-44.033,28.514,53.55,50.032,-9.79,12.789,27.37,-31.138,8.867
45.069,58.118,-23.646,69.551,37.753,-31.92,0.768,22.425,-26.525,9.214,-9.083,3.14
50.842,33.569,-36.626,-7.732,22.539,7.804,14.664,52.206,-36.507,63.203,10.146,-4.484
48.434,9.696,-31.656,23.321,52.669,-26.017,54.719,11.336,-23.097,2.574,-21.319,-4.852
46.573,27.28,-16.31,-49.129,23.434,15.89,48.959,19.286,-26.181,-18.552,-48.683,-22.148
48.545,53.571,9.212,-45.046,23.468,73.017,66.732,24.513,-9.519,-35.19,-71.517,-0.619
45.181,64.645,-21.798,0.722,1.05,-40.984,61.192,-21.215,-43.97,9.035,-19.861,-17.732
46.791,47.922,39.289,-75.091,11.941,2.207,49.07,3.503,-10.354,-15.355,-37.222,-8.892
52.107,64.54,-50.553,22.213,10.621,-36.168,-14.113,73.604,4.857,-0.885,-7.771,19.225
48.076,67.38,-39.062,66.965,-43.082,0.998,-18.756,18.726,-44.597,10.552,-43.48,-15.223
45.759,48.482,-86.308,38.589,30.979,-1.697,18.658,26.689,-26.961,5.674,22.129,3.592
44.618,79.701,-53.731,-123.023,8.9,33.877,3.838,22.189,19.37,5.125,-43.104,-6.834
51.962,83.746,-24.374,94.048,-14.672,-58.071,26.5,-9.932,-30.1,8.695,-26.052,11.423
47.577,-0.573,-66.84,-4.429,10.317,-33.369,22.409,36.165,-23.987,6.231,9.967,-14.162
53.004,32.177,-58.964,33.81,9.944,-13.735,20.145,-31.295,-48.972,40.826,-57.489,2.408
48.015,-25.04,-76.111,11.791,45.806,-59.215,35.853,18.482,-4.621,6.913,-26.335,7.407
49.517,32.981,-65.744,2.123,1.876,23.317,6.598,49.46,-16.051,-6.803,6.719,-20.528
49.55,22.422,-24.473,70.192,18.63,-36.085,26.342,24.13,-40.886,14.041,-15.541,-35.114
48.328,89.205,-51.637,-8.149,18.461,14.346,36.298,-28.283,-38.081,0.679,-32.313,-24.351
52.082,88.516,-33.827,98.216,5.814,-56.124,25.507,-4.393,-32.133,11.974,-33.945,13.849
46.072,89.888,-36.562,-37.312,11.993,-19.467,57.196,14.999,-33.629,-33.107,-22.784,-23.875
51.841,105.761,-3.7,-4.758,17.333,17.452,-38.978,23.891,-8.692,-12.452,16.331,-35.942
52.267,46.396,-59.42,28.294,-9.756,-38.995,-16.85,27.284,-4.157,-22.409,-35.054,-15.531
49.597,100.591,-42.802,-85.726,30.265,21.409,27.541,23.828,7.97,-7.802,-44.916,4.841
47.052,45.628,-97.249,-2.632,76.6,-1.965,24.239,35.834,11.964,49.862,-31.333,4.665
50.059,104.71,-86.036,-5.844,1.007,50.301,-14.94,47.485,-2.99,17.427,-13.143,-24.162
52.668,97.825,-30.927,9.903,5.911,59.038,32.654,11.106,1.624,1.494,-7.773,9.354
49.457,71.675,-44.814,68.648,-36.525,-18.61,-19.723,43.387,5.162,-15.433,-34.702,-33.604
51.475,66.64,-15.909,57.213,-19.479,-3.28,-32.854,32.106,-31.891,-22.84,-38.672,-30.255
43.129,93.913,-18.205,60.171,-17.041,-56.846,2.959,5.382,-48.041,3.739,-17.935,12.775
51.858,66.435,-56.082,15.287,-21.352,34.885,-19.217,24.354,-9.387,10.969,18.784,-30.869
48.081,122.926,-74.213,-4.778,21.252,-21.552,32.322,-44.435,-17.535,-14.046,-16.479,-8.97
51.333,42.739,9.264,1.626,3.053,18.584,-6.898,23.871,1.529,-1.531,-37.44,-44.856
44.682,45.503,-23.984,-32.568,-20.013,-6.536,43.311,4.163,-23.117,-30.05,-28.052,-7.208
48.397,61.407,-3.516,-10.391,3.943,76.79,53.712,11.548,-7.979,-43.7,-72.713,2.942
49.433,20.126,6.599,48.493,37.937,-14.966,56.967,66.475,-6.77,-28.428,0.515,-16.354
50.743,91.387,34.285,-81.166,39.694,7.594,29.694,-10.47,-23.947,11.503,-4.404,-11.459
50.542,75.406,-10.175,44.44,-20.853,-4.419,-24.865,-21.706,-9.34,17.865,-65.745,-6.922
46.183,89.178,-29.634,-100.32,-21.788,1.227,18.125,28.845,-18.84,-47.51,-12.576,-13.514
52.045,184.019,-9.878,-44.581,-80.15,-1.367,-55.903,-0.12,-15.637,-11.174,10.412,-43.786
53.184,119.78,5.342,-9.663,7.688,-15.816,22.733,-40.202,-17.591,28.299,-54.007,-11.194
51.083,45.014,-25.718,-52.609,22.204,-38.545,20.737,13.399,-23.192,12.627,-21.217,-33.518
51.537,75.777,-23.12,106.852,-24.7,-57.673,17.827,-16.559,-17.163,3.434,-32.4,8.227
45.279,-7.854,-51.062,-16.869,6.165,-9.019,40.202,13.631,-32.249,4.863,-19.348,-15.133
53.097,-12.346,-9.704,-26.707,11.487,1.779,29.645,31.278,-24.386,11.349,-18.371,-16.641
51.808,46.277,-35.78,-38.32,18.119,-25.727,18.392,-4.794,-34.007,36.107,-18.24,-0.828
48.829,6.98,-67.919,-28.261,-3.679,-48.766,-3.758,38.307,-7.732,-21.746,-27.936,-19.202
48.488,95.278,-22.48,-32.747,-37.896,22.367,-7.036,-23.46,-24.836,-4.544,-51.777,-35.704
46.996,124.811,-68.199,-59.855,16.565,6.171,16.919,-39.563,-23.542,20.663,-57.536,-13.405
51.477,127.188,-75.564,95.603,16.017,-40.712,-1.022,37.014,-20.996,15.988,-33.99,15.672
42.115,104.301,-90.072,-35.816,-11.634,-37.202,5.112,-21.597,-16.645,19.321,-26.631,-6.351
51.099,65.946,22.729,36.264,37.797,19.963,-9.884,-9.696,-26.17,44.688,-48.923,2.217
50.993,58.182,-25.807,9.727,-17.259,37.748,-23.676,13.538,-24.095,45.054,-22.936,-23.214
48.32,121.653,-34.383,-97.239,-40.358,-31.332,-11.582,-37.666,-12.954,13.567,-13.479,-23.702
52.446,49.914,-2.489,21.197,-26.318,11.23,-34.691,-8.493,-16.302,-3.945,-64.612,-45.722
48.341,73.762,-84.148,-42.038,30.699,52.579,18.807,-2.415,-28.328,22.235,-45.387,-16.906
48.42,61.934,-82.363,70.074,-5.983,93.961,23.607,-11.977,-1.014,-14.343,-15.93,4.461
40.402,20.072,-60.856,-74.337,-60.504,-11.446,-6.671,12.306,-3.486,-5.39,-14.258,-1.371
48.448,8.302,-2.93,38.1,24.793,56.306,59.937,36.447,12.564,-11.444,-45.088,-9.104
45.985,153.003,-2.813,51.569,-14.776,0.944,2.073,43.991,-24.564,-16.838,3.408,-11.605
47.585,5.692,6.135,-12.395,35.767,102.691,51.906,10.987,-19.972,45.202,-26.913,11.548
48.316,135.059,-60.961,-38.328,6.698,-10.623,-2.085,53.814,4.064,3.284,11.64,3.47
47.925,47.866,-46.313,45.484,7.623,11.355,-2.857,22.277,-35.782,46.09,-64.63,-14.753
50.786,116.697,-68.843,118.567,13.881,-61.671,-4.122,34.1,-23.137,4.64,-45.371,20.211
41.043,91.69,-84.825,-29.213,-8.311,-26.563,23.138,-30.609,-20.898,19.903,-13.662,6.885
51.378,21.698,50.988,32.658,58.262,-29.535,46.319,6.094,-19.029,44.077,-16.975,-9.904
50.957,24.861,-13.275,15.31,38.207,30.305,31.17,67.054,-11.892,14.085,-28.621,20.994
45.644,87.924,-69.363,29.793,-31.001,12.902,7.167,-12.804,-44.927,-8.529,-47.774,-7.339
47.231,107.117,-51.241,-26.335,12.692,36.904,13.699,74.968,17.095,-7.658,4.563,-1.171
49.072,59.957,-70.213,5.831,16.932,33.645,0.668,30.037,-41.374,50.877,-68.469,-11.888
51.271,123.629,-74.119,93.571,4.265,-63.256,-0.907,45.183,-27.031,6.842,-26.729,13.668
48.358,-37.934,-41.992,-53.513,21.444,-90.581,17.021,12.19,-9.689,4.025,-13.073,-13.577
53.026,28.571,-37.747,48.277,-24.002,6.762,-3.553,1.257,-34.045,18.519,8.643,-11.587
46.968,23.75,-111.238,-2.275,20.955,-21.016,4.006,67.112,-0.307,8.085,-13.963,11.786
46.508,18.455,-43.003,-62.303,33.899,77.457,46.235,25.366,-19.824,29.337,-50.042,0.935
41.149,56.831,-119.809,-39.352,17.847,-42.675,29.861,-24.947,-22.822,-2.107,5.403,2.612
39.764,30.016,-106.977,-77.517,25.903,-97.703,28.746,-49.748,-30.508,35.596,-6.01,1.358
38.948,-2.608,-120.141,-43.194,35.361,-72.992,14.419,36.469,4.169,-48.046,-40.865,-11.428
47.401,103.512,-103.84,26.383,40.829,112.023,33.261,52.31,-4.882,-26.905,8.008,-2.547
39.497,41.203,-58.72,-1.714,-34.284,-3.402,23.047,-22.266,-33.371,9.774,-21.054,0.118
47.624,27.104,-0.583,26.496,67.432,68.172,15.525,7.412,-24.657,25.969,-16.043,-5.468
46.193,-17.845,14.755,-5.878,46.855,4.964,-12.783,4.739,-4.778,13.917,-55.029,14.795
50.792,70.492,-10.083,-30.026,-8.081,97.384,42.815,13.292,-4.513,-11.982,14.718,-27.903
45.09,1.695,-64.95,11.592,8.92,-23.752,24.801,44.781,0.985,-20.383,-60.286,19.66
46.02,22.271,-61.37,-80.619,43.934,19.042,28.641,30.693,3.504,20.238,-75.881,11.144
50.197,64.333,-60.349,126.149,-23.588,-51.556,12.078,-30.234,-22.083,26.122,-22.919,18.458
47.569,28.122,-32.451,-33.35,30.186,28.372,53.044,-16.644,-28.904,38.87,-86.022,-6.335
45.341,149.713,-108.63,-51.777,-13.388,26.029,2.201,-55.637,19.941,-31.646,-33.729,5.766
48.306,25.988,-21.939,66.138,36.526,43.485,25.985,18.445,-12.031,12.208,-35.826,27.312
45.073,28.18,-45.878,-37.657,53.347,94.676,49.604,35.936,-24.055,53.851,-47.581,-1.134
41.858,67.879,-102.388,9.923,-9.523,-9.232,20.887,-57.42,-18.509,7.751,-29.85,7.042
38.503,2.989,-101.048,-15.599,-7.817,-0.404,22.556,-13.192,-17.929,-29.075,-53.407,6.761
50.538,106.946,-53.584,66.281,24.496,80.455,38.58,20.023,-12.635,4.719,19.728,2.306
41.354,110.072,-101.282,-65.121,12.113,-40.995,18.093,-1.61,-47.67,12.569,-32.322,-6.977
50.297,41.5,21.836,30.734,11.863,7.681,26.326,52.001,5.56,9.772,-3.858,-4.966
48.788,105.024,1.949,51.238,-46.592,0.275,-1.919,-11.347,-46.897,-11.094,-37.328,-12.296
49.392,60.39,74.317,-9.322,-15.901,39.991,13.176,7.066,-36.957,-1.817,13.041,-25.821
52.786,39.217,-19.791,-58.346,13.774,-46.698,-0.172,62.814,-10.959,-22.625,-22.385,-21.252
49.885,77.097,31.886,123.854,34.776,-17.198,10.174,5.693,-13.044,17.802,-50.009,7.482
44.695,38.417,83.23,-26.123,87.085,56.693,34.11,13.998,-18.179,74.567,-40.282,-2.942
35.263,-26.116,33.867,34.783,-1.521,8.615,18.863,1.138,-20.626,-7.171,-40.047,1.287
39.551,55.777,-1.979,73.39,3.757,5.023,-6.372,36.584,-6.897,13.865,-16.806,-13.759
30.226,31.404,-19.732,1.038,-16.142,-20.18,14.521,-5.419,-8.156,4.39,-25.58,-3.023
35.436,13.867,28.106,-58.03,25.032,90.148,22.265,22.759,-15.59,2.885,-56.653,-11.193
41.342,13.865,-28.363,-89.674,29.862,62.905,48.702,-2.702,-30.509,25.335,-38.922,-3.333
44.028,41.274,-62.089,-27.012,20.872,-73.826,51.199,-11.789,-58.326,17.428,-20.977,-13.54
45.636,70.255,-59.924,0.604,6.228,-12.136,49.3,-15.228,-29.502,-11.785,-21.425,-10.791
44.159,39.667,-57.118,-31.875,8.637,-86.051,36.892,3.083,-66.588,10.181,-12.792,-23.782
47.876,5.252,-23.229,26.064,32.69,-59.189,40.693,36.206,-25.818,11.622,-5.654,-18.744
54.593,114.846,-21.896,61.565,17.723,-37.814,0.848,-2.123,-26.182,9.988,-24.183,4.036
49.368,202.156,-50.794,-35.213,28.477,-36.753,31.515,7.122,-5.386,-28.386,-21.471,0.187
53.156,76.25,42.789,23.803,115.388,-31.408,41.869,25.014,10.11,-0.48,-18.841,-14.168
48.542,2.791,-94.395,0.686,39.568,-100.302,1.094,37.426,-18.291,-8.815,2.449,6.281
45.634,80.814,-70.815,-75.337,16.99,-20.034,41.992,27.704,-24.657,-17.644,-38.976,25.903
43.541,88.748,-121.798,-43.827,27.635,-82.703,10.972,9.14,-3.686,15.813,-5.231,27.263
43.695,63.718,-102.224,-41.71,18.625,-35.365,10.652,20.419,16.601,28.026,-16.655,29.096
51.539,56.683,-81.936,30.205,4.953,-16.176,-29.505,58.221,-24.198,-24.525,-14.896,-32.114
52.645,77.585,-50.132,99.927,13.736,-37.568,2.732,16.986,-6.792,34.806,-40.818,16.298
47.407,94.531,-50.643,36.135,-9.53,47.243,30.201,24.751,-18.987,6.863,-37.409,-6.762
40.806,131.702,-21.162,38.432,-23.585,-34.062,46.571,-4.822,-46.812,8.643,-6.799,27.89
43.345,14.808,-35.632,-35.055,14.62,44.615,42.44,-13.247,-39.91,68.179,-3.732,-13.694
44.01,42.935,-59.851,-16.746,5.39,-59.247,46.012,-27.812,-46.98,6.719,-8.525,-21.864
43.829,51.367,-54.187,-23.612,-3.974,-68.268,43.83,-22.284,-54.34,16.961,-18.193,-8.402
48.748,145.186,-51.224,-74.652,34.031,-11.507,32.679,51.137,-12.105,-24.203,8.662,-12.563
52.366,94.969,-26.736,68.459,36.266,46.052,30.055,-18.107,-29.491,30.681,-48.554,-1.523
45.931,27.512,-13.33,-3.925,12.6,-50.294,31.777,15.103,-49.01,19.884,-24.39,-14.699
48.801,67.922,-9.638,22.881,20.024,29.403,-15.894,1.953,-21.202,15.67,-29.747,-19.922
44.813,-69.558,-94.378,-7.256,18.932,-127.851,10.774,23.4,-24.371,11.348,-0.181,7.41
45.492,64.876,-22.162,-72.973,-2.46,31.162,43.029,34.177,-11.289,-46.348,-63.128,-5.716
41.382,18.685,-69.235,-63.168,24.136,13.792,44.811,12.279,-1.759,-35.941,-15.924,-0.671
46.146,62.813,-44.321,-53.246,2.881,32.309,24.097,10.109,-10.793,9.163,-62.254,-4.447
53.553,95.013,-3.41,28.706,22.334,52.886,45.564,-2.455,-17.998,26.11,27.927,-11.481
47.812,-4.767,-76.934,19.944,15.29,-57.177,22.439,19.15,-31.377,0.24,6.727,-16.969
48.273,2.266,-55.42,-46.905,20.09,21.574,39.932,19.811,-31.27,5.258,-22.324,-5.087
44.756,-37.558,-95.569,-19.986,15.62,-102.447,24.1,4.922,-50.49,4.907,-2.436,-15.868
44.131,-42.176,-92.234,-18.861,40.067,-1.468,41.139,-10.026,-15.23,10.369,-39.888,-5.135
42.753,-28.973,-43.184,-59.855,-18.106,-39.342,35.784,23.653,-27.897,-15.671,-2.223,-15.595
44.653,32.816,-57.236,-27.36,11.746,-78.747,53.252,-35.817,-51.682,10.919,-6.32,-12.554
50.0,2.249,18.923,16.586,7.776,-49.552,51.49,16.864,-0.065,5.24,-0.056,-5.49
52.099,45.581,38.281,-40.258,27.603,-29.706,69.637,19.476,-9.76,7.044,-9.53,-23.771
50.777,77.289,-26.304,63.919,-29.556,-46.389,-6.24,-35.654,-25.173,-22.628,-20.044,-17.559
48.986,54.729,-7.603,-6.308,11.819,58.925,49.385,16.191,-5.046,-38.061,-56.138,1.226
42.34,67.473,-7.175,23.136,45.75,-60.969,38.099,-8.204,-24.995,17.751,-18.142,-8.128
45.847,-44.428,-94.616,25.007,43.745,-85.639,21.894,14.203,-33.12,21.979,23.302,7.643
42.257,30.898,-99.9,-29.532,-2.137,-19.871,31.112,-17.24,-11.301,-48.131,-25.053,9.1
41.314,16.312,-90.611,-95.922,11.432,-29.807,21.366,32.459,-9.88,-12.086,-27.274,2.686
44.453,-10.613,-10.554,-62.492,-41.361,-14.55,23.766,2.679,-47.512,42.555,-31.507,14.925
52.45,38.141,-46.09,-3.851,18.302,-2.69,15.488,19.124,-18.269,-40.271,-32.446,-4.656
51.397,47.468,-58.016,134.406,9.286,-18.863,5.041,-23.712,-8.405,22.784,-95.504,23.854
38.298,24.451,-143.847,-14.276,12.02,-57.181,13.444,-54.442,-27.344,22.692,-32.117,6.941
39.927,86.037,-72.22,33.116,4.248,-25.409,57.724,-12.824,-56.706,14.862,-18.367,39.282
42.824,-2.483,-63.942,-47.277,38.319,52.517,52.332,-9.401,-34.519,61.49,9.706,-8.61
43.696,46.215,-66.569,-28.501,23.316,-43.705,58.81,-11.69,-36.619,-31.395,1.208,-21.863
44.187,42.958,-34.63,-24.395,-24.289,-32.624,25.736,-4.09,-13.016,5.832,-16.682,-9.67
49.352,125.617,-48.022,15.836,-11.31,-15.951,9.777,18.453,-57.387,8.487,-20.136,-25.257
47.921,90.651,-36.996,-65.627,25.632,-4.858,29.391,-38.432,-28.861,5.159,-54.661,-2.287
45.26,75.186,-40.838,-15.566,-14.026,-32.713,39.151,-10.534,-23.153,-37.392,-4.595,-11.274
53.511,76.308,-4.799,84.695,20.115,-33.555,13.459,-19.258,-19.801,20.77,-53.068,11.579
42.418,19.305,-18.892,-2.397,6.542,-33.811,52.811,11.041,-18.275,-18.633,-27.108,-1.73
45.124,-43.776,-95.69,19.696,41.718,-83.104,27.121,30.174,-22.964,23.481,30.261,2.805
41.478,104.658,-69.004,-57.608,-19.145,-33.033,12.659,-27.11,-31.73,8.827,-38.653,-1.671
39.516,36.498,-49.148,-89.664,0.777,3.368,26.36,14.371,-25.923,-22.046,-42.773,1.339
43.663,-26.912,-36.29,101.798,25.173,-35.311,21.762,-29.597,14.975,13.838,-56.352,9.69
51.384,-1.589,-65.053,-37.793,56.982,28.442,36.619,41.056,-12.109,33.495,2.459,0.798
46.348,58.328,-148.253,17.266,24.929,-72.209,-22.76,0.902,32.109,8.005,-28.171,15.536
52.68,65.026,-48.591,40.778,21.258,-13.345,0.061,10.982,-11.445,26.301,-17.217,-2.724
47.447,73.031,-15.936,-43.606,12.197,1.104,52.069,-23.415,-17.843,-13.077,-22.271,-16.43
45.93,11.267,17.937,-24.361,55.947,-40.601,42.213,5.164,0.471,4.195,-14.162,-11.638
44.133,27.183,30.303,2.421,71.963,-11.33,26.437,7.376,-22.702,1.305,-28.667,3.099
40.923,39.431,37.978,2.598,19.103,-31.277,15.8,9.863,-39.067,-18.357,-9.0,-14.069
44.489,66.168,56.596,15.885,33.066,1.857,14.428,4.095,-27.415,-13.085,-3.531,-31.933
42.089,36.589,4.041,92.006,75.159,-2.415,26.877,31.195,-13.983,-7.969,-54.948,13.302
33.329,8.621,4.484,-75.927,20.812,47.354,29.005,11.912,1.931,-12.033,-23.109,-12.205
36.024,-20.874,41.039,-23.821,50.431,-25.466,37.129,5.486,6.712,10.902,3.665,-2.303
35.36,-26.641,20.512,72.069,53.098,-19.654,28.98,21.739,-4.321,-8.261,-45.573,8.912
42.289,-33.181,20.804,-50.034,107.815,32.374,20.456,41.867,-9.553,23.735,24.094,-15.131
43.27,40.87,0.756,19.135,81.399,-44.186,-2.662,31.399,-5.248,0.394,-20.279,15.406
44.146,14.915,23.89,-25.701,70.65,-25.051,12.805,11.529,-18.36,17.145,-14.183,4.611
43.129,28.453,28.481,-22.264,27.938,-16.589,13.559,15.434,-32.365,-2.254,-10.692,-7.089
43.433,43.834,20.461,-18.823,21.336,-26.414,7.893,-21.156,-29.96,-8.601,-15.214,-12.058
45.555,88.782,72.171,32.364,28.603,-14.229,-22.856,-3.29,-4.651,-6.247,-22.41,-29.044
40.581,14.567,20.004,82.871,78.746,-16.454,8.163,29.192,-4.128,-7.722,-53.692,12.95
36.389,27.577,6.872,-9.189,7.656,-7.543,-0.187,-9.795,-18.821,21.525,9.501,2.845
40.93,20.614,-25.986,-15.776,39.037,21.461,-36.895,-21.328,-9.309,8.039,2.642,1.853
43.87,53.472,48.569,-88.197,32.723,-8.278,-11.183,0.847,-12.574,13.893,-4.289,-5.394
44.457,64.573,65.711,11.163,39.857,-22.223,19.566,-7.669,-12.849,-16.88,-26.812,-25.979
47.448,65.607,90.596,-12.542,68.946,12.737,34.379,29.59,0.945,4.558,-24.39,-11.475
45.183,147.805,24.228,28.745,22.018,-36.613,-7.137,2.418,-1.665,-10.481,2.045,-0.033
46.674,66.225,44.993,58.856,33.74,3.997,15.539,19.166,-10.096,-1.373,-25.64,-9.453
44.878,117.538,37.611,-3.006,45.084,-17.854,26.734,-29.097,-10.901,7.01,-24.984,-10.079
45.554,146.768,50.387,23.194,32.717,3.064,22.358,-55.461,-20.786,6.833,-23.17,-21.394
43.493,57.244,79.114,-18.337,69.54,11.164,35.78,7.618,-13.339,1.457,-49.261,-4.17
34.282,76.664,-6.158,-26.127,36.423,4.242,38.614,32.424,18.128,-38.32,-38.103,3.431
38.619,113.328,-20.034,26.47,8.166,37.567,11.802,-70.728,-13.16,5.559,-31.546,-17.804
42.85,12.616,15.864,8.537,72.602,54.606,54.643,31.657,-19.953,28.82,-18.728,1.841
45.424,74.27,30.443,-24.709,69.054,-5.561,-3.715,31.367,18.9,-1.491,15.988,-10.481
45.687,114.842,24.11,-14.973,35.993,-13.368,-40.724,12.84,-14.603,-1.686,-32.032,-22.235
41.815,157.995,5.154,5.374,49.899,-9.308,47.959,0.392,-11.195,-24.146,-38.662,34.989
41.27,81.587,43.824,-113.354,43.704,4.19,25.378,0.446,-15.133,10.591,-8.925,-3.911
46.624,93.131,33.465,34.159,56.402,-26.491,9.832,14.328,-30.839,-20.612,-38.386,-8.138
41.224,26.73,32.213,-32.134,34.648,-26.555,7.051,-7.983,-38.216,-3.614,-1.79,-2.399
44.894,52.449,71.757,-39.599,43.706,-5.065,11.63,30.882,-33.26,-10.777,-19.611,-14.549
48.37,57.636,94.631,-8.919,88.575,-1.499,48.979,-14.829,-21.376,22.499,-6.892,10.322
40.306,54.493,4.663,229.734,75.133,-28.966,-3.924,40.823,-0.134,-44.292,-79.756,18.915
30.886,146.912,72.091,-132.492,41.589,87.386,16.288,-54.357,0.987,16.784,29.417,-6.769
38.563,108.591,-18.467,26.478,53.244,34.441,-48.43,13.419,-53.459,0.13,-36.055,-9.509
48.572,-2.604,-67.414,7.463,13.995,-100.264,4.982,37.544,-11.258,0.563,5.49,1.911
44.903,65.529,-69.019,-26.013,9.519,-47.922,44.766,-20.293,-21.404,-4.013,0.097,-4.477
45.039,44.905,-53.811,-13.276,2.006,-63.451,46.531,-16.996,-47.046,13.233,-11.283,-6.039
49.598,65.233,-33.28,36.03,4.373,73.735,53.506,-6.372,-6.141,-34.812,-24.331,2.978
49.34,5.537,1.739,52.232,44.011,-18.964,61.69,2.851,-15.954,22.831,-9.813,-19.148
46.719,32.073,-5.963,32.45,47.961,-52.93,23.603,-15.107,-31.786,6.365,-8.786,-17.158
46.718,49.917,29.834,38.322,71.349,-22.916,2.774,16.946,-11.289,-25.515,-13.44,-14.722
50.12,56.289,5.427,-28.797,25.223,46.067,-8.615,51.278,-31.776,15.05,-26.409,-24.547
46.93,158.701,-121.893,-53.267,17.725,-31.732,10.763,-32.765,1.663,1.901,-21.5,31.006
50.327,130.131,-53.732,-99.081,24.377,-7.636,36.01,-77.775,-8.334,17.369,-23.575,14.01
53.272,35.628,20.725,4.827,11.113,-33.184,61.56,1.556,-28.094,0.444,-5.973,-6.217
54.759,43.38,2.888,94.03,13.221,-32.073,27.582,-25.424,-24.077,18.55,-57.681,12.773
49.142,4.694,-29.216,101.157,5.637,-27.096,37.663,-2.875,-31.436,-4.213,-76.545,0.531
47.304,116.627,-46.55,-35.417,-16.321,-2.091,11.139,-14.876,-54.203,0.56,-21.839,-27.691
42.606,141.436,-49.586,-38.553,20.062,-13.316,43.632,-8.606,-32.443,-20.494,-21.773,29.571
46.339,39.862,-46.793,-84.124,49.478,41.447,38.755,-29.102,-20.212,69.154,-23.359,12.507
48.107,-6.319,-50.593,36.487,30.74,-34.865,26.99,34.703,5.839,-5.04,-30.552,-28.87
43.003,42.725,-65.85,-33.009,8.803,-74.822,45.857,-21.499,-51.759,15.666,-18.087,-3.667
43.978,16.785,-52.207,-0.992,19.074,-77.046,45.644,-11.348,-59.713,21.26,-11.408,-13.648
48.188,56.967,-4.599,-20.762,9.094,80.255,55.08,19.349,-8.834,-49.25,-75.468,0.452
48.495,29.842,34.992,-30.422,22.107,42.716,64.441,15.436,-6.633,-6.974,-45.482,-32.335
45.606,51.673,-23.018,35.123,10.818,-64.791,6.139,-5.837,-33.932,19.483,-2.68,-7.934
45.322,86.084,12.945,21.067,38.847,18.572,-2.169,-6.962,-53.11,-36.048,-6.264,-14.403
45.736,110.579,71.078,-0.365,84.504,57.33,8.097,17.057,-52.236,-1.607,-30.627,-11.921
47.756,82.863,52.434,22.827,92.944,65.998,17.339,-5.185,-52.192,36.81,-26.155,14.193
53.013,29.598,-4.641,5.966,48.001,13.448,26.491,41.66,-13.247,21.27,-10.541,12.323
48.527,75.774,-15.966,25.86,38.087,12.521,30.804,21.244,14.884,20.987,-19.893,3.683
49.459,47.584,46.368,-42.503,33.334,64.949,54.578,7.381,12.628,3.818,-70.46,13.093
49.493,47.394,19.489,40.296,15.665,25.388,34.31,12.297,-19.411,-1.707,-9.883,-31.115
45.962,76.816,-8.371,-33.235,-0.401,-43.494,27.249,-17.855,-28.004,32.321,-13.595,-19.563
47.581,110.451,7.062,-22.459,-31.728,-20.169,-1.808,4.058,10.802,-2.724,-32.714,-17.869
47.895,-36.082,-72.106,7.452,26.583,-79.243,10.823,33.966,-22.411,1.806,-15.497,-13.946
43.592,31.963,-71.571,-34.994,21.378,-37.285,61.3,-16.422,-26.952,-36.811,2.817,-17.687
44.198,25.201,-58.558,-7.534,8.086,-73.369,41.26,-17.418,-58.344,18.386,-11.379,-29.111
50.547,69.085,-40.731,98.982,4.627,35.447,43.296,-27.448,-18.538,-0.313,1.098,1.941
48.839,23.139,2.591,27.375,47.783,-9.59,66.027,12.255,-2.158,-8.424,-20.044,-35.458
45.207,58.552,2.944,-2.64,68.762,-13.309,32.993,39.697,-17.74,-11.536,-23.796,-25.38
41.85,49.082,-0.361,31.055,90.136,-75.586,14.148,-6.681,-42.043,23.656,-2.23,11.609
50.551,37.398,21.825,-17.624,22.724,101.158,24.189,26.778,-31.612,17.863,-20.077,-26.752
47.387,83.401,-41.43,-136.2,10.646,35.933,33.162,-6.81,-13.393,-47.408,-6.659,-43.042
53.389,38.12,1.592,61.606,17.476,5.036,47.202,6.007,-18.1,16.496,-34.501,-5.544
56.034,64.748,21.269,44.289,16.437,-38.287,24.256,-19.786,-4.513,35.921,-33.348,15.441
48.933,27.279,-49.75,87.464,-12.888,-49.355,-7.642,-5.272,-17.986,0.778,-69.82,16.684
44.985,53.11,-59.955,-106.607,35.406,-12.906,53.361,-52.753,-28.092,-8.528,-20.297,10.971
45.325,34.935,-8.594,14.28,46.124,33.955,58.034,77.328,-13.815,-7.235,-49.355,-11.974
47.309,-7.929,-55.033,4.76,49.458,6.539,35.383,47.94,-38.873,63.238,4.047,-15.72
43.033,42.65,-67.269,-24.078,16.004,-72.035,49.812,-23.418,-52.935,14.706,-22.578,-6.608
43.227,23.98,-55.421,-27.777,15.949,-22.553,57.192,-9.124,-32.466,-32.11,-9.826,-20.314
51.249,75.159,-22.313,118.183,-6.169,-61.479,21.778,-25.24,-21.558,11.941,-32.042,14.457
49.157,26.604,1.981,8.884,35.478,-5.658,34.707,3.27,-43.289,25.027,-19.675,-38.48
47.982,81.519,-23.357,-0.832,32.434,9.763,30.402,-34.874,-52.154,5.201,-48.204,-14.313
44.97,64.365,-0.817,60.367,44.468,-2.323,2.171,-9.101,-56.198,28.694,-18.65,-4.454
46.616,104.658,94.749,-83.771,99.033,14.353,48.284,-40.089,-34.688,-5.731,-3.67,-22.814
47.792,83.785,33.452,108.338,37.993,25.089,-40.263,-3.837,-39.67,-12.546,-73.713,2.067
51.289,67.021,36.329,-46.219,36.015,30.627,50.767,-3.911,-51.085,68.137,23.472,-20.676
50.589,32.867,0.378,86.665,16.313,-54.5,2.456,33.552,-15.021,12.906,-54.136,12.678
53.534,64.903,14.558,110.273,18.34,-38.604,19.2,-11.614,-24.837,18.589,-50.772,20.792
49.779,22.534,21.225,53.679,37.433,-31.312,26.658,16.98,-24.319,41.444,-20.368,-32.581
45.171,76.381,-9.604,-28.791,4.164,-53.444,35.269,-14.652,-42.483,23.083,-17.392,-25.223
47.347,114.397,11.293,-19.028,-26.643,-9.837,3.357,0.142,11.842,-3.206,-39.8,-17.258
48.287,-20.154,-66.787,10.536,27.014,-70.55,13.796,40.821,-27.867,9.535,-11.17,-14.779
53.07,66.873,24.404,47.269,10.889,-3.563,48.463,-4.016,-3.181,42.431,-0.337,-10.146
48.688,20.031,-21.113,3.387,41.611,-45.798,50.165,-16.397,-18.556,-10.726,-17.429,-13.374
51.249,28.319,4.193,-24.723,57.431,33.938,45.104,23.864,1.498,-30.408,-40.844,-18.504
49.806,68.656,11.044,48.375,41.122,-1.094,8.924,31.362,-28.155,-7.103,-31.157,-40.459
47.945,45.076,-38.403,-9.61,49.855,-0.632,13.413,7.83,-43.364,28.01,-31.122,15.82
49.694,35.374,-29.54,-42.894,43.266,4.674,37.204,11.827,-29.777,18.167,-36.532,-9.066
48.712,29.297,-38.308,-38.963,45.082,7.719,38.643,25.93,-11.952,37.229,-47.186,20.329
53.486,113.336,-20.777,15.922,-7.753,56.635,7.854,27.639,-21.762,4.351,-15.33,-19.532
48.241,186.664,-12.916,-59.675,-58.419,18.982,-23.45,-5.063,-32.361,-7.604,-13.329,-37.429
47.981,-10.258,-65.259,15.428,1.925,-60.998,-1.121,17.593,-6.479,13.543,4.043,-12.664
44.619,54.374,-53.668,-11.614,-5.565,-47.325,39.183,-28.843,-34.966,3.612,-14.393,-17.039
47.131,70.781,-15.377,-91.876,9.788,2.973,31.655,27.702,-5.663,-24.487,-24.722,-14.97
51.469,145.689,-17.163,-27.264,4.178,34.744,25.944,-59.287,-11.341,0.148,-45.959,0.501
49.888,20.72,15.191,-21.031,34.802,-42.728,34.097,-4.741,-37.019,-17.934,4.737,-10.547
50.43,48.662,29.466,24.2,19.083,11.207,19.529,1.987,-20.74,-10.565,-74.215,1.186
46.669,44.958,-4.412,-38.798,1.4,31.377,21.67,-12.161,-29.343,13.851,-64.031,3.543
49.783,-2.388,14.161,34.919,27.703,-24.791,53.097,-37.124,-25.318,27.085,-44.661,-9.794
46.719,-53.839,-10.34,31.765,62.14,-3.932,64.748,0.498,11.95,-13.73,-37.864,-4.246
47.936,-2.472,-49.374,-25.038,44.938,67.694,37.917,64.808,11.243,-14.899,-25.69,-15.302
56.804,136.913,31.338,13.526,-19.955,-38.556,-16.533,27.316,-13.92,19.966,-3.245,-26.686
51.872,62.124,-61.61,77.832,-51.393,-52.808,-32.03,-13.91,1.211,-11.722,-35.877,-22.083
51.368,70.624,-22.074,-70.407,-36.43,25.525,-0.799,50.559,-21.292,1.739,17.728,-32.238
52.461,101.641,-58.262,24.399,-57.505,-21.696,-35.242,-7.893,-6.416,12.202,-27.625,-20.541
46.592,-20.184,-93.267,-10.92,8.892,-83.869,-3.93,4.912,-3.133,5.95,-7.774,-14.0
44.449,33.224,-57.698,-23.358,-0.426,-17.579,45.056,-8.987,-17.888,-40.182,-16.692,-18.415
48.187,18.848,-33.146,-20.293,37.032,-11.632,37.57,-26.614,-7.994,28.804,-11.61,2.342
49.269,18.595,15.997,-14.801,4.679,11.498,35.785,18.019,-0.124,21.119,-66.39,1.089
50.002,62.269,3.744,-39.766,5.666,87.989,49.17,11.277,-11.834,-49.04,-64.099,4.837
47.697,135.848,-47.832,-7.853,12.179,-26.783,48.972,-24.92,-17.718,-12.457,-5.758,-8.176
50.648,14.403,62.402,14.765,81.075,-39.414,29.131,-14.71,-31.655,39.282,-2.043,-21.969
49.37,-0.538,48.727,19.106,56.936,-17.031,18.762,21.015,-19.377,5.345,-52.894,6.407
49.409,37.396,-33.967,3.809,10.175,43.231,32.001,28.463,-30.97,-1.811,-27.999,-19.576
43.583,53.319,-103.539,-0.667,-12.328,6.314,12.342,-30.711,-17.281,-15.19,-62.084,-4.976
49.877,4.7,-38.001,-29.045,51.619,32.869,60.379,60.77,-33.116,1.138,-5.932,0.512
45.181,73.823,-97.186,-5.621,-1.652,-14.626,22.014,-22.505,-27.815,-9.8,-43.901,-11.699
47.996,100.12,-41.506,-117.306,-2.767,60.962,6.211,-17.512,1.787,-4.571,-55.02,-6.25
42.456,107.673,-153.65,-18.962,6.308,-37.774,-19.994,-50.737,3.295,-0.396,-52.432,-7.538
46.318,173.148,-44.506,-80.338,-55.963,1.751,-24.271,-9.044,-17.55,2.889,-11.274,-26.688
47.152,-6.78,-83.234,-12.296,28.118,-99.745,8.113,41.47,-11.268,-16.266,-16.01,-5.298
47.802,38.794,-32.252,-19.291,28.351,8.607,34.641,-10.777,-41.626,18.271,-44.672,3.735
47.908,85.101,-39.458,-22.658,13.443,25.043,34.426,-67.301,-16.899,-5.716,-51.039,-8.488
52.265,105.206,-25.439,65.832,26.838,25.344,28.824,29.431,-22.264,14.692,13.638,-18.065
49.029,-10.242,35.71,18.698,53.834,-63.149,35.585,-9.385,-31.41,36.76,-12.142,-14.772
49.766,-30.836,-3.681,-20.748,24.874,-31.63,41.75,5.305,-17.55,16.626,16.19,-17.824
49.01,39.477,15.886,45.961,28.063,-13.598,41.525,47.584,-7.407,0.381,-66.725,14.857
48.136,105.644,-34.062,29.354,-8.557,25.75,-19.345,5.292,-33.737,6.275,-16.263,-25.795
46.088,39.545,-82.233,-67.609,21.794,27.207,8.811,-7.838,-10.307,21.025,-53.174,-0.566
48.568,14.615,-57.883,-34.878,-0.139,15.662,14.537,23.161,-34.621,3.874,-24.379,-14.944
51.39,59.619,-32.471,20.717,20.207,59.099,9.447,4.696,-22.719,22.716,-39.245,-19.77
45.782,60.932,10.551,-95.483,-21.867,-11.61,21.506,37.788,-9.065,-13.364,-31.473,-17.466
45.746,-32.776,-107.304,-6.706,13.042,-108.721,-13.642,36.362,2.472,11.748,0.876,-9.918
48.667,34.8,-21.405,25.077,15.461,64.458,51.413,42.092,-3.415,14.298,-40.433,-10.924
48.156,7.327,-28.619,24.301,35.069,-19.26,42.144,6.552,-29.689,19.518,-16.031,-16.446
44.098,89.871,-76.398,-64.068,5.841,-27.839,15.41,16.297,-32.721,30.565,-43.764,2.606
44.875,98.883,-56.875,-86.366,3.391,20.872,-1.771,20.9,3.032,-6.881,-70.445,3.981
45.934,175.395,-4.565,-29.899,-20.715,45.16,-13.648,26.479,-17.946,-9.052,-7.461,-45.204
48.671,29.058,-114.582,91.296,-7.259,-78.181,-33.805,1.167,2.852,7.775,7.735,5.361
41.929,76.99,-124.036,-46.472,-21.407,-54.457,-24.332,-26.755,-13.424,26.516,-17.409,-17.311
46.276,107.299,-76.285,-65.293,-17.89,16.183,-15.053,-8.45,-36.305,16.483,-81.149,-6.57
45.929,55.565,-59.424,-101.431,-2.216,36.708,2.266,49.218,-15.662,5.03,-32.161,-23.29
47.576,60.356,-78.815,28.633,-26.27,-11.204,-12.193,5.004,-54.825,-2.774,-33.91,-24.171
48.124,69.306,-73.188,31.843,-13.491,99.052,5.339,-13.632,-13.571,-1.463,-56.959,-23.146
43.245,110.513,-75.76,25.711,-29.993,-18.796,-4.982,7.787,-39.474,-1.277,-36.295,-34.203
44.56,-65.848,-94.41,31.6,1.246,-94.385,-7.873,8.413,-8.836,19.615,2.622,-5.245
51.012,41.119,7.416,79.468,8.182,7.668,52.348,4.701,1.772,14.607,-25.729,-17.731
47.225,76.772,-39.351,1.428,-22.885,36.048,5.951,-1.53,-20.017,-27.039,-21.331,-30.435
43.031,68.207,-99.403,33.675,-0.776,-16.243,17.512,-29.189,-22.879,23.492,-19.376,11.017
47.937,107.524,-8.818,-83.205,11.282,-9.936,16.871,55.788,-4.493,2.245,-66.073,17.378
47.481,78.385,27.889,-63.259,-8.826,85.842,28.379,7.82,-41.826,-1.057,-37.638,-25.153
47.591,53.282,-129.582,41.428,17.386,-85.473,-23.882,47.652,-1.413,-23.417,7.268,-7.722
47.993,136.364,-71.218,-47.785,7.657,66.485,-0.482,-75.238,-2.473,-3.947,-76.117,8.724
48.318,51.011,-24.27,-108.043,13.325,52.525,44.709,-5.884,-42.224,23.986,-25.837,-18.636
52.272,86.374,0.311,-16.192,23.958,-1.378,33.809,49.721,-15.4,24.231,-22.951,-5.363
53.355,101.557,-63.506,51.794,6.339,-38.579,-31.331,1.097,-16.271,11.337,-57.44,-4.123
48.726,37.851,-54.993,21.594,-13.702,76.796,1.454,19.705,-47.295,21.137,-49.295,-10.645
42.135,-9.214,-111.172,-33.716,25.421,20.974,16.088,6.893,-11.374,33.324,-9.95,-12.447
39.713,51.836,-124.835,-42.033,2.93,-71.922,10.168,-36.702,-39.695,25.108,-20.607,3.983
39.117,50.847,-144.99,-43.332,23.598,-27.56,25.052,-22.139,-16.849,-32.905,-2.549,-4.246
38.403,51.439,-152.075,-63.214,35.991,-56.961,28.371,-50.97,-21.622,-17.645,20.867,-11.645
37.968,-9.329,-130.624,-31.932,36.213,-77.175,9.302,28.153,8.687,-48.78,-41.525,-14.546
49.758,121.391,-104.502,106.451,26.774,-63.278,-21.679,32.743,-20.149,15.158,-46.054,19.544
48.57,58.058,-20.732,22.23,44.911,61.251,51.216,13.093,-16.431,59.795,-46.609,-6.623
44.523,40.157,-0.43,2.541,34.293,3.397,34.129,-25.51,-19.072,-23.733,-19.172,-26.776
48.753,33.222,9.468,-16.074,12.87,70.044,1.465,47.5,-28.401,-0.461,-43.183,1.868
51.504,125.218,-39.671,-12.129,-10.785,81.635,9.358,29.558,-15.791,2.268,-15.581,-18.999
51.493,133.928,-34.478,-5.196,-29.125,18.948,2.112,21.043,-36.544,2.589,-3.825,-2.616
50.923,95.977,-0.853,-100.822,-10.33,32.352,30.043,-31.625,-41.898,21.262,-35.11,-9.194
53.645,43.715,20.158,6.979,11.475,-21.857,50.348,0.524,-17.679,-9.449,-19.852,-0.188
55.4,64.582,13.511,66.119,4.148,-12.946,35.779,-33.444,-18.969,12.624,-25.659,-7.772
50.592,42.451,-5.926,48.771,-11.096,43.439,43.059,3.75,-23.498,-10.047,-37.622,-1.829
48.108,169.25,-60.241,3.897,-54.099,14.946,-15.178,-13.049,-40.154,-5.492,-30.911,-17.461
40.623,129.315,-54.827,26.653,-26.337,-40.014,-5.449,12.17,-40.871,10.442,-27.727,-5.75
43.013,45.589,-30.286,-27.057,20.436,96.36,27.265,-1.722,-39.52,43.082,-89.769,-7.39
36.565,13.528,-147.096,2.271,3.782,-46.4,20.317,-87.772,-27.169,0.141,-3.42,-12.042
38.495,-15.661,-132.218,69.037,10.785,-76.396,10.409,-46.681,-33.341,34.866,-14.636,-0.149
48.344,116.19,-97.285,71.429,27.4,64.644,9.763,27.185,-14.497,2.118,40.548,-9.176
47.755,40.576,6.126,-20.387,35.724,66.974,72.334,1.638,-23.001,14.983,-49.216,-9.88
44.8,14.734,-18.136,-9.708,46.51,19.355,62.01,-35.365,-29.052,14.657,-7.738,12.136
49.879,45.353,-7.655,-0.019,21.609,54.71,7.827,74.894,-12.048,11.331,-46.697,-11.329
48.312,177.837,-21.052,-26.896,-53.986,51.125,-5.079,-6.327,-27.613,-17.338,-21.897,-35.115
48.696,143.549,-51.22,31.806,-7.7,64.565,-14.959,12.669,-31.424,-6.199,-56.407,-15.655
53.387,26.741,-27.475,17.105,-5.321,38.283,24.368,12.441,-50.628,28.99,2.084,-9.706
51.732,53.931,-0.476,-25.92,30.218,86.44,49.483,36.516,-29.18,-2.528,-31.252,-2.719
44.755,65.021,-63.585,47.857,24.576,-25.328,29.905,6.535,-3.516,4.213,-24.401,9.668
51.336,71.539,-26.822,28.706,-3.478,-25.661,18.017,68.617,-27.399,-13.347,6.381,8.136
47.09,60.434,-30.771,-34.546,-0.088,8.822,13.444,27.908,-37.776,-18.074,-65.247,-10.901
48.967,81.607,-36.68,-55.759,12.785,34.003,3.913,6.035,-22.638,3.413,-51.089,-31.27
44.188,62.135,-52.582,-19.481,-22.692,-28.065,31.875,-14.013,-38.884,-23.946,-36.423,-18.793
50.842,105.815,-35.205,49.502,23.94,48.804,55.839,19.476,-23.299,-17.61,6.125,-6.668
46.401,62.503,-24.604,-16.24,31.957,-12.354,62.41,-10.667,-43.573,3.286,-62.967,-24.087
48.601,96.617,19.541,-8.8,42.507,29.363,-3.193,16.398,-49.955,9.842,-37.546,-12.507
46.717,103.383,7.16,32.869,65.561,58.436,-0.511,-30.991,-19.379,-13.034,23.513,4.265
47.462,60.785,16.63,-107.126,24.172,8.558,-13.545,28.001,-28.763,1.865,-21.594,6.984
51.945,142.831,-34.921,-1.678,-43.092,8.864,-9.332,8.498,-29.771,7.898,-4.389,-11.022
53.166,132.722,-39.896,8.336,-44.938,12.759,-12.346,8.885,-42.323,14.184,-19.664,-13.955
51.228,93.212,-8.426,-46.358,-28.916,21.353,18.386,-9.405,-25.858,4.293,-14.187,-21.583
53.736,72.683,-3.313,80.54,6.625,-45.949,34.43,-11.825,-5.661,23.744,-53.089,4.464
48.949,17.114,-8.383,56.673,-10.475,-10.522,45.839,18.854,-15.443,-14.996,-67.891,-2.301
47.213,99.351,-59.122,4.17,-38.897,-11.806,-41.795,-15.387,-17.05,10.771,-47.552,-32.855
42.205,108.434,-34.939,-42.685,-14.025,31.48,7.687,-23.502,-23.024,4.032,-19.727,21.446
47.712,55.866,-37.713,-13.783,3.622,62.318,-6.26,-0.642,-33.971,20.227,-14.402,-39.728
42.75,47.633,-69.272,-29.465,12.783,-59.872,53.642,-25.809,-49.305,2.214,2.008,-9.839
42.582,40.635,-61.744,-23.709,12.232,-55.644,58.61,-36.282,-58.113,-0.014,-3.76,-24.206
52.252,123.185,-24.093,85.06,17.041,-52.397,26.601,14.766,-25.639,11.549,-24.97,1.913
49.448,64.541,20.74,47.399,7.159,12.229,85.611,15.226,-16.392,-14.663,-34.606,-12.257
49.536,97.523,-6.12,-21.449,19.019,25.362,-14.754,-10.024,-7.978,1.172,-32.291,-6.942
47.715,88.382,29.997,-5.483,58.921,26.128,5.402,60.978,-13.077,-25.923,-44.758,-3.103
47.707,184.064,45.881,-57.131,-13.62,-15.802,-67.249,-15.204,-23.401,-6.738,7.934,-18.283
53.357,169.794,118.412,50.581,50.195,9.843,-44.953,10.549,-10.656,-17.386,2.399,-27.365
53.38,108.571,-16.685,-10.476,-21.813,-26.31,-15.857,-9.477,5.704,-10.266,-21.696,-44.65
54.183,120.089,17.775,70.724,37.075,-20.14,29.839,15.586,-10.423,19.741,-31.45,-11.753
47.693,76.936,-1.527,28.771,-23.753,-39.029,-16.867,-8.506,-34.173,3.838,-50.263,-23.128
47.975,78.975,0.459,-21.667,35.325,-20.042,30.633,28.369,-17.42,12.118,16.329,-19.347
50.52,76.115,-22.912,-0.717,-2.449,4.766,-14.207,-6.975,-8.352,7.722,-50.8,-25.968
44.892,23.206,-36.282,-61.526,16.541,-34.446,46.182,34.771,-41.927,-22.907,-19.808,-17.155
44.023,19.14,-44.35,-26.92,0.737,-37.265,37.145,16.395,-31.006,-15.954,-19.115,-19.818
43.309,36.03,-54.984,-16.56,-2.807,-66.291,48.083,-28.928,-67.382,17.361,-20.996,-20.366
48.268,77.281,-21.284,-26.297,19.873,57.008,56.938,46.452,-20.357,-47.258,-51.22,-13.135
50.778,74.43,32.591,-14.34,23.204,-19.385,54.032,11.996,-17.21,47.367,-8.519,-30.813
48.907,97.368,62.718,32.373,42.724,-1.994,37.136,1.794,-12.442,22.105,-38.58,-42.789
46.603,109.574,8.548,44.967,85.136,35.789,7.356,-28.942,-16.868,-3.841,-32.037,20.355
49.325,89.976,-56.235,-64.145,-2.313,21.455,-33.475,32.078,-2.553,16.083,31.587,-45.814
48.721,117.142,-82.845,18.151,-18.504,-97.146,-28.019,27.282,-14.472,17.069,-1.693,7.205
48.849,70.79,-88.798,-6.456,2.769,25.378,-12.03,-7.267,-30.917,2.638,-45.607,-51.607
47.93,81.068,-98.882,73.354,-0.839,85.543,0.823,13.726,9.281,-9.181,-37.849,-15.694
42.241,84.306,-64.142,-30.785,-28.686,8.363,-3.356,6.647,-3.099,-7.306,-66.079,-4.691
43.81,2.646,-91.84,-34.763,30.331,-52.994,18.895,7.694,-44.984,60.673,30.715,-3.076
43.171,33.572,-70.612,-17.555,16.471,-43.976,59.318,-25.015,-41.557,-24.274,-1.075,-18.509
47.636,77.296,-0.94,-75.805,19.571,30.042,82.335,8.377,-15.695,-32.081,-47.826,2.355
46.934,96.776,-20.126,-84.55,-19.613,4.138,13.696,2.491,-2.814,-26.973,7.565,-29.666
53.04,120.347,-24.612,86.003,16.444,-45.987,2.753,12.503,-18.853,-6.16,-30.837,-2.899
48.493,82.35,26.165,-67.662,52.173,-2.778,61.337,-2.353,-28.031,8.462,-15.986,-9.198
46.934,155.066,2.18,83.713,91.624,-100.439,-10.322,22.11,-40.779,6.602,2.223,9.17
45.354,174.21,81.329,-2.158,71.367,28.879,-12.929,-50.097,-69.97,20.207,-64.691,8.048
43.664,144.065,-22.749,159.372,42.984,22.556,-53.814,-25.002,-25.636,-15.392,-34.611,17.531
46.087,109.929,-75.602,-21.064,17.721,97.519,7.585,15.718,-48.876,35.706,-10.725,-34.204
45.18,159.187,-20.548,-138.732,-13.487,59.964,23.778,-5.916,-3.769,-28.649,-34.242,-10.593
49.142,229.61,-26.101,-2.797,-32.96,-15.671,23.972,-25.903,5.974,-11.277,-11.823,11.363
47.387,133.777,-8.243,-10.435,-8.117,-14.056,14.723,-16.814,-9.457,17.64,-44.099,-18.478
44.229,105.123,-21.914,-11.855,2.68,-28.853,52.748,-19.592,-25.724,-1.357,-40.013,-7.548
48.775,32.254,-128.74,33.804,35.665,-40.606,6.575,-0.153,-6.826,9.4,20.477,0.004
44.891,41.427,-66.766,-54.355,14.285,-40.152,47.621,22.434,-41.499,-38.317,-6.935,-18.308
48.686,55.552,-7.453,-52.792,32.112,16.856,71.402,-26.676,-13.165,2.028,-57.822,-6.239
49.665,68.025,2.985,3.817,-29.214,3.831,21.055,12.264,-56.653,17.87,-20.146,-20.13
53.175,118.586,-5.062,62.831,-6.496,-22.849,16.805,17.085,-17.316,17.14,-21.475,8.538
46.504,51.947,-12.212,36.372,-20.872,-52.002,15.423,-9.789,-58.424,23.671,-33.87,-13.074
50.796,52.12,76.084,25.802,55.901,-9.463,24.585,-2.065,-23.807,23.183,6.022,2.695
49.0,-28.536,-67.203,53.801,-12.996,-88.87,-0.271,7.855,-31.467,-10.343,-24.457,8.488
47.613,44.198,-2.554,-92.599,-4.745,6.127,60.109,3.745,-39.341,-17.145,-30.894,17.655
49.353,130.16,-28.937,11.697,-75.657,-19.927,3.07,10.239,-67.503,-14.513,-32.056,0.583
52.158,31.656,-47.908,44.864,10.198,25.798,13.364,27.129,-42.899,10.765,-28.012,-28.951
52.17,78.341,-20.931,70.496,-15.195,28.053,21.957,-5.478,-20.382,14.63,-34.055,-6.505
44.425,-15.504,-10.437,19.797,32.76,41.223,65.064,80.562,3.378,-21.69,-51.286,2.104
45.427,-74.418,-78.843,0.419,24.801,-117.644,14.926,22.539,-31.493,21.543,16.413,-9.841
43.657,36.575,-57.735,-14.202,3.24,-20.39,46.275,-10.905,-12.094,-42.56,-18.817,-15.272
50.174,42.382,2.675,2.409,18.488,56.208,37.545,14.332,-25.125,4.644,-21.92,-37.165
49.91,59.225,26.739,-60.941,16.413,61.631,45.032,0.646,-18.981,-16.708,-50.161,-17.813
49.483,18.264,36.418,-5.616,28.385,-15.964,45.873,29.315,-21.245,2.857,-53.497,-21.133
47.776,90.009,9.43,-8.366,8.255,5.599,23.836,-2.291,-31.434,12.882,-9.73,-9.675
47.765,-31.418,-68.69,44.316,10.513,-50.681,18.241,23.868,-27.395,17.574,-7.251,12.133
47.628,40.37,20.82,-85.761,1.892,70.831,46.856,41.85,-24.824,-22.048,-69.925,0.018
49.959,120.608,15.594,-58.647,-53.64,-12.024,4.709,-53.272,-61.494,9.303,-13.764,-38.93
53.554,38.755,-27.614,36.575,-19.882,-18.3,9.764,40.586,-60.588,-10.685,-18.808,-32.545
51.881,51.005,13.657,36.282,18.825,3.095,60.739,19.852,-19.953,-1.061,-21.355,1.906
55.068,100.757,42.901,19.287,-10.022,-26.898,48.899,-8.11,-31.31,21.336,-10.855,-7.811
51.783,24.282,-37.4,49.528,-23.511,-19.478,-6.529,5.953,-17.972,-4.344,-23.267,-19.089
46.995,-28.865,-39.327,-2.921,28.029,-2.306,44.041,29.74,-15.255,-7.075,-30.806,0.805
43.818,-80.141,-121.698,1.745,19.835,-110.476,4.955,-8.613,-15.779,8.222,-14.344,-2.163
42.197,-41.147,-47.708,-52.41,-10.698,-47.337,42.412,19.345,-41.245,-13.307,1.699,-21.414
43.584,25.99,-60.693,-17.448,10.121,-76.617,51.006,-23.942,-60.852,19.757,-18.502,-11.764
43.379,35.278,-69.576,-31.799,19.069,-40.567,60.165,-18.775,-30.187,-32.018,4.628,-17.193
46.011,78.185,-62.381,-34.779,20.413,-24.457,47.286,-38.294,-36.115,-13.881,-26.071,-4.208
50.971,87.001,-15.132,94.359,-12.883,-2.94,41.544,-21.909,-25.348,6.821,-33.006,-2.838
47.99,71.371,-24.731,3.893,17.271,16.485,33.079,10.482,-39.271,-12.877,-20.98,-14.324
48.079,81.986,50.907,-53.81,51.221,4.225,47.461,-62.404,-8.657,-9.18,-5.979,-13.034
50.509,-20.56,-25.834,90.339,18.068,-14.681,19.021,7.791,-25.82,5.245,-19.071,6.468
46.887,39.41,-54.383,-80.396,49.945,-9.247,36.796,42.224,5.738,1.884,-7.919,2.856
43.883,25.88,-95.282,90.214,-43.565,-18.092,-2.799,-29.663,-33.997,0.841,-30.064,11.62
48.661,55.507,-72.492,-47.078,22.893,72.139,19.357,18.469,-28.822,12.93,0.466,-28.119
45.241,95.889,-118.595,-15.856,-0.123,-32.456,4.306,23.345,-61.691,4.234,-7.939,-19.447
54.158,59.344,26.785,31.948,1.498,-31.866,53.215,-46.079,-19.325,27.336,-19.425,-10.546
48.764,21.617,-46.179,98.016,18.705,-25.685,31.621,20.254,2.906,-20.908,-65.664,-22.32
38.303,76.82,-63.315,63.572,17.659,-6.485,72.371,-30.1,-46.428,0.522,-37.65,26.276
42.961,-25.853,-59.512,-26.482,47.979,72.701,53.782,17.667,-30.432,58.486,70.628,-26.68
43.786,48.678,-56.666,-13.505,-3.749,-56.922,37.782,-22.943,-42.742,17.458,-31.01,-4.564
46.802,29.581,-8.481,-60.056,24.352,34.039,50.113,19.124,-28.943,-14.688,-52.91,-19.327
46.412,27.27,-26.102,-39.33,47.74,-9.419,53.758,-36.488,-28.804,25.714,-35.66,-17.492
54.154,75.036,39.898,50.252,31.408,-29.376,49.978,-19.953,12.027,43.998,-26.987,-6.652
47.919,20.294,-5.14,37.085,20.338,-20.691,45.448,-18.877,-44.892,27.787,-27.789,11.398
47.377,92.993,10.613,27.217,-26.21,-20.319,21.509,-30.035,-42.861,-1.517,-20.5,-16.549
50.922,39.604,14.458,-30.025,10.085,42.214,27.097,1.367,-1.865,18.902,-29.656,3.835
48.136,71.953,-8.241,6.942,23.253,30.063,30.327,-3.252,-9.293,-25.386,-72.317,4.762
49.602,-17.441,-70.821,-17.18,48.631,24.314,32.299,24.403,-32.247,29.952,-27.717,-9.3
49.454,11.257,-6.546,-73.669,28.059,76.868,56.33,-12.744,0.077,11.144,-5.083,-19.858
50.36,24.406,34.067,37.476,37.608,-19.541,50.023,8.958,22.134,-25.012,-33.82,-41.76
47.367,76.51,-25.544,-45.446,11.52,-1.994,46.765,-29.542,-13.597,-7.252,-22.266,-21.387
45.369,12.432,12.469,-28.413,67.132,-34.377,46.811,5.935,-5.176,11.073,-19.382,-6.989
42.254,20.284,2.137,31.376,86.701,24.68,30.272,6.159,-20.468,2.239,-59.017,10.775
36.359,28.959,-20.189,3.517,34.526,-6.131,-8.241,5.158,6.887,-21.244,-29.309,-3.01
43.946,76.068,22.501,15.979,18.914,3.479,-7.512,-3.342,-26.944,-15.478,-13.283,-29.601
40.382,41.65,47.058,-50.568,80.979,37.221,49.266,3.613,-17.396,13.969,-53.446,10.573
32.514,30.384,-44.688,70.425,16.597,-62.154,18.989,-33.895,6.035,-1.681,-47.707,16.123
35.197,16.284,-9.998,-17.084,10.382,24.341,9.867,6.011,-13.733,11.355,13.517,-22.403
35.322,-35.217,14.391,6.687,53.588,-4.598,27.66,19.539,-5.741,10.557,-33.822,5.655
40.902,-19.291,2.951,-50.834,98.123,41.852,12.057,53.039,-2.591,29.374,16.678,-14.068
42.853,23.049,8.026,-42.179,78.83,-6.159,2.101,5.437,-3.889,27.129,-13.194,7.798
41.437,32.164,-15.437,-37.19,47.076,-5.552,-1.217,20.476,0.476,6.881,-21.098,0.741
40.796,56.587,-30.751,-21.229,7.726,-9.152,-28.538,-23.432,3.424,4.597,-28.659,-12.282
41.802,55.042,28.173,-54.694,21.499,30.287,-35.618,18.437,12.716,-12.821,-37.344,-24.891
38.37,18.567,5.958,65.913,81.32,35.678,13.659,27.31,-9.586,2.754,-68.271,13.507
35.889,31.678,5.021,-11.648,8.367,6.999,2.991,-12.198,-15.391,26.711,17.635,5.315
41.47,14.621,-25.259,-10.675,44.407,-3.018,-44.087,-16.971,-17.555,14.948,-2.733,3.002
43.593,57.389,36.149,-67.898,31.412,2.776,-37.348,4.655,-6.369,15.839,-28.727,-11.372
44.149,77.051,31.232,31.14,32.273,-35.511,-0.777,-44.018,-18.482,7.667,-15.758,-23.287
47.055,66.657,76.011,-11.916,71.868,25.698,26.611,31.938,8.374,3.711,-29.205,-9.536
42.896,159.562,-27.542,33.006,15.127,-38.921,-52.288,9.791,7.353,1.875,0.452,5.23
45.606,71.227,21.456,80.178,20.359,18.451,8.725,26.914,-11.396,4.491,-33.313,4.655
42.312,135.009,5.404,-27.712,32.59,10.859,11.412,-55.207,-12.654,12.231,-37.977,4.972
42.975,158.111,3.116,-24.925,16.967,58.01,0.481,-72.628,-2.171,-7.256,-11.253,-14.703
40.327,61.25,69.708,-71.115,57.77,40.129,38.204,-5.074,-15.841,9.288,-46.629,10.587
34.207,121.43,-39.669,20.968,17.929,3.227,26.173,-18.127,28.771,-43.488,-30.327,3.318
38.034,123.621,-23.852,20.124,-0.82,56.541,22.258,-71.754,-24.599,16.409,-28.368,-11.363
42.144,18.229,17.62,-4.279,79.963,54.654,45.344,29.107,-16.586,24.383,-27.573,-1.175
44.987,73.143,39.383,-44.707,74.782,-5.505,-0.576,22.273,19.011,-1.942,11.752,-17.552
45.547,115.058,13.574,3.953,37.775,-19.336,-45.511,10.894,-20.325,1.909,-38.408,-18.808
39.523,170.946,-46.494,9.798,50.868,-35.646,18.391,-54.352,14.305,-6.241,-40.917,13.276
41.413,78.144,35.134,-114.74,38.506,1.428,17.015,3.093,-15.318,16.074,-0.926,-4.691
45.786,86.373,7.729,58.709,58.769,-21.725,4.313,21.813,-29.05,-16.439,-57.258,-4.361
38.483,30.665,-31.213,-22.774,17.74,-12.723,-26.831,-24.35,-13.777,6.019,9.21,10.781
44.824,45.984,51.755,-40.409,46.297,41.909,15.978,33.148,-16.423,-12.546,-13.473,-15.828
47.106,68.198,86.795,-36.173,90.741,28.129,47.568,-6.07,-19.946,33.056,4.85,21.328
39.899,71.88,0.842,246.129,84.586,-38.578,-14.872,26.202,-1.968,-22.043,-80.505,22.942
31.915,149.098,59.378,-115.68,38.782,67.566,-10.981,-65.245,-0.788,29.197,6.445,-14.12
39.082,107.292,-25.963,34.68,41.816,13.262,-60.074,18.086,-52.203,-4.679,-49.064,-7.588
48.256,2.3,-72.265,8.212,18.387,-90.365,2.607,32.087,-13.86,15.748,17.241,1.01
44.854,64.914,-69.484,-25.767,9.128,-51.064,43.687,-21.154,-23.294,0.295,-2.0,-3.948
45.059,46.592,-58.369,-9.937,4.478,-50.257,51.645,-21.529,-40.835,1.044,-1.803,-8.043
51.934,76.815,-31.827,115.63,-2.934,-49.077,20.785,-24.371,-21.347,16.85,-31.703,14.074
49.553,7.545,-1.046,56.08,43.982,-32.137,55.019,3.235,-14.336,21.903,-14.11,-18.809
46.714,28.259,-7.484,29.018,50.917,-22.892,35.994,-18.632,-22.443,-5.769,3.132,-18.575
48.714,85.541,23.995,65.778,65.635,10.593,-8.884,0.296,8.703,-39.038,-20.453,0.712
49.486,57.097,1.709,-27.939,31.523,50.331,-8.518,55.947,-32.874,12.823,-41.807,-13.739
48.114,160.232,-103.563,-61.202,16.822,-9.692,11.48,-32.697,-4.749,6.466,-43.115,33.813
50.855,131.578,-49.207,-91.956,24.781,-12.555,31.108,-76.57,-17.192,38.306,-37.484,13.129
53.008,37.421,16.597,-2.872,11.702,-31.154,56.571,-3.804,-20.688,2.055,-10.181,-10.552
54.831,47.87,-1.518,90.203,14.921,-24.91,23.724,-26.494,-15.117,19.926,-53.78,10.756
49.067,3.889,-25.683,99.189,-2.006,-20.764,37.587,-4.956,-33.444,-9.552,-69.078,4.909
46.681,122.445,-50.73,-37.524,-25.123,4.739,11.306,-15.942,-54.261,-4.921,-20.55,-27.431
42.38,143.958,-52.641,-34.441,21.28,-12.023,41.893,-8.257,-28.231,-13.697,-23.745,31.484
46.702,29.452,-52.747,-75.19,49.45,40.752,34.921,-21.189,-15.357,75.813,-18.085,6.652
48.1,2.939,-44.685,33.551,24.769,-35.968,26.662,35.691,0.122,-4.515,-28.659,-27.772
42.861,34.445,-63.68,-39.098,13.97,-34.232,55.495,1.088,-24.899,-39.585,-9.937,-12.888
43.798,23.019,-61.412,-2.748,25.969,-44.149,58.158,-18.827,-50.617,4.773,10.488,-19.005
51.839,89.088,-20.744,121.172,1.413,-36.409,23.265,-27.102,-20.773,8.605,-38.141,8.958
48.745,27.231,43.236,-39.857,19.419,45.442,63.397,12.376,-11.863,-6.291,-43.783,-38.091
45.348,53.916,-27.103,30.77,11.134,-33.561,13.948,-11.29,-33.461,14.435,3.496,-9.915
47.56,93.156,3.557,70.282,50.595,55.309,-5.112,-8.88,-34.347,-36.352,-10.714,4.327
45.544,111.676,66.495,-8.24,79.063,54.987,6.252,9.774,-51.422,-8.645,-31.094,-13.249
48.834,101.345,37.735,38.754,81.031,76.756,8.759,-8.75,-39.431,25.103,-22.589,20.207
52.764,30.854,4.956,-0.713,45.307,24.816,36.914,39.638,-25.849,20.598,-13.558,16.961
49.181,63.366,-8.05,40.685,42.444,3.324,36.957,23.157,12.303,17.127,-20.921,6.037
48.705,48.285,43.388,-43.482,29.136,61.558,56.738,4.334,8.418,7.795,-72.457,15.437
50.199,43.966,22.05,60.566,19.292,-30.092,18.843,8.207,-22.216,3.492,-31.329,-26.773
46.683,99.839,-5.207,-48.324,0.201,-35.166,23.616,5.447,-21.062,26.79,-25.467,-17.459
47.727,-24.18,-75.784,12.65,31.458,-55.345,17.885,32.428,-26.426,17.984,2.838,-15.188
43.583,32.332,-73.746,-31.92,22.66,-39.687,60.745,-21.636,-28.114,-30.491,5.114,-17.599
43.915,18.666,-51.331,-13.791,-0.47,-80.695,37.366,-12.986,-58.306,11.713,-20.432,-26.261
48.262,49.643,-14.393,-9.031,3.054,78.809,53.158,7.252,-10.09,-50.864,-72.188,-0.984
48.534,22.929,0.314,22.026,46.575,-4.619,65.966,11.618,-2.315,-4.16,-20.202,-32.58
45.348,59.428,0.595,2.502,73.586,-18.6,31.813,39.053,-13.85,-9.844,-18.291,-28.141
45.876,86.59,-0.318,125.335,60.678,-62.169,-18.094,-30.002,-31.449,29.285,9.703,7.652
51.265,41.927,21.844,-11.87,23.219,97.075,25.492,27.229,-30.73,19.987,-5.263,-26.316
47.009,77.331,-39.362,-133.756,5.703,37.051,36.395,6.486,-9.094,-57.131,-8.271,-37.837
53.804,34.527,6.309,65.263,17.737,-25.329,38.609,5.456,-10.68,7.629,-29.696,-7.944
54.998,70.048,4.571,32.229,25.054,25.882,41.034,-31.497,6.331,25.204,11.444,0.735
49.125,39.009,-64.799,84.035,2.251,-58.687,-14.849,9.469,-14.409,19.09,-51.112,11.293
47.238,28.325,-46.566,-20.786,29.657,19.823,28.966,-22.357,-41.953,46.586,-59.076,5.848
45.585,38.223,-10.497,25.864,51.678,31.328,52.031,83.638,-11.815,-0.9,-49.571,-15.841
48.886,-29.106,-52.952,7.7,30.795,-53.877,20.413,46.312,-28.721,-0.202,-44.572,-13.818
42.908,39.24,-64.274,-26.662,13.71,-72.945,48.781,-21.447,-51.134,15.01,-25.543,-6.103
43.379,26.372,-60.381,-22.791,21.423,-20.565,58.03,-12.922,-34.548,-30.378,-6.138,-21.268
48.661,65.703,-26.849,38.622,7.114,81.617,52.218,-2.182,-5.895,-38.05,-32.655,-7.4
49.905,18.195,15.66,19.611,25.812,-33.077,19.481,13.963,-40.778,19.055,-41.726,-35.6
46.91,80.3,-19.945,-12.936,25.005,14.346,41.597,-37.301,-34.885,-27.753,-38.736,-16.342
47.702,81.029,-0.228,112.812,35.268,-49.775,-21.743,-23.471,-49.17,29.939,-27.697,13.254
46.188,100.817,98.415,-87.059,95.185,17.241,46.716,-38.587,-29.146,-8.857,-1.379,-20.893
48.759,91.214,13.949,152.6,28.202,-4.937,-61.127,-13.222,-35.24,1.225,-76.933,9.811
50.447,57.263,17.419,-17.372,40.943,27.604,38.404,7.533,-44.659,74.728,-5.393,-8.895
53.644,71.256,14.28,105.169,25.56,-29.573,25.912,-23.914,-18.37,17.601,-47.449,11.526
49.995,19.296,19.851,52.437,41.168,-17.812,24.127,14.054,-23.56,44.348,-12.766,-34.321
44.954,81.753,-14.758,-31.424,1.16,-51.778,28.391,-12.663,-41.802,19.226,-15.552,-22.111
46.969,111.735,11.473,-28.759,-26.992,-14.281,6.058,5.86,11.781,-3.889,-33.654,-16.342
48.054,-19.481,-69.956,8.314,33.297,-60.755,18.591,44.317,-30.536,12.973,-2.827,-14.081
52.059,59.073,-1.992,62.358,22.655,5.497,50.816,-8.51,-7.273,28.634,2.127,-15.81
54.161,47.06,20.618,-1.543,50.418,46.045,45.662,-15.341,6.085,-26.986,-4.747,-17.538
50.389,21.099,-7.993,3.368,66.012,-29.873,21.977,34.873,-6.387,-6.91,-28.916,-39.871
49.082,68.249,13.948,26.12,39.403,13.992,19.298,34.331,-31.126,-4.518,-32.708,-36.502
48.336,60.663,-28.677,-18.677,46.675,22.113,13.64,6.321,-34.492,17.513,-45.273,18.873
50.502,30.769,-1.472,-68.689,35.977,-4.957,52.973,-16.5,-33.476,13.816,-7.832,-17.432
49.945,67.416,-80.068,80.92,34.234,-54.508,-0.21,24.755,6.091,-0.225,-13.924,3.346
48.88,26.356,-36.921,-39.673,45.216,9.216,34.498,32.03,-7.643,40.388,-52.469,18.559
53.045,113.338,-26.111,11.035,-4.122,59.014,5.708,20.993,-14.436,1.322,-20.894,-17.649
48.632,190.97,-13.175,-41.237,-63.309,21.334,-30.171,-4.797,-34.698,-1.421,-21.822,-37.152
48.071,-16.89,-68.647,-3.954,-9.389,-85.789,-7.514,11.832,3.148,-12.077,-15.038,-10.521
44.338,41.472,-43.958,-27.119,-7.675,-22.234,43.582,-4.06,-15.655,-46.809,-18.409,-22.815
46.817,58.525,5.627,-120.925,1.902,-26.661,36.774,31.739,-8.483,-6.031,0.239,-16.864
49.298,121.916,-42.212,33.516,-16.629,-19.904,16.029,-47.681,-22.069,16.606,-49.157,6.316
51.7,147.464,-11.885,-35.425,2.261,34.754,25.453,-65.692,-12.939,-6.382,-42.979,-0.991
49.519,25.437,12.773,-17.539,26.817,-40.185,33.242,1.74,-43.313,-22.265,4.427,-9.569
50.055,54.555,30.46,12.682,3.64,4.596,15.244,-2.545,-26.674,-10.855,-64.275,8.766
47.112,49.092,-7.934,-35.234,3.305,43.633,21.891,-4.464,-19.976,17.302,-64.078,3.364
49.401,0.741,8.861,39.559,25.731,-19.284,51.794,-27.874,-18.83,21.664,-42.312,-12.253
48.705,-16.318,-35.568,85.644,53.763,16.778,37.954,-33.989,33.609,-30.604,-35.123,-6.627
51.397,14.517,-59.357,26.264,34.008,-5.466,22.087,54.485,-6.827,-8.437,-50.929,-0.757
55.118,137.972,18.099,3.741,-13.692,39.942,13.602,19.041,-11.051,21.436,51.52,-30.487
52.119,62.451,-57.484,67.147,-58.855,-46.704,-27.701,-11.587,-4.887,-23.684,-40.131,-20.824
49.308,50.749,-0.612,-116.792,-26.617,17.57,15.827,38.771,-29.082,4.96,-3.363,-22.043
52.593,106.758,-57.601,16.863,-57.284,-5.636,-34.14,-8.947,-5.015,14.007,-25.596,-22.497
46.397,-12.791,-89.113,-4.18,15.519,-45.379,11.743,4.643,-10.72,26.912,15.66,-14.066
44.605,34.119,-52.073,-27.451,-4.342,-16.264,45.278,-4.959,-22.175,-38.11,-18.875,-15.515
47.446,16.109,-28.964,-42.354,33.469,10.741,50.398,-31.071,-3.132,-5.702,-18.838,-7.732
48.327,17.644,7.928,-15.626,1.536,5.336,39.1,7.627,-1.314,20.102,-61.908,1.505
52.561,78.11,-23.568,82.066,9.01,44.049,23.034,-24.665,-15.648,2.532,-12.133,6.212
47.858,143.228,-48.619,-5.992,12.124,-38.416,44.096,-26.509,-23.331,2.235,-15.163,-5.292
50.6,13.697,65.881,21.454,79.193,-40.348,26.545,-5.492,-32.683,38.598,-4.793,-21.312
50.82,20.195,-8.705,56.279,33.413,11.905,12.851,26.429,-8.796,-12.343,-41.577,17.392
50.811,41.784,-27.777,29.651,11.096,-8.518,25.215,21.597,-36.787,14.702,-31.187,-23.348
45.012,57.759,-89.237,-17.116,-5.606,52.033,10.519,-19.716,-8.016,-21.551,-98.811,14.251
49.418,1.52,-44.412,-30.768,57.471,30.999,54.8,61.832,-25.833,-1.564,-12.196,-4.115
45.214,73.056,-97.606,-1.431,-2.4,-17.687,20.105,-15.831,-26.563,-9.936,-44.502,-10.74
46.003,97.91,-72.396,-100.346,-2.973,49.066,-5.115,9.437,7.159,-7.662,-60.538,-1.908
44.556,150.12,-53.432,-114.901,-40.269,41.625,-7.092,1.934,8.072,-42.988,22.658,-38.851
47.278,-9.26,-75.993,-5.787,26.064,-94.934,6.696,47.245,-12.016,-11.829,-10.575,-7.414
47.295,43.063,-30.525,-25.974,26.477,16.123,47.627,-15.745,-35.939,0.516,-36.163,2.125
48.175,91.141,-39.368,-13.645,9.232,18.114,31.722,-69.548,-19.811,1.899,-53.904,-9.687
52.995,111.067,-24.892,83.446,24.672,4.909,18.426,24.035,-26.381,25.181,4.114,-15.18
49.056,-15.472,41.096,21.717,51.099,-66.829,33.53,-2.172,-32.061,31.169,-12.201,-19.688
51.331,-0.95,-23.329,0.626,21.746,-17.255,33.848,-0.094,-0.709,12.408,29.612,-12.204
49.673,44.694,19.189,46.638,31.833,-17.03,42.181,41.603,-7.728,-7.585,-61.118,4.642
47.96,110.6,-44.494,33.266,2.146,63.236,-5.98,11.56,-19.498,1.182,-32.055,-9.199
48.868,12.788,-115.885,5.136,30.26,-47.396,-9.25,5.865,-9.435,29.945,5.796,-11.16
49.188,12.415,-66.83,3.57,-4.491,-22.978,4.496,26.551,-29.552,14.823,-9.727,-16.163
52.316,62.894,-39.588,45.125,17.422,35.54,3.333,6.494,-25.032,26.387,-25.086,-21.733
26.841,75.396,-104.785,311.671,9.371,-65.785,-40.432,122.436,-1.246,-67.082,-75.313,-23.39
