0.0,171.13,9.469,-28.48,57.491,-50.067,14.833,5.359,-27.228,0.973,-10.64,-7.228
43.474,-135.602,-50.22,37.915,-29.338,-84.495,-22.072,45.205,5.383,-6.847,1.191,-6.241
44.453,-1.144,-11.038,9.014,-2.378,-18.605,-44.08,-49.769,-9.848,18.05,-15.924,-5.157
46.96,-58.237,-101.525,59.554,-12.78,-110.472,-17.346,-50.406,2.329,19.501,0.212,4.239
44.738,-31.101,-23.03,9.337,-24.568,-29.433,-17.02,-30.921,13.436,-1.111,-11.264,-15.476
51.208,0.667,8.972,80.706,16.331,63.572,4.702,-21.948,10.224,-18.887,19.61,-9.431
48.594,-12.351,14.302,26.415,7.658,-52.414,1.807,-28.859,18.056,24.879,-18.437,-15.212
47.951,23.308,33.196,48.297,41.989,-69.266,6.783,-84.275,6.53,56.465,-39.696,-10.836
44.756,-157.984,-18.835,21.262,7.786,-27.281,31.381,7.828,18.035,20.64,9.945,-8.085
44.214,-135.785,23.069,-26.735,22.023,-32.631,28.267,1.51,34.831,-14.704,-7.975,-10.626
46.894,-38.781,28.959,33.674,33.957,-60.178,-3.336,-37.263,23.914,18.483,-24.073,-9.433
46.426,-102.564,-27.976,32.563,-0.658,-59.888,16.32,-18.363,22.32,48.107,-4.299,-12.314
46.74,-86.042,-9.028,16.482,4.267,-15.667,48.382,-20.462,43.189,16.915,-12.414,-26.319
51.632,-11.87,2.229,75.584,11.822,16.593,59.704,-62.887,23.655,9.918,0.636,-22.107
49.229,-41.643,8.91,40.294,16.345,-51.895,24.621,-16.1,35.837,29.931,-38.093,-21.567
48.009,-55.835,29.815,21.196,21.705,-24.2,35.574,-31.689,26.327,37.342,-28.174,-15.253
45.53,-167.242,-2.832,2.2,17.732,-27.373,39.27,7.052,23.593,11.26,0.57,-11.248
43.133,-142.184,-41.616,9.221,-25.835,-89.305,-2.332,28.325,15.821,-8.847,-1.054,-8.251
46.506,-40.99,17.877,20.466,36.046,-20.07,1.79,-46.65,22.568,35.95,-7.214,-24.728
48.499,-78.309,-59.191,56.963,16.067,-98.926,17.452,-61.435,8.696,38.021,1.073,-1.343
44.632,-34.925,12.226,22.075,9.077,-28.342,-24.758,-45.48,11.468,1.531,-13.52,-14.329
51.985,30.55,53.371,116.237,18.311,-36.45,-14.581,-34.108,-5.663,6.361,-37.877,-1.21
47.763,9.558,23.155,13.456,6.994,-39.447,-19.164,-51.795,-4.542,22.484,-19.044,-6.545
47.279,38.114,-13.564,48.904,24.409,-64.699,-42.012,-82.53,-9.642,35.986,-25.769,-6.714
43.656,-149.613,-40.025,30.87,-4.004,-36.74,0.501,22.536,9.289,18.359,21.184,-7.738
42.494,-108.597,-3.742,-33.84,5.395,-19.056,-10.78,-4.394,21.426,-13.651,-13.203,-12.532
46.932,-46.906,26.945,27.993,47.356,-24.529,-13.425,-50.635,16.36,16.771,-9.408,-8.969
46.535,-59.217,3.167,21.031,10.274,-41.699,-17.074,-29.994,15.654,19.347,-22.492,-11.216
46.685,-49.544,29.859,39.34,32.851,-13.573,7.817,-12.59,39.441,-0.886,-7.837,-18.659
50.331,-2.729,39.047,45.254,47.274,83.974,41.402,-30.744,35.925,-35.696,-9.918,-23.433
49.271,-21.524,22.876,41.417,20.236,-48.009,14.025,-23.821,28.298,27.418,-25.538,-15.283
48.265,-60.948,33.282,32.47,30.246,-39.274,34.862,-36.784,33.55,26.99,-24.202,-17.943
45.249,-172.445,-18.852,10.405,1.025,-69.688,28.013,1.222,16.332,8.622,19.29,-11.415
43.306,-142.149,-40.384,4.276,-30.245,-94.087,5.1,20.734,14.532,-14.476,-0.151,-0.628
48.197,-59.982,31.301,24.839,28.533,-37.588,48.04,-38.28,20.794,48.333,-22.007,-5.594
48.43,-76.033,-42.899,41.985,-5.572,-113.417,27.253,-59.538,-3.308,38.646,-11.37,18.362
45.063,-40.45,5.78,25.763,3.892,-30.854,-5.502,-38.122,22.653,-4.78,-16.578,-10.138
52.24,29.739,43.189,111.963,11.254,-33.706,-9.488,-31.051,-5.191,7.525,-33.756,-2.063
48.825,35.339,4.531,-10.197,18.514,-35.301,-11.661,-25.584,-6.305,15.15,-4.475,-6.95
46.742,38.013,-8.18,54.888,14.539,-79.719,-33.123,-77.01,-9.919,38.585,-38.364,1.433
43.187,-148.404,-55.338,26.912,-24.96,-61.369,-9.761,27.189,-0.632,18.233,25.555,-2.037
41.945,-90.891,-5.28,-30.361,-9.396,-20.627,-2.975,2.191,16.772,-22.712,-16.517,-1.437
46.191,-30.329,14.129,23.562,21.099,-22.141,1.129,-48.323,11.01,12.329,3.677,1.985
45.238,-82.301,-43.089,9.728,-26.804,-65.704,-2.993,-27.761,9.297,41.996,-18.309,-9.614
45.695,-68.97,-23.95,-0.901,-13.983,-10.018,37.828,-28.737,39.776,5.605,-4.397,-28.946
49.97,-22.916,2.274,22.366,6.333,66.562,73.411,-19.882,44.099,-51.09,-16.246,-19.771
48.732,-27.429,-1.629,26.22,-1.508,-55.871,24.661,-25.395,31.91,26.117,-22.892,-24.227
47.968,-69.659,28.242,31.267,24.451,-58.127,34.527,-31.197,36.773,27.244,-38.019,-19.086
44.813,-167.467,-23.691,15.592,-6.071,-71.946,22.526,7.71,18.368,19.067,27.185,-15.711
42.199,-128.182,-64.94,-2.201,-42.866,-87.262,-14.173,25.052,17.086,-27.653,-14.203,-5.656
45.555,-27.291,-15.84,1.126,1.154,-8.703,3.008,-49.346,17.465,25.155,-3.521,-21.906
48.349,-79.626,-63.404,65.367,22.429,-46.546,32.851,-61.935,21.067,16.663,30.688,-9.582
45.605,-51.433,21.481,30.996,20.374,-40.104,-9.673,-37.717,23.14,2.117,-21.245,-9.719
52.028,26.422,39.302,110.749,9.105,-36.092,-13.731,-28.897,-5.442,4.458,-27.851,-4.852
47.99,-1.12,23.213,20.048,8.774,-39.526,-15.584,-41.725,2.493,17.362,-18.357,-1.678
47.204,38.318,-18.465,46.812,20.712,-53.44,-24.734,-87.979,-10.778,41.563,-22.799,0.487
43.439,-145.061,-51.54,36.527,-16.777,-40.992,-5.388,32.565,2.933,15.165,15.81,-5.01
41.943,-97.337,-12.427,-28.369,-6.341,-18.368,-12.037,6.288,17.74,-17.195,-19.593,-4.61
46.204,-25.587,5.266,18.272,15.182,-39.791,-22.312,-50.321,5.54,19.517,-14.481,-3.616
49.288,-0.734,14.082,-43.375,5.436,-30.441,-22.466,14.129,11.544,7.935,-23.072,-10.186
52.543,29.439,49.65,99.601,19.069,-42.253,12.27,-39.738,-13.295,42.951,-45.49,4.774
48.626,-3.541,11.658,27.283,6.09,-49.372,-12.509,-33.982,15.297,12.509,-11.087,-16.527
52.1,39.862,-5.104,8.86,46.164,-57.443,9.066,-33.392,-4.403,53.063,-36.09,-3.474
50.035,-56.28,-50.217,2.093,22.76,-36.141,17.387,14.5,-6.445,30.98,-30.008,-6.221
48.677,15.757,-99.458,-46.11,51.061,-6.096,18.933,35.898,27.441,-31.23,-42.138,-8.666
49.504,0.955,-10.069,-18.146,37.967,-5.682,-13.482,34.06,-4.191,1.944,-12.742,-19.761
48.988,-4.902,-106.998,27.532,-1.921,-86.334,-19.622,3.056,-7.061,11.206,8.66,-3.225
47.633,57.896,-39.928,-130.276,-0.53,-28.072,-34.849,53.415,34.951,6.88,7.253,-13.342
54.082,29.862,-12.333,48.032,15.872,13.701,-4.43,-0.883,-7.654,1.77,-3.107,-8.526
50.433,7.388,13.817,-15.368,25.141,-1.538,15.939,-6.359,7.847,-10.406,-28.618,-18.149
50.443,47.771,2.835,0.664,42.568,-45.247,9.056,-66.231,-10.926,50.755,-64.424,-6.586
48.911,-47.458,-24.139,-42.117,38.073,-21.784,28.369,11.868,1.127,-17.369,6.363,-26.164
49.614,-38.234,-12.903,-31.839,66.717,-33.18,22.47,-3.849,10.059,-2.327,-22.828,-6.761
48.443,-47.229,-33.274,-14.36,21.053,-1.355,38.7,-21.351,19.572,-8.019,-20.772,-33.439
52.023,-3.231,2.7,76.715,10.605,8.262,54.838,-60.073,22.062,14.687,-6.811,-18.223
49.523,-33.154,8.995,34.795,14.359,-53.762,21.181,-13.107,35.564,33.649,-33.508,-22.576
48.074,-43.136,21.986,20.863,26.266,-8.808,35.868,-29.984,32.09,29.502,-27.691,-16.817
47.179,-135.294,-31.553,-13.969,5.193,-48.842,10.193,36.946,14.749,0.448,-9.169,-6.008
48.529,108.713,-52.085,-48.781,39.651,-8.477,5.924,2.163,42.92,-42.64,33.759,-29.244
50.438,5.174,-15.087,-27.479,30.276,-49.179,-12.209,-7.488,13.959,36.309,-3.226,-25.5
51.764,-4.05,-48.64,-41.747,40.896,-29.349,-0.624,16.832,9.136,10.148,-41.011,-16.304
50.484,1.952,-44.499,-16.154,24.596,-18.995,-13.63,3.125,22.565,7.086,-13.61,-17.842
52.76,58.562,1.807,-10.189,14.867,18.201,-17.809,12.802,18.805,-7.335,-27.878,-6.113
48.959,71.334,-21.536,9.733,38.409,-26.766,-26.871,-44.908,1.836,-10.635,7.83,-24.182
49.714,-32.844,-63.445,14.918,9.679,-9.294,-13.085,-22.307,-13.99,22.055,-53.088,-3.763
47.707,-9.134,-43.56,-54.884,-2.938,7.794,-7.271,6.308,5.233,-13.601,-21.043,-23.528
49.46,102.579,-48.9,-61.086,112.076,-46.41,-16.308,3.302,31.488,-15.949,9.713,0.061
50.645,35.417,-11.908,7.991,66.527,-35.843,-4.15,-64.971,-12.423,16.027,-34.044,-9.212
47.457,-71.696,-4.218,15.523,14.178,-10.321,13.311,-1.338,38.005,2.911,-4.997,-16.486
50.852,8.286,37.443,49.419,45.343,76.72,39.105,-35.077,33.012,-25.987,-7.396,-21.715
50.212,5.13,20.398,13.075,35.363,-46.163,13.849,8.91,18.793,26.811,-10.542,-22.379
49.475,-30.871,-21.437,7.849,53.761,-15.768,33.66,-39.565,13.307,19.398,-45.947,-13.816
45.494,-106.179,-69.958,-26.482,-2.815,-50.271,1.167,69.875,0.783,-10.267,14.989,-21.592
46.827,9.864,-67.461,-62.5,32.546,-30.745,2.538,-1.349,-2.385,-12.663,-10.152,-23.216
52.691,1.002,-8.468,-15.998,47.714,-35.325,20.653,-24.585,11.165,21.65,-8.59,-8.837
50.988,-19.654,-42.051,47.221,18.375,-58.283,21.492,-23.289,4.546,-1.419,12.536,-16.092
51.92,31.089,22.688,-34.99,26.174,-37.568,-38.215,-1.476,5.973,2.693,-4.29,-18.307
54.167,25.138,45.102,76.535,1.915,-46.498,-5.411,-18.466,-4.853,2.916,-22.021,0.448
51.203,75.016,-8.393,-26.825,29.83,-25.596,-16.711,-22.658,20.834,-28.588,-22.556,-10.967
49.736,35.918,-38.451,21.555,37.773,-46.501,0.725,-81.016,-21.436,26.129,-62.861,9.326
47.071,-28.369,-37.775,-44.565,37.428,-7.431,-10.315,-1.462,8.556,-8.904,-4.178,-5.749
49.045,-13.628,-1.04,-30.368,6.318,23.296,7.172,-4.003,14.603,-7.671,-21.395,5.601
52.228,11.691,4.693,83.724,-12.858,-39.565,41.99,-44.052,2.467,37.044,-45.579,-1.489
49.876,-4.65,2.389,6.607,4.414,-55.698,23.3,-8.92,28.592,25.267,-21.744,-23.854
49.229,-42.602,32.903,-2.585,24.274,-49.342,30.092,-11.309,42.18,28.263,-8.658,-20.532
49.605,-91.181,-18.622,33.855,21.672,9.526,13.917,-10.579,25.59,-20.636,-52.711,0.2
48.493,-68.741,-15.474,-59.813,18.536,23.936,47.33,59.862,23.398,-42.279,-20.517,10.775
50.109,-17.24,-7.338,-27.784,33.288,-34.351,32.123,-2.959,15.365,24.716,-6.405,-8.044
50.801,-4.288,-2.583,-7.059,30.445,-39.853,12.197,8.765,1.111,7.87,-19.437,-4.717
51.489,-6.188,-55.318,-7.205,31.575,-37.803,14.795,-11.053,20.2,15.007,29.296,-16.291
50.216,50.652,20.149,-76.173,28.97,-22.693,-18.233,24.52,36.46,-23.918,-7.952,-17.827
53.769,43.163,9.936,65.51,14.808,-72.386,-21.383,21.2,-15.888,-4.551,-21.338,-6.201
51.329,13.957,-6.107,2.919,16.061,-21.775,-17.76,-7.756,-4.39,9.883,-20.665,2.051
50.621,66.001,-33.654,-7.992,19.198,-25.01,-23.748,-75.311,-15.625,25.594,-46.691,1.713
45.069,-49.736,-18.216,-112.525,2.332,-16.823,14.038,21.989,-5.608,0.385,-13.864,-10.838
48.267,-4.229,-5.767,-40.962,-15.04,-65.048,-28.82,-9.448,6.238,27.394,11.366,-4.149
51.508,-6.169,0.793,3.295,0.273,-23.747,-15.6,-9.861,1.868,6.841,-26.625,7.694
53.005,20.694,34.159,-28.297,18.254,-29.234,-16.779,14.178,9.165,-14.728,9.381,-2.931
54.1,21.2,26.909,56.46,22.305,9.85,7.9,-32.76,4.377,-9.658,-53.467,-2.551
48.838,-2.444,10.683,17.878,6.781,-37.975,-7.719,-31.177,16.827,4.237,0.687,-21.016
49.685,19.689,-14.083,48.493,30.926,-45.003,4.513,-67.35,18.789,29.888,-0.847,-21.077
50.57,-58.578,1.711,32.844,-9.562,-0.364,26.108,-10.508,9.015,12.117,-36.326,-7.639
46.363,-71.693,-61.424,48.229,-29.17,-9.236,-1.417,7.685,16.14,0.772,-31.989,-14.179
41.669,35.074,-27.572,-18.286,-39.44,42.575,-20.278,-15.78,-10.025,-40.237,0.939,0.677
45.514,-103.535,-69.092,35.275,-46.318,-86.013,-25.233,18.571,1.826,9.002,-4.189,-1.968
46.024,-37.785,4.427,-31.207,-31.088,11.6,17.405,23.309,2.233,-14.953,-2.277,6.234
47.773,20.811,29.785,-35.928,-19.375,45.012,-16.344,5.682,-18.081,-16.692,-57.745,15.727
45.856,47.004,-31.303,23.639,-59.534,-37.966,-36.993,-22.852,-29.964,-0.811,-15.179,11.843
43.476,52.064,8.47,2.868,-49.305,-43.417,-28.44,-44.75,-33.778,-5.3,-6.709,11.319
44.862,-87.459,-55.971,30.671,-20.984,-12.065,-6.084,26.933,-12.196,29.648,-10.627,0.71
45.172,13.562,-21.204,-129.33,-22.372,-5.794,-24.928,45.558,-27.613,6.602,-2.472,-5.413
48.513,62.913,-86.361,-48.369,5.245,-12.604,-1.889,-46.302,-23.745,32.247,-35.664,-5.244
52.087,30.211,-10.663,82.687,-36.815,-40.596,22.329,-11.419,-22.104,36.726,-51.88,25.672
44.714,23.473,-38.908,-24.793,-60.28,-1.128,2.395,8.137,-12.92,-33.075,-35.357,3.132
50.014,23.419,-21.433,-49.339,-21.536,9.22,-16.622,-9.451,-25.354,17.741,-41.239,1.162
47.538,-15.799,-87.682,-54.317,-8.583,-72.924,-9.956,52.995,-0.798,-32.907,12.715,-13.74
49.132,57.527,-66.946,-45.221,-11.561,-16.939,-44.171,-31.656,-17.332,4.402,-24.461,-22.909
46.874,-50.202,-82.82,8.224,-25.217,5.801,-12.436,0.968,-4.265,22.055,-32.54,0.109
44.001,50.956,-32.148,-63.23,-30.374,-9.756,-17.123,-3.592,-22.895,-24.981,-5.854,-2.863
54.602,54.935,41.698,53.875,11.691,-9.507,-5.099,-15.392,-13.515,15.218,-18.331,2.243
47.966,42.816,-29.952,-53.402,-21.823,-21.021,-20.196,-24.468,-23.413,-5.801,-25.388,0.057
50.048,42.059,-22.097,-61.274,-8.693,0.989,-28.183,-20.906,-11.808,3.452,-18.63,-2.47
50.665,83.247,-53.54,-42.221,-13.717,-14.517,-54.972,-38.371,-22.174,8.865,-10.259,-9.997
53.671,48.424,6.773,-6.662,4.452,44.752,-7.883,-13.508,-9.495,0.04,1.182,6.241
49.628,73.999,-25.8,-54.869,-13.755,5.027,-15.387,-40.448,-23.976,-14.379,-29.562,-5.863
48.823,-1.85,-53.916,-84.349,0.306,-33.82,-6.303,-15.274,-16.51,16.79,-13.102,7.032
51.304,19.953,-3.201,-34.983,-19.282,-0.803,4.653,17.578,-14.474,8.878,-27.972,-8.649
47.886,-60.164,-57.695,-11.885,-43.324,-89.56,-10.368,23.681,-2.812,-11.205,1.935,-2.186
48.006,61.364,-75.918,-54.582,-29.571,-9.114,-36.743,-35.187,-7.471,-6.055,-15.097,-15.845
55.244,64.376,29.504,19.88,-8.432,9.671,-5.714,12.487,-8.816,10.145,36.21,-7.489
52.565,27.543,6.838,51.431,1.43,-8.048,-25.668,-3.791,-23.183,8.246,-50.035,-2.93
47.439,17.08,-19.947,-10.619,-11.79,-3.774,-11.648,-11.084,-30.23,14.752,-45.593,8.924
49.617,45.024,-18.413,-57.676,-2.868,47.49,-42.098,-1.436,-0.015,-8.593,6.446,-25.879
49.685,15.943,-92.214,-53.215,-28.682,-59.362,-50.876,6.746,-0.126,7.468,4.684,-18.338
52.108,33.356,-28.398,-28.831,-21.58,-9.204,-7.357,-14.403,-1.442,17.043,-21.438,-2.311
52.248,66.604,-26.273,41.608,-23.005,-16.808,11.557,7.829,-18.782,41.071,-8.17,12.47
49.466,60.923,-35.656,-23.75,-19.246,0.162,6.723,-53.286,-23.143,16.597,-71.711,13.838
44.875,41.011,-18.796,-39.821,-27.97,-5.261,3.869,19.702,-24.221,-25.375,-9.718,5.785
45.78,-97.149,-66.122,14.427,-55.392,-98.498,-24.257,15.448,4.074,7.237,-1.116,-1.459
49.969,7.176,11.331,-75.674,-6.991,49.503,12.766,16.194,-11.013,-19.508,-9.19,-25.964
54.336,106.071,30.771,44.914,9.239,-44.155,-35.368,46.624,-18.152,6.582,-18.223,1.053
50.293,99.496,-21.133,-48.217,25.609,9.627,-32.449,-16.314,-35.414,8.936,-43.939,-7.803
48.499,-8.02,-129.307,20.694,18.424,-81.013,-10.323,13.994,-6.883,-17.357,-16.445,0.292
43.967,36.674,-71.526,-52.971,-12.853,-17.414,-12.82,-9.149,-23.708,-16.45,-11.043,-6.038
50.943,41.922,-11.557,19.724,24.855,39.828,-17.571,7.128,-16.35,30.246,-10.256,14.929
49.485,83.939,-63.16,-3.992,-3.517,-6.657,-59.776,-41.078,-16.752,3.96,-32.093,-0.124
53.464,72.595,48.68,82.596,4.024,-23.432,23.967,-12.099,-25.959,46.882,-30.628,20.884
53.399,78.381,47.799,-15.403,30.482,-42.51,4.508,13.532,0.753,-7.18,-0.775,3.907
52.557,41.284,-3.593,37.786,-4.13,-25.37,-19.811,14.8,-10.782,11.206,-18.938,16.822
48.862,66.318,-79.11,-31.703,-7.972,18.476,-18.762,-49.944,-21.752,-1.429,-65.058,2.577
46.906,5.647,-90.055,-73.112,28.588,0.18,23.327,-4.638,-34.939,17.04,-36.435,-4.733
50.489,16.827,-23.252,-54.087,43.249,24.376,22.16,-22.406,9.037,15.549,-39.304,1.301
48.385,-40.314,-64.914,-26.039,-20.972,-95.113,-19.748,42.611,4.73,-1.269,8.099,-3.16
50.523,41.404,-43.299,-31.708,-22.007,-8.733,-49.303,-4.36,22.921,6.453,-23.857,-27.039
51.579,56.08,28.838,-57.662,23.988,25.977,-10.912,-24.181,-8.788,0.867,-25.863,-14.071
54.0,51.146,57.345,-20.507,3.564,-22.994,-1.284,-16.222,-11.237,16.564,-6.648,-20.576
52.221,44.322,-9.141,24.688,-24.832,-19.396,-28.684,4.333,-14.86,10.205,-46.163,-14.502
46.851,35.803,-52.096,-41.491,-4.038,-48.758,-8.92,13.132,2.626,-33.741,14.08,-17.806
52.344,42.56,3.929,33.976,23.574,-16.72,-19.216,-14.73,3.499,4.9,-46.13,21.789
51.321,25.017,-34.679,-6.324,-6.413,18.228,4.977,-16.694,1.052,10.822,-29.532,-18.026
53.765,60.862,12.716,24.499,-20.545,-56.891,8.311,18.85,-6.544,38.166,-27.78,10.789
53.234,29.579,-23.169,10.214,-1.033,-3.931,-15.903,-16.541,-4.182,13.228,-55.696,6.999
46.013,7.624,-77.606,-32.931,12.191,-18.015,22.07,-21.919,2.597,-10.976,-34.974,-11.423
45.228,15.117,-3.073,18.541,-5.796,-32.206,-8.216,-33.372,6.614,19.439,-7.331,-11.369
47.638,-56.026,-63.662,-7.567,-33.994,-102.288,-20.546,48.517,-12.939,21.57,27.763,-5.244
48.19,108.28,-94.599,-67.008,48.128,-55.967,10.777,-10.822,8.752,-1.92,-8.36,-13.606
52.81,15.499,15.227,-16.84,18.627,-15.288,17.335,-17.178,-1.866,18.325,-2.755,15.784
54.252,29.758,9.311,63.785,-15.92,-47.823,-4.223,1.853,-6.001,2.816,-7.409,9.422
51.7,72.71,-23.144,-10.694,-25.905,-20.596,-41.074,-5.863,12.964,-7.475,-11.067,-3.519
50.036,14.177,-64.877,24.587,-20.128,-2.323,-32.351,-46.555,9.858,6.978,-51.266,2.668
45.749,2.536,-6.008,-40.417,6.172,-28.083,13.5,-6.223,3.918,8.383,5.098,0.707
50.882,10.41,41.44,-11.111,18.504,7.513,4.075,13.767,-3.253,-7.799,-16.155,-1.278
50.965,117.971,-47.185,-47.534,1.174,-10.838,-39.648,-53.518,-7.41,-21.948,-34.112,7.55
54.204,72.039,3.575,53.085,-16.287,-45.423,-17.466,15.563,-16.441,25.169,-36.321,17.295
49.154,33.498,-15.949,-18.153,-6.086,-9.969,5.373,-34.274,-13.185,16.71,-67.403,3.195
45.861,20.491,-13.087,-17.822,-13.223,-9.835,5.383,-7.629,17.428,-1.671,13.835,-16.961
47.405,-73.305,-64.652,27.122,-24.236,-16.844,-0.658,11.975,1.396,32.991,1.103,-4.375
51.112,28.274,31.117,-19.558,-18.987,5.864,33.544,8.914,1.121,-8.82,-14.56,-0.015
54.573,55.318,32.909,47.321,5.638,-3.514,15.574,-1.972,-4.114,-1.222,5.828,-4.323
50.677,27.961,-94.502,30.609,50.0,-43.661,-0.376,-16.172,-25.432,27.146,-6.893,-4.078
45.397,-23.58,-26.62,-30.348,25.686,-34.965,16.154,4.037,-3.938,-14.101,-11.554,4.885
51.23,68.88,-30.058,22.867,-18.36,13.729,-41.766,-34.385,13.679,-15.614,-43.274,3.184
52.322,26.678,-11.499,-18.541,-22.389,-14.82,-16.838,-3.009,-12.63,0.627,-35.289,-38.285
54.489,93.501,-1.687,18.362,7.951,-49.383,33.134,43.201,-20.983,34.555,-38.164,7.742
51.595,17.007,-12.802,-9.481,9.87,-19.741,7.911,0.108,-12.322,11.382,-35.714,-16.722
48.694,8.091,-11.734,-9.855,-4.67,4.874,26.688,-20.883,-9.833,11.677,-76.311,5.951
45.433,3.424,-19.832,10.119,-27.909,-50.819,-3.209,-30.762,2.173,22.393,-26.629,1.283
46.655,-83.723,-63.324,6.713,-50.442,-109.084,-24.538,15.531,10.986,7.752,6.357,-1.453
52.465,31.334,-13.254,-35.927,-8.775,-15.887,-34.868,-18.17,5.55,3.942,-17.987,-26.085
54.686,39.717,38.053,62.078,-6.51,-27.986,0.462,-3.843,-11.906,0.77,-3.686,-0.079
52.401,23.553,50.09,19.992,2.947,-13.182,19.258,-0.043,-22.507,13.093,-36.288,9.25
50.116,5.447,-5.357,-12.37,-1.939,12.745,-0.823,-24.828,-1.677,-0.226,-57.48,-2.633
46.51,9.208,-13.608,-16.55,6.185,-9.678,6.227,-10.137,13.165,3.574,-4.384,12.249
51.924,82.004,9.109,-29.604,10.444,23.087,-31.33,-20.462,15.3,-2.338,0.863,-7.383
52.36,151.94,-55.746,-44.87,-5.236,-32.318,-59.631,15.209,17.587,-13.096,8.308,2.168
52.641,97.348,-14.408,-32.893,0.554,-26.746,-46.53,-21.96,-41.292,35.676,-20.14,20.604
54.53,69.354,30.135,56.162,16.225,-9.058,22.003,-41.635,-28.992,43.379,-25.748,23.484
51.491,20.232,-9.4,-26.711,11.732,-17.807,-38.06,11.595,-8.19,-0.113,-15.152,-3.241
51.548,23.608,-16.25,-49.538,-1.922,5.099,14.229,-2.671,10.485,-4.548,-33.88,10.272
48.106,1.437,-101.275,-16.992,19.066,-73.065,10.099,-0.065,1.298,-48.265,-9.798,-0.866
46.109,23.746,-2.451,-38.53,18.136,14.687,-19.182,-16.149,-1.756,-13.196,-4.1,0.317
49.871,-1.494,-86.906,26.929,-18.187,-78.386,-19.234,-6.719,-3.616,17.905,29.194,-10.825
50.097,35.428,-50.511,-26.742,-22.994,-4.655,-44.063,-27.341,18.189,-9.343,-26.831,-26.695
55.583,54.937,22.708,45.835,2.19,-47.015,-20.096,2.867,-4.381,-0.631,-21.329,-7.353
50.779,92.316,18.435,7.845,63.007,-62.233,3.002,-35.727,-4.067,23.775,-7.406,-29.963
51.655,-26.0,-24.771,21.404,44.379,-4.53,2.87,-19.643,-9.299,1.43,-53.688,-15.456
47.245,-64.801,7.649,-59.178,22.041,-29.793,32.104,16.616,47.995,-13.693,-7.048,-16.763
52.454,9.953,38.036,1.015,38.753,14.945,2.866,-14.583,19.055,-4.073,-39.237,-25.018
53.055,19.166,1.08,-60.258,-3.647,-20.017,-9.154,8.618,27.961,4.597,2.748,-31.581
54.827,25.149,20.137,39.798,10.975,-49.749,20.769,-15.724,-0.619,42.366,-44.357,-4.195
52.012,-3.116,12.834,-13.877,21.251,-6.029,31.189,-5.188,7.04,23.232,-24.52,-7.267
48.463,44.37,-31.208,-57.497,46.192,-23.403,19.795,-44.228,28.706,-13.998,1.659,-20.422
49.486,-65.91,-69.508,45.883,0.886,-98.564,7.834,-54.527,7.261,33.595,-5.546,-1.374
47.541,-67.129,5.614,-65.332,49.928,-26.024,11.997,44.498,22.419,-22.169,-22.323,-10.409
54.436,53.036,82.457,69.408,21.311,-39.164,-14.923,-19.516,-10.045,9.904,-9.404,3.749
53.742,68.724,3.258,6.193,10.655,-27.868,-51.65,6.946,1.288,10.598,-8.299,-25.666
51.198,-1.043,-61.019,14.7,37.5,-14.89,-29.027,-26.296,-28.285,19.579,-45.373,-12.492
44.698,-58.637,-28.15,-62.311,20.179,-16.039,-1.757,-7.333,21.753,-14.164,-15.52,-21.606
52.695,19.29,-8.984,-10.186,13.705,50.964,-23.14,-24.47,34.478,-27.999,17.224,-28.001
51.784,-5.853,26.071,-56.384,49.303,-16.312,18.195,-5.183,8.376,0.359,-28.204,-10.476
55.103,32.584,23.419,9.199,23.921,20.428,1.162,-12.593,18.769,-17.346,-12.522,-11.901
50.675,-56.313,26.786,6.828,17.353,-34.962,23.287,-36.139,31.369,27.231,-11.649,-16.3
53.819,-24.341,-3.564,22.668,13.432,-24.158,18.92,3.012,-12.467,2.359,-24.326,1.156
52.498,-19.328,-7.226,3.759,-5.418,-27.776,27.124,22.039,-31.939,7.206,-26.059,-33.497
50.491,3.425,-11.255,-27.632,-5.993,-37.704,26.173,-29.418,-9.106,-1.298,-11.187,-13.815
50.67,-37.706,-21.852,-3.241,30.599,-27.333,37.626,5.493,24.771,-10.885,-52.511,6.777
52.308,10.78,-8.278,11.4,20.737,-13.597,-0.014,1.35,27.593,-9.118,-32.023,5.126
51.542,15.949,54.643,-37.707,35.726,37.2,31.526,7.413,11.377,-24.719,-29.188,-1.61
51.234,137.316,-23.493,-8.878,68.706,-42.213,-17.81,1.34,-0.729,-18.917,12.66,-9.261
52.402,67.564,2.687,-3.328,72.282,-50.559,-20.023,-15.977,-31.878,-0.926,-0.122,1.811
50.845,-13.679,-70.033,51.479,-12.625,-56.948,-29.982,-2.483,13.513,14.75,-12.983,16.855
45.9,-27.631,-26.246,-43.036,-1.811,-36.242,-2.026,-7.812,3.058,9.396,4.354,5.898
50.753,3.576,41.212,-76.474,43.278,10.223,5.454,8.853,20.109,-5.032,-12.935,10.734
50.435,30.77,-92.394,11.119,22.709,-38.81,-1.021,-52.746,-0.208,9.964,-29.955,-4.581
49.759,4.536,-39.681,-64.993,21.772,-6.704,22.623,-8.557,19.594,-7.74,-31.906,-19.49
54.282,43.73,12.774,36.261,-8.982,-43.466,19.839,-15.708,10.761,30.303,-49.055,-0.194
53.064,13.386,-1.5,-1.253,22.909,-11.72,7.465,1.361,28.738,5.194,-39.78,-16.443
48.604,27.549,-43.391,8.285,32.884,-32.257,3.079,-51.94,14.175,-9.567,-13.392,-21.025
49.949,-36.67,-85.487,11.863,25.844,-35.341,18.516,-13.012,11.293,4.759,22.253,-17.216
49.977,-0.489,-29.246,-5.829,32.092,-2.533,5.973,-7.927,20.703,-6.874,-24.009,-27.866
53.362,27.278,62.833,20.352,17.478,34.394,7.997,6.485,-5.065,-1.858,-20.749,-12.821
48.93,-21.512,0.559,21.658,31.142,21.495,-15.602,1.418,13.418,-20.141,-41.705,0.234
46.852,-7.823,-43.168,-114.173,-8.246,-25.157,0.455,50.655,28.95,-55.466,22.799,-28.052
51.523,70.686,-9.628,-9.329,-25.134,-12.834,-35.172,-5.661,-21.518,3.435,-47.769,-42.845
47.536,55.638,46.228,-56.554,8.457,35.889,22.649,41.106,-16.149,18.458,-44.95,-12.814
46.175,83.263,-8.626,20.425,53.435,22.108,-5.915,-38.787,-31.604,43.819,-65.131,15.734
51.506,51.316,53.143,-39.652,3.677,29.268,24.284,-42.53,-38.781,35.861,1.958,-16.853
51.188,-7.498,18.079,9.703,-4.581,-20.11,19.902,1.002,2.756,-11.081,-23.626,-13.401
47.82,-49.646,-96.006,45.578,-19.554,-114.891,-15.424,-38.75,-3.904,20.196,-1.617,4.525
44.432,-67.874,-14.544,-47.533,-12.329,-11.18,-8.872,12.025,28.075,-21.804,-22.009,-10.176
52.14,6.905,12.207,79.136,14.04,50.372,2.052,-20.005,5.717,-14.006,17.754,-8.144
50.011,-9.194,8.182,8.396,18.632,-43.223,-4.651,-33.313,9.88,23.223,-11.023,-10.316
52.913,33.555,2.846,-13.49,36.296,-52.272,-22.649,-45.824,4.12,39.658,-26.073,14.13
52.372,-42.534,-20.697,-2.538,41.343,-21.634,4.112,-11.929,-23.559,-8.538,-26.648,-3.705
49.142,-41.417,-31.561,-26.66,36.239,-26.075,9.413,-15.49,22.882,2.966,-1.075,-0.049
49.77,-43.028,10.408,-16.804,74.994,-24.405,-14.646,-10.663,-0.579,-12.873,7.153,-6.719
47.662,-81.954,-43.394,21.627,13.216,-76.891,14.901,-14.257,24.815,22.855,-12.854,-10.665
47.86,-63.511,-1.665,-11.169,7.44,-27.296,43.296,2.056,44.909,22.633,-1.953,-27.692
51.152,-14.742,9.553,3.933,25.017,37.627,63.702,-29.392,42.216,-32.538,-47.06,-16.368
52.56,13.141,30.65,-29.181,27.28,-52.813,25.817,20.6,22.995,19.084,-13.495,-20.738
53.047,-8.004,8.692,-0.35,50.97,-39.712,13.964,-1.16,1.621,11.253,-24.489,-4.457
51.045,-18.034,-30.619,-28.535,33.211,-9.484,31.016,15.605,18.957,17.419,-33.028,2.894
51.1,29.269,-3.885,-68.984,6.828,-4.214,10.788,-6.955,-0.751,-19.479,-0.381,-10.005
51.19,-19.255,-57.322,-1.782,9.875,-97.805,14.076,-9.458,-3.358,25.493,-4.385,2.422
51.203,-6.866,8.248,-15.626,35.235,-46.654,22.323,25.462,-11.718,-6.965,9.955,-12.982
53.452,20.378,48.203,-20.614,34.495,5.944,0.335,10.564,-13.643,-13.203,-37.26,11.094
52.863,38.759,34.083,-14.002,6.409,-28.323,-10.479,-7.238,-31.923,-8.175,0.732,3.451
52.928,42.579,10.186,15.875,57.148,-51.487,-3.763,-32.074,-20.455,24.461,-34.54,31.794
50.092,-4.775,-17.015,-43.854,29.416,-16.949,37.056,17.667,-20.849,-10.708,-2.229,0.288
50.87,-8.328,27.261,-14.74,60.446,-37.34,-11.886,-6.944,-6.6,3.661,-10.795,1.794
50.392,-19.985,9.349,-1.049,32.031,-32.975,-8.087,1.395,-13.183,-1.83,-21.312,-0.824
49.04,-26.175,26.474,6.948,42.104,-33.998,-4.055,8.717,21.078,2.136,-6.805,-15.541
52.196,34.357,46.071,3.804,48.798,39.159,19.079,-12.521,15.642,-17.116,-45.757,-16.773
52.576,8.791,43.522,-17.178,34.323,-50.637,16.663,3.694,8.18,23.903,-5.185,-15.596
53.256,2.167,12.376,13.617,43.068,-37.843,20.179,-16.673,-9.559,4.704,-36.051,2.366
49.995,-45.041,-33.21,-15.919,24.631,-27.543,31.988,2.694,-3.168,6.733,-27.654,-6.87
49.825,21.779,-8.695,-50.189,13.125,-32.555,19.142,-2.076,-16.108,-5.164,9.1,-6.434
52.592,-10.942,36.096,1.537,44.853,-47.125,31.214,-2.45,-7.159,14.259,-10.688,-11.217
52.376,-12.695,-27.789,-11.875,47.76,-28.71,30.939,19.775,5.926,-3.193,-44.106,10.249
50.843,-9.036,10.924,-44.868,40.69,-37.255,43.137,11.291,-3.907,-2.205,8.76,4.982
54.454,44.398,60.454,40.286,30.078,10.597,6.072,2.874,-1.098,-9.619,0.234,-8.894
52.689,23.308,43.713,-22.97,26.452,-32.801,-2.771,8.046,-34.011,-11.822,-2.111,-0.649
53.313,70.908,20.774,8.301,66.185,-29.046,13.899,-11.473,-21.697,-33.515,-4.516,12.486
51.109,-20.268,-26.744,7.796,17.535,-35.505,3.4,5.455,-24.813,12.387,-26.009,24.146
50.073,7.042,-5.528,-32.42,0.519,-32.01,32.469,-5.665,-11.139,-8.996,0.808,16.328
52.576,43.712,36.881,-29.312,48.45,-27.974,-1.721,12.97,-9.094,-8.914,7.823,10.939
53.528,21.187,25.695,-0.49,28.961,-40.448,24.782,11.734,-10.874,5.213,-7.537,8.077
54.172,40.066,15.091,-18.765,20.169,-40.965,43.834,-6.705,10.629,13.437,-15.629,-1.898
52.956,-8.6,14.481,26.144,34.313,-32.495,34.173,13.021,2.352,5.66,-46.522,6.561
47.864,-62.071,-58.137,4.975,8.239,-39.132,4.98,28.436,11.046,17.208,-13.582,10.728
47.874,-31.053,-11.541,-45.699,15.818,-19.328,5.992,20.325,-13.555,2.533,-2.22,4.565
51.554,2.346,27.822,-27.878,27.522,-26.357,10.256,7.878,-17.204,3.082,2.465,9.869
52.543,-2.366,-18.507,-19.124,31.723,-23.695,9.771,7.002,-0.672,-1.131,-44.603,6.577
50.654,-38.783,4.809,-40.07,38.426,-33.132,48.871,16.855,-4.716,0.177,1.134,-12.978
52.29,20.733,69.249,-22.836,38.727,-27.253,0.044,3.559,-17.048,-16.775,-1.516,5.348
54.619,49.41,49.639,47.982,36.302,3.655,-8.421,5.942,-6.552,-8.733,4.025,5.569
52.154,43.472,17.561,-12.587,40.615,-20.659,-18.276,-2.65,-0.461,-3.53,-19.975,15.048
46.689,-75.836,-51.705,13.662,8.369,-44.227,-0.952,27.954,-9.87,14.197,20.583,-0.418
49.046,-24.345,47.161,-113.742,14.933,-8.893,18.294,19.945,-1.513,-23.292,16.432,1.137
55.221,21.321,47.302,-11.116,23.284,-32.509,4.205,15.578,-6.547,2.859,-13.082,13.355
55.44,52.089,48.314,29.759,32.141,1.14,13.111,-23.316,-1.718,-9.926,-26.058,8.747
52.786,16.566,49.261,-2.208,42.838,-33.656,10.473,-3.741,12.084,-1.369,-18.269,11.332
53.365,20.594,2.11,13.574,40.976,-52.103,3.931,-52.714,-0.983,40.791,-25.25,6.587
49.404,11.223,-85.395,-36.468,36.123,-16.567,14.654,31.587,22.068,-21.114,-39.195,-9.165
50.576,26.302,8.005,26.61,34.54,31.352,-12.121,8.984,0.989,18.949,-10.41,-5.781
50.706,27.396,-72.51,-25.269,-14.471,-93.474,-31.412,5.54,12.912,5.603,1.105,-2.115
51.72,129.113,-41.536,-55.229,6.759,-17.632,-37.063,7.941,40.001,-5.923,10.189,0.38
54.271,25.546,9.007,78.161,5.636,-37.067,-25.509,-15.969,-1.804,1.138,-23.443,3.057
52.352,25.728,39.329,-13.111,2.951,-19.973,11.504,21.268,-0.22,27.729,-9.731,-9.026
51.536,-7.352,-15.136,-9.672,30.377,-0.586,3.017,12.018,44.194,-3.512,-35.395,3.685
49.08,-25.11,-45.25,-23.28,46.402,-37.182,19.86,-15.822,9.579,-7.709,-2.703,-22.132
51.12,-15.259,0.102,-50.745,24.144,-21.444,7.341,20.617,35.29,-4.444,0.703,-20.27
51.31,-9.491,-10.535,-0.411,11.45,-23.079,-0.433,5.645,30.783,12.462,-48.456,-19.493
47.665,-67.867,-9.55,8.399,5.069,-33.199,37.289,-15.526,41.0,25.677,-3.877,-25.361
52.612,-4.691,20.787,80.689,0.562,-54.874,41.727,-46.902,6.667,41.468,-51.225,-5.755
49.809,-23.675,6.2,32.758,18.89,-49.388,21.86,-9.583,35.243,25.874,-33.675,-22.996
49.279,-56.526,14.21,11.782,21.994,-26.464,32.278,-24.192,17.244,36.296,-39.14,-5.54
47.653,1.617,-40.223,-106.441,7.781,-42.798,-0.545,-22.227,17.39,14.728,16.513,-12.712
52.005,38.964,-45.292,-0.134,36.74,-3.34,-8.214,-36.631,53.455,-10.465,-23.792,-9.033
52.985,39.395,27.813,-37.408,15.486,20.164,-19.302,-14.276,10.629,-0.181,-31.553,-8.83
50.04,20.214,36.245,-51.042,21.3,7.605,-10.06,9.742,-0.65,-7.862,-20.468,-20.234
50.799,7.688,-21.492,36.679,-1.883,37.081,-18.416,-30.933,2.295,9.24,-61.424,-17.349
48.075,-30.389,-38.877,18.35,3.467,27.279,-26.505,-38.542,21.101,-11.996,-13.366,-20.52
49.523,-16.204,34.711,-77.909,28.878,35.626,-8.366,20.445,29.797,-30.933,-0.918,-27.835
49.509,45.29,7.003,-51.722,67.768,-35.524,0.01,31.39,35.503,-11.621,-27.298,-17.105
53.791,51.464,43.764,70.355,33.615,-29.976,8.945,-16.475,2.127,43.928,-8.86,-11.582
51.222,0.78,23.919,-2.067,24.567,-44.934,-0.062,-4.78,19.484,26.532,-21.979,-13.831
50.053,-58.139,15.911,-9.297,25.433,-51.78,21.21,-15.222,28.482,22.879,-7.719,-12.072
51.194,-48.527,-10.503,33.706,33.245,-19.952,4.473,-60.725,24.168,0.007,-34.327,-1.262
49.0,-44.978,-48.6,-43.173,10.003,18.942,9.492,-1.947,32.834,-14.214,-37.426,-18.606
50.679,21.28,-27.431,-45.377,0.254,16.036,-1.496,-52.226,25.819,0.18,-5.496,-25.09
50.367,-28.706,-72.201,13.186,0.819,-99.357,17.845,-33.107,0.433,23.196,-3.657,10.309
50.617,65.864,-43.164,-58.696,67.326,-36.228,41.972,43.365,18.606,-16.46,12.56,0.889
51.675,36.101,-6.118,-31.374,4.891,-24.738,-36.802,-13.049,-14.225,30.083,-9.949,-21.221
53.93,49.271,35.001,68.967,14.896,-58.077,-14.907,2.06,-7.232,1.82,-20.05,-8.174
50.323,39.401,-19.699,-31.998,-1.761,-20.027,-18.641,-27.63,-2.168,-4.984,-16.09,-1.754
49.942,60.355,-32.183,-2.614,23.035,-16.509,-4.026,-21.959,21.268,-37.774,-4.497,-12.456
48.664,-35.586,-41.497,23.559,16.719,-2.14,-14.929,-1.125,27.913,11.069,-42.213,3.957
47.179,42.981,-33.497,-94.675,29.237,11.639,-7.923,46.596,37.883,-71.767,12.85,-7.169
46.294,2.847,-46.707,61.13,13.384,-29.766,-33.607,17.988,17.999,1.561,-51.894,12.73
29.759,-2.514,-8.889,-8.759,-14.885,-30.176,-43.764,-4.035,-10.087,3.515,-10.199,-12.409
35.712,133.882,7.625,-18.685,-18.992,47.44,-16.675,-0.675,-6.081,-37.519,34.802,-20.641
44.999,78.583,-37.675,-66.285,-2.623,53.931,-24.049,-22.472,5.402,28.615,9.296,-23.936
50.083,34.202,15.706,31.235,-5.231,47.557,-2.347,-3.766,8.403,-6.716,-24.601,-24.701
46.872,89.294,-63.904,-102.346,13.375,2.846,-22.062,-6.145,-12.801,26.967,-27.558,2.358
52.623,59.076,-8.797,-19.881,2.819,-0.161,-36.399,-19.019,8.952,15.32,-0.76,-30.72
52.141,-4.156,-42.154,-18.843,-15.446,-84.997,-4.19,-14.279,19.188,25.03,-14.367,-11.034
52.56,62.622,-5.294,-30.359,20.363,-48.921,-27.5,42.382,49.1,8.618,6.651,-19.419
52.856,23.71,9.734,83.051,7.437,2.751,-16.959,-5.633,0.606,-5.55,-19.909,-7.706
52.259,39.777,14.635,-16.375,17.933,-24.558,-23.685,-5.452,-4.08,20.21,-6.299,-7.778
49.164,-41.332,-43.648,53.618,6.479,-21.166,-5.719,-12.236,-5.242,-19.022,-60.052,-12.208
50.344,85.165,-50.252,-17.932,13.985,-1.068,-31.492,-58.159,21.635,2.519,-26.646,-5.57
46.945,6.935,-22.298,45.865,10.389,-8.804,-8.803,39.378,5.93,16.192,-17.489,-10.314
37.676,77.722,14.506,-33.582,13.436,7.033,-19.258,18.663,12.66,-34.057,-20.797,-3.633
45.139,24.644,-5.404,87.601,41.212,-4.746,-0.051,-17.073,-2.119,26.815,-29.942,-15.966
47.655,45.229,121.527,11.071,23.144,15.78,63.691,9.488,-10.887,19.126,-16.155,-5.047
45.781,-31.603,-44.722,57.126,-25.99,-29.419,-10.95,18.753,-14.309,57.197,-24.779,6.268
45.041,51.225,4.083,-24.47,-28.414,-36.404,-18.034,-35.002,-28.509,15.772,-15.297,3.08
47.987,-58.895,-51.418,-13.201,-41.95,-87.765,-17.654,27.419,8.231,-7.56,10.096,1.584
48.157,-24.855,16.16,-12.447,-27.63,-23.05,35.84,8.639,-8.822,-4.738,-16.877,11.522
47.918,21.636,23.175,-30.632,-9.012,49.232,-9.095,5.113,-15.981,-13.693,-57.76,17.803
46.472,43.507,-19.924,12.491,-49.516,-39.535,-30.651,-29.36,-25.159,1.48,-13.97,6.407
44.872,53.88,27.88,-5.593,-37.257,-34.68,-8.226,-47.794,-26.792,-6.471,-3.185,8.51
45.022,-92.722,-37.655,27.95,-26.142,-29.554,-0.639,37.486,-17.677,36.927,-1.644,5.912
45.904,-0.092,-48.365,-112.073,-4.891,-10.114,-22.376,14.435,-23.294,-12.31,2.76,-19.689
48.999,73.925,-59.678,-55.222,-12.832,-21.536,-33.516,16.322,-28.493,-8.011,-7.161,-0.612
48.588,59.465,-91.689,-54.089,9.897,-21.233,-12.184,-41.023,-13.002,3.871,-23.14,-25.764
52.177,25.836,-1.038,80.814,-37.305,-46.848,26.567,-5.469,-22.103,30.754,-52.499,24.621
44.574,21.943,-32.709,-35.061,-63.701,-5.817,2.709,12.337,-16.622,-23.387,-27.072,1.622
49.169,31.081,-21.997,-61.673,-15.976,6.627,-11.203,-21.404,-11.743,25.061,-25.004,1.044
47.025,-19.911,-103.901,-33.981,-1.398,-85.842,-12.877,46.804,-3.76,-26.025,3.538,-11.954
47.001,45.896,-97.38,-72.086,27.504,-37.386,-43.993,-17.636,-15.357,5.259,-7.606,-35.368
47.934,24.075,-67.572,-28.855,11.706,-18.086,-46.361,-14.345,-14.063,2.489,-12.228,-19.865
46.466,-69.35,-88.097,32.786,-36.711,-69.934,-20.805,12.88,-8.099,16.262,-5.82,-9.804
44.008,55.805,-32.163,-57.005,-25.614,-2.937,-20.29,-4.899,-27.024,-18.897,-15.471,0.284
54.087,64.286,37.341,74.708,8.801,-21.326,-11.576,-12.09,-17.081,18.972,-27.196,6.741
47.823,28.866,-79.198,-39.772,-1.646,-14.838,-28.077,-22.559,-33.552,8.18,-29.215,-9.93
49.982,17.213,-13.284,-66.718,6.313,11.106,-23.817,-5.55,-14.295,5.044,-19.52,-5.193
48.799,47.231,-57.203,-64.549,-4.146,-16.803,-42.216,-15.504,-22.996,-1.359,-11.202,-9.526
53.926,45.152,1.087,13.437,4.669,33.166,-4.327,-14.268,-19.515,15.453,18.577,4.136
48.28,51.722,-46.88,-48.797,-14.351,-10.735,-16.135,-30.609,-33.686,-3.374,-28.569,1.174
47.644,-35.044,-63.167,-59.842,2.67,-17.591,2.623,-21.118,-27.513,4.142,-35.96,3.082
51.236,5.544,-1.467,-26.924,-0.896,6.592,10.53,21.833,-13.248,-8.979,-23.479,-9.835
47.03,-58.622,-71.747,-4.678,-44.747,-93.811,-25.163,34.879,6.288,-10.048,-4.338,-4.42
46.8,44.932,-82.235,-44.108,-34.294,-8.655,-50.065,-35.608,1.355,-0.538,-21.624,-18.303
54.24,46.072,17.786,47.551,0.294,9.13,-0.036,0.375,-11.658,8.63,14.804,-7.986
47.078,20.431,-23.996,-9.951,-14.261,-6.02,-15.552,-17.508,-36.189,16.728,-38.077,12.97
50.199,24.212,-25.03,-46.38,2.066,-2.03,-49.865,3.502,-2.588,3.815,5.483,-28.547
48.103,-8.788,-84.407,-45.0,-19.265,-30.887,-44.672,13.846,-13.288,24.834,2.656,-18.401
50.89,22.586,-33.518,-36.155,-14.562,2.404,-7.931,-7.349,4.966,22.181,-26.939,-8.867
52.689,63.993,-8.998,46.624,-28.056,-54.159,9.316,27.214,-19.039,36.207,-37.273,16.097
49.572,55.545,-31.522,-31.096,-15.479,-8.081,0.656,-55.69,-19.735,21.155,-63.087,5.144
44.018,46.664,-17.932,-58.916,-33.206,-6.965,11.813,11.869,-20.934,-22.438,-12.041,11.574
46.113,-93.497,-64.953,7.215,-49.735,-103.456,-25.166,25.997,6.607,6.746,0.439,-2.769
50.229,12.938,9.771,-81.499,-3.864,43.053,12.305,9.666,2.662,-15.042,-4.34,-22.887
54.433,107.529,31.504,39.738,6.836,-49.178,-31.993,45.085,-16.201,6.38,-18.248,-0.54
49.197,95.475,-21.926,-58.188,18.704,-6.602,-22.011,-40.741,-24.865,-11.495,-37.144,-10.746
47.898,-16.629,-129.735,17.275,11.75,-94.477,-12.881,6.058,-2.304,-32.557,-13.35,-6.507
43.979,45.102,-65.688,-46.909,-12.95,-18.372,-12.949,-11.275,-28.9,-4.108,-10.734,-2.464
50.771,24.707,1.92,8.6,27.782,34.315,-12.671,14.038,-12.672,28.377,-16.827,13.225
47.707,70.183,-54.118,-34.1,-0.147,14.098,-33.052,-37.348,-4.926,-21.01,-29.519,9.69
52.246,68.142,35.053,95.123,0.08,10.492,24.052,-24.014,-28.408,51.462,-20.16,17.497
50.812,58.984,3.174,-30.125,24.46,23.384,-1.345,-9.541,-23.438,20.597,-42.983,8.083
48.444,46.777,-64.238,-46.645,3.497,2.67,0.782,-50.736,-15.405,-19.996,-45.64,1.128
45.625,-3.318,-81.136,-119.257,11.41,-17.515,19.293,-6.471,-20.425,-19.468,-27.598,-9.62
50.181,23.849,-22.228,-62.008,31.256,22.021,27.199,-22.327,6.516,9.68,-40.021,1.422
47.01,-85.781,-56.436,-2.12,-37.113,-98.538,-14.293,15.821,2.804,11.168,3.269,-2.012
49.489,27.942,-50.243,-45.072,-8.191,-8.229,-38.821,-6.249,28.657,3.622,-22.421,-18.817
51.69,71.035,49.098,-76.029,28.898,17.66,-4.459,-16.328,-2.939,-7.319,-19.009,-7.166
53.044,25.142,16.43,14.15,-5.311,-24.105,-9.182,41.428,-0.402,-17.446,-26.207,-5.64
53.657,58.687,46.509,-6.962,1.362,-31.08,-5.432,-18.045,-10.075,33.359,-7.822,-20.735
51.252,17.5,-45.171,30.912,-16.8,-46.426,-47.586,14.528,-2.034,11.329,-15.884,-20.722
50.879,16.616,8.059,10.458,28.523,-2.725,-19.082,-1.397,12.678,-3.531,-42.301,14.765
51.442,48.098,-27.054,-55.219,-5.437,20.164,5.137,-23.016,5.34,10.511,-30.301,-19.389
54.421,69.344,17.312,17.124,-18.79,-39.782,15.487,-2.367,-18.409,44.326,-23.978,2.279
50.758,41.063,-35.581,-55.409,-7.239,-29.408,-42.693,2.557,11.71,-4.234,-9.512,-7.867
53.768,54.338,-22.074,-26.405,0.949,5.689,-15.537,-16.82,8.116,-16.445,-39.922,5.89
47.949,-17.92,-71.496,11.901,-7.372,-105.612,-7.626,7.164,-4.3,18.402,9.692,-0.315
45.154,15.235,-4.812,8.635,-0.777,-12.902,-1.17,-27.652,7.187,4.097,-3.017,-14.732
49.38,1.063,-88.69,-32.531,0.714,-90.829,-9.585,63.74,-18.012,-26.278,9.824,-14.316
50.87,62.795,-46.871,-84.407,36.987,-19.258,31.649,-67.202,-14.238,9.667,-25.667,-4.491
54.779,28.246,10.882,33.659,0.489,12.915,14.389,14.275,1.082,-6.008,3.826,3.902
52.22,54.416,-35.037,-4.563,-22.314,-18.303,-38.664,-16.199,9.908,2.392,-19.512,3.906
50.575,36.238,-23.588,-40.873,6.503,4.18,-30.832,-16.228,15.353,-8.045,-22.998,2.309
44.751,-26.934,-27.349,-66.529,-16.638,-22.953,14.999,0.714,26.814,-17.173,-2.211,1.928
50.538,44.35,42.4,-28.488,14.243,11.474,11.396,-17.949,6.247,1.65,-19.205,9.256
51.443,170.973,-56.16,-76.468,-5.095,-30.751,-51.697,0.257,9.242,-16.986,3.115,-1.141
51.451,60.307,-24.901,-2.191,8.288,-42.426,-29.387,-55.327,-22.919,37.559,-23.419,30.65
54.156,58.086,16.265,55.243,-6.115,-50.906,-5.968,11.616,-22.043,33.472,-39.287,18.415
50.009,35.039,-7.077,-19.148,-1.417,-8.813,8.17,-31.258,-10.554,24.56,-67.701,10.018
46.71,27.511,-4.763,-12.759,-17.377,-43.79,1.91,-7.575,5.655,18.103,-14.2,-6.099
47.636,-74.128,-54.373,15.034,-25.474,-8.671,-0.81,8.246,1.022,35.821,-9.821,-4.063
50.974,8.958,22.461,-30.411,-21.003,20.503,33.976,21.802,6.21,-10.105,4.3,-10.838
54.508,56.775,32.988,39.366,4.676,18.551,18.923,-3.31,-2.017,-3.517,12.454,-6.341
50.533,34.405,-64.697,16.194,51.572,2.06,-2.083,-12.552,-4.77,-12.7,-19.904,-5.406
45.178,-23.642,-28.725,-24.102,24.889,-32.479,15.935,3.961,-2.703,-9.142,-11.25,4.743
50.633,56.451,-28.143,7.3,-9.023,34.572,-32.278,-13.341,10.221,-24.752,-26.938,-0.851
52.84,22.155,8.631,-43.433,-22.668,-11.933,-14.626,19.58,0.878,-1.521,-12.345,-42.474
54.449,57.039,7.175,36.112,-4.504,-46.731,15.286,-5.875,-11.343,21.881,-36.88,-5.974
48.7,9.02,-10.613,-25.702,-5.015,-8.806,15.275,-24.608,-3.3,11.701,-67.775,-1.137
45.364,-0.218,-26.831,17.582,-17.637,-25.966,5.507,-34.089,11.034,16.276,-9.769,2.207
45.916,-100.346,-68.946,19.383,-48.309,-101.46,-19.458,7.156,10.063,0.812,-10.089,2.418
52.825,62.412,-16.957,-61.662,-7.631,14.803,-18.966,-10.416,13.149,12.314,27.207,-16.308
55.158,49.111,54.969,45.107,-6.539,-61.848,-2.75,-8.332,-10.179,-0.745,-1.222,6.424
53.309,38.52,53.012,12.097,8.043,-30.924,15.325,-6.59,-14.618,12.742,-31.12,9.666
52.064,22.821,-9.643,24.92,8.279,3.577,-11.711,-38.711,3.796,10.402,-43.195,-4.567
45.514,2.515,-8.225,-30.901,8.187,1.584,14.448,-6.964,24.032,-16.342,-18.466,11.151
51.41,94.534,-6.947,-52.305,16.248,31.582,-33.177,38.126,19.48,-17.923,24.826,-14.002
53.438,89.046,-17.188,-42.678,4.582,-15.37,-59.42,6.432,-10.221,0.199,7.111,7.333
54.509,60.739,30.41,62.356,9.095,-31.444,17.969,-29.486,-34.315,35.101,-36.689,28.795
51.483,7.404,-11.414,-41.172,26.204,-14.414,-39.251,12.397,3.922,-0.31,-9.586,-7.847
51.753,26.295,-37.784,-4.557,5.033,-6.237,5.651,-4.067,10.477,13.059,-30.701,5.04
45.891,15.722,-5.469,-53.156,12.201,1.742,-19.021,-14.125,1.46,-14.091,-6.262,-5.191
49.112,-15.215,-98.77,31.506,-20.455,-113.335,-25.767,-10.458,-3.146,17.626,-0.965,-1.945
51.364,74.549,-60.097,-40.918,-11.951,-10.579,-47.221,-23.939,20.893,-0.586,-26.617,-29.741
54.029,48.779,12.055,3.081,11.285,49.446,-9.239,25.366,11.56,-5.649,17.236,-18.44
51.196,96.713,27.085,-1.687,47.18,-66.678,-4.934,-27.698,-7.146,39.718,-21.984,-25.376
51.914,-16.319,14.881,-35.751,51.311,-48.804,1.255,13.379,-19.724,25.354,-6.782,-27.369
48.311,-84.852,-66.141,36.101,-15.913,-99.781,-9.361,-14.932,15.651,17.318,-16.001,-6.767
46.56,-79.053,9.49,-57.421,26.363,-20.637,38.694,16.491,44.623,-23.81,-13.913,-18.262
53.574,13.849,24.254,19.046,27.64,18.48,-1.76,-20.706,30.022,1.507,-28.261,-23.291
52.159,12.333,-7.994,-86.196,11.991,-8.03,-5.155,21.11,32.537,-2.491,1.724,-29.192
55.26,57.548,1.649,28.694,16.587,-18.991,25.438,-36.585,14.304,25.179,-28.195,-9.654
52.317,14.457,28.27,-61.399,24.358,-5.598,30.889,5.037,17.257,17.942,-9.153,-10.875
52.434,-14.312,-38.226,35.465,26.708,-35.118,11.218,19.593,22.625,4.361,-50.662,16.673
49.085,52.058,-38.928,-53.071,53.405,-34.57,15.515,-47.53,29.615,-7.189,1.658,-18.025
49.312,-61.433,-70.367,29.681,-0.591,-103.832,3.529,-50.1,12.504,36.479,-10.831,4.7
50.908,7.33,-10.261,-42.369,42.946,10.593,-2.588,24.884,43.214,-44.466,-18.776,-2.854
55.067,79.111,41.276,39.4,23.046,-21.235,-26.689,15.717,-9.846,8.812,-2.778,-5.518
50.581,-15.38,-66.008,16.548,35.73,-31.635,-24.35,-23.991,-26.192,-1.533,-43.699,-11.131
44.83,-47.666,-32.031,-53.656,18.262,-11.63,1.856,-17.909,30.417,-18.881,-17.389,-18.513
51.977,15.999,-0.818,-47.775,20.624,72.036,-14.995,5.92,56.998,-59.65,4.232,-25.384
54.707,50.191,33.37,-22.37,41.09,-4.249,13.986,1.699,16.668,-0.449,5.344,1.861
56.176,38.823,41.791,40.934,10.448,-42.984,-12.01,-3.048,5.385,25.712,-49.066,-1.806
52.848,-9.349,30.146,-20.978,16.979,-17.557,15.233,0.647,13.501,11.893,-28.268,-13.585
49.748,5.157,-21.615,-51.373,4.357,-25.341,29.661,-25.766,5.013,-5.547,1.029,-19.406
51.151,-26.708,-18.785,-12.77,31.13,-28.705,30.877,8.784,29.068,-7.865,-55.15,11.354
50.958,-12.638,-6.791,-15.55,22.084,9.463,22.136,14.109,27.178,-9.45,-8.182,-0.751
52.684,42.311,79.673,-22.486,37.056,66.191,25.786,2.076,12.788,-25.693,-33.21,-11.54
52.68,17.946,51.245,-5.651,25.846,-23.368,11.464,12.059,-8.362,5.974,-29.306,6.414
50.969,107.06,-12.774,-24.889,72.589,-21.482,-10.673,24.541,19.842,-39.876,-6.887,-4.713
50.745,-18.945,-75.3,60.345,14.155,-22.515,-32.602,11.685,8.431,28.883,-10.264,7.996
44.877,-38.187,-15.083,-29.108,-2.132,-39.547,-4.031,-8.202,-1.64,6.12,0.617,4.742
50.896,10.75,7.176,-55.345,41.374,-24.017,2.066,-29.193,6.348,43.651,-16.66,15.576
50.974,61.39,-85.375,-14.7,40.85,-52.7,-2.114,-13.63,12.246,16.483,-10.932,-2.242
50.553,-9.787,-43.548,-29.319,12.433,-10.832,-0.719,-2.371,20.011,3.868,-32.514,-8.121
53.8,26.089,28.494,53.276,-12.985,-51.341,43.195,-18.672,-2.863,39.305,-42.247,9.326
51.738,-1.19,-27.963,-19.659,21.188,-23.77,1.588,-4.79,24.951,-7.859,-15.402,-21.686
52.81,24.424,29.31,-47.724,34.963,-43.858,16.834,22.887,48.47,19.009,2.193,-22.31
55.513,17.907,8.771,-20.992,23.457,-41.208,-12.801,-11.566,9.561,25.805,-25.918,-7.683
51.866,3.023,-45.375,-8.545,31.575,-39.805,14.317,6.806,11.812,10.714,-30.026,0.943
48.956,36.117,-35.542,1.412,33.8,-30.394,4.7,-56.045,14.55,-0.469,-11.713,-21.691
49.305,-60.645,-70.076,21.946,5.68,-110.75,10.476,-37.443,10.859,38.986,6.247,-4.712
51.065,-0.665,-24.927,20.272,35.064,-16.912,-7.878,-4.771,3.46,-9.029,-24.489,-24.226
53.311,24.786,58.286,21.164,20.015,30.79,9.42,10.804,-1.314,-1.451,-15.882,-11.203
49.019,-23.956,20.956,3.553,33.02,24.474,-2.286,13.79,6.682,-13.219,-39.615,3.978
47.469,2.524,-57.943,-60.135,-12.382,-37.693,-9.437,25.671,20.156,0.238,34.448,-11.213
51.806,62.054,-13.536,-61.994,-14.408,-5.504,-23.96,-2.903,-3.912,7.23,-29.494,-41.245
50.51,53.372,53.476,9.162,12.564,26.824,34.361,29.029,-15.743,3.426,-23.947,-4.494
49.437,46.872,-2.701,46.105,58.94,18.266,-11.865,-15.764,-22.787,20.041,-47.778,15.711
49.151,46.561,58.537,-101.667,17.451,-6.56,9.241,-21.714,-24.07,34.557,6.433,1.772
51.89,-33.862,9.323,29.189,0.071,-68.597,12.796,19.343,-6.864,19.169,-5.371,-5.093
47.666,-57.809,-93.975,51.462,-22.783,-117.623,-15.084,-42.542,-9.035,19.829,-5.389,1.3
44.434,-56.396,-16.085,-51.256,-17.013,-3.785,-13.349,8.829,24.466,-22.301,-20.696,-9.975
52.059,4.198,13.52,85.668,11.887,43.192,1.381,-24.674,3.849,-10.049,18.291,-9.316
50.175,-12.842,13.503,4.493,16.379,-46.184,-6.709,-29.206,5.122,23.725,-13.047,-7.757
52.719,32.15,-0.417,-8.875,53.752,-46.588,-25.791,-56.455,-5.995,36.851,-11.001,13.506
52.377,-44.05,-19.254,0.479,40.983,-27.092,3.641,-13.056,-28.331,0.058,-32.04,-1.212
49.071,-46.261,-34.647,-24.536,37.497,-31.521,10.872,-20.32,21.656,6.798,-0.433,-1.522
50.178,-33.147,7.649,-13.696,64.184,-58.583,-33.035,6.048,-7.487,11.773,-3.679,-1.735
47.849,-78.891,-45.783,17.233,17.753,-76.669,14.166,-10.479,21.785,20.515,-14.154,-12.344
48.241,-67.274,-2.485,-4.597,5.389,-28.702,36.968,-4.039,40.306,25.512,-9.856,-24.854
51.461,-10.744,9.693,13.442,21.466,36.547,63.674,-30.78,45.065,-31.074,-40.8,-19.838
52.716,-3.642,23.737,-22.245,30.929,-42.319,25.244,-1.901,21.469,12.742,-20.013,-15.875
51.03,-28.021,-34.323,-5.767,31.793,-17.441,31.506,11.526,20.992,11.917,-39.603,7.099
52.186,46.709,4.828,-41.404,13.82,-17.791,8.531,-10.561,6.712,-11.548,5.736,-8.558
52.13,-9.486,-56.302,14.17,18.465,-74.277,16.648,-10.545,-9.6,11.4,12.496,2.589
51.793,4.402,15.105,-16.874,28.538,-47.278,18.201,29.693,-13.634,-17.855,9.49,-10.847
55.14,57.875,69.814,45.646,25.045,-58.186,-16.064,-6.761,-18.192,2.096,-6.65,6.804
53.832,46.209,49.379,-10.54,17.8,-27.795,-7.862,-8.244,-19.177,-8.116,-2.095,4.902
53.392,44.24,0.567,22.241,57.283,-24.786,-0.139,-37.205,-16.1,-8.534,-17.808,15.057
49.364,-10.115,-12.828,-54.462,32.79,-24.9,26.768,8.364,-25.172,-6.615,-5.993,0.839
50.843,-7.753,26.501,-7.621,63.693,-40.704,-10.686,-9.907,-6.787,13.597,-13.91,6.548
50.19,-21.678,-1.387,-2.197,30.322,-37.309,-9.575,-0.428,-5.74,-6.344,-21.344,3.158
49.011,-27.598,25.174,8.507,37.792,-37.898,0.298,7.815,26.219,6.404,-11.386,-15.106
52.106,33.912,47.351,3.138,46.472,44.47,22.483,-12.966,18.373,-16.473,-46.035,-19.095
52.516,9.608,39.583,-10.874,32.833,-51.269,17.396,2.759,4.812,19.098,-4.852,-8.298
53.218,0.867,16.758,-1.903,42.674,-28.713,15.455,-9.048,-15.506,2.673,-27.931,-1.173
49.531,-31.936,-40.021,-26.734,19.108,-29.178,29.484,0.05,-7.507,7.762,-26.692,-0.245
50.333,15.956,-13.025,-41.889,21.824,-45.217,23.699,4.334,-28.696,-4.866,-4.154,5.886
52.218,-14.642,27.535,-14.45,45.343,-44.557,25.488,-3.219,-8.397,26.131,-0.858,-3.373
51.103,-14.846,-63.216,4.101,7.898,-102.599,23.559,-16.604,-12.21,15.999,-5.234,11.876
50.278,-14.388,5.169,-24.775,48.866,-54.955,38.436,16.195,-1.792,-4.209,0.58,-0.923
51.515,5.272,29.825,-8.66,31.716,-35.464,18.329,-11.515,-16.446,7.454,-12.499,7.419
55.012,39.241,53.672,56.321,28.979,-29.539,5.016,-11.696,-17.02,5.631,-3.135,2.509
52.794,30.159,33.494,-10.914,21.939,-29.119,-2.861,-6.736,-27.126,-6.31,3.797,1.486
53.429,47.124,-5.96,18.314,55.162,-26.687,0.533,-36.925,-22.623,-19.086,-13.114,15.075
50.802,7.63,2.247,-12.215,-7.439,-23.763,26.184,2.103,-28.646,-7.323,-10.537,18.006
52.097,43.023,41.497,-40.587,49.045,-25.761,0.919,10.914,-10.768,-15.624,1.778,13.968
53.458,26.589,16.168,2.949,30.836,-32.693,21.881,6.414,-9.695,5.498,-9.456,17.799
53.013,29.185,6.417,-27.738,21.3,-45.264,48.494,1.578,23.803,6.387,-5.653,5.658
54.629,35.306,13.431,15.233,14.147,-8.069,40.04,-14.543,11.488,-11.141,-14.875,-8.847
48.143,-60.389,-55.267,0.723,11.791,-28.744,11.954,11.113,9.15,13.275,-10.164,12.761
48.404,-22.75,-4.387,-49.412,9.203,-18.869,32.031,9.527,-6.73,-1.271,-3.837,16.365
51.66,-7.131,19.325,-22.606,33.078,-30.544,12.757,4.148,-16.47,9.954,-2.579,19.598
51.679,-18.598,-59.464,3.0,15.469,-98.613,21.028,-6.657,-7.078,20.026,2.745,2.884
51.42,-23.477,29.732,-38.098,33.38,-37.85,33.473,21.207,-3.282,-4.5,1.265,0.643
52.667,18.664,63.162,-6.67,33.171,-29.968,0.125,-0.584,-26.929,0.883,-6.758,2.5
54.808,49.497,47.85,58.769,25.087,-30.205,-19.401,-0.093,-9.388,1.329,-0.238,6.284
51.906,32.087,21.453,2.247,34.861,-23.247,-6.788,5.679,2.819,-2.227,-13.083,17.329
46.439,-84.559,-54.58,21.914,-2.674,-60.656,-6.697,19.855,-4.232,11.166,23.882,3.623
49.837,1.423,39.311,-103.549,14.336,3.005,16.623,12.767,-4.204,-23.776,11.613,-2.173
53.722,30.813,49.324,-0.783,39.954,-27.337,8.463,-6.984,-1.462,-3.629,-19.43,20.262
53.024,9.908,-12.523,34.963,44.668,-49.089,12.751,-52.585,-1.605,22.908,-15.073,13.158
44.178,-106.548,-57.275,-21.637,-1.392,-29.988,22.015,6.335,17.077,14.103,-27.338,-1.275
44.592,-7.624,-0.986,5.346,8.857,0.259,-22.363,-41.872,-3.607,-3.914,7.138,-0.156
47.361,-57.921,-87.89,51.289,-13.116,-100.676,-7.438,-46.907,-6.584,19.504,7.779,7.672
44.746,-38.727,-18.383,14.233,-23.438,-35.536,-16.137,-37.679,4.909,-1.772,-17.26,-8.77
52.675,13.021,23.226,105.365,2.546,-41.922,-11.983,-35.576,-6.74,-2.49,-34.899,6.352
48.576,-12.187,14.813,23.795,6.325,-47.665,2.057,-30.057,16.84,23.61,-18.472,-15.703
48.201,26.683,25.799,58.517,50.818,-60.661,10.162,-91.219,7.283,50.083,-37.261,-8.142
44.838,-169.005,-26.896,22.615,-5.926,-68.615,23.674,10.957,15.465,19.328,26.138,-12.026
44.376,-134.218,22.824,-29.765,18.653,-33.419,27.61,4.647,33.862,-10.577,-4.794,-11.183
46.602,-49.812,24.853,37.465,41.334,-15.266,10.007,-33.278,34.654,-10.913,11.581,-19.355
46.441,-104.633,-26.655,29.519,-4.823,-73.614,13.574,-11.005,23.106,47.006,-10.708,-11.46
46.811,-83.393,-9.004,10.279,3.457,-10.478,46.582,-17.964,44.625,13.915,-8.539,-26.805
50.494,-30.073,8.849,28.041,20.78,64.757,73.964,-34.618,44.813,-44.909,-13.695,-26.615
49.279,-41.945,9.463,38.422,15.311,-49.398,24.76,-18.036,33.714,28.584,-37.975,-21.33
48.078,-57.504,25.783,21.619,23.18,-19.877,32.298,-33.924,25.8,34.357,-28.276,-13.372
45.524,-169.916,-4.288,4.252,16.065,-32.353,38.552,6.349,24.074,13.063,8.974,-12.592
42.913,-141.825,-43.145,3.664,-27.871,-92.107,-2.648,20.994,15.885,-20.03,-5.634,-5.816
46.701,-43.35,21.964,20.844,34.136,-37.633,-3.528,-46.258,19.689,40.375,-18.822,-22.174
48.311,-79.938,-58.11,59.293,16.663,-92.195,16.342,-60.01,9.636,35.44,6.784,-2.25
44.545,-34.211,12.411,23.742,7.331,-33.234,-25.04,-44.923,10.551,3.91,-19.269,-12.438
52.007,30.326,52.917,111.762,19.448,-32.694,-15.053,-32.146,-7.856,7.025,-31.127,-0.801
47.776,6.413,23.648,15.012,7.02,-39.986,-19.583,-52.044,-3.718,20.675,-18.636,-6.661
47.256,33.353,-14.869,53.705,28.659,-60.185,-39.079,-86.604,-7.489,32.664,-22.142,-6.841
43.643,-153.411,-46.597,28.057,-14.701,-67.246,-5.139,21.25,7.747,15.015,25.904,-12.505
42.366,-106.713,-2.998,-35.15,3.346,-20.182,-11.46,-3.766,20.695,-13.192,-15.285,-13.791
46.834,-47.932,26.634,26.602,47.057,-18.683,-11.574,-49.698,17.348,12.12,-0.47,-9.394
46.539,-58.21,4.215,21.394,11.576,-37.148,-18.63,-30.716,16.223,20.163,-23.472,-10.187
46.567,-51.417,28.437,36.83,32.463,-7.631,9.635,-12.573,39.416,-3.198,-5.769,-19.082
50.167,-3.779,42.579,38.398,45.667,86.971,41.738,-26.741,39.301,-40.113,-15.806,-22.082
49.181,-23.773,22.324,43.358,20.727,-44.327,13.141,-25.361,28.176,26.897,-26.736,-14.374
48.207,-64.417,35.582,33.654,29.62,-45.826,33.918,-37.126,32.819,27.163,-30.037,-15.953
45.222,-172.944,-17.903,14.246,2.828,-66.095,28.346,2.197,14.282,8.87,17.198,-13.68
43.064,-140.749,-41.327,3.363,-31.442,-93.243,6.445,18.242,12.789,-13.131,-1.074,2.759
47.839,-65.09,31.336,25.43,26.904,-32.106,49.604,-39.598,21.289,46.438,-19.76,-7.453
48.388,-73.77,-52.136,49.424,1.973,-105.336,28.283,-67.78,-4.564,27.624,-8.062,14.616
44.767,-42.99,5.793,26.489,1.424,-33.031,-6.346,-35.979,20.574,-0.293,-22.384,-13.805
51.892,21.852,45.723,113.438,9.739,-35.812,-9.917,-28.142,-5.646,7.772,-36.285,0.25
48.438,29.202,7.307,-8.502,8.81,-37.167,-13.806,-26.915,-9.425,14.624,-8.53,-8.421
46.719,28.578,-22.215,49.979,41.34,-6.547,-7.241,-56.052,22.531,-35.457,-25.745,-8.644
42.411,-153.553,-57.17,26.223,-26.668,-55.379,-8.2,29.822,-0.389,14.566,25.002,-4.119
40.486,-110.911,-6.893,-36.032,-13.594,-24.232,-3.839,8.399,11.584,-20.54,-15.15,-4.833
44.652,-45.731,6.22,25.852,12.932,-5.428,3.842,-47.533,11.451,1.995,13.461,-9.295
43.423,-94.949,-47.614,26.259,-31.496,-52.102,-5.939,-30.871,-0.688,33.821,-19.652,-17.534
43.646,-98.142,-25.886,18.115,-21.851,-30.963,20.871,-33.091,17.414,15.441,-25.324,-36.532
50.094,-29.603,6.893,110.217,-9.981,-49.424,25.525,-40.168,-3.329,32.887,-69.065,-11.928
45.26,-64.889,-6.689,48.66,-7.695,-45.166,3.347,-34.554,9.079,13.738,-37.888,-32.579
43.32,-116.87,8.809,42.739,16.904,-37.751,-0.948,-37.878,11.586,18.808,-30.557,-36.664
39.461,-214.071,-46.65,10.165,5.158,-29.505,13.171,1.77,14.325,-3.401,13.178,-13.905
36.551,-198.976,-68.783,18.641,-32.31,-88.802,-0.339,34.807,-2.811,-9.718,-11.554,3.356
38.562,-99.876,-18.059,42.238,-28.274,-31.348,9.136,-41.895,-24.151,6.55,-41.203,12.444
41.123,-117.427,-106.855,124.637,-5.033,-2.76,-10.347,-83.299,8.075,-10.182,2.745,-9.315
31.076,-193.503,-43.511,37.238,7.657,-15.614,1.266,11.61,-17.722,-22.19,-27.62,15.704
40.798,-146.081,1.806,68.819,50.392,68.505,6.991,18.592,2.146,-0.222,0.651,3.009
27.052,-145.245,-102.412,119.097,28.795,-14.288,16.726,37.045,-6.347,-23.0,9.773,-11.3
14.877,-99.174,-75.982,15.461,83.34,-67.39,-10.11,92.867,-16.145,-29.228,-4.216,-3.373
