0.599,160.093,-15.393,-36.989,38.156,-51.248,30.804,7.257,-23.012,7.178,-14.428,-11.616
9.293,-28.65,-112.139,-98.372,64.367,-31.182,-5.768,-16.806,-9.778,44.715,4.977,-9.929
14.286,-107.361,-102.083,-41.555,86.937,-33.625,-15.43,38.58,-23.949,12.105,-3.722,3.676
19.352,-142.911,-61.144,4.352,72.881,-21.567,-53.944,50.723,-24.625,-7.663,-1.381,-10.124
16.958,-122.784,-71.896,-5.656,70.275,-24.426,-22.941,53.951,-48.95,0.534,0.596,9.413
19.503,-151.343,-64.869,7.879,74.695,-28.282,-47.122,54.427,-31.819,-8.865,0.447,-1.711
18.25,-147.718,-64.196,-28.057,76.377,-40.65,-16.846,28.562,-50.356,-6.546,2.22,12.395
15.694,-137.785,-111.732,-66.256,87.108,-51.652,0.184,12.796,-14.473,6.243,-2.713,14.501
18.327,-150.499,-84.242,-18.99,66.482,-39.271,-13.526,39.776,-44.035,-6.295,-7.831,9.914
20.506,-142.452,-62.463,13.158,48.606,-31.1,-52.559,44.143,-23.74,-14.403,-10.078,-7.37
19.315,-146.702,-64.924,-7.861,60.867,-20.08,-20.464,42.357,-46.845,-0.151,-8.17,9.548
19.685,-141.376,-62.06,14.0,64.032,-38.981,-59.739,49.784,-19.536,-18.879,-6.99,-10.251
17.041,-139.342,-72.727,-35.968,84.686,-44.007,-17.764,26.015,-44.578,-11.368,1.618,12.858
15.1,-117.564,-111.08,-69.363,62.138,-48.228,11.343,13.162,-19.918,2.495,-8.771,-1.324
18.986,-146.799,-66.597,-16.595,59.529,-30.188,-8.087,39.832,-46.818,-2.484,-7.778,4.506
21.866,-161.534,-58.546,-6.523,61.061,-0.524,-48.126,34.063,-20.134,6.628,-13.41,0.675
18.227,-141.37,-66.226,-10.798,72.391,-24.15,-21.768,47.345,-50.486,-1.921,-5.638,8.685
18.237,-157.453,-84.579,-18.008,93.002,-27.288,-41.208,49.804,-26.007,1.748,-13.168,3.169
16.323,-132.735,-77.534,-35.818,92.32,-34.428,-21.223,31.302,-42.078,-0.364,0.379,13.325
14.989,-117.0,-91.758,-75.058,82.197,-34.455,8.585,2.631,-24.668,19.758,2.0,1.205
18.543,-135.673,-69.467,-20.337,50.102,-21.432,-2.874,35.13,-44.146,3.104,-8.421,-1.534
19.923,-154.384,-72.523,-3.769,64.769,-26.281,-45.274,44.38,-26.069,-5.263,-15.962,-1.345
16.289,-123.82,-78.737,-32.812,73.891,-42.26,-16.655,32.876,-40.099,-6.492,-5.077,4.163
15.926,-133.942,-89.803,-37.877,103.577,-22.376,-30.523,38.973,-27.573,17.84,-4.01,3.756
13.916,-100.659,-102.794,-55.427,80.468,-46.967,-10.496,29.67,-17.009,4.749,0.621,9.046
18.673,-100.347,-15.022,-82.58,30.517,-8.681,17.767,-7.424,-34.649,5.124,15.084,-6.951
23.155,-133.874,1.329,-44.378,17.775,-33.438,21.379,-4.101,-21.502,1.296,-7.715,9.722
25.295,-119.248,40.681,-26.07,15.139,-27.417,37.054,3.01,-14.007,-0.836,10.898,21.012
29.308,-104.86,24.829,-21.35,3.042,-6.757,11.079,22.937,-4.853,-20.778,-5.468,21.192
29.173,-109.595,22.767,-26.109,6.787,-21.879,22.532,-8.962,-0.743,-9.185,4.933,18.107
29.369,-149.359,21.562,13.662,18.132,-38.838,13.806,26.737,2.651,-5.441,-1.714,16.73
29.95,-121.744,38.785,-26.403,44.497,-20.03,-2.98,-16.584,5.978,-0.407,-2.613,27.837
26.476,-165.787,-6.28,36.571,48.912,-34.358,-25.54,30.174,-10.135,-17.185,-14.401,16.595
22.069,-146.462,2.969,-53.93,44.368,-16.255,6.367,-10.388,-45.997,-2.235,11.424,-1.574
25.531,-141.675,23.371,-45.553,15.557,-23.072,26.523,29.19,-20.784,-10.834,-6.637,5.937
26.247,-111.598,3.609,-40.177,-15.012,-28.59,-14.145,-3.546,-7.676,1.265,3.431,-26.83
28.194,-126.165,-0.366,-37.606,-6.989,-19.441,-14.275,-2.266,-6.589,-5.376,-23.358,-14.735
30.502,-190.305,3.702,-72.481,7.691,-32.031,30.841,17.557,-8.474,-2.309,5.288,13.451
30.119,-125.289,-20.596,-2.724,-10.429,-31.399,-8.194,-10.457,-5.281,15.566,-25.37,5.029
29.147,-114.334,35.96,-13.965,38.291,-15.633,-5.094,5.739,8.103,-9.284,-0.915,17.396
25.829,-174.314,-37.665,-3.96,36.822,-29.012,-57.234,17.208,-17.249,-0.468,-16.763,1.317
22.14,-137.534,-15.516,-62.916,21.54,-19.172,5.717,-10.314,-38.45,11.868,-15.328,-0.889
22.249,-77.615,-17.233,-32.93,-33.9,-53.602,-9.853,9.581,-40.156,-17.424,2.123,-10.14
24.764,-126.717,-19.127,-70.078,1.543,-33.977,8.4,-21.515,-14.525,12.087,-0.053,8.246
27.77,-161.331,10.423,-33.092,9.274,-41.072,38.657,1.701,-2.27,-6.578,0.98,14.995
31.6,-169.963,34.089,-54.129,3.035,-35.98,35.043,-3.645,0.575,2.574,12.29,14.129
32.828,-172.403,-6.271,49.061,13.342,-26.972,16.732,18.162,-0.44,-13.926,-36.403,19.973
25.933,-166.146,-32.642,-108.294,-12.462,-30.499,-6.142,-16.434,-25.105,5.461,4.4,-17.155
29.917,-173.456,-53.391,-56.207,-31.522,-23.343,-28.548,-1.049,-13.913,-17.3,-4.044,-17.566
30.089,-220.977,-44.809,-81.221,-6.719,-35.372,8.202,-0.822,-4.795,1.02,0.966,2.64
30.294,-171.069,-48.588,16.882,-6.584,-43.358,6.605,25.212,6.018,-5.31,-10.836,16.471
25.466,-124.895,-44.225,-21.191,-37.461,-25.183,-8.929,8.689,-23.292,-8.665,-18.999,-15.746
24.38,-168.621,-3.255,-26.25,29.268,-41.471,61.488,12.605,-15.703,4.174,-1.648,7.84
25.695,-200.052,-43.146,-28.009,19.978,-34.778,33.634,27.989,-19.498,-3.194,-22.232,11.066
22.226,-180.675,-78.034,-23.623,42.113,-39.523,-28.712,23.8,-20.292,-8.619,-7.631,-13.537
20.181,-160.863,-70.356,-23.913,50.652,-30.446,-10.005,27.576,-44.484,0.021,-5.202,0.374
29.592,-146.473,52.161,64.412,52.525,-17.231,55.638,25.438,5.08,11.694,-28.17,3.062
22.285,-170.091,-7.114,-18.111,69.267,-41.772,6.436,18.357,-37.342,-8.615,-0.399,1.351
20.066,-174.529,-41.112,-22.233,100.435,-52.406,-34.921,21.45,-36.542,-13.303,-4.262,2.056
29.223,-124.322,54.178,17.581,62.215,11.48,28.427,-18.686,11.61,19.379,26.809,-3.099
29.609,-122.876,65.286,18.171,48.617,-51.152,7.08,-20.647,6.744,8.296,-5.296,-10.799
28.668,-168.969,81.9,19.062,79.025,-44.158,39.254,-0.909,13.192,-4.99,0.717,-15.115
28.643,-212.393,49.964,-7.803,70.337,-48.694,21.807,3.93,-10.733,-1.06,1.415,-1.865
30.362,-203.381,55.088,-6.332,75.786,-32.699,10.666,1.811,11.643,-0.812,-6.023,-11.433
26.859,-189.043,6.487,17.66,66.046,-41.224,26.067,22.258,16.1,-7.864,-6.551,-20.182
23.88,-173.594,8.271,-3.204,71.181,-34.856,19.538,23.449,-4.872,8.692,-14.674,-17.04
21.028,-155.78,-28.139,-2.395,77.381,-44.796,-31.019,25.001,-14.157,-12.185,-4.792,-7.534
17.801,-140.979,-49.4,-32.53,90.709,-42.35,-5.634,18.872,-34.414,-2.074,1.403,1.188
19.124,-169.447,-54.501,-34.078,107.239,-40.757,-32.897,15.659,-28.258,-5.571,7.775,-0.604
20.443,-156.227,-39.333,-23.033,59.044,-37.826,-15.957,18.916,-45.387,-10.465,-1.779,-12.654
23.184,-156.756,18.674,-130.189,44.56,-46.172,55.716,-30.866,-28.078,11.003,31.102,6.887
30.724,-141.521,38.148,-35.241,13.96,-16.977,32.736,19.418,-5.753,-3.41,-1.094,29.394
31.536,-168.933,16.518,-23.792,4.847,-34.813,26.884,8.905,-2.438,-10.199,13.354,16.688
31.173,-155.07,7.216,20.214,4.598,-25.6,-9.079,39.093,-7.457,-15.705,-5.675,4.414
26.828,-23.628,40.3,-28.105,-5.596,-25.61,-24.35,-2.17,-20.087,-10.002,6.334,13.617
31.453,-44.245,43.765,-29.462,-1.715,-14.431,-14.437,19.839,-35.153,-7.24,20.212,19.928
31.409,-78.948,17.287,32.551,4.026,-26.556,-50.356,20.299,-39.503,-8.473,-10.355,16.783
25.22,-112.143,-0.152,-33.472,14.158,-30.872,-21.521,-14.591,-40.763,14.82,0.483,5.326
29.166,-134.148,53.973,-70.397,23.053,-9.496,18.478,3.136,-9.983,11.894,-10.596,10.678
32.117,-141.797,-7.921,-64.6,-20.357,-18.298,-3.674,-12.005,-4.455,2.113,-4.256,4.582
35.334,-178.904,-14.16,-35.032,0.398,-23.742,14.439,12.984,4.964,-15.667,-12.915,18.255
32.835,-125.201,-8.806,-60.292,-14.758,-23.385,-19.471,-16.865,-11.77,3.937,-5.588,-3.922
35.028,-75.605,44.856,-31.835,9.411,-21.172,-30.067,-1.396,-37.278,-9.91,8.806,6.356
36.85,-59.926,44.423,-30.955,11.484,-24.967,-30.866,8.793,-31.734,-11.84,8.718,9.233
36.737,-70.34,36.966,3.972,6.321,-12.516,-43.464,-3.78,-30.761,-5.661,-11.357,12.89
28.738,-147.324,37.892,-37.073,32.013,-28.669,-18.543,-4.367,-7.797,-10.875,6.359,12.773
28.774,-110.01,32.562,13.583,35.598,-18.546,-18.111,8.857,-1.264,-12.38,-17.973,15.623
23.401,-128.364,-20.237,-15.277,8.629,-27.553,-24.345,15.575,-29.052,-8.207,4.874,-8.72
25.095,-65.249,35.502,-57.213,-24.314,0.244,-14.92,13.544,-34.521,-1.195,5.728,-15.07
27.652,-101.202,22.828,-48.081,-0.809,-14.456,-31.914,-9.357,-20.794,-0.144,-14.343,7.134
26.989,-109.011,-20.234,-49.309,23.33,-23.751,-13.118,-19.967,-1.077,3.478,11.051,28.94
29.907,-131.607,37.339,-60.42,10.895,-19.636,16.908,11.114,-5.584,3.542,5.598,29.548
31.448,-159.72,37.814,-25.189,23.806,-19.08,14.911,4.908,-14.008,-5.154,-6.906,32.266
28.878,-191.043,-18.509,5.657,4.903,-41.689,15.012,19.198,-12.177,-7.696,0.975,10.499
24.271,-165.307,-24.895,-34.881,14.809,-39.665,13.712,14.34,-21.666,-7.858,-5.288,1.432
23.161,-129.302,-11.992,-21.954,1.343,-30.438,12.038,20.458,-24.239,-16.243,-6.007,-3.377
22.541,-166.992,-33.59,-30.226,40.583,-36.183,4.489,22.869,-32.37,-2.488,-3.101,3.427
20.254,-156.704,-55.12,-14.952,54.091,-39.559,-4.036,35.566,-39.595,-6.382,-7.527,3.417
20.011,-162.45,-55.748,-24.092,73.421,-39.667,-35.127,21.823,-34.205,-13.342,-0.177,-9.929
23.778,-164.602,16.127,9.182,81.72,-38.559,-18.444,22.32,-10.171,-6.44,2.036,-9.843
24.379,-177.634,-35.476,-7.838,52.28,-27.915,-14.67,6.295,-12.788,-5.961,-5.339,-3.349
20.799,-163.008,-42.38,-28.256,62.05,-42.549,4.902,23.777,-31.657,-5.883,-1.253,2.335
21.482,-175.381,-45.292,-30.135,63.018,-30.42,-3.758,18.124,-39.06,-2.477,-2.577,-4.928
26.09,-173.635,15.337,-2.054,87.533,-30.655,-35.367,-0.769,1.447,8.554,-4.087,-5.964
28.053,-133.361,45.399,11.414,62.971,-27.896,-52.37,5.064,7.664,-5.977,-5.348,-4.887
28.108,-181.364,20.56,-16.709,78.997,-36.208,-43.795,-22.203,-6.357,7.188,0.421,-1.581
29.337,-165.451,14.058,-3.974,54.675,-39.636,-64.672,-17.935,2.143,-1.253,-8.59,-2.723
25.002,-169.525,-28.364,20.25,56.024,-36.447,-50.313,10.23,-8.451,-8.984,-15.322,-11.058
18.978,-149.949,-59.182,-48.364,59.412,-40.84,9.482,14.713,-37.688,-2.992,-8.804,-9.82
18.381,-152.408,-78.811,-50.13,60.053,-51.198,18.142,17.478,-36.368,-4.695,-7.164,-2.175
18.59,-155.093,-93.463,-47.403,48.449,-52.952,2.499,22.939,-37.83,-10.51,-8.089,-6.712
17.741,-145.888,-98.579,-63.12,47.657,-51.175,17.364,20.24,-34.497,-7.123,-2.033,3.392
23.046,-148.582,-19.022,-125.247,0.481,-25.821,14.192,-25.439,-45.973,0.668,8.835,-15.171
28.536,-188.941,-31.235,-31.107,14.794,-32.924,11.554,1.536,-11.19,5.102,-16.497,15.002
28.838,-73.152,10.554,-35.354,-17.544,5.8,-20.052,13.624,-21.382,-37.272,-12.755,-3.904
27.847,-38.424,48.981,-54.369,8.23,-23.376,-9.052,3.883,-47.041,-23.577,22.294,7.075
33.0,-69.349,44.163,-21.017,-6.963,-3.718,-19.407,13.29,-41.345,-18.605,0.748,3.849
32.878,-55.999,22.296,0.459,-8.263,-14.39,-16.057,-7.647,-44.513,-16.674,-0.685,1.894
28.635,-89.726,13.527,48.686,-1.304,-18.635,-30.249,-8.012,-39.333,-23.17,-23.549,4.406
24.058,-131.744,15.369,-33.551,37.181,-38.438,-18.551,-0.246,-17.185,-11.102,10.106,19.477
26.381,-114.585,38.532,-43.972,15.217,-23.133,-17.244,-0.685,-16.481,-13.331,13.105,18.336
29.255,-93.304,33.143,-19.138,14.14,-11.958,-35.664,5.36,-11.946,-12.102,-10.556,14.95
27.037,-123.506,28.751,1.843,19.076,-8.654,7.137,-5.407,-23.707,-4.062,-18.357,10.271
23.293,-152.974,-22.009,-9.444,52.202,-44.979,-16.73,24.641,-13.399,-1.557,2.015,8.839
24.961,-113.681,-6.268,-27.161,-4.787,-6.909,6.651,-0.202,-18.619,-0.378,-18.182,9.625
23.777,-148.639,-18.072,-40.721,6.502,-44.493,12.159,5.04,-18.79,-6.306,3.508,1.859
25.113,-150.837,-27.626,-51.453,-10.052,-41.142,10.877,1.273,-12.316,-2.444,4.319,-0.05
28.286,-170.604,-11.284,-56.532,-12.698,-31.653,27.184,-0.307,-5.281,-1.831,-0.119,5.703
29.908,-170.169,-16.552,-33.515,-16.599,-40.159,20.323,14.41,3.457,-8.708,3.897,8.814
29.698,-169.652,-3.551,-30.402,-5.128,-36.443,31.755,21.085,-0.227,1.398,-3.49,14.534
29.429,-178.133,-17.707,-39.789,-6.125,-34.4,26.691,21.811,0.319,2.227,-4.345,15.444
27.75,-174.679,-31.326,-0.342,-0.127,-40.404,21.669,20.748,-2.578,-7.882,-3.894,9.251
25.853,-147.091,-4.619,-31.969,11.655,-26.115,-6.045,19.488,-15.55,-8.217,-12.095,3.32
26.322,-132.179,35.659,-44.334,21.305,-22.32,40.779,-4.602,-11.518,3.587,12.106,34.408
29.924,-166.08,10.161,-0.386,14.006,-16.032,26.428,16.963,-10.645,-8.998,-13.523,35.125
26.755,-183.023,5.34,-25.584,22.18,-46.919,33.557,3.74,-18.52,-12.504,3.829,17.311
28.505,-204.635,8.291,-18.588,25.479,-33.386,45.181,25.73,-16.498,-6.826,-1.89,17.844
26.295,-153.287,27.281,-8.955,32.475,-22.691,32.806,13.182,-12.192,1.77,-14.68,23.874
26.545,-125.792,59.837,-31.959,27.74,-32.447,3.077,5.564,-10.048,-4.11,8.215,1.909
27.031,-132.998,42.885,20.576,48.267,-29.085,-2.767,5.131,3.526,-9.713,-20.654,-6.481
21.111,-126.039,-3.688,-43.533,28.114,-44.037,18.27,3.044,-38.62,-7.58,5.568,14.853
23.347,-133.623,9.309,-40.071,21.748,-26.521,32.108,12.877,-24.656,-2.995,-15.55,23.804
23.831,-162.526,-3.471,-45.752,25.675,-41.713,47.086,12.64,-18.227,0.25,1.518,3.762
25.774,-167.529,-1.31,-44.35,14.909,-36.129,24.585,-8.455,-15.231,0.743,-1.131,8.471
28.24,-169.987,6.729,-33.597,5.887,-33.483,16.185,14.609,-6.403,-10.758,9.561,9.051
29.468,-161.864,17.366,-9.348,7.899,-32.147,16.884,5.945,-5.804,-5.058,7.679,13.364
28.228,-160.093,10.422,15.76,9.562,-46.326,18.564,18.949,-8.456,-11.012,1.122,14.283
23.679,-157.131,-23.569,21.082,36.081,-50.583,1.143,16.088,-24.863,-7.112,-10.985,9.991
20.265,-128.494,-44.079,-64.803,31.299,-30.593,-14.934,19.123,-35.656,1.258,10.625,2.343
21.15,-51.435,-46.52,-65.219,28.003,-31.716,-44.826,-2.552,4.921,-12.108,-1.654,20.801
23.296,-137.94,-14.387,-39.76,29.756,-34.449,-28.979,-17.463,-24.378,21.982,0.07,-24.41
29.93,-163.285,29.188,-48.746,34.032,-3.517,-23.626,-9.633,-0.372,9.761,10.191,-26.218
32.591,-146.36,26.181,-31.829,26.436,-24.0,-29.591,-2.998,8.895,-8.04,-12.725,-19.179
34.094,-184.605,13.089,-42.816,12.648,-31.721,-0.226,7.188,5.355,0.141,13.988,-2.539
34.87,-171.658,8.648,-4.04,22.312,-32.963,-5.926,-1.111,0.171,-6.502,-6.023,12.107
35.313,-163.011,6.584,5.24,29.247,-26.177,-36.855,-19.327,2.454,-5.913,-24.74,-12.479
31.259,-176.159,8.555,-15.26,30.774,-49.385,-16.862,4.795,0.498,-9.679,10.849,2.008
32.04,-139.256,43.004,-38.344,22.029,-39.545,20.127,21.758,7.181,-11.084,11.06,24.967
32.864,-148.298,24.151,14.385,14.352,-30.408,32.841,2.053,-1.461,-20.465,0.062,37.346
26.433,-172.946,-9.347,19.508,32.083,-36.437,-0.631,26.317,-21.221,-14.388,-16.858,25.821
22.937,-183.753,-46.284,-72.381,48.584,-42.952,-5.333,-15.519,-17.788,6.864,-4.904,-7.994
24.864,-181.459,-56.748,-35.079,9.667,-42.678,-9.762,8.433,-13.316,-4.913,-5.976,-14.52
24.555,-189.339,-43.331,-49.015,23.006,-50.096,34.405,9.223,-16.131,-2.828,-3.887,9.403
23.276,-194.433,-53.904,-50.804,37.207,-47.426,28.013,12.135,-27.769,-3.842,-5.165,-1.514
22.532,-179.794,-44.55,-39.455,46.005,-37.048,3.306,16.782,-31.862,-14.144,-15.901,1.064
23.664,-174.497,-26.03,-58.772,43.306,-32.251,-17.371,15.448,-35.49,2.541,20.264,-8.903
25.675,-96.827,-32.562,-52.409,52.059,-41.456,-24.865,19.757,-13.172,-11.458,4.909,24.641
27.196,-108.721,-20.466,-52.629,38.024,-35.119,5.166,-47.929,-13.993,8.793,8.873,9.634
33.019,-169.59,40.541,-76.487,23.978,-47.024,49.971,1.524,-9.02,13.033,18.014,16.772
36.399,-164.356,-25.142,38.024,43.651,-35.197,23.678,16.514,-10.923,-19.136,-24.799,9.169
33.998,-49.259,19.133,-1.468,-2.142,18.987,-27.209,-6.278,-17.224,-32.34,-14.165,-0.234
29.16,-130.033,21.417,-37.98,-6.747,-29.591,-14.329,0.709,-28.663,-12.935,11.041,5.181
31.43,-77.435,62.104,-34.316,-20.835,-21.907,-10.823,14.814,-45.784,-25.822,12.486,8.03
34.824,-60.09,57.477,-22.381,-4.844,-10.744,-13.788,-4.138,-48.996,-6.296,0.407,6.37
35.844,-36.526,49.365,-9.524,4.094,-21.058,-36.347,5.039,-39.965,-17.491,4.153,-3.367
36.13,-30.944,44.916,8.846,-5.964,-12.974,-15.949,-20.444,-45.944,-16.728,-9.209,7.601
35.355,-36.968,45.623,-10.162,-4.212,-12.548,-28.799,-10.414,-35.659,-28.261,-0.53,7.44
35.846,-40.946,47.676,2.732,-0.058,-7.947,-16.883,-27.512,-41.522,-22.724,-17.535,9.667
36.606,-86.205,51.084,-43.99,17.244,-20.502,-17.981,-5.522,-11.044,-14.579,14.581,18.937
39.755,-73.837,52.688,-24.458,26.929,-6.485,-32.363,4.108,-17.955,-10.895,-13.934,20.904
36.473,-65.993,63.367,-8.169,10.935,-0.005,-10.883,-16.997,-29.605,-12.47,-31.586,8.901
32.588,-132.777,17.293,21.87,4.467,-22.563,11.648,6.33,-4.932,-9.416,-20.641,3.434
30.359,-155.545,13.318,-37.275,11.743,-30.267,-3.006,2.297,0.087,-2.872,4.475,14.857
31.111,-140.061,18.379,-39.167,9.871,-40.922,11.357,23.431,-2.665,-3.887,5.003,19.729
33.527,-124.287,12.416,-37.23,8.395,-25.794,18.061,-3.338,-7.146,-0.455,-2.556,14.106
34.377,-120.221,-11.529,-20.372,-11.755,-44.518,-5.142,-13.715,-1.777,0.395,2.973,15.464
33.366,-129.312,-1.404,-18.836,10.078,-20.626,-3.983,-5.475,-3.214,2.619,-11.659,14.001
31.683,-143.299,3.287,-40.926,2.003,-22.552,-16.261,8.917,-5.382,-4.247,-13.259,4.891
29.71,-94.361,19.85,-41.319,-31.613,-22.82,4.707,-0.752,-19.544,-8.322,7.239,-0.152
33.071,-74.446,39.49,-46.312,-12.115,-24.381,-5.071,3.347,-15.598,-1.255,4.733,2.315
34.196,-102.753,16.624,7.362,-13.073,-30.34,8.642,-30.557,-17.626,-11.802,-3.202,20.324
34.358,-133.027,30.672,-8.97,1.932,-24.241,13.966,20.559,-10.282,-1.052,-4.788,28.495
31.895,-99.196,30.253,12.863,4.294,-22.679,-12.757,-15.933,-19.693,-3.945,-5.051,11.147
30.513,-126.273,43.77,-31.537,26.939,-33.6,-18.34,-15.702,-9.047,5.484,5.981,19.173
35.313,-117.208,38.842,-37.871,23.229,-34.094,-17.515,-5.142,-3.421,0.297,22.612,12.331
37.33,-104.538,62.141,-23.946,42.956,-31.707,-2.967,-2.251,-6.428,1.999,5.34,7.805
35.908,-104.252,47.878,37.425,38.943,-23.472,-15.094,14.798,-9.845,-15.837,-20.82,13.986
32.044,-96.072,19.883,-19.476,9.24,-9.932,-11.029,1.36,-19.117,-20.605,-17.285,16.423
30.486,-149.879,19.653,-42.381,17.906,-36.161,7.881,6.763,-10.773,-9.382,7.891,0.263
32.491,-113.671,37.553,-40.424,20.87,-38.152,7.658,2.4,-12.219,-7.416,10.276,4.652
36.168,-112.011,35.727,-42.429,10.749,-28.946,6.344,3.874,-10.653,3.873,8.358,6.605
37.772,-101.493,43.604,0.122,18.17,-38.828,-11.917,8.732,-3.556,-6.302,15.94,6.251
38.45,-101.059,39.933,-10.731,3.771,-29.812,4.109,0.201,-8.343,-2.81,10.35,7.841
38.624,-113.09,31.647,1.369,1.304,-30.167,8.631,7.485,-5.955,-2.12,9.556,5.965
38.804,-102.361,24.913,-16.628,-3.599,-21.91,10.299,-8.198,-10.69,1.443,1.101,9.969
39.276,-127.942,10.755,-10.363,-8.954,-38.861,-3.894,4.801,-11.619,-0.966,1.543,9.334
37.862,-114.57,27.846,5.957,-0.482,-50.239,8.719,-1.235,-8.091,-5.679,5.486,11.811
35.843,-115.083,1.412,17.548,25.957,-25.913,-19.851,24.271,-18.677,-2.472,-14.324,13.3
36.931,-97.717,68.142,-3.547,35.885,-23.832,7.974,0.488,-0.838,8.375,19.815,-7.991
39.535,-73.404,98.184,-47.75,44.203,-24.219,-13.762,2.129,-11.122,-7.747,6.666,-3.692
42.142,-86.788,64.157,-8.179,41.629,-30.499,-28.293,7.23,-30.268,-16.071,4.069,1.446
39.636,-63.519,89.407,-1.71,47.841,-38.736,-25.894,40.549,-8.837,-19.08,31.141,16.615
40.622,35.462,86.143,7.471,13.22,-8.963,-37.01,-8.268,-28.187,-19.019,0.458,-4.874
40.551,42.441,85.178,2.334,12.54,-14.987,-25.426,-1.663,-26.716,-4.447,0.195,4.614
39.093,4.337,72.432,32.203,12.595,-20.47,-15.74,-8.37,-29.657,-6.346,-22.963,4.402
35.05,-110.139,79.917,-21.519,36.131,-16.3,2.02,-3.952,-11.525,-7.52,0.81,0.794
36.745,-93.93,71.654,-12.084,38.196,-42.809,-14.322,0.029,2.502,-5.034,7.118,-4.066
38.376,-41.201,74.141,-19.985,23.766,-22.022,-23.382,18.922,4.775,-18.721,-2.725,-6.224
36.133,-100.223,40.062,-14.036,46.1,-50.266,-33.268,18.121,2.387,1.562,19.989,7.088
37.799,-41.853,40.831,-15.024,18.234,-25.18,-34.101,5.431,-20.661,-7.244,8.262,19.192
37.706,-70.847,34.739,-2.527,24.552,-30.324,-17.615,-13.53,-15.894,-6.638,9.264,18.997
37.11,-37.519,72.1,5.977,21.875,-40.049,-12.069,-7.269,-9.68,-14.131,-1.201,6.474
36.392,-75.543,71.9,-25.671,30.786,-24.409,-0.755,8.102,-8.114,-6.984,1.675,0.85
37.887,-73.425,64.431,-11.293,24.967,-28.596,-5.687,10.362,-9.107,-22.224,-2.001,4.1
37.586,-78.672,92.009,-10.36,43.557,-21.888,-14.537,1.087,-6.492,-22.475,1.433,2.048
37.332,-80.617,81.077,-4.682,52.907,-18.117,-37.782,1.222,-11.94,-22.065,4.677,3.564
34.455,-102.175,57.114,36.897,46.021,-25.473,-19.516,8.382,-10.658,-19.182,-24.431,10.954
31.287,-132.179,3.674,44.699,46.479,-15.395,-55.014,-13.63,5.213,-5.253,-17.023,-18.393
25.454,-157.82,-1.788,-12.453,37.036,-31.071,-30.541,3.279,-9.312,-7.522,0.873,-8.729
25.375,-168.865,-11.077,-15.021,36.571,-24.066,-22.123,2.037,-23.745,-8.513,2.43,8.831
24.057,-189.836,-38.515,-45.057,40.518,-36.218,1.571,19.313,-25.285,-10.543,-2.218,1.126
29.222,-154.203,-10.311,2.697,46.002,-31.077,-14.611,0.173,8.721,-3.645,-0.535,-5.708
26.425,-201.129,-5.489,-39.451,58.773,-33.695,-21.561,0.176,-14.663,1.741,-1.732,-15.635
32.672,-129.098,23.551,-10.174,43.481,3.202,-44.251,-5.932,11.76,-17.647,12.989,-20.197
28.537,-174.438,-16.451,21.135,39.522,-24.817,-46.568,-4.958,-8.494,-16.472,-17.716,-15.254
23.672,-200.339,-33.988,-25.316,62.478,-44.186,-15.237,15.182,-40.486,-17.496,2.576,6.323
25.342,-206.883,-20.823,-16.104,69.932,-31.943,-35.187,0.091,-27.067,-4.713,4.918,-11.559
31.339,-163.816,13.23,5.586,38.984,-20.461,-60.957,-19.471,-14.229,-6.917,0.458,-8.113
30.17,-172.887,-11.292,3.256,35.536,-23.656,-56.2,-7.25,-5.566,-7.771,-0.818,-2.083
28.813,-176.286,4.595,0.765,51.492,-12.256,-39.961,-10.857,-10.05,-2.374,-0.492,-14.328
24.112,-197.951,-12.947,-29.219,73.57,-42.65,-25.192,-0.044,-31.235,-5.647,-3.054,-12.378
25.35,-190.479,-18.221,-19.191,39.881,-40.915,-15.747,9.908,-30.749,-8.909,4.822,-7.892
28.238,-157.759,17.454,11.434,41.844,-15.116,-15.34,-6.642,-12.955,-8.202,12.706,6.731
31.09,-148.105,13.458,6.865,23.05,-11.321,-38.75,-13.746,-25.029,-2.711,-3.246,13.568
28.183,-189.369,25.599,-5.178,56.162,-30.931,-37.26,1.682,-21.715,-9.673,-2.723,2.778
26.59,-199.022,-15.388,-45.915,30.5,-39.56,-18.473,-3.233,-27.59,2.447,2.559,-14.645
25.879,-202.367,-40.054,3.569,47.055,-50.89,-31.616,9.357,-23.613,-9.212,-10.867,-8.622
22.249,-179.255,-43.016,-30.686,49.963,-47.073,-15.757,19.232,-40.878,-15.722,1.268,-12.79
20.067,-163.783,-69.12,-46.272,45.103,-48.539,4.553,14.839,-45.58,-11.861,-4.993,-0.987
22.688,-186.279,-44.404,-11.383,80.56,-31.548,-38.896,10.719,-18.934,-0.629,-7.996,-6.749
21.368,-190.354,-45.968,-18.891,89.071,-50.818,9.643,31.776,-24.964,-5.51,-5.75,-19.715
20.239,-148.856,-37.506,-32.489,51.645,-28.882,14.353,16.922,-41.308,-7.728,6.674,2.458
19.825,-164.713,-50.441,-51.638,67.903,-42.706,4.473,8.013,-48.742,-6.368,3.801,5.748
20.307,-173.615,-52.035,-46.749,71.194,-52.18,5.347,11.696,-40.448,-9.092,3.537,-0.009
22.831,-189.347,-24.697,-47.744,77.632,-17.16,2.483,14.54,-23.562,8.649,-1.383,-13.62
23.883,-182.242,-5.411,-39.453,60.863,-32.956,-2.646,0.751,-28.63,-3.354,5.165,-3.111
26.086,-209.326,21.239,-16.09,75.884,-52.129,-7.565,8.979,-31.777,-18.499,6.736,-0.489
25.972,-221.221,-17.144,-41.192,57.296,-53.072,4.481,6.881,-28.175,-12.36,6.191,-3.273
25.796,-207.157,-35.93,-13.128,58.85,-41.62,-33.328,8.25,-8.821,-18.184,-5.15,-11.112
21.758,-185.812,-55.347,-28.037,66.835,-47.673,-17.112,17.547,-30.912,-11.15,-3.96,-16.021
24.472,-194.928,-26.166,-59.998,64.856,5.554,-15.198,-10.5,-26.788,9.168,-3.873,-8.168
25.994,-195.743,-10.092,-73.743,57.253,-14.941,-28.223,-1.368,-18.78,-19.813,-12.221,-11.638
27.226,-149.379,-25.995,34.947,30.958,-15.738,-45.564,-2.474,-15.649,-8.973,-25.387,-6.257
21.421,-162.398,-22.731,-30.318,58.57,-33.543,-7.373,12.558,-46.513,-15.356,4.811,-1.831
24.688,-168.256,-3.234,1.445,46.762,-37.567,-12.398,8.778,-28.714,-11.017,3.425,1.749
26.393,-183.687,-20.517,-19.967,43.034,-4.411,-36.648,-4.8,-24.838,-8.25,-1.088,2.82
24.201,-192.059,-31.059,-38.792,56.057,-39.981,-34.259,-4.13,-24.301,-6.578,-8.058,-8.891
20.275,-184.126,-76.069,-33.777,77.811,-56.477,-16.378,26.366,-30.825,-12.088,-2.344,-11.438
19.815,-175.551,-71.303,-42.387,76.943,-43.193,-5.101,16.164,-33.421,-3.188,-5.827,-10.681
19.691,-170.43,-78.746,-32.25,67.239,-47.897,-11.751,25.603,-32.836,-7.428,-7.692,-15.858
18.605,-162.621,-79.337,-70.399,79.303,-43.304,-8.357,15.404,-27.75,7.909,2.449,-3.14
19.212,-82.199,-56.474,-47.887,15.925,-38.32,-16.878,3.038,18.567,-8.235,0.022,16.866
20.732,-153.305,-26.997,-56.42,44.4,-48.441,68.486,7.144,-27.647,1.382,2.29,3.684
22.337,-161.341,-25.055,-2.127,43.659,-41.316,36.839,36.683,-24.478,-6.166,-13.522,11.06
20.998,-132.332,2.803,-95.487,44.552,-29.587,38.875,-3.938,-24.247,1.28,13.937,11.55
26.036,-172.005,9.322,-33.269,29.341,-30.755,34.274,21.976,-16.797,2.438,-9.282,15.722
23.42,-158.388,9.512,-17.368,61.241,-40.401,0.025,9.692,-20.108,-3.696,6.626,11.923
23.732,-160.401,21.61,-37.174,59.2,-41.891,-3.952,5.738,-24.746,-10.047,9.677,12.365
26.619,-160.934,44.305,-56.903,44.298,-30.258,3.974,0.195,-18.505,-5.783,11.298,14.045
25.688,-151.131,10.137,17.265,37.742,-33.399,-23.446,22.331,-26.566,-16.468,-7.038,11.597
21.808,-133.425,17.335,-31.415,45.898,-42.042,12.118,5.319,-34.683,-10.701,8.032,7.513
25.533,-141.643,45.458,-68.77,26.513,-25.297,33.727,-4.266,-24.167,4.844,3.372,8.048
27.37,-137.045,28.874,-83.109,-0.909,-25.309,22.272,-10.064,-11.454,0.416,2.852,-2.265
30.419,-171.917,11.286,7.874,26.942,-30.18,14.379,2.253,10.296,-12.443,-18.581,-2.258
29.857,-214.629,-27.079,-27.936,9.335,-16.985,22.239,15.59,-8.325,-7.1,-2.822,10.769
28.518,-121.898,0.819,-47.304,-10.229,-8.243,-7.193,-12.045,-6.51,1.236,-11.43,-12.647
29.036,-146.09,-23.018,-40.55,4.333,-30.999,-34.598,-6.653,2.983,-5.799,20.824,-0.763
29.816,-104.999,54.293,-47.009,35.886,-21.388,-14.859,-5.57,-0.663,-6.159,8.222,13.479
30.123,-147.948,56.071,37.356,55.337,-30.872,8.557,12.394,5.984,-10.133,-9.817,1.23
24.664,-167.215,-14.672,-27.243,43.835,-33.291,-41.914,0.304,-22.242,-7.619,0.662,0.676
23.102,-153.292,-16.218,-37.809,37.161,-35.554,-6.64,-0.995,-22.65,-10.75,5.959,4.656
24.635,-168.063,0.95,-34.717,45.764,-41.993,0.633,0.254,-8.142,-3.216,-0.955,-13.071
25.057,-169.803,-8.965,-26.101,33.428,-44.12,6.252,27.186,-8.832,-0.042,-1.836,-21.511
24.224,-131.215,-60.565,-67.835,14.924,-28.675,3.611,-15.978,-21.494,8.496,-13.238,11.272
26.825,-146.612,15.182,-50.695,6.258,-14.971,33.431,9.851,-3.217,-3.381,17.534,3.62
30.74,-125.215,43.329,-51.77,-5.726,-27.443,27.73,-1.82,1.809,-1.277,6.012,10.594
32.986,-126.796,19.785,6.907,7.918,-14.979,12.813,4.635,1.086,-9.723,-39.654,15.682
30.46,-152.759,-3.955,-52.233,-16.615,-15.784,2.32,-2.661,-8.693,-4.639,-13.377,-0.061
31.912,-144.403,-27.679,-33.48,-23.253,-15.41,-10.732,8.638,-2.505,-23.179,-12.09,3.312
31.946,-206.833,-21.846,-57.724,-12.121,-29.467,20.265,9.67,0.602,-3.944,11.194,9.465
33.275,-164.097,-41.803,-13.584,-3.719,-33.169,17.908,10.445,4.247,-13.254,-12.847,16.635
29.727,-122.052,-25.397,-31.046,-34.353,-14.584,5.604,2.533,-18.133,-4.214,-24.49,2.6
26.881,-188.365,-22.62,-48.087,5.816,-51.203,44.077,10.154,-8.607,1.138,6.352,9.991
28.41,-201.824,-13.19,-39.411,1.71,-51.349,48.041,12.388,-9.872,-4.424,3.181,8.157
28.828,-203.895,-27.171,-10.671,3.94,-34.606,36.055,19.528,-10.613,-3.506,-24.034,14.755
23.368,-169.721,-58.577,0.247,38.434,-26.218,-43.671,29.893,-17.65,-11.092,-8.132,-12.328
19.369,-149.279,-57.014,-44.117,61.202,-10.334,-12.142,18.672,-46.275,3.43,-9.084,3.84
21.228,-154.545,-18.016,-118.497,62.053,-9.345,42.739,-15.559,-23.376,10.036,-32.194,-1.063
22.096,-179.118,-27.32,-28.098,80.702,-42.067,-33.304,9.126,-25.199,-7.552,1.245,-2.483
31.035,-120.225,77.081,27.461,66.968,-16.604,18.981,-25.486,11.143,18.895,6.163,2.448
30.534,-174.725,94.542,27.922,74.949,-31.488,35.626,-5.656,2.012,10.553,-6.572,-7.946
26.872,-181.877,7.058,21.378,59.564,-69.843,21.459,15.948,15.188,-2.945,-15.845,-15.466
24.077,-177.181,1.828,0.697,69.161,-41.217,9.964,26.626,-5.129,4.586,-11.721,-13.995
20.972,-155.6,-30.858,-1.782,76.486,-45.358,-34.008,25.416,-14.395,-12.963,-4.854,-7.412
17.989,-143.585,-51.232,-29.273,89.425,-45.174,-7.857,20.687,-34.246,-4.59,4.1,1.15
19.184,-170.177,-56.086,-33.164,105.764,-42.113,-33.216,16.566,-27.364,-7.186,6.631,-0.578
20.032,-133.952,-25.351,-58.866,59.835,-50.181,-27.229,21.075,-27.483,-0.722,18.121,-10.202
22.115,-28.037,-28.299,-27.861,13.762,-53.868,-48.51,-30.487,35.406,21.772,-10.007,-3.999
22.282,-120.587,-21.162,-61.244,31.548,-31.892,-2.055,-20.215,6.351,6.43,-4.149,10.299
27.369,-152.34,48.491,-80.01,32.666,-30.083,52.021,2.31,-2.464,3.179,18.144,13.63
32.315,-93.248,48.622,-54.307,11.941,-19.834,23.937,11.142,9.474,-0.729,2.339,29.19
32.497,-117.679,41.754,-13.44,16.946,-36.757,33.589,-0.396,0.129,6.16,5.561,19.152
32.909,-152.028,25.579,2.741,16.19,-38.024,29.98,25.74,-12.146,2.947,-9.396,12.934
30.714,-99.623,38.543,-26.382,14.072,-32.91,-54.399,17.002,-28.879,-17.385,20.592,-4.706
32.043,-68.168,24.062,-30.808,1.889,-29.087,-35.209,2.94,-36.846,2.086,15.475,18.713
33.394,-31.153,44.886,-16.333,-10.563,-20.397,-21.101,3.586,-41.082,-21.545,7.351,23.751
33.22,-86.348,9.011,48.59,7.736,-11.721,-57.979,0.919,-38.355,-22.408,-19.246,5.698
29.506,-135.243,56.938,-64.631,21.236,-9.745,23.464,9.059,-6.071,6.538,-10.696,8.647
31.805,-139.259,-5.247,-68.798,-17.442,-17.467,-2.518,-14.046,-2.611,1.209,-1.985,3.418
35.648,-180.619,-12.462,-43.724,0.821,-26.081,17.656,7.848,5.118,-15.011,-7.371,18.871
32.653,-122.758,3.664,-69.405,-12.679,-22.279,-15.291,-14.492,-11.066,-1.376,8.169,-6.623
36.655,-74.02,46.511,-32.184,10.692,-20.931,-27.657,-2.186,-35.873,-8.481,7.625,7.272
38.531,-58.635,42.19,-30.049,7.957,-25.498,-30.715,10.748,-30.758,-11.812,9.317,5.705
38.792,-65.198,43.26,-8.486,5.553,-19.023,-41.58,-3.221,-30.701,-5.922,-0.716,12.706
34.841,-65.131,32.912,-17.237,12.461,-12.057,-27.582,0.869,-14.72,-16.846,-16.485,18.79
31.114,-48.536,4.394,-46.336,-27.334,-31.667,-63.001,13.01,-18.389,-17.473,11.941,-10.73
34.995,-22.89,39.855,-36.107,-10.855,-19.279,-44.03,-1.686,-21.575,-4.382,15.389,0.211
36.459,9.741,61.142,-6.231,-35.397,-12.609,-29.453,11.621,-53.721,-21.334,2.589,4.399
35.23,-71.15,8.999,43.534,-7.044,-10.224,-44.224,-33.84,-35.168,-8.766,-29.681,15.338
32.788,-130.472,40.51,-26.977,2.987,-25.068,15.485,16.484,-7.847,-14.201,3.877,26.785
35.406,-108.326,44.688,-43.876,13.644,-24.388,-8.939,8.827,-8.732,-9.431,11.967,18.594
34.747,-137.346,52.36,-44.443,16.584,-17.016,44.939,14.381,5.526,-7.294,-13.406,17.41
33.765,-123.677,-23.688,-29.011,-32.699,-14.492,-13.218,-11.931,-11.537,-7.666,-7.642,-2.96
31.889,-157.927,-1.21,-58.103,-12.756,-37.152,11.602,6.434,6.689,-2.905,16.745,7.376
34.161,-141.053,26.707,-20.254,7.648,-38.742,21.463,1.587,2.388,4.66,2.569,19.845
30.714,-141.899,-3.222,55.61,14.052,-31.204,-12.798,11.869,-11.44,-2.429,-24.933,7.539
24.524,-168.463,-15.092,-13.894,49.47,-0.756,-21.389,11.504,-29.322,-0.372,-4.641,4.809
25.501,-161.719,8.101,14.714,60.531,-30.441,-12.265,27.002,3.884,-4.361,1.267,-11.416
23.579,-165.95,-41.221,-4.083,53.014,-22.777,-11.341,8.675,-4.814,-1.866,-1.099,-12.832
21.417,-152.67,-45.859,-32.271,42.745,-37.598,-12.802,7.891,-26.274,-10.017,-5.014,3.072
20.621,-171.971,-50.093,-55.142,63.266,-37.671,-0.524,7.56,-43.292,-4.237,11.768,-6.999
24.924,-188.33,-12.824,-9.277,71.617,-23.967,-16.124,3.304,-13.212,11.625,7.353,-14.496
29.864,-160.393,23.468,7.193,53.604,-24.575,-43.86,-11.912,2.754,4.336,-6.191,-4.303
31.387,-175.532,25.022,-3.23,50.649,-34.33,-60.085,-19.406,-1.769,-9.693,-1.521,-9.91
31.507,-159.216,13.443,5.752,38.645,-6.025,-50.614,-4.067,-5.585,-23.904,9.782,-5.071
27.989,-144.899,-2.241,36.198,30.171,-24.808,-47.545,6.178,-9.514,-17.623,-17.366,-16.923
20.857,-171.898,-48.117,-47.565,59.626,-42.967,-0.679,9.249,-41.557,-3.453,-1.593,-11.686
21.496,-141.581,-36.185,-33.889,22.07,-36.403,15.457,4.398,-35.722,-14.134,-1.198,12.092
20.616,-144.51,-27.3,-21.232,52.002,-42.665,-10.8,16.054,-35.544,-9.999,-9.238,-9.418
19.196,-131.099,-64.939,-51.206,38.657,-51.196,5.648,18.167,-8.188,-2.434,-3.686,-3.2
24.998,-167.715,17.974,-70.803,27.319,-34.657,52.457,-7.396,-21.693,2.637,6.784,7.923
30.359,-208.708,20.571,-46.678,17.666,-37.266,46.617,6.203,-10.595,-0.697,4.454,16.639
31.918,-208.582,-13.788,1.195,17.125,-29.033,20.997,25.504,-8.101,-14.544,-12.845,11.874
31.617,-87.999,12.618,-50.194,9.229,-3.625,-35.723,9.697,-5.219,-36.883,-8.45,-2.297
30.529,-99.852,30.349,-45.243,-9.905,-26.249,-32.77,6.669,-35.481,-12.995,8.545,-6.534
33.474,-18.53,37.182,-42.037,-14.577,-17.193,-24.904,-1.167,-42.33,-28.934,10.893,0.714
36.187,-43.184,35.872,-21.255,-15.103,-23.982,-13.732,11.1,-41.725,-17.013,10.69,11.224
36.225,-31.51,19.142,5.73,-19.909,-39.016,-12.124,-0.2,-31.487,-5.768,4.219,14.143
35.029,-40.701,22.576,2.258,-13.356,-14.901,2.71,-14.29,-32.771,-14.741,-2.044,15.987
32.645,-75.245,5.93,37.153,-19.186,-13.43,-8.769,-22.056,-33.056,-21.572,-14.534,6.541
28.255,-130.82,9.424,-23.803,27.615,-41.982,-36.416,-10.826,-4.099,-5.529,10.081,4.452
31.226,-88.905,49.4,-70.33,31.144,-11.698,-36.171,7.6,0.182,-10.282,12.451,16.073
30.595,-88.005,11.3,-33.754,15.54,-26.115,-23.159,-8.807,-1.611,0.838,4.95,3.989
31.887,-127.598,30.891,-11.819,21.707,-25.161,-2.969,7.045,-1.061,-5.53,0.62,12.704
29.097,-173.742,24.655,-18.993,36.25,-30.36,-13.222,-5.388,-5.414,-9.091,-4.756,6.406
29.13,-177.893,9.719,-20.332,32.583,-40.314,-21.389,11.722,-9.566,-10.611,2.71,10.103
28.042,-159.644,-1.018,-31.55,14.26,-15.639,2.101,7.17,-6.61,-6.137,-13.818,6.994
27.33,-185.918,-4.762,-52.87,16.088,-41.081,21.557,-3.156,-12.609,-2.196,6.888,8.804
30.61,-151.547,-28.777,-49.858,7.458,-45.606,30.201,17.394,8.877,-9.93,5.817,19.263
31.832,-156.656,-30.522,-41.007,2.397,-39.928,25.447,-8.244,-1.452,5.86,-1.862,18.013
30.095,-179.602,-37.321,-16.856,-2.014,-38.648,17.78,11.236,-3.283,5.317,-17.448,19.076
24.706,-143.111,-5.359,-45.361,1.761,-35.357,7.212,-1.741,-23.474,-5.136,1.132,-17.026
26.364,-141.115,0.442,-35.846,7.021,-25.123,5.433,9.815,-9.146,-6.509,-15.003,5.358
25.897,-125.846,32.45,-38.18,18.998,-24.551,38.674,2.451,-7.09,-0.403,10.272,32.325
28.866,-159.908,17.82,-26.156,14.765,-30.889,29.807,3.898,-12.881,-1.039,-15.739,38.241
26.673,-183.302,3.998,-27.368,21.088,-43.825,36.211,3.645,-18.087,-13.089,6.728,15.209
28.506,-205.985,6.507,-18.133,25.745,-35.164,43.245,23.57,-16.763,-7.525,-1.5,18.002
26.325,-153.965,27.514,-11.684,32.836,-19.864,33.455,12.512,-12.563,0.975,-17.478,26.033
25.982,-131.115,54.463,-43.343,29.964,-36.138,3.075,5.335,-12.629,-8.356,12.866,0.571
26.758,-131.465,39.773,27.8,47.866,-25.702,-3.953,10.859,2.016,-11.415,-25.988,-5.314
24.275,-132.438,33.033,-62.263,20.081,-34.531,42.364,1.813,-26.205,-0.664,9.792,24.552
22.203,-134.464,-30.323,-43.951,10.802,-38.537,25.651,-0.592,-15.945,0.251,-3.534,2.086
24.21,-164.596,-1.577,-36.56,24.608,-44.866,48.528,14.949,-15.944,-5.175,3.223,5.044
25.787,-166.897,0.09,-44.519,15.191,-36.094,25.228,-8.483,-14.833,0.873,-1.001,8.617
28.163,-170.903,7.81,-34.194,7.068,-33.399,17.12,14.769,-7.308,-10.107,9.352,9.338
29.519,-161.524,18.856,-7.391,8.284,-36.062,12.875,5.475,-6.197,-5.429,6.118,13.789
28.27,-159.805,9.088,15.639,8.716,-43.79,17.555,19.755,-7.734,-9.432,2.107,13.408
23.763,-156.606,-23.273,22.539,34.752,-52.023,-0.132,17.205,-24.883,-7.056,-14.494,10.371
20.576,-130.628,-42.312,-59.996,30.665,-35.616,-18.318,21.823,-35.326,-4.042,8.2,2.888
21.164,-51.127,-48.39,-64.89,27.904,-31.327,-45.25,-3.341,5.356,-12.896,-1.634,19.865
23.45,-141.861,-11.736,-40.35,30.661,-37.342,-29.765,-18.229,-22.599,19.145,2.28,-24.167
29.424,-162.873,24.022,-62.997,33.016,6.614,-16.815,-9.178,-0.861,8.54,13.232,-26.471
32.743,-143.776,23.221,-32.326,23.587,-24.895,-28.406,-4.102,9.062,-9.557,-16.664,-18.567
34.127,-183.048,13.998,-40.92,11.344,-34.274,0.751,6.316,5.231,-0.144,13.694,-1.594
34.927,-172.045,11.67,-4.53,23.488,-30.897,-5.709,-0.435,0.42,-7.023,-7.277,12.289
35.288,-163.239,7.379,4.392,30.191,-22.181,-36.057,-18.157,2.047,-4.028,-23.562,-13.06
31.258,-176.097,9.18,-15.004,29.365,-51.962,-16.99,4.557,-0.677,-9.587,9.938,2.274
32.05,-141.594,44.043,-38.864,23.604,-38.836,20.375,22.377,6.012,-10.89,11.697,25.642
32.724,-149.037,20.435,20.603,14.323,-30.969,30.611,1.358,-2.578,-19.263,-1.771,37.428
26.548,-172.235,-10.34,27.298,32.851,-40.848,-6.314,25.816,-21.874,-15.892,-11.732,26.012
22.822,-182.616,-44.54,-70.724,50.158,-43.567,-5.819,-17.223,-18.313,6.317,-5.369,-7.974
24.478,-186.636,-60.449,-45.022,15.489,-40.475,-7.625,7.286,-14.04,-6.657,-5.905,-15.491
24.598,-190.464,-43.975,-49.323,23.234,-48.744,34.305,9.629,-16.535,-1.923,-2.984,9.095
23.167,-194.715,-57.119,-50.815,37.923,-48.003,28.023,12.658,-27.305,-3.448,-4.172,-0.596
23.073,-175.179,-47.273,-22.789,38.354,-41.357,-23.381,8.185,-29.978,-17.062,-8.077,-1.893
23.613,-174.098,-26.904,-61.03,42.867,-28.941,-16.067,15.143,-36.508,3.351,20.19,-9.539
25.366,-101.414,-37.358,-44.373,48.889,-39.699,-20.609,14.278,-12.102,-14.708,3.265,26.814
25.256,-140.16,-8.294,-39.335,31.883,-52.002,4.021,-20.769,-18.226,2.315,3.165,3.971
30.365,-176.873,47.455,-66.955,28.125,-13.718,46.81,-0.39,-14.496,10.76,-13.02,14.645
32.653,-49.752,3.817,-16.627,9.114,1.044,-24.385,-22.571,-22.262,-18.326,-17.777,7.228
30.965,-62.41,67.797,-30.787,9.423,-24.373,-42.432,11.592,-41.281,-15.08,20.023,-6.633
36.158,-58.197,29.429,-27.809,-9.097,-24.935,-26.299,-0.853,-39.278,-13.879,1.184,3.055
36.04,-59.237,26.301,-19.1,-20.099,-18.527,-19.253,-3.232,-38.505,-8.19,-11.301,-0.569
33.898,-104.616,2.509,26.119,-16.627,-19.058,-31.724,-17.811,-32.514,-20.29,-11.514,-7.173
30.874,-105.573,17.049,-26.516,-12.678,-18.507,-16.416,3.111,-21.95,-15.026,-10.377,17.759
28.17,-128.554,-0.07,0.435,2.151,-34.981,-15.527,-3.937,-21.756,-12.651,-17.515,10.08
22.167,-165.468,-28.743,-50.385,59.492,-45.353,-11.452,5.055,-24.538,7.916,4.107,5.15
24.165,-131.761,-15.247,-65.815,8.237,-27.881,-9.539,-2.116,-11.42,-11.357,-5.503,0.517
28.722,-145.751,19.082,-69.292,-0.695,-29.424,24.53,5.928,-10.181,3.696,8.261,18.769
30.828,-148.515,5.955,-24.375,-1.906,-40.107,14.214,10.599,-3.91,0.418,-1.817,24.256
30.838,-170.438,3.754,-27.499,5.13,-40.379,-3.41,10.028,-6.616,3.958,1.282,12.804
30.246,-159.513,6.652,-17.614,10.194,-32.645,3.338,14.557,3.966,-8.271,-6.359,11.877
29.253,-146.76,-1.934,-43.336,-11.823,-36.49,-12.414,-2.451,-11.557,-2.163,2.979,2.084
31.355,-136.566,-7.668,-12.337,-8.349,-21.454,-10.739,2.838,-6.038,-3.723,-14.577,8.766
27.257,-118.659,-2.111,-40.275,-12.257,-16.258,-8.052,6.991,-15.814,-9.255,2.236,8.938
28.245,-109.943,17.127,-25.362,-20.163,-30.547,8.993,-2.153,-14.201,-1.546,7.344,7.555
30.069,-106.416,30.491,-25.517,-10.834,-32.679,7.269,-11.178,-21.146,6.616,-10.251,13.01
31.518,-179.203,21.171,-14.217,4.79,-32.647,21.824,25.968,-12.864,-6.317,12.526,28.726
30.23,-92.001,43.142,-16.106,-13.813,-25.383,-0.578,4.085,-21.551,-16.281,-4.097,13.534
30.267,-139.134,31.126,-5.068,16.815,-32.616,-18.051,7.88,-15.218,-10.766,20.157,14.182
30.584,-125.057,38.698,-29.367,24.144,-32.988,-18.493,-15.709,-8.518,5.491,4.783,19.799
34.116,-126.876,49.827,-59.245,29.346,-19.692,-8.162,6.615,2.201,-8.727,16.444,15.345
37.274,-105.041,61.818,-23.795,42.795,-31.517,-2.245,-2.738,-6.343,2.826,5.497,7.493
35.832,-104.216,50.334,37.41,39.913,-22.669,-16.425,14.014,-10.796,-14.54,-20.254,13.884
32.05,-95.269,20.852,-20.536,9.445,-10.311,-10.693,0.78,-19.13,-20.658,-17.392,16.649
30.718,-142.082,25.179,-50.019,20.55,-37.011,7.813,13.008,-10.435,-9.106,13.789,0.103
35.204,-109.589,39.612,-57.017,15.219,-32.315,9.983,-1.458,-11.06,2.724,6.921,8.66
37.817,-100.903,42.928,0.534,16.147,-43.403,-12.593,7.608,-4.702,-5.281,15.68,5.982
38.452,-100.7,39.702,-12.026,3.531,-29.22,3.629,-0.231,-8.467,-2.565,10.548,7.088
38.629,-112.834,32.162,-0.194,0.731,-28.771,8.539,8.073,-6.127,-2.23,10.002,5.323
38.802,-102.132,24.375,-16.306,-4.091,-21.615,10.15,-9.588,-11.112,2.16,1.483,9.793
39.186,-123.91,16.317,-7.0,-7.23,-44.129,0.41,7.036,-9.458,-4.09,2.826,11.372
36.213,-108.1,5.031,6.917,24.628,-29.48,-18.347,31.411,-20.373,1.283,-6.429,13.319
35.288,-119.349,44.59,-1.799,26.822,-21.254,19.102,-7.267,-5.944,22.083,4.12,-0.458
36.614,-83.201,66.971,-27.21,30.081,-33.349,10.323,4.844,0.835,-8.747,4.078,-10.329
40.391,-45.391,85.056,-37.076,29.231,-5.931,-1.949,-3.505,-7.906,-15.183,-11.002,-8.899
42.393,-88.07,80.029,-40.686,41.808,-18.484,-17.893,8.923,-17.028,-18.192,12.874,8.397
42.921,-50.445,58.37,22.668,30.108,-35.947,-29.399,11.443,-14.559,-12.245,9.595,-7.274
39.429,14.211,53.075,36.202,7.935,-13.658,-16.215,-19.576,-25.634,-14.817,-17.333,3.286
35.895,-106.124,77.655,-34.244,27.718,-34.379,-11.107,-6.655,-16.305,9.134,-1.854,-0.376
38.26,-84.476,81.44,-16.614,31.473,-33.55,-10.794,-5.312,3.166,-4.255,11.316,-10.651
38.535,-77.232,45.543,16.782,20.574,-28.329,-20.029,-6.374,-6.234,-12.233,-17.907,0.583
36.386,-52.383,46.536,-28.751,14.73,-23.519,-42.917,-5.624,-21.567,-8.546,6.493,-0.628
37.96,-60.069,46.937,-29.054,17.168,-28.153,-38.448,-1.733,-13.574,-5.638,11.93,1.022
38.783,-48.42,56.071,-8.209,21.75,-28.262,-9.177,-12.374,-6.527,-2.804,2.213,8.396
39.308,-66.322,55.095,-8.769,21.338,-31.386,-14.457,-2.271,-8.943,2.215,6.428,9.322
39.171,-63.696,50.531,4.864,19.341,-32.158,-2.884,-7.799,-4.255,-2.154,3.278,8.832
35.874,-99.267,9.683,79.69,30.679,-16.266,-11.084,-0.684,1.916,-21.103,-42.801,9.117
27.831,-148.611,7.101,-0.478,26.786,-44.575,32.083,14.175,3.679,-9.23,-10.804,25.505
25.258,-151.006,-31.47,-58.396,16.803,-33.073,1.552,0.927,-8.057,2.072,-3.741,11.546
27.508,-154.059,-35.997,-40.407,8.622,-26.542,-1.651,-1.992,-21.952,-7.532,-3.318,-8.659
30.522,-144.472,14.309,-43.808,-4.414,-7.031,9.157,38.601,-9.629,-5.085,-2.366,7.946
29.75,-120.566,37.805,-52.453,22.664,-24.779,-7.26,-23.328,-13.768,17.531,-7.088,1.306
31.592,-131.221,27.635,-22.336,4.367,-29.415,-26.678,1.757,-10.081,-8.074,9.296,1.256
35.219,-93.807,22.505,-50.963,-10.011,-19.0,-16.378,14.53,-12.368,-6.959,10.319,3.107
35.412,-71.696,-3.648,20.091,-14.373,-26.574,-13.793,-34.126,-17.86,-6.788,-2.162,9.104
34.896,-86.749,25.149,-36.131,3.752,-25.812,-24.051,1.292,-8.192,-6.172,7.293,9.398
37.263,-102.744,45.59,-40.136,23.687,-23.03,-27.337,7.608,-11.133,-7.91,5.06,2.377
38.374,-117.15,26.251,9.668,24.2,-11.403,-28.798,-7.867,-14.504,-21.061,-11.887,15.34
36.651,-71.779,23.576,-30.059,23.012,-29.944,-26.892,-7.03,-30.864,-18.661,15.082,-1.059
37.763,-88.625,28.526,10.585,14.976,-9.938,-20.781,-13.44,-27.721,-18.918,-20.184,10.353
37.916,-87.848,46.692,-15.355,6.882,-32.006,-11.247,-24.861,-13.945,-2.681,10.404,-8.935
39.207,-108.104,43.714,37.623,16.565,-24.446,-5.479,-5.172,-9.279,-12.947,-23.625,-10.908
36.81,-107.738,37.88,1.522,20.121,-39.088,-20.804,-19.976,-17.038,-0.883,-3.319,-16.02
38.527,-136.162,29.851,11.106,40.383,-36.495,-21.086,-11.755,0.966,10.696,-1.297,-6.83
37.118,-141.316,14.052,-7.962,39.231,-22.503,-9.734,-15.177,7.421,-3.37,-9.877,-0.535
34.733,-154.828,16.988,-35.524,19.381,-41.645,25.882,6.084,-0.173,-6.351,12.448,11.067
36.972,-131.622,23.612,-18.851,13.568,-40.655,44.43,5.925,-5.057,1.273,6.295,11.705
38.441,-113.251,31.537,-31.076,25.018,-42.842,46.639,15.073,1.892,-8.899,7.757,4.39
40.723,-126.306,38.273,-11.751,26.749,-37.416,16.016,2.392,1.754,-1.592,-2.584,-0.914
36.181,-122.477,26.789,-23.199,12.167,-25.122,-9.596,2.747,-16.264,-11.638,-3.581,-20.514
39.171,-67.247,41.333,-45.959,-2.824,-3.803,-23.816,-5.04,-14.978,-15.339,-5.555,-15.282
39.573,-71.289,49.821,-39.699,5.413,-15.791,-23.433,18.145,-17.627,-14.573,20.176,1.359
42.425,-66.633,51.668,-10.685,11.586,-31.586,-19.246,-0.304,-22.413,-6.022,11.427,16.786
40.564,-107.019,33.289,17.412,12.587,-59.92,-30.832,-14.431,-26.695,-3.085,-4.651,19.964
39.253,-72.376,31.194,-23.686,28.933,-13.582,-21.387,4.696,-3.194,-14.691,-11.455,7.262
38.744,-57.682,27.481,-29.406,-18.04,-31.313,-33.673,18.247,-20.244,-11.28,9.462,-2.62
39.752,-18.463,20.295,-34.836,-9.083,-26.531,-26.054,-15.587,-5.085,-6.29,5.692,5.859
40.877,-2.923,34.838,0.627,-10.522,-29.008,-5.577,-15.547,-5.4,-12.154,-3.035,8.795
39.918,-50.181,39.152,-12.825,-9.067,-23.614,-31.407,-10.618,-31.366,-4.325,-2.396,6.345
40.726,-96.599,39.763,1.237,36.214,1.668,-25.692,-2.795,-3.715,6.878,-1.761,-16.639
40.287,-126.803,15.392,19.193,42.029,-29.49,-25.163,-24.276,1.698,15.378,-7.097,-3.881
38.323,-87.344,2.992,3.608,54.819,-54.475,-35.108,-13.367,3.583,6.371,-3.998,-2.578
37.591,-133.222,19.882,-37.395,42.636,-34.276,-26.471,-10.573,5.1,2.774,6.112,-7.001
40.453,-52.77,44.2,-31.324,17.704,-21.682,-37.052,12.667,-12.207,-22.198,5.508,6.625
38.806,-40.483,42.229,-0.244,17.702,-38.885,-27.435,4.353,-21.843,-8.037,9.554,9.43
41.052,-47.795,72.752,-58.291,14.503,-3.589,-8.477,-14.767,-31.016,0.548,-1.723,17.938
40.126,-37.902,59.846,-3.584,28.884,-14.35,-21.959,-7.746,-22.028,-29.267,-12.214,18.725
38.18,-33.999,45.491,-49.748,19.46,-21.321,-23.24,5.398,0.025,-9.779,0.847,14.169
35.979,-91.944,35.486,1.831,30.349,-27.174,-23.833,-1.205,-5.063,-8.72,-2.258,9.744
32.063,-62.016,26.344,-32.644,-4.679,-7.536,-36.222,5.03,-17.923,-28.129,0.051,2.312
31.96,-65.301,38.483,-32.526,8.285,-25.505,-11.258,-3.996,-12.017,-8.329,12.412,11.697
34.218,-62.658,40.53,-14.974,20.521,-2.225,-14.257,-14.641,-10.699,-11.641,-33.853,18.706
27.695,-151.85,3.53,-20.877,21.405,-35.224,5.966,-1.36,-13.587,-7.621,0.717,19.033
29.774,-160.219,31.945,-62.116,41.251,-4.549,-13.079,11.338,-11.353,-15.208,-13.452,16.245
29.524,-178.371,2.568,-41.834,26.137,-30.308,-23.168,-0.73,-5.288,-1.88,7.768,15.176
31.43,-203.23,20.934,-6.309,45.446,-32.907,-18.825,-7.384,-3.924,6.88,-3.313,-15.968
33.93,-135.057,13.112,27.31,57.656,-42.873,-34.452,-6.021,8.62,-1.704,-7.519,-5.256
28.588,-172.191,9.302,-9.574,33.402,-34.981,-29.04,3.41,-8.443,-11.224,2.043,9.484
28.01,-185.381,24.603,3.733,54.449,-20.792,-14.739,18.848,-17.767,6.258,-2.129,4.982
24.751,-183.721,-4.11,-44.27,41.012,-41.68,11.149,5.582,-30.112,-12.267,3.115,3.894
29.221,-174.539,21.545,-0.386,41.999,-18.948,-18.697,22.213,-12.847,-9.712,2.799,6.251
28.388,-225.354,26.792,-16.838,73.014,-46.191,7.763,5.948,-9.4,3.893,0.193,-20.033
27.692,-205.067,9.058,15.742,62.665,-41.89,-7.602,34.812,-8.33,-15.097,-10.195,-3.581
21.945,-167.157,-32.142,11.218,70.535,-53.645,-21.252,32.986,-20.872,-13.86,-8.492,-12.731
17.591,-94.584,-23.014,-44.221,48.179,-38.399,-30.139,0.7,-28.995,-3.612,1.001,-22.894
19.4,-102.837,-20.583,-38.695,33.01,-25.344,-15.939,-0.169,-25.166,-2.613,-5.544,-1.896
20.908,-129.412,-7.457,-31.593,33.067,-37.278,2.682,3.772,-45.078,-6.426,-1.77,-14.662
20.54,-133.084,-32.142,-12.046,40.725,-46.974,-3.611,22.224,-24.586,-9.175,-1.741,-8.044
21.642,-148.117,-5.684,-102.347,42.254,-36.092,31.55,-12.654,-29.973,0.844,11.245,18.62
26.466,-145.454,19.198,-20.091,12.595,-30.465,16.365,38.684,-16.364,-10.934,6.9,17.293
23.377,-119.289,20.749,-25.187,36.812,-29.783,5.135,-2.876,-6.508,-0.804,2.761,7.815
24.594,-135.526,34.123,-26.585,36.477,-36.751,6.971,4.292,-8.943,-7.171,6.03,3.967
26.15,-131.516,46.91,-37.328,29.328,-37.524,2.211,-5.522,-6.427,-2.79,10.718,8.869
27.124,-135.918,22.607,33.126,41.99,-14.468,-8.564,9.542,-8.09,-12.217,-33.331,11.036
20.413,-91.716,3.385,-19.396,22.397,-25.451,-2.937,-1.845,-24.709,-5.453,-14.869,-9.725
22.601,-164.438,12.892,-52.815,53.607,-45.391,61.15,3.528,-31.821,-1.823,3.901,9.325
25.634,-189.212,-0.441,-27.424,47.67,-41.735,-17.92,2.339,-24.388,-12.689,2.904,-1.745
25.816,-203.15,-6.293,-32.78,51.607,-41.349,-4.517,22.229,-26.942,-9.074,2.397,1.772
25.047,-172.725,-6.168,-30.829,29.062,-36.57,2.01,23.774,-21.143,-10.358,4.298,-0.634
24.283,-182.184,-25.711,-42.12,41.606,-37.702,-22.407,12.759,-23.964,-11.887,3.07,-8.932
25.021,-152.764,-28.486,-47.011,33.524,-21.387,-33.931,13.541,-7.364,0.592,14.282,-1.35
25.908,-59.933,-7.702,-24.701,6.267,-31.472,-25.834,4.639,-12.3,-15.152,0.469,17.582
30.165,-99.626,32.644,-57.593,2.676,-21.433,23.992,-43.301,-17.187,6.967,-6.356,1.001
35.305,-99.083,89.847,-76.708,13.79,-21.782,19.507,24.682,7.986,-15.856,15.799,-22.285
40.664,-98.604,62.626,-37.542,44.264,-19.549,-10.183,-4.786,-9.385,-14.439,7.879,13.201
43.1,-68.218,84.375,-11.657,46.035,-29.767,-11.564,-4.066,-2.335,-17.9,22.198,-6.18
43.029,-52.741,50.52,53.041,33.322,-28.333,-39.036,-5.793,-5.723,-15.479,-12.945,-8.496
38.523,-8.054,90.86,-18.489,32.946,-23.569,-22.367,5.761,-10.229,-11.251,2.535,-22.091
36.729,-1.081,61.584,38.882,31.813,-18.069,-14.724,-4.725,-17.331,-10.807,-17.036,-4.525
34.268,-114.725,87.633,-1.64,44.287,-44.675,26.684,13.848,11.525,-0.271,2.145,-6.839
34.948,-68.906,65.45,8.757,28.868,-33.402,-8.772,11.879,-3.675,-6.113,0.305,-2.079
33.524,-39.848,87.924,0.235,16.488,-24.382,-14.471,2.394,-18.001,-6.637,3.428,-4.212
34.538,-36.757,87.584,1.789,13.549,-24.563,-6.925,6.093,-20.24,-3.47,-0.955,-3.118
34.606,-24.013,85.8,13.732,13.4,-23.514,-5.107,18.64,-17.71,0.24,0.138,-5.78
35.13,-37.018,67.637,1.184,10.227,-26.093,3.173,16.387,-11.137,8.59,-4.014,1.657
35.172,-28.208,60.425,-9.775,-6.314,-22.977,-2.092,-2.087,-19.947,6.947,-12.564,-2.946
34.736,-25.334,66.58,-7.638,-5.099,-26.697,10.106,-0.14,-14.438,12.644,-15.028,-4.431
36.07,-58.757,53.103,-20.263,0.302,-22.653,-5.083,1.026,-16.463,16.078,4.276,-9.945
34.649,-35.182,80.172,2.47,16.333,-13.942,0.716,-8.728,-10.668,-0.728,-13.504,-9.865
32.73,-50.909,46.747,4.546,-8.302,-30.65,3.639,-5.194,-11.904,0.031,-6.723,-4.461
30.171,-95.09,28.762,14.404,0.467,-37.798,6.892,7.808,-8.79,-1.016,-14.336,5.463
26.924,-102.813,27.962,0.833,-2.011,-37.004,-1.281,18.093,-15.628,-8.355,1.888,-0.171
23.229,-97.934,15.667,-43.37,7.491,-20.8,-18.008,-4.354,-30.9,-11.465,11.558,-12.352
25.858,-82.956,63.292,-29.502,0.273,-27.202,17.268,-9.293,-25.21,-7.328,0.484,0.389
25.952,-108.257,33.822,34.092,26.474,-28.703,-11.871,16.617,-16.509,-21.658,-12.496,11.01
23.792,-159.739,-8.666,-5.918,60.193,-54.576,3.77,20.4,3.68,4.067,2.018,-7.157
23.01,-124.199,9.065,-24.001,31.966,-41.336,17.424,3.121,-9.972,-2.573,7.366,22.371
23.139,-148.497,-12.132,-25.442,25.797,-45.588,23.559,15.306,-23.154,-6.349,0.34,24.649
23.297,-154.885,-6.841,-28.981,33.434,-44.394,24.634,12.085,-24.489,-10.569,2.724,25.391
22.975,-154.528,-10.125,-14.96,39.143,-48.537,10.787,28.577,-24.099,-14.074,3.074,14.426
20.842,-169.803,-22.639,-31.029,87.515,-43.735,17.709,18.53,-19.341,13.95,-9.065,-27.851
20.825,-147.08,-21.48,-39.699,45.65,-50.25,28.422,20.949,-27.859,-8.125,0.475,2.707
22.54,-128.716,-0.423,-22.707,19.325,-24.626,23.348,7.308,-24.206,2.378,-10.298,2.107
21.622,-132.395,-9.496,-37.541,31.566,-34.848,4.138,-6.498,-28.842,0.682,-8.886,-0.97
21.986,-138.451,-18.739,-27.252,26.166,-40.097,-3.454,5.577,-27.371,-7.286,-4.634,-7.355
21.729,-142.648,-18.262,-48.655,27.279,-39.266,18.068,9.874,-24.734,-7.349,-1.407,-5.241
21.905,-133.279,-15.389,-44.929,18.045,-34.42,16.137,14.614,-21.119,-10.519,-5.746,-4.349
20.514,-129.017,-24.921,-25.718,32.257,-38.608,14.951,17.792,-26.063,-13.92,-6.982,-2.026
17.137,-117.755,-41.934,-38.046,66.533,-60.384,38.767,23.648,-24.734,-4.6,-2.661,10.415
17.439,-87.77,-66.748,-34.515,41.01,-42.105,-8.276,3.098,6.228,12.297,-17.777,0.468
16.856,-104.169,-49.044,-55.549,45.136,-42.541,13.201,12.529,-29.751,0.088,-0.398,-8.505
17.776,-103.951,-45.506,-58.676,25.119,-40.21,12.237,4.905,-32.459,-1.349,-6.307,-10.525
18.197,-107.504,-40.351,-48.145,27.681,-43.249,17.519,5.633,-28.369,-2.46,-7.99,-10.709
18.21,-113.093,-42.986,-52.049,35.675,-41.755,-1.981,2.752,-32.297,-4.89,-3.642,-16.353
18.668,-119.851,-38.954,-39.781,38.342,-44.271,13.111,11.1,-31.743,-4.279,-7.0,-6.255
21.387,-171.361,-43.148,-47.262,68.69,-14.132,-16.742,3.236,-28.975,14.189,-6.826,-14.118
20.039,-181.813,-68.725,-33.687,91.8,-53.757,-23.789,18.867,-22.846,-6.6,-0.902,-6.273
23.967,-181.302,-35.643,13.148,70.468,-31.084,-19.763,20.145,-7.962,11.399,-3.64,-14.308
23.537,-197.135,-20.963,-21.006,85.663,-29.383,-5.793,9.278,-19.509,-0.141,-1.025,-8.99
23.037,-200.104,-55.114,-9.505,83.723,-30.804,-31.835,19.94,-14.77,-6.469,-13.582,-10.481
19.284,-173.859,-67.634,-56.402,86.777,-42.7,-5.255,14.148,-36.224,-4.689,0.914,-7.83
22.78,-193.477,-39.328,-34.245,80.21,-39.267,-33.642,-0.617,-20.769,-8.065,-6.417,-10.463
25.666,-168.265,-13.136,-20.807,56.351,-4.798,-51.285,-13.84,-7.2,0.212,1.119,-8.791
24.571,-173.274,-26.502,-23.154,56.159,-6.391,-39.42,3.143,-10.484,-20.193,-14.877,-12.082
21.14,-182.542,-72.595,-30.675,66.116,-43.626,-9.713,15.268,-21.518,-5.957,-12.105,-16.369
20.007,-169.245,-61.087,-40.21,64.205,-46.949,25.828,22.979,-38.095,-8.381,3.255,4.818
21.762,-180.889,-38.313,-34.55,70.769,-37.023,-8.45,11.672,-33.161,-4.33,2.924,-18.771
22.445,-195.707,-39.827,-35.111,81.036,-39.259,-27.316,7.957,-34.221,-11.789,1.217,1.429
20.75,-183.5,-59.51,-32.806,80.34,-53.801,-16.806,23.646,-29.757,-9.854,0.902,-10.549
19.283,-186.789,-94.862,-34.271,97.003,-66.364,-16.458,31.812,-14.119,-13.339,-10.489,-6.375
15.398,-137.414,-122.364,-65.471,88.817,-63.309,-8.242,18.289,-1.44,1.15,-2.147,2.13
17.123,-143.039,-77.284,-71.274,79.663,-39.608,16.797,8.561,-29.723,4.983,6.017,-2.611
18.919,-167.575,-78.63,-80.461,73.14,-40.284,8.542,-5.237,-27.804,4.66,-17.698,-11.174
17.73,-153.831,-96.239,-39.962,73.672,-61.746,-4.513,29.124,-23.721,-10.806,-2.779,-3.968
15.148,-122.384,-98.916,-52.155,86.78,-57.176,-2.311,22.381,-15.601,0.267,0.58,5.139
13.338,-97.175,-117.031,-58.279,76.403,-65.268,-9.893,25.441,-5.196,-4.47,0.071,1.438
10.043,-24.702,-105.05,42.528,75.319,-51.042,-27.296,134.865,-1.485,-3.578,13.973,-16.988
