0.0,171.13,9.469,-28.48,57.491,-50.067,14.833,5.359,-27.228,0.973,-10.64,-7.228
28.559,-73.775,57.745,-169.192,79.193,219.616,30.061,-14.817,-37.429,100.494,-22.055,4.17
40.532,-134.307,18.737,68.238,34.744,-29.706,-42.203,-13.709,-21.379,1.035,-14.201,10.558
39.636,-86.567,47.514,45.255,55.828,53.004,5.48,22.673,17.227,-21.542,24.582,-19.039
37.068,-93.64,55.854,17.185,66.979,21.291,-7.293,16.132,27.39,3.401,-6.015,-12.466
37.408,-56.321,81.778,30.94,28.443,18.717,2.78,-15.109,-22.001,-17.72,14.506,-4.947
36.069,-58.39,50.256,75.922,26.332,-32.421,-30.215,-28.151,-29.659,-19.083,-26.072,23.498
34.0,-121.486,-12.743,119.678,26.792,-27.665,-52.764,10.884,-16.129,-12.014,-25.009,-2.24
34.108,-174.551,13.433,53.937,45.598,-15.935,-36.142,15.735,-9.952,7.926,2.164,-16.796
30.59,-158.472,-3.641,70.296,31.3,-27.973,-38.845,13.094,-21.722,-8.218,-18.926,-15.196
21.064,-147.669,-15.213,-12.585,65.731,-22.11,7.035,13.637,-30.148,-4.926,-20.116,-11.513
32.749,-174.739,-5.507,73.652,36.999,0.541,-25.491,33.009,-9.511,10.84,-4.168,-20.071
35.902,20.007,101.782,-189.366,16.139,33.468,1.079,-13.761,-14.06,11.861,2.765,4.112
44.045,-45.568,46.587,1.104,1.649,-34.532,15.394,0.39,-9.516,5.546,-10.194,-6.966
39.382,-63.513,36.661,-1.969,20.492,-27.068,-3.025,-11.38,10.733,-15.455,1.492,-7.158
37.723,-48.304,26.739,36.177,33.168,-0.106,-24.727,-0.577,18.108,-20.276,-9.644,-9.527
37.874,5.882,96.7,5.161,39.435,-13.923,17.725,7.001,-22.028,-6.457,27.763,38.403
38.652,-33.14,47.078,6.57,12.744,-36.932,41.174,-2.762,-33.374,3.311,-13.246,35.329
38.603,-79.352,17.104,2.109,26.343,-14.461,12.215,30.906,-4.281,9.764,0.217,19.103
36.361,-73.593,17.139,-35.214,11.837,-39.111,27.214,9.598,-1.285,2.528,-5.278,19.029
37.474,-92.278,-21.433,-27.275,14.245,-36.851,10.073,4.33,0.861,14.502,-4.985,15.521
36.703,-75.123,23.257,-17.074,27.799,-31.787,12.555,1.195,-1.645,10.223,-4.349,17.113
38.143,-121.954,4.336,20.752,43.464,-29.494,-20.142,34.307,-0.784,15.322,4.883,-9.338
35.485,-122.651,-4.163,25.89,43.972,-31.729,-14.89,23.408,-10.148,9.108,-17.52,-18.328
36.448,-125.223,-19.715,43.173,36.855,-24.455,-16.403,32.166,-0.21,4.461,-19.245,-8.636
39.521,36.111,131.72,-202.608,53.63,44.961,-2.001,5.864,-15.861,4.148,0.024,5.859
47.416,22.247,78.547,20.0,10.702,-26.031,24.988,-20.907,-9.838,29.349,-16.156,8.968
47.137,-20.144,31.816,-14.86,-32.961,-24.805,51.156,6.674,-2.817,-10.811,-11.057,0.714
46.304,-17.539,52.793,19.8,-4.607,-31.396,51.974,-6.604,1.788,3.428,-20.174,-4.035
41.342,-41.923,57.559,-2.829,1.26,-24.024,24.385,13.919,5.26,-8.402,-1.182,-3.76
40.997,-73.835,69.31,6.654,27.704,-43.749,-17.703,-10.773,-18.734,-2.797,-6.8,-10.445
40.973,-109.937,35.139,-31.32,55.71,-41.671,-14.339,9.299,15.307,2.758,-1.45,-27.167
42.909,-106.231,32.219,7.398,5.37,-41.349,2.984,26.795,5.757,-2.465,-2.809,-23.621
39.812,-35.418,18.863,20.101,-3.293,-30.615,-7.22,-5.945,-0.341,-12.244,-4.161,0.548
36.161,-25.876,31.448,-1.164,1.454,-27.211,-5.41,1.442,-20.251,-7.365,-12.578,3.452
34.948,-59.257,30.238,-18.754,16.36,-19.181,-18.568,-10.339,-15.985,6.646,-5.978,5.286
33.643,-52.266,5.783,-19.791,21.408,-35.279,-26.715,-7.049,5.123,-8.794,-4.056,15.953
34.733,-131.303,-19.299,23.849,15.258,-7.278,-25.683,19.154,-7.977,15.382,-25.565,-12.029
30.964,-157.198,-14.224,20.861,51.666,64.397,-21.117,34.371,-15.684,21.859,2.303,-18.107
43.515,-47.236,35.297,-168.927,15.65,84.4,25.006,36.905,5.48,22.359,23.041,-20.768
50.543,91.269,68.444,-3.037,-19.81,-15.356,-22.299,20.951,-7.918,-22.543,2.254,-19.777
47.696,115.673,79.745,6.931,-46.513,-19.234,2.392,-5.412,-28.725,-2.029,-8.203,-18.808
47.056,85.351,76.533,3.209,-41.178,-21.615,0.834,-2.803,-30.973,8.805,-10.883,-26.929
46.327,36.91,65.149,20.434,-22.985,-8.383,-5.028,-25.673,-33.615,16.607,-18.532,-23.857
42.337,-13.854,84.36,7.001,-0.469,-26.779,-18.012,9.815,-25.178,1.559,-3.171,-18.968
41.209,-93.763,81.387,-6.456,51.988,-24.546,-6.671,5.924,-21.132,-9.961,18.371,-6.892
42.689,-99.967,77.145,-11.472,53.601,-28.769,-10.983,-7.094,-12.808,-1.679,-2.502,-7.413
44.171,-73.796,32.235,18.5,11.427,-21.265,-11.106,6.5,-10.207,-5.829,5.143,-17.29
39.485,-88.697,56.884,-7.251,37.537,-35.74,-26.33,0.217,-11.139,-0.634,-4.084,-11.115
38.715,-102.681,47.933,-15.046,42.28,-32.627,-27.194,-4.341,-1.583,-16.827,4.628,-9.538
37.026,-126.468,18.876,18.588,60.59,-9.989,-26.822,-5.614,0.972,-10.766,-28.712,-2.277
34.293,-148.951,-23.128,16.926,1.11,-37.898,1.353,19.597,-17.581,-1.651,-13.119,3.369
40.945,-63.384,102.568,-93.78,50.731,23.928,-20.076,37.877,5.998,4.544,27.436,-11.17
40.441,-72.071,11.531,-16.331,38.942,-20.696,-37.626,-5.092,13.481,-28.956,-2.514,-8.125
38.963,-80.158,37.879,-39.729,42.873,-25.322,-31.562,-33.241,6.511,11.504,0.676,-11.606
41.283,-51.29,73.644,-14.209,65.338,-27.702,-34.213,-8.622,2.042,0.26,-7.741,-18.73
44.098,-53.982,27.448,27.547,14.337,-12.452,-3.079,-22.146,-11.045,-5.669,7.329,-0.839
39.795,-85.745,55.773,5.233,50.308,-21.077,-20.88,-6.096,-13.36,-13.819,3.572,-2.352
39.026,-101.354,57.724,0.35,48.133,-24.658,-23.217,-3.932,-12.568,-12.738,-3.201,-8.537
38.194,-111.507,60.234,8.897,56.142,-39.919,-22.31,-7.25,-17.537,-7.097,6.495,-13.238
39.689,-137.191,31.463,5.567,37.084,-19.7,-31.222,1.048,-9.548,-0.192,7.202,-12.655
42.561,-52.768,60.748,27.425,39.784,16.223,-38.569,7.046,-9.632,-31.353,-46.722,1.235
39.252,-82.929,72.518,-105.887,37.337,12.596,-18.998,-10.285,5.61,-2.836,9.079,-13.58
44.522,-48.952,61.726,-15.38,17.965,-10.705,-8.764,-29.88,-9.637,12.159,-14.541,2.596
39.247,-118.781,-13.24,-1.222,-8.109,-31.641,-2.473,4.413,11.286,-4.211,-28.852,-24.465
37.278,-123.719,0.842,-9.488,20.264,-18.599,-7.32,1.146,15.564,10.099,-17.453,-19.668
34.625,-143.587,4.452,-14.003,43.193,-30.763,-8.114,-0.393,17.876,0.336,-8.972,-12.717
34.595,-81.193,-1.567,50.633,11.436,-35.727,-14.689,18.246,-5.467,-28.484,-17.664,-20.195
35.545,-6.03,103.32,-171.893,56.066,55.418,15.752,-28.81,-13.071,5.674,-31.648,9.206
33.822,-112.618,15.938,101.782,49.386,-47.404,0.563,5.736,-9.123,0.129,-23.427,-5.854
42.517,-24.507,132.484,-147.459,99.358,109.75,36.652,26.919,18.229,-3.258,-24.963,-6.934
45.892,13.569,62.944,51.012,19.169,-13.41,-38.629,-25.819,-30.136,-14.379,-24.696,22.541
40.934,-65.405,73.315,-30.77,39.497,-5.934,-4.289,17.19,-4.859,-9.787,-32.75,3.198
35.346,-104.708,18.125,26.915,51.409,-36.546,-24.163,8.51,5.378,-6.962,-17.733,4.575
42.673,-23.363,25.962,60.996,25.615,-13.653,17.84,-30.426,-18.1,14.22,-30.897,17.173
39.849,-77.326,13.812,25.953,28.772,-0.703,11.679,24.076,-4.77,3.104,-7.975,10.295
36.075,-112.474,-5.606,-36.381,3.706,-40.234,26.636,-0.038,-1.946,11.963,-9.574,11.435
35.335,-87.823,-18.683,-42.857,37.935,-34.788,19.324,-12.984,-12.816,-4.764,-6.379,-0.552
36.081,-98.564,-20.112,6.453,23.969,-36.429,11.64,1.907,-3.93,8.437,-8.445,-11.236
39.941,-125.211,-8.357,10.834,51.699,-29.117,-12.564,7.83,-13.615,-13.512,6.096,-34.44
37.075,-80.241,6.013,0.467,32.413,-40.086,-34.303,7.47,-2.134,-0.405,-3.123,2.384
37.066,-124.718,12.174,21.865,29.166,-16.418,-13.076,17.956,-8.121,-1.657,-18.593,-2.574
36.823,-90.966,-13.68,49.084,38.006,-19.442,-36.141,27.57,5.657,-6.528,-29.63,-18.067
37.305,10.729,102.281,-236.664,43.702,7.004,11.67,-8.219,-25.146,-3.945,50.727,1.632
49.449,47.78,117.051,42.602,52.762,-1.104,-33.992,-1.855,-19.208,-33.77,-15.938,12.182
44.229,-49.286,26.34,-25.857,-17.343,-26.747,54.409,21.926,-2.354,-8.344,-12.108,-3.466
42.952,-43.53,51.925,-14.996,-7.358,-34.865,50.9,18.284,-7.97,3.38,-7.007,-4.37
42.573,-61.264,43.747,12.374,20.71,-36.686,16.362,13.947,-13.234,5.792,-4.379,-2.44
39.223,-105.005,57.148,-6.531,34.286,-31.189,-23.065,-5.806,-4.338,-10.099,-0.014,-33.021
40.219,-102.378,51.459,-8.96,65.579,-44.244,-32.334,20.245,9.582,-5.451,3.217,-16.211
39.653,-93.54,65.39,-13.985,96.69,-35.039,-25.231,-18.53,14.64,13.791,0.353,-16.199
41.038,-112.903,19.383,-27.437,41.806,-54.485,-14.074,20.339,30.497,6.442,4.36,-35.317
40.773,-123.202,-0.821,2.607,39.783,-49.407,-8.853,-11.83,-0.385,14.406,-2.262,-23.9
38.814,-68.523,17.515,12.202,15.543,-32.237,-17.857,9.377,7.293,-8.692,-9.995,-13.382
34.067,-43.777,8.037,7.849,-8.373,-30.061,-17.36,-6.03,-14.25,-11.181,-7.223,9.727
33.262,-65.603,19.809,-22.818,7.919,-21.142,-23.165,-13.736,-15.388,4.29,-17.513,8.763
30.949,-41.72,-18.149,-26.238,30.832,15.641,-31.908,-6.653,29.267,-17.186,-22.714,13.953
38.818,-127.601,5.09,-23.015,11.997,-8.228,-10.803,9.484,-18.057,-6.446,10.481,-31.404
38.73,-87.452,20.471,-10.997,34.535,-24.096,-17.066,2.163,-13.664,-8.396,-3.711,3.273
34.043,-95.062,-7.856,-12.075,37.849,-29.236,-35.744,-9.943,14.755,-11.799,-7.736,1.264
30.074,-98.909,-20.646,-19.832,27.693,-28.678,-44.763,12.526,19.085,-5.434,-13.84,-11.43
32.661,-145.722,5.756,-12.236,32.74,42.059,-14.421,1.748,-20.982,39.038,-18.506,-15.052
29.509,-95.066,-86.592,-34.727,24.599,-46.886,1.763,-17.639,-21.406,-0.062,-14.378,-6.648
38.799,-12.971,69.324,-263.544,13.64,9.999,23.993,6.71,1.368,11.835,6.043,-15.723
50.395,127.386,94.451,22.741,-3.062,-11.506,-35.049,4.313,-15.968,-31.037,-1.683,-17.219
45.367,89.163,171.452,18.885,49.878,-14.129,-58.817,-24.676,-46.351,6.813,-3.161,-26.562
47.386,8.743,47.03,2.131,-4.273,-37.783,-29.071,12.605,-7.519,15.285,-2.983,-30.596
43.451,6.819,58.694,3.446,22.667,-28.283,-15.349,16.674,-18.989,3.636,-9.54,-3.709
42.208,12.741,73.546,0.407,29.104,-20.983,-17.922,6.278,-19.66,0.544,-7.797,-5.801
40.6,22.058,78.898,-2.42,25.132,-20.928,-9.234,-5.231,-25.863,-3.107,-14.024,-6.055
38.965,11.587,82.982,-11.374,20.167,-26.682,-9.737,9.54,-28.681,-8.179,9.282,-11.026
43.461,-90.202,62.006,-8.706,47.925,-3.636,-27.024,-10.709,-5.374,-2.95,-9.227,-6.281
41.35,-146.049,-5.836,-25.093,22.864,-37.466,2.091,-1.238,2.357,9.038,-2.253,-8.55
41.24,-102.536,36.826,-18.108,26.283,-32.702,-4.811,16.242,-16.087,-16.503,0.515,-11.27
38.601,-80.736,58.396,17.496,55.562,-26.882,-25.327,-1.19,-9.608,-5.419,-5.447,-10.788
36.949,-115.767,38.354,-0.85,46.007,-41.421,-32.531,-8.024,1.662,13.478,6.555,-8.596
36.157,-132.129,31.573,18.113,34.469,-42.529,-41.243,12.587,7.402,-13.242,-17.352,-14.129
33.923,-119.492,-30.524,-11.281,26.572,10.965,11.393,26.432,-6.147,-16.757,6.273,-11.088
40.355,-56.864,76.474,-63.919,50.015,28.109,-25.272,38.017,8.184,1.919,12.127,-16.481
38.141,-94.062,3.363,-11.614,67.059,-44.108,-45.341,-0.379,13.786,2.731,0.555,-15.37
39.333,-89.541,68.702,-62.352,71.562,-16.856,-23.645,8.959,-5.195,12.219,4.355,-25.183
41.77,-97.35,40.311,-53.185,33.215,-20.658,-1.437,16.587,8.751,-4.058,-9.028,-20.111
41.264,-101.596,39.169,-3.92,41.072,-30.944,-4.365,0.163,-6.277,-10.325,-9.431,-12.548
39.546,-84.721,24.61,11.491,50.318,-44.069,-14.349,-6.997,9.479,-8.575,-6.518,0.688
36.962,-97.474,28.623,-8.972,50.537,-32.555,-17.693,10.227,11.211,-5.724,-2.571,-7.134
34.223,-84.582,6.8,53.315,57.201,-12.289,-37.383,29.965,1.832,-7.59,-48.03,2.16
32.29,-108.593,-18.216,-140.47,25.176,43.163,10.961,8.561,-14.636,28.769,-30.363,-10.054
44.942,-26.615,63.166,16.95,36.219,9.311,-23.689,7.166,-20.644,-27.224,15.713,3.705
39.495,-69.571,70.792,-34.926,64.243,3.562,-24.37,1.862,6.001,-5.195,18.451,-18.083
42.154,-29.789,67.532,-45.6,16.376,9.299,-13.106,-9.783,-13.2,1.117,8.173,17.361
44.707,-73.735,6.564,51.039,-0.639,-39.276,-36.045,-22.022,-6.173,-4.306,-14.772,-16.387
37.645,-100.532,14.385,-16.543,48.421,-26.008,-39.169,-12.775,-7.855,-10.048,-2.524,-6.161
36.515,-92.971,15.657,-22.977,37.606,-24.742,-44.268,-21.182,-12.479,-6.142,-6.917,-0.547
38.339,-77.816,19.394,-53.471,24.177,4.423,-11.262,-13.311,-30.05,-9.131,-14.497,-9.594
37.058,-111.095,40.655,-9.839,32.959,-24.714,-32.565,4.094,4.405,-17.284,-4.495,-8.171
34.918,-128.478,42.325,-18.446,27.835,-23.226,-28.663,4.417,-7.18,-11.343,8.396,-10.53
36.061,-124.655,4.602,21.72,50.002,2.512,-38.151,-29.125,-17.198,10.805,-13.399,-7.883
32.184,-96.667,-83.399,-15.279,35.609,-34.339,-11.04,-22.152,8.939,-22.903,-10.257,-3.075
41.122,-99.584,18.209,-9.418,-2.482,-29.902,-13.385,-15.6,-6.837,14.851,2.133,-29.56
46.177,-93.018,48.141,-3.942,37.074,-23.066,-14.029,17.189,5.512,1.638,-0.035,-17.999
40.555,-87.366,40.253,18.066,28.999,-38.135,-18.197,-14.892,-3.981,-4.088,-3.1,-14.859
44.158,-21.438,44.661,-3.264,12.466,22.596,-9.259,-13.916,-16.901,-23.232,13.969,-1.389
41.016,-73.901,40.801,8.925,6.676,-28.264,13.66,10.527,-34.017,-20.826,-11.281,-11.719
34.604,-75.088,38.534,-30.339,66.683,2.754,-17.863,14.853,16.164,-9.923,23.875,-18.635
38.119,-103.2,78.979,-23.435,72.87,-22.908,-27.286,-14.088,0.761,19.772,0.187,-31.359
39.648,-125.122,-16.405,-0.257,13.803,-38.203,-12.685,-1.945,17.995,1.872,-23.544,-27.887
36.498,-81.04,-14.163,-10.48,9.746,-16.951,17.164,13.074,4.026,-4.205,-3.465,6.419
33.043,-80.759,-41.106,30.703,16.549,-8.762,1.319,-23.074,3.469,-1.916,-29.017,-18.38
24.098,-151.071,-94.11,-12.359,-10.084,-58.004,20.307,37.471,-14.07,-7.027,-10.996,5.14
36.627,-94.529,3.362,-78.608,25.159,122.288,14.348,42.752,2.749,25.911,47.6,-27.212
37.483,-27.441,25.307,-15.039,-0.785,-23.634,-17.934,-9.758,-13.116,-2.117,5.835,12.559
38.603,-17.215,57.232,12.382,2.357,-23.826,-9.212,-9.381,-8.512,-11.444,-24.578,8.037
40.883,-76.979,20.129,-40.015,11.997,-8.227,16.242,-1.398,-0.483,4.293,15.264,6.628
44.428,-50.688,48.482,24.516,37.127,-5.987,-32.068,-4.906,5.773,-13.444,-17.0,-24.269
35.732,-35.295,10.537,-41.886,-9.334,-7.694,-8.686,-1.429,-2.494,-7.936,-0.195,23.795
38.829,-112.729,-4.3,19.619,21.809,-40.566,-14.831,36.391,8.38,9.848,3.923,-10.562
35.626,-80.163,-32.136,-22.221,11.043,-16.776,-6.782,27.326,-13.468,15.351,-14.361,1.883
37.424,-111.817,-2.919,12.905,39.708,-12.782,-15.205,29.28,8.449,17.83,-0.34,-8.669
35.631,-69.625,9.53,-90.945,11.684,1.499,-25.831,3.62,8.124,-2.042,-31.324,-0.638
36.937,-42.039,10.045,-71.851,-18.504,20.268,11.566,13.279,7.192,-25.8,-10.119,11.35
36.889,-87.458,-16.724,-23.015,22.194,-30.515,-28.086,-11.08,-22.093,-4.868,0.471,3.854
40.482,-31.582,23.088,-30.868,9.312,9.967,-36.117,-0.517,-4.579,-20.975,17.502,15.33
40.563,-95.818,1.13,12.284,1.362,-38.308,-13.38,9.836,-4.656,2.274,-17.144,2.372
36.703,-41.581,-10.837,-53.277,-11.448,-3.585,-4.528,12.626,-10.83,3.407,-3.326,6.452
41.737,-22.848,34.798,-54.285,2.274,6.78,15.916,9.933,-5.941,-5.461,12.274,22.237
42.994,-28.138,15.08,13.416,8.83,-20.254,-4.785,-3.395,-2.112,-3.454,-25.038,20.671
39.159,-8.32,40.999,1.193,-6.999,-15.818,17.842,1.727,-15.614,-10.754,3.988,42.674
41.17,-91.294,-4.036,21.621,10.007,4.986,5.691,32.072,1.141,18.174,4.633,4.427
34.475,-61.491,-7.051,-1.625,-0.106,-37.399,14.71,13.102,2.142,4.525,-12.261,32.156
30.809,-59.934,-6.399,-29.736,10.362,-24.151,-10.146,2.694,10.464,7.389,-6.355,19.631
29.938,-114.607,-47.158,-12.63,6.661,-23.163,21.438,10.176,12.875,5.83,-27.756,2.338
25.379,-117.9,-102.804,-39.954,23.461,-45.422,22.002,-29.806,-11.105,-6.441,-15.237,2.137
38.338,-108.925,6.955,-79.314,24.609,71.773,35.576,-0.124,-2.071,7.589,29.117,-5.484
38.556,-155.373,-16.63,-3.04,11.713,-38.601,0.306,17.49,-1.802,-8.639,-14.242,-2.892
33.469,-131.344,-0.59,-17.26,51.894,-33.894,-30.532,1.051,19.732,3.933,-10.23,3.905
32.626,-118.553,1.139,-34.338,35.004,-40.194,2.866,-4.686,-4.209,-2.18,11.205,33.299
36.341,-110.857,2.627,-35.208,28.889,10.011,-15.779,3.308,12.124,-13.477,-30.34,-2.689
33.941,-111.823,-10.457,-44.248,41.009,-51.87,-43.077,-9.363,32.173,0.262,7.962,1.572
38.454,-95.544,53.802,-103.519,43.464,-34.173,-23.94,2.217,10.508,10.291,26.35,-13.5
44.94,-65.004,58.983,-28.261,19.722,-36.669,-12.8,31.015,-0.982,6.184,7.131,-5.596
40.941,-57.666,31.05,-7.217,26.805,-10.741,-24.668,-0.268,2.389,-19.616,-11.393,-5.626
41.263,-98.781,4.937,14.207,18.576,-16.618,8.107,27.178,-5.255,30.632,11.204,-7.406
35.948,-58.563,-52.49,-33.73,-3.068,-31.299,43.63,-13.256,-12.28,-8.059,-5.549,30.992
35.194,-89.285,-23.109,-31.875,-0.426,-32.27,12.885,4.349,18.569,4.918,-6.035,2.688
31.415,-123.201,-63.694,0.706,-20.38,-33.069,23.545,-21.731,6.3,-11.126,-27.407,13.85
35.753,-132.406,-46.883,60.36,19.173,51.198,10.297,12.686,11.32,5.908,9.456,-24.908
29.954,-112.115,-50.778,-107.495,11.634,-15.543,28.033,56.45,-0.145,0.939,1.052,12.822
41.316,4.416,13.245,-47.645,-28.583,26.018,29.865,13.531,3.925,-9.729,23.542,-3.573
45.185,-92.914,53.299,-22.562,19.432,-27.088,-5.263,12.095,3.862,2.354,-12.194,-17.395
41.818,-88.924,62.176,-8.706,46.663,-38.189,-13.604,-12.105,-3.773,-10.358,6.782,-8.172
45.075,-102.16,39.29,-7.516,40.176,-19.347,-9.836,-3.054,11.066,5.563,4.919,-9.43
46.881,-28.324,51.629,43.509,28.778,-26.527,-19.529,18.457,18.237,-12.764,1.034,-13.079
42.27,-52.809,54.475,12.623,35.548,-6.471,-20.097,-26.213,-12.419,26.151,-6.327,6.965
42.013,-79.253,15.436,29.9,32.513,-25.092,-10.246,-2.386,-16.119,-13.898,5.192,21.206
38.265,-81.746,36.651,-0.315,17.438,-25.869,-10.303,-1.203,-16.665,-19.312,-2.552,32.073
41.872,-53.361,37.981,32.602,33.829,-5.716,-27.295,10.409,-11.019,-22.341,-1.942,9.34
34.932,-77.028,-8.024,23.837,54.644,-30.258,-18.436,0.169,-3.489,-8.745,-20.551,-4.611
31.855,-85.558,35.276,-41.511,38.577,24.265,-9.733,-3.073,-10.155,-2.844,7.329,-2.984
38.288,-45.616,67.059,-70.286,61.687,41.217,-7.489,6.972,-17.908,-12.95,-38.236,0.766
32.597,-59.855,-17.686,64.355,31.806,-25.862,-5.945,38.815,-8.082,-13.428,-27.621,2.924
35.525,73.073,114.985,-214.878,56.867,31.366,10.941,-31.304,-26.942,44.078,-17.967,8.893
44.391,65.511,111.692,8.184,36.455,-15.431,-41.808,-17.809,-29.546,-3.688,-1.632,29.723
43.806,21.322,109.789,22.646,47.192,-24.951,-19.722,5.804,-25.358,-3.489,2.672,11.666
42.722,-44.07,20.345,18.612,9.282,-35.44,15.673,-8.813,-2.508,0.865,-15.03,-5.451
38.83,-47.522,39.046,-21.002,0.022,-21.297,-16.342,-1.341,-19.761,-13.813,3.906,-2.042
39.685,-29.805,61.304,2.745,24.041,-28.264,11.416,3.517,-2.457,-21.241,-6.474,2.204
42.123,-18.599,45.976,63.246,31.882,1.061,-35.724,-31.126,-5.578,-7.02,-22.09,1.509
35.763,-99.508,-25.301,-12.223,6.045,-42.961,-0.849,-5.057,4.869,11.668,-8.469,-9.6
39.872,-76.278,45.84,-19.735,57.696,43.843,17.573,30.197,2.993,-17.234,-28.932,-0.54
40.712,-79.812,19.603,41.612,27.112,-6.904,-9.022,16.026,-1.638,0.008,11.237,3.261
33.805,-67.898,49.273,-8.949,58.399,-29.066,-1.871,2.287,-2.719,0.95,-4.444,25.584
34.26,-95.952,23.499,-32.201,38.188,-41.52,10.469,3.792,0.104,18.537,-7.208,12.637
38.253,-115.743,3.629,-12.71,2.952,-51.574,5.447,-2.716,-16.512,17.008,-14.986,-2.036
37.332,-88.866,-26.022,-2.181,17.664,-35.796,-18.873,-10.15,24.308,-3.137,-17.055,-7.787
36.321,-64.426,-19.577,-35.199,19.278,-33.749,4.626,6.377,11.453,-3.666,-17.507,18.64
38.192,-97.888,-32.763,-24.143,9.178,-15.48,-12.886,16.241,4.313,5.357,-10.25,-5.935
35.027,-68.733,3.176,-16.938,17.421,-3.01,14.283,-8.639,-9.426,4.185,-12.521,19.241
38.258,-131.351,-7.06,29.977,45.44,-17.277,-15.058,29.651,-6.074,-10.211,-4.04,-28.053
36.227,-117.886,-4.427,29.949,41.857,-28.476,-19.741,17.37,-10.239,-4.346,-9.721,-16.544
38.012,-122.598,-5.176,59.641,41.66,-0.047,-25.172,11.054,-5.883,-3.443,-27.513,-6.395
41.886,45.561,113.897,-166.293,40.957,46.921,-2.508,14.422,-29.778,-5.887,-0.538,16.762
49.978,83.576,128.376,14.937,43.579,-12.075,-32.703,19.752,-14.561,-19.181,8.633,8.491
49.408,34.777,42.883,0.215,2.724,-32.827,16.294,-10.509,10.62,13.702,-16.594,-0.263
45.828,-26.492,68.775,16.3,18.319,-23.636,16.544,10.781,-12.283,-16.992,-13.347,0.213
39.637,-40.478,74.729,1.361,31.837,-38.037,28.573,8.587,-6.731,-5.994,4.759,-3.231
39.851,-71.344,43.992,53.106,54.422,-14.163,-2.104,-7.626,-1.234,-6.012,-26.156,7.163
37.924,-80.85,56.12,-29.674,82.278,-6.806,-27.088,-7.538,20.23,-6.259,15.825,-20.0
40.305,-124.372,50.78,-7.882,72.802,-33.784,-28.88,-0.188,-0.981,10.22,-1.847,-15.302
40.77,-75.643,39.113,-30.829,63.207,-34.735,-28.05,-3.836,15.305,-3.297,-0.559,-25.413
40.347,-72.601,12.149,53.468,24.018,-25.054,-20.16,15.58,-4.815,-10.617,-12.459,-3.138
33.069,-78.09,23.037,-51.745,27.432,-3.085,-23.904,-29.709,-12.721,-1.127,-23.901,17.455
31.184,-98.803,-1.157,-12.097,51.045,-42.905,-28.373,0.586,-4.257,2.622,-7.418,9.792
29.573,-57.938,-29.787,-19.654,29.685,-33.619,-45.651,-10.757,9.478,-5.444,-8.618,17.724
37.466,-123.746,-12.065,-34.581,18.479,42.184,-2.609,19.073,-6.762,6.848,24.604,-23.832
32.678,-81.642,-29.892,26.511,34.132,-22.138,-44.741,-18.862,7.985,-11.814,-8.557,0.705
34.965,-129.246,-5.217,27.451,46.356,12.184,-22.287,-7.036,-29.842,47.269,6.58,-18.47
29.086,-74.396,-43.177,-13.564,30.174,-49.853,-14.231,-6.018,-23.369,-12.88,-11.811,-6.934
50.144,21.326,31.919,-20.655,4.827,13.579,-3.165,10.699,2.422,-3.859,20.541,-25.015
50.991,126.709,90.682,0.037,-3.13,-18.696,-31.401,13.28,-12.014,-22.678,-1.607,-16.821
48.461,112.572,141.416,14.91,49.962,-17.168,-77.17,8.609,-19.973,7.373,-3.411,-34.089
49.08,101.316,62.305,-12.287,-25.726,-26.149,-3.188,-13.166,-9.583,13.82,-10.296,-27.021
48.895,87.512,60.933,-3.377,-26.105,-27.848,-6.535,1.528,-17.569,6.503,-1.083,-33.241
47.567,35.777,44.584,31.599,-9.738,-24.637,-19.63,-4.863,-19.843,-0.324,-21.121,-28.801
41.116,-10.73,106.318,14.055,28.205,-23.388,-23.426,24.065,-22.026,-6.512,2.116,-18.201
39.907,-20.437,109.263,10.293,47.52,-29.92,-35.991,13.152,-14.475,1.092,6.964,-11.264
42.091,-82.627,51.792,-17.983,22.41,-25.14,-23.584,-13.39,-12.882,12.347,-12.229,-8.23
41.999,-121.865,18.844,-11.088,48.973,-34.568,-3.663,1.98,-16.435,-1.647,6.466,-1.015
41.987,-91.129,31.297,0.41,24.588,-21.886,-15.926,2.808,-19.24,-21.629,-6.151,-2.233
37.653,-97.155,41.604,-8.653,48.214,-31.138,-22.176,8.228,-16.906,-9.863,-3.108,-5.738
36.821,-103.347,47.306,-9.063,53.712,-24.75,-23.515,-1.945,-5.072,-10.847,2.4,0.24
37.041,-132.23,32.412,-5.117,44.301,-39.717,-28.233,3.66,-2.839,2.985,-4.42,-6.176
35.402,-113.731,41.928,6.507,40.703,-17.156,-29.913,-1.995,3.179,3.771,-15.779,-17.089
35.851,-94.465,-29.486,-0.289,38.86,23.534,10.461,28.263,-1.121,-15.119,22.76,-14.426
44.014,-43.767,37.635,36.406,39.83,14.555,-14.45,25.492,-8.48,5.572,10.595,8.394
40.386,-82.02,46.249,-24.631,54.978,-29.939,-14.741,-4.964,11.781,-1.807,-5.521,-27.557
43.168,-70.342,18.749,8.166,6.784,-4.443,2.581,-13.857,-6.238,1.246,-12.479,-0.306
40.68,-103.46,40.73,-11.295,27.925,-25.814,-10.121,-1.314,-6.617,-7.299,-2.226,-0.618
39.942,-105.133,29.326,-5.916,38.925,-37.453,-16.365,-2.239,-4.341,-11.798,5.638,-3.03
38.794,-96.824,28.371,15.08,42.038,-25.113,-17.041,0.221,1.419,-19.17,-1.371,2.366
34.681,-96.879,18.79,7.009,59.347,-22.892,-31.311,5.126,-5.735,-5.099,-14.52,5.984
40.184,-104.55,-3.595,58.965,38.127,-15.703,-21.874,0.625,-4.655,8.888,-10.235,5.325
47.089,-38.021,70.493,23.684,41.249,-5.368,-19.673,9.731,-18.3,-21.481,21.276,2.401
44.924,-76.753,48.938,3.738,67.449,-16.528,-32.187,-10.375,10.741,-4.039,-10.005,-4.635
42.654,-79.071,68.756,15.771,66.475,-10.712,-30.95,6.522,-3.71,-4.901,-12.101,-23.082
39.513,4.805,60.479,-34.499,5.473,2.735,-4.951,13.602,-3.915,-9.379,11.946,3.697
42.433,-80.517,31.858,-15.153,17.985,-20.199,-18.201,-7.437,-10.669,14.322,5.949,-2.772
42.073,-76.729,34.015,16.098,15.596,-34.635,-13.329,11.263,-9.343,-11.61,-8.985,13.483
38.195,-117.571,26.156,19.908,48.644,-44.516,-32.077,31.1,-12.209,-3.88,1.309,5.79
32.805,-81.355,15.149,-20.991,29.173,-35.448,-28.033,-4.514,-2.84,-3.447,7.015,14.853
34.625,-93.452,-36.767,54.227,42.916,-31.709,-24.673,29.227,-13.585,-25.68,-19.448,-9.236
24.721,-80.917,-69.244,-12.681,61.73,-10.174,4.902,-44.681,-1.522,-9.076,-37.608,2.519
26.247,-4.215,-60.764,-57.875,67.283,-42.086,-17.425,-16.35,26.655,6.914,-4.065,-14.096
43.834,45.892,155.0,-134.354,55.648,140.051,34.789,34.504,-21.846,-6.139,4.171,7.208
49.87,22.968,51.322,47.273,16.327,-2.917,-17.642,-10.366,-8.387,-4.297,-49.472,28.635
48.783,28.491,85.797,23.232,26.306,12.216,-1.446,-0.183,-5.112,-12.696,6.218,21.201
43.246,-31.258,24.612,-3.02,-16.503,-23.377,25.021,3.544,-7.847,-13.075,-6.099,-0.865
41.7,-32.902,42.56,-24.456,-1.681,-30.409,-2.902,6.933,-4.799,-12.632,8.836,-0.917
42.447,-92.283,25.871,-11.177,3.021,-47.343,-14.394,9.812,-16.135,-1.827,-1.838,-3.663
42.199,-0.71,42.128,18.051,19.143,-1.313,-23.586,17.566,3.282,-21.359,-15.924,-4.844
41.948,4.997,29.599,22.014,18.906,21.238,-14.971,-0.693,-8.239,-9.029,-13.044,6.332
42.623,31.952,68.137,20.28,24.445,16.465,-16.304,-0.59,11.946,-15.526,20.959,-13.075
41.049,-50.7,41.259,-37.604,-3.329,-8.31,-7.597,-3.742,-20.169,-9.308,15.593,25.638
41.496,-94.9,-10.625,39.685,10.15,-59.719,9.827,-23.764,-10.126,14.843,-12.839,2.723
42.224,-52.366,32.661,-23.797,-4.103,2.582,-12.895,5.925,-7.437,-20.652,5.192,13.19
38.039,-83.636,46.381,18.16,18.925,-11.861,31.78,17.432,-22.985,-18.501,-10.677,33.547
36.767,-51.634,83.635,-17.12,25.384,-4.875,41.723,10.391,-33.838,-7.688,25.303,37.921
38.001,-45.171,-7.459,15.995,-16.539,-27.613,21.201,42.95,-11.323,-21.991,-17.77,24.066
33.192,-38.7,19.735,-23.91,0.094,-9.34,22.019,-20.452,-24.532,1.374,9.97,43.464
36.13,-128.83,30.221,-20.482,24.059,-20.201,9.578,-0.434,-38.702,10.184,2.205,19.399
38.725,-73.632,71.981,40.849,34.862,-29.569,5.546,6.114,-22.623,-13.095,4.966,30.499
36.826,-116.04,-23.441,7.439,24.15,-17.13,9.093,6.252,3.561,-28.684,-10.539,4.473
34.755,-67.001,18.57,-22.853,56.901,-2.776,-14.155,40.723,-9.942,13.49,4.984,-8.928
37.851,-117.21,-57.781,40.569,33.562,-4.359,-11.744,59.018,-5.481,8.934,-27.308,-30.298
35.749,-74.172,-11.209,9.399,42.427,-22.83,-26.269,63.813,1.884,-15.79,-15.143,-16.909
38.466,-109.256,3.786,15.716,32.144,-19.728,-9.635,20.908,-1.5,12.753,-2.777,-19.174
38.886,-29.427,46.4,-67.62,34.658,-16.568,-9.157,-3.198,-17.289,2.313,9.283,13.881
42.34,-14.865,49.575,14.516,12.708,-21.264,3.932,-2.004,-17.74,-9.762,-18.581,35.606
43.898,-51.622,82.671,-37.297,17.295,-31.747,-17.503,18.004,-10.172,-1.233,12.991,4.993
49.956,18.591,101.564,-6.228,4.713,-20.92,15.978,21.253,-14.198,4.461,11.343,3.089
48.862,60.534,81.356,36.365,-24.048,-23.107,24.822,-10.427,-33.642,2.829,-24.378,-4.214
45.374,-18.455,59.422,45.853,42.697,52.873,9.651,-0.712,-4.32,-16.81,-17.049,0.131
46.724,-28.042,58.985,33.162,7.263,-4.588,36.797,-3.779,-8.115,-14.2,-4.288,-11.874
44.665,-91.594,50.263,4.661,48.424,-9.57,-17.043,-12.189,-13.272,12.461,-8.307,2.487
41.278,-69.917,10.206,7.076,-1.865,-8.071,-10.492,2.687,-12.043,-5.562,-11.518,21.666
36.474,-33.414,1.002,12.733,15.497,-22.204,-18.65,18.01,-10.637,-8.928,5.113,1.629
34.755,-53.535,-15.006,-19.54,46.678,-11.052,-10.583,2.014,-30.819,7.857,-21.382,10.163
36.575,-17.216,13.786,-51.774,47.278,-21.163,0.736,-3.137,-14.036,-0.125,7.586,9.661
40.119,-100.882,7.658,-40.818,5.36,-17.125,-4.796,-4.268,-10.398,13.234,3.888,-12.996
43.025,-94.47,38.383,-25.295,32.659,-29.737,-22.968,19.235,1.349,-1.023,17.098,-7.125
47.029,26.955,114.925,-11.816,7.426,-1.129,-6.467,38.242,-23.747,-28.418,17.618,-1.773
45.755,-33.49,61.87,32.747,3.534,-10.42,-10.114,-25.441,-38.729,7.661,-43.3,-12.66
40.204,-75.355,64.495,-6.607,36.753,-23.115,-8.929,3.266,-13.656,-9.194,-1.373,16.08
39.335,-53.909,-29.069,-23.045,5.335,-38.028,-4.331,8.687,11.312,-4.252,-5.666,-16.593
40.121,-98.958,-16.038,57.468,31.235,3.827,-22.993,40.072,-5.21,-3.622,7.196,-11.429
38.906,-39.199,76.194,-87.815,63.34,19.541,1.984,-19.398,-26.083,17.0,-8.889,2.731
42.993,-28.922,32.259,16.46,15.532,-29.678,3.019,-1.956,-6.789,-16.366,-1.197,21.031
40.16,-102.723,36.24,-43.652,8.836,-22.223,5.686,-0.922,-8.65,4.02,-7.195,-10.522
43.325,-54.357,52.478,1.701,17.935,-29.901,-8.848,14.574,-4.349,-8.081,11.504,13.446
48.597,0.257,84.879,-25.937,5.567,-10.846,17.005,1.123,-14.723,-4.987,16.645,5.37
49.841,-0.57,73.725,34.205,3.94,-26.9,2.117,12.124,-29.967,-3.284,-14.361,-9.869
41.431,-68.58,28.53,-8.756,39.746,-29.372,-20.013,-18.491,-11.927,-5.316,9.429,-7.636
43.735,-45.285,86.978,-19.82,34.262,-15.349,2.016,10.071,-23.659,-10.027,7.004,-5.766
43.473,-74.228,-0.398,2.606,21.597,-23.201,3.861,-14.062,1.887,-0.656,-11.84,-9.891
42.911,-70.596,2.294,41.048,3.041,-30.719,-1.766,-9.429,5.63,-0.534,-34.308,-7.917
36.416,-66.694,-8.656,6.002,6.668,-47.55,3.0,21.454,-12.752,-11.049,-0.313,6.558
39.27,-7.174,-4.726,68.997,24.653,-7.271,-22.288,54.823,-5.253,-6.979,-10.58,-3.705
38.066,-129.029,-34.39,7.82,27.996,-36.042,-4.151,22.299,-15.25,21.318,-9.78,-10.438
39.109,-67.176,5.083,-7.612,35.87,41.255,-6.957,34.338,-16.738,2.329,-27.196,-1.993
38.117,-13.234,-0.528,-48.1,18.196,17.384,14.217,-18.475,-18.336,15.8,-41.6,25.941
39.575,-107.78,8.759,-26.678,0.138,-41.501,16.41,-10.425,-6.135,26.761,-13.861,-4.361
43.729,-55.804,4.492,-1.905,13.859,-13.37,-6.589,5.742,16.491,-10.608,11.097,2.12
49.516,-2.928,100.934,-15.186,23.103,22.284,31.638,38.334,20.243,-20.161,23.005,-17.257
49.393,-14.683,62.164,31.29,-11.358,-31.312,35.455,16.657,6.342,8.68,-20.767,-3.223
45.242,-17.267,79.743,-4.02,-8.465,-39.992,28.989,31.102,4.043,-5.208,-0.978,-14.107
45.303,-7.22,91.769,54.807,1.739,-16.353,-4.439,18.005,-51.098,-18.822,-28.868,13.391
43.63,-46.541,12.453,13.935,16.213,21.084,6.325,4.056,-9.145,25.929,2.264,-7.094
39.133,-54.984,0.486,-64.019,16.349,-7.05,-8.538,15.149,14.705,-8.733,-18.57,-18.584
40.915,-57.338,23.121,-43.474,45.942,-28.067,-14.897,-7.943,17.702,6.079,-8.626,-32.965
43.686,-5.585,61.22,-7.081,6.913,-17.83,-24.382,-15.654,-23.465,-13.612,8.816,11.997
44.99,-38.706,46.955,-5.77,11.014,-20.957,-16.162,-17.971,-14.585,0.312,-19.5,-3.26
41.915,-65.322,21.225,7.713,-1.916,-21.026,-3.732,0.096,-30.955,-18.082,-9.692,-2.367
37.337,-87.357,-6.701,3.26,15.634,-39.449,0.793,23.363,-26.787,-2.741,-4.248,-7.261
34.571,-21.941,-24.573,11.554,51.306,-36.327,-17.284,58.034,9.497,3.837,-32.406,-8.496
37.068,-64.162,-12.258,-39.606,48.002,82.37,-3.26,1.548,-20.422,66.8,-20.844,-19.485
48.362,-1.32,71.187,-13.479,51.975,0.587,-19.327,30.14,-25.585,-10.973,42.638,6.636
48.794,27.629,52.205,5.763,11.732,-27.904,-10.289,-11.216,-21.419,-0.627,-12.249,-3.452
44.663,-72.989,76.033,-17.38,68.61,-13.845,-26.299,-7.938,-2.376,10.768,11.16,-32.384
47.373,-33.525,80.957,-16.067,26.493,-24.651,-13.064,-15.28,-15.822,4.663,3.493,15.344
48.088,-104.716,48.081,-13.644,42.431,-21.106,2.425,1.991,15.43,-0.758,-11.421,-18.717
42.683,-100.864,21.327,-1.324,54.661,-27.091,-11.433,-5.72,-4.632,-7.897,-19.757,-7.68
36.967,-67.332,-106.701,43.53,33.029,-78.54,-12.231,14.052,13.199,-14.264,-11.464,-15.706
37.733,-14.952,23.507,-90.511,-0.106,10.483,28.949,6.793,-9.984,11.196,15.402,-2.489
43.381,-66.692,43.299,0.058,25.801,-31.501,-20.061,-25.326,-22.126,10.765,0.22,0.007
47.569,14.924,90.314,-65.704,-3.238,-20.604,11.412,49.163,-12.349,1.004,14.771,-13.185
46.883,-55.437,87.314,11.37,13.04,-23.219,11.038,3.678,-47.074,-6.197,-8.983,28.874
41.069,-71.707,13.425,8.355,24.075,-35.6,-24.696,40.35,-8.879,-5.563,-11.858,-9.17
34.524,-57.467,-17.883,-26.454,43.971,21.913,-8.245,37.622,-16.649,42.953,-31.255,-15.801
34.401,-18.002,-85.461,-55.981,21.304,-18.387,10.115,5.652,9.322,0.988,-3.96,-4.425
39.919,-46.778,32.881,-74.488,18.674,-6.384,2.081,10.692,-5.953,11.788,4.763,2.136
43.021,-16.669,61.849,11.147,16.949,-26.12,10.53,-19.492,-16.087,-1.048,1.901,33.715
46.119,-45.886,74.534,-2.063,27.799,-22.227,-16.784,-3.229,-9.777,-8.106,6.311,10.425
49.74,-5.363,104.861,5.26,19.729,-2.548,20.11,-11.247,-27.004,-0.091,11.946,21.103
52.012,35.546,84.81,38.399,-5.804,-29.754,13.178,13.833,3.602,-5.634,-3.961,-15.809
45.319,-31.766,124.416,-6.991,39.888,-17.974,3.452,-9.417,-23.799,-14.624,4.055,9.072
43.96,-40.16,-0.716,77.302,13.232,-26.984,23.176,11.517,1.894,-8.783,-54.691,12.678
46.264,-3.611,31.074,60.822,5.728,-2.766,8.71,-8.159,1.944,-8.74,-26.866,7.98
41.797,-25.356,7.508,21.71,-9.987,10.565,-28.852,5.693,-26.292,-19.925,-30.66,19.758
42.688,-84.465,15.477,7.863,5.823,-5.856,29.511,10.626,-12.532,2.701,2.724,10.739
38.799,-70.441,35.406,-2.587,29.342,-35.463,33.567,26.489,-18.422,-16.88,-2.147,23.704
36.011,-64.623,-38.08,-11.302,9.978,-44.054,23.608,22.357,-1.979,4.899,-19.532,17.971
34.957,-44.94,-5.723,-89.97,43.355,17.07,8.438,-2.259,-8.485,22.085,-24.509,3.253
43.847,-23.652,61.403,35.784,22.901,4.234,-2.607,-19.123,-12.903,-11.698,6.256,19.803
41.809,-90.297,5.596,-7.095,-5.218,-18.784,-2.562,3.001,-4.282,-9.66,6.683,20.063
42.616,-35.002,47.757,-10.861,13.147,-24.207,-17.287,5.766,10.993,1.371,1.794,-14.538
41.683,-91.343,-24.972,38.319,46.911,-36.349,-28.858,-1.679,-6.249,-9.927,-10.268,-18.261
39.155,-80.487,6.056,2.756,63.755,-24.523,-31.484,41.303,-14.719,4.439,-4.204,-11.018
39.176,-87.849,-3.245,29.546,51.409,-30.171,-12.003,1.012,-6.435,14.514,-19.33,-20.043
31.941,-18.13,-2.137,-52.016,77.436,-41.938,-27.25,18.6,-1.075,-13.3,6.151,21.906
45.155,-32.538,78.336,2.062,51.205,8.475,-18.863,-4.234,-22.772,11.156,7.107,-7.24
47.129,-43.425,53.971,20.572,22.515,1.946,-14.925,0.194,-21.231,-15.259,7.776,20.401
46.138,-82.138,74.161,-7.753,46.809,-37.088,-22.354,5.923,-7.821,-3.71,3.08,-10.256
47.833,-2.282,84.508,22.679,38.346,-19.352,-21.176,-6.153,-6.59,-16.275,-6.454,8.285
50.578,41.49,155.347,-2.59,41.831,-16.988,-23.696,10.365,-30.776,-2.871,18.16,18.7
50.614,50.819,70.21,53.441,-23.507,-10.921,9.953,-25.722,-38.912,-0.279,-38.224,-3.015
47.711,4.607,91.141,27.97,34.32,38.052,34.814,18.91,-15.917,-10.089,19.843,-21.19
45.434,-44.547,49.725,-47.131,25.138,-4.249,-9.232,17.882,-20.947,6.909,-17.065,2.683
46.585,-87.3,41.61,3.813,51.262,-15.673,-4.136,-0.595,-9.792,6.063,-6.144,-8.803
44.029,-105.241,70.582,-0.241,61.776,-43.949,-18.786,-13.677,1.08,14.087,-6.578,-32.129
43.144,-95.867,25.982,36.098,28.011,-31.01,-20.208,41.409,2.984,-10.417,-6.21,-16.768
36.206,-13.048,14.797,-19.049,31.115,-31.028,-2.36,-5.576,-50.984,-10.59,-8.676,7.532
38.06,-55.995,-17.404,-13.298,15.929,-15.524,0.246,0.793,-22.654,24.892,-9.556,-3.907
35.486,-2.538,-33.644,2.195,45.025,-44.385,-24.461,12.211,1.363,4.322,-14.945,-1.243
47.794,-0.932,57.338,63.937,16.488,32.097,3.613,-18.051,-25.79,0.093,-3.398,5.975
42.863,-118.433,57.307,-16.624,37.7,-41.652,-15.746,32.869,-9.48,-0.436,14.677,-13.392
42.151,-27.659,69.701,4.656,31.183,-29.861,-3.313,-1.255,-22.468,-4.475,4.942,21.741
43.343,-98.977,17.027,-4.991,30.729,-28.334,-20.073,-3.181,-4.593,4.931,-0.292,-13.491
39.842,-91.289,16.707,14.09,26.5,-32.344,-36.643,13.827,-18.922,-4.828,-9.72,-3.882
35.952,-24.904,-44.848,-4.843,55.572,-43.425,-50.925,28.675,-9.757,-15.06,2.102,4.697
34.721,-62.484,-67.639,-91.819,30.25,-8.346,-6.383,-16.217,-7.453,24.485,-35.109,3.661
35.733,-27.725,-76.157,-57.857,53.147,-27.192,14.383,-7.033,35.967,-12.134,-21.14,-7.801
48.462,60.899,68.354,-61.421,17.638,82.145,13.109,22.787,-3.179,-14.167,36.266,-36.848
51.554,150.646,141.24,18.233,-12.913,-9.452,0.249,2.648,-32.684,-8.88,0.42,-19.468
51.486,141.235,152.03,33.535,-35.072,-18.594,45.673,2.282,-44.304,12.391,2.576,2.082
51.018,24.164,75.266,88.134,6.616,2.776,-15.61,-7.785,-31.598,-9.7,-69.049,-3.778
37.377,-45.17,-1.47,-14.256,40.518,-30.472,-21.877,6.089,-8.351,2.758,-4.213,-3.844
46.661,20.828,133.923,-66.648,32.945,57.358,9.054,27.919,-23.148,-20.774,13.467,13.58
50.801,89.675,92.606,71.0,-7.403,4.683,3.468,-10.531,-34.438,-1.778,-53.171,6.201
49.26,-6.661,53.628,73.554,29.349,17.878,-5.518,1.496,1.883,-3.775,-35.763,-8.128
50.063,16.937,76.822,47.561,14.412,-4.295,-5.75,-22.541,-12.574,1.277,-17.745,0.839
46.372,-37.324,77.567,-2.522,43.789,8.567,-11.846,4.729,-4.918,-6.781,17.381,-10.884
45.403,-52.586,8.053,-6.657,22.059,-29.474,-1.663,4.319,6.385,-20.668,-4.33,-17.559
45.257,-44.15,41.297,35.162,16.538,-18.053,-12.115,-1.577,1.734,-17.298,-15.431,-14.744
42.117,-94.604,52.918,-30.467,34.777,-37.336,-10.031,8.281,-5.19,-9.227,-8.485,-4.501
41.36,-47.345,25.364,42.526,30.205,-44.136,-20.011,5.863,-15.668,1.468,-10.779,11.458
40.929,-76.233,15.949,-8.196,34.958,-40.251,-10.547,-4.498,-20.788,-0.657,-7.865,10.422
46.356,-42.9,28.758,19.613,2.335,-16.846,7.447,-19.948,-13.481,6.336,7.679,-5.764
46.639,20.699,39.955,117.963,36.583,3.103,1.647,0.253,-6.405,-22.853,-49.937,-1.9
48.777,86.177,155.819,48.961,66.289,-29.936,14.37,-7.781,-12.129,-4.31,6.315,-3.38
48.709,6.807,51.782,36.241,-16.608,-37.132,33.477,-29.7,-20.732,27.246,-3.657,-1.218
45.809,-39.306,16.586,66.005,8.559,-24.51,13.593,-14.216,-6.852,-4.209,-41.156,13.619
45.084,-60.336,51.499,45.015,37.18,-12.498,-23.012,-10.313,-11.271,-5.798,-24.164,-7.844
41.326,-48.019,82.647,-29.564,43.767,3.827,-25.379,9.939,-14.777,-9.999,-11.476,1.621
39.838,-92.246,-28.85,-67.845,33.755,-35.059,-2.543,2.817,8.146,13.266,-10.987,-20.43
44.913,-85.54,46.102,-32.645,48.061,-22.553,-7.663,-1.479,8.614,5.994,0.643,-35.158
46.894,-65.039,35.557,43.483,17.51,-30.975,-12.77,-26.165,-18.833,0.416,-7.77,-8.436
42.529,-79.736,61.246,-0.105,67.603,-39.914,-17.068,1.226,-25.224,-5.875,1.368,-16.027
40.977,-51.402,-5.11,5.79,22.581,-23.989,-5.776,-8.145,-16.516,21.936,-23.02,-15.2
39.378,-38.274,65.515,-43.687,38.29,20.158,-5.85,14.683,-11.589,5.459,2.385,-18.124
45.219,-102.033,7.624,20.507,20.821,-13.653,-30.58,2.406,-1.266,-9.229,-7.323,-23.519
43.019,-90.133,48.684,-13.634,33.285,-30.125,-20.579,-9.905,-24.881,-8.697,3.428,-11.986
42.23,-87.394,40.973,19.467,50.273,-35.264,-26.365,19.955,-24.126,-15.302,-13.538,-13.46
34.161,-24.088,-92.307,-22.827,31.436,-23.869,-7.359,-4.87,2.791,-4.614,-12.282,7.248
40.626,-15.57,64.568,-150.091,27.384,66.418,19.553,8.436,-36.936,2.075,-29.707,0.129
42.447,-75.36,42.653,-15.002,77.799,-33.991,-26.779,-5.363,9.778,3.896,0.755,-26.555
45.072,-35.848,60.26,-17.882,19.248,-19.663,-19.714,-21.906,-19.036,-10.792,-2.969,5.835
46.297,-110.875,36.817,17.587,36.762,-23.746,-12.46,5.083,-1.291,14.354,-19.695,-18.838
40.345,-72.94,-68.061,52.629,60.234,-27.371,-6.517,-3.087,5.594,14.472,-32.458,-9.391
37.75,-19.961,10.43,-53.468,-18.021,0.495,17.63,14.991,-0.196,3.864,14.85,10.268
43.543,-21.905,54.754,-3.521,-9.58,-29.783,11.252,-6.576,-6.62,-2.314,1.812,-20.693
44.356,-61.664,39.106,2.773,23.307,-38.694,-13.307,7.077,-12.206,0.077,-13.193,-21.924
47.055,-3.898,96.846,-31.563,15.554,-9.204,24.792,31.459,-22.105,-22.467,14.258,13.118
50.495,33.189,79.741,22.762,-14.767,-17.025,12.239,-13.481,-29.363,-4.005,-25.995,-8.549
46.15,-38.389,79.367,25.897,-4.255,-19.976,18.769,8.887,-48.328,-12.421,-13.312,12.559
42.806,-59.757,29.702,-22.016,18.326,-22.44,-10.794,-18.327,-22.369,2.928,5.607,-13.606
41.418,-38.553,-7.125,19.433,72.677,-53.614,-17.655,16.599,1.979,-10.866,0.729,-14.856
40.436,-98.027,-20.391,-2.596,24.181,4.973,-13.869,8.719,-8.172,14.653,-28.944,-15.481
37.402,5.778,-62.993,-16.238,45.75,-29.866,-16.659,-6.168,6.794,-17.267,6.773,-11.949
34.777,2.163,-65.863,-42.176,23.034,-45.17,-3.725,0.892,-4.435,5.086,-3.746,-1.551
49.008,-71.995,50.458,-13.668,67.16,-7.013,5.707,0.774,3.088,11.438,19.513,-17.753
48.788,-22.57,50.077,44.355,12.543,-38.736,-8.764,-15.159,-12.636,-0.575,-8.77,-11.414
40.733,-64.871,48.33,-24.491,31.38,-13.733,7.581,3.122,-45.361,4.601,0.578,-8.7
45.337,-11.336,35.723,11.621,13.582,23.629,8.51,21.301,-18.561,-25.829,-37.184,13.276
48.389,62.716,114.641,-4.796,18.301,-6.984,-27.771,-6.704,-31.957,-9.223,15.241,-25.798
47.811,38.225,83.869,8.195,-15.374,-16.23,-18.33,-11.401,-35.624,11.765,-9.393,-21.152
44.95,-60.114,29.462,49.835,5.666,-3.197,-21.445,17.87,-30.344,-1.703,-37.985,-5.915
37.56,20.832,-52.089,-6.211,61.62,-42.189,-32.806,-10.676,-7.601,-7.642,1.383,3.813
33.065,-31.454,-54.322,-39.125,46.268,-43.01,1.758,-10.438,21.196,11.439,-17.381,-8.052
33.227,10.761,-32.809,-59.821,64.553,-52.703,4.535,5.709,41.252,11.244,-0.605,-14.524
40.894,56.358,67.335,-117.328,62.612,26.173,6.997,-24.383,8.02,4.437,-24.028,-12.767
50.582,39.552,118.055,14.684,34.228,3.7,1.161,-23.679,-24.977,3.588,-11.018,-3.747
48.408,-38.814,109.058,19.564,39.905,-25.242,12.421,3.111,-50.759,-16.241,3.069,27.635
48.802,9.339,94.883,31.089,3.951,-18.429,-8.031,-3.276,-41.113,-13.212,-3.633,-0.314
44.114,-127.513,38.215,-20.443,36.368,-29.924,-18.99,-3.679,-19.884,-3.182,6.801,-15.569
44.292,-63.43,0.521,23.054,63.341,-36.91,-16.129,-15.339,-20.333,-19.41,-9.878,-0.136
42.633,-39.231,28.325,-4.64,70.842,-17.66,-23.888,11.854,-28.409,-29.125,-4.52,2.33
41.166,-61.3,-13.627,-15.175,34.007,-40.532,-21.911,8.573,-25.285,-6.451,-16.339,-9.189
40.302,-97.464,-23.735,-17.24,56.535,-45.028,-0.121,0.185,7.46,20.03,-13.941,-30.051
42.57,-102.679,15.513,-21.214,27.138,-54.418,7.409,15.48,-12.609,-5.396,9.808,-9.252
42.881,-26.985,-16.549,-2.413,29.954,-48.976,6.249,-0.041,-36.63,-2.275,6.651,23.749
42.721,-98.264,24.576,16.902,28.02,-24.151,-3.753,30.648,-17.724,12.726,6.447,5.157
40.216,-11.62,-4.941,-23.014,55.18,-48.495,-1.25,-6.621,-27.728,4.759,-7.861,13.329
39.996,-10.121,44.342,-14.825,37.509,-30.428,12.231,6.555,-39.067,-10.198,1.637,33.195
43.149,-62.573,38.379,-89.157,21.12,-1.138,4.007,-29.283,-6.737,21.739,-3.342,3.145
48.272,-16.889,64.137,-0.059,1.954,-33.51,-13.617,24.695,-14.632,-10.75,-10.88,-0.067
45.26,-22.808,60.891,9.048,-10.343,-37.361,15.643,-10.471,-9.946,13.874,3.377,-7.722
49.6,42.749,68.27,-15.596,-26.439,-13.609,19.622,9.175,-19.379,10.36,-17.16,-16.661
47.434,12.674,89.978,23.276,-9.464,-16.419,5.293,-19.451,-36.32,-13.819,-25.937,-5.612
43.757,-48.502,28.815,-2.339,18.572,-22.473,-10.443,17.094,-14.049,-24.421,-13.95,11.911
40.857,-36.57,-8.243,-16.914,22.708,-38.125,16.133,-3.318,-19.416,-3.575,-10.299,10.537
40.083,-96.285,-18.654,-31.711,1.663,-36.433,14.434,3.028,-6.001,9.254,-11.543,-13.887
39.753,-114.356,-25.134,-27.042,25.18,-39.448,11.04,5.777,-2.833,2.394,-10.451,-20.501
40.742,-70.652,5.372,-16.974,17.452,-15.349,3.17,27.045,-12.037,-6.464,-4.006,-8.914
40.97,-16.622,18.094,-23.286,12.462,11.743,-8.032,-22.785,-34.32,19.601,-48.42,12.535
37.143,-29.932,10.999,-29.5,1.087,-36.859,31.882,17.606,-13.204,-8.578,-8.066,-11.415
40.73,-53.478,4.188,13.1,48.264,-28.944,-29.939,43.63,-22.612,3.669,-8.465,-20.444
40.357,-26.186,-12.368,32.06,32.696,-1.381,-2.188,19.182,1.554,35.243,9.499,-13.033
43.682,-36.961,34.74,-1.034,67.085,30.254,-2.012,-21.791,0.766,38.222,2.871,-0.817
50.201,-47.682,58.198,-22.822,36.653,-12.912,3.76,2.673,-2.584,-2.715,19.307,-22.338
46.236,47.457,57.813,-8.725,0.92,-13.164,-17.955,0.154,-5.967,-17.586,7.512,-3.804
46.305,-34.28,24.412,37.611,7.484,-50.96,-14.787,15.886,-8.02,4.832,3.67,7.214
41.594,-37.937,25.983,9.585,30.191,-51.853,24.343,0.345,-16.816,1.61,-12.553,0.906
39.525,-7.895,-68.689,-28.589,22.672,-54.474,12.052,-3.988,3.656,17.867,-25.109,7.284
39.863,-30.477,-15.679,-32.785,7.511,-24.203,29.313,7.639,-24.474,10.741,-8.077,-4.8
41.478,-53.092,21.958,-19.675,5.783,5.574,17.063,6.472,-22.648,17.271,-28.457,7.944
41.154,11.487,-8.472,-8.592,25.821,-52.001,23.385,-13.493,-19.546,10.007,-12.557,11.306
41.643,-44.773,32.097,-66.578,22.779,-28.247,-4.271,1.197,-8.77,-5.297,0.615,-5.411
48.935,5.931,77.388,4.129,4.583,2.697,21.111,-20.995,-22.428,7.751,-17.135,23.091
47.44,10.264,32.281,37.424,-4.883,-24.564,14.179,43.373,-5.276,-18.812,-56.58,-3.5
45.043,-9.622,39.886,19.119,27.496,32.086,8.728,8.242,-15.15,21.839,-13.631,20.825
43.867,-64.047,37.135,-89.636,3.012,-11.668,14.037,-19.218,-11.771,0.554,-9.488,-10.278
45.368,-50.72,42.244,35.918,21.426,-28.798,-2.125,22.92,-8.48,-11.828,-16.641,1.248
43.391,-64.879,42.415,-78.542,12.052,-29.123,9.636,3.368,1.546,8.257,11.188,-9.956
47.149,-1.017,62.431,29.754,21.631,-28.16,-6.423,-5.495,0.854,-3.751,-8.977,-1.572
47.57,4.341,93.965,-18.374,39.106,-11.579,23.547,-8.385,-31.283,-18.717,-3.8,13.491
50.154,57.472,127.754,17.043,16.406,-26.492,-2.991,28.713,-8.026,-11.441,-1.261,-17.038
50.582,-30.795,43.049,57.81,27.238,-16.38,-11.789,10.631,-15.636,0.488,-39.563,-6.547
47.083,-26.126,89.863,40.427,27.106,-14.803,12.842,1.312,-43.619,-2.673,-19.139,25.997
41.957,-55.326,31.79,10.017,58.084,-34.27,-19.053,11.033,-36.324,-15.735,-12.722,4.716
42.59,-83.155,55.645,-5.904,38.067,-51.317,-14.201,7.135,9.894,0.782,3.292,-11.04
42.91,-82.251,38.566,9.291,20.732,-33.146,6.138,10.457,-17.244,-2.656,-0.87,-4.232
41.399,-53.784,68.996,5.357,28.469,-21.035,-7.351,11.077,-16.044,-4.353,-22.115,-8.103
43.07,1.697,57.2,16.353,20.505,-3.255,-7.073,2.603,-21.21,-12.322,-11.147,-24.192
41.698,-48.678,26.918,-28.793,53.799,-4.827,-0.916,-7.263,-34.622,6.453,-4.033,1.151
43.643,-78.257,14.351,13.109,8.378,-34.565,-4.749,-12.056,-8.99,4.102,0.323,13.905
40.496,-29.075,49.444,-39.314,50.433,-35.871,-22.441,19.394,-10.657,-9.209,12.328,-0.481
41.016,-53.054,25.577,67.23,74.178,-66.176,-18.243,31.177,21.052,-4.605,-26.45,-7.381
33.874,17.118,-39.587,-22.565,46.902,-33.669,-33.856,15.591,17.699,-9.925,-5.562,-11.039
34.536,-41.012,-12.085,-19.999,50.948,-45.618,25.495,3.101,0.836,16.462,-5.234,-5.491
38.043,-68.45,13.696,-31.298,15.188,-37.334,-3.934,15.058,-9.328,7.127,0.9,3.456
38.37,-3.555,-13.457,-2.002,72.164,-57.965,-15.842,-6.458,-0.41,5.888,-5.677,5.444
43.469,-34.695,44.928,7.765,67.224,4.923,-15.604,13.374,-30.344,9.582,10.503,1.408
46.184,-21.233,98.427,-52.294,56.014,4.223,11.815,-11.649,-3.183,0.508,-11.447,6.237
46.401,-42.874,85.363,19.688,30.207,-25.517,-48.046,-4.554,-19.096,-9.1,-13.94,-30.854
44.368,-28.503,49.222,25.845,46.251,8.74,-32.133,-8.886,-38.579,-8.479,-25.02,14.294
44.668,-29.492,78.184,-64.469,55.859,52.077,-17.437,10.244,-19.383,-32.09,23.11,6.584
47.909,6.505,61.663,58.513,29.961,7.081,-11.131,-8.13,-1.531,-0.33,-58.664,14.316
46.954,6.047,84.115,5.024,6.409,-4.323,0.709,-3.53,-38.604,-9.581,34.225,2.937
49.289,33.097,120.575,5.82,28.426,-17.192,-2.374,6.165,-12.651,3.429,6.999,0.094
49.53,-6.291,98.289,79.153,63.877,-39.992,-37.941,18.184,5.554,-5.395,-8.621,3.544
40.856,-34.979,36.708,-9.67,68.027,-31.477,-24.502,-5.383,-23.492,1.601,-19.007,10.388
45.483,-44.852,7.037,58.604,10.343,-9.044,6.03,-15.751,2.645,4.9,-20.983,12.128
46.417,-5.021,80.085,12.055,22.012,-22.549,8.581,2.057,-0.998,-8.949,12.016,14.908
46.611,-58.507,92.043,15.301,65.01,-39.68,-35.15,-4.088,-3.538,-4.982,2.32,-4.351
44.64,-65.665,26.383,8.216,17.797,-34.442,-12.377,5.678,-5.472,-20.042,-8.52,-5.582
41.277,-31.008,39.466,38.926,33.193,-30.66,-18.218,26.077,-11.543,-12.183,-4.48,11.886
41.303,-83.311,21.736,-50.768,25.367,14.903,7.064,-9.662,-17.418,18.879,-16.214,-4.381
41.36,-107.242,19.587,-5.009,16.877,-41.832,-20.295,-8.284,-14.282,-0.605,-4.51,8.276
42.372,-59.322,40.057,-1.814,14.713,-21.307,-9.993,-10.905,-5.162,-11.076,16.851,10.365
46.393,11.416,110.859,14.592,21.588,-7.898,16.422,16.041,-2.964,-8.415,-0.24,8.635
43.645,-37.803,51.94,24.58,-10.776,-41.466,50.676,17.63,-7.216,9.406,-17.108,-7.011
39.86,-27.954,68.471,13.737,21.249,-19.133,-0.443,-21.135,-16.398,-12.5,-21.892,-6.691
39.557,-70.298,20.879,-17.014,41.729,-8.487,-15.483,4.434,-36.109,4.118,21.613,19.523
39.305,-39.358,29.034,-25.357,67.158,-33.928,-24.267,12.312,-3.777,-4.972,2.738,6.566
38.957,-82.542,-2.644,1.882,44.28,-39.47,-16.506,0.152,2.892,11.581,-7.181,-4.376
38.64,-76.422,26.087,-22.24,48.271,-40.011,-22.059,21.182,-12.17,-0.736,-3.113,3.165
38.838,-82.382,-36.126,33.456,59.171,-25.634,-24.262,23.159,-23.633,11.605,-25.905,-17.077
38.775,-65.49,-0.422,5.238,41.643,-24.365,-30.374,49.933,-9.777,-1.224,-5.455,-17.844
39.714,-68.179,-9.279,30.427,27.985,-31.18,-31.692,37.587,-5.268,7.132,-15.27,-11.833
48.272,54.095,78.975,-26.198,15.58,99.15,38.553,5.031,-21.338,-5.333,31.757,-2.831
51.73,39.643,115.407,16.881,44.33,-21.958,-1.308,18.67,-22.548,-18.048,4.392,3.592
50.666,43.23,87.07,3.519,11.536,-34.218,28.167,12.22,4.963,-3.751,-0.287,0.391
50.054,12.138,49.495,43.818,19.216,-20.958,4.57,-2.242,4.06,-8.892,-26.965,1.383
44.035,-70.208,43.29,7.08,45.332,-21.432,-28.165,-3.57,-2.453,9.356,6.278,-4.136
42.755,-56.005,-2.658,10.545,34.527,-23.8,-12.697,6.536,16.799,-15.913,-5.327,7.443
41.969,-104.521,43.554,6.0,41.998,-41.574,-17.417,8.065,3.397,4.098,10.004,3.569
41.366,-88.05,47.239,-6.921,31.213,-30.679,2.941,-36.411,-7.23,19.316,0.402,5.404
51.246,53.101,102.227,-13.815,-18.318,19.685,2.915,20.082,-22.276,-46.229,20.912,-7.437
49.075,25.335,59.024,101.135,9.668,-0.962,-25.862,-31.817,-21.345,-3.8,-62.713,-3.168
41.549,-18.697,101.492,-73.24,19.091,-9.63,-2.912,40.973,-2.312,-12.557,9.959,-21.21
47.162,88.682,136.781,41.858,8.599,-19.401,-9.848,0.246,-34.939,-17.745,7.013,-10.51
48.304,5.688,64.37,14.675,-22.502,-10.351,2.307,-10.346,-39.656,-3.136,-11.376,-3.002
41.977,-88.307,36.018,-2.732,60.898,-25.886,-27.384,7.322,6.311,4.413,-9.572,-3.129
43.443,-27.379,93.252,-4.236,65.124,41.77,12.078,4.702,-6.755,-14.249,5.616,16.135
44.179,-103.023,29.946,-6.015,14.188,-27.117,16.648,1.474,-6.286,4.453,0.343,10.395
40.931,-83.08,36.026,-24.246,24.401,-36.298,-23.665,26.744,-21.944,-5.826,-2.658,2.416
40.01,-42.97,5.661,-41.916,44.375,-13.193,-19.936,-1.187,-38.997,-1.066,13.808,13.618
43.296,-94.008,10.051,5.206,43.239,-38.094,-26.706,18.219,-13.774,-5.733,2.968,-10.263
40.929,-50.714,14.643,-33.597,38.892,14.583,-5.565,20.22,-19.555,27.451,-11.24,-18.7
43.661,-58.342,7.163,43.15,19.277,-15.202,-42.36,21.227,-3.808,-2.873,2.502,-17.759
37.495,-29.984,-45.352,-1.646,42.746,-45.51,-0.271,-24.395,-4.384,11.686,-8.334,0.489
34.145,-45.229,-20.544,-35.823,49.026,-43.476,-9.289,30.001,4.894,12.677,-3.671,-0.395
41.334,-81.209,-16.783,70.69,13.66,-29.968,-19.08,26.938,11.282,2.01,-19.058,-26.304
43.505,-0.286,94.473,-8.222,48.832,3.596,41.408,12.13,-25.674,3.99,31.59,21.678
42.783,-37.338,-8.1,66.701,0.353,-23.976,40.265,19.917,-19.425,-3.706,-54.56,32.427
43.046,-47.665,76.442,-1.406,5.185,-6.271,58.939,18.141,-16.92,-11.197,20.396,21.471
45.02,-63.122,72.768,8.733,19.173,-27.894,19.763,16.399,-8.983,-0.36,-2.15,9.603
47.706,-19.967,69.184,12.835,18.184,-13.195,-11.714,-12.896,-13.358,-8.442,-16.594,-2.666
44.644,-72.441,27.174,-17.274,1.245,-15.94,-2.286,5.99,-12.799,-17.22,-0.004,-1.534
43.108,-78.971,0.613,0.371,12.943,-50.252,0.279,-21.635,-13.176,7.684,-3.384,-9.688
39.679,-68.935,12.701,-25.45,48.048,-26.963,-7.379,20.869,-9.986,-4.501,-3.655,-7.707
39.913,-101.799,-21.032,-10.628,0.864,-36.65,25.07,3.444,-18.036,0.229,-9.727,7.279
37.731,-54.481,-3.355,-18.369,29.661,-47.783,15.707,25.171,-7.55,-2.258,-4.089,13.014
37.128,-44.277,-63.999,-18.6,6.895,-38.636,30.731,-10.817,-10.008,-16.148,2.593,22.51
36.508,-61.674,-8.221,-5.386,14.233,-32.65,23.296,52.626,-27.468,0.681,-21.746,21.86
32.986,24.546,-20.909,-60.083,57.571,-26.15,-40.953,-8.269,0.156,15.615,-11.027,-6.357
35.269,6.49,-6.042,-36.492,38.557,-27.51,-12.023,-16.281,-8.907,16.725,0.487,-2.943
40.289,-96.402,-13.934,10.073,26.275,-10.523,-8.516,10.617,-2.389,11.501,-4.988,-4.491
42.352,-47.462,21.855,26.74,24.717,43.533,13.85,-10.575,-16.365,-3.97,-6.71,1.274
36.989,-39.341,-7.73,-3.628,72.384,-39.025,-25.406,36.646,-7.551,0.865,-17.212,-0.002
40.219,-92.885,-11.851,24.92,32.329,31.798,-6.785,21.685,-8.04,31.189,14.784,-5.757
35.292,-30.738,-10.21,-29.357,60.408,-42.005,-19.379,-11.092,-6.568,-8.034,-0.477,-1.626
46.444,-13.605,71.658,-61.348,50.653,68.235,8.734,21.583,-23.184,-2.984,21.19,14.05
47.001,-80.059,52.613,4.481,78.541,-28.332,-16.72,-3.29,6.887,4.269,-18.679,-12.838
44.531,-65.683,58.941,18.292,67.813,-15.38,-30.228,11.423,-7.164,6.315,-11.834,-24.184
42.397,21.833,56.654,-27.287,11.535,-7.228,8.603,4.792,-8.071,-3.5,9.893,11.911
45.135,-60.418,28.245,-4.085,9.611,-18.002,-6.682,21.233,-13.971,9.331,4.07,5.529
42.523,-66.693,10.227,39.262,24.246,-19.604,-6.646,1.974,-21.592,4.67,-35.678,17.709
35.905,-33.797,-15.202,-31.982,30.858,-37.469,-25.504,23.096,9.008,-5.051,-4.727,-3.185
39.258,-29.677,12.259,-17.494,39.723,-19.896,5.399,10.893,-32.727,-0.012,-4.224,18.192
37.795,-48.897,14.339,10.195,27.632,-19.146,-23.132,-6.468,-30.9,2.695,-30.185,0.262
34.352,-26.461,-66.736,-52.067,27.264,-52.454,-15.652,22.294,8.907,5.388,-9.32,-10.026
33.045,1.794,-101.084,-17.328,15.739,-23.321,-2.52,-22.909,7.834,12.781,-11.326,0.212
30.977,-7.843,-68.069,-70.376,24.391,-41.041,-18.47,6.979,17.19,4.381,-4.001,-4.876
33.316,8.663,-107.125,-74.41,20.713,-44.751,-23.14,3.446,12.796,15.804,-2.998,-6.037
39.963,-28.906,-3.872,-42.845,46.858,27.999,-8.606,-2.256,-16.462,35.596,-1.146,-17.429
42.142,-52.591,26.602,9.078,-3.302,-38.791,-4.547,14.876,-11.866,-4.195,-5.924,1.45
41.856,-32.91,37.61,150.492,49.286,-59.542,7.412,48.091,34.227,13.058,-39.442,-22.655
32.457,-20.124,11.498,-26.443,75.657,-35.967,-40.508,5.872,-12.315,6.71,3.444,-2.154
38.121,-8.876,8.157,26.365,25.255,2.078,18.317,-8.678,-22.256,30.952,9.353,-3.559
41.465,-6.51,105.029,124.527,77.062,-56.483,18.762,46.901,31.211,13.519,-26.585,-36.337
34.597,29.373,-87.059,-47.24,20.049,-38.757,-3.044,20.041,13.968,18.168,-3.484,-1.025
39.852,-22.244,-9.598,-39.155,60.001,67.614,27.853,-25.86,15.801,54.987,-75.356,-8.238
34.191,-23.104,7.325,-46.969,73.742,-40.837,-24.414,24.305,18.088,-1.133,-0.755,-4.734
33.034,-16.103,-120.678,4.133,17.978,-65.843,-2.13,-28.321,18.29,27.632,-0.063,-9.006
33.623,-54.826,-49.997,-43.383,43.298,-28.819,-11.907,11.164,13.531,17.567,8.143,-10.749
37.825,-47.073,9.531,20.06,84.941,-18.733,-16.892,14.019,-17.85,17.389,-5.778,-3.581
34.395,-39.446,-62.449,-45.276,30.471,-34.507,6.932,-4.271,21.474,4.607,-36.438,-3.337
29.864,24.289,-57.955,-49.116,22.651,-40.78,11.938,16.316,12.491,-9.573,-0.41,7.356
29.29,5.664,-91.375,-11.46,5.866,-33.889,-16.149,-3.011,-9.124,30.873,2.867,-1.878
33.16,-31.718,-11.023,-39.449,62.97,15.315,-5.457,11.433,-22.652,47.742,1.577,2.057
34.138,-55.047,-27.216,-18.759,35.988,-15.61,-17.235,-13.25,-21.968,50.012,-7.492,-12.273
35.274,-30.759,5.846,11.702,45.956,-22.326,-19.672,28.279,-12.858,-4.195,-6.147,-6.472
38.035,-110.52,-17.041,41.431,59.094,-21.949,-32.542,36.393,-16.297,11.316,-12.203,-17.346
37.902,-68.773,24.43,10.959,71.953,-22.406,-28.642,19.325,-12.259,-17.512,-2.795,-8.748
38.432,-78.622,-7.829,16.929,26.318,-12.252,-19.423,5.72,-8.496,11.524,-32.804,-6.248
35.561,-69.235,-27.158,-43.717,33.617,-35.676,-4.88,15.701,2.884,31.027,2.966,-38.865
39.325,-85.019,26.553,35.8,48.118,-3.577,-29.299,-2.015,-10.352,-1.826,-27.409,2.144
37.471,-151.749,11.754,-14.918,75.461,-37.584,-26.436,23.314,-13.459,14.154,5.914,-20.372
37.923,-53.355,49.11,6.291,41.997,-44.353,-35.784,9.514,-6.013,-7.204,-4.58,-26.193
38.391,-68.934,56.724,14.606,63.377,-33.584,-44.335,-9.702,-12.969,1.5,-6.245,-4.223
36.48,-85.15,-22.364,15.031,38.382,-27.734,-9.27,-22.989,-3.52,3.051,1.493,-23.98
33.504,-86.252,12.878,-7.573,76.405,-51.164,-17.936,17.758,-0.54,-1.647,4.449,-1.253
36.614,-20.797,36.138,32.748,41.017,-25.923,-39.118,16.766,-6.801,-6.151,6.175,-7.927
34.468,-25.223,43.171,5.887,65.235,-39.317,-30.347,-6.694,-1.966,-8.085,0.953,-17.256
37.365,-82.403,-22.563,10.119,31.468,-38.811,-15.35,-10.369,-3.479,17.614,-2.822,-6.689
38.248,-66.803,6.71,4.017,-16.626,-3.407,20.552,15.758,-13.006,2.419,1.677,1.164
34.908,-89.555,-42.026,2.465,32.746,-58.406,4.264,53.255,21.26,-3.593,-9.585,-11.213
38.372,-51.799,25.204,-4.627,42.755,-25.064,-3.045,-14.713,34.322,20.339,-6.843,-36.064
40.111,-43.483,-5.509,37.515,61.246,31.205,8.108,17.418,45.638,18.007,-59.849,-30.941
35.13,-44.118,59.877,13.656,29.54,-40.502,7.2,25.686,-14.672,-9.59,-18.056,-18.915
33.933,-20.483,51.512,8.697,53.06,-33.316,-22.043,15.546,-33.64,-18.544,-6.383,12.514
36.625,-87.546,19.099,-25.926,42.76,-36.466,-34.407,0.044,0.713,6.932,-6.997,-9.476
39.142,-97.407,7.623,23.934,15.269,-31.144,-26.209,-3.079,4.194,9.733,-14.13,-8.025
38.077,-30.503,14.884,67.726,30.499,-19.09,-22.388,26.442,-16.559,-15.86,-2.164,7.669
30.798,-40.607,-87.561,2.239,3.737,-23.914,-10.395,14.089,-21.92,24.075,-14.917,14.881
39.526,-72.786,2.92,7.197,20.661,5.2,-1.031,-6.357,-11.863,23.712,-0.98,-15.761
37.706,-114.572,-17.648,7.138,26.352,-8.617,-3.744,-4.167,-23.833,22.718,8.046,-17.57
38.588,-114.568,-24.094,9.166,49.875,-21.837,-12.545,37.818,-9.146,-10.503,-7.998,-30.614
36.209,-89.124,-38.625,43.072,26.982,-25.626,-11.049,23.983,-0.948,10.503,-23.603,-30.629
29.147,11.403,-84.919,-54.343,5.094,-49.194,-1.28,10.04,16.231,2.532,1.34,-5.196
32.161,-49.754,-26.522,-18.974,65.451,-32.418,1.78,-1.956,12.946,2.773,-25.805,-29.897
38.93,-114.263,-8.984,31.644,25.158,-12.66,-14.362,-18.591,2.436,0.162,-6.155,-17.89
38.442,-25.646,40.872,45.272,-9.472,-37.693,20.213,35.502,-6.554,-13.23,-23.148,-4.597
32.063,-23.978,-45.453,-36.916,5.362,-33.44,24.892,12.013,-19.055,15.822,-1.838,10.84
33.392,-82.015,-29.168,-8.955,46.152,-58.062,5.442,-11.258,-3.28,18.158,-16.322,-34.878
35.25,-70.46,-27.683,-27.673,34.986,-30.761,12.964,-28.395,-9.706,41.06,-26.291,-0.857
37.799,-71.09,33.731,-7.108,15.542,-45.478,-7.475,5.554,10.524,7.466,0.802,-35.188
36.854,-37.046,14.21,35.43,24.318,-25.977,-22.57,36.418,14.677,-11.214,-17.247,-21.079
38.894,-28.251,-16.679,83.821,50.408,72.54,0.42,7.294,20.646,45.581,-13.495,-26.537
32.541,-2.082,44.593,-137.879,35.37,5.595,25.374,-45.093,4.146,11.678,-17.175,-13.547
35.673,-89.871,-24.106,-2.367,14.634,-32.996,24.903,-2.73,11.155,2.813,-28.941,-14.485
33.401,-66.877,-10.101,-19.048,42.098,-38.086,2.296,21.853,-13.881,10.209,-3.514,-13.556
36.903,-111.891,-42.928,34.113,17.521,-15.572,4.454,-12.352,-9.03,20.699,-18.195,-33.428
33.474,-100.124,-19.576,-17.528,12.391,-42.427,-19.53,44.761,12.366,5.469,-27.572,-27.658
35.992,-82.999,23.878,-16.41,56.701,-7.849,-11.654,-1.64,-31.395,16.184,15.813,9.474
34.793,-102.177,-65.893,1.24,10.635,-68.81,15.938,-24.189,-4.165,18.408,-6.327,-15.543
32.003,-69.82,-42.812,-31.454,19.204,-59.903,8.839,44.227,-8.686,-9.484,-6.187,-14.667
36.586,-78.045,-15.145,-135.769,20.787,26.857,25.259,-39.844,0.901,5.143,-18.23,-6.766
39.891,-151.18,18.578,-3.221,22.552,-41.9,-21.433,20.222,-10.02,2.112,-4.291,-27.364
38.176,-103.978,18.579,12.737,34.832,-42.776,-23.711,49.456,3.838,-6.035,-15.767,-42.574
34.747,-76.459,24.891,-12.518,55.511,-31.609,-32.441,-8.806,-8.86,2.551,-7.314,-24.343
38.19,-77.967,-35.364,31.736,18.433,-23.31,-4.365,0.076,-6.135,7.768,-12.694,11.349
32.987,-74.812,-28.01,-30.865,45.377,-41.468,-8.805,18.914,-17.573,-3.882,2.679,4.253
31.542,-57.169,-34.492,-38.969,64.519,-41.154,-13.484,-6.027,10.883,3.444,-14.333,-16.582
34.65,-54.601,-42.803,32.143,20.334,16.053,4.562,44.07,-6.227,3.404,13.893,-4.418
36.703,-85.912,-15.814,66.302,47.65,-20.069,-43.795,39.539,1.416,-2.247,-5.558,-25.181
37.825,-122.238,16.501,35.717,38.591,-30.319,4.235,9.825,21.481,0.575,6.841,-9.59
38.547,-75.755,51.013,29.242,28.683,-25.615,-29.865,15.834,2.923,-6.146,-14.821,-43.951
37.177,-85.628,43.201,-5.577,32.993,-32.662,-38.821,4.869,-0.751,8.919,-2.308,-24.445
36.964,-89.897,14.641,-1.178,48.102,-38.888,-17.201,-3.022,-21.689,-7.34,-0.392,17.699
40.018,-68.244,-12.245,55.465,13.705,8.846,-9.107,-5.6,5.109,12.833,-18.206,-25.633
40.762,-59.502,-1.009,81.296,23.882,-26.536,-21.007,-4.791,5.443,-5.231,-33.424,-20.496
42.522,-32.95,6.491,108.093,16.131,-38.877,-19.18,10.957,18.946,-2.698,-30.1,-39.968
33.435,-29.339,17.88,15.65,34.497,-18.303,13.817,9.885,-8.795,24.851,-17.375,-34.166
31.73,-46.52,-19.288,-19.69,55.471,-5.217,-6.148,-20.068,-10.04,49.031,-23.459,-13.306
43.423,-22.446,69.766,81.005,90.844,62.86,33.573,-3.835,27.352,33.888,29.508,-41.52
44.737,-55.829,51.709,113.965,51.044,26.346,40.804,5.191,39.863,10.131,-0.852,-37.851
35.843,-92.727,59.03,5.144,73.248,-58.407,22.892,12.683,35.995,12.399,-16.676,-27.018
37.423,-16.259,70.62,53.249,28.93,-51.376,-6.973,5.413,2.015,11.859,-18.302,-40.249
35.407,-37.466,47.9,54.673,18.261,-28.866,-13.016,5.683,-13.222,-1.844,-30.354,-5.424
34.769,-84.282,10.409,5.904,40.239,-44.215,-35.902,15.713,0.852,3.998,-4.897,-2.711
33.239,-81.06,-27.949,-40.19,19.922,-26.145,11.162,-32.602,14.134,-3.718,-6.452,-21.427
35.858,-116.377,27.903,4.205,30.98,-27.753,-10.078,21.046,-0.319,1.252,-10.148,-41.964
34.872,-139.275,4.171,-5.629,60.651,-47.542,-28.724,41.977,-6.262,-11.296,1.983,-25.162
36.632,-109.771,-2.531,40.221,30.579,-44.615,-44.675,19.375,-16.173,-1.484,-18.247,-20.75
39.66,-94.105,33.996,54.155,56.934,-5.764,-15.52,5.447,-8.851,17.618,-0.157,-6.291
34.988,-67.365,-40.605,50.239,39.0,-35.745,-34.27,41.099,-3.09,20.289,-5.59,-11.799
28.869,-24.354,-60.948,-10.441,41.842,-29.025,1.78,-19.055,8.334,22.256,14.483,-10.787
35.314,-69.209,11.52,18.982,48.701,-14.175,-27.736,10.896,-23.629,22.811,3.042,6.464
33.828,-81.449,-33.193,-5.018,36.897,-21.329,-15.808,-14.173,-16.686,50.181,7.288,-8.665
37.006,-86.883,25.396,6.657,36.432,-25.755,-21.414,18.398,-11.587,8.983,-10.328,-9.76
38.246,-134.558,-9.764,33.458,32.608,-39.892,-26.003,33.723,-16.944,27.49,-13.547,-25.606
36.611,-81.167,5.816,32.732,47.717,-24.133,-28.469,30.458,-15.657,-0.692,-8.099,-24.496
37.634,-66.124,-7.878,7.131,38.722,8.407,-18.234,-6.743,-9.212,38.466,9.483,-32.161
35.139,-72.444,23.332,-29.071,55.178,-34.908,-26.837,6.016,-17.837,7.753,4.473,-17.374
39.345,-46.038,34.969,78.069,24.362,-25.021,-28.188,-12.953,-23.902,-11.177,-28.004,20.728
37.138,-118.13,-5.862,4.773,45.68,-24.411,-21.728,57.495,-3.853,-3.182,-4.291,-29.804
40.94,-11.298,48.563,18.878,-5.883,-22.218,22.366,23.196,-13.055,-1.215,-3.679,-2.896
44.4,-35.815,7.711,45.154,38.314,53.315,20.062,5.82,37.221,15.517,-27.181,-26.513
39.624,-13.356,33.233,49.818,-1.862,-18.001,9.208,18.883,-9.541,-7.42,-21.876,3.092
38.01,-29.705,35.028,27.63,29.783,-7.814,-35.458,17.164,-5.762,0.083,-11.14,-6.191
34.068,-119.431,4.454,31.828,26.963,-51.74,-9.646,61.467,4.489,-0.236,-20.343,-1.32
33.387,-52.086,-22.355,-124.901,26.3,7.032,2.975,-42.154,-7.12,33.449,-27.51,-7.25
37.399,-74.953,27.288,45.145,22.861,-37.998,-10.219,3.176,-15.678,-2.788,-27.326,7.876
37.123,-6.861,65.109,55.312,23.101,-10.594,-1.407,24.721,-8.316,-11.42,-3.823,0.448
40.746,-120.669,28.153,14.046,42.996,-29.531,-34.895,10.787,-14.954,3.11,-1.827,-16.941
35.142,-69.822,-19.918,33.744,3.614,-64.552,-19.245,14.716,-19.162,4.064,-5.175,-24.424
35.592,-47.074,32.333,-49.962,47.88,36.137,3.182,-4.494,-20.808,28.87,-30.916,-12.841
38.301,-86.928,-36.917,43.073,30.742,9.484,-22.588,11.267,-15.922,30.388,12.09,-21.274
38.764,-126.743,-14.696,39.564,48.033,-12.232,-20.287,17.936,-14.588,22.147,17.063,-28.806
31.746,-56.773,-59.681,-41.325,21.255,-41.01,-3.439,8.593,-1.328,-5.729,-7.918,-7.808
34.579,-96.777,-44.435,-30.833,37.113,-30.013,15.674,-32.13,-28.118,38.379,-5.897,-5.123
36.588,-177.61,6.896,-7.484,26.136,-44.363,-19.666,26.987,-6.3,0.566,-1.409,-25.281
42.144,-116.406,69.746,-15.092,43.447,-21.892,-22.966,-34.442,-4.983,-3.302,18.754,-10.878
40.709,-38.01,29.532,103.845,23.961,-31.755,-35.78,12.632,-11.475,-29.841,-30.263,10.679
37.486,-42.317,63.715,29.289,53.56,-12.958,-22.157,2.372,1.173,-9.343,16.261,-4.914
44.866,-74.54,48.486,17.883,36.048,-21.02,-50.229,-8.671,1.84,-7.859,4.523,-9.824
41.629,-73.772,0.549,8.336,31.873,-44.278,-9.714,-24.83,-22.762,3.333,-7.868,22.395
41.774,-74.571,15.473,28.444,-1.663,-37.564,-0.752,-7.181,18.266,1.298,-17.63,-36.625
43.344,-5.171,32.819,122.028,57.476,-20.669,-17.384,6.183,43.133,12.501,-35.115,-32.531
32.187,-42.646,-49.956,-31.515,2.702,-40.466,12.341,-36.91,-10.193,33.939,-5.711,0.122
35.58,-59.945,3.406,-5.646,-31.109,-48.549,10.942,1.56,-17.534,0.91,-16.529,-17.69
33.368,-76.695,-22.52,7.52,60.756,-61.637,6.094,29.849,9.088,-2.188,1.246,-0.748
36.989,-90.836,29.947,-5.669,54.759,-42.196,-16.376,10.475,-7.156,-3.608,4.065,-22.21
35.082,-99.36,-48.195,2.698,26.979,-52.944,23.005,-21.267,5.896,1.669,3.251,-10.685
38.528,-50.938,-38.1,59.382,8.082,-45.545,-12.087,31.308,-12.961,2.696,-18.256,11.447
30.687,-44.374,-84.346,-23.809,-15.808,-13.221,35.046,-20.777,-34.104,-12.261,6.151,13.326
35.711,-111.003,-6.509,-21.228,31.283,1.959,8.032,20.269,-16.794,32.397,-1.0,-33.983
35.779,-81.761,1.689,-35.103,43.665,-13.411,-12.041,6.857,-2.575,15.394,-4.982,-31.952
37.898,-116.733,27.96,-13.874,13.179,-42.274,-4.16,-3.647,-19.888,1.596,10.576,16.338
37.337,-110.246,-34.852,14.069,10.592,-34.793,16.776,-9.226,-3.24,-14.707,-6.218,-10.86
34.056,-107.362,-26.017,-29.067,24.65,-50.039,21.737,13.904,-2.264,-0.611,-9.808,-10.199
42.86,-93.995,16.558,22.439,35.392,27.171,-26.158,-0.231,-3.921,11.702,12.866,-11.457
39.049,-162.559,3.777,14.292,9.223,-39.629,-17.559,29.356,-1.431,-1.84,-16.27,-29.608
34.447,-90.233,-5.743,3.289,35.049,-41.348,-7.112,51.692,4.761,-3.705,-9.612,-42.659
37.528,-56.501,-15.867,68.855,17.956,-50.248,-27.729,20.566,-23.456,4.423,-10.507,18.793
30.921,-21.486,-78.566,5.044,5.531,-84.107,0.193,31.337,-4.553,24.002,-4.463,-2.345
37.279,-82.189,5.664,-20.868,40.726,104.117,-11.446,5.967,-21.88,55.519,6.443,-24.98
40.022,-88.203,33.037,48.49,56.347,-29.904,-31.763,35.936,11.427,-19.028,-0.744,4.122
36.559,-99.683,-8.011,54.217,33.262,-50.187,-9.213,7.717,-4.295,10.363,-15.87,-34.047
33.658,-42.643,33.663,-74.23,59.504,-8.982,4.353,-23.149,-0.934,11.333,-18.713,-17.736
40.423,-38.515,-20.316,72.881,19.306,2.738,-14.794,13.042,1.996,24.851,4.863,-32.934
31.701,-41.62,-57.956,8.805,-8.115,-61.746,-7.534,9.876,0.051,12.374,1.665,-27.097
30.649,-38.646,-85.18,-65.897,22.441,-53.557,11.163,8.717,24.153,10.148,-5.293,-16.238
34.205,-23.892,-39.638,49.187,-12.63,-12.116,9.797,54.846,-10.205,29.883,-27.647,-18.869
35.325,-80.562,-27.607,54.579,49.449,-8.259,-32.634,20.181,-8.466,12.103,-29.727,-12.785
35.721,-77.51,-2.877,8.213,43.474,25.453,-28.831,32.048,-7.312,26.817,7.439,-18.596
33.899,-36.16,-45.468,-22.917,52.111,-7.48,-17.716,39.012,-5.03,41.97,-11.336,-16.031
40.4,-114.876,9.77,19.579,15.429,-27.283,-20.862,-13.006,-18.716,16.608,-0.992,-23.272
35.836,-53.714,-41.256,11.105,46.531,-50.013,-13.274,18.046,4.405,-12.829,2.037,-25.955
38.698,-34.999,37.244,-150.837,28.744,-13.538,23.972,-51.308,-22.089,45.95,13.592,-1.863
44.881,-42.691,41.692,-1.533,50.135,-19.451,-31.201,-12.019,9.07,-14.216,-4.37,-4.58
40.904,-77.117,20.965,-1.945,23.969,-50.188,-19.27,19.163,-18.183,-13.768,-2.623,-8.773
41.24,-72.187,61.355,-11.962,64.828,-5.893,-17.882,-12.322,-10.359,15.594,9.152,-33.266
43.335,-104.613,30.575,2.601,39.189,-23.881,-5.23,3.193,8.333,9.879,4.217,-19.079
41.221,-40.985,56.491,19.758,35.293,-28.487,0.676,12.071,-2.593,-20.689,-4.528,13.523
37.612,-31.048,49.301,0.759,23.424,-33.845,39.939,25.917,-25.401,-8.28,-12.261,10.914
40.887,-81.923,36.15,-56.367,44.295,65.069,-6.568,11.441,-6.261,29.482,2.467,-14.821
37.951,-35.301,22.011,-36.387,42.588,-21.141,-11.252,-4.399,-17.968,-33.68,13.073,8.884
40.449,-26.034,53.105,-42.558,12.246,-30.328,-1.402,0.441,-6.222,2.67,4.15,4.37
42.808,-83.703,67.906,-6.213,69.2,-14.869,-21.279,-8.753,4.947,14.244,7.159,-35.535
41.246,-121.837,15.841,18.587,25.248,-50.812,-28.517,20.058,-6.216,-6.823,-8.655,-14.464
37.672,-56.393,-32.304,-26.735,16.366,-36.633,-28.447,34.955,-15.955,-3.502,-2.279,1.433
37.31,-31.445,8.922,-74.374,14.976,6.779,3.128,-22.965,-32.939,34.268,-25.64,-1.455
38.644,-49.138,-17.325,-26.449,8.071,-31.509,-10.724,1.58,-33.26,3.168,-10.401,9.145
36.935,-11.137,-22.548,-2.353,7.177,-42.121,3.722,-1.694,-28.922,-11.714,-10.574,15.49
33.346,-15.983,-45.17,-7.353,-8.104,-42.626,-7.283,26.037,-11.572,1.717,-11.262,7.079
31.851,-28.576,-49.723,-109.565,39.734,-19.324,-8.373,-45.047,-6.971,16.889,-14.872,-3.171
33.335,34.299,-68.305,-15.925,53.255,-31.463,-47.038,7.62,14.402,-15.373,-6.467,-6.276
41.68,-107.726,19.144,-0.815,21.407,-25.219,-22.966,5.589,-12.433,21.671,2.999,-13.163
42.948,-40.102,34.661,-67.207,21.054,-32.465,-19.715,26.037,-3.811,-4.125,24.151,-2.854
47.016,15.506,45.552,-26.694,7.546,-22.704,-17.165,0.487,-12.277,-4.488,10.585,21.788
48.284,-47.041,45.426,6.504,19.515,-28.254,5.081,4.514,-6.469,15.156,-7.716,9.952
45.902,-16.195,37.552,8.014,6.506,-34.672,2.889,18.062,2.035,-5.826,-4.269,8.757
45.908,-75.016,25.965,9.143,0.526,-34.039,-1.167,5.18,3.689,-2.285,-8.573,-18.531
42.637,-40.935,30.785,9.861,1.959,-24.972,-2.04,34.825,-8.721,-21.778,3.719,12.864
39.147,-56.681,-19.154,12.889,43.421,-28.949,-7.441,8.862,-18.782,-9.067,-12.496,16.574
34.569,-53.608,-34.063,-43.574,-20.653,-34.603,38.164,0.693,0.233,10.641,-2.688,26.204
35.163,-9.345,-46.473,-33.518,13.452,-36.519,29.34,0.728,19.498,-29.669,-14.003,5.872
37.796,-65.286,-14.615,-20.421,39.523,4.006,-10.924,21.277,-22.372,15.824,-11.924,-9.829
34.89,39.406,-105.064,-70.349,0.004,-51.404,-16.418,9.142,4.828,6.533,-8.972,-8.207
41.178,-63.53,-5.484,38.676,13.455,-26.589,-9.15,15.853,-7.103,15.688,-35.492,-10.729
33.523,20.418,-32.69,-6.363,40.175,-41.622,4.072,-7.655,5.484,-5.34,-6.006,-8.824
31.461,47.089,-5.59,-13.464,58.156,-46.739,7.438,26.228,8.094,-3.767,-14.078,-11.912
40.642,-78.296,5.746,-91.407,12.147,64.476,9.42,-15.991,-18.343,41.583,1.273,-18.987
47.329,-65.864,61.017,-15.913,14.237,10.833,3.247,30.585,-10.109,-27.624,-1.136,-7.393
46.372,-96.655,36.637,-10.416,43.562,-42.258,-10.383,-19.422,19.342,12.518,-3.621,-21.142
48.259,-24.071,70.829,20.101,0.368,-23.191,-5.16,15.703,-15.457,-22.022,4.083,1.701
44.462,-28.058,84.284,-9.257,37.625,-19.5,-21.504,0.735,-11.065,-3.04,8.138,-4.534
44.011,-50.669,27.36,42.438,11.367,-29.362,-9.547,17.539,-10.169,4.017,-3.796,7.171
39.063,-53.88,21.869,-14.991,40.253,-39.29,26.613,12.56,-11.522,-30.394,-1.853,12.458
38.607,-49.223,32.254,-18.295,49.61,-41.018,13.122,18.143,-23.865,-12.71,5.515,18.348
43.281,-73.087,13.227,40.403,29.037,-44.066,-39.937,28.59,-2.255,3.08,-14.686,-7.989
36.734,-8.573,-1.874,-11.157,32.024,-46.139,7.337,-0.468,-21.647,14.744,-17.611,11.422
34.873,-49.119,-37.076,-31.981,4.44,-49.925,24.325,-0.705,0.294,-0.582,-4.7,8.677
32.94,-29.458,-6.987,-50.0,8.664,-34.373,-1.801,4.601,-3.033,4.934,-4.286,1.823
34.22,-12.205,-28.451,-26.029,26.408,-26.832,-5.378,3.096,-11.037,-16.935,-20.648,11.87
41.785,-2.339,27.164,-17.014,-1.921,-3.957,4.832,-1.088,-8.33,-0.93,16.09,3.651
46.059,-68.318,39.047,19.705,25.397,-24.47,-14.89,-1.237,3.902,23.089,8.739,-18.493
46.743,-28.271,76.21,7.399,24.012,-21.621,-20.346,6.41,-6.309,-11.282,9.042,-11.339
42.713,-51.038,46.297,5.191,26.209,-18.676,-17.835,-0.057,-24.439,-13.158,-11.948,-0.989
39.168,-46.553,32.03,-9.483,24.215,-37.27,-13.726,2.307,-23.803,-23.446,6.888,-2.537
39.171,-36.76,46.775,-14.653,52.563,-36.015,-18.96,-4.433,-29.055,0.059,-2.264,-1.88
46.561,-64.311,53.575,17.914,49.526,-15.316,-34.331,44.613,8.574,-1.202,2.228,-3.712
44.43,-76.113,54.569,13.331,29.602,-29.357,-20.734,-1.8,3.037,5.795,0.475,-9.068
42.33,-62.993,51.78,-6.137,38.647,-32.096,-17.828,0.56,-9.647,-5.656,0.185,-8.39
42.948,-74.38,6.457,43.8,24.99,-14.868,-17.344,3.019,-8.578,9.942,-14.361,18.77
38.237,-46.921,-0.412,-31.764,25.133,-39.505,-22.776,-10.669,-6.19,2.329,3.008,8.428
43.989,-24.055,33.321,25.63,52.575,41.53,-1.909,12.01,22.742,-1.57,-14.511,-17.516
38.032,-58.082,38.353,45.251,54.651,-35.566,-21.991,16.057,4.465,-1.104,-19.666,-6.919
33.344,-97.193,1.291,-32.459,28.183,-34.094,-2.966,18.202,-2.882,5.839,8.01,-0.628
33.889,-12.873,-14.674,4.562,73.892,-55.72,-10.083,-0.728,-2.478,3.971,1.065,12.391
36.478,-34.468,20.905,-18.121,40.249,-37.057,-18.202,4.08,-30.388,-13.341,-1.95,-0.516
47.027,-26.769,46.82,54.032,86.57,66.83,-8.227,27.119,12.586,-0.607,4.056,-15.065
35.587,-39.441,1.429,59.056,49.84,-45.523,-25.96,43.289,-15.92,-7.48,-19.251,6.128
47.214,-6.002,86.483,11.287,76.093,93.004,-7.446,34.736,-3.989,52.369,73.433,-9.837
43.793,-38.79,44.105,34.386,7.317,-31.853,-5.063,-0.395,-15.999,-3.585,-2.553,17.483
44.277,-57.312,10.819,94.678,53.444,-32.466,-32.027,15.973,17.861,-4.103,-40.77,0.21
42.512,-62.231,28.415,75.913,47.565,-5.35,-1.47,18.73,-9.081,6.992,-16.218,3.394
43.164,-78.054,18.681,45.243,23.529,-23.328,-25.535,0.355,-7.17,-12.804,0.544,-7.534
36.804,-49.612,32.727,-3.494,56.863,-38.061,16.534,-3.673,-30.711,-16.662,-2.443,27.713
37.075,-68.454,26.384,-47.452,40.433,-18.865,11.862,5.377,-13.729,11.086,-14.416,8.073
37.92,-84.742,-5.407,-7.021,36.527,-20.013,-15.977,2.116,-8.304,17.481,-7.014,-3.694
37.592,-68.781,1.559,-8.682,40.809,-41.251,-5.984,20.711,-9.401,5.28,0.224,3.652
38.484,-118.384,-0.382,36.321,57.001,-28.366,-31.451,31.229,-15.981,3.245,-17.488,-19.988
39.128,-84.214,18.132,23.553,47.34,-25.782,-30.998,33.186,-11.71,-2.927,-12.432,-13.785
38.625,-61.559,-10.598,49.842,39.237,9.924,-33.195,24.972,-7.954,22.279,-11.989,-5.434
49.748,-2.126,135.036,12.809,62.362,8.911,-16.54,32.132,-8.058,-11.129,21.292,-5.473
49.152,52.455,103.27,44.605,37.133,-13.323,-26.318,-21.861,-18.244,-17.604,-16.114,7.77
44.803,-50.528,47.698,84.366,31.871,-27.064,12.144,26.213,8.596,19.622,-25.33,-14.799
43.283,-51.218,64.068,32.913,29.71,19.335,-11.069,-18.812,-33.239,6.355,18.066,-8.919
40.222,-116.365,51.866,-17.738,51.634,-36.72,-12.544,-3.006,-5.171,-1.737,1.155,-19.772
41.446,-94.579,71.812,-17.971,66.879,-34.296,-25.185,-2.72,-0.057,-5.891,3.027,-27.089
43.251,-83.262,85.736,-20.619,50.899,-26.197,-14.466,0.308,-10.417,-1.922,-1.325,-30.073
44.342,-54.756,28.64,82.035,20.971,-30.016,-29.198,18.336,-7.266,-18.388,-7.618,-6.917
38.977,-58.543,-5.362,21.301,25.455,14.659,-22.767,7.192,-19.477,33.813,7.154,2.927
37.329,-69.167,-6.209,-16.495,45.721,31.624,-22.158,5.695,-20.573,29.125,-34.557,-4.488
40.041,-109.625,-6.918,42.624,43.894,-31.352,-40.152,46.375,-11.712,10.762,2.466,-16.108
45.823,-3.917,111.491,-124.639,36.559,25.41,12.198,5.233,-25.97,-1.522,12.968,8.598
52.308,68.19,73.776,48.177,-6.161,-18.941,-35.932,9.419,-21.52,-30.173,-7.832,-16.258
47.501,86.947,81.843,-3.346,-29.066,-25.999,-7.835,-21.755,-30.249,14.056,-6.42,-18.264
45.728,-16.792,63.276,-12.112,16.819,-19.528,-7.428,17.02,-7.256,-10.775,-10.651,-20.966
43.584,-13.785,53.98,-1.552,21.744,-34.088,-12.789,-10.586,-14.282,3.127,-3.435,-13.486
42.553,-5.922,69.872,-10.324,27.759,-29.731,-12.416,14.343,1.61,-15.984,4.648,-15.686
46.178,-55.606,54.971,30.79,34.376,-17.981,-27.963,-36.674,-3.833,15.03,-9.002,-15.207
45.154,-74.143,19.06,31.398,13.337,-24.162,-7.381,3.551,-10.057,1.085,-17.75,-4.241
37.967,-107.787,35.072,2.338,36.764,-40.183,-24.087,-0.983,-8.244,-10.772,7.436,3.708
38.56,-121.478,39.659,-0.424,39.588,-33.382,-39.212,7.426,-3.875,-7.455,-5.08,-11.871
39.22,-118.323,39.744,4.391,38.972,-2.973,-33.451,-0.562,-1.001,7.369,-6.469,-11.862
38.943,-95.694,-8.537,26.774,33.83,31.203,5.283,-5.431,-7.534,9.589,16.663,-11.581
44.909,-65.529,44.401,50.627,32.182,9.92,-23.523,-2.769,-9.54,-6.998,-0.715,-7.045
35.994,-118.96,7.064,-33.398,12.829,-39.265,-15.04,0.808,2.037,18.205,-5.258,-20.697
39.484,-97.44,48.47,-17.723,23.857,-33.051,-18.764,5.44,0.516,5.892,9.463,-30.737
40.769,-81.485,62.989,4.062,56.947,-24.116,-22.072,24.259,6.584,-11.106,-8.185,-26.121
39.313,-79.463,68.85,4.044,76.295,-30.755,-28.119,-10.151,0.731,1.911,-1.445,-14.684
45.666,-59.743,21.41,-1.325,10.37,-21.252,-2.12,-11.295,-26.778,13.987,-7.41,18.017
43.762,-95.13,46.523,-13.095,28.828,-40.928,-10.713,2.447,-18.195,-9.25,15.842,-2.862
43.093,-82.0,64.812,11.239,44.231,-24.482,-15.852,-7.976,-13.027,-12.958,-12.064,7.184
43.982,-92.574,2.895,74.322,19.519,-25.686,-21.982,-14.297,-7.235,3.341,-23.078,7.648
45.857,10.64,41.126,60.089,18.709,35.195,-38.357,-22.064,-29.308,-25.979,14.968,4.203
40.188,-25.593,71.062,-14.344,37.478,-28.843,-17.562,-0.071,-43.154,-9.016,-0.75,-1.754
42.513,-92.792,43.359,12.747,50.065,-3.246,-26.361,-11.151,-8.427,-3.275,0.198,-7.189
35.146,-93.003,13.945,59.574,40.547,-6.267,-43.679,6.442,-1.391,-7.365,-39.785,-16.873
32.262,-51.277,33.736,-100.449,32.62,32.784,-6.273,13.706,-8.44,-8.681,-27.106,12.776
37.522,-83.533,29.762,-15.471,38.647,14.625,-2.794,1.006,-29.099,-1.632,-18.99,21.143
39.277,-123.333,22.791,12.119,48.106,-8.554,-30.248,8.413,-12.929,8.755,8.798,-2.759
38.534,-120.422,15.358,20.017,22.301,-27.055,-41.76,-2.048,-18.818,0.444,5.175,-1.393
43.03,-44.197,53.853,58.688,69.168,-26.404,-36.436,-1.163,32.016,17.135,-14.252,-10.373
37.754,-55.533,39.72,52.142,57.946,-11.207,-19.374,-35.083,19.707,5.45,-30.559,-15.04
38.106,-107.109,59.08,44.868,64.12,1.552,-20.207,-10.078,-6.694,10.891,2.565,-3.896
35.836,-107.554,56.497,-16.802,56.501,13.705,-46.172,8.545,5.55,-25.988,-30.536,-11.093
42.747,-91.14,25.196,85.359,30.114,-29.179,-35.682,19.758,-14.781,-3.13,-7.112,6.62
38.635,-56.716,65.276,-12.559,-24.683,16.361,31.842,3.231,-42.288,-27.815,21.94,5.852
41.248,-47.026,98.952,94.807,-6.626,-32.782,61.992,-4.128,-49.349,-21.994,-23.299,55.105
37.429,-100.488,101.846,60.919,47.951,0.754,58.902,-4.401,8.268,-2.59,-3.092,-4.264
36.33,-72.513,77.23,25.595,29.583,-30.66,0.02,-29.493,-8.824,-12.522,3.976,-19.197
37.022,-93.711,86.114,32.535,53.361,-27.287,-25.274,-26.452,-25.746,-6.005,-2.239,11.115
39.057,-123.721,54.808,32.25,50.348,-30.315,-32.742,-23.02,3.721,2.219,-5.869,-12.324
34.348,-92.287,16.059,20.714,25.996,-30.408,-43.737,-21.421,3.23,-7.391,-6.605,-15.644
34.553,-141.503,21.211,-3.86,22.716,-2.842,-10.045,-14.72,-6.606,-1.094,-9.45,-7.179
30.855,-158.231,-3.436,4.795,32.381,-41.304,-4.415,2.568,5.694,0.534,-6.523,-0.504
33.32,-122.293,37.086,-27.791,17.878,-13.127,9.66,-3.156,2.896,-15.463,-23.777,3.522
34.086,-105.936,4.356,89.214,25.154,-14.748,10.797,9.221,-11.988,6.67,16.055,-11.014
44.044,-86.19,52.504,22.671,68.945,-0.416,-26.564,4.853,19.369,-9.098,16.68,4.88
41.064,-52.725,43.302,31.165,33.178,-40.217,-50.23,-5.824,-6.194,-8.878,-14.77,3.406
44.419,-18.077,69.655,42.803,87.919,-31.02,-4.89,-25.268,35.548,4.115,-15.728,-6.947
41.815,-46.945,49.364,28.754,43.98,-3.384,-31.478,4.765,5.003,-10.485,-18.965,-8.06
39.811,-59.931,46.214,-9.036,74.694,-34.846,-30.791,-16.955,14.199,17.97,-4.781,-13.069
42.238,-59.981,31.993,2.127,17.378,-28.411,14.941,4.277,-21.035,-13.67,3.033,17.931
42.325,-79.495,54.077,-31.158,34.896,-31.254,3.487,-8.718,-27.989,-0.921,0.229,-5.343
48.076,-52.292,19.857,74.492,36.645,-30.843,-37.429,-11.39,3.232,16.727,-12.42,-9.182
42.584,-64.034,-3.376,-24.768,47.518,-39.328,5.107,20.144,6.741,5.447,0.241,15.722
44.863,-66.095,67.343,-6.491,32.675,13.056,23.562,7.557,-16.296,9.934,-26.945,12.65
48.929,-33.485,62.728,39.754,12.737,40.682,42.033,11.471,4.674,-14.408,-4.727,-19.841
45.204,-32.894,41.476,46.306,0.971,17.676,8.653,-4.489,-19.795,-32.751,-50.923,18.088
49.199,48.253,48.73,91.632,-41.756,-14.683,-23.596,-39.709,-60.393,-1.017,-29.368,-12.172
35.462,-111.665,-34.784,67.745,17.653,-40.267,-15.44,21.027,-8.63,-14.097,-24.378,-3.527
30.611,-189.919,-6.073,-24.636,59.786,-52.756,-18.619,8.414,-13.864,-7.52,4.137,-23.597
32.356,-189.537,18.799,-22.506,47.3,-38.519,-20.891,-1.203,-7.686,-3.336,11.038,-21.22
36.802,-151.03,65.996,3.457,47.024,-39.44,-25.628,-9.598,-2.517,-13.368,1.75,-28.98
38.003,-123.981,56.413,14.857,45.831,-40.674,-37.776,-3.52,-1.629,-10.947,2.77,-5.536
39.242,-79.591,85.176,7.988,39.829,-37.681,-23.158,-16.719,-18.673,1.371,4.59,-13.971
43.862,-34.364,110.389,60.015,53.845,-10.9,14.61,-35.61,-18.687,-3.146,-20.265,-7.849
38.748,-101.047,85.027,46.346,41.54,-38.678,31.848,-1.892,10.628,-12.315,-6.188,-5.483
38.74,-61.735,109.243,24.814,16.279,-27.596,36.854,3.652,-13.886,-10.343,13.181,-26.5
44.088,56.066,135.405,-3.473,-14.276,-21.252,15.57,37.276,-25.37,-13.651,6.019,-33.263
41.146,66.39,33.139,131.088,-17.998,-53.045,-34.968,-43.094,-19.068,4.555,-48.804,-18.816
27.152,-102.418,12.542,23.06,15.231,-20.606,-17.672,-5.877,0.309,-14.899,-25.856,-22.274
22.486,-151.255,-23.312,-42.672,38.383,-35.374,16.334,-11.967,-20.192,5.309,-12.505,-11.043
23.862,-199.504,-28.965,-8.746,71.015,-45.707,-0.638,20.425,-20.368,-8.31,-9.269,-18.171
14.128,-20.469,-76.124,125.49,44.761,-91.789,-51.148,136.726,16.527,-31.237,-8.372,-16.359
