0.369,168.884,20.741,-35.584,56.324,-53.528,25.084,-2.218,-32.164,-2.191,-0.487,-5.034
4.668,133.674,92.799,9.905,59.886,-46.44,74.31,16.807,-59.005,-5.437,-8.355,0.082
5.688,132.906,105.031,24.447,45.044,-46.622,66.737,20.491,-70.788,-14.089,-6.817,-1.728
7.43,121.881,131.227,19.446,47.388,-33.82,69.908,14.853,-65.197,-6.056,-7.526,-5.825
8.576,104.998,137.421,31.706,59.292,-45.254,59.323,9.754,-56.42,-3.722,-15.048,-12.203
9.896,103.396,157.252,25.618,51.785,-19.634,59.433,15.163,-60.253,-9.652,-12.75,-14.983
12.171,104.967,187.154,50.026,38.614,-32.096,66.214,18.157,-51.52,-11.694,-9.408,-9.524
13.363,104.337,182.432,44.46,34.242,-31.578,37.974,1.454,-49.199,-10.558,1.145,-1.019
14.223,104.241,185.529,52.272,47.286,-26.844,30.493,9.295,-16.945,-5.6,-17.044,-17.683
14.7,97.081,197.163,22.668,44.777,-11.286,29.218,6.596,-38.981,-10.855,-3.283,-9.805
15.235,91.471,195.811,46.144,38.35,-17.232,27.652,18.334,-50.797,-11.86,-3.729,2.676
16.231,94.656,204.983,49.009,45.707,-30.882,26.377,12.865,-31.353,-8.528,10.041,-12.374
18.355,97.083,221.86,48.351,54.054,-14.583,27.483,12.584,-23.561,-10.634,-6.531,-9.843
19.57,100.173,225.957,58.696,43.402,-12.307,23.291,15.438,-50.73,-3.472,-13.637,12.489
18.453,89.675,236.062,55.568,53.673,-17.108,46.905,10.019,-39.041,-9.615,-0.937,-2.147
19.978,99.745,219.372,83.073,37.491,-36.087,39.238,-0.332,-48.1,-6.401,2.019,10.501
20.741,62.141,244.148,37.974,58.797,-7.445,39.784,5.103,-53.282,-11.411,-4.534,13.434
22.244,78.242,242.134,65.413,56.706,-21.564,22.391,18.551,-45.426,-17.395,0.148,5.64
22.202,65.211,214.441,59.991,60.996,-12.9,11.367,0.601,-32.256,-16.768,5.238,5.732
24.901,81.542,232.867,72.349,49.136,-11.187,19.093,8.229,-59.559,-23.116,16.992,17.276
24.382,93.068,213.822,69.14,58.975,-17.512,3.113,-5.276,-33.492,-9.859,0.033,3.275
23.384,88.159,228.543,44.816,64.077,-24.803,10.8,0.048,-25.386,-9.789,-5.593,-0.359
23.686,118.624,206.635,77.761,45.353,-32.607,1.115,-5.884,-33.381,-14.907,16.636,-1.869
25.028,91.691,226.693,38.528,62.021,-4.32,7.992,0.017,-30.55,-9.904,-0.432,-7.441
26.599,73.173,206.978,69.59,43.109,-0.726,16.103,12.469,-47.027,-22.745,-7.517,6.521
26.104,66.921,207.316,53.054,34.533,-16.659,18.165,7.435,-52.515,-9.449,-4.435,5.044
26.359,89.825,214.714,70.661,55.779,-16.459,10.146,1.619,-33.275,-14.1,6.026,3.081
27.58,111.499,221.491,78.517,63.852,-12.561,-6.629,0.267,-28.594,-4.361,-6.834,-2.497
27.261,113.798,220.174,58.073,55.81,-24.963,-12.449,-16.322,-38.388,-1.656,-3.465,1.547
28.157,69.66,227.164,54.819,50.162,-20.448,4.554,15.392,-58.691,-15.646,1.276,16.236
29.02,97.353,206.36,62.143,49.802,-27.703,3.91,-6.041,-26.199,-5.423,-14.029,-2.039
31.158,82.817,225.982,61.745,55.772,2.711,13.457,-4.249,-54.887,-8.182,-4.134,21.53
31.735,92.801,189.139,65.466,42.625,-33.206,-22.682,-18.168,-42.638,-7.282,4.34,12.335
31.788,85.473,214.883,75.349,55.411,-7.144,3.37,9.51,-44.498,-18.608,0.631,20.08
29.949,36.54,183.786,61.212,52.742,-32.049,-8.817,-2.571,-41.22,-19.107,9.253,16.854
31.054,63.425,188.214,85.386,53.253,-25.287,-9.171,-10.831,-44.08,-12.327,6.852,20.5
31.897,71.319,219.65,43.042,38.693,-14.163,5.839,3.951,-61.997,-25.572,-11.027,20.549
32.702,78.215,208.522,49.364,46.424,-21.956,1.632,-9.2,-43.614,-16.095,4.508,8.459
33.639,65.885,195.836,56.901,53.604,-30.554,-12.51,-7.353,-34.203,-12.976,7.262,10.208
32.676,73.269,194.389,30.108,55.779,-3.211,-10.239,7.356,-25.391,-14.406,9.594,4.022
33.912,94.038,227.893,67.972,58.333,-3.216,11.156,-4.418,-43.366,-8.48,-7.889,12.269
32.274,93.705,231.89,59.096,42.439,-2.165,33.808,2.276,-49.181,-22.112,-2.444,5.33
35.198,-3.541,108.806,21.817,-15.147,-14.445,55.027,9.622,-37.629,3.878,3.705,9.91
36.623,30.789,89.511,32.748,-17.558,-5.117,32.218,7.535,-8.548,-16.739,-11.25,-15.474
37.285,28.969,91.757,5.966,-21.893,-12.848,35.461,11.917,-10.75,-7.098,-9.025,0.606
37.66,31.217,106.803,16.309,-29.196,-12.502,38.994,-6.871,-43.6,-5.152,-19.605,9.356
35.422,-8.834,90.02,11.262,-28.941,-8.319,48.725,10.857,-36.545,-20.605,-5.524,19.232
36.527,-5.889,88.033,11.747,-39.808,-19.629,35.335,16.161,-50.78,-19.733,-13.852,16.354
36.643,-1.406,65.73,19.942,-34.977,-9.532,40.446,10.477,-24.124,-24.529,6.545,14.458
38.513,12.921,104.115,34.095,-39.001,-20.362,58.653,2.673,-55.279,-12.757,4.611,27.971
37.054,10.307,73.505,3.998,-33.517,-21.419,21.999,10.798,-24.96,-15.047,-21.804,6.603
36.105,-16.462,77.36,15.868,-31.443,-25.442,31.911,10.552,-43.037,-9.462,-16.46,20.934
36.314,-19.007,104.623,-7.349,-20.533,-7.153,47.991,18.276,-43.545,-11.794,12.662,20.899
37.886,26.184,108.234,42.254,-20.878,-10.43,32.778,0.157,-44.762,-28.293,0.942,18.95
36.622,-0.343,86.508,8.232,-30.54,-46.05,34.547,11.251,-30.712,-1.292,-5.091,14.36
36.447,-1.812,118.629,19.55,-18.054,-26.716,45.179,13.344,-49.514,-10.492,13.601,27.888
36.738,-23.799,76.699,37.019,-31.501,-30.397,41.25,7.353,-43.795,-15.293,8.659,18.49
36.387,11.275,73.006,-15.065,-25.968,-22.793,12.848,16.086,-9.969,-7.033,-13.108,-10.607
36.767,21.61,104.977,43.994,-12.091,-25.505,31.726,9.709,-27.655,-4.787,8.122,1.074
34.087,37.335,141.98,35.306,-1.853,-44.512,24.689,-1.022,-37.247,-13.593,0.41,6.239
35.133,48.516,163.841,27.846,11.36,-7.706,34.902,5.218,-39.195,-17.73,6.695,12.88
36.704,49.98,169.432,43.688,27.177,-5.429,24.585,12.517,-31.948,-21.095,16.94,9.54
35.278,69.95,162.079,83.053,27.98,-32.695,4.542,-7.069,-25.686,-23.719,0.537,-1.586
32.149,43.959,160.322,50.386,26.828,-1.371,13.564,2.798,-43.444,-19.236,-3.12,22.966
32.133,46.883,197.1,28.701,32.503,-1.562,20.98,18.408,-49.924,-20.149,-1.589,8.662
33.002,64.08,196.675,49.535,36.371,-23.422,21.05,13.521,-40.703,-5.65,17.072,7.932
34.346,79.655,196.59,64.462,33.74,-16.982,22.588,12.258,-33.023,-27.071,3.646,5.56
34.424,70.74,187.584,37.971,50.856,-8.631,-20.48,-0.098,-28.773,-15.21,-6.944,4.309
34.761,89.479,188.804,64.229,54.7,-22.991,-19.612,-12.035,-20.024,-3.591,14.897,-9.761
32.956,96.589,219.919,76.296,47.795,-9.973,18.133,5.313,-44.325,-1.832,-7.221,7.205
32.098,66.53,212.127,59.08,52.129,-26.697,1.77,1.711,-48.471,-4.789,-2.679,11.588
33.538,7.555,119.533,11.28,-10.291,-8.425,51.399,1.101,-40.973,18.823,-0.922,4.154
35.657,27.323,94.41,-18.468,-23.998,-5.715,36.738,6.23,-10.871,-15.96,2.742,-8.791
36.867,20.355,80.888,36.086,-21.109,-11.904,40.316,4.06,-4.241,-10.769,-11.233,-17.519
36.251,-5.707,96.485,26.942,-19.205,-16.447,42.95,8.673,-32.962,-14.08,-15.099,12.462
34.931,-22.79,66.423,5.365,-30.475,-46.624,13.449,12.008,-36.178,1.851,-2.723,7.152
34.839,-16.986,76.647,-22.643,-41.201,-61.237,30.91,12.054,-35.915,6.415,7.97,10.061
37.979,-5.691,97.238,38.728,-42.962,-44.098,58.162,11.744,-55.393,-12.12,-5.449,31.787
38.699,5.549,83.565,47.642,-39.651,-27.465,52.255,19.061,-38.142,-18.445,3.99,18.528
36.196,-2.823,62.689,26.395,-27.063,-30.6,24.002,1.338,-17.966,-10.504,-18.476,5.893
34.821,-25.944,86.6,5.165,-25.564,-3.56,41.211,11.944,-46.213,-12.273,-2.085,23.534
36.56,9.97,103.799,28.17,-17.467,-16.025,41.607,14.522,-36.729,-2.933,8.816,19.544
36.252,24.572,78.918,29.439,-32.422,-26.082,29.663,-0.344,-30.322,-6.643,0.966,10.121
36.431,-2.232,84.595,4.93,-32.23,-22.752,37.565,13.167,-36.419,-1.895,5.258,12.431
36.286,3.619,93.069,31.386,-27.571,-18.812,30.934,-2.874,-47.315,-18.829,-2.637,19.277
34.062,0.393,78.829,-10.443,-23.315,-27.777,18.926,8.549,-20.352,2.992,-1.293,-5.651
34.811,2.02,89.23,32.002,-19.969,-37.175,39.709,-9.065,-26.848,4.078,10.08,-1.216
34.116,18.608,122.989,35.325,-17.217,-23.106,36.101,16.252,-45.456,-20.756,-5.375,13.275
34.275,22.492,157.2,60.544,11.887,-14.342,40.169,7.577,-51.617,-19.555,-5.124,24.252
34.712,54.825,139.508,68.004,11.189,-44.453,10.6,-5.971,-25.766,-16.348,11.257,2.549
33.432,69.685,159.789,51.198,21.569,-9.212,14.963,0.164,-25.718,-20.045,-12.082,7.33
32.484,39.559,158.387,63.524,28.63,-30.038,11.988,-7.024,-38.392,-0.176,6.737,8.133
31.233,57.38,183.815,29.37,28.122,-8.252,16.84,8.811,-36.584,-18.76,13.39,-2.564
32.849,75.208,182.134,52.638,50.62,-6.086,-13.296,-7.723,-24.429,-12.27,-6.571,1.974
32.732,82.109,200.793,67.908,46.385,-9.104,0.821,-13.373,-43.554,-23.916,-8.595,17.086
32.191,36.844,145.885,16.278,16.206,-5.837,26.785,-14.437,-34.707,8.82,-20.098,7.542
33.68,15.39,74.67,-20.957,-35.423,-22.655,24.305,9.141,-21.699,-1.589,0.287,3.537
35.565,16.983,87.474,23.976,-30.27,-15.309,41.947,-2.949,-29.925,-16.433,-8.34,9.705
34.937,-17.289,71.904,0.211,-37.325,-4.927,34.519,9.672,-43.19,-21.176,6.296,16.07
33.998,-30.146,42.754,20.437,-36.769,-56.67,20.752,7.893,-22.573,4.944,-10.834,11.196
36.053,-3.628,102.866,15.851,-30.454,0.614,65.918,12.661,-38.741,-25.36,6.898,12.644
36.828,-9.489,80.796,32.561,-42.322,-26.334,47.553,7.445,-51.536,-10.561,-5.632,26.422
35.128,-2.553,56.891,23.362,-32.591,-42.59,18.514,-9.895,-21.14,1.087,-4.852,-2.993
34.749,-37.616,84.563,38.418,-27.819,-27.079,41.88,7.39,-60.178,-13.857,5.293,40.315
35.08,0.266,112.21,13.792,-19.234,-16.293,37.476,22.568,-47.83,-10.903,13.09,23.891
35.082,4.832,73.452,38.543,-37.812,-28.63,36.955,3.948,-35.863,-9.509,-6.706,12.425
34.735,-0.186,69.446,-5.912,-25.481,2.016,34.577,2.424,-15.311,-9.141,-12.966,0.915
34.846,-13.037,95.872,58.596,-17.535,-21.315,34.718,-5.756,-51.286,-10.233,-8.067,26.154
34.336,-37.385,69.654,23.397,-31.933,-19.326,38.632,3.318,-47.754,-11.903,6.888,25.985
34.731,3.73,48.32,-4.567,-29.025,-7.975,1.746,2.185,-7.546,-14.201,-10.56,-13.859
34.664,3.825,86.236,9.56,-24.041,-24.734,22.363,14.244,-27.363,-15.788,-0.373,4.085
33.031,-19.248,95.284,-13.789,-22.747,-25.923,33.439,14.549,-39.51,-6.225,7.302,10.21
32.633,4.887,95.686,50.341,-29.162,-38.256,22.922,-4.337,-58.488,-14.69,-5.801,23.2
30.771,-9.551,98.194,36.995,-14.73,-20.9,27.403,10.515,-48.119,-15.702,8.606,25.107
30.832,-5.605,107.369,4.314,-10.419,-30.174,31.965,13.122,-27.217,-11.036,-0.35,9.267
33.003,15.451,132.689,36.218,-3.434,-34.148,34.693,9.957,-41.351,-12.399,7.26,14.355
34.342,50.173,126.191,40.001,-7.353,-24.777,35.836,-1.038,-29.342,-0.135,6.609,3.86
33.606,39.294,107.635,41.598,-9.221,-30.048,14.413,-4.483,-24.553,-17.297,-20.592,3.231
31.595,10.276,116.259,41.083,-12.277,8.45,52.736,12.494,-43.332,-25.288,-8.855,18.228
32.404,12.995,126.134,31.304,-8.482,-7.423,51.92,7.156,-40.857,-13.475,1.746,10.717
32.18,25.213,110.875,2.429,-0.502,-24.139,22.238,10.535,-5.91,-2.979,-10.653,-9.145
32.352,23.867,96.392,29.36,-9.643,-50.942,4.618,4.791,-28.142,8.327,6.913,3.586
33.009,36.376,114.748,12.538,-12.428,1.223,44.642,1.767,-23.539,-13.107,-12.132,5.708
33.511,-22.944,87.791,-0.118,-32.933,-26.417,48.359,11.497,-41.722,2.888,-5.435,8.688
34.04,10.372,69.531,-9.439,-29.0,-24.154,17.943,2.567,-13.388,-7.443,1.799,-4.508
33.468,-4.853,47.139,36.276,-43.384,-58.894,18.199,-8.527,-26.675,-10.392,-3.969,6.383
34.232,-15.227,81.981,21.247,-31.378,-22.516,41.448,7.636,-45.801,0.241,-10.097,23.481
33.757,-32.148,70.207,3.585,-35.103,-39.101,30.486,10.862,-39.151,-11.881,-10.446,20.349
33.201,-22.903,40.045,1.907,-38.638,-45.162,15.892,1.418,-17.319,-4.985,-15.709,4.815
34.818,-22.662,87.32,-3.513,-31.424,-1.764,48.518,12.056,-43.081,-13.853,0.196,13.011
35.124,-30.535,58.402,26.099,-39.17,-25.073,30.323,9.157,-42.589,-13.787,3.685,17.639
32.266,-52.982,46.784,14.273,-28.232,-40.149,14.923,-1.601,-31.283,-13.59,-1.598,16.968
31.975,-60.249,54.791,-19.481,-26.084,-21.002,26.671,-1.258,-32.601,-18.721,1.605,20.438
35.39,-25.917,96.093,13.145,-30.14,-17.49,43.454,13.051,-55.97,-32.734,1.912,38.232
33.795,-18.701,51.821,10.622,-28.308,-13.616,30.294,13.504,-11.449,-22.152,7.48,2.143
34.158,-14.762,64.747,-3.667,-33.553,-37.347,30.333,1.68,-25.744,9.845,-6.315,9.21
33.934,-42.626,78.479,31.687,-22.327,-9.267,31.983,17.334,-49.07,-30.312,9.306,30.351
33.945,-54.182,74.423,21.425,-27.75,-24.806,37.284,6.608,-47.622,-13.181,-16.577,27.345
32.809,-52.387,43.937,-5.928,-22.301,-26.613,6.051,6.619,-20.435,-14.659,-10.654,6.958
34.229,-7.003,60.843,-2.576,-25.014,-18.538,7.288,2.95,-21.599,-10.106,-18.694,8.642
33.346,-21.934,70.72,12.834,-15.386,-25.677,9.34,-6.279,-32.092,2.286,-12.996,7.634
32.275,-45.149,87.026,3.198,-4.374,-6.281,29.058,9.044,-26.834,-20.452,4.157,7.359
33.447,-39.57,78.01,-2.239,-17.74,-13.004,33.765,-3.311,-38.529,-12.544,-10.1,19.358
33.26,-26.049,73.828,-23.071,-31.253,-12.414,28.25,14.976,-29.945,-24.902,-13.795,11.799
34.238,-2.481,70.135,13.323,-30.495,-32.668,22.818,10.041,-25.098,-3.813,-16.008,1.161
32.963,-14.872,50.287,7.686,-31.917,0.983,24.557,1.282,-18.138,-18.579,-12.952,4.747
31.876,-40.069,72.301,-2.225,-24.84,-22.298,37.948,18.032,-27.824,-15.223,-12.1,12.609
32.619,-42.481,78.305,-15.831,-28.867,-28.987,30.837,22.627,-41.198,-1.667,-3.31,13.748
33.243,-1.051,75.203,6.347,-29.281,-25.978,27.336,1.459,-33.363,-1.428,-6.087,7.565
32.437,-38.919,41.143,-2.017,-23.3,-30.001,3.63,-4.316,-24.892,-1.347,-2.387,6.197
33.238,-10.816,59.018,17.359,-29.295,-23.302,33.788,-1.012,-13.33,-10.224,-9.88,-4.155
33.84,-13.467,61.885,17.495,-30.361,-23.398,26.818,-6.661,-28.175,-7.401,-16.391,8.902
33.092,-44.494,49.587,-8.337,-28.091,-19.281,27.235,0.888,-25.99,-0.526,-10.016,3.952
33.286,-31.111,33.186,-22.204,-36.74,-21.982,4.416,2.867,-13.954,-12.282,-6.162,-1.413
34.387,-34.7,62.385,13.882,-33.129,-22.954,30.28,4.231,-43.253,-8.466,-9.964,23.272
31.818,-66.482,47.103,1.258,-11.457,-20.409,4.469,-2.7,-31.514,-5.501,1.88,13.608
32.116,-95.751,32.741,-13.005,-28.159,-20.218,19.374,-0.813,-38.107,-10.705,-7.487,19.248
32.367,-59.393,26.679,-14.86,-31.626,-31.352,7.763,-1.078,-19.649,-8.667,2.31,3.859
34.764,-44.578,70.654,5.838,-35.731,-17.447,38.676,16.186,-49.185,-14.366,2.248,26.456
34.705,-45.591,45.937,5.999,-42.045,-19.316,17.38,8.384,-38.116,-25.848,-10.117,-0.313
34.08,-48.263,34.263,-11.139,-26.932,-19.138,4.856,3.562,-16.127,-8.093,-18.799,3.217
32.799,-62.46,32.125,-8.633,-33.078,-26.497,8.226,-5.436,-29.678,-12.742,-9.627,5.751
34.44,-62.546,62.602,-4.256,-29.455,-16.029,26.253,8.74,-46.212,-17.737,12.897,18.14
34.052,-58.142,37.94,0.73,-34.202,-24.378,12.902,10.325,-35.989,-10.53,4.619,17.842
32.719,-66.971,25.889,-29.779,-25.698,-16.994,5.089,-4.69,-18.09,-7.272,-7.307,0.387
32.766,-60.412,29.763,7.565,-19.525,-35.451,7.667,-12.656,-11.1,-10.366,-7.72,2.636
33.272,-75.329,63.813,-4.591,-24.119,-29.11,22.119,8.479,-44.206,-18.715,2.359,20.972
32.804,-67.294,36.217,-29.601,-18.604,-21.733,-3.138,-3.214,-13.41,-17.208,5.402,-5.339
34.001,-92.819,31.096,-1.647,-26.377,-19.306,25.609,1.527,-30.468,-11.8,-8.632,12.763
32.969,-101.619,22.222,-0.583,-19.675,-33.114,8.367,0.259,-19.51,-13.916,0.857,2.821
33.411,-93.767,30.52,-8.012,-31.449,-37.941,12.286,-4.23,-37.883,-10.919,4.041,20.037
34.461,-83.167,28.176,-4.601,-26.62,-25.901,7.507,10.363,-25.279,-11.7,-0.544,7.521
33.203,-114.093,12.908,-9.769,-33.471,-12.716,17.334,16.535,-26.291,-28.046,-6.444,12.024
32.774,-121.603,25.513,-37.515,-30.964,-29.65,16.237,12.06,-30.733,-18.809,3.718,11.449
33.892,-84.581,21.428,-23.365,-30.294,-26.14,10.501,0.669,-18.334,-14.686,-3.542,4.555
34.308,-89.474,19.898,3.363,-24.04,-29.808,7.099,8.333,-20.707,-14.691,-14.987,13.739
32.875,-88.484,23.888,-18.047,-19.359,-14.725,8.552,-10.589,-13.363,-19.994,-6.254,0.965
33.741,-65.096,28.912,-20.12,-15.297,-24.232,-4.548,-5.878,-4.199,-7.015,-5.053,-8.25
33.794,-69.363,33.117,-34.396,-31.714,-32.92,7.096,0.562,-20.977,-12.198,-7.552,0.377
34.653,-90.657,30.958,11.599,-25.483,-39.138,9.204,-4.575,-41.179,-2.825,-15.62,20.335
32.486,-119.013,8.545,-25.567,-12.963,-42.225,10.984,6.041,-16.611,-1.826,2.968,9.455
32.762,-108.23,9.949,-25.591,-21.012,-31.719,11.135,18.623,-17.795,-5.406,-4.339,3.479
31.946,-101.003,11.599,-24.607,-17.341,-31.602,7.26,-6.147,-7.258,-3.559,-6.998,4.722
33.732,-98.512,21.888,-11.845,-25.694,-24.423,10.062,10.869,-20.238,-12.041,-0.216,0.102
33.841,-103.833,13.61,2.21,-24.387,-28.946,11.803,14.37,-25.719,-8.663,-1.801,9.975
32.319,-99.588,9.505,-30.948,-23.479,-37.874,20.343,-0.282,-15.498,4.976,-1.521,2.443
33.514,-115.126,-0.228,-18.3,-30.836,-31.389,16.711,14.158,-20.385,-0.714,-6.919,2.797
33.739,-98.495,-3.991,-27.483,-28.522,-34.826,14.254,3.693,3.267,-7.512,-8.193,-8.583
32.981,-100.615,1.868,-28.068,-24.952,-30.878,18.227,14.331,-17.968,-6.98,-3.573,0.199
33.197,-96.397,-5.219,-39.507,-16.897,-27.231,15.419,8.589,-12.815,2.979,-4.142,1.759
52.046,85.119,-23.226,-31.182,-2.484,31.039,12.452,-4.32,7.247,14.043,47.691,-8.107
53.986,81.597,-7.299,10.087,2.159,-43.573,-4.04,-16.216,-6.021,12.825,-3.509,2.988
52.167,82.923,0.543,-17.178,4.381,-38.197,-0.964,-18.221,2.934,0.425,-9.133,-4.481
52.166,56.365,-18.757,-34.195,-20.148,-18.146,-1.211,-6.308,6.604,-6.965,-9.938,-2.762
51.385,47.11,-10.031,-55.029,-26.589,-28.116,5.397,12.156,0.716,0.584,-9.213,6.907
52.648,79.225,-24.195,-25.829,-24.263,-56.461,3.708,-18.211,-6.191,12.987,-13.412,1.702
52.738,45.553,-19.304,-25.468,-9.214,-15.521,3.719,13.476,21.274,-16.984,-19.489,-4.795
53.118,69.956,-30.49,22.584,-2.395,-56.505,-9.563,-32.485,-11.398,-7.437,-24.608,10.068
46.541,-40.306,25.202,-69.08,-16.181,-21.036,12.641,21.628,-1.356,2.666,2.764,-3.9
52.804,71.365,-29.417,-24.448,-16.965,-10.68,0.067,-5.967,14.722,-16.739,10.314,-10.167
53.976,66.707,-20.59,-7.146,-8.551,-7.56,1.01,1.867,0.609,-13.659,-1.884,-7.783
52.911,72.87,-19.978,-28.162,-3.353,-30.64,0.735,-15.06,-3.801,1.431,-10.03,-7.029
52.206,63.946,-17.88,-36.519,-23.882,-28.611,-3.811,-5.085,11.257,-6.745,-7.072,-2.466
54.674,93.3,-22.718,-0.997,-11.109,-39.856,-4.697,-6.298,-0.203,4.601,-7.405,2.175
52.488,64.372,-7.787,-31.819,-18.468,-32.581,5.097,-3.99,2.389,12.06,-13.759,-1.879
52.605,68.88,-24.668,-26.95,-21.84,-23.321,7.548,-6.636,14.457,-8.18,-13.961,-3.684
54.471,87.278,-28.853,0.451,-7.998,-40.669,1.69,-18.839,-5.323,2.517,-4.872,5.63
52.571,74.542,-32.022,-31.7,-11.326,-34.717,-1.784,-19.997,5.092,0.953,-7.493,-2.557
52.783,80.237,-33.795,-28.108,-17.333,-45.615,-3.875,-21.131,-2.418,0.783,1.569,4.22
51.471,48.743,2.046,-35.811,-20.294,-33.248,-3.241,-4.946,2.911,2.395,-6.297,-1.076
53.127,60.869,-15.367,-12.582,-13.754,-12.459,8.454,-3.016,8.097,-15.865,-10.324,-2.821
51.107,43.768,-11.705,-19.537,-29.166,-37.175,-6.795,-1.088,7.339,-4.898,-4.529,-2.612
51.776,59.281,2.079,-55.908,-19.798,-29.011,-6.105,16.918,11.701,3.62,-2.935,-11.78
54.903,87.219,-12.32,-6.693,8.647,-58.168,-14.924,5.951,2.393,6.294,-11.007,3.683
52.678,76.973,-12.035,-26.415,-0.837,-37.828,1.101,-13.411,-1.589,13.603,-8.622,-1.147
53.061,83.953,-28.392,-30.979,-33.094,-55.229,-11.326,-19.015,-2.884,7.018,-25.735,8.827
55.142,76.564,-14.394,7.74,-7.87,-49.21,-3.589,-9.141,-0.86,-0.407,-15.133,10.362
53.244,56.003,-2.706,-28.496,-8.683,-28.151,-11.32,-4.205,13.634,-16.454,-4.539,-1.056
55.143,82.881,-10.802,-0.197,3.015,-59.619,-9.191,-13.848,-13.535,2.389,-15.713,8.63
52.525,48.579,8.125,-33.625,-17.721,-32.076,-6.616,-0.711,7.259,4.544,-11.751,-8.126
53.381,68.375,-22.316,-29.088,-16.242,-56.447,-13.348,-18.012,-9.453,11.769,-25.62,-3.605
52.742,49.563,-21.894,-30.056,-7.221,-5.981,-13.345,9.763,11.553,-16.291,-22.348,-8.499
48.971,116.574,-22.681,-100.794,22.54,-11.36,-3.26,47.182,30.977,-18.344,-4.168,0.856
52.522,117.107,-19.641,-50.823,0.836,-28.823,-0.354,-32.14,3.553,25.904,-15.79,0.404
54.53,90.213,-8.528,1.279,3.193,-48.261,-19.18,-14.643,-12.16,-1.514,-15.906,3.265
52.917,81.049,-14.032,-22.291,-2.603,-35.199,-13.266,-20.978,-1.164,2.533,-15.209,-4.186
52.432,84.381,-33.265,-32.282,-28.605,-38.157,1.897,-13.432,-0.121,-3.232,5.588,-0.656
52.539,64.616,-6.129,-24.308,-26.028,-32.198,2.746,-17.067,13.67,2.439,-4.353,3.865
54.316,73.637,-19.368,-0.941,-12.839,-29.9,5.807,-11.382,-3.378,2.909,9.175,3.947
53.721,71.436,-14.426,-24.335,-12.795,-49.07,-7.507,-18.749,-3.091,12.225,-17.529,1.354
54.887,70.474,-17.166,5.891,-2.299,-29.512,-6.674,-8.028,-3.547,-0.931,11.37,4.546
53.43,84.95,-18.924,-26.074,0.601,-28.894,-8.146,-14.261,-6.029,-5.39,-10.082,0.104
51.579,45.241,-13.252,-41.837,-22.891,-33.747,-8.772,-8.978,5.463,-4.975,0.809,-6.082
53.314,75.532,-14.995,-25.848,-15.001,-50.053,-2.397,-13.094,6.36,7.285,-23.371,-9.32
52.758,34.506,-12.91,-18.445,-16.844,-45.578,-7.777,-13.967,9.21,18.481,6.645,-11.861
54.356,73.156,-23.288,-6.766,-1.566,-29.519,-8.422,-11.107,-6.288,-0.771,7.094,5.012
53.644,92.323,4.581,-23.805,-1.385,0.353,-3.263,9.397,10.803,-17.086,-8.232,0.862
53.681,82.649,12.494,-34.171,-0.786,-30.2,-0.137,-13.613,13.454,12.861,-8.927,-4.914
55.02,73.896,-3.077,-4.32,-0.705,-50.867,3.369,-18.327,-4.15,9.011,-10.808,4.379
54.062,65.889,5.032,-18.924,-4.131,-38.312,8.027,-14.871,7.841,4.983,-11.839,-3.47
54.432,66.239,16.765,-20.498,-1.374,-47.022,8.206,-5.218,6.16,8.89,-6.503,-9.948
54.135,43.165,25.219,-18.924,-19.069,-28.794,-4.784,-2.788,9.115,-2.398,-4.347,-3.299
55.793,75.039,4.974,8.69,-5.999,-40.042,13.749,-21.134,-8.793,7.954,-3.212,6.816
54.207,62.083,13.361,-21.447,-17.425,-34.823,15.073,3.393,-0.115,-9.463,3.07,-3.805
54.764,61.346,41.686,-12.788,-16.388,-33.572,1.466,0.433,2.149,3.133,-7.889,-9.55
55.468,82.17,8.164,-13.24,7.113,-49.923,5.023,-6.808,-10.413,6.741,-17.122,2.888
53.906,37.733,15.384,-23.823,-24.017,-27.432,5.188,-0.596,6.488,9.393,-10.748,-6.658
54.099,57.831,3.53,-29.686,-17.104,-37.187,21.029,-6.273,7.193,-0.009,2.234,-6.565
53.781,38.239,28.399,-26.119,-13.52,-32.724,6.355,-3.937,7.716,7.219,-4.755,-1.988
54.917,74.517,1.792,-0.255,-7.69,-27.206,7.118,-19.43,-2.323,-2.515,2.32,2.912
54.705,75.226,6.478,-18.143,0.371,-37.586,11.033,-9.778,10.176,4.349,1.259,-7.197
54.3,59.384,24.589,-27.969,-23.711,-29.002,7.939,0.756,-1.855,5.743,-13.236,-3.272
55.958,68.663,12.329,-1.4,-14.822,-44.23,-5.477,-21.117,-5.683,8.791,-18.355,-9.106
54.709,74.736,5.655,-25.356,-3.5,-26.035,2.409,-0.388,8.638,-8.534,-8.08,-16.831
54.181,45.953,13.76,-16.443,-16.325,-34.302,3.76,-2.951,10.653,6.189,-4.967,-15.255
54.507,59.257,6.147,-19.26,-15.951,-43.599,12.859,-7.258,-2.194,1.37,-0.865,1.032
55.564,78.898,-10.76,-2.722,-12.333,-36.681,4.667,-9.416,-6.199,-1.866,-2.78,4.374
54.098,56.76,9.268,-32.067,-15.522,-39.397,2.751,1.861,-9.247,8.902,-1.103,4.768
54.728,62.255,20.511,-25.454,-22.306,-27.196,2.096,-6.712,8.847,6.492,-8.131,-11.683
55.338,73.903,2.004,0.962,-6.583,-50.444,-3.369,-12.954,-9.852,6.817,-16.897,-5.42
54.032,47.535,18.042,-27.982,-12.102,-34.996,15.673,0.476,7.592,-4.05,-10.017,-5.011
54.561,56.582,15.849,-14.493,-8.022,-25.049,14.874,4.587,2.407,-10.643,-5.547,-2.059
53.72,48.8,33.108,-17.354,-20.987,-26.841,-10.645,2.942,-4.881,1.332,-11.396,-2.01
53.898,60.425,34.098,-16.1,-9.305,-26.966,9.899,-1.881,1.462,-0.704,-8.376,-7.646
55.715,83.067,6.467,-2.832,10.804,-27.487,0.221,-1.993,-10.316,-4.922,9.695,3.36
54.374,68.436,30.512,-12.146,-10.455,-21.45,-4.992,0.407,1.858,3.728,-10.558,-6.778
54.41,52.826,26.369,-12.495,-8.609,-38.804,-1.249,6.606,1.882,17.834,-11.885,-11.251
54.445,91.362,14.321,-32.882,9.303,-27.524,5.594,2.903,-0.048,-0.427,-11.924,-15.35
54.284,71.611,12.351,-17.978,-15.242,-37.647,8.99,2.728,-3.934,6.438,-7.277,1.603
54.964,64.995,9.202,-22.624,-10.394,-16.98,12.014,2.131,-1.799,-9.134,-13.97,2.437
54.611,59.312,21.997,-29.541,-19.746,-25.858,10.141,12.543,-11.236,-11.338,-0.512,5.705
54.403,54.397,23.558,-16.721,-1.517,-30.781,3.707,1.424,1.713,4.392,-2.427,14.456
55.569,78.482,4.433,-2.348,2.237,-21.458,4.905,-12.53,-7.039,-10.125,7.21,9.055
54.618,58.104,10.093,-23.572,-26.25,-38.759,8.712,-0.549,-6.978,3.582,2.232,20.022
54.608,48.634,18.269,-23.911,-6.952,-32.376,-1.088,14.968,-2.353,-8.787,-1.479,1.866
55.749,71.897,-3.806,-9.239,-0.709,-43.498,-3.78,-7.52,-6.725,-4.688,10.917,6.558
54.204,44.398,12.362,-31.969,1.681,-37.913,16.44,-3.062,5.755,14.388,-1.783,3.076
54.841,59.048,32.636,-26.731,1.269,-34.668,6.863,11.443,-7.14,-2.286,-7.379,4.489
54.648,47.481,23.882,-8.907,3.373,-35.349,6.3,-0.074,-8.312,2.178,-6.924,-2.251
55.241,85.52,22.4,-8.161,16.53,-18.217,23.613,-7.634,2.397,-13.769,0.315,-3.027
54.782,42.052,8.508,-20.765,-0.808,-33.324,16.007,15.097,12.554,-3.507,-18.649,9.148
54.576,57.487,0.562,-27.564,0.706,-31.744,22.155,1.623,8.738,-6.971,-5.957,8.853
53.994,48.571,21.68,-27.598,-16.78,-31.562,18.063,1.265,-0.149,1.021,-8.996,8.373
54.878,73.549,11.306,-22.142,-12.647,-48.319,13.891,0.243,3.363,2.913,-9.463,11.74
55.839,73.964,6.229,-1.491,-4.955,-46.192,5.267,-17.293,-8.429,-0.945,-13.455,16.794
54.132,71.588,4.413,-29.972,-3.16,-32.481,16.867,-11.466,-3.9,0.391,-9.92,-0.697
55.683,72.731,4.154,-10.335,1.089,-42.597,5.771,-20.438,-10.182,12.094,-1.758,9.705
55.063,74.836,5.336,-7.62,4.173,-36.389,5.426,-16.146,-7.227,-1.182,-6.391,10.345
54.885,69.779,13.788,-25.959,-10.584,-46.64,7.716,-10.554,-4.971,5.332,-17.238,1.231
55.486,74.549,10.535,-15.901,-1.801,-37.655,16.882,-16.674,-16.371,3.074,-4.542,12.577
53.704,66.459,39.049,9.088,-2.616,-27.811,3.997,20.956,3.974,-5.078,-11.84,5.342
50.254,93.882,50.221,11.331,19.281,-17.544,-4.067,-0.928,10.687,-0.267,-8.208,8.254
48.523,30.382,54.281,-7.843,18.235,-42.968,-9.604,-11.108,6.43,19.708,-3.336,8.118
49.578,43.139,72.909,-4.323,40.464,-14.805,-27.4,15.173,2.431,-5.306,-21.038,-1.868
47.283,17.931,78.48,-9.759,60.148,-28.235,-33.973,5.223,11.616,12.044,-9.258,-15.904
51.513,77.296,23.549,9.64,36.981,-1.923,2.688,-14.49,19.869,14.049,18.334,-15.065
49.615,77.207,99.776,-3.608,73.793,-28.563,-28.92,-9.364,22.407,21.013,-8.728,-20.196
50.295,29.69,13.27,1.988,7.737,-81.545,-1.067,1.718,24.051,37.229,-10.924,-10.653
52.422,44.784,3.242,43.705,29.559,-71.986,-23.09,-26.281,-3.888,7.939,-12.681,-11.927
49.73,19.867,-1.184,18.421,22.474,-40.648,-11.466,-25.119,19.988,32.588,11.181,-43.289
47.596,18.582,99.395,6.208,65.866,-31.629,-30.37,-3.479,16.638,4.368,-11.379,-36.542
52.06,105.576,20.738,-6.209,-0.258,-9.206,-19.256,13.846,30.085,2.668,29.255,-32.619
50.605,116.793,87.023,9.66,34.978,-29.016,-38.881,-13.289,11.794,15.334,-7.042,-20.269
52.123,84.597,18.502,22.328,10.944,-10.166,-23.601,-0.353,-8.585,13.203,18.698,-8.465
48.8,91.148,67.414,2.578,31.381,-21.041,-34.97,-19.6,3.553,0.976,-3.819,-19.892
48.658,80.97,90.672,-10.15,32.093,-25.897,-47.345,-21.68,4.711,2.98,-2.725,-23.745
49.685,52.976,8.965,15.357,-13.653,-72.158,-15.05,6.57,4.145,17.943,-9.43,-4.146
47.629,64.514,62.526,17.15,42.987,-34.438,-23.938,-42.979,-13.637,6.126,-7.197,21.701
52.138,97.479,12.294,10.565,-1.492,-57.874,-23.096,-11.752,21.731,14.357,-10.507,-5.499
50.122,77.069,82.714,11.122,64.097,-10.94,-28.786,-21.144,18.94,-3.106,4.881,-2.144
50.243,51.371,39.843,15.139,33.693,-16.789,-20.064,-32.986,28.015,17.565,-28.085,-3.36
50.6,74.403,40.353,-13.766,51.015,6.082,-13.515,14.819,16.201,-6.824,-22.812,-4.139
49.54,75.151,41.64,3.128,39.73,-3.715,-7.637,-18.5,14.854,3.628,0.614,-12.655
51.554,98.147,50.622,-18.7,17.743,1.343,-11.201,10.471,24.219,1.467,33.07,-8.284
51.426,124.825,67.944,22.678,13.636,-18.208,-21.427,-18.809,15.989,1.515,-7.572,15.348
54.71,85.823,21.668,19.777,4.424,-52.04,-17.79,1.703,10.346,-10.271,-21.48,17.481
50.045,104.479,54.252,13.166,26.142,-24.083,-47.562,-15.324,25.686,-1.725,-8.401,-11.778
47.137,87.886,53.729,-2.247,9.752,-33.619,-7.914,-7.923,17.306,16.791,1.379,3.018
50.107,66.527,38.596,0.731,26.96,-16.059,-1.132,-12.333,13.787,18.023,21.26,-23.225
51.629,87.074,19.344,-8.788,12.903,-48.056,-13.728,-0.481,17.711,17.918,3.918,-13.303
50.108,53.328,56.285,-7.768,38.355,-44.943,-27.639,13.795,33.833,1.999,-4.287,-29.918
49.814,34.964,-4.145,1.692,-16.351,-80.074,-26.921,-8.99,12.318,34.443,-19.331,-34.126
50.759,69.01,-2.277,38.724,33.875,15.528,-2.86,-11.957,13.053,-5.302,17.418,5.944
48.011,35.56,36.099,-19.951,21.751,-4.689,-10.753,-26.926,7.896,-3.331,-2.976,-0.879
47.649,27.168,71.434,-3.828,65.853,-13.527,-28.678,-12.578,14.383,-23.132,-3.407,-0.986
52.174,89.606,0.268,-19.253,-15.206,-62.495,-20.921,12.984,28.685,28.325,3.974,-10.957
52.908,135.977,82.302,-11.215,32.79,-13.477,-36.796,-19.225,26.425,11.01,-6.867,-1.179
53.598,75.919,12.01,35.326,5.951,-55.098,-30.025,-11.073,-1.704,2.952,-14.739,0.463
49.296,59.03,78.542,-7.692,44.399,-19.752,-29.101,5.979,8.688,3.762,-12.839,-7.147
48.961,66.813,71.769,21.872,42.411,-19.014,-59.415,-31.615,17.57,2.412,-23.671,-18.564
50.678,52.136,21.431,-0.924,4.658,-69.085,-24.64,-2.628,12.516,36.307,-13.272,-22.169
51.908,128.237,16.16,5.924,1.528,-0.415,-14.607,19.328,31.778,-24.357,28.128,-2.418
50.018,79.265,40.359,-22.098,23.23,-35.574,-10.367,11.21,10.209,8.373,1.61,-2.728
51.121,70.135,59.222,-28.441,31.214,-35.318,-8.606,-3.623,19.564,18.668,-4.024,-25.59
52.568,47.823,0.165,28.387,36.624,-82.603,-24.536,-19.215,-2.43,14.241,-21.672,-4.487
50.556,35.039,30.551,8.492,14.681,-72.247,11.04,-3.599,14.169,34.753,-13.044,-26.38
48.346,65.825,95.427,21.677,70.505,-31.622,17.674,-31.519,14.551,2.734,-15.468,-36.531
48.781,47.404,93.413,-18.451,44.681,-29.217,0.59,15.987,28.328,1.807,-9.817,-25.763
51.529,55.556,24.763,49.505,38.256,-0.902,3.614,-1.945,12.646,-4.743,28.887,-33.423
46.364,54.691,112.992,16.758,26.807,-35.084,-2.403,20.019,10.036,27.392,-11.324,-44.14
48.936,20.531,-3.378,19.856,1.471,-67.759,-7.867,-30.291,15.302,33.379,-28.226,-33.435
45.998,-2.695,70.384,-0.074,41.708,-43.792,-10.455,-3.088,30.471,20.278,-7.402,-36.107
46.238,46.233,56.11,17.489,63.114,-47.824,-4.336,-28.507,9.591,20.117,-8.719,-26.211
52.427,101.907,21.871,6.192,-7.145,-52.407,3.387,21.525,6.629,15.936,-3.938,12.482
50.49,92.79,74.671,-11.716,17.025,-28.29,-9.699,-8.497,9.876,7.817,-6.759,-16.366
50.938,100.526,93.777,0.763,52.718,-29.012,-14.92,-2.955,16.376,-5.952,-6.436,-10.693
50.353,74.838,6.808,-7.77,-23.766,-66.622,-4.836,22.794,-3.623,14.599,-9.427,5.768
52.487,63.885,1.44,44.045,22.948,-78.924,-21.832,-8.101,-6.098,11.541,-6.669,-0.966
49.689,49.254,2.174,16.144,4.931,-40.408,-0.282,-18.666,5.737,40.628,15.443,-21.478
46.881,80.288,70.969,17.308,42.007,-40.714,-9.273,-34.897,-5.917,17.132,-9.141,-15.511
51.117,59.618,21.617,-0.376,17.406,-47.65,10.407,-12.956,15.137,40.731,12.542,-15.949
50.263,61.439,94.969,5.254,40.314,-25.254,-12.247,-11.228,21.164,11.235,-11.13,-13.747
50.849,56.687,42.345,15.285,49.421,1.995,-13.502,2.313,22.055,-11.763,-20.782,-11.56
48.246,74.011,81.414,20.682,40.631,-31.308,-2.168,-7.208,10.516,8.818,-9.094,-11.342
48.199,-7.077,85.476,5.686,44.207,-33.868,-0.67,16.036,26.526,20.735,-1.334,-34.538
49.918,28.61,-7.193,25.621,-2.165,-83.849,-11.045,-4.676,20.422,32.806,-19.706,-29.134
46.852,55.493,33.778,-7.721,5.857,-33.111,-35.856,-14.672,23.813,13.505,-9.341,-11.292
46.363,61.66,44.78,19.265,51.683,-30.18,-10.023,-35.303,-9.429,-1.677,-6.602,-2.014
48.835,49.515,68.936,-56.142,44.904,4.645,4.683,2.723,26.569,-12.096,-9.944,-11.252
50.908,57.675,92.958,9.377,32.691,-43.792,5.051,15.145,4.511,8.999,-5.733,-3.572
50.667,21.302,10.744,-1.421,16.577,-83.962,-8.673,-9.136,29.64,36.78,-21.415,-26.716
53.051,65.5,-14.202,40.315,42.372,-73.437,-18.18,0.221,-3.895,5.821,-13.332,-1.944
50.277,44.924,3.103,18.556,19.666,-37.935,7.386,-10.713,18.465,34.5,12.348,-21.264
48.608,6.614,78.559,-1.991,53.472,-46.767,5.292,-1.919,23.445,11.187,0.01,-23.949
49.283,50.353,98.992,16.163,69.212,-33.099,3.902,-27.431,13.632,6.378,-17.199,-32.288
50.304,73.504,69.584,-33.962,27.455,-18.65,-7.071,48.881,23.801,-9.544,-1.651,-19.502
50.606,92.505,74.782,-5.438,27.573,-20.419,-0.091,-21.152,13.725,22.402,-15.942,-19.93
53.339,79.365,13.819,20.272,13.74,-16.592,-23.316,3.51,4.471,16.444,12.97,-15.513
49.689,89.369,75.254,15.441,36.773,-24.82,-31.58,-7.783,28.212,18.575,-9.855,-27.769
48.815,61.24,29.542,38.775,16.116,-16.445,10.492,-24.507,-0.942,29.355,8.127,-16.079
46.596,58.771,78.81,9.255,77.181,-46.148,-10.159,-46.869,-9.964,21.801,-12.716,-21.536
51.675,65.093,15.903,-5.905,6.325,-40.099,-9.676,-3.087,14.322,38.06,7.321,-30.32
49.846,69.348,79.491,1.686,62.204,-31.283,-13.109,-25.902,21.158,29.206,-15.657,-17.382
49.893,56.546,88.108,8.441,65.504,-33.95,-9.082,-20.388,5.266,22.062,-8.89,-18.72
50.927,16.641,23.051,-1.232,5.371,-76.001,-7.046,-1.684,11.126,36.11,-17.616,-30.42
52.043,38.105,-2.441,35.164,42.41,-49.951,-13.526,-29.245,0.24,8.983,9.85,-5.632
49.469,16.935,-15.466,9.348,-6.42,-90.025,-6.645,-2.221,11.394,34.44,-13.604,-23.271
47.438,19.37,76.775,-10.873,45.056,-32.648,-13.779,-11.175,4.412,14.404,-13.461,-33.952
50.009,76.68,7.329,3.552,-10.552,-67.675,-23.087,-6.98,1.774,20.302,-9.336,-0.942
47.877,58.772,69.107,-28.163,21.194,-11.01,-31.842,-4.576,-1.257,-25.174,1.002,-10.274
50.233,61.94,27.231,25.752,20.262,14.036,-28.794,-12.173,-9.538,-15.961,4.847,-18.695
46.671,23.142,76.933,-2.806,11.985,-15.67,-28.089,-15.909,-2.18,9.223,-10.777,-42.394
48.722,33.431,17.99,23.539,16.259,-13.683,-9.051,-13.321,16.779,-0.097,13.793,-33.853
46.265,39.301,62.48,13.061,51.971,-38.02,-10.731,-33.819,-9.937,17.964,-20.581,3.216
49.126,34.761,28.173,-20.141,24.709,4.159,-14.665,12.986,22.277,-11.238,-4.348,-15.196
48.073,64.282,77.691,3.391,38.259,-27.497,3.357,-12.216,-17.612,7.617,-15.215,8.538
49.478,-12.883,16.752,-20.649,-6.049,-26.739,17.201,-0.016,-10.181,6.471,-13.045,14.878
52.434,43.274,-36.974,-3.435,5.042,-3.184,9.959,-10.357,0.336,-22.003,22.385,6.887
51.427,27.86,-42.0,8.591,-3.861,-75.649,-24.266,-37.096,0.209,-0.185,-26.092,10.239
49.809,-0.088,-30.686,0.019,-0.892,-47.89,1.992,-37.385,-3.405,27.507,2.924,-9.039
51.522,37.55,10.007,-82.307,4.941,-13.346,14.996,36.462,27.236,-5.927,-2.748,-1.1
53.327,65.858,-7.27,-16.142,-11.698,-29.358,14.645,-5.177,13.085,2.965,-7.401,12.284
53.462,84.106,2.273,-36.591,-6.784,-29.628,4.559,-0.464,21.482,3.84,-5.841,11.295
54.279,104.009,3.17,3.322,-15.129,-27.335,9.401,12.094,8.018,14.663,-6.994,5.597
51.918,74.493,-8.167,-18.61,-23.398,-62.972,10.795,-5.638,15.749,25.628,-17.562,11.757
51.928,99.115,-8.893,-26.757,-1.835,-28.536,8.745,3.207,19.007,-2.152,-24.997,-4.321
51.197,59.92,29.745,-16.753,-2.57,-29.016,23.865,13.45,25.988,10.495,-15.738,7.473
51.541,88.169,-24.433,-17.324,39.453,-35.658,8.821,-9.893,27.97,0.639,-18.29,-9.678
51.76,53.539,-5.313,8.837,28.6,7.54,15.34,-0.272,11.65,-8.453,-20.634,5.078
49.916,64.842,-4.297,-25.332,29.975,-10.446,24.576,14.927,28.371,-15.669,-5.604,-4.115
49.019,26.414,-20.757,16.581,-5.072,-98.196,18.081,-7.82,5.386,42.736,-3.95,9.104
49.403,79.988,1.121,-29.246,50.42,-17.419,14.342,1.218,26.432,-15.283,-8.713,-8.337
51.83,48.516,-35.622,41.209,30.223,-40.76,-2.475,-26.589,0.229,12.879,4.43,14.028
50.583,101.86,-25.067,-23.49,57.683,-32.08,-1.188,-3.8,-1.401,-14.853,-5.866,19.616
49.854,37.972,-26.685,4.012,21.933,-69.794,19.773,-22.059,-8.924,31.134,-25.29,19.514
52.806,108.387,7.071,-15.376,85.633,-28.138,21.873,6.701,11.547,1.434,-0.638,31.2
51.285,61.186,-1.644,23.081,37.675,-32.989,28.801,-34.519,-22.659,6.258,-16.441,23.844
51.344,90.444,-21.357,-1.841,73.596,-18.981,-2.847,-18.286,7.718,14.842,-24.585,2.825
51.82,60.873,-35.512,44.6,23.663,-68.649,-11.443,-24.937,-11.432,2.95,-13.318,18.176
49.91,61.85,20.213,-81.66,9.482,-4.657,2.416,26.316,21.621,-2.948,-11.368,13.377
52.106,64.693,-29.156,-17.566,-44.625,-41.191,5.645,-16.696,8.302,15.616,6.506,4.662
52.13,88.908,-5.639,-38.444,-23.58,-28.731,4.296,21.791,22.443,3.636,-5.217,21.42
52.139,79.671,-1.63,-31.776,-6.624,-26.885,0.841,-15.518,23.199,19.888,-23.95,7.708
51.931,114.017,-17.597,-15.626,18.959,-41.72,18.289,-2.882,12.315,1.224,-13.48,0.536
51.561,76.171,-7.888,-21.49,-24.396,-53.192,-3.796,-0.135,12.194,32.508,12.564,-1.06
52.709,103.879,-24.398,-18.143,19.529,-25.999,-2.142,-10.096,13.688,6.655,-16.124,6.567
51.963,31.837,5.197,-11.177,6.496,-39.185,-5.5,-5.406,-15.672,1.443,-11.174,31.837
52.236,79.282,-31.131,-19.958,29.973,-17.081,-3.601,-10.74,3.874,-7.816,-3.088,28.941
52.763,57.102,-35.515,30.719,19.302,-74.855,-11.35,-16.326,-5.904,3.921,-14.307,25.092
48.818,45.317,-8.979,-47.232,15.882,-30.204,-14.832,7.611,17.653,-3.03,-7.123,20.37
48.617,31.36,-55.047,-3.005,-23.91,-84.005,-28.945,-22.798,5.268,37.902,-15.969,19.766
48.265,42.86,-18.755,-72.865,28.507,-35.34,-32.378,12.728,11.678,2.161,-1.032,32.213
51.556,54.743,-44.349,60.171,23.256,-55.457,-13.681,-13.722,-12.695,12.08,12.14,18.646
51.079,106.054,-39.665,-37.273,63.881,-28.463,-15.656,-15.619,-4.655,3.25,1.973,33.437
50.692,40.92,-24.393,13.51,9.699,-53.159,24.715,-15.109,-22.589,23.486,4.369,26.762
47.976,24.889,-10.219,-12.539,77.499,-52.878,0.192,-17.384,20.779,10.75,-9.051,18.572
52.003,108.73,-17.808,-32.827,89.586,-35.172,-29.12,-14.671,16.211,5.503,-4.115,-9.854
50.17,36.762,-32.693,-6.173,31.622,-90.226,-11.089,-8.327,-3.644,9.739,-23.422,7.926
50.92,129.018,-24.721,-33.93,77.821,-34.285,-37.932,-10.784,11.718,3.063,2.743,9.14
51.685,72.837,-10.595,-25.426,67.636,-27.784,4.921,-56.921,17.264,25.257,-34.388,4.509
51.385,39.527,-33.084,40.342,62.783,-8.87,-3.545,-7.174,9.726,-19.04,9.829,9.001
53.142,90.228,-2.889,-37.236,3.268,-1.075,17.728,-0.384,17.619,-2.271,18.416,0.346
54.037,67.68,20.232,-16.548,0.694,-30.046,11.425,-1.236,44.023,19.226,-16.186,-3.841
53.413,97.581,9.315,-27.04,13.021,-45.167,30.054,-3.656,25.929,3.318,-10.152,13.133
54.736,97.944,4.677,-1.454,-11.817,-17.306,9.14,-19.636,27.893,8.182,-15.823,7.178
53.667,89.585,15.069,-18.506,-19.605,-37.934,3.344,-8.158,41.595,17.575,-8.902,4.361
53.832,113.353,-4.976,-17.75,-10.322,-44.364,-1.694,-2.54,28.499,14.103,-11.621,2.326
52.207,85.442,1.683,-20.768,-19.351,-22.131,23.896,-5.069,27.355,9.193,-17.908,21.711
51.971,67.729,20.216,-33.437,-3.909,-12.894,21.736,15.7,36.863,-5.35,-21.111,4.325
51.491,49.475,31.048,-17.913,6.615,-41.896,19.934,-0.058,36.945,21.061,-5.615,3.538
52.795,88.87,29.153,-13.764,-12.586,-30.797,6.727,-1.828,47.55,12.054,-10.929,-2.156
53.901,90.057,-15.596,-18.622,15.745,-32.429,12.21,-10.696,22.305,16.777,-17.898,-5.133
53.655,59.605,6.657,-7.27,-1.817,-33.903,5.08,-13.168,51.53,12.068,-17.232,-7.695
52.551,58.555,-21.048,-26.61,5.431,-72.65,18.405,5.481,27.963,19.283,-20.46,-4.731
49.35,-0.962,-25.436,-11.182,-3.384,-101.892,0.685,-10.596,17.63,41.892,-16.501,-10.775
50.604,66.212,-9.79,-53.691,-4.689,-33.152,2.97,8.923,37.297,-1.827,-3.44,-11.891
53.229,62.71,-28.485,27.317,12.863,-87.699,-3.213,-19.543,10.482,20.393,-8.24,2.922
50.689,76.399,-20.397,-45.635,40.137,-16.495,25.783,19.623,43.563,-21.737,-13.87,-8.523
49.816,42.389,-5.203,-26.139,5.065,-26.282,24.47,-15.704,0.217,10.799,-13.768,11.103
50.253,82.564,-39.874,-8.586,40.886,-28.413,1.58,-22.907,11.811,-8.61,-16.577,-11.692
49.732,107.537,-11.298,-57.6,12.354,-14.558,6.873,18.579,10.63,-20.243,-9.352,-2.305
49.384,64.918,-48.984,-8.263,-21.415,-83.877,0.952,2.181,-16.137,21.37,-23.806,3.281
48.451,54.459,-16.778,-46.728,19.139,-18.03,-0.205,-11.576,-2.159,-0.488,-28.953,2.204
53.313,82.543,-0.473,-38.833,-16.031,-4.711,13.32,5.296,15.98,-0.142,12.98,15.172
53.977,73.536,-5.19,-25.095,-2.793,-32.488,6.907,-5.93,51.944,20.572,-22.423,-17.808
53.476,102.023,-2.138,-38.173,0.316,-31.586,-3.094,-0.08,41.418,11.975,-13.777,11.082
54.178,78.159,-7.238,-0.669,-10.817,-70.807,-9.643,1.299,-5.373,3.896,-18.127,34.003
52.233,111.18,-10.147,-23.906,12.63,-34.821,13.122,4.252,8.685,0.359,-8.291,11.198
51.775,102.98,-1.563,-9.769,-23.836,-24.977,6.096,-24.48,16.685,8.616,-8.997,15.649
52.045,76.844,10.465,-51.379,-3.175,-32.764,3.088,-2.105,16.682,7.526,-24.051,8.134
51.319,53.591,18.245,-41.895,-4.774,-34.359,1.582,2.952,19.71,9.1,1.999,9.22
53.244,68.042,13.442,6.094,34.432,-38.658,36.835,-6.148,24.894,6.611,-20.66,9.201
53.834,48.459,2.322,28.044,44.273,-20.954,27.868,-17.694,22.719,11.455,17.246,-4.641
53.297,51.905,21.263,5.946,36.048,-65.154,51.083,16.816,9.489,25.91,-14.99,24.112
51.45,9.022,31.317,12.546,40.762,-25.649,57.329,-14.024,18.28,0.048,-8.451,3.381
52.783,77.763,37.533,-1.809,72.847,-45.62,46.868,9.066,24.092,4.883,-3.35,18.843
51.523,31.792,56.771,1.031,62.371,-39.619,57.752,-7.376,-0.165,10.207,-15.964,23.277
52.959,22.935,3.927,39.588,43.514,-50.921,29.257,-7.992,2.414,1.932,8.919,17.719
51.913,73.212,16.908,0.277,55.709,-22.338,4.438,-21.479,-1.343,-3.513,-21.919,-2.316
53.212,116.165,36.166,-21.87,72.674,-30.807,1.815,1.221,7.005,12.587,-7.307,3.442
53.558,58.644,33.623,14.523,37.114,-36.777,0.996,-19.954,3.63,16.153,-3.998,-13.027
51.799,25.048,63.161,-10.946,17.531,-32.841,-4.085,-8.736,6.888,18.348,-9.463,9.202
53.517,30.608,28.419,-17.532,1.287,-39.263,4.416,-3.827,10.637,4.844,-11.162,13.672
53.571,20.742,9.657,-4.538,6.025,-43.203,13.022,-9.073,-0.508,-4.889,-2.9,10.025
54.603,55.721,-1.916,-15.341,16.43,-71.519,5.905,-12.55,3.752,4.232,-8.432,20.245
54.944,81.09,42.744,-30.239,-14.965,-30.638,14.932,18.043,14.895,-3.404,2.837,14.986
55.806,97.665,27.818,-3.991,10.703,-28.291,35.107,-8.281,20.374,8.7,-20.162,26.61
54.499,56.319,33.457,-9.855,-7.184,-32.027,17.774,4.46,13.553,0.176,-6.314,6.042
55.114,68.427,-6.085,-2.987,-6.673,-41.049,-1.76,-10.032,-6.993,6.359,4.715,13.989
54.413,59.068,28.93,-21.708,-4.314,-28.368,5.368,-3.564,14.899,-2.018,-4.731,3.927
54.432,72.451,23.338,-10.68,-10.766,-39.317,3.269,-5.783,16.236,-13.014,-6.459,13.474
54.776,63.349,29.307,-7.993,5.659,-27.733,17.175,-15.926,28.965,17.365,-4.612,7.203
54.311,69.358,28.307,-3.965,-15.652,-24.994,8.374,-19.687,15.771,-5.82,-11.992,-6.426
53.514,40.287,50.208,-22.755,8.144,-27.23,9.822,-0.3,6.248,-6.226,-15.104,-0.848
54.644,54.803,48.123,-9.789,10.681,-26.015,5.289,16.786,-1.941,-16.526,-0.368,13.388
55.501,69.125,25.422,-11.017,-9.202,-37.651,9.939,2.375,16.701,2.859,-6.432,7.813
54.585,60.857,30.48,-18.023,-9.492,-20.387,13.273,1.564,27.188,-8.741,-6.547,-10.839
54.109,39.986,30.524,-10.956,-7.725,-29.87,15.002,3.519,19.948,-0.689,-10.406,0.696
53.58,20.134,26.22,-10.071,-7.392,-21.463,12.863,0.307,5.717,-2.165,-21.277,-7.391
55.262,60.248,11.739,-15.881,-0.351,-22.316,22.217,-2.997,9.18,-4.87,17.925,0.777
54.057,36.473,35.251,11.085,-11.948,-48.611,16.93,2.862,4.229,8.824,-6.735,13.512
54.295,61.077,25.929,-29.604,0.875,-25.781,-1.041,-2.986,16.175,10.773,-12.678,-6.149
54.83,46.424,29.333,6.68,15.115,-42.167,11.152,-24.132,30.399,22.385,-7.108,-3.224
54.831,55.381,22.231,1.255,-4.216,-24.023,1.303,1.517,21.552,-1.115,-11.718,-1.227
53.57,32.402,29.374,-15.626,-3.279,-37.339,16.187,5.715,16.497,9.435,-5.482,4.137
53.594,38.263,19.893,-12.351,-3.191,-45.421,13.271,-7.615,19.207,8.598,-9.533,4.06
53.922,44.849,16.368,-10.798,3.349,-26.622,12.168,-3.217,20.242,-5.128,-7.238,2.116
55.325,89.343,17.289,-19.556,7.755,-55.934,-2.446,-8.034,10.562,11.166,-14.993,15.645
54.875,56.936,30.269,-15.278,0.689,-40.024,5.22,-11.757,24.681,13.314,-11.017,-0.536
55.639,88.052,18.918,-18.329,11.374,-40.415,-5.651,-9.977,38.788,15.79,-9.539,-11.668
55.252,83.893,13.545,5.325,-1.68,-42.324,11.701,-10.591,12.619,24.529,-7.423,4.043
54.465,53.209,30.307,-26.796,-7.83,-38.497,6.541,11.38,17.619,10.365,-13.259,1.854
55.617,60.029,3.969,-5.642,12.354,-58.127,4.229,2.031,-5.691,7.398,-11.899,18.49
54.363,43.45,30.3,-25.34,9.299,-31.428,4.691,-3.719,21.517,4.241,-8.68,0.656
53.773,44.856,24.056,-16.064,12.712,-27.863,13.966,-5.364,15.927,-10.232,-0.235,4.269
54.65,62.591,45.411,-32.846,-10.898,-36.151,16.951,18.704,17.976,9.724,1.048,10.751
54.841,72.111,36.408,2.184,3.516,-28.877,16.264,-5.256,16.429,3.188,-13.469,-0.185
53.998,61.445,36.204,-37.312,-1.031,-29.052,-0.592,9.888,16.128,10.631,-16.721,4.928
53.778,46.619,49.195,4.144,4.66,-22.897,8.909,-9.256,-1.307,7.418,-13.609,12.864
53.496,18.656,31.92,-7.214,-8.253,-35.833,6.696,5.101,11.751,1.469,-7.677,-0.915
53.799,47.265,24.842,-27.026,-11.611,-37.517,6.271,-9.148,4.444,-4.821,-15.381,0.753
54.319,53.102,28.263,-27.95,-10.256,-23.038,22.088,7.127,8.766,-0.44,-5.61,17.436
54.395,50.918,17.251,1.561,-0.263,-34.524,34.304,-18.882,10.997,-3.475,-2.218,9.344
54.822,69.212,1.219,-9.06,-1.72,-47.1,0.068,-3.567,2.819,13.563,-0.597,-7.472
54.166,52.579,25.754,-10.928,2.766,-41.956,26.978,8.175,12.244,0.944,-12.883,8.113
53.468,46.269,39.426,3.414,-2.538,-43.035,22.674,-2.486,6.962,15.945,-13.646,10.606
54.922,64.175,42.198,-7.859,3.044,-20.964,19.622,13.724,18.707,1.094,-12.957,4.258
54.389,52.362,45.023,-16.986,1.293,-24.038,26.524,8.25,2.467,6.192,-3.893,12.91
55.399,57.448,21.108,0.951,1.128,-37.321,20.338,-13.622,19.006,15.78,-11.716,-0.383
54.618,63.975,28.296,0.192,-1.996,-32.979,1.939,-8.867,17.123,4.004,-4.693,-0.614
54.732,71.949,25.102,-9.575,3.723,-35.792,11.51,-13.555,-0.665,11.19,-10.723,11.19
54.657,63.934,19.486,-6.976,16.195,-8.637,8.06,5.92,4.256,-24.13,7.088,5.967
54.713,66.854,24.403,-17.848,-4.614,-37.454,16.431,9.798,-0.703,18.44,4.537,15.779
55.184,68.725,34.292,3.064,-4.641,-37.914,18.84,-0.443,10.1,2.004,-11.457,26.756
54.786,67.445,37.771,-20.053,-11.431,-32.889,8.455,0.565,13.748,10.0,-11.583,3.451
55.712,88.059,17.608,-1.672,2.107,-39.098,18.673,-5.509,19.483,9.07,-4.514,18.008
54.064,48.649,21.244,-15.549,-8.403,-30.95,4.291,-8.466,9.308,7.564,-10.221,0.806
55.295,86.729,3.22,-15.487,-10.993,-48.624,3.034,10.87,-1.313,-3.034,-0.062,24.563
54.485,63.216,26.309,-6.228,-3.131,-34.37,31.14,-9.708,5.681,4.714,-9.84,15.56
54.813,61.312,23.473,-17.911,-1.147,-24.506,-1.638,22.659,24.238,-7.377,-5.062,-2.183
55.158,68.468,32.52,-6.765,-6.451,-42.655,16.778,-2.253,8.782,4.224,-2.58,6.202
54.955,41.21,28.862,-4.633,0.639,-24.849,20.313,-3.322,22.175,-10.005,-12.685,-3.741
53.982,39.836,13.975,-12.278,-8.067,-28.053,2.693,-21.104,12.878,10.01,-11.706,-6.645
54.386,63.184,15.931,-23.719,-7.942,-30.006,7.85,-15.681,10.46,4.451,0.483,14.75
54.668,50.255,18.722,5.271,0.768,-32.589,13.861,-7.964,4.066,-1.524,-4.94,-0.066
53.531,13.381,27.035,-13.313,14.668,-36.213,16.895,-3.45,9.037,6.271,-16.008,0.251
55.765,78.535,14.043,-4.838,7.18,-40.445,8.489,-15.195,13.073,6.61,-2.087,16.72
54.034,36.408,28.771,-14.236,-8.756,-30.266,7.506,0.053,10.085,8.786,-7.388,-7.958
54.971,66.844,29.707,-6.833,4.194,-37.422,7.497,-6.874,11.308,10.795,-7.59,-11.441
53.845,73.268,17.464,9.466,-15.988,-34.23,6.724,-2.017,7.224,-4.845,-1.725,13.03
53.819,63.754,19.35,-19.858,-15.204,-13.761,18.329,1.11,9.573,-6.618,-11.05,-0.775
53.94,39.733,28.967,-21.234,-14.318,-33.993,4.425,-9.32,7.25,-0.398,-13.105,3.726
55.612,85.506,16.453,-8.545,-10.819,-46.106,12.51,0.004,16.37,0.847,-1.954,2.061
54.548,55.318,34.966,-17.01,-3.648,-28.729,6.051,-9.143,13.305,11.02,-15.028,-2.46
54.84,45.426,33.355,-1.237,13.193,-36.657,11.188,-11.16,1.583,14.793,-0.454,-4.778
55.441,57.357,41.914,-9.866,3.84,-20.14,16.53,4.554,24.45,-4.76,-3.791,-2.474
54.581,63.552,26.191,-5.831,8.319,-38.674,24.501,-7.415,17.48,7.242,3.044,-1.914
54.881,66.243,15.415,-0.557,-4.767,-55.941,-11.966,-7.946,7.64,3.905,-9.938,4.478
52.969,9.434,35.152,-8.601,-11.279,-35.648,1.949,-18.503,8.944,14.686,-10.482,-25.705
53.803,30.559,31.521,-22.938,0.848,-33.007,3.094,9.625,14.245,-12.472,-6.003,-2.853
54.928,48.174,47.295,-20.391,-9.311,-34.939,9.905,16.083,6.552,-5.978,-5.717,-1.292
54.016,23.725,31.565,-3.2,-9.689,-36.125,2.048,0.845,1.207,6.319,-14.294,-5.621
54.813,52.176,31.825,-26.118,-10.141,-16.029,13.483,13.421,0.367,-24.456,5.153,-9.259
55.067,56.685,38.257,-8.328,-12.7,-29.073,11.9,-4.279,-1.332,-5.884,-10.932,-12.996
54.785,47.927,38.385,13.763,-6.41,-34.575,26.686,-10.041,11.335,7.137,-14.355,2.462
55.293,51.158,33.581,5.435,-6.817,-24.487,21.75,-15.388,6.745,-3.989,-2.413,-21.188
54.468,63.93,28.335,3.453,-6.513,-48.877,-5.453,-2.378,-15.672,-9.92,-9.108,2.846
55.518,76.624,30.962,-13.835,-27.065,-49.592,26.807,6.944,-8.591,2.122,-14.074,-1.954
55.677,74.129,35.5,-4.836,-14.39,-44.094,25.041,0.608,9.622,9.996,-12.919,5.554
54.045,25.577,36.306,14.003,-13.723,-42.575,6.653,-12.885,-3.633,10.181,-3.957,-18.008
54.469,27.013,40.459,0.772,-16.36,-20.273,4.023,-0.133,-3.111,-3.576,0.018,-27.485
53.74,38.149,29.026,2.618,-22.925,-18.014,16.137,-20.415,-4.102,-19.528,-5.697,-21.891
55.14,65.745,24.762,-15.026,-14.698,-17.47,4.611,13.977,-8.15,-26.232,10.397,-2.559
55.115,63.644,28.699,-0.854,-11.316,-20.812,12.509,-11.54,3.048,9.581,-1.47,-13.81
54.891,44.276,36.994,7.299,-25.148,-37.543,3.887,-4.712,-5.52,-14.948,-12.934,-15.278
54.426,55.736,24.999,-2.997,-14.223,-28.672,6.609,-20.905,-22.903,3.765,-10.731,-11.897
55.177,64.269,40.227,-28.254,8.083,-17.42,-2.432,23.55,-2.422,-32.216,3.441,-2.72
55.162,64.986,36.033,-15.418,-22.579,-60.332,2.026,-12.626,-3.927,25.279,-12.861,-9.525
54.649,80.337,31.417,-27.709,-16.529,-19.469,7.278,14.278,-9.47,-0.46,-12.48,-12.836
54.985,79.525,7.531,-17.031,-16.181,-42.047,15.043,2.328,4.978,-6.118,7.851,-0.001
55.22,75.184,26.737,-13.283,-20.149,-39.732,3.084,7.478,9.762,8.599,-10.522,-10.25
54.698,68.269,29.761,-12.436,-31.591,-48.06,15.977,-2.887,-8.169,12.815,-12.946,-2.607
55.12,61.9,29.158,-14.86,-13.142,-46.711,3.013,0.91,-7.001,6.674,-4.592,-17.328
55.735,103.171,44.92,-12.477,-20.302,-32.993,0.813,-9.052,21.757,14.248,-10.636,-16.951
55.407,89.128,51.311,-19.672,-13.046,-31.144,-19.406,-1.087,7.273,15.029,-12.78,-8.643
55.348,64.575,21.964,-10.334,-9.824,-43.663,-5.113,-17.704,-11.134,-1.83,-15.636,-6.086
54.028,58.478,44.981,-10.836,-22.433,-41.269,5.623,-12.959,-2.092,10.786,-15.532,-13.367
54.497,61.418,32.592,-7.869,-8.905,-31.834,5.676,-6.364,-4.777,-0.203,-16.02,-22.962
55.09,80.163,0.681,-11.159,-23.623,-30.033,22.438,-0.889,-0.937,2.711,0.593,3.725
55.12,78.112,14.584,-9.392,-14.384,-33.723,15.234,-14.053,1.496,17.414,-14.682,2.88
54.909,76.385,14.343,1.587,-12.749,-60.105,-7.779,9.163,-5.942,8.619,-7.428,4.938
54.342,70.323,34.995,-29.832,-2.193,-23.238,14.954,-0.779,4.589,1.009,-12.009,-10.197
54.839,53.968,30.638,-7.355,-15.121,-38.016,23.756,10.259,11.32,5.215,-0.124,3.388
54.404,53.604,31.91,-6.544,6.358,-38.519,7.253,-9.742,-4.13,7.076,-11.644,-14.021
55.055,50.323,26.41,6.137,17.094,-23.841,-6.312,-5.446,-2.386,-14.364,10.02,-2.306
55.105,80.356,20.138,-24.783,-16.372,-41.251,18.459,-4.598,14.323,7.29,-3.84,-2.781
55.5,75.884,31.309,-15.722,0.241,-22.913,16.617,7.124,14.902,6.852,-3.128,2.18
54.617,43.238,25.988,-13.492,-6.07,-43.489,21.559,-7.054,2.595,13.628,-20.548,1.264
55.666,62.787,11.531,-12.962,-4.901,-45.999,13.706,-1.17,-5.421,6.319,-8.139,19.027
54.817,50.152,30.473,-22.198,5.961,-28.886,24.58,-6.991,1.971,-6.5,-6.955,15.076
54.923,48.238,40.991,-4.166,4.519,-28.63,22.254,10.263,-2.628,3.756,-4.792,11.564
54.768,64.171,20.95,-13.409,-14.878,-35.639,6.417,-4.711,2.469,3.543,0.374,-4.867
54.42,44.608,36.389,-2.172,2.779,-46.689,14.352,11.662,8.781,5.202,-3.786,1.19
54.165,56.506,13.445,-25.612,9.502,-29.714,17.715,-10.969,-7.338,-11.734,-6.895,10.911
55.826,63.341,20.908,-3.282,6.518,-40.385,17.891,-3.198,-0.151,-6.231,-2.259,20.756
54.742,43.752,31.969,-4.37,3.173,-51.551,26.857,9.691,1.318,2.739,-9.009,6.546
54.65,60.728,31.74,-7.991,8.15,-31.681,22.082,2.998,-4.539,-1.259,-5.393,-3.452
55.844,77.585,26.286,-15.478,-6.429,-45.599,29.485,1.112,17.383,8.542,-10.929,5.305
55.752,61.622,19.638,-8.248,-3.211,-60.037,6.821,-1.207,-10.024,12.135,-6.295,10.134
54.892,66.019,48.331,-21.305,-6.989,-41.354,20.56,12.222,1.848,2.881,-0.006,3.23
55.338,66.511,23.39,10.187,-1.147,-28.902,11.518,-6.223,-4.412,6.218,2.306,3.372
54.864,47.834,36.063,-18.697,-1.839,-30.239,20.831,8.669,-16.324,-3.743,-8.594,-3.572
55.589,79.195,15.692,-18.734,-6.982,-52.296,20.914,3.274,4.14,7.138,-19.186,-0.404
55.48,61.587,11.855,-18.571,-3.865,-42.638,0.527,0.757,5.37,10.456,14.376,-7.441
54.632,69.202,12.705,-18.525,-20.459,-43.51,7.831,-12.391,5.287,9.576,-8.451,-0.242
54.532,55.36,17.355,-11.989,6.857,-39.595,14.104,-4.497,7.964,3.212,-13.37,-8.009
54.395,40.167,26.804,-18.459,3.764,-30.521,23.456,16.755,-4.503,-12.612,-3.813,-0.974
55.512,64.881,16.399,-14.977,1.036,-43.833,8.431,-1.712,3.952,3.23,9.98,2.697
54.495,64.075,21.62,-17.599,-1.668,-23.753,27.612,-7.446,4.682,-4.005,-5.14,-8.613
54.574,49.592,18.735,-4.097,-10.567,-33.413,29.466,-11.857,-6.349,2.441,-0.359,3.31
54.192,45.995,36.856,-38.712,-4.841,-31.215,4.506,30.355,3.831,-9.985,-4.018,13.723
54.604,66.424,31.865,-6.026,5.813,-33.484,21.786,-10.126,7.233,11.553,-15.536,1.725
54.317,57.764,43.03,-11.847,13.86,-35.036,13.95,2.158,2.413,-5.425,-1.857,-6.614
54.869,49.618,28.062,-11.629,-0.09,-34.65,1.988,14.126,5.353,-7.833,-0.325,-8.16
54.821,79.308,28.65,-9.888,8.975,-33.596,8.071,-11.765,8.532,0.341,-14.122,9.224
54.971,55.704,34.07,-6.834,12.497,-41.362,13.683,-1.296,-6.602,4.284,-7.428,5.694
55.815,73.083,10.928,-13.388,7.629,-44.666,7.443,-3.004,-0.272,-1.95,4.02,10.556
55.903,82.99,1.895,-6.059,1.195,-58.4,8.779,-1.772,0.208,9.481,-20.675,7.719
54.761,76.905,25.326,-23.959,-14.987,-36.058,14.747,1.833,12.064,12.152,-7.274,5.417
54.148,57.639,21.977,-25.483,9.797,-31.336,5.684,-5.987,9.293,10.87,-20.5,-15.806
55.011,77.104,2.01,-12.017,-5.315,-54.024,8.352,-10.724,11.332,23.532,-3.438,-13.78
55.182,56.963,22.133,-9.412,8.769,-33.188,10.774,-12.685,20.595,16.205,-20.02,-1.207
55.402,57.625,3.573,-2.046,14.407,-34.505,10.006,-4.336,2.536,8.081,-0.102,-6.39
54.243,39.92,20.819,-23.189,0.142,-33.72,4.038,10.634,15.25,-3.632,0.196,-3.272
55.277,79.946,14.818,-28.784,-18.675,-43.009,4.933,-17.87,19.805,4.819,-17.321,-4.049
55.437,65.178,19.468,-9.026,-5.061,-45.455,5.392,-4.98,9.602,14.581,-13.339,-2.713
55.26,65.255,12.301,-16.533,5.232,-34.666,5.095,-8.014,18.835,16.542,-15.286,-11.051
55.673,65.717,20.744,0.667,17.252,-32.457,3.817,-2.732,-0.777,2.351,15.208,-6.004
54.4,54.065,23.912,-13.091,19.33,-29.965,1.267,-10.526,8.581,13.646,-7.286,-1.712
53.668,54.396,0.992,-29.122,7.275,-28.074,-1.852,-22.273,1.341,0.147,-20.135,-10.154
54.09,45.573,8.393,-27.268,22.435,-34.963,20.941,-4.915,6.407,-1.44,-2.336,-3.011
54.959,62.347,24.382,-23.75,4.162,-28.832,23.13,-7.094,16.209,-4.024,-5.671,-6.994
55.093,51.967,26.978,-7.849,5.039,-25.112,10.954,-8.052,28.823,-4.295,-11.07,-8.784
55.49,63.496,7.72,-17.697,0.732,-35.963,12.507,7.187,5.388,1.979,9.875,1.519
55.463,58.671,26.455,-19.794,1.376,-33.598,7.43,-8.815,18.039,15.742,-10.975,-6.364
54.846,61.645,23.931,-15.959,-2.582,-32.482,2.564,1.214,19.463,5.033,-5.247,-13.743
55.272,63.614,24.163,-13.654,4.048,-24.509,-1.991,-4.189,14.209,4.586,-18.965,-13.606
54.332,47.07,24.39,-11.629,9.53,-30.34,10.347,3.852,13.718,-7.993,-9.342,-6.34
53.96,31.921,30.224,-14.89,6.766,-29.289,6.108,-5.468,9.877,7.323,-6.713,-12.886
55.443,64.956,25.552,-4.9,19.509,-23.299,7.694,11.246,-3.132,-17.699,5.024,2.999
54.85,53.352,16.567,-11.377,10.239,-46.549,8.301,-3.342,19.061,17.96,-10.848,-10.282
54.639,70.092,27.671,-18.155,-6.589,-28.643,11.792,3.805,13.029,6.855,-4.213,1.696
55.187,64.681,28.641,-9.851,-6.637,-44.806,14.548,-4.033,8.016,13.883,-9.337,-3.322
55.315,78.975,17.323,-16.104,1.86,-28.548,5.736,-14.084,19.918,10.702,-15.798,-4.053
54.589,38.345,24.944,-32.964,-6.661,-29.53,-0.954,26.744,13.763,1.809,-8.495,-1.379
54.637,56.578,38.874,-26.454,3.214,-39.051,17.252,5.772,10.946,0.966,-2.377,-2.116
55.193,59.442,19.507,-9.278,3.228,-38.258,13.426,-4.583,-1.912,11.542,-9.341,8.813
55.972,72.936,12.654,-9.079,6.815,-56.902,-0.803,-6.104,4.753,5.431,-5.83,12.548
55.293,55.397,33.739,-13.348,8.299,-31.158,20.626,7.488,3.725,10.482,-9.758,8.088
54.391,52.757,36.459,-19.378,0.782,-38.122,12.819,7.499,8.443,8.267,-13.64,12.904
55.041,60.859,2.011,-19.377,1.798,-54.512,-1.124,-9.068,-3.881,3.112,-9.506,13.918
55.885,65.83,20.259,-25.639,0.396,-33.833,7.472,0.918,18.125,8.66,6.6,-10.132
55.353,64.426,30.067,-22.069,11.093,-36.656,20.882,8.622,24.026,10.223,-17.065,3.565
54.508,48.827,35.183,-19.862,8.972,-35.365,24.433,0.651,9.035,11.61,-9.008,-1.885
55.554,73.149,9.746,-7.016,6.619,-42.808,-1.638,-18.323,0.84,9.313,2.039,-1.802
54.433,47.332,25.645,-15.114,19.169,-36.124,6.85,5.823,10.796,3.852,-5.975,-4.071
55.624,81.411,14.901,-18.991,4.41,-32.641,18.757,9.439,4.572,10.32,-7.234,4.303
55.237,65.836,25.574,-15.312,-0.373,-28.45,16.343,-9.099,11.615,11.307,-19.556,5.627
55.587,73.215,9.277,-26.459,1.354,-51.196,2.527,-1.882,-0.461,18.206,-11.419,3.971
55.716,88.263,14.133,-9.199,0.749,-38.737,6.034,-16.102,25.786,12.731,-11.366,6.923
54.974,49.288,27.566,-14.632,3.756,-38.252,24.013,10.01,14.258,6.688,-10.961,-1.02
54.898,43.476,17.449,-19.58,14.41,-36.961,29.357,6.24,17.461,0.919,-7.73,-2.132
55.281,53.516,14.137,-5.774,-1.639,-33.368,12.454,-1.211,4.173,2.45,-5.206,-10.131
55.103,56.517,9.407,-6.985,19.548,-54.172,-9.013,-6.495,-10.568,7.997,-13.311,8.298
54.899,65.92,18.485,-18.931,-3.273,-35.454,19.437,4.214,3.918,14.381,-1.853,8.129
54.88,67.204,25.659,-19.32,2.752,-25.297,23.771,-11.075,16.664,13.917,-15.547,15.681
54.451,50.331,14.854,-13.567,-0.612,-36.342,18.396,-10.886,-0.188,14.402,-10.265,15.782
56.298,67.942,12.054,-10.443,5.905,-48.04,12.8,6.492,1.615,11.058,-11.442,13.297
55.351,71.348,16.139,-6.057,-1.134,-39.864,-8.008,-3.105,20.257,4.465,-6.446,3.552
55.02,58.538,19.306,-7.167,-12.689,-34.136,8.639,0.319,0.872,17.511,-10.941,-10.592
54.399,59.309,8.394,-21.016,25.26,-47.468,19.235,-9.716,15.396,8.612,-13.806,-5.621
54.975,56.659,11.248,-16.612,4.863,-28.459,2.129,5.122,3.897,5.087,-5.844,0.002
55.097,91.541,10.015,-29.065,14.143,-28.284,7.039,14.117,4.098,-12.647,5.427,12.42
54.973,82.334,31.727,-17.016,-6.174,-34.409,10.606,-7.415,-4.29,23.548,-6.078,5.251
55.252,65.637,10.951,-3.285,7.187,-36.545,7.426,3.626,0.078,3.466,2.807,10.314
53.923,70.429,-10.041,33.446,19.752,-37.948,-0.038,0.724,10.254,2.212,-14.522,10.338
47.395,17.029,24.332,8.727,7.536,-35.381,-7.355,-11.93,23.361,10.04,-15.416,-8.968
45.369,-50.319,17.361,-15.135,0.489,-41.859,9.86,6.003,17.642,10.599,-11.458,3.419
45.416,-25.974,34.213,-23.413,4.239,-38.867,4.653,4.407,28.018,4.449,-11.358,-9.117
45.679,-33.082,41.541,6.648,6.073,-45.554,19.672,-5.018,10.358,9.384,0.085,-5.185
44.94,-43.483,60.435,-25.214,15.195,-38.336,12.906,0.25,9.657,18.977,-6.052,-7.182
45.558,-50.525,56.49,20.324,26.054,-33.914,11.398,-2.722,19.706,1.719,-11.497,-12.064
45.902,-40.414,45.748,-10.712,12.508,-44.703,11.129,7.187,9.402,14.215,0.987,-5.756
45.095,-53.42,46.193,-22.03,15.016,-34.568,10.238,-2.994,7.413,17.853,-8.641,-6.691
45.105,-61.073,60.591,7.176,35.039,-31.87,10.521,16.513,25.127,-6.105,-6.383,-27.187
44.671,-50.595,18.846,3.336,22.744,-42.298,14.99,-1.767,23.948,11.535,-12.881,-20.894
44.218,-54.546,58.188,-7.677,11.301,-26.564,27.42,0.108,7.287,7.276,-16.27,-14.128
44.694,-47.384,53.101,-11.762,21.772,-25.49,-2.515,-11.649,6.236,7.179,3.253,-2.263
44.477,-100.453,26.855,-15.582,3.8,-33.192,19.37,24.389,-5.877,-4.772,1.982,5.012
44.17,-76.263,7.849,-20.481,9.505,-29.549,16.021,-10.71,-0.158,-3.545,-1.246,5.116
45.101,-41.092,12.31,-1.138,15.247,-27.784,11.89,-18.332,-5.271,8.257,8.723,4.839
43.803,-90.083,31.344,7.702,9.622,-45.613,13.362,-9.502,1.968,4.509,0.784,-0.371
43.187,-89.783,50.66,-26.871,4.404,-36.956,11.428,-5.485,-10.445,-6.508,5.151,-11.77
43.787,-56.013,14.132,-12.392,1.14,-50.731,1.462,-1.208,-5.804,-0.599,-8.509,-4.724
42.373,-82.677,2.1,-5.97,7.207,-52.258,-1.137,8.513,7.875,10.36,-9.679,-1.358
41.149,-52.919,-12.374,-17.404,14.055,-13.511,6.384,-17.148,10.377,-1.467,12.363,-11.585
42.448,-39.303,37.081,-40.628,17.871,-39.926,16.388,2.783,2.754,7.234,2.373,15.151
46.251,-23.729,52.743,-21.928,9.163,-23.709,21.943,4.397,8.282,2.969,8.408,-13.122
48.053,-16.799,60.4,-11.707,2.37,-48.507,26.284,1.775,15.613,10.347,-7.715,-6.899
47.621,-13.557,56.955,30.585,10.91,-36.151,41.25,6.398,14.437,-5.477,-6.062,-8.227
47.392,-5.27,72.614,17.44,12.184,-20.568,44.994,-9.201,11.942,12.819,-5.606,-7.45
46.584,-41.363,56.837,11.528,3.614,-42.392,37.697,8.068,1.678,1.33,-3.396,4.019
45.809,-33.272,84.817,5.752,19.543,-30.769,29.329,18.168,1.826,1.961,-14.294,-13.611
44.864,-33.448,67.046,0.758,13.106,-33.559,32.637,8.671,5.494,18.668,-1.638,-13.334
44.858,-43.538,58.192,-3.81,-2.596,-36.631,32.913,10.702,-0.585,-1.899,-1.871,-5.759
45.003,-64.926,47.06,3.342,10.212,-38.454,39.762,13.171,-3.414,4.526,-10.431,-10.737
45.179,-42.508,46.473,-6.778,15.868,-54.458,34.224,0.528,-3.34,0.484,-13.109,-4.643
44.454,-66.928,68.964,4.58,34.412,-30.666,13.909,8.775,-1.862,-1.52,-8.996,-22.188
44.955,-71.359,48.026,-15.596,23.493,-41.957,30.962,7.766,17.915,14.214,-13.062,-21.793
45.713,-42.028,38.878,7.351,7.523,-45.071,30.942,1.177,10.189,9.023,-4.374,-19.005
45.748,-43.039,32.697,22.585,8.109,-67.089,18.483,-2.313,-15.06,18.965,-16.008,8.69
44.349,-43.452,40.141,-8.078,26.248,-33.41,14.062,7.137,6.144,5.949,-15.293,-5.837
44.684,-56.619,19.077,-3.018,19.92,-47.927,23.445,-4.97,2.777,-0.457,11.406,3.447
45.361,-42.768,32.0,-24.69,4.867,-19.621,-8.521,-3.907,3.528,5.199,-15.219,-2.978
45.599,-52.9,16.477,-10.035,1.794,-44.105,15.675,-11.946,0.218,10.727,-19.894,2.081
44.963,-73.329,30.622,-16.22,6.673,-53.608,9.874,1.663,-5.202,-0.553,-9.238,3.612
44.517,-75.548,40.419,-3.75,10.045,-35.537,1.307,13.464,-10.059,-12.51,3.774,9.044
44.301,-58.477,32.478,-16.967,18.261,-26.557,4.625,-8.19,0.213,9.603,-0.241,2.734
44.464,-73.424,25.795,-3.486,9.798,-48.123,12.099,-0.188,3.708,-3.474,2.109,3.398
45.393,-54.451,35.389,5.471,0.244,-40.187,10.984,-13.855,-9.65,1.641,-8.501,-2.846
43.632,-84.398,29.217,-27.662,5.008,-30.515,26.044,15.512,7.728,-1.103,-9.574,1.232
46.025,-45.676,25.51,16.953,15.005,-70.097,-1.397,-2.015,-16.881,8.306,-7.801,8.009
45.069,-59.18,33.516,-47.576,12.957,-49.151,0.848,18.415,21.444,12.599,-4.171,-13.132
45.975,-23.206,18.028,-10.868,13.326,-34.742,-11.986,-6.776,31.469,2.167,-18.812,-17.205
45.673,-7.044,51.085,-43.392,30.441,-26.59,12.52,1.509,3.457,11.164,5.042,7.239
48.747,24.78,56.546,-25.973,35.07,-34.327,18.948,11.153,18.499,5.724,2.342,6.255
49.763,28.232,65.316,9.086,48.838,-39.408,13.941,1.121,9.428,9.439,2.472,20.176
48.723,-20.933,62.568,2.977,32.602,-32.95,35.961,3.345,10.61,3.641,-13.141,18.863
48.436,-9.779,50.22,14.645,36.413,-37.895,15.497,-2.087,5.604,-2.304,-0.833,0.153
46.37,-12.322,71.004,-5.029,42.007,-20.379,15.577,-18.726,2.176,10.467,-2.28,3.121
46.173,-44.964,61.775,-12.457,8.288,-36.209,9.791,-6.998,-19.939,-0.09,4.389,-5.979
45.368,-48.035,53.558,-6.506,14.623,-39.129,9.76,4.456,-3.185,4.646,0.894,-24.602
44.988,-36.578,71.929,3.64,28.449,-32.643,21.663,6.597,-1.498,-5.652,-16.422,-8.39
45.061,-62.481,57.107,-13.28,19.95,-47.726,20.254,13.3,6.716,5.999,-3.352,-1.239
46.209,-12.593,52.469,-8.631,31.853,-45.731,11.663,13.221,16.109,-11.924,4.763,-9.819
47.935,-7.551,54.524,-12.176,20.648,-38.638,19.847,16.792,4.696,-7.413,0.023,-5.613
49.134,31.945,65.803,-1.836,-5.536,-34.395,28.551,-5.095,-1.341,7.882,-5.511,-15.154
50.488,55.323,74.655,-14.608,-12.956,-15.933,-8.896,7.999,-0.793,-0.876,-3.892,-16.797
49.74,64.782,58.94,23.962,-39.71,-46.546,-0.59,8.07,-16.239,-2.436,-4.875,-2.212
48.751,26.831,71.148,18.461,-0.612,-17.669,7.48,-32.002,1.063,16.699,-19.071,-28.064
47.8,-44.73,55.839,4.713,22.208,-33.371,-9.768,7.508,25.056,-7.53,-15.942,-17.704
45.405,-32.938,43.817,-6.755,8.162,-53.013,18.311,1.717,14.881,1.427,-1.066,-14.95
46.458,-29.454,46.381,-4.656,11.149,0.863,21.302,-5.444,7.686,-15.928,-12.368,-13.812
46.705,-66.967,37.324,-24.168,6.18,-56.369,-16.33,17.124,8.355,6.859,-3.959,-7.204
48.311,-21.568,48.211,-18.604,8.633,-12.42,8.838,4.61,8.894,-21.098,-22.344,1.193
47.507,-50.275,38.783,-13.077,7.597,-57.135,-16.773,-1.912,11.278,9.901,-14.464,-4.225
48.098,-14.646,61.792,1.38,17.415,-37.877,-10.657,-21.396,0.331,7.786,-2.076,4.617
49.136,-15.387,36.819,14.389,20.29,-50.962,-11.51,-29.822,10.119,23.815,6.742,-8.333
48.679,-50.951,39.452,-18.314,30.287,-41.255,0.981,6.824,22.221,15.787,5.869,-13.235
48.801,-36.263,33.028,14.56,17.724,-34.469,15.572,-13.555,15.503,13.046,3.641,-7.128
50.07,16.664,51.859,36.588,26.071,-51.042,18.998,-12.397,3.134,-8.592,-31.429,9.319
46.234,-33.324,43.022,2.156,17.964,-40.249,1.522,-8.248,6.942,23.609,-1.577,7.318
46.988,-41.563,35.035,-15.652,11.882,-35.432,13.982,-1.604,14.549,8.93,3.702,5.036
48.248,-24.445,31.493,29.994,26.434,-45.396,9.02,-19.668,5.072,9.295,13.655,-2.481
47.199,-32.794,32.728,28.012,27.199,-37.329,-2.688,-18.852,11.696,22.462,13.334,-16.323
46.389,-33.921,33.97,-3.429,22.664,-34.672,-2.204,-9.915,10.753,8.252,10.817,-12.015
46.731,-45.128,47.679,18.303,38.148,-8.388,8.958,2.342,15.705,-2.863,3.65,-5.261
47.197,-25.001,55.331,5.136,30.75,18.799,9.871,-0.63,5.527,-19.476,-19.088,0.288
46.135,-44.293,35.959,-18.067,-0.435,-18.556,19.126,14.229,8.718,-26.509,-5.957,-2.51
47.508,-13.041,40.576,15.884,1.097,-6.051,21.618,-21.215,6.683,-15.667,-4.75,-10.668
47.009,-35.935,69.612,-4.568,36.924,-35.653,-10.397,-1.818,10.708,26.596,14.542,-15.23
47.438,-34.434,46.777,7.622,3.841,-75.237,12.197,-16.111,-5.721,37.801,-17.804,-3.357
46.64,-60.362,14.718,5.073,0.049,-47.655,6.902,-26.956,5.676,12.903,0.851,0.653
47.572,-58.916,33.374,35.056,32.244,-54.201,12.081,-27.561,2.68,17.348,-14.541,-16.235
47.787,-8.345,34.38,32.298,31.052,-38.25,6.775,-47.51,2.583,25.943,13.606,-11.495
45.586,-68.375,27.2,4.907,25.84,-52.762,7.353,-16.546,-3.05,12.998,-0.023,-5.455
46.058,-47.587,32.174,37.427,26.155,-32.2,15.854,-27.283,4.889,7.589,9.388,-3.847
46.161,-48.52,38.719,-2.87,13.254,-45.75,-7.582,4.737,-7.448,17.891,13.066,-6.333
48.296,-3.961,14.819,30.469,27.396,-54.51,-6.177,-26.445,-2.844,19.814,-20.849,12.46
46.163,-21.514,50.655,-11.153,24.206,-50.959,-11.979,16.206,19.335,-2.541,11.491,3.641
47.416,-6.476,30.489,2.116,23.978,-40.196,-8.66,-11.212,16.322,34.073,16.54,-8.761
48.576,35.366,42.498,26.614,31.985,-41.685,14.887,-17.113,7.969,11.552,-2.334,2.086
47.097,-7.901,64.738,-2.231,35.31,-41.198,-4.876,11.724,22.939,27.317,4.941,-5.62
48.291,4.489,74.038,6.713,30.627,-54.076,-3.776,1.425,1.722,24.669,-20.658,5.109
47.877,-21.639,62.026,2.384,23.801,-66.579,5.777,-12.042,4.7,28.645,-9.082,7.963
48.312,-19.267,57.07,6.129,0.584,-31.869,20.411,-3.093,-7.356,10.54,-5.022,16.063
47.456,-18.534,64.895,19.176,11.118,-56.86,8.095,-18.404,-18.015,11.552,6.381,14.556
47.386,-38.672,58.49,3.752,12.819,-53.293,-1.454,4.899,-0.487,3.987,-9.069,13.381
47.34,-28.738,60.61,11.089,16.025,-44.241,7.073,-16.288,-13.945,10.398,15.549,3.692
47.96,-49.648,64.062,14.874,15.649,-45.654,-8.975,3.192,-5.433,-2.872,-8.444,2.865
46.882,-27.06,60.285,12.892,16.917,-65.052,2.201,-13.263,-17.951,16.795,-6.938,17.003
46.231,-64.554,56.369,-5.491,25.236,-29.322,-4.395,7.939,-6.468,2.387,6.447,1.451
46.345,-37.584,54.275,11.099,21.724,-66.575,0.009,-18.57,3.89,13.59,-10.196,-2.558
46.852,-24.076,38.66,18.545,27.904,-12.012,7.077,-23.798,0.739,-14.311,14.916,7.971
46.862,-40.397,49.384,16.644,7.48,-51.319,-5.898,-4.603,-4.403,7.931,7.179,-0.537
47.048,-24.385,49.123,8.574,21.242,-14.014,9.338,-16.428,4.214,-8.156,2.74,7.689
46.772,-38.102,48.698,28.165,27.466,-50.703,-1.46,-22.018,-6.58,18.62,12.362,-0.829
46.646,-45.16,35.712,-11.571,28.092,-46.126,-18.921,1.018,10.398,-3.044,-10.8,1.747
46.831,-30.969,55.223,13.663,35.972,-48.148,3.193,-14.581,1.961,12.838,-5.278,-8.454
47.456,-5.595,74.083,10.398,51.49,-3.359,-1.885,-4.118,0.882,-17.094,-14.445,5.925
46.166,-47.934,69.767,2.233,31.619,-38.788,0.8,14.918,6.596,12.361,14.986,-4.489
46.686,-29.054,41.165,8.03,46.791,-5.371,7.515,0.691,14.388,-19.229,-10.082,-3.493
45.251,-47.151,76.558,-6.993,43.08,-33.672,-0.769,4.19,-2.442,2.543,-1.249,3.76
47.499,-11.92,41.408,27.384,39.957,-56.35,-1.523,-28.554,0.781,12.486,-18.394,22.634
44.82,-48.423,62.367,-5.736,40.669,-63.624,-23.325,2.418,-8.596,1.358,1.913,7.613
45.719,-48.898,54.93,10.495,36.008,-70.273,-0.051,-21.347,-8.244,20.347,-5.87,7.95
46.408,-36.535,63.66,12.164,29.496,-63.06,2.531,-6.416,-17.641,14.956,-12.532,7.858
47.977,-9.42,36.798,-20.793,33.333,-49.391,-4.94,16.863,8.989,-3.181,3.064,17.115
49.456,36.812,49.096,-29.3,37.242,-30.919,0.781,3.731,10.697,6.264,3.968,12.403
49.756,28.605,43.657,7.372,33.087,-44.462,2.118,-5.219,3.949,2.706,-8.739,16.891
50.631,25.533,48.154,4.015,30.192,-29.457,20.701,12.467,8.556,3.788,-4.118,6.425
48.772,15.33,51.446,6.076,35.767,-18.4,10.123,-10.906,3.768,-8.49,-9.884,-1.47
48.226,-4.894,45.193,6.952,45.309,-39.47,13.737,-19.836,20.517,1.41,-12.317,0.15
47.085,-21.811,74.41,31.063,43.34,-38.343,16.427,-23.814,3.205,1.266,-2.073,4.087
46.502,-42.844,65.181,22.517,40.74,-21.322,15.255,3.017,12.223,-12.395,2.393,-5.383
46.324,-26.023,51.907,8.723,17.479,-55.975,6.916,-15.061,-2.631,16.302,-6.303,-2.981
46.124,-25.336,54.039,15.963,27.926,-24.091,12.862,-17.616,1.037,-0.63,-7.783,-8.04
45.41,-53.204,51.734,-16.432,30.658,-33.93,4.162,10.424,4.69,5.608,4.982,-4.246
45.743,-46.69,48.205,11.181,19.076,-61.791,-3.809,-12.336,-6.358,23.659,-18.651,-8.15
45.083,-57.906,67.788,-21.148,21.707,-22.863,10.283,-1.059,-4.72,7.379,-2.986,-13.215
45.749,-40.67,29.623,30.722,28.643,-56.923,0.203,-19.562,2.676,25.622,-15.614,2.404
44.336,-59.529,48.06,-24.54,16.911,-17.271,19.032,4.131,13.24,-9.739,-23.108,-15.014
47.54,-12.719,51.047,14.482,33.779,-2.697,23.39,4.425,10.519,12.799,14.874,-16.771
47.371,-7.931,39.607,-5.88,21.26,-40.345,12.97,1.732,6.003,11.716,-8.336,6.138
47.865,35.488,32.122,-17.41,11.234,-47.815,11.284,9.82,20.794,10.106,1.747,-1.177
48.128,44.381,24.739,-0.89,15.291,-27.79,14.022,-14.502,18.671,5.808,-23.913,12.373
46.666,-1.26,39.615,-10.118,10.457,-48.658,18.317,2.536,-1.493,11.639,-4.001,16.32
45.68,-18.776,34.449,-7.401,19.027,-21.343,3.421,-17.921,-8.24,-5.74,-7.939,14.25
44.922,-63.045,28.994,6.396,28.813,-31.932,2.366,-6.414,-2.481,1.583,7.46,9.588
44.584,-71.016,49.689,-13.088,11.096,-27.81,10.457,11.867,-10.121,-1.947,-8.844,11.775
45.25,-61.845,30.589,0.007,7.456,-45.83,8.687,-9.397,10.281,11.045,2.144,-22.881
45.525,-72.605,45.575,9.969,5.295,-36.526,21.046,5.384,-2.306,4.895,-3.391,-4.928
45.332,-75.431,41.11,-7.033,20.324,-49.902,1.138,11.134,-6.668,12.623,-13.658,-3.642
45.17,-64.197,33.331,-26.632,7.708,-35.014,0.161,1.125,-5.182,4.423,-4.432,-4.37
46.168,-74.201,46.167,-3.231,14.807,-47.814,14.502,12.823,-4.363,6.988,-11.187,-8.006
45.568,-71.973,40.94,-13.595,1.429,-36.806,15.063,18.343,-6.365,-2.114,-1.704,-5.566
45.981,-51.314,45.65,-17.116,-0.834,-46.715,29.358,19.473,9.809,6.704,-1.51,-4.201
45.596,-42.017,35.205,-25.889,14.158,-29.631,5.168,-9.316,-1.018,1.985,-2.615,0.462
44.814,-41.193,48.979,-13.304,-0.886,-35.073,14.964,-10.941,-9.42,-1.608,-3.541,-8.427
45.012,-65.133,46.856,7.87,14.629,-35.511,13.203,-4.132,4.204,1.893,-1.772,-8.389
43.36,-76.074,25.471,14.195,10.18,-29.321,6.209,-4.943,-1.655,-9.372,-20.512,-0.438
39.158,-93.268,-15.447,-32.26,-5.556,-27.149,6.404,-1.927,-4.406,2.514,-7.731,4.484
38.156,-104.672,-9.442,-40.17,-12.59,-37.987,11.237,14.217,0.264,6.792,-2.35,-7.357
38.676,-100.919,-6.486,-28.137,-2.917,-37.927,1.053,10.533,3.25,-2.156,0.309,-9.745
38.559,-82.676,-15.639,-36.383,-17.307,-35.47,3.604,4.179,-5.804,4.5,-5.918,2.699
38.654,-108.532,-18.422,-49.84,-12.649,-41.353,5.009,8.584,9.421,-0.924,-1.471,-6.721
38.42,-88.496,-41.924,-34.339,-24.397,-28.823,7.034,-5.416,8.507,-1.046,-13.24,-5.346
36.865,-100.126,-32.216,-32.0,-24.719,-48.5,17.345,-4.408,6.562,7.48,-3.839,2.469
36.855,-88.957,-31.666,-46.463,-22.151,-35.818,15.47,4.558,5.395,-3.551,1.005,-5.916
38.051,-68.934,-27.924,-24.373,-20.533,-40.491,9.143,-6.317,-0.139,8.558,-6.812,-3.942
37.445,-82.425,-14.279,-23.596,-18.04,-29.418,23.138,1.557,10.181,-0.626,-8.169,-9.799
37.515,-57.624,-27.187,-22.215,-13.427,-31.643,11.179,-17.56,5.891,0.572,-16.428,-6.796
36.703,-80.921,-32.015,-36.354,-15.287,-25.894,16.001,-1.045,3.958,-10.294,-9.8,3.239
36.694,-95.274,-30.517,-26.423,-33.607,-41.64,21.151,-6.731,3.666,-3.077,-4.841,-6.439
35.855,-116.909,-42.889,-37.087,-36.783,-27.419,18.593,-0.859,-7.847,-9.413,-16.056,2.805
35.743,-119.138,-55.429,-38.508,-28.437,-37.721,22.637,-16.734,-8.583,1.031,-5.31,-1.408
36.584,-102.193,-45.699,-38.513,-32.692,-38.475,21.768,-4.098,1.975,-4.47,1.16,-2.897
37.304,-83.19,-54.058,-47.862,-30.139,-46.598,11.896,1.067,9.048,2.344,-0.795,1.35
37.109,-107.015,-49.392,-21.845,-34.231,-45.668,16.714,-2.039,0.566,5.678,-9.3,1.592
35.352,-116.666,-56.98,-48.312,-26.639,-41.957,17.51,7.219,8.321,-2.107,0.779,-0.327
36.055,-99.179,-46.043,-53.087,-35.517,-35.855,7.408,4.597,1.49,4.612,-7.914,-9.838
35.81,-108.66,-54.085,-21.79,-36.145,-37.16,12.712,-15.013,-0.992,1.466,-10.06,-8.184
34.436,-125.854,-56.459,-33.841,-23.776,-40.65,1.944,-8.627,6.431,2.185,-16.405,-6.618
32.115,-127.141,-41.492,-51.183,-24.135,-43.156,18.853,16.207,16.13,-2.889,-5.419,0.986
33.762,-104.289,-45.117,-54.919,-23.842,-28.607,3.513,4.053,4.703,-1.77,-4.087,-5.685
33.099,-118.573,-46.115,-36.15,-30.146,-39.977,13.132,-5.034,-6.894,12.059,-11.771,-1.891
32.304,-133.962,-45.886,-24.911,-33.903,-45.754,23.673,-5.268,3.048,1.572,-13.447,-7.675
32.65,-144.551,-55.734,-52.846,-16.709,-37.695,2.607,9.644,15.373,3.979,-5.664,-11.034
32.265,-131.87,-67.007,-30.722,-30.81,-30.102,25.191,10.908,6.946,5.556,-2.59,0.319
30.883,-159.772,-80.506,-43.535,-28.026,-37.351,3.195,-10.46,7.782,8.282,-0.742,-14.748
