0.0,171.13,9.469,-28.48,57.491,-50.067,14.833,5.359,-27.228,0.973,-10.64,-7.228
20.975,-84.741,-38.779,24.538,62.955,-33.662,-0.068,-6.561,-8.771,44.559,21.241,-6.67
16.442,-111.202,-41.992,-53.398,70.741,-46.343,-2.345,10.595,-45.452,-13.439,4.36,8.141
18.406,-120.051,17.215,-19.556,97.138,-47.201,-12.287,2.198,-39.525,-8.72,2.395,-9.036
19.579,-112.723,-22.597,-8.696,59.754,-33.63,4.316,8.899,-20.103,-18.127,-5.078,-2.848
17.859,-110.238,-14.85,-14.808,69.61,-48.329,1.449,23.445,-30.56,-11.01,-7.641,-14.157
15.965,-105.22,-23.85,-40.925,88.935,-47.857,5.051,7.839,-38.653,-7.883,-4.031,0.063
18.789,-115.298,12.006,-34.332,70.692,-43.904,22.968,14.711,-30.532,-5.352,16.191,-13.222
20.819,-111.186,-32.073,-10.911,36.339,-59.545,22.099,-8.317,-20.6,7.896,-12.308,16.876
21.297,-146.485,-7.431,-51.826,47.752,-29.329,19.246,5.714,-36.424,-3.347,-1.141,-12.308
21.124,-37.185,-35.341,-43.352,96.745,-54.61,9.904,-1.607,-42.985,3.923,-15.718,3.127
23.919,-67.822,5.759,-18.824,95.561,-29.704,14.012,16.626,-40.091,-1.27,-5.707,-11.018
22.55,-72.703,-53.205,-14.081,67.965,-62.159,5.492,10.063,-26.83,3.217,-9.806,6.556
22.889,-73.165,4.57,-20.41,84.606,-33.85,29.891,17.789,-34.974,3.543,4.031,-15.844
23.599,-77.506,-62.176,21.383,49.724,-50.034,5.75,0.614,-11.255,17.546,-8.796,-2.016
23.083,-81.62,14.573,-1.516,54.617,-26.0,38.384,20.521,-31.576,-0.401,-14.657,-23.263
25.986,-107.589,-37.912,7.872,58.032,-37.821,-0.039,-6.762,-6.916,34.377,0.873,-15.88
22.77,-125.293,-14.211,9.007,67.904,-47.097,17.053,23.503,-28.271,-18.475,-13.044,-10.594
21.001,-108.876,35.777,-15.044,69.158,-25.954,5.368,14.228,-37.729,-1.505,-9.742,-11.237
22.217,-111.261,-26.119,-7.336,45.418,-8.382,26.462,-7.689,-14.13,2.532,4.223,5.498
21.37,-116.021,24.306,7.569,43.343,-43.001,24.88,21.436,-26.085,-5.092,-12.011,-10.89
18.454,-123.174,-12.697,-31.523,68.081,-44.073,25.389,11.056,-42.734,-5.097,-6.873,7.145
21.128,-116.428,32.201,-16.168,53.791,-27.19,0.304,0.386,-39.174,0.948,-5.149,-8.976
23.199,-86.965,-30.28,0.68,13.464,-55.856,27.516,-32.184,-16.734,22.539,-18.785,0.131
22.299,-133.654,7.845,0.998,39.43,-30.961,11.64,19.004,-27.98,-8.751,-11.22,-12.656
20.671,-44.972,-51.404,-37.11,101.752,-58.406,10.738,12.9,-29.252,9.786,-11.749,7.97
23.4,-63.054,2.618,-19.604,94.569,-40.137,16.728,19.363,-36.581,-6.342,-8.716,-13.07
22.912,-60.44,-52.578,-4.159,58.28,-44.267,18.635,14.316,-28.953,12.834,-10.513,8.108
23.018,-81.393,-0.929,-26.097,88.809,-38.535,5.783,9.783,-51.468,5.035,-7.547,-15.633
22.967,-78.286,-73.76,9.686,40.487,-57.993,6.4,5.589,-23.496,8.568,-15.498,11.607
22.831,-76.256,-6.777,-77.25,73.693,-45.183,15.92,13.542,-41.941,12.88,10.605,-9.066
28.174,-75.055,4.532,-25.53,70.49,-54.211,-6.932,-3.328,-23.958,22.097,-6.194,-27.534
34.41,33.754,57.569,-27.774,-19.843,-2.988,-19.876,9.187,-49.731,-31.463,24.2,9.446
36.741,28.57,35.36,3.488,-16.541,-16.288,-35.286,14.981,-43.805,-16.508,0.373,10.541
33.326,84.733,95.704,3.181,-13.299,-21.804,-7.754,3.022,-53.868,-6.363,4.867,0.927
35.778,-4.234,66.922,19.122,0.845,-22.462,-11.036,-5.37,-41.549,2.889,4.42,12.933
34.907,9.16,53.942,-10.179,-10.942,-7.037,-33.387,8.916,-40.065,-28.084,-14.278,12.39
32.842,-4.697,69.634,0.0,-26.315,-20.873,-14.249,3.426,-65.942,0.844,1.562,13.305
32.801,-13.229,35.054,9.663,-19.717,-20.95,-11.246,-5.067,-47.043,-10.745,4.008,21.637
31.77,98.845,51.198,-12.145,16.305,-22.799,6.305,33.305,-83.676,-50.654,9.946,-7.563
33.929,15.759,67.755,-12.542,31.433,-5.952,18.579,-41.014,-74.743,33.256,-31.357,3.365
31.391,-20.425,50.127,12.532,17.404,-39.916,-1.3,13.664,-8.571,-21.391,-0.281,-9.889
31.041,24.448,70.804,-0.013,57.363,-31.863,5.494,10.571,-6.98,-16.147,-12.807,-18.625
30.574,5.931,96.636,-9.306,58.482,-36.577,2.174,21.664,-25.179,-15.331,7.454,-9.457
32.04,22.921,67.251,6.043,53.262,-39.02,28.914,22.005,-14.05,-6.949,-4.032,14.365
30.712,31.899,96.204,-4.598,48.876,-35.089,56.684,-7.252,-20.394,-8.555,0.269,15.377
32.297,-30.737,43.331,0.357,18.273,-28.743,28.611,6.627,-17.21,-12.835,-9.04,15.621
31.712,-51.712,61.104,-39.468,-6.383,-34.169,3.121,11.64,-36.603,-6.121,7.69,-7.157
32.638,24.372,28.026,-35.626,12.08,-33.744,-14.722,80.549,-41.48,-52.263,7.842,6.4
33.51,-43.674,52.089,-16.913,25.117,-15.732,3.204,-10.209,-39.808,11.092,0.932,12.334
33.628,-29.118,45.567,-14.619,-2.206,-1.366,-23.308,24.45,-34.18,-27.56,-23.782,8.27
29.937,4.048,5.528,-13.689,20.128,-44.972,7.69,-5.636,-54.112,-20.063,-5.93,11.052
34.375,27.539,40.397,77.174,30.215,-14.984,-9.772,12.189,-16.815,-36.723,-2.384,-9.605
26.045,-20.233,126.549,-2.512,5.216,-23.092,-4.328,0.762,-54.41,-11.952,11.479,11.741
27.29,11.808,57.491,51.995,30.121,12.387,-16.733,-1.263,-42.504,-13.401,-55.424,23.392
27.115,67.424,41.989,-36.555,46.637,2.801,-20.303,-21.13,-35.945,39.418,-38.141,19.345
24.864,49.595,12.427,-6.818,66.624,-24.302,15.324,-52.405,-67.569,6.25,-17.238,12.717
23.627,-59.448,14.543,-23.208,-12.25,-26.219,-1.406,-11.708,-51.294,2.341,0.793,23.499
28.515,-15.541,32.648,58.667,42.234,-18.515,14.761,33.866,-40.592,-28.924,1.093,28.192
25.744,25.489,64.87,-64.763,20.608,-14.095,-13.458,71.774,-45.758,-13.225,9.937,25.74
32.054,-25.152,93.258,-23.761,72.857,-9.366,1.276,-17.856,-22.089,29.15,-5.423,9.766
30.7,-61.819,52.324,102.247,68.776,-19.546,6.836,2.892,-5.301,-20.532,-38.014,21.316
22.672,-69.158,-7.297,-14.204,39.551,-31.204,-25.364,-17.529,-17.582,-7.786,-1.366,5.692
26.201,-66.521,33.422,12.026,68.795,11.915,-22.516,24.049,-7.109,20.521,-27.727,-12.276
23.794,72.388,-51.55,-54.554,125.215,-17.861,-0.364,2.07,-48.224,-35.297,-8.902,-4.771
29.133,45.92,25.253,-134.565,95.187,-7.272,9.266,-80.418,-16.852,8.232,12.122,5.378
32.423,1.916,76.168,38.812,50.837,-3.675,-17.147,1.391,-8.939,1.384,-53.409,10.378
26.019,19.53,9.832,-29.587,30.907,-25.261,-20.74,-17.781,0.0,-13.36,9.783,9.941
27.896,-63.912,23.993,-18.028,7.072,-6.896,-16.669,-2.666,-23.13,6.144,-21.565,11.508
26.809,-67.651,37.39,-8.27,7.4,-23.571,-6.207,13.162,-13.087,2.217,-14.848,8.694
27.995,17.105,3.222,-54.007,70.713,-20.255,-3.643,30.304,-23.318,-52.084,-5.145,-14.234
24.199,17.673,-90.163,108.065,15.638,-2.365,-73.947,25.636,19.89,-30.562,-57.299,13.036
27.733,15.292,-47.523,42.488,44.068,48.268,-63.031,44.414,6.033,12.916,-22.785,-26.527
28.343,59.514,-32.789,70.042,76.898,-1.113,-60.689,73.834,-12.431,-13.784,-0.661,-14.666
34.621,25.134,103.621,-36.709,91.31,68.963,20.415,8.564,-8.094,45.62,3.194,-5.417
30.124,2.147,60.923,-6.123,62.059,5.788,-19.545,15.386,15.738,-22.989,-13.827,10.714
27.057,-27.593,16.474,-8.215,38.769,-14.746,-13.792,-51.313,10.122,-21.436,-18.46,25.536
30.859,-68.42,70.054,-55.536,60.749,-0.101,21.843,27.847,13.642,-9.48,10.078,21.764
31.411,-26.763,42.2,85.478,33.383,-21.578,-4.413,-16.482,-21.749,-5.055,-22.166,16.098
25.465,-25.421,-43.81,24.014,18.116,-37.118,-57.948,-15.971,-2.807,-4.919,-15.724,-8.335
25.932,54.74,-74.012,-8.768,3.211,-21.857,-92.757,-20.129,42.733,-3.221,-10.007,-1.579
13.509,43.02,-111.178,59.165,18.813,-46.089,-84.144,31.399,22.921,-18.732,-13.406,-1.846
14.522,86.691,53.284,-57.634,14.828,81.522,54.167,-36.335,-42.212,9.419,-68.722,20.788
20.099,153.478,41.935,-7.206,33.683,-17.278,-21.663,7.937,9.727,1.786,2.909,4.616
25.003,38.553,75.641,-54.901,26.726,34.395,8.168,-94.241,-21.737,40.832,-56.521,18.077
31.663,-29.455,56.304,19.374,34.3,20.902,-2.293,-9.151,6.298,-26.143,-10.399,-1.227
33.214,45.463,11.244,-24.236,58.243,-8.956,-44.838,35.664,19.703,-15.108,8.218,12.067
34.261,-29.709,74.211,59.538,54.23,0.902,-5.331,-18.244,-33.611,-1.317,-33.513,26.838
37.451,56.424,86.642,95.195,60.449,18.838,16.993,-6.383,-16.848,-32.84,-41.693,34.827
30.218,50.868,18.746,-1.125,62.003,-23.553,23.933,-35.947,-4.591,-19.543,-9.6,6.482
33.826,2.867,32.209,79.516,36.208,37.91,-17.353,-3.978,7.53,-25.099,-27.344,-16.502
32.487,11.637,103.648,-138.856,31.229,-31.353,-15.594,26.759,-0.649,8.368,33.613,-17.96
40.529,43.902,80.886,45.856,46.294,0.941,-14.898,-3.378,-34.32,-13.751,-47.546,12.169
34.958,9.452,47.588,39.481,55.083,60.286,5.38,-24.766,-1.556,-18.549,-38.218,9.203
32.999,-34.42,127.287,-23.455,57.655,-11.471,26.105,42.825,-14.134,-21.27,17.69,22.576
35.782,-21.202,134.106,38.551,75.78,-26.132,27.154,-0.094,-20.8,6.773,-11.046,27.14
35.652,-36.431,143.081,27.07,72.032,-33.692,33.236,5.261,-8.236,-22.852,-1.477,19.758
35.103,-24.478,110.648,57.622,71.878,-32.321,19.818,-31.167,-20.086,-2.822,-4.916,33.382
27.88,-93.588,48.815,23.451,63.479,-34.958,7.465,-2.376,-8.463,-16.596,-2.633,21.403
18.469,-59.761,-60.941,125.994,43.993,-84.348,-36.332,105.533,-3.267,-26.001,-33.637,11.222
12.887,22.373,-18.014,-168.673,52.856,46.802,-7.055,-80.633,-22.766,64.251,-38.572,13.173
17.919,-116.548,-51.741,-42.764,74.842,-43.174,-41.173,8.322,-21.567,-7.286,1.779,15.837
17.399,-109.097,-42.038,-49.651,81.086,-41.771,-29.753,15.65,-35.897,-10.519,3.598,19.403
16.612,-97.57,-42.495,-13.501,74.466,-31.097,-29.157,20.481,-50.745,-10.017,-12.096,20.257
17.614,-26.991,-32.274,-45.009,28.896,1.329,-19.507,-51.372,-27.837,34.795,-5.268,10.996
17.439,-93.843,-33.602,-18.771,66.076,-44.304,-16.184,17.152,-18.183,-6.825,-21.325,16.502
12.153,-45.172,-56.389,-50.392,54.916,-49.177,0.678,21.283,-43.275,-10.192,7.214,5.121
15.063,96.426,-5.781,21.205,54.179,-33.547,11.001,-40.264,5.162,1.193,0.31,30.773
16.247,-109.559,-48.924,-71.915,65.461,-43.172,-7.033,-10.301,-46.272,0.998,4.65,11.904
19.662,-73.43,-14.392,-60.779,71.764,-47.786,0.519,7.088,-25.839,-14.142,10.75,14.928
24.09,-54.689,36.333,-59.993,54.553,-39.673,15.335,-17.771,-9.27,12.1,6.777,4.602
28.165,-87.256,58.815,-20.163,72.892,-43.064,-4.98,8.438,-6.933,-2.274,2.776,-0.477
31.176,-72.702,106.133,-34.021,55.94,-26.042,-6.732,-3.771,-13.829,-1.212,8.82,0.199
35.106,-57.177,122.081,22.981,63.268,-28.911,-8.853,-26.953,-18.532,1.168,-4.898,4.715
35.003,-79.261,101.853,33.188,54.01,-11.689,-27.513,-13.479,-22.458,-23.773,-13.921,4.747
33.23,-93.962,89.823,3.911,42.821,-26.769,-23.07,-3.108,-22.564,-16.947,12.757,-3.687
32.745,-73.164,95.507,15.218,50.269,-20.555,-31.721,-16.912,-18.394,-18.39,-14.688,5.063
31.62,-112.504,96.12,-0.887,61.399,-26.402,-41.621,8.886,-24.762,-15.508,8.242,10.46
31.726,-104.393,74.405,21.589,66.905,-22.644,-49.155,-11.206,-24.359,-15.938,6.168,7.665
31.443,-87.337,30.774,-18.629,81.323,-43.961,-8.229,2.911,-39.223,-12.86,4.783,-2.946
32.693,-54.299,72.846,-14.562,36.069,-31.671,21.263,9.387,-20.847,-12.546,5.661,25.941
34.043,-29.6,46.921,9.893,31.404,-20.739,-15.274,-19.925,-15.597,-14.399,-5.408,9.118
33.03,-67.241,66.436,-20.25,30.991,-24.518,-39.657,-6.048,-24.594,-10.623,11.223,6.841
34.503,-44.353,82.004,4.53,36.282,-30.704,-19.411,6.99,-27.756,-20.648,3.176,12.186
31.372,-42.156,80.346,-12.886,43.036,-22.396,-31.019,-12.07,-24.026,-9.328,2.289,19.079
32.798,-37.166,99.067,28.598,35.635,-26.862,-17.658,-7.16,-46.824,-14.091,3.795,30.993
30.556,-59.286,48.278,42.086,43.148,-14.332,-39.784,-7.248,-22.547,-15.958,-16.012,28.127
23.318,-96.79,-28.803,-51.197,45.062,-32.888,-61.318,-22.651,10.633,18.075,0.031,4.51
26.04,-99.984,-0.761,-76.881,42.86,-34.338,-38.005,-19.256,5.392,12.87,9.622,8.997
27.66,-54.78,22.528,-51.646,22.385,-26.031,-51.809,-4.061,-3.692,-1.532,12.535,-5.326
29.858,-62.995,28.662,-30.982,18.4,-43.688,-46.453,-12.834,-13.586,-5.126,7.191,19.736
30.33,-75.801,18.691,-19.678,23.396,-30.349,-53.884,0.127,-3.289,-13.011,0.717,4.355
29.009,-54.06,24.151,5.308,31.917,-36.716,-61.431,-13.904,9.064,-8.203,4.461,-4.211
29.007,-45.723,35.265,-18.528,31.229,-19.767,-40.657,-17.243,-11.078,-11.806,11.756,23.889
29.104,-56.945,27.157,-14.186,39.745,-22.768,-44.325,2.184,12.548,-13.578,3.18,8.108
27.269,-61.171,37.121,-23.524,20.088,-25.059,-6.843,-13.342,15.673,-7.169,-3.384,-0.2
29.746,-42.611,2.516,-11.103,4.515,-55.243,-49.734,-29.743,5.698,13.356,-3.301,-4.506
29.567,-34.936,2.139,-23.525,8.922,-39.769,-60.61,-12.432,2.527,-3.282,2.847,7.053
29.068,-47.385,6.828,-21.768,16.27,-26.669,-70.408,-3.526,-3.593,-2.009,-4.435,2.441
27.001,-47.184,23.574,-8.544,24.533,-37.392,-37.786,-4.141,10.22,5.65,-0.114,9.389
23.819,-46.978,-8.592,2.748,8.094,-37.615,-42.303,-19.314,-0.939,3.329,-16.864,9.192
19.935,-49.556,2.385,-36.31,22.483,-33.454,-47.127,-5.304,7.478,0.353,-0.447,-17.891
20.122,-59.421,-38.229,-54.613,-0.511,-32.295,-37.655,-4.81,-3.184,-11.021,-4.066,-9.649
19.977,34.242,-45.239,-17.661,24.009,-63.113,-32.341,-20.895,-51.02,-14.239,1.988,-7.549
24.562,-17.917,32.313,-85.173,45.743,18.512,-29.957,-16.694,5.416,13.362,-58.533,10.7
22.827,71.576,-15.301,-18.369,40.761,-54.286,-44.233,-16.954,22.115,3.762,-6.94,-18.015
28.493,-77.165,-1.309,-41.182,33.167,-2.802,-27.079,-44.194,0.233,18.58,0.046,-16.951
32.156,-92.428,64.291,-3.103,86.68,24.489,0.07,30.054,21.359,-32.879,-42.129,23.172
29.396,-56.503,93.531,56.512,64.025,30.28,7.222,26.237,-12.27,-32.938,-32.077,19.169
27.156,-2.954,106.468,-74.275,45.513,48.719,5.499,9.528,-1.466,-8.376,-55.242,17.104
26.324,-66.026,31.419,-0.453,31.144,-7.356,-39.612,9.58,-4.368,-15.459,-13.248,-9.155
28.358,-44.316,57.586,-5.52,39.682,24.651,-11.834,21.182,-12.581,-6.662,-33.319,13.39
24.443,-87.179,21.414,-37.564,34.403,-29.987,-6.582,-17.766,-7.858,12.872,-10.284,26.039
26.2,-54.269,27.224,32.457,30.653,3.107,-0.286,49.841,1.474,-21.819,-8.681,9.35
16.726,70.018,72.801,12.762,8.748,-38.433,24.507,20.774,17.706,-3.988,9.705,12.356
15.585,105.944,98.891,25.661,5.639,-38.301,64.639,15.836,10.772,4.606,-10.957,-7.34
23.184,-10.337,-28.584,-35.521,-7.879,-10.608,-60.979,-21.166,9.775,-9.064,11.99,-20.252
31.02,-32.056,78.591,-81.347,21.078,41.567,-0.812,25.054,-16.229,13.965,-12.941,-19.332
28.414,4.743,16.037,-67.092,19.121,2.359,-4.006,52.846,-16.784,-14.46,-41.092,-28.67
32.582,86.371,49.101,-30.697,47.343,73.273,11.488,9.25,-15.405,-0.122,-41.993,-7.197
28.8,16.284,21.629,40.562,33.889,27.204,-26.394,-2.262,-21.723,5.339,-25.481,10.49
31.044,64.445,23.519,34.855,44.243,56.858,-56.327,-3.954,3.021,6.612,-37.093,-1.773
26.039,-3.352,4.645,-12.234,21.655,27.563,-58.7,-26.125,-0.097,-1.895,-17.647,-3.094
23.767,-55.113,15.475,-39.859,13.011,-19.586,-43.492,-35.617,-7.161,12.095,-1.015,-2.416
26.296,-76.326,10.784,-39.383,69.373,-29.546,-32.13,-7.502,20.212,-8.036,-2.903,-26.329
27.687,-85.039,-10.846,6.557,39.368,-12.629,-44.57,-21.866,12.758,1.26,-14.982,-5.573
25.9,-91.4,28.933,-27.944,70.724,-42.859,-33.801,-14.579,11.485,4.672,0.509,-31.387
30.589,-64.295,82.485,-109.63,49.378,-43.147,-12.062,12.329,9.968,12.849,38.261,-18.682
34.935,14.175,47.608,54.835,37.053,-5.688,-22.901,20.033,20.537,-15.555,-53.291,8.589
21.675,-18.676,10.082,-41.967,8.07,-26.998,-44.563,-5.077,7.011,0.248,-7.803,-25.224
23.672,-36.243,39.632,-5.117,29.843,-27.651,-20.645,-10.675,-4.648,2.245,-10.367,-14.029
32.191,9.137,159.929,-133.673,60.146,26.06,11.605,19.004,-2.726,17.79,-8.393,-12.491
39.261,30.887,153.724,-44.575,21.611,-12.986,42.847,43.996,-6.974,-16.02,-13.558,3.694
39.363,10.711,100.66,18.151,56.806,-5.396,13.728,-24.546,-6.131,-1.288,0.669,8.494
38.899,8.642,81.3,88.555,55.618,-7.019,6.381,24.597,14.445,-28.238,-44.662,1.239
32.003,-28.395,86.157,5.8,12.54,-2.066,-13.748,8.694,-40.452,-45.884,-7.125,26.867
29.964,-46.116,101.0,35.242,38.089,3.45,12.494,44.899,-30.17,-23.065,-12.997,21.361
25.072,13.418,75.808,6.218,12.226,-15.492,0.206,25.918,-49.508,10.224,-2.931,31.526
24.863,4.184,18.604,-37.317,0.086,-18.757,-62.797,9.417,-22.051,-20.579,10.483,3.449
26.714,-55.787,-35.57,10.733,11.503,-13.556,-21.479,-34.5,16.954,7.559,-11.077,-16.205
24.599,-23.416,-50.637,8.118,23.088,-44.574,-52.044,-46.867,-5.682,18.757,-13.685,-11.073
23.271,-31.341,8.625,-55.433,16.971,-26.357,-14.131,27.064,-9.936,-12.327,4.339,-23.098
23.668,-15.346,-20.884,-10.349,-5.727,-28.243,-39.862,2.272,15.352,-6.986,-1.401,5.634
23.96,71.326,-4.295,-31.818,5.824,-13.726,-2.268,21.135,31.187,-29.996,-11.398,24.787
23.411,19.778,15.685,-3.335,-13.553,-36.52,-14.536,22.021,-3.003,2.854,4.405,15.113
20.843,77.289,17.59,-8.238,-12.728,-49.639,-15.382,20.812,-9.704,5.332,5.044,15.62
19.421,97.509,46.037,-1.741,-19.481,-21.182,0.126,2.152,-19.284,-0.938,4.787,9.886
24.024,19.556,-26.0,-50.808,-47.605,-32.402,12.721,9.928,-15.665,23.541,10.844,4.473
27.862,40.971,1.086,-26.142,-5.215,-14.82,16.684,-10.128,-23.498,2.419,-36.974,17.091
27.892,-34.828,23.304,21.257,49.785,23.378,-3.006,21.421,4.893,6.663,-25.59,6.532
21.728,29.529,11.886,-25.72,13.913,-36.875,16.617,0.945,-0.141,-3.101,-0.012,20.576
23.651,-3.284,-2.995,-13.418,8.895,-25.472,23.245,-17.62,-13.917,6.711,-5.034,23.835
24.784,8.236,22.418,-24.597,-3.022,-37.997,8.315,-0.726,0.76,-0.164,10.351,16.999
26.782,20.511,7.037,-22.084,-9.261,-28.363,13.433,-17.262,-4.998,-2.721,1.161,19.732
33.753,65.301,38.753,-57.034,32.953,30.828,20.571,-17.218,-16.867,-12.33,-17.85,4.517
34.901,35.796,-25.87,44.179,49.973,-36.96,-34.902,48.414,-29.148,-26.344,0.053,-18.698
33.335,41.974,34.002,-144.22,3.595,24.46,-37.339,0.679,15.581,-18.892,-12.652,-12.472
37.008,21.555,39.932,53.382,9.771,-0.851,-17.072,20.967,-5.585,-18.983,-43.03,0.279
27.902,-2.554,44.561,-10.545,26.088,-25.775,-11.55,2.926,-10.474,-17.09,-2.529,30.246
32.008,10.149,94.527,-87.358,48.207,14.322,-5.867,20.332,-29.292,-12.696,-23.455,19.83
35.806,2.877,42.628,-23.476,27.624,-13.017,-24.6,-37.031,-30.633,5.934,16.373,17.888
38.84,52.138,75.677,-7.099,9.409,-11.5,-10.998,-16.853,-11.319,-14.452,-4.332,-16.467
37.503,36.879,81.771,24.937,7.949,-30.731,-19.492,4.458,-1.694,-7.179,-4.485,-15.001
36.552,25.198,91.863,-4.862,14.258,-7.796,-15.732,1.963,-17.751,1.824,-7.654,0.308
37.996,18.198,114.453,8.389,26.064,17.617,16.689,3.697,-28.546,0.31,1.861,-2.462
38.062,43.465,104.16,64.003,1.561,-15.379,6.559,-3.216,-19.239,-4.821,-24.074,-4.697
34.488,2.579,93.403,-66.362,-6.148,9.843,25.408,22.548,-40.352,2.441,-5.969,-4.458
37.337,-12.065,60.066,-5.556,2.707,-19.465,6.96,-2.864,-37.367,-22.375,-7.823,-4.521
36.813,-2.218,32.966,0.869,11.055,-38.879,-22.936,25.958,-24.063,-30.274,9.033,-6.9
38.806,29.704,29.477,-29.727,14.003,10.384,-44.105,14.065,5.854,-5.596,-20.109,12.22
38.117,63.308,41.404,-65.174,2.478,-24.263,-71.814,2.702,-2.652,12.922,8.328,0.836
40.359,46.149,34.834,5.331,38.892,-4.487,-62.105,-48.191,9.385,2.188,-29.369,2.857
35.527,49.134,18.839,-6.934,16.798,-3.36,-67.09,-18.53,4.781,-15.697,-21.06,19.122
35.454,36.595,26.779,-43.216,22.669,-11.002,-82.182,9.06,-4.35,9.135,-0.064,24.449
33.347,5.91,32.887,-42.058,48.303,-30.684,-53.638,-12.797,-0.579,21.188,-5.499,31.161
31.157,21.923,7.625,-36.731,27.924,-29.482,-54.09,-26.572,-15.059,14.262,-8.322,34.45
32.628,-13.784,17.336,45.285,18.848,-26.722,-19.947,-12.115,-26.537,0.327,-25.745,39.787
28.688,-35.321,1.196,-39.201,7.819,-21.46,-50.079,8.724,-8.99,-23.337,4.415,-4.941
30.721,-7.839,-19.377,-28.003,12.891,-2.03,-74.364,9.312,1.252,-2.865,1.325,-4.093
29.717,-9.514,17.693,-17.474,-4.868,-24.994,-24.099,-22.845,-19.592,16.651,-9.376,16.893
29.87,-26.164,22.929,-31.457,5.348,-29.118,-39.675,7.142,-22.479,-12.804,3.188,6.461
28.495,-7.369,28.161,-14.301,1.445,-22.472,-66.55,-11.415,-25.489,-0.264,1.072,-13.466
27.448,14.969,64.315,4.078,-14.434,-24.337,-37.124,-1.271,-37.655,-15.16,-12.531,7.394
26.98,-11.06,42.856,-40.927,0.299,-17.366,-48.731,-21.278,-37.842,-5.704,3.532,-2.952
30.911,-44.561,35.68,24.16,12.979,3.26,-39.829,20.238,-23.869,-5.616,-4.206,-4.449
31.823,32.76,33.33,-99.158,3.122,1.825,-60.912,12.647,2.462,-1.935,8.482,-7.715
35.965,-0.488,88.309,-78.919,49.243,-0.043,2.878,-10.0,-9.402,26.206,-8.009,26.143
39.832,1.167,91.31,-13.121,64.525,-9.52,11.488,11.037,-4.794,-29.024,0.993,37.99
37.183,-29.699,44.151,-29.494,58.323,-32.063,-29.285,7.894,-10.911,-13.581,11.094,43.965
37.278,17.788,60.535,33.002,78.612,-9.749,-30.157,38.943,5.881,-14.083,-20.352,37.755
32.087,7.501,31.313,-2.541,27.098,9.002,-48.286,-13.434,-19.001,-7.922,-29.345,29.605
33.434,35.93,27.482,30.665,21.962,11.011,-63.176,-24.098,-3.639,-6.155,-12.186,-6.424
33.597,21.772,30.119,-29.849,32.137,7.276,-23.017,11.907,-6.031,18.5,-24.876,13.232
37.669,51.987,49.844,-65.478,31.582,5.517,-66.334,-1.068,-13.713,-21.822,7.345,0.33
38.905,49.673,32.37,14.764,69.933,-30.21,-36.874,-16.024,-6.829,-9.953,-4.383,37.036
37.917,44.018,43.976,4.086,76.498,-35.539,-41.769,-0.458,-3.962,-13.877,-4.092,41.594
37.719,40.522,60.965,11.844,81.921,-24.981,-41.858,-2.504,-26.658,-4.04,-4.239,43.651
35.864,26.834,65.334,17.726,79.511,-30.064,-38.839,-6.433,-17.471,-10.198,-1.283,54.08
33.778,47.907,70.615,29.954,34.012,-23.846,-55.684,33.45,-35.675,-18.828,19.198,25.93
30.759,96.901,70.712,15.442,-12.399,-18.695,-59.678,-4.466,-78.39,-3.756,-4.166,20.455
37.176,55.386,161.059,-82.016,73.821,9.594,-14.585,-1.58,-24.398,26.66,-7.204,15.219
40.279,85.766,61.677,51.019,51.511,43.644,-44.923,-4.375,11.871,-4.341,-35.118,3.117
38.893,91.526,56.136,-10.07,46.715,46.883,-47.015,-27.463,13.851,-20.75,-4.14,-6.862
40.808,44.159,121.19,12.427,89.767,11.916,28.071,11.456,20.112,-11.425,-29.342,21.478
32.468,6.851,64.488,8.3,4.811,-28.476,17.52,14.809,-6.579,6.807,-3.476,15.673
33.627,27.004,52.493,33.918,33.714,-5.442,-3.423,18.407,-9.525,-0.865,5.527,-0.751
32.746,14.487,70.449,11.328,38.537,-18.527,-25.586,24.089,2.213,-19.275,-2.24,20.4
32.1,94.619,38.83,14.599,41.118,-36.763,-3.653,-26.169,-16.688,-25.432,-0.039,17.718
32.187,18.986,61.189,27.862,35.87,-33.023,-39.189,30.359,14.181,6.962,6.896,2.424
29.641,101.16,36.734,-13.483,31.118,-36.488,-33.334,8.92,-7.333,-20.897,-9.009,2.501
30.036,61.691,68.464,1.008,22.592,-24.36,-18.339,1.451,-0.578,21.223,-16.058,22.372
31.947,72.823,14.562,0.355,38.802,-33.786,-38.218,20.2,-5.575,-20.023,-10.663,-8.329
28.914,-54.622,13.394,-22.953,25.47,-37.523,-12.409,-3.075,0.079,-15.109,-1.112,-20.5
32.055,-35.157,31.696,6.367,11.847,13.069,-42.897,25.286,-8.369,-20.102,-6.829,-16.376
29.047,20.655,5.859,-54.145,-7.022,-31.263,-43.689,20.647,-10.84,-16.419,11.68,-6.553
29.999,2.606,7.432,-13.8,-1.104,-15.56,-31.692,-14.657,-11.412,6.677,-19.865,3.635
27.56,13.727,28.632,-22.412,-9.887,-47.398,-23.97,15.471,-7.749,4.316,16.828,2.54
31.865,33.126,64.154,-100.753,25.277,9.736,-14.083,-25.521,-24.256,29.444,-15.555,9.813
37.349,-9.335,53.513,-4.583,43.223,49.983,-20.137,14.546,-10.786,-18.248,-41.009,2.382
32.678,-13.683,25.538,-65.741,18.559,0.721,-33.193,8.155,-9.236,-7.83,-19.117,1.751
34.116,26.33,-13.016,-41.467,26.757,-22.239,-25.495,-33.065,-11.028,7.261,-1.276,10.784
37.253,2.376,55.213,-97.193,31.193,6.229,-20.36,7.027,3.193,-9.774,-0.54,0.182
38.546,23.517,8.292,-10.312,13.914,36.601,-8.142,-21.364,6.59,-18.232,-25.72,-4.067
35.836,-1.801,-2.614,-53.209,14.224,-18.96,-56.803,7.732,6.569,-18.513,1.855,10.506
35.865,25.494,-14.545,-23.05,9.525,-8.489,-55.227,-41.218,-1.36,-7.348,-7.724,13.597
35.614,-16.238,29.508,-67.79,-4.736,-8.093,-32.73,-8.725,-3.653,-4.901,-14.944,0.724
35.109,-29.9,6.954,7.886,20.05,-0.103,-29.246,-35.44,-15.53,-9.433,-0.238,5.501
35.851,13.596,35.96,-34.452,16.877,1.186,-26.262,17.744,-19.718,-29.738,5.283,19.374
35.659,22.367,23.33,7.343,29.477,-35.522,-20.903,-14.604,-11.05,-3.653,-2.136,34.414
35.623,46.004,63.616,-8.864,33.092,-22.933,-9.319,-5.612,-4.27,7.886,1.971,27.946
39.687,46.092,71.233,-62.606,10.382,-2.886,21.603,-25.181,-2.162,3.457,-5.409,26.675
42.48,-43.524,62.243,73.736,32.844,-27.023,13.887,10.583,-20.491,-8.951,-17.737,17.094
42.215,16.65,51.101,-55.045,31.561,33.34,-24.161,-11.982,4.213,-46.1,-18.589,11.225
46.504,4.349,132.83,-53.577,52.781,3.623,26.201,18.031,-4.253,-25.178,13.49,16.164
50.684,92.788,124.118,36.76,30.272,-7.469,32.527,7.378,-1.686,-16.772,-9.873,31.306
49.232,50.879,135.833,34.534,26.567,22.271,27.738,-6.526,-42.685,-8.531,25.716,26.395
48.947,69.966,97.456,93.594,44.237,-11.227,0.243,-22.572,-18.818,-18.233,-9.659,43.234
44.688,44.973,123.633,-4.238,46.734,-9.795,8.549,22.673,-14.286,2.564,-17.169,22.82
41.167,2.986,124.824,20.209,45.748,-13.98,16.516,12.078,-35.443,-13.693,-6.69,27.573
42.73,39.137,67.96,52.022,101.78,26.527,-20.284,-14.239,24.567,-32.019,-21.92,35.922
38.002,-35.189,64.787,-19.949,40.093,-27.544,-22.741,6.26,-15.832,-13.14,7.049,24.041
42.07,-11.963,141.644,-28.803,42.842,-8.629,21.586,10.128,-25.904,7.913,6.854,-1.674
44.547,32.138,126.373,32.581,35.524,-17.219,7.988,31.314,-21.753,-11.009,-27.474,25.962
38.241,29.507,31.429,8.521,44.7,-13.49,-18.016,-33.962,-29.729,10.532,-1.576,22.426
38.477,-28.113,40.674,26.785,21.282,-37.537,2.72,3.485,-5.074,6.783,-8.587,-16.472
39.206,-22.402,60.436,-30.219,9.624,-19.364,13.562,-1.688,-18.178,6.788,1.57,26.686
40.701,0.903,76.157,-0.049,5.254,-30.102,-9.28,-4.107,-35.278,-13.947,-1.703,31.072
42.868,4.02,92.025,-36.663,29.609,-19.241,12.117,1.654,-3.665,7.416,5.167,19.722
42.916,9.703,74.689,-17.781,36.083,-17.095,10.84,22.059,-2.246,-3.456,4.96,21.722
45.529,42.877,68.241,17.674,78.486,-22.942,-17.352,-8.392,12.758,1.608,-7.464,38.012
45.608,38.001,49.619,59.971,63.176,-19.62,-11.919,-18.709,8.427,-0.462,-7.985,35.127
41.906,2.502,141.838,-25.991,46.296,-23.202,39.19,2.065,-8.421,-5.728,-4.139,6.263
44.675,-6.671,123.273,61.052,52.326,-15.986,30.348,26.451,-2.826,-23.63,-43.732,5.227
42.524,39.345,60.553,65.328,53.769,-51.612,-5.144,-63.651,0.847,16.892,-10.165,13.55
45.252,57.542,139.583,11.041,63.837,15.068,-6.056,31.9,18.199,-29.209,-1.824,0.622
43.401,67.484,77.262,97.968,64.453,-29.476,-40.98,-40.829,17.55,-3.89,-31.726,13.19
44.694,68.749,103.387,76.248,82.245,36.423,15.809,-5.322,8.878,-27.887,-45.615,45.241
41.321,27.924,107.998,-1.417,46.99,41.572,5.708,19.453,5.591,-21.689,-38.164,13.317
41.609,17.029,118.72,-26.984,57.377,-10.162,7.23,45.451,9.996,-7.041,-12.291,12.949
38.995,6.307,48.51,-14.682,32.731,-3.589,-15.6,-0.714,1.651,-30.851,-14.173,25.838
41.247,-4.057,113.908,-51.885,18.032,-41.389,18.861,42.541,1.375,1.573,25.088,-15.308
46.136,93.868,101.463,9.578,30.679,-5.496,-22.164,-8.402,8.885,-19.37,-13.694,3.486
43.507,64.271,83.163,46.907,34.503,-16.38,-32.042,-42.222,-0.784,-4.115,-34.024,7.47
38.522,-4.307,52.097,40.114,19.876,-48.672,5.15,-6.009,-10.294,12.243,3.639,8.602
33.545,-50.742,40.646,9.956,18.343,-36.305,16.056,15.68,-4.182,-7.382,-7.399,11.952
37.558,-0.148,100.19,-78.144,24.471,0.901,14.669,29.936,-0.863,7.021,-9.313,15.775
40.186,90.467,10.81,11.252,34.457,38.642,-55.065,3.674,5.086,-27.212,-17.432,-2.827
38.313,77.561,15.993,-36.076,6.443,-17.345,27.833,4.003,-6.33,12.736,3.775,-25.115
46.324,139.756,60.285,-39.756,9.222,21.168,-11.06,-1.296,14.91,-5.295,21.965,-35.381
46.171,139.831,57.183,79.48,35.773,-9.365,-34.529,-52.597,4.803,-8.862,-50.437,-4.398
42.316,33.665,124.797,-52.993,42.326,-10.146,-8.285,31.549,-12.206,-4.022,0.827,13.069
45.182,61.062,123.043,-81.483,58.647,14.98,36.723,46.371,5.459,-15.423,-8.531,43.371
43.515,71.174,62.725,86.099,44.738,-30.648,6.119,-18.192,-26.869,-6.18,-18.319,36.066
44.778,62.315,82.143,-58.128,26.644,-7.952,35.651,14.654,16.335,0.09,-0.82,12.843
44.588,101.674,30.811,81.953,35.454,-45.584,-40.367,-40.426,-11.572,1.715,-16.595,1.132
42.843,79.6,92.392,-34.733,29.024,5.263,4.292,17.583,-18.951,-12.005,6.13,22.579
44.214,104.397,85.86,27.532,20.081,-14.573,-18.886,-18.317,-6.554,-23.326,-4.985,16.302
41.773,23.861,76.538,-4.906,29.526,-16.269,11.811,-19.684,-31.912,19.542,-22.625,6.723
42.728,39.695,72.917,10.843,13.209,-3.111,9.45,-15.735,-12.657,2.528,4.376,17.312
44.845,42.79,88.955,29.111,25.277,20.643,24.217,5.792,-13.359,-32.157,-30.145,20.984
40.758,-28.647,63.625,32.763,17.548,-14.141,5.326,0.137,-18.531,-23.727,1.051,37.755
37.435,-31.668,53.022,5.696,13.046,-26.818,-3.104,-2.764,-22.629,-14.91,-10.199,38.086
35.286,-40.619,49.693,11.613,17.048,-39.388,1.672,-3.584,0.537,-7.038,3.953,7.747
35.356,-23.178,80.009,-9.402,35.101,-33.82,-13.289,3.507,-1.885,2.9,0.358,0.222
36.162,-18.778,79.808,19.897,43.363,-17.052,3.285,-3.473,0.119,-11.24,-8.663,16.506
36.267,-55.175,74.977,-5.135,32.576,-22.098,2.48,-19.085,-16.127,-1.683,-5.402,15.316
36.777,-65.43,27.227,10.019,40.983,-20.553,-37.601,-7.886,17.814,-21.888,-17.817,-16.682
34.671,28.562,81.565,-25.861,34.697,-1.07,-41.097,-4.172,26.829,-21.763,-3.418,-24.66
37.998,38.205,56.552,-29.316,30.638,1.765,-45.705,6.221,23.293,-9.104,-10.217,-2.98
37.173,74.773,68.897,-18.988,55.432,-25.316,-59.385,9.346,23.709,19.094,9.543,-0.546
38.734,53.052,102.923,1.003,72.209,-31.333,-41.13,20.375,23.158,17.075,-10.047,-4.426
37.545,56.872,100.635,12.86,47.265,-11.339,-41.635,-68.665,3.069,23.532,-30.637,-11.503
36.672,-44.157,80.469,-21.697,43.962,-25.357,-47.078,20.302,-0.188,12.868,7.541,-35.782
37.823,-4.035,62.702,10.258,22.367,-17.752,-57.701,-20.878,-1.61,14.585,-29.04,-32.013
36.349,35.152,66.661,35.011,14.288,-37.739,-58.052,5.265,-3.755,-6.991,-10.414,-37.384
33.937,10.666,91.82,-8.307,2.598,13.97,-1.588,-32.836,-30.149,5.589,-22.902,-13.226
35.546,34.077,32.957,-19.516,-4.983,-13.63,-30.189,-45.099,11.055,-3.795,-12.62,-17.843
36.014,34.214,42.811,-17.675,0.741,-13.632,-33.504,-13.555,22.752,-18.739,-6.549,-7.6
39.417,39.521,48.595,-29.859,10.907,-2.094,-51.898,-4.021,10.417,-14.013,14.97,-6.219
43.017,69.842,68.921,-13.111,20.31,-6.937,-43.836,-3.027,9.109,-1.691,-2.552,-9.241
42.803,64.965,74.877,-16.086,20.54,-17.318,-40.589,-6.615,11.635,5.975,1.926,9.581
43.511,66.926,73.245,-2.859,1.726,-15.257,-34.205,16.887,-5.778,-9.22,4.266,32.509
43.677,58.234,67.533,1.146,4.352,-10.045,-43.872,-5.4,-15.159,1.986,0.419,24.263
40.599,70.558,69.241,39.336,9.57,-10.383,-41.741,8.177,-6.654,-14.409,0.119,15.85
36.516,46.825,117.884,9.186,35.932,-26.045,7.859,-11.133,-20.557,14.628,-14.327,-13.593
39.357,21.899,72.319,-0.083,12.259,-2.141,-15.759,4.333,-1.933,-16.481,-8.825,-5.744
38.804,21.231,39.41,-6.482,-11.174,-16.663,-67.475,-19.996,-10.206,-4.136,-19.795,-21.044
37.369,37.407,32.314,18.656,-17.772,-6.426,-60.481,-26.136,-1.935,-10.595,-21.053,-40.396
37.321,63.473,8.324,-16.703,-25.645,4.983,-47.774,-29.496,19.643,-17.479,-4.476,-26.286
40.324,49.721,34.638,-30.436,14.763,7.185,-59.955,-0.784,25.072,2.402,-24.916,-13.246
38.206,37.773,31.188,-38.732,33.387,-18.986,-69.466,-1.584,21.66,6.788,-10.063,6.708
42.86,38.794,77.462,-47.428,62.043,12.327,-8.507,22.735,16.364,13.129,-4.678,9.807
41.91,42.742,60.895,15.128,43.303,11.582,-37.614,-9.275,10.537,3.953,-39.213,6.392
40.333,34.703,15.898,-43.109,-20.76,-10.653,-40.876,0.325,18.812,1.642,10.616,-19.017
43.859,26.615,63.262,-12.597,24.079,-1.506,1.402,-2.506,15.495,11.165,-5.456,4.226
43.214,44.082,56.119,-11.131,12.542,-13.131,-53.045,-31.278,0.712,16.23,-9.485,-16.898
42.495,30.537,51.647,22.453,14.652,-12.378,-50.608,-29.782,-2.76,2.049,-11.918,-20.035
41.065,-31.917,31.094,-27.798,23.132,-23.801,-5.289,-8.319,-0.754,6.466,-7.026,-7.95
42.263,-22.756,62.983,-10.12,44.519,-31.629,-4.785,-4.869,-0.708,-3.519,7.114,9.893
43.35,-19.86,54.068,-13.624,41.087,-40.031,-6.332,-4.677,5.539,5.351,1.545,15.275
41.647,-13.572,30.86,-28.359,-9.077,-26.338,-30.38,-9.402,14.078,-0.821,12.025,-23.889
44.032,2.429,36.131,-39.37,-3.397,-25.901,-36.562,-8.091,5.132,-5.387,3.803,-21.625
46.641,7.24,42.598,-22.961,34.699,-27.132,-16.25,9.131,18.24,1.761,-13.845,7.724
47.826,38.109,16.727,-37.344,29.298,-16.591,-12.309,-10.938,-5.416,-2.141,16.353,23.769
48.395,46.129,38.322,-4.88,26.3,-30.15,-38.768,-12.645,3.612,-4.585,5.863,15.325
45.47,48.457,67.959,-11.222,24.477,-11.829,-45.703,-4.476,-8.7,-1.823,0.725,8.821
45.739,40.655,93.968,9.435,28.174,-20.299,-15.07,-7.055,-10.764,-2.839,-6.025,11.365
45.629,55.694,98.41,0.478,19.952,-21.439,-19.754,-2.335,-22.327,-12.539,3.155,7.652
45.89,16.651,97.024,24.491,19.585,-34.109,-17.045,-0.413,-37.854,-1.587,1.509,22.015
44.212,12.897,85.395,19.702,15.2,-20.448,-32.771,-6.057,-23.385,-5.16,-6.907,11.562
42.357,-14.994,66.728,27.538,45.457,-46.172,-16.851,-2.036,-29.669,18.697,0.283,-1.285
42.214,-6.686,72.713,-14.41,18.162,-36.292,10.163,10.166,2.171,-10.7,8.818,13.156
42.773,23.956,76.052,28.601,10.446,-27.16,17.882,-2.929,-13.172,3.67,-12.434,19.031
41.178,4.738,88.93,1.699,34.25,-26.18,-24.104,-8.028,-10.151,13.152,9.452,1.497
39.601,-46.766,58.748,60.634,27.321,-21.24,9.937,14.022,-7.763,-10.474,-31.039,12.35
28.91,-160.736,34.061,-43.768,34.374,-32.062,-15.935,-4.673,-11.454,-3.864,5.927,6.809
30.807,-176.303,32.04,-25.251,41.447,-30.689,-38.444,-2.588,-9.162,-9.124,2.039,2.431
29.377,-193.231,32.845,-31.687,46.212,-34.996,-27.179,14.496,-13.816,-12.817,9.236,3.222
29.8,-181.916,40.911,-19.74,40.913,-31.616,-25.528,3.149,-21.203,-17.919,4.343,3.559
30.906,-149.699,35.941,9.919,30.998,-17.846,-26.085,-13.49,-26.655,-25.942,-5.001,15.275
29.143,-179.226,25.975,-13.994,41.968,-22.834,-24.327,0.36,-15.678,-25.716,-2.746,10.276
27.413,-182.018,19.89,-21.175,33.693,-22.45,-8.793,8.613,-37.55,-18.051,-2.512,17.416
31.002,-78.146,100.12,-2.655,33.922,0.857,27.669,10.407,-13.429,-10.568,22.673,13.528
33.553,-58.568,89.706,18.416,18.414,-32.237,26.85,5.227,-15.016,-5.499,3.836,13.804
38.162,33.801,95.112,-3.361,19.969,0.2,16.22,11.336,-13.395,-13.887,16.735,25.194
37.156,23.5,98.293,15.285,-6.471,-24.623,31.508,6.152,-34.314,-20.814,-7.699,34.73
36.405,8.995,75.046,30.179,9.182,-22.892,26.654,-27.502,-12.812,-10.197,-15.198,32.742
31.948,-84.335,41.648,56.511,17.948,-33.904,19.268,17.386,-4.142,-6.563,-24.805,16.56
31.945,-14.898,-11.22,-10.167,23.642,58.517,-19.119,-30.047,-7.465,-46.411,-1.447,5.322
35.3,-49.393,48.719,-86.533,49.128,43.399,19.389,13.812,-10.592,-2.875,-25.616,13.062
36.776,-21.749,51.746,-16.409,36.622,-8.865,-24.46,38.469,8.086,-17.704,-21.417,2.013
38.249,55.575,11.55,18.883,36.927,41.568,-53.931,-27.024,37.576,-19.74,-35.435,-8.548
35.025,-33.092,29.14,-5.563,50.881,-21.505,-27.938,7.476,6.404,-14.371,7.551,27.058
37.65,26.457,79.209,-12.608,44.012,-5.884,-15.402,-14.233,-16.655,11.832,-19.077,15.521
39.222,13.269,104.573,-7.277,35.879,17.468,-12.58,25.005,3.482,-6.406,0.847,-37.207
37.947,30.504,47.534,62.288,36.254,-19.802,-29.499,-33.256,8.611,3.629,-30.537,-5.381
34.024,-13.555,22.467,-21.165,71.152,-30.883,0.219,-15.299,-2.041,3.077,-15.821,-12.191
32.337,-16.268,41.763,42.07,55.047,-55.542,-27.059,11.212,11.638,7.271,2.659,-15.332
38.838,-33.462,49.643,-8.694,81.276,-4.757,22.094,4.735,43.347,18.055,7.292,2.446
40.308,-26.175,57.339,28.849,72.097,-44.636,17.34,8.949,30.543,13.99,-8.005,21.565
37.032,-27.313,52.207,54.96,63.606,-30.089,-11.126,-0.963,11.259,2.269,-7.115,14.428
32.705,11.842,11.504,-12.061,98.392,-38.391,11.608,-1.29,-3.399,3.239,-15.599,-16.999
32.6,23.067,71.352,6.741,56.435,-46.353,19.441,2.377,5.58,2.678,-15.273,-18.25
32.63,-12.684,31.311,7.661,54.202,-48.867,-45.296,-22.065,-12.736,9.722,5.401,7.365
33.812,36.816,126.267,-21.523,42.068,-16.407,-22.444,9.489,3.337,-16.122,-1.752,-19.995
37.198,33.523,90.722,45.363,-2.514,1.459,15.567,-11.041,-36.463,-14.412,-24.427,13.242
33.043,23.199,91.328,12.781,55.085,-48.351,-5.942,8.883,-8.147,16.403,-16.602,16.974
34.375,29.647,49.375,18.345,13.611,-17.217,-8.882,-25.326,-7.53,19.688,-13.961,-3.427
34.721,112.221,63.675,-12.357,81.162,-38.793,-46.149,-25.365,13.824,8.901,8.485,-3.715
37.898,50.084,-18.744,-38.796,4.524,-13.152,-39.145,-9.86,21.739,32.679,-32.225,-9.981
34.84,0.338,22.745,-32.988,37.783,-17.342,17.883,39.051,8.459,12.462,-45.837,-6.166
39.26,20.865,46.561,-2.734,63.513,55.825,-1.227,23.559,-8.313,-15.223,-21.44,0.169
37.429,13.493,82.654,-25.269,46.948,2.181,-26.316,-1.053,-4.699,-13.621,-20.828,5.995
40.91,39.602,71.874,31.265,43.915,34.332,-15.079,8.537,17.57,1.983,-13.375,-14.74
37.347,-0.873,45.732,-11.55,71.823,29.13,-5.192,-12.743,-12.647,20.529,-63.751,-7.513
35.024,54.335,7.184,-65.181,6.055,-7.008,-43.437,6.664,32.15,-2.452,17.122,-3.404
40.533,41.755,49.854,-44.669,6.637,-12.929,-20.224,-34.145,-6.792,35.322,-7.947,-10.647
43.899,44.584,122.118,13.659,49.703,-10.094,-14.156,10.283,4.863,-0.834,-15.831,-22.204
43.413,61.363,140.191,38.164,58.948,-13.095,-17.328,-3.041,-1.837,-0.536,-15.139,-23.357
43.586,48.499,118.845,31.48,39.601,-19.673,-7.148,-7.119,-3.863,-0.389,-18.734,-22.666
42.175,46.625,136.171,50.87,52.899,-23.137,-6.87,1.836,-0.548,-6.044,-10.603,-24.993
38.262,34.799,58.607,9.529,-4.422,-18.643,30.356,-17.726,-4.936,-1.546,-21.303,8.527
33.623,40.762,68.993,-3.686,47.34,-28.794,37.414,2.256,8.023,7.663,-6.712,-2.124
34.834,22.138,21.892,-16.083,40.832,-39.362,-10.677,-9.268,12.207,1.477,6.94,9.226
39.433,58.814,103.533,19.388,65.947,8.77,-11.258,-15.657,-26.208,42.895,-27.141,22.301
41.417,-10.473,91.682,-5.658,48.872,0.087,40.844,-41.954,-12.269,27.978,3.674,21.158
44.763,-1.641,128.443,26.871,82.164,-30.17,51.875,29.017,35.572,-14.433,-6.892,4.991
42.913,50.438,113.889,12.97,81.742,-32.532,14.741,23.048,-12.453,-14.111,12.689,29.198
43.93,77.016,45.251,62.883,69.967,-33.596,-16.05,-49.546,18.25,9.575,-19.141,19.963
43.783,36.783,105.678,25.654,84.094,-1.425,16.563,18.628,17.399,-27.13,-20.162,23.209
41.184,-1.048,118.725,16.16,65.675,-8.059,2.876,-11.249,-20.669,9.798,4.159,-8.535
42.3,-35.146,25.061,-21.266,-2.894,-36.564,29.649,5.509,-0.746,-4.578,-1.446,-0.978
40.362,-12.743,21.237,68.038,8.376,-57.105,-0.563,9.802,16.35,-7.716,-19.671,-25.118
39.08,53.252,14.941,-0.258,42.673,-12.583,22.5,-8.928,15.705,-2.683,-11.369,10.148
39.7,21.481,71.039,-6.825,78.378,21.736,-3.41,20.685,12.603,10.501,-27.286,21.129
38.046,-18.365,34.522,21.387,45.247,-38.04,-9.53,2.136,12.145,13.124,-0.131,10.369
40.653,-21.629,47.064,22.901,23.758,2.974,26.879,53.952,1.111,-2.609,-16.815,2.034
35.382,18.216,41.638,-6.966,27.676,-27.301,3.985,-0.965,9.22,3.1,-3.169,19.956
36.09,38.268,77.294,-2.028,27.951,-5.94,16.983,27.358,-5.156,-3.572,-14.096,28.786
36.627,22.757,52.27,15.222,25.097,8.57,16.764,7.692,-18.983,16.895,-44.531,38.089
39.348,-16.432,37.459,1.895,68.951,15.852,15.662,2.316,30.17,19.745,-16.365,11.682
39.427,-30.501,76.054,-32.888,34.365,-22.954,21.427,18.764,-2.095,2.903,-15.202,7.029
36.545,-18.53,25.872,-41.158,35.685,-30.397,-14.305,4.622,-18.178,-20.413,-0.23,-2.288
37.264,-27.83,42.49,-20.212,38.944,-44.31,-9.472,-28.766,15.245,-2.795,9.44,11.804
43.429,13.238,46.966,42.102,16.233,12.602,-12.551,-17.212,-1.101,-8.487,-29.003,0.344
41.258,-46.31,45.395,11.308,43.303,-16.964,-2.891,24.432,-3.171,11.437,-7.22,3.71
43.577,-0.655,31.933,0.358,38.212,39.903,15.266,4.623,16.382,-10.333,-43.048,8.131
45.09,34.311,43.106,41.964,26.506,-4.142,-2.929,-45.207,0.312,9.594,-31.64,12.367
42.554,-37.021,37.521,49.242,37.466,-16.151,8.794,11.079,11.128,-9.675,2.378,11.474
42.417,-20.248,70.768,-37.775,31.984,14.948,5.858,6.051,5.563,-18.855,-37.286,-3.481
37.459,-73.903,50.455,-49.881,20.094,-37.449,-6.071,-8.0,-4.954,6.847,10.349,-6.794
40.742,-50.614,67.346,3.777,34.377,-26.376,15.426,-6.411,8.766,2.195,-11.685,-11.164
40.533,-46.517,74.016,-1.979,42.86,-19.986,0.847,12.445,15.599,-8.47,-25.17,-14.096
37.418,-43.668,41.646,20.143,24.0,-21.313,-34.065,-12.526,-8.177,-16.076,-8.298,-10.368
34.336,-38.909,51.721,-7.242,36.615,-32.509,-35.803,-15.095,-23.148,-12.991,9.698,29.651
36.831,-23.885,29.459,-33.845,28.485,-7.796,-12.234,-6.159,-5.846,-4.803,-13.532,16.26
36.244,-73.196,-12.238,-6.74,-5.5,-43.345,3.023,-18.567,-10.549,5.087,-6.609,-0.856
39.921,-29.5,31.746,-36.641,9.217,30.683,-12.293,61.864,-13.577,-30.46,-13.523,2.89
41.9,-6.749,124.015,44.663,61.098,-7.049,8.167,-33.969,-26.038,30.82,19.369,-1.24
45.299,53.306,73.668,84.813,75.483,-4.943,9.128,-28.37,8.977,-23.272,-15.384,32.101
44.565,41.417,90.478,22.026,41.726,34.44,-8.587,-4.391,-21.982,-34.083,-16.286,23.718
40.702,-14.316,55.225,50.291,37.75,11.802,-10.459,-1.349,-1.436,-23.893,-15.582,-7.149
39.641,9.186,82.048,-50.71,29.718,28.611,-7.72,37.24,-0.525,-7.294,-36.763,-5.954
44.342,23.144,86.986,22.752,43.227,-3.991,3.026,-11.508,3.661,-10.881,-2.311,-5.063
41.947,-70.708,79.663,20.038,25.894,-7.479,12.699,14.283,-18.276,-8.329,-32.624,21.393
39.719,-44.62,78.966,-47.785,40.288,-29.1,5.665,31.023,-12.962,-19.08,13.044,5.764
41.818,42.616,79.703,41.704,42.753,-8.665,-3.203,6.533,0.894,-7.54,-28.171,16.403
38.311,8.484,41.387,-23.524,26.169,-18.337,-3.343,-19.227,2.89,5.244,-1.172,29.864
42.821,-16.335,76.972,50.879,40.138,1.093,14.332,29.237,0.667,-16.763,-36.589,12.496
38.667,-1.554,42.818,-27.551,20.1,-27.256,-13.408,2.754,5.699,5.8,-9.75,1.227
38.93,-25.975,44.708,-13.083,25.525,-29.237,-6.94,-2.276,-14.679,-0.421,3.851,-1.135
40.941,-0.624,43.819,-5.116,55.055,-41.742,-8.405,4.153,-9.108,7.526,3.175,10.236
41.46,26.979,72.775,-1.993,30.143,-30.322,-3.063,5.438,1.686,-2.738,-0.762,17.545
42.189,28.576,67.727,6.845,36.009,-22.964,-9.097,3.403,8.824,-10.224,-2.073,13.707
41.065,23.812,52.594,6.619,17.244,-21.527,5.531,6.991,-8.604,7.882,-8.272,29.642
41.533,-11.055,91.031,-23.693,23.551,-11.157,7.146,-2.424,13.511,8.913,7.42,-22.185
44.702,10.619,120.986,1.671,30.914,-21.553,3.73,0.446,1.721,0.555,-14.924,-16.934
44.688,54.201,138.743,-33.545,26.518,14.574,8.487,37.798,-7.195,-14.599,12.5,-12.987
46.722,76.788,79.514,51.425,22.007,-12.984,-28.156,-0.73,-11.49,-8.351,-18.487,-0.477
44.161,53.468,71.121,54.448,24.258,11.434,-19.222,-41.925,-31.992,-12.004,-25.933,15.096
41.172,32.109,58.027,-26.949,48.441,-12.107,-33.213,6.375,22.59,-19.631,-9.29,9.202
45.727,62.648,101.804,8.803,65.356,-23.446,10.817,-0.373,23.179,12.203,12.705,14.759
45.821,19.826,77.975,54.883,68.59,-18.08,-2.53,-18.172,7.231,-0.348,-36.268,47.907
40.85,-17.464,47.118,-6.977,54.769,-8.542,-40.976,-24.412,8.794,-23.275,-23.231,20.567
42.801,-21.347,78.552,46.112,60.366,-3.054,15.283,-1.212,-5.509,-9.343,-21.583,31.199
41.402,-15.474,57.387,-5.867,34.384,14.827,-10.476,14.14,-14.45,-28.043,-3.4,13.77
39.004,-35.841,72.75,-2.891,31.731,-30.015,15.928,-1.563,-21.84,-8.036,11.903,24.292
45.551,55.398,141.452,-34.557,15.965,5.181,21.355,33.214,-27.754,-15.083,-0.297,-3.473
47.678,82.191,120.803,23.077,35.631,-25.687,15.42,15.054,-3.009,1.634,-9.985,-3.186
47.21,84.895,116.962,28.561,21.358,-26.256,21.764,6.577,-11.645,0.27,-9.628,0.541
47.799,69.162,109.199,21.771,10.909,-23.997,10.954,7.065,-13.607,-2.895,-4.636,-3.428
47.766,84.27,112.655,20.604,16.249,-19.927,10.512,3.432,-9.282,-7.626,-6.134,2.69
44.797,65.435,95.61,56.761,21.045,-25.161,-4.577,-17.389,-16.592,-12.611,-11.697,9.288
40.972,60.818,117.985,0.668,41.887,-6.771,-17.285,10.483,-5.804,-10.542,-27.064,9.494
40.296,65.359,63.003,-18.965,30.547,-35.596,-2.279,-14.153,-2.296,16.819,-1.178,14.559
44.097,98.357,50.415,-60.238,31.164,-28.202,-32.316,34.493,10.09,-3.0,9.474,15.54
46.842,180.821,52.179,-10.965,25.748,-19.312,-56.073,-19.285,23.606,8.584,-7.662,5.096
49.37,78.956,107.687,40.505,50.503,-4.346,39.836,-19.082,15.871,-2.909,-12.977,-8.268
47.755,65.946,72.273,76.069,76.802,-3.116,30.057,9.305,23.215,-29.269,-31.895,14.698
40.946,7.376,65.833,15.517,24.476,-15.108,-4.126,-14.032,-9.815,-6.381,-3.572,18.949
41.793,17.548,55.372,-1.349,26.844,-0.47,4.338,25.697,9.194,-28.934,-8.207,31.615
39.198,32.03,38.875,14.435,-0.133,-46.645,-6.489,-1.14,-14.496,-6.162,1.539,43.587
37.95,55.835,36.529,-10.211,30.633,-34.991,24.287,-17.425,-33.011,-15.844,-1.649,13.9
44.245,-4.795,84.659,-19.629,36.02,-11.955,45.17,18.849,11.932,-2.823,-2.174,9.226
43.795,-6.847,59.426,31.306,27.823,-37.164,52.67,18.649,20.053,-2.242,-25.009,21.313
40.297,-8.019,33.375,0.746,9.225,-18.567,-2.832,-12.233,-4.724,-11.103,-5.85,14.304
39.396,-1.907,46.739,0.002,-2.059,-40.84,11.928,7.475,-31.377,-10.195,-6.796,11.981
38.944,-8.356,45.466,-21.453,32.829,-22.925,14.42,-11.317,-19.08,-11.105,12.121,0.614
41.523,12.575,61.443,-19.367,5.671,-35.26,11.545,1.893,-6.516,-0.948,-12.621,19.066
41.701,-11.771,59.695,-13.659,12.702,-24.781,-1.853,5.112,-8.041,-7.434,-9.081,17.732
43.072,24.773,59.445,-17.965,9.816,-18.545,-13.339,3.923,-9.59,-19.798,-0.124,36.843
43.616,44.244,42.159,3.695,24.285,-8.727,-40.617,7.801,-22.872,-0.523,-11.838,16.559
41.299,48.472,71.508,-5.383,22.282,-52.064,-23.87,-8.647,-37.759,-0.682,13.454,19.232
42.483,24.701,84.299,32.939,27.043,-32.588,-15.137,8.61,-23.92,5.733,-11.522,-10.074
40.976,10.664,79.178,2.319,13.007,-25.192,12.975,16.237,-35.103,-9.267,2.291,21.137
40.251,10.73,65.858,20.111,11.224,-44.945,-2.131,-7.3,-26.531,5.96,0.8,30.9
44.321,22.375,36.97,19.13,18.382,-9.701,-40.255,-28.22,-0.751,6.503,-4.461,1.108
46.717,45.362,131.88,6.875,57.614,-31.688,13.442,21.224,3.6,-12.736,13.065,20.651
45.549,51.637,74.928,91.945,42.223,-28.816,4.687,-9.182,-4.846,-4.965,-27.48,33.921
42.815,-6.299,53.486,23.849,18.834,18.939,16.495,12.782,8.871,-5.115,-38.48,-1.381
40.643,6.047,38.244,-40.949,5.646,-2.964,11.251,20.875,0.514,-9.77,-18.546,-1.151
41.168,-0.126,70.579,-29.122,29.757,-3.556,-9.903,5.69,-3.352,10.525,1.151,-4.734
44.962,47.753,73.831,-11.487,41.432,-16.79,4.885,1.818,14.625,-7.029,8.542,2.08
46.189,40.506,99.119,6.886,59.226,-37.949,-6.676,2.368,17.646,6.437,-1.026,-7.591
45.704,46.793,82.373,13.978,54.258,-55.089,-31.881,-9.726,10.4,-9.374,2.529,5.248
45.777,36.206,84.264,-0.514,48.897,-25.387,-14.917,3.147,12.009,17.014,-10.195,8.188
45.195,45.994,90.453,24.805,50.265,-34.023,-3.742,9.478,22.138,6.815,-5.37,-0.04
44.904,56.074,104.113,11.758,46.123,-30.089,6.062,7.068,10.968,7.793,-5.746,7.231
46.154,38.905,82.576,11.712,43.675,-32.561,-8.652,12.501,16.544,4.724,-3.21,-2.412
45.069,22.132,67.698,3.368,36.994,-28.582,-15.237,-3.357,1.266,6.709,-8.729,6.28
43.216,20.538,44.713,18.427,22.891,-18.893,-16.499,-3.06,-0.899,-8.673,-17.081,12.13
43.784,-6.683,131.55,-59.57,25.669,-25.161,40.227,18.673,-12.84,-8.682,21.882,14.156
48.354,54.453,123.768,30.36,15.922,-23.415,63.359,1.395,-31.763,-9.042,-0.144,27.543
49.186,53.392,120.549,33.643,13.425,-13.095,58.408,-7.791,-34.899,-20.897,-5.626,32.698
50.079,60.6,120.182,49.765,21.115,-20.247,37.264,-5.868,-41.375,-18.105,7.939,30.321
49.756,61.994,137.486,41.326,31.167,-14.928,15.941,-2.427,-41.552,-34.682,1.637,27.071
50.345,85.438,119.25,12.248,42.547,-21.788,25.405,18.996,-2.488,-30.372,2.504,19.543
49.567,77.867,102.964,59.934,40.189,-34.351,-0.141,-6.561,-9.645,0.528,-17.93,18.283
49.065,84.606,136.456,-34.165,56.894,-10.618,22.657,20.383,5.706,4.731,-4.975,21.736
52.904,87.14,82.14,16.555,47.939,-35.843,41.619,9.188,16.657,6.97,-4.636,34.172
52.574,88.618,105.237,26.34,49.739,-29.326,38.579,-7.878,3.17,-5.056,-4.67,26.633
49.882,102.749,84.659,25.792,23.916,-18.573,-15.721,-14.456,8.885,-7.975,-20.759,6.919
45.293,31.865,40.835,12.732,15.701,-37.577,-8.011,6.222,-8.422,-10.191,-0.128,-5.697
45.086,24.215,44.865,26.991,4.2,-10.998,-19.133,-10.998,-17.557,5.345,19.113,-12.338
45.567,1.379,69.136,10.743,18.5,-42.777,-1.526,2.559,-38.058,13.821,12.011,9.118
47.832,0.296,92.497,-19.98,75.592,-35.592,16.563,17.823,26.95,-2.631,-3.839,16.285
46.883,1.561,64.285,55.754,82.29,-17.208,0.635,2.462,28.566,-9.814,-32.85,19.61
40.985,-30.242,42.184,16.113,44.837,-16.136,-41.557,11.456,-4.637,0.866,-44.468,21.775
33.039,13.896,-19.592,-82.019,15.621,-9.513,-56.404,-19.856,-4.077,-1.862,-3.402,-4.039
34.799,-80.829,37.175,-24.278,37.831,-38.995,-3.593,5.616,-18.022,19.1,-5.212,15.241
36.264,-36.377,21.381,0.452,16.157,-30.199,-6.08,2.842,-21.877,2.04,-3.925,-17.919
37.071,-9.917,47.148,-10.596,16.671,-9.783,1.085,5.566,-13.333,2.369,-27.542,19.175
39.431,10.559,65.357,-57.289,25.903,19.976,16.055,4.424,-7.903,8.529,-30.224,-6.306
37.381,-21.909,56.259,-6.907,7.046,-35.857,-1.116,8.87,-7.789,1.63,-5.193,-15.211
36.86,28.025,75.222,13.821,14.762,-48.509,-18.127,11.139,-16.583,10.076,5.231,-6.523
37.66,5.062,87.352,8.938,-4.073,-16.567,-10.201,-3.647,-45.311,-7.004,-3.315,-15.423
42.353,20.71,70.128,9.405,17.207,-0.895,-12.729,1.37,-11.057,-14.41,6.088,-12.299
42.941,39.477,88.565,3.617,30.985,-30.462,18.866,0.142,-6.105,0.145,-2.589,18.962
44.176,45.716,75.482,-8.634,18.462,-43.758,40.605,-0.187,-15.099,4.91,1.781,43.486
46.111,43.272,104.311,3.698,34.072,-42.651,20.302,5.298,9.126,4.047,6.182,6.876
46.43,38.34,96.504,14.883,31.103,-40.941,9.503,9.073,-1.567,4.899,-14.789,9.331
42.216,17.274,59.28,15.422,39.448,-18.908,-20.545,-5.649,-3.099,21.898,-17.202,1.068
41.591,21.903,50.144,8.945,8.524,-37.402,-6.902,-11.546,-5.537,0.675,11.504,14.815
44.027,40.523,89.738,-1.394,46.214,-27.092,26.033,4.731,8.581,2.961,8.421,9.886
45.071,42.045,81.352,40.33,31.239,-39.087,34.15,-8.445,3.373,8.819,-10.223,21.569
45.953,31.773,77.789,15.612,22.004,-28.848,37.583,18.048,6.03,-3.546,5.403,13.785
44.916,64.418,99.39,27.42,37.239,-33.399,33.751,-4.546,4.974,-1.67,2.276,22.987
44.23,36.637,97.785,13.433,25.615,-33.802,41.224,11.748,2.033,-2.497,-11.541,19.254
44.172,37.201,85.046,11.366,27.59,-29.376,17.808,8.474,1.043,0.627,-8.692,23.861
43.228,15.646,61.717,19.236,12.276,-44.013,38.312,19.524,-1.397,5.347,-8.467,19.53
42.681,48.099,70.061,15.697,9.706,-20.582,4.368,27.018,1.849,-13.598,1.631,12.49
40.315,18.072,69.461,-2.199,-2.942,-35.974,0.604,2.054,-14.831,5.867,2.682,4.438
41.815,44.014,57.201,8.452,-0.253,-24.662,-0.297,6.004,-3.457,-0.97,-7.688,2.86
45.699,13.638,69.781,-36.461,-13.042,-14.662,33.307,23.491,-8.565,-0.471,5.251,7.024
47.649,55.39,91.803,6.705,11.426,-26.654,26.848,0.811,-7.367,-12.158,-1.872,19.214
47.016,12.368,36.544,25.502,-0.867,-27.935,11.87,9.211,-12.344,-6.049,-10.607,19.485
47.428,71.875,53.493,-20.992,20.69,-8.54,-0.449,-3.389,18.668,-19.73,-1.27,0.029
47.811,58.824,76.857,24.877,60.791,-32.865,3.95,-7.841,12.368,8.219,-10.263,34.135
46.528,39.397,48.838,16.108,39.474,-40.982,-11.685,12.431,4.444,-3.845,-2.714,24.586
50.63,55.336,73.781,-45.67,29.631,-10.559,33.348,12.639,12.198,15.551,10.897,16.156
53.381,75.176,82.799,18.299,35.509,-27.787,43.838,3.802,-6.787,1.095,-27.369,43.486
50.986,53.705,53.23,-4.738,33.905,-4.828,9.481,5.492,7.6,-7.771,-12.305,17.741
48.501,96.612,59.738,-18.979,20.21,-4.149,-24.392,-13.298,9.302,-30.929,-6.733,-0.286
48.023,66.152,101.883,26.679,40.224,-17.359,-2.516,-8.585,-23.999,1.97,3.663,27.095
49.372,80.599,96.095,-5.023,45.661,-9.109,-5.575,2.568,-2.228,-6.939,-1.895,19.442
49.086,101.009,69.109,13.339,4.21,-23.473,-15.55,-18.481,-28.213,-8.7,-10.571,22.331
49.814,55.854,108.562,-12.66,29.585,-35.004,11.28,3.444,-17.194,13.729,-5.915,-9.66
51.26,58.32,108.649,23.153,17.147,-23.167,10.051,-1.209,-26.976,-7.419,-16.17,9.046
49.332,63.413,72.556,49.208,21.597,-22.483,-14.594,5.143,-11.777,-24.92,-17.177,4.513
45.821,33.187,31.795,-10.12,6.217,-23.548,-14.968,6.946,-10.332,0.112,-8.495,1.949
44.386,33.365,21.569,-18.618,-22.232,-25.77,-20.285,-16.217,-19.015,-13.274,-8.48,-25.502
48.033,17.798,75.902,-31.534,46.194,0.816,35.492,28.233,36.738,-6.506,-33.837,2.592
47.463,59.177,39.304,-22.44,39.843,-33.035,13.624,2.732,13.726,2.629,7.571,26.931
46.427,61.841,15.908,36.013,15.737,-33.196,-4.149,-33.453,6.539,-4.707,-22.186,23.878
44.05,32.272,63.921,-24.828,-0.656,-7.514,33.349,18.861,1.998,22.055,-32.0,5.408
46.354,20.007,69.646,-102.294,0.73,-9.811,26.618,60.409,4.844,6.52,-9.571,30.39
49.422,58.888,43.568,-13.704,32.815,21.867,28.374,6.463,-0.224,-22.158,-8.245,20.591
48.098,92.407,82.487,-37.619,35.556,-6.016,-32.406,14.247,7.437,-35.981,8.763,3.314
50.682,59.616,89.884,83.008,72.484,-14.746,5.009,-21.46,2.377,-18.288,-17.349,13.664
49.788,81.407,103.149,-5.915,55.315,-29.052,-4.782,44.068,7.904,7.642,3.191,14.408
50.424,78.288,91.386,20.429,60.818,-30.402,11.081,20.411,21.267,33.806,-14.178,-0.135
48.486,104.781,78.14,6.609,28.49,-22.182,-3.729,7.577,8.105,-3.989,-11.841,4.362
48.104,82.058,106.128,46.208,39.525,-23.372,20.238,23.892,-7.091,6.328,-16.2,11.746
43.629,56.341,37.795,-7.866,-12.003,-23.622,-6.637,-15.237,-17.71,19.343,-17.433,16.337
45.677,58.182,35.301,-71.94,-20.818,-19.673,7.477,20.486,7.908,-7.427,-1.538,-0.277
48.136,102.557,26.176,-7.743,-22.417,-36.185,-15.86,-8.579,8.743,10.177,-1.921,-11.234
46.573,91.355,21.056,4.169,-8.435,-13.726,-20.822,-20.796,6.41,-4.135,-13.656,-3.519
43.203,47.217,44.193,4.973,10.303,-28.6,-19.952,4.726,-1.182,7.151,22.224,-15.284
43.631,56.79,43.719,-3.53,-10.846,-31.283,-11.511,15.111,-13.944,-2.348,-2.809,-15.423
45.109,58.495,26.703,-4.91,-21.558,-16.112,-13.103,-14.263,-24.541,-0.077,-9.976,3.915
45.477,61.336,31.955,-7.288,-22.376,-34.536,-43.05,19.694,-15.721,-10.95,-8.818,-4.913
41.06,68.427,10.361,4.864,30.303,-14.723,-6.323,23.222,-19.283,-10.688,-30.557,-3.425
46.157,156.926,80.016,-10.135,21.263,-1.905,-44.834,-0.736,8.756,-9.066,23.097,4.748
47.243,149.034,67.781,9.351,29.493,-2.189,-50.395,-39.483,8.869,1.371,-32.332,-9.628
43.412,11.804,63.972,-11.991,37.282,-8.064,-14.144,35.479,4.472,-15.334,-28.934,25.377
46.463,61.247,87.881,-7.402,56.974,-8.3,17.268,21.543,-5.883,4.264,28.18,32.131
49.033,111.714,76.158,13.331,77.484,-21.041,26.385,18.168,24.105,7.266,-16.305,55.42
42.84,38.106,49.803,53.531,36.536,-2.102,20.061,-4.179,-18.191,-0.484,8.072,19.118
45.146,47.191,62.599,-14.819,65.363,21.098,-11.812,21.698,16.852,-6.531,-13.602,22.737
40.317,19.444,35.133,-2.577,33.57,-49.939,1.033,-9.301,-6.265,-3.411,-1.661,-13.728
43.609,81.284,61.589,3.066,10.934,-12.891,-16.274,0.517,15.591,-4.973,-3.466,-12.606
43.847,80.35,25.312,13.706,4.164,-6.782,-24.275,-22.291,1.414,-5.607,-15.912,-3.245
42.323,45.484,85.487,71.426,52.326,-12.416,2.179,12.183,-0.757,-11.964,-6.829,0.801
41.846,16.252,70.99,52.793,59.63,-22.304,-16.357,-36.477,-7.445,12.075,6.454,22.857
44.746,42.05,55.295,112.74,33.202,-8.902,-6.942,-2.322,-15.593,-13.543,-33.549,20.089
33.625,-19.669,51.333,-13.026,14.182,-32.314,0.558,2.923,-0.813,-1.799,6.95,-3.974
33.847,-0.803,36.271,9.908,13.889,-32.69,-30.728,2.697,-6.887,-10.554,-10.489,-2.803
33.349,8.985,55.016,-17.585,28.847,-29.816,-37.411,-43.413,-24.581,29.045,-10.745,-29.062
34.036,-1.346,68.132,14.574,32.276,-23.22,-68.328,1.561,17.021,-3.049,-9.355,-44.719
36.915,19.802,38.848,-31.223,33.66,30.831,-47.33,9.612,25.76,-8.153,-16.531,-14.664
35.08,39.062,51.508,-1.467,48.493,-12.943,-65.001,-0.501,16.462,8.686,-7.909,-1.486
37.603,-3.072,85.375,6.691,77.786,-8.989,-16.862,-4.699,10.368,25.758,3.244,15.042
36.29,20.263,96.007,-10.973,49.288,-19.081,-34.598,43.597,28.174,-18.891,-0.376,0.01
36.624,84.937,75.674,22.489,13.878,-24.595,-47.396,16.437,16.294,-11.858,-2.55,-3.018
35.403,131.158,86.739,9.663,3.982,-10.984,-38.656,-12.92,12.605,-1.769,-1.579,-12.761
37.257,47.099,106.416,-32.239,37.662,3.025,-19.619,4.75,12.778,17.152,-24.851,14.456
35.155,-24.106,50.845,8.392,22.082,-26.403,-36.455,-11.03,-5.188,9.224,-3.07,-16.57
34.941,9.267,61.158,8.787,14.184,-10.322,-53.167,-12.865,-0.425,5.308,-8.943,-31.089
33.398,34.054,36.729,-26.324,20.725,-15.587,-28.068,-53.293,-30.394,-5.384,-14.94,-32.189
32.676,10.268,52.098,0.338,-14.972,3.837,-51.848,-14.555,-40.752,-9.196,-21.126,-30.838
35.009,24.917,73.968,-94.483,29.404,-17.036,-37.243,13.885,-10.106,-7.795,25.583,-9.99
41.77,70.429,85.323,-19.27,23.761,-23.177,-54.634,-11.069,12.439,4.233,14.03,-11.716
44.959,86.158,97.862,6.406,8.059,-23.775,-6.757,1.362,3.884,0.619,-9.034,29.858
44.449,75.977,94.845,-1.614,11.401,-20.677,-24.014,-21.386,-4.364,2.217,-4.302,9.622
43.775,79.53,89.871,21.9,16.933,-12.692,-33.279,-2.939,-4.79,-7.148,-10.633,15.86
39.303,69.925,114.322,61.035,40.089,-21.921,6.135,-13.345,7.743,4.266,-21.305,12.669
34.899,38.801,90.354,31.613,56.613,-24.823,3.835,-22.002,21.147,10.45,-14.108,5.228
35.883,-21.383,42.377,-32.158,27.75,-27.222,-3.962,5.226,1.933,-0.555,2.936,15.825
39.842,37.41,70.727,-61.339,26.03,-13.76,-15.162,-14.052,-29.797,14.913,3.782,9.66
42.98,-12.606,61.781,-7.588,48.111,-24.141,-2.737,22.594,18.32,4.758,-1.98,13.562
42.547,3.706,54.227,-53.142,13.57,-8.965,-18.735,27.564,-20.554,-16.768,16.581,16.572
42.771,37.213,70.888,-17.625,36.524,-10.268,-28.979,30.554,-8.882,7.404,-6.414,19.108
42.5,65.953,61.777,-15.29,1.141,-32.847,-20.751,1.623,-21.284,11.081,-5.777,32.238
42.092,45.108,30.656,6.264,28.669,-22.132,-26.648,-31.938,2.578,9.564,-26.404,5.488
42.761,-14.47,74.829,-22.689,81.207,-20.552,7.683,-3.761,26.93,3.918,6.522,21.711
44.406,8.484,77.405,5.218,58.741,-29.652,-4.497,5.202,10.687,-10.395,-7.344,24.106
43.371,32.696,34.261,6.215,13.196,-29.256,-27.544,-5.398,-7.926,-13.562,-4.289,27.46
42.906,-1.05,80.55,-6.042,42.842,-32.939,-5.23,3.904,-10.828,10.249,-0.127,13.345
43.122,9.28,98.308,38.804,57.368,-47.259,3.036,-6.175,1.139,-3.177,12.624,2.991
44.893,28.011,125.674,-21.491,100.95,-30.713,-6.827,5.926,24.082,14.827,3.716,10.706
45.126,-6.86,69.162,10.399,54.741,-75.408,-4.751,-4.87,8.872,16.484,-8.543,13.232
45.495,75.53,61.485,-19.94,6.584,-8.628,-17.313,-1.551,-13.751,-20.62,-19.201,0.184
45.747,38.162,88.141,34.734,32.529,-17.05,14.985,1.995,-10.499,-7.453,-15.147,-3.972
43.357,62.308,92.678,1.321,-45.323,-25.992,25.635,11.359,-49.66,-18.239,0.999,-7.59
45.911,53.909,94.629,19.261,14.457,13.635,21.316,-1.813,-30.102,5.415,-53.326,22.081
44.053,75.42,18.587,-33.456,18.261,-20.67,24.852,18.411,-37.578,-23.817,-0.695,-0.26
49.023,113.607,48.665,-9.886,-5.418,14.73,-12.002,-16.322,3.271,-15.833,5.791,0.385
50.048,95.344,58.121,-0.455,-11.119,-8.979,6.881,-19.65,0.041,-6.127,-20.138,-6.9
48.072,65.022,63.752,13.909,14.468,-9.455,-27.821,-12.663,-10.746,-19.389,-17.169,-5.27
48.291,31.863,89.223,-29.436,18.317,11.518,-6.929,21.526,-20.748,-12.17,-26.445,17.043
46.628,72.642,99.632,-31.499,26.142,-19.442,3.616,0.116,-10.626,-4.559,15.813,7.337
50.625,116.804,95.627,-0.683,19.162,-18.563,-4.049,-4.74,4.952,-6.078,4.432,12.522
50.576,113.752,98.313,31.801,25.17,-38.359,-9.076,-17.29,1.75,8.69,-6.33,7.764
50.848,141.077,100.487,19.78,26.222,-16.255,-10.122,-15.804,0.771,-5.465,-10.651,15.123
48.629,120.397,60.123,65.536,33.532,-3.648,-36.911,-29.562,-0.125,-14.571,-36.644,18.12
39.987,32.575,82.792,11.316,26.361,-20.543,-28.227,-24.46,-42.351,-2.302,-0.242,12.062
37.836,-7.307,104.407,25.521,55.019,-22.362,-51.486,6.383,-26.575,-15.39,2.945,-1.631
39.846,21.996,137.271,15.148,73.486,-19.325,-5.032,-3.961,-28.851,15.401,1.339,11.267
42.132,77.02,102.257,45.365,59.127,17.14,-47.789,-39.76,-10.168,-28.329,-33.458,-1.207
39.744,6.996,140.165,-21.568,59.27,-12.389,-30.627,-3.0,-24.142,-9.934,26.253,-3.754
43.918,71.062,142.692,72.86,98.971,-18.113,13.416,-33.428,10.159,-4.428,-12.214,27.221
43.302,95.567,145.944,47.472,96.253,-16.414,22.08,-26.958,18.803,-8.031,-2.069,24.313
40.603,23.748,100.81,87.828,101.956,-16.766,-9.31,-12.115,3.554,-20.016,-28.219,30.629
38.179,30.795,100.196,96.127,105.816,17.56,7.88,8.166,9.258,-17.378,-42.621,29.708
31.111,-39.914,85.841,-27.7,48.723,3.735,39.051,12.567,-16.454,9.077,-29.946,31.925
25.759,-68.605,-36.067,40.778,56.322,-32.826,-23.321,3.562,-2.461,-14.177,-39.608,9.045
16.284,97.652,-88.798,-27.158,93.234,-61.808,-12.733,-24.126,4.244,-20.003,-6.368,5.671
12.646,46.224,-21.524,22.381,24.322,-23.485,-4.851,18.781,-19.887,-8.027,-32.953,-8.047
14.101,13.284,39.942,-183.986,57.378,-21.532,45.702,-62.345,-25.156,24.75,14.237,20.518
26.437,-58.597,61.078,-21.942,31.038,-30.695,26.393,10.454,-44.927,-6.534,3.833,22.261
28.103,-54.215,41.413,-11.836,38.351,-32.535,3.457,1.685,-4.865,-5.918,-5.313,18.729
26.378,-68.864,10.973,30.547,58.615,-19.437,-11.203,12.909,12.671,-2.445,-43.054,9.691
16.899,-69.029,-33.73,-72.33,50.332,-17.932,9.715,-7.954,-10.337,-4.985,0.582,12.27
14.943,-47.169,-49.666,24.689,45.987,-41.873,2.782,58.027,-29.247,-16.166,-20.754,31.162
7.116,65.611,27.042,-29.349,61.86,-53.02,62.05,7.443,-32.327,1.954,-6.041,-15.636
17.004,-35.427,19.994,-156.582,1.122,-59.053,75.989,-26.885,-58.99,4.823,55.372,21.659
31.392,-26.504,91.299,-24.97,-13.03,-23.697,31.543,-4.177,-50.676,-5.719,12.265,50.202
34.986,-15.311,97.317,-7.744,-14.443,-9.854,21.653,-7.29,-61.248,-19.081,11.841,46.251
36.292,-15.382,99.948,27.282,-13.387,-22.727,29.538,8.634,-65.805,-24.761,9.303,56.258
34.9,-8.802,80.493,7.617,-16.403,-22.591,-5.794,6.177,-60.714,-13.913,-9.572,34.458
34.81,-20.003,85.771,-6.324,8.201,-25.544,17.544,2.45,-46.453,-29.106,15.285,45.518
35.368,-11.067,89.095,18.987,3.229,-21.19,13.082,9.988,-47.231,-25.413,4.063,48.435
35.189,-3.945,94.628,0.438,10.702,-22.571,14.905,7.098,-44.556,-14.566,-1.149,40.132
33.988,-16.733,76.961,30.446,8.884,-24.969,1.63,12.421,-40.498,-18.024,-0.774,44.275
29.2,-34.767,29.145,-12.392,15.053,-19.541,-13.571,-6.099,-8.781,-19.161,3.487,43.505
28.768,-38.514,38.873,-22.969,20.337,-30.443,-17.924,-11.034,-4.107,-3.193,2.157,18.783
30.983,-2.27,35.595,-30.55,17.343,-17.137,-14.065,-27.43,-11.499,-15.957,6.987,27.378
30.9,16.775,27.62,-21.796,18.727,-22.307,-26.243,19.172,3.621,-10.891,8.32,26.269
31.55,7.031,49.899,-9.944,31.542,-15.953,-26.71,-21.568,-10.791,1.366,-4.443,12.574
29.334,-3.088,7.151,39.486,39.262,4.004,-34.465,-25.609,-2.542,-7.583,-53.443,25.974
18.125,-88.734,9.172,-64.771,32.451,-36.78,53.331,-6.426,-46.469,-1.233,12.261,12.417
21.456,-66.364,79.252,7.274,27.673,-12.661,33.38,7.921,-44.083,-11.348,-12.738,31.136
18.584,-73.829,19.748,-36.035,37.537,-34.568,-18.609,-7.636,-34.001,-7.739,3.251,5.112
19.812,-95.49,31.495,-26.419,51.979,-35.91,-5.174,-5.219,-38.511,-9.68,3.494,13.39
21.957,-115.377,48.198,-24.271,41.431,-26.361,8.634,11.703,-54.815,-14.408,2.223,11.396
22.884,-100.452,49.155,-33.783,20.191,-32.214,-8.088,0.423,-42.831,-16.705,12.116,6.094
25.814,-57.296,54.491,2.249,-5.826,-0.237,-1.615,5.414,-40.892,-28.71,-14.956,32.576
23.397,-83.945,38.376,-26.903,-14.136,-34.577,2.811,3.595,-40.402,-11.756,5.051,9.424
25.406,-64.895,65.641,-36.438,-21.162,-25.407,13.618,0.74,-39.648,-15.202,13.122,15.767
26.611,-61.569,38.057,18.863,-0.676,-25.883,14.072,1.619,-28.666,-19.041,-8.968,36.177
23.759,-90.721,45.715,-10.965,-5.357,-31.302,16.18,10.07,-39.108,-11.945,11.509,18.294
24.975,-62.976,65.83,-15.545,-18.824,-25.256,10.207,7.063,-38.574,-16.223,13.974,15.436
26.206,-85.661,70.074,-2.339,1.152,-22.723,18.73,-16.185,-37.266,-13.162,-5.934,23.752
24.982,-113.372,45.551,32.569,25.07,-20.569,1.963,23.646,-36.405,-22.1,-24.759,17.332
17.078,-61.136,-23.894,77.596,38.134,-28.179,-13.786,84.671,-34.1,-12.832,-52.188,10.408
7.878,-3.372,-94.423,-63.272,76.783,-53.814,-50.235,9.404,-9.652,-1.091,5.741,-3.995
10.0,-33.917,-26.744,-62.525,131.37,-41.377,-45.651,-8.901,-18.459,7.86,8.939,-3.657
13.145,-31.928,25.643,-72.109,101.535,-34.518,-26.845,-22.385,-11.322,4.543,5.958,-7.184
18.011,20.512,107.715,-37.242,69.588,-31.713,-14.583,36.028,-11.626,-10.916,17.455,12.48
20.456,120.267,129.247,19.823,47.577,-28.611,-1.047,24.54,-8.238,-1.074,-4.252,4.468
20.553,146.941,128.05,40.037,48.488,-25.265,-0.579,-7.276,-9.184,10.188,-4.022,0.154
21.4,136.149,122.923,33.097,63.179,-27.737,-20.334,-6.763,-8.897,25.123,-8.072,1.662
21.311,174.785,139.846,10.584,50.552,-24.047,-3.815,7.723,1.268,5.449,-14.281,19.045
21.031,182.39,157.691,42.473,45.605,-24.041,16.649,4.499,-4.846,13.157,-4.184,3.672
20.379,175.716,142.715,20.314,53.567,-16.33,14.433,-8.657,8.887,6.289,-10.114,-2.454
18.535,169.523,136.051,21.331,43.101,-23.783,-9.979,13.709,1.014,13.672,-7.794,-21.909
18.015,148.77,135.384,47.18,37.05,-25.488,20.051,-13.569,-9.736,14.743,-24.575,-14.794
17.527,160.463,119.911,43.883,37.055,-43.0,8.041,5.412,3.16,10.728,-16.514,-16.739
16.664,190.171,131.266,34.334,27.195,-48.996,23.42,12.771,-1.016,20.401,-7.031,2.198
16.044,171.05,121.34,35.936,31.399,-44.331,18.578,6.793,7.267,20.611,-22.107,-15.281
15.913,181.221,114.041,23.531,12.003,-15.746,20.852,-17.184,-16.519,5.971,-9.726,-14.163
15.954,162.009,111.048,15.095,7.067,-31.571,52.662,23.548,15.302,4.112,-21.239,-12.125
17.012,166.087,103.926,17.139,-6.286,-30.624,57.044,18.926,0.348,12.212,-8.43,-14.733
17.182,167.173,115.282,34.0,36.22,-30.304,24.839,-4.521,8.522,21.679,-23.964,-8.716
14.94,130.228,110.268,39.582,20.503,-29.275,19.478,-0.327,-5.78,5.221,-23.752,-16.449
13.622,100.163,89.729,5.845,32.708,-28.574,2.535,-1.902,0.448,0.42,-14.772,-24.423
9.813,53.187,-76.875,81.141,3.481,-69.392,-18.856,101.78,-2.909,-16.771,7.966,-14.524
