0.0,171.13,9.469,-28.48,57.491,-50.067,14.833,5.359,-27.228,0.973,-10.64,-7.228
47.821,85.049,-51.175,74.925,51.284,33.361,-28.937,12.891,0.14,24.924,-1.646,3.147
48.523,85.699,-56.492,89.618,24.864,-31.751,-48.138,15.618,4.486,-2.145,-50.724,11.282
35.611,22.758,-108.123,41.052,-25.639,-91.744,-34.985,17.019,14.434,13.931,-14.836,5.498
42.31,46.194,-86.994,2.137,-21.757,-34.603,5.824,-35.946,-3.702,50.526,70.816,-5.342
46.944,80.823,13.939,-45.811,21.448,-12.525,-2.116,39.06,1.16,6.707,-40.018,8.406
42.831,117.203,-25.362,39.848,22.461,-54.203,-15.075,36.373,-4.544,-4.533,-11.156,-0.323
43.913,78.17,5.495,51.166,13.673,-4.666,-8.851,11.904,-12.503,1.411,-25.497,-2.615
52.698,74.071,-20.05,-39.562,-0.04,9.884,24.755,8.287,-8.287,19.231,32.478,-7.85
53.547,66.492,43.033,-27.377,-5.101,-41.531,14.553,7.941,-11.128,-4.808,-7.689,-8.874
55.292,65.77,15.463,40.963,7.96,-41.292,8.648,-18.004,-26.717,-5.972,-8.922,0.472
53.51,55.359,30.618,-11.313,-16.526,-50.699,13.358,0.127,-6.997,5.227,-16.632,-10.915
51.346,16.588,42.925,40.439,24.476,-36.883,13.067,25.344,12.284,-5.083,-28.78,1.532
47.357,31.927,19.512,-7.721,1.872,-13.963,20.859,-11.315,4.48,-1.826,-5.553,-2.723
47.136,25.126,-87.559,49.893,-6.487,-63.552,8.93,-23.551,-12.908,25.199,-13.936,8.156
53.255,66.879,-36.077,71.076,27.575,31.806,12.66,7.05,-7.995,7.412,12.003,-9.87
43.439,22.607,-59.97,4.44,-2.035,-34.757,25.1,-2.126,-14.88,-21.487,-15.477,-8.02
42.78,45.714,-45.663,67.03,-19.602,-48.592,7.137,-8.338,-16.875,7.379,-25.596,-17.168
52.401,48.557,3.895,-9.013,-14.947,-19.908,21.379,-16.173,-12.672,29.881,-2.945,3.657
52.28,43.44,17.345,-16.174,-29.246,-51.028,16.926,0.938,-1.521,9.154,-15.417,-3.887
54.647,61.114,-2.947,28.404,6.903,-22.692,5.223,-21.285,-16.695,1.677,-8.426,5.561
52.006,42.895,-4.577,4.648,-23.16,-34.338,8.266,1.183,-3.978,6.089,-16.844,6.826
45.178,31.183,-29.655,11.984,-32.093,-69.307,5.379,-23.725,-21.853,14.914,-21.381,-6.379
49.496,72.689,-9.013,-57.366,-19.434,30.795,38.53,28.221,25.358,-27.042,13.041,2.752
53.629,84.998,-22.201,48.387,12.054,-20.784,0.403,1.123,-6.164,4.319,-0.755,-0.123
47.898,61.597,26.14,-7.961,-22.592,-19.391,6.515,-8.7,-2.94,-5.251,-7.324,-6.76
48.531,47.283,20.575,13.746,-23.016,-25.247,-6.062,-19.241,0.473,-3.466,-7.53,3.4
52.33,45.821,-2.707,-23.971,-24.239,-7.509,28.289,-10.477,-5.909,8.344,19.328,1.907
53.328,59.782,34.716,-20.624,-16.908,-40.433,21.774,2.176,-5.473,1.344,6.101,-11.085
55.108,69.036,30.122,38.471,10.552,-43.933,5.653,-17.231,-19.388,9.431,-20.138,-4.344
53.077,42.178,22.515,3.194,-14.563,-47.606,10.246,0.418,-1.176,12.161,-19.965,-0.639
47.632,27.837,17.068,10.015,-2.458,-10.783,9.829,-2.735,3.43,-12.288,-17.139,7.349
47.112,33.941,-76.116,45.88,-17.663,-83.961,5.654,-26.784,-28.25,30.32,-30.765,11.477
53.978,76.692,-36.392,76.264,26.842,-0.068,1.978,3.692,-13.454,15.024,-13.02,-4.15
44.909,27.433,-51.253,33.66,-16.041,-52.513,11.95,-3.332,-10.098,-7.254,-4.337,-16.109
44.384,68.823,-46.463,61.079,-33.72,16.611,7.532,3.977,-4.756,-9.235,-7.244,-14.259
50.87,35.988,-5.083,-32.183,-12.174,37.748,29.713,-7.026,-2.019,17.349,49.621,-14.477
53.08,42.461,20.859,-21.341,-23.838,-37.334,14.172,-6.637,3.353,2.749,11.967,-11.976
55.381,69.947,4.333,26.508,3.072,-46.273,6.623,-19.672,-15.94,1.021,-10.785,0.96
51.787,37.543,8.835,-11.153,-8.558,-14.127,18.984,0.943,7.376,-9.728,-18.135,-6.516
46.957,15.591,-35.188,17.103,-18.724,-34.085,7.799,-27.905,-7.983,6.641,3.992,-6.675
50.349,63.817,-14.361,-30.946,-21.493,7.703,26.695,17.052,14.958,-4.107,29.286,1.52
52.92,78.884,-14.022,54.434,15.255,-12.906,6.705,2.034,-5.588,1.181,-6.787,-7.859
48.541,52.958,-4.908,-14.175,4.729,-36.131,-5.287,2.511,-5.694,-12.471,-6.87,-1.652
48.675,80.778,-78.393,-11.664,8.462,-83.197,2.864,11.478,7.879,-5.909,-24.482,24.053
46.675,46.78,-57.328,25.686,9.908,-19.434,-32.616,-40.372,51.139,23.624,-47.405,-0.748
46.483,86.955,-77.074,-14.776,0.602,-12.703,-9.772,-70.314,-13.119,45.098,-37.928,13.07
51.607,11.265,-33.043,32.576,44.92,-49.349,-41.897,-23.639,-13.44,7.173,-52.705,13.261
52.734,28.544,-5.884,54.31,2.114,-27.479,11.173,16.747,20.373,9.477,-67.82,-0.978
47.79,102.218,-38.497,8.979,-1.915,41.975,-39.129,-6.108,5.333,-6.076,-22.45,-10.299
41.883,13.083,-51.275,-33.95,24.459,2.405,-17.218,2.01,-12.817,16.821,-43.304,14.236
46.381,76.988,-7.592,-92.659,7.432,74.06,-7.309,6.219,-7.051,20.311,-29.851,-3.589
44.117,104.963,-92.257,-14.72,11.398,-33.412,14.697,-35.551,34.935,-6.308,-20.216,11.672
53.388,38.565,-14.547,46.375,25.994,-28.316,-19.543,-19.099,-3.093,12.236,-49.439,9.263
40.703,13.749,-87.396,11.463,5.909,-63.757,10.319,-22.435,10.451,15.735,-17.794,13.777
40.635,-13.585,-62.484,0.91,7.828,-7.592,-4.506,9.733,-4.107,-23.252,-8.546,0.679
46.378,44.985,-95.514,-13.5,-4.447,-28.836,-3.499,-21.385,-5.635,18.183,-1.716,6.286
50.549,43.917,-32.619,-16.607,19.682,55.526,-31.054,31.553,24.071,-7.076,-34.673,0.972
49.114,4.061,-1.813,-95.772,20.596,14.735,-13.88,-7.007,-7.392,33.742,8.193,-12.461
50.315,39.331,-14.577,71.173,24.157,-2.43,-33.55,27.996,2.335,-4.665,-68.686,14.982
44.756,22.548,-89.394,-1.121,-6.908,-62.339,5.551,-29.335,-5.08,32.719,-10.314,17.467
42.594,-42.66,-63.681,27.897,-6.032,-46.446,3.951,-11.083,-7.737,20.708,3.849,15.895
45.894,-9.402,-24.784,-99.03,15.624,-22.093,17.649,-31.58,-32.025,28.594,-3.906,11.836
48.991,90.719,-44.429,-18.84,-28.891,-19.572,-52.37,20.742,13.638,-33.573,-23.826,-2.672
50.202,71.42,-60.521,11.221,-9.837,-30.585,-36.935,-18.826,0.361,31.175,-6.493,0.075
51.677,63.13,19.798,-79.965,25.777,20.731,-18.384,-0.78,7.696,3.266,-2.07,5.762
52.096,38.876,-21.241,72.35,21.54,-18.93,-19.769,7.104,-6.19,-7.95,-39.678,11.77
43.675,38.228,-56.798,37.646,-15.756,-59.256,5.352,-14.786,-14.1,19.244,-18.139,10.598
40.76,5.067,-53.132,-5.051,2.893,-9.474,3.667,34.35,-7.649,-2.778,2.233,-7.977
46.667,36.741,-88.757,-1.738,-4.393,-71.872,2.388,-21.069,2.521,26.4,-17.012,18.832
44.605,-11.191,-66.778,2.587,-1.108,-7.479,-4.388,-8.881,29.71,-14.46,-5.184,14.315
45.977,18.1,-26.377,-42.173,1.129,5.887,11.626,-16.143,-5.717,14.663,-36.978,-24.228
45.344,54.563,-79.518,-6.716,13.781,-3.453,-3.032,-74.019,0.658,32.563,-37.39,5.371
52.61,55.316,-37.186,19.915,32.176,-49.299,-29.281,-4.007,-10.405,2.787,-26.915,14.376
50.402,15.24,-25.804,45.053,36.714,-17.322,-65.403,-35.941,18.496,-5.094,-28.071,26.581
50.15,19.915,-50.381,24.269,6.379,-18.586,-11.283,-3.991,18.156,33.266,-52.041,3.2
43.344,-4.523,-65.695,-1.339,-16.904,8.105,6.168,-1.009,5.147,-2.587,-28.563,13.725
46.437,54.032,-2.982,-100.349,27.96,-23.12,32.703,-35.404,11.056,14.401,15.449,5.516
51.493,54.086,73.374,22.36,22.382,11.538,10.86,11.322,12.05,10.724,-6.597,6.314
46.613,1.11,-40.828,81.981,-17.388,-62.708,-12.616,-8.917,10.511,15.114,-9.805,20.999
45.703,33.008,14.949,-149.943,6.971,-20.643,8.896,31.774,40.274,8.906,4.35,7.652
50.987,80.218,-58.775,33.717,23.672,-78.997,-34.083,31.828,20.553,12.233,-30.658,19.081
44.337,12.274,-32.516,-24.856,18.53,-32.084,16.615,-25.64,-0.326,26.78,-26.92,-15.118
42.034,76.768,-90.376,4.78,17.024,-40.25,-5.983,-18.491,10.592,-28.584,-35.643,11.571
47.341,49.428,-57.304,-39.833,-0.146,33.007,27.382,-19.669,19.533,4.679,33.817,9.966
47.823,-2.92,-10.213,44.086,-9.118,32.772,36.895,-0.261,16.178,-6.569,-55.289,16.979
51.448,32.852,1.873,-53.905,4.288,24.466,-43.326,29.573,6.712,5.33,21.884,-26.355
51.253,40.137,1.565,-11.313,19.38,-23.829,-29.451,-4.787,18.747,-11.673,-6.669,1.647
55.337,80.207,16.08,8.764,11.384,-2.685,-4.5,6.244,11.865,5.356,-15.865,7.604
45.368,62.833,-70.268,-9.66,6.948,-10.354,6.326,-53.988,-6.608,15.16,-15.094,11.443
46.048,28.585,3.123,-96.8,8.119,9.859,11.103,26.424,7.901,-3.24,-14.748,-12.531
49.578,84.294,-33.931,-56.267,3.652,24.165,11.515,8.908,5.722,21.447,-7.327,9.43
55.507,25.76,10.22,15.66,30.607,-55.634,-10.788,-17.229,-11.816,10.21,-11.411,10.235
53.37,26.417,23.36,21.725,22.186,-20.755,-13.75,3.056,21.255,-15.48,-36.445,16.114
47.133,-15.967,28.732,8.527,17.585,-15.683,-7.107,-12.314,13.34,-12.149,-17.923,18.749
43.428,-29.534,-29.886,-38.926,48.511,-35.963,-9.286,-6.831,5.944,-31.353,11.109,6.058
52.466,101.196,-49.479,-32.803,-1.457,-47.673,-2.384,9.317,-0.674,3.363,-3.642,5.426
51.827,58.789,-12.549,-38.18,18.7,-15.175,20.266,-9.58,-9.206,25.69,-26.21,5.875
54.042,36.02,0.807,24.431,25.155,-19.782,-24.155,-0.415,-5.719,8.512,-43.142,-19.923
54.982,25.053,19.226,28.209,17.268,-19.234,9.402,14.727,19.468,32.357,-36.373,-0.977
49.273,48.263,-22.468,24.603,-3.444,-37.245,1.567,-45.478,-7.357,18.034,-20.001,5.533
51.084,94.181,-9.863,-80.056,-7.616,-7.912,-24.723,-6.382,-22.124,4.33,10.898,-19.875
51.461,57.164,-1.606,50.603,-41.875,-7.956,-33.73,-38.93,-10.892,7.078,-47.343,-10.435
49.713,47.945,-3.364,-16.046,5.933,55.731,2.217,18.594,0.117,-29.994,-48.908,-0.775
52.415,41.324,66.72,-68.99,48.787,38.065,45.61,16.468,23.716,16.28,-26.283,-13.005
54.727,11.915,24.935,16.628,45.632,-52.118,-3.369,-32.057,13.774,14.114,-36.303,-34.77
47.702,17.029,-34.55,-23.244,21.611,-17.31,0.01,-27.965,-12.459,7.346,-1.31,5.885
47.207,-46.312,-10.531,34.131,9.121,-13.175,6.863,0.201,-2.614,-2.799,-32.063,5.069
49.965,50.822,-36.569,-4.443,-13.37,-41.287,11.17,-19.105,-6.259,21.292,2.615,-6.531
47.767,-32.282,-3.293,43.073,-8.371,-50.429,-4.181,18.845,3.165,16.659,7.234,-7.67
52.824,54.058,27.24,-14.09,9.39,50.04,15.267,6.659,18.214,11.581,-35.553,-30.437
52.92,22.027,-26.227,15.218,50.14,2.948,-0.881,-21.471,9.924,11.889,-12.805,-7.563
53.754,51.981,0.698,21.581,-5.85,31.678,12.299,-22.726,13.009,8.865,-35.52,-7.82
53.231,36.281,37.984,-40.959,43.73,2.656,11.277,13.376,-30.595,12.597,4.95,-30.596
50.415,56.59,-51.24,39.739,-1.159,-29.037,-2.839,28.555,-15.073,10.979,-31.303,16.31
50.119,37.895,48.634,-95.243,45.839,18.014,46.285,-32.284,-5.169,16.67,-39.165,-22.886
56.085,32.319,30.977,5.655,61.072,-37.171,6.821,-25.599,7.121,-1.926,5.394,-48.886
54.471,54.554,52.556,13.397,24.093,-39.228,4.918,51.947,9.379,-13.726,-12.941,-29.732
52.91,52.978,6.277,17.112,-0.296,-27.677,-0.399,-24.321,-9.658,23.451,-20.339,19.469
53.898,54.033,21.113,-26.534,24.613,-15.639,5.417,-29.643,-17.652,37.571,-20.093,-12.78
52.522,36.859,33.977,-21.506,0.736,20.407,3.755,-7.341,5.746,-12.708,-44.147,-39.384
50.38,19.888,16.491,-22.931,3.941,1.966,-1.224,15.306,9.74,1.283,14.109,-21.149
54.032,64.68,-7.25,-3.839,28.832,-29.775,-14.574,-13.276,-26.895,9.315,1.178,14.705
52.391,14.464,-15.678,15.747,14.887,-2.519,11.322,-14.526,9.497,20.157,-10.442,12.448
49.949,27.083,15.474,-89.077,-17.164,-4.968,-14.239,34.892,0.583,-27.873,-10.822,-12.178
49.818,79.4,-49.095,11.527,18.329,7.744,-5.315,30.205,27.859,-14.286,-4.733,3.41
52.88,45.537,45.418,-30.761,25.592,43.757,32.21,-11.703,34.385,16.36,2.708,-19.902
53.4,37.998,-9.945,41.904,30.013,-51.727,10.06,-9.242,14.183,4.568,-27.907,-0.995
50.94,59.154,10.737,-56.514,12.697,-17.587,16.613,27.225,-0.574,-2.44,-3.81,-8.239
53.435,-7.368,64.101,40.429,18.89,-29.392,37.34,-2.02,8.402,14.031,-14.893,0.382
50.466,-37.768,44.466,8.012,22.929,-31.524,47.827,18.49,26.699,-2.947,-30.381,-0.328
52.139,12.476,16.809,-4.02,-8.512,12.873,14.114,-23.701,-7.064,-4.922,9.617,1.267
53.592,56.545,-16.128,13.078,18.759,-19.691,-8.459,17.502,-16.396,-10.484,-7.765,-8.242
50.873,12.676,-10.469,-45.919,-5.518,-5.648,11.015,3.215,-1.119,-3.264,11.491,1.311
55.335,47.695,29.243,21.269,-12.636,-3.881,-2.718,-20.979,-36.228,-9.432,-28.077,3.207
54.408,63.605,25.463,21.384,-6.445,14.731,-3.259,4.756,-19.251,-19.717,-11.228,-5.219
52.869,56.748,57.362,-35.556,2.262,40.295,45.316,36.625,-2.098,-15.149,-31.065,25.694
54.264,43.733,12.227,11.144,31.545,12.098,26.526,9.931,-8.714,13.737,1.902,22.352
53.863,49.523,7.794,-61.956,29.173,-13.925,17.928,-29.828,-5.685,16.02,12.31,-4.679
56.594,45.957,32.694,12.312,41.887,-39.013,6.893,-19.157,0.304,7.082,-6.832,-2.88
54.295,2.017,13.47,28.344,37.17,-36.673,-16.455,16.388,17.017,8.706,-41.641,-12.336
48.788,67.798,19.587,-33.334,-19.449,-15.166,16.838,-5.726,4.234,7.606,-16.437,-1.072
45.788,30.662,-116.101,77.179,-18.938,-79.494,-17.91,-17.035,-10.052,18.48,-13.731,3.896
52.719,62.641,-34.982,37.488,39.189,77.117,20.593,6.4,-7.638,18.412,37.831,-19.844
52.913,6.913,43.771,-36.645,44.16,3.738,38.853,1.955,-26.353,16.071,12.715,-24.463
55.07,39.186,56.627,8.887,10.726,-10.758,40.531,21.564,-6.958,-17.332,-23.23,-10.294
56.745,142.509,77.864,15.173,-51.006,-41.555,19.262,-6.661,-26.204,2.97,-5.178,-5.601
56.003,82.166,58.253,31.086,-10.982,-23.927,26.166,-18.276,2.587,9.647,-31.236,5.183
56.717,89.869,24.841,25.805,5.852,-32.042,-16.727,-19.344,0.986,4.597,-30.19,0.231
52.624,25.96,18.915,13.923,-27.367,-16.402,-16.564,6.138,-22.72,-12.132,-2.173,-6.678
54.582,43.782,14.551,-19.889,-35.255,-17.684,1.231,-9.34,-22.621,6.432,-15.328,-6.254
53.511,26.528,4.132,29.132,-11.233,-45.585,-18.631,-5.728,-8.601,3.869,-6.254,9.107
56.599,116.256,51.444,29.477,-6.281,0.497,21.795,4.455,13.391,-19.698,6.901,5.166
53.915,77.238,29.387,4.539,-7.843,-0.298,20.051,13.488,-2.591,3.637,-43.438,5.15
55.756,78.795,15.194,18.062,14.844,-27.868,-13.294,-1.307,-27.482,-1.534,-24.41,-10.054
44.301,87.226,-1.206,54.643,-5.68,-17.465,5.199,27.353,1.937,-4.125,-63.196,14.829
52.477,28.421,5.267,-46.492,17.572,29.964,14.349,-23.455,-7.44,25.177,31.481,-13.206
54.046,8.908,30.504,-12.595,46.989,-56.43,-15.885,0.781,-7.906,14.766,-2.837,-9.195
55.805,5.833,63.814,-13.672,36.084,-31.085,5.351,3.173,5.382,4.88,-10.818,-18.427
56.638,33.09,42.591,36.429,53.044,-45.225,11.464,-4.236,-6.668,7.79,-13.277,5.711
54.228,23.154,65.85,-13.493,63.25,-30.447,-6.986,-16.001,22.003,6.528,-13.968,-3.002
54.107,-10.841,15.112,39.294,40.367,-36.639,-2.104,31.435,6.891,6.807,-45.937,-3.417
48.914,52.191,8.98,-15.886,-17.148,-44.815,6.307,-2.874,5.233,12.984,-10.99,-8.713
45.739,24.48,-79.714,55.62,-3.891,-20.632,-10.039,1.015,15.946,-20.96,-56.427,-10.52
48.474,43.782,-4.852,-113.687,22.707,123.678,29.778,12.948,-4.412,-28.383,-53.519,-12.272
53.343,71.418,-12.316,-21.968,21.902,47.379,-25.485,40.308,-32.17,3.488,-2.366,-18.686
48.83,109.734,-59.727,-24.812,18.197,16.587,-23.48,5.555,-28.558,13.269,-51.713,9.72
49.646,45.264,41.683,-182.622,-0.046,13.478,1.707,34.809,8.722,9.605,-6.736,3.476
57.45,123.602,32.293,50.391,6.317,-1.114,15.483,-21.806,7.511,-13.031,-40.726,2.281
54.763,45.087,39.335,10.626,0.309,-16.08,25.227,31.258,-0.64,9.427,14.59,1.072
55.911,56.857,58.648,-25.091,24.211,-4.909,20.375,0.486,-0.589,-1.238,-18.511,3.896
54.895,16.251,46.757,-36.53,36.861,-29.635,-16.433,13.395,29.937,8.706,-12.011,-0.572
56.311,68.549,22.162,-15.592,6.64,-39.462,-2.761,14.404,-23.884,-10.791,-5.331,1.445
56.104,8.037,52.898,15.539,26.781,-55.575,24.853,-7.858,4.168,34.919,-5.138,-12.495
56.258,15.358,18.806,29.783,54.304,-48.157,-1.847,-15.924,14.519,18.559,-36.132,-21.368
51.91,32.843,-21.589,-14.744,6.599,-68.431,-10.729,-4.274,-5.346,4.801,-13.047,0.564
51.741,53.837,-15.65,-30.453,26.89,-43.959,13.928,16.885,13.69,3.008,-15.353,-18.715
53.519,91.077,-15.224,-46.24,26.284,-29.653,9.111,12.804,10.78,-0.511,-7.957,-19.388
55.727,57.188,23.167,-4.296,12.852,-16.822,4.527,16.095,-1.694,23.819,-14.823,-0.611
55.392,38.457,13.362,1.541,-19.862,-40.334,-25.049,-3.553,22.22,3.302,-11.291,-27.664
56.651,58.462,26.036,-30.519,16.201,10.53,-21.087,15.16,-12.287,-8.831,-0.773,-15.114
56.873,73.457,28.693,-7.167,18.463,-27.482,-39.448,0.692,-15.787,-1.642,0.634,-4.672
56.349,81.356,6.734,5.982,-13.069,-21.312,-11.013,0.623,-13.983,-1.91,-20.864,-1.656
54.304,87.251,-10.849,39.466,-18.997,-27.319,-28.323,6.574,-22.061,1.826,10.329,-5.478
53.077,94.485,0.775,-43.14,1.816,-15.011,-9.817,-32.654,-36.289,17.459,-33.522,-7.177
52.943,65.016,18.419,-23.405,-8.146,-11.494,-20.579,-22.463,-24.378,-16.331,-3.979,-5.61
53.593,25.448,6.03,-3.967,25.407,-23.121,-4.146,-15.135,10.714,8.55,-8.168,-0.93
56.592,76.192,18.242,13.793,14.004,2.624,10.08,21.688,-2.297,9.821,0.493,5.872
55.611,44.689,49.926,-4.484,22.539,-26.78,11.894,16.586,4.24,7.303,-17.665,-3.514
52.26,60.309,11.208,4.264,-23.202,-42.347,12.967,-2.821,-13.564,4.188,-22.573,6.58
53.189,20.198,9.688,-27.324,10.028,-7.032,-8.37,17.87,-4.351,-1.345,-6.426,10.901
53.961,59.483,4.098,-19.564,-19.458,-50.508,-11.275,22.35,-4.407,-11.66,-1.153,-18.886
56.095,53.112,16.57,23.137,2.077,-37.009,-13.866,-11.052,-14.885,-6.251,-25.62,-1.676
53.252,97.692,17.871,-27.106,28.082,-34.682,23.511,4.464,-15.656,0.998,-7.248,-5.239
53.849,51.659,-13.42,25.074,0.623,-26.772,-24.897,-19.625,-2.668,-10.494,-1.65,25.703
53.181,31.353,3.978,-10.502,14.278,-7.541,20.425,-11.979,5.577,-5.706,-8.31,24.689
54.809,52.412,19.535,-31.339,37.391,8.323,21.065,40.902,-1.589,-8.182,-12.117,18.304
54.236,31.257,22.491,-17.044,30.094,-32.219,-0.71,8.893,3.385,20.602,-15.615,-7.06
52.119,52.312,-3.007,-23.057,-12.315,-36.741,11.013,4.539,-1.901,21.842,-15.955,-2.892
52.011,99.838,23.113,-46.812,-20.232,-28.542,-3.27,17.44,3.44,-3.202,-12.231,-28.322
54.427,47.726,21.675,-9.949,-22.642,-6.056,-32.771,-6.83,-15.043,1.281,-9.279,-13.082
53.603,76.304,52.681,-39.555,-10.683,1.317,1.862,-18.121,-3.622,-8.954,-27.32,-12.202
55.455,51.076,26.723,-23.587,-7.787,17.036,13.407,-26.526,9.919,-9.755,-11.039,-7.154
53.74,-4.083,45.581,14.126,4.845,-26.166,5.585,22.387,8.897,-11.08,-12.682,-3.273
54.289,62.283,52.403,-9.464,-3.172,36.44,9.928,5.747,1.862,-18.885,-31.741,2.196
54.4,40.931,49.649,-30.579,16.712,-0.001,-26.361,21.705,4.897,5.094,8.431,-2.074
54.591,15.612,0.195,15.398,20.255,-28.292,7.971,-3.483,16.121,21.293,-27.532,17.235
55.238,54.637,-8.421,-21.907,26.148,15.156,-11.256,13.217,-7.695,-9.757,-6.527,-5.593
55.738,67.142,33.344,31.882,17.361,-19.063,6.576,0.638,11.887,6.806,-35.524,10.451
53.157,62.901,-15.099,-31.851,-21.787,-3.571,-15.255,-6.22,-15.041,5.805,-10.817,7.393
53.076,53.853,1.678,-13.991,-31.23,-13.735,-12.984,-10.251,-12.869,5.542,-13.571,11.439
53.534,49.967,35.011,-22.588,-5.203,-1.515,-1.549,-5.835,-9.61,5.453,-24.23,-2.5
53.509,12.261,45.497,-44.26,14.458,-21.168,25.272,2.9,-7.728,3.709,2.937,11.029
55.262,50.437,11.731,-6.013,-4.434,-39.05,-10.281,5.388,-20.149,6.973,-16.486,16.46
56.753,57.604,31.332,-4.012,0.939,-20.679,2.497,-7.329,-2.051,6.696,-18.157,9.1
56.157,58.31,-2.658,-5.751,21.3,-19.826,-2.848,1.846,-1.744,-6.174,9.401,10.965
55.89,44.652,35.907,11.5,15.398,-30.007,9.168,7.796,10.713,3.896,-17.782,8.296
52.274,57.949,-9.805,-18.845,-13.137,-31.277,16.478,4.455,7.204,-12.151,11.511,-1.049
52.325,0.259,24.48,-0.724,15.914,-38.044,-1.982,2.278,7.131,24.452,-14.401,-4.687
53.531,34.706,58.687,-53.772,0.282,-17.493,10.582,-20.31,-0.572,17.424,-6.744,-5.243
55.929,50.188,23.733,2.996,21.29,-12.158,-16.782,8.964,-0.818,0.581,-8.343,-22.186
53.197,41.543,24.979,-13.504,-14.565,-13.22,-8.135,-15.224,-0.619,-14.826,-15.386,-13.936
53.01,26.4,49.59,-51.708,10.122,1.701,16.826,3.739,-16.656,-4.6,-19.029,-22.057
51.316,28.37,-18.283,9.049,-20.952,-43.13,3.566,-0.395,-33.528,11.816,-3.561,-5.529
58.278,78.431,60.579,9.082,38.854,-9.778,15.776,-17.029,8.306,11.704,11.157,4.131
57.383,73.03,45.896,35.079,27.838,-27.947,26.254,12.729,3.026,-7.717,-24.656,28.653
51.425,53.893,21.19,-49.938,14.353,-21.028,30.875,-13.152,-19.153,18.317,-10.273,10.261
53.339,32.851,21.017,-22.651,-5.772,-24.406,6.251,2.077,-32.946,3.596,-10.524,8.904
52.554,23.689,4.688,7.782,-8.605,-46.412,-4.353,-0.209,-1.919,10.312,-9.028,-19.149
55.323,51.778,21.551,-8.965,26.304,10.568,23.266,6.084,-28.86,-9.09,7.911,2.396
53.652,77.981,12.413,-10.393,21.181,-19.872,-0.224,38.074,-8.096,3.608,-10.53,14.439
54.963,76.507,8.323,-48.052,-7.877,-10.989,-9.408,0.277,3.961,12.954,-36.108,7.727
52.906,7.942,22.947,5.238,13.407,-23.528,-6.178,-0.894,-16.312,7.175,-2.456,7.326
54.06,37.736,27.466,-6.044,11.23,-6.733,-6.077,2.295,-29.533,-27.216,-3.691,6.622
53.785,54.528,-4.862,0.388,17.085,-31.857,-0.547,50.525,-14.115,-10.366,12.99,15.221
54.644,89.765,30.862,-57.705,22.115,-8.588,30.121,-31.861,-22.655,27.155,-16.944,9.327
57.147,57.345,15.074,4.699,41.134,-30.936,-4.104,19.516,-4.235,21.75,-8.651,-14.437
55.568,64.269,47.6,-19.465,5.277,-11.475,12.771,-7.949,-8.999,26.466,-27.121,-5.994
53.566,49.062,6.418,-2.939,-3.859,-42.258,5.805,7.524,-20.637,10.776,-18.951,-10.145
54.272,25.374,33.198,-24.888,4.347,-0.523,-1.883,8.295,-21.541,12.372,-17.427,-2.741
56.834,54.839,31.791,5.205,28.821,-17.466,-1.311,-4.51,-20.481,6.561,-2.657,-22.057
55.064,39.196,66.942,-4.598,-8.372,-28.069,-2.784,13.354,-8.843,-11.431,0.564,-37.188
55.502,24.398,62.665,13.556,5.992,-29.999,27.04,-10.379,-5.635,10.552,-27.022,0.156
52.054,11.836,17.19,28.662,3.248,-39.178,-3.383,-4.073,7.669,-6.879,3.56,2.165
55.378,72.653,69.001,-39.845,16.587,10.094,32.971,14.25,-5.402,-0.013,4.694,-14.734
54.085,51.077,-13.733,-21.766,20.401,-33.638,-9.433,25.269,2.296,21.003,-19.355,15.376
56.361,30.241,78.804,-0.462,27.422,-14.372,25.696,13.859,23.968,-0.013,-12.525,3.52
56.984,51.279,29.909,19.197,49.141,-32.197,43.134,14.958,20.187,2.386,-5.885,11.545
53.966,67.693,25.947,-4.099,11.504,-1.516,24.962,8.821,-1.163,1.165,-33.197,12.086
53.42,24.782,46.087,-26.343,-2.46,1.86,16.702,-5.838,-10.862,3.56,-14.958,-9.576
53.92,30.996,77.612,-28.181,-15.709,-13.448,46.194,-11.468,2.922,12.319,-12.161,-9.241
56.567,53.416,64.229,9.216,10.685,-21.837,25.183,25.151,10.592,-6.304,-0.946,-17.509
57.307,91.589,83.551,-0.55,-17.931,-13.376,12.672,10.818,-7.621,-5.675,2.041,-13.027
56.213,75.63,22.805,35.62,-3.391,-37.88,16.636,-1.132,-15.482,1.148,-25.231,4.676
55.494,25.727,57.577,-15.737,38.88,-4.232,22.093,20.164,5.015,-14.834,6.542,-5.439
56.226,94.038,64.886,37.574,-9.097,-14.035,2.212,18.212,-15.344,-14.372,-18.278,8.203
55.014,86.518,92.963,71.546,39.856,-40.909,2.877,-7.514,5.481,-0.619,-36.023,10.617
53.473,33.622,55.246,44.196,72.737,-30.361,-23.043,5.634,-11.174,-10.476,-20.234,33.779
54.474,108.282,139.511,19.86,59.435,18.845,8.743,25.318,-3.621,-22.071,13.183,7.215
52.903,77.591,-29.911,-46.525,-4.133,-13.799,10.804,5.691,-12.202,6.821,12.995,3.82
53.934,64.769,33.523,-18.084,-3.598,-36.138,25.181,4.474,-16.388,0.707,-3.61,1.522
54.556,62.217,7.873,46.93,9.325,-37.265,-3.353,-15.366,-31.255,-7.794,-11.205,2.748
51.724,33.14,0.767,-6.633,-11.179,-48.252,12.196,-12.227,-11.195,10.556,-25.591,5.394
46.378,13.449,20.198,-17.527,4.018,-19.552,2.598,0.754,2.713,-10.907,-15.173,2.246
46.2,25.99,-102.834,46.426,-5.35,-65.543,3.671,-29.473,-12.294,30.167,-6.376,8.524
52.925,61.856,-40.523,75.586,32.721,29.917,13.16,4.057,-8.407,11.471,14.279,-10.677
44.706,31.646,-49.047,38.117,-16.155,-59.029,15.778,-8.068,-12.408,-6.637,-9.22,-12.259
44.466,69.517,-46.185,47.506,-43.182,22.52,6.607,7.043,-3.171,-16.411,-4.849,-17.303
51.323,47.09,-1.052,-12.037,-14.355,22.674,30.442,-9.409,-9.776,27.849,34.47,-0.271
52.49,54.956,23.754,-25.093,-32.757,-18.432,24.273,3.833,6.318,3.701,7.09,-17.969
53.562,51.82,37.335,-8.3,-2.487,-17.563,10.867,1.279,-9.71,-15.083,-25.524,0.052
51.98,36.05,8.423,-5.598,-8.6,-14.359,17.198,5.9,0.687,-10.323,-12.16,-0.29
47.12,34.578,-19.413,-6.515,-5.014,-32.686,9.541,20.498,-6.06,-13.313,-5.85,-1.471
53.369,68.636,5.539,-15.987,14.964,-20.354,-15.102,-14.74,-2.587,8.518,23.856,3.786
54.969,68.116,2.201,26.993,17.939,-55.746,3.595,-15.752,-23.801,12.663,-22.557,2.362
52.79,46.875,-7.124,-9.501,30.064,-15.817,4.478,-27.354,4.938,-9.444,-2.889,-0.166
51.197,30.515,-13.496,1.559,-12.138,-35.507,3.597,-3.435,16.964,-17.909,0.751,-3.446
48.9,12.035,-8.318,-25.935,-15.245,-31.446,4.236,5.734,-2.648,-8.554,-15.716,-7.816
50.76,74.785,-20.657,-62.34,5.951,-5.441,6.813,45.144,15.297,-35.26,-6.734,9.668
52.168,59.212,-14.719,-69.196,44.443,-29.552,-12.178,-26.588,-10.997,24.389,5.146,19.198
53.746,74.027,-10.142,35.831,27.06,-29.892,-14.694,-13.201,32.937,13.019,-19.231,-5.963
53.18,52.689,-20.237,34.692,20.639,-18.277,-18.773,-4.775,-2.329,-0.843,-9.217,7.969
54.211,25.152,31.356,-12.921,19.563,-29.436,18.65,-6.894,19.281,34.515,-11.294,-6.738
54.173,56.782,29.409,37.662,34.645,-18.079,1.112,25.479,36.836,-2.644,-35.935,17.792
47.812,25.296,10.608,-59.489,18.738,59.401,38.771,5.651,5.716,-8.355,-54.997,36.782
55.866,64.942,21.827,-8.597,17.815,-24.458,6.872,2.558,-10.586,8.74,-16.918,16.492
49.391,75.04,11.449,6.427,-32.385,-9.646,15.685,-4.256,-3.653,-4.404,-5.146,-3.172
51.709,54.93,-2.247,-32.457,-22.758,-18.04,28.23,-17.52,-14.061,20.251,29.336,-23.198
52.502,31.785,23.71,17.709,0.795,-20.967,16.11,22.229,23.23,4.467,-38.354,2.099
47.479,5.978,-32.699,15.01,10.047,-15.863,-24.104,10.25,8.885,17.601,-2.634,-2.954
49.968,15.358,21.621,-88.756,-14.027,2.19,4.043,25.929,-11.195,8.806,19.665,14.115
52.307,27.32,-17.728,34.528,10.462,-37.595,4.864,-17.511,-35.875,-12.26,-9.674,19.534
50.783,27.796,-27.242,-26.55,-0.41,-28.637,0.845,-31.404,-4.731,17.103,-3.987,3.412
48.964,-18.769,-18.292,21.156,-25.295,-33.1,-12.276,-9.071,4.637,-2.301,-11.276,2.468
48.745,56.873,-63.317,22.296,-11.485,12.354,-30.672,-6.163,4.017,-21.665,-32.489,-0.641
49.274,68.562,-33.172,30.989,-20.442,-9.773,-61.931,0.608,5.054,-25.532,-32.883,-3.276
49.062,41.622,-27.556,-43.407,6.389,39.396,-10.181,-23.372,-5.726,10.798,-16.039,-1.593
49.766,38.291,26.771,-120.117,37.567,21.549,35.209,-14.058,5.053,-0.822,-28.203,10.852
48.241,11.64,-2.889,15.836,-20.313,-46.175,6.051,5.194,2.927,10.596,7.82,-5.486
50.037,32.058,3.05,-36.546,4.099,0.462,38.687,-13.238,5.547,0.576,5.751,8.201
52.411,18.963,8.697,30.706,22.577,-20.68,-5.366,-34.828,32.249,17.212,-12.864,7.216
51.142,-23.265,22.599,9.037,14.382,-26.637,-7.851,25.573,0.532,2.707,-4.038,6.647
55.506,50.748,28.451,22.239,29.817,-12.2,5.287,-10.278,13.459,-5.557,-35.21,18.77
52.769,18.262,-4.218,19.775,-17.401,-19.722,11.517,2.409,1.064,18.314,-28.29,-7.49
52.803,17.943,8.209,-18.914,43.01,-12.093,-35.21,-9.187,-2.457,3.6,6.895,-9.99
54.447,48.197,70.841,-2.983,35.488,-20.298,-18.688,13.502,11.96,-6.717,9.293,-18.878
52.867,41.335,31.756,38.78,3.919,-20.821,26.368,-9.795,-0.313,18.979,-40.967,9.984
50.457,-12.743,15.085,-56.835,-11.409,-12.736,-15.086,8.807,-5.771,1.215,2.155,-5.719
53.759,58.257,-24.472,17.675,32.826,-61.082,-3.556,-19.704,-12.601,8.383,-29.937,4.163
50.263,49.954,-8.262,-9.732,36.081,-43.067,37.174,1.462,5.688,4.07,-8.204,16.296
52.879,59.131,8.805,-19.528,-23.111,-31.107,18.146,-6.491,-19.581,13.483,-7.652,-4.906
53.228,51.947,24.168,-13.014,-18.141,-33.696,-22.772,5.359,12.637,1.382,-7.522,-24.641
56.158,43.465,30.532,11.465,15.903,-17.362,-1.986,-6.026,-5.72,11.459,-14.068,-15.033
53.675,39.586,15.192,-5.82,-8.012,-8.426,-37.251,-15.466,-34.726,-13.915,-3.977,-3.416
54.834,49.951,38.67,25.392,54.219,-38.486,-14.823,-20.465,-34.129,8.304,-29.091,-18.648
54.202,90.384,8.897,7.913,41.584,-45.751,-35.565,49.507,-12.307,-1.127,-5.444,-1.295
52.839,89.01,-8.47,-23.123,5.237,7.812,-35.822,-20.395,0.747,11.497,-30.592,0.607
51.853,86.735,7.754,32.139,2.366,-37.272,-17.338,56.731,-14.818,-25.297,5.168,-25.217
55.572,98.851,75.226,0.174,40.936,15.514,-0.268,6.748,-10.879,23.781,31.788,-1.868
51.34,70.086,-47.992,2.758,-11.341,-9.918,-17.179,13.295,2.483,-17.472,-24.961,13.393
53.422,97.314,5.726,-72.912,23.346,12.282,14.953,8.316,-15.448,6.535,-1.611,15.945
54.062,102.368,1.351,17.87,-22.288,-12.75,-35.249,8.191,-41.748,-0.923,-35.663,-21.08
52.548,65.456,-1.752,-76.182,32.272,2.119,12.124,-29.573,-7.077,22.722,-9.492,-11.805
55.782,0.589,69.227,-16.714,54.706,-26.043,-2.004,-9.003,1.756,9.067,2.05,-21.689
56.484,26.302,52.88,28.498,56.063,-44.586,1.788,-35.675,-3.74,-0.626,-13.352,1.483
53.501,16.114,14.806,20.438,30.288,-24.597,-4.805,5.216,17.883,-2.389,-20.527,-13.634
49.022,58.262,10.519,-32.225,-12.454,-21.084,10.408,-2.485,13.118,13.403,-17.305,-7.361
45.841,27.822,-112.876,75.033,-19.067,-75.809,-20.68,-9.53,-7.775,19.286,-6.538,-0.669
52.05,55.087,-36.991,30.524,37.393,96.786,26.699,7.472,-5.686,10.844,32.954,-18.034
52.381,18.795,11.706,-9.093,19.862,43.762,-8.95,38.058,-28.344,18.034,-10.736,-21.318
55.171,51.428,5.226,-10.89,-3.845,21.061,19.964,-8.512,-15.338,-0.509,-0.124,-10.416
55.056,55.744,36.256,8.773,-16.658,-37.683,15.351,11.032,-45.263,-25.157,-12.567,11.065
56.481,45.036,36.921,34.561,33.192,-30.906,2.936,-13.068,-6.36,14.761,-21.46,-9.515
53.435,38.484,4.911,-27.93,-12.169,-10.894,-3.439,-15.519,-10.652,6.634,3.25,-0.173
51.68,18.558,10.909,33.973,-4.587,-28.113,-9.251,-1.665,-0.862,-7.482,-5.868,3.958
51.665,22.592,26.718,-16.081,10.332,-3.93,-9.538,-6.793,-56.314,-15.612,11.21,6.12
54.5,42.415,32.851,-10.339,9.097,-25.154,16.168,11.575,-20.872,3.03,-0.619,20.029
54.811,54.091,26.465,18.588,-0.419,-10.475,28.653,4.62,-10.288,16.096,-24.373,0.178
50.256,48.785,77.709,-154.954,9.124,18.797,31.449,30.683,11.468,-11.636,2.046,0.273
52.654,44.166,72.167,70.784,35.0,-10.025,1.726,21.982,-2.138,-10.697,-61.471,5.034
49.318,20.995,64.469,-113.737,29.593,34.946,20.104,-10.174,-5.589,15.335,-21.235,-0.133
56.42,7.132,62.288,-23.639,35.997,-28.329,11.807,0.789,4.337,-3.466,3.495,-1.977
56.55,26.227,49.171,30.658,57.181,-50.157,2.818,-11.398,-2.116,17.012,-13.823,-7.178
54.534,14.435,24.612,21.827,27.052,-35.014,1.336,15.597,9.523,12.514,-30.176,-15.735
49.296,41.627,19.387,-9.918,-0.349,-13.785,18.104,-5.837,5.411,15.597,2.023,-18.729
47.508,24.336,-62.176,31.111,-16.086,-86.917,-9.381,-8.805,-7.825,25.418,-33.509,-12.259
44.622,-6.197,-36.001,-40.569,31.817,-39.362,9.125,-7.115,-10.656,14.654,-2.576,-12.091
56.003,74.374,7.66,22.111,20.839,8.728,6.279,-9.395,-16.962,4.933,5.195,-9.973
53.859,3.336,80.538,-49.684,20.621,-27.795,47.964,34.892,12.631,5.268,5.664,-1.855
56.551,55.415,47.332,17.137,2.624,-36.596,32.449,-15.147,24.876,15.083,-22.507,12.51
56.326,30.067,23.166,-7.447,11.446,-27.231,2.323,12.322,-1.463,0.855,-6.987,-27.934
56.014,55.728,43.874,40.109,16.555,-29.766,10.36,8.533,4.586,6.126,-30.418,-10.626
55.004,59.485,16.735,-30.796,-5.523,-15.315,13.913,-21.737,-21.293,10.006,-3.917,-1.343
56.512,87.04,44.988,-0.445,10.018,-3.849,10.507,28.85,-1.257,-7.688,-21.48,8.103
56.999,81.851,29.372,-14.011,6.778,-26.353,-15.54,27.466,-17.876,-0.852,-27.226,2.548
56.061,67.679,38.298,-1.186,26.637,-6.248,9.339,16.537,1.984,6.123,-23.652,-10.046
56.094,55.155,11.371,9.462,13.888,-36.915,-11.88,-0.863,-12.497,5.61,-0.943,-13.598
54.143,50.221,31.781,-26.017,-8.266,-22.728,2.749,8.601,-23.269,-16.603,-9.702,-15.975
53.955,60.524,-17.145,-4.746,21.03,-55.962,-12.526,-4.231,-18.818,3.556,-3.093,8.136
52.487,72.363,-35.796,-10.582,20.267,-62.681,-21.323,16.047,1.192,-7.504,-14.628,-0.381
53.419,104.554,-29.406,-47.415,9.659,-24.57,5.14,10.645,-7.319,10.867,6.262,-4.397
53.477,100.184,2.973,-17.948,15.786,-29.405,12.927,0.307,-20.77,12.987,-16.404,-5.12
55.136,74.417,32.426,-45.025,7.429,-16.181,16.341,-16.713,-13.019,23.612,-15.575,-1.488
55.756,55.663,33.198,-18.495,-9.833,-16.887,-11.688,-2.137,7.946,7.707,-9.936,-17.569
57.758,63.985,7.974,-14.972,16.293,-32.126,-37.954,2.729,-19.549,-6.975,-10.501,-8.799
56.622,68.216,27.644,-13.382,20.633,-16.046,-47.244,0.179,-3.47,-9.89,-6.107,-3.76
55.951,75.122,5.294,-6.826,-4.112,-14.106,-12.968,1.743,-13.346,-6.572,-13.965,-5.458
55.706,92.137,9.738,21.186,-0.331,-55.136,-20.003,-8.558,-15.565,19.253,-1.367,-14.36
53.988,33.844,-1.175,-6.891,2.413,-23.864,-45.715,11.129,-12.758,1.631,-0.887,-10.191
52.338,38.223,10.109,-29.103,-16.761,-19.429,-8.161,-17.15,-37.32,-4.664,-9.772,-5.284
53.73,19.555,15.685,-29.533,23.858,-15.654,4.811,-7.626,12.645,-1.956,-1.281,-1.769
54.901,69.071,43.36,-52.719,22.878,26.648,20.438,24.707,5.401,-16.534,-28.339,12.283
55.06,50.156,51.294,-36.232,37.422,-11.705,15.377,16.459,3.808,17.598,-5.5,-1.664
53.016,57.19,13.346,-5.777,-15.256,-41.775,30.446,-7.874,-13.436,14.334,-19.696,8.893
52.737,31.109,33.706,-62.057,-8.096,-20.697,9.7,1.029,-5.885,-6.155,-14.299,4.364
53.958,38.293,11.489,-15.862,1.14,-26.259,0.532,14.137,-3.915,3.743,-7.288,-9.648
56.096,49.504,19.404,22.852,10.702,-22.669,-4.334,-6.653,-11.016,0.557,-13.996,-2.062
53.885,108.504,19.673,-19.134,24.762,-34.644,39.635,14.656,-16.783,-17.188,-3.195,16.875
53.748,51.903,2.214,22.485,7.542,-31.519,-19.482,-22.541,-19.318,-12.069,1.344,17.737
53.534,49.181,2.471,-40.294,9.765,-1.4,16.322,-4.103,9.528,-15.12,-16.959,24.326
55.332,71.369,8.543,-22.216,28.099,9.951,19.024,31.336,-8.24,-10.196,1.14,13.309
55.283,44.661,35.385,-5.515,24.108,-33.283,4.135,14.999,10.463,23.882,-12.165,0.666
52.729,61.986,7.556,-21.591,-20.16,-43.978,25.461,-8.116,-1.038,8.631,-15.947,7.06
54.076,77.481,11.009,-21.528,-1.291,-37.689,8.567,-26.064,-13.383,9.034,-3.377,3.774
55.838,63.324,25.51,18.506,-16.019,-5.579,-33.217,-23.075,-7.257,-5.258,-1.926,-15.797
54.502,80.187,37.228,-18.753,14.788,-4.725,4.961,-26.245,-2.256,15.124,-33.012,-18.465
55.262,39.724,21.438,5.604,-3.417,4.073,19.639,-26.121,-3.304,5.243,-17.106,-6.909
56.231,70.114,43.086,59.396,2.717,-19.165,4.736,-1.404,4.789,18.894,-38.369,0.546
53.664,55.984,35.891,-70.292,-2.836,-3.082,-11.308,18.215,-16.141,9.519,-2.303,-5.293
54.977,27.274,13.365,18.886,16.963,-24.924,12.805,10.059,18.61,14.095,-39.315,19.448
56.409,57.586,-10.069,11.028,19.191,-13.375,-17.115,5.265,-16.359,-0.612,-4.908,4.084
55.865,70.677,39.357,11.17,2.193,-7.203,10.601,6.186,4.373,13.107,-22.185,7.075
52.894,65.551,-5.782,-57.919,-15.765,-13.052,-2.509,-7.935,-9.013,3.888,-1.142,14.692
51.478,29.771,-1.958,-47.669,-8.21,-16.554,-18.392,-2.176,-10.609,-19.269,-13.951,2.308
54.659,34.161,8.663,-21.717,20.279,5.456,1.171,-4.31,-12.207,-13.45,3.323,-3.636
54.754,86.17,-13.883,-13.43,22.981,-55.411,-0.515,8.199,-2.606,-20.001,-20.108,6.943
55.781,62.945,29.112,-43.648,14.283,0.96,-7.841,3.96,-1.035,13.413,-19.938,0.647
57.095,114.613,11.775,-38.091,-5.88,-5.84,-36.511,3.303,10.251,-10.716,-11.452,7.055
56.685,61.662,31.978,-14.151,0.609,-9.705,4.926,-5.72,1.623,6.266,-13.085,6.093
56.581,55.721,0.281,-7.896,19.174,-9.995,0.143,-1.854,0.692,-18.26,-3.998,14.018
56.015,45.616,26.32,1.243,17.662,-19.23,13.265,15.049,0.579,15.34,-19.016,14.93
54.269,97.324,-1.335,-29.124,0.646,-44.335,13.618,19.194,-6.715,-4.775,-10.768,2.281
54.228,73.993,4.07,-20.636,19.951,-36.278,16.662,-11.029,-16.24,12.096,-18.072,13.761
55.817,26.843,38.633,-12.638,43.142,-26.037,8.67,5.702,22.584,21.424,-10.784,-6.389
55.792,33.614,2.829,11.127,31.021,-25.819,-14.195,16.704,-3.417,9.793,-0.393,-9.669
54.308,40.735,13.359,-8.97,3.287,-27.812,10.062,-22.909,-30.548,16.075,-15.588,7.184
53.365,4.083,67.149,-40.559,25.063,-11.436,19.084,21.044,-4.81,-4.881,-19.554,-20.821
53.471,44.673,-6.063,13.677,-3.098,4.482,15.489,-2.314,-17.494,15.062,-14.721,10.425
54.37,37.416,71.072,-83.989,24.518,-21.21,23.738,10.929,0.669,13.902,-1.606,-2.679
57.274,67.569,47.86,29.767,29.423,-27.443,22.715,9.119,-4.326,4.497,-18.365,23.401
53.043,52.415,37.471,-13.998,-5.282,-41.091,16.756,11.167,-8.998,14.284,6.73,-15.139
54.184,52.818,23.408,-17.038,-8.969,-49.348,27.775,-8.481,-0.195,10.228,-14.272,3.552
54.495,45.891,20.44,2.231,-18.569,-6.355,-20.94,-6.704,-39.357,-10.461,-18.038,-4.292
52.938,26.005,18.746,6.725,-16.637,-38.982,-2.604,1.241,-21.999,8.647,-11.233,-6.136
53.563,40.167,37.838,-46.126,4.687,-7.399,19.903,17.47,-19.456,-9.187,-23.941,2.628
54.265,85.334,12.583,-1.259,18.161,-45.843,-20.851,35.912,-12.086,-4.326,14.639,-0.401
55.688,54.591,11.536,5.666,-7.0,-7.599,1.551,-22.249,-5.871,-1.74,-26.366,3.203
54.353,31.769,27.5,-9.33,10.382,-2.695,1.467,12.176,-25.238,-30.825,-8.231,5.929
54.962,75.84,15.151,-13.056,35.906,-50.876,8.23,38.978,-22.905,-10.34,13.364,13.803
56.914,44.811,45.376,4.15,-3.895,-19.28,25.762,17.867,-9.752,6.492,-20.945,1.375
57.585,52.491,21.317,6.066,41.493,-44.571,4.592,28.418,-12.986,8.594,-6.495,-14.747
56.278,62.643,37.688,-21.985,15.563,-13.341,13.336,5.691,1.241,24.304,-22.593,-1.171
54.757,74.748,1.857,-21.473,17.764,-44.396,24.238,24.798,-12.128,-0.192,-12.378,-11.954
53.934,56.806,21.382,-23.444,17.087,-26.514,17.266,-14.901,-24.855,12.074,-21.406,-2.897
57.306,48.264,37.102,6.961,22.821,-38.912,-14.308,6.313,-25.517,0.166,-22.731,-29.068
56.173,47.218,60.606,-5.592,3.783,-17.971,5.362,-7.89,-0.472,-5.675,-13.712,-24.936
52.987,19.205,9.601,43.285,8.208,-19.694,-10.308,-1.442,12.211,-6.357,-4.323,10.162
53.377,49.284,62.162,-79.883,9.839,2.854,29.424,6.304,-11.176,-15.161,-3.342,-2.52
54.803,65.44,1.154,-3.101,1.045,-29.154,-30.889,31.515,1.437,-6.099,-21.295,-0.947
56.748,40.173,82.788,9.805,19.313,-12.948,26.542,11.863,4.791,16.172,-1.849,0.785
56.933,54.371,40.945,24.471,43.448,-55.112,30.16,-1.782,9.735,13.882,-19.423,4.796
56.156,86.272,48.336,16.812,7.205,13.64,38.767,-4.358,11.007,-1.298,-6.839,5.018
52.162,75.77,0.514,-35.393,-5.087,-40.153,20.256,-4.035,0.245,14.254,5.076,-6.606
51.876,27.908,6.15,-6.264,14.855,-60.805,-11.782,23.404,2.62,0.888,1.245,-7.13
53.036,35.795,28.722,-28.87,19.82,-15.333,19.771,-19.269,-18.896,25.241,-17.876,8.671
55.551,36.209,52.616,-23.318,15.2,-14.538,41.078,5.138,28.268,19.792,2.41,-0.139
55.702,71.804,13.653,9.029,12.631,-57.046,-1.503,6.34,-13.856,-2.123,-13.202,5.331
57.163,81.057,65.019,12.545,1.419,-30.905,18.24,10.313,0.17,-1.497,-16.711,-6.646
54.839,40.705,23.753,3.63,34.115,-48.982,-9.989,24.194,-11.356,-4.607,-8.019,-1.164
55.892,48.113,61.898,-23.966,28.159,-10.789,14.381,4.013,-21.541,12.93,0.094,-0.285
56.701,92.858,68.52,31.271,-1.721,-19.233,-11.531,7.314,-14.296,-13.347,-10.38,10.556
56.004,69.936,42.329,-4.937,2.606,-7.944,21.851,3.484,1.249,14.856,-10.972,7.462
57.6,50.593,29.726,6.49,18.196,-56.421,5.368,-2.005,-9.708,-3.704,0.396,16.798
57.116,51.726,64.448,-24.186,14.813,-28.748,28.078,16.688,-12.123,-6.357,-9.997,9.593
57.372,62.803,59.456,4.864,8.047,-51.998,23.173,9.541,-11.805,-17.0,-0.887,2.986
57.629,83.57,74.272,18.697,10.746,-29.594,21.783,9.236,-13.545,-1.325,-8.698,5.292
56.436,59.072,67.185,13.101,-6.241,-42.825,26.151,5.516,-13.815,4.165,-11.919,3.564
54.561,62.49,64.764,2.994,15.256,-35.857,28.077,-1.952,10.156,6.647,-16.228,-9.508
55.767,84.612,12.485,33.867,8.417,-43.647,12.293,8.556,-12.729,2.509,-32.589,-1.31
54.453,93.202,45.096,-5.48,-22.767,-11.616,28.158,10.086,-28.951,2.535,-4.587,-1.439
54.665,85.247,33.981,-2.157,10.174,-29.599,24.649,-11.458,16.35,2.227,-22.363,-9.645
53.715,73.868,55.076,-6.58,-9.02,-36.989,17.463,-11.748,11.64,-8.286,0.138,-15.45
55.529,83.361,55.081,-23.123,-12.212,-34.458,0.843,18.493,-2.112,-0.378,0.191,-16.595
56.249,76.225,37.121,5.219,-4.687,-58.765,3.12,-2.626,-20.846,-2.108,-7.037,-3.546
54.158,52.842,23.68,2.75,6.113,-29.446,0.468,3.114,-19.038,2.923,-13.375,1.157
56.305,74.267,17.027,8.173,8.349,-40.602,10.994,11.061,-12.036,1.458,2.608,-5.038
54.067,67.271,42.998,-15.249,-11.628,-30.954,22.079,-2.436,-11.556,11.621,-4.161,-9.928
55.668,85.038,35.834,-20.28,-22.559,-40.611,19.767,24.841,1.293,0.197,-6.018,-9.04
56.575,82.483,28.901,11.178,-2.441,-49.496,8.635,-2.615,-14.096,2.257,-7.869,1.94
52.961,49.404,34.262,-9.149,-9.019,-29.843,4.208,-12.182,-8.35,3.603,-8.959,3.804
54.579,53.233,33.649,-12.783,24.521,-14.237,19.672,43.246,-1.916,-18.311,-17.979,11.335
53.724,85.338,49.351,2.498,-2.877,-36.274,26.707,4.204,-3.42,-1.557,-7.645,6.947
53.801,60.033,42.464,-10.097,7.15,-48.627,27.741,9.56,9.41,12.893,-14.935,-1.565
53.232,39.459,23.761,-9.237,-14.663,-31.455,9.728,2.585,4.49,5.039,-3.959,2.073
53.533,49.86,37.125,-5.872,-8.593,-30.178,25.718,11.138,2.822,-1.735,-5.694,7.652
54.749,54.711,66.592,-16.398,-10.029,-33.229,44.034,14.669,-19.09,0.278,-17.492,5.668
56.305,81.691,13.768,10.647,12.638,-50.368,6.465,2.211,-10.484,-3.621,-15.333,-0.224
54.844,79.172,51.411,-1.702,-26.633,-37.311,30.793,1.372,-11.194,-10.284,-2.087,0.302
55.544,73.369,50.442,15.813,1.449,-42.412,25.638,6.713,8.514,0.271,-12.4,9.232
55.514,86.058,46.162,-15.673,-6.812,-22.283,2.402,-10.154,-5.193,0.681,5.56,3.434
56.919,117.908,72.715,0.109,4.784,-16.267,1.218,-1.586,3.219,0.37,6.994,-6.113
57.193,81.901,18.844,2.567,4.766,-52.302,-1.061,8.432,-15.506,-5.596,-10.705,-0.826
55.823,128.787,10.295,-22.907,11.293,-34.006,9.139,-3.332,5.758,-10.537,-2.248,4.599
57.442,110.374,38.192,0.968,13.888,-20.501,7.538,-15.693,-8.382,-3.914,-8.263,11.587
56.386,33.074,57.095,6.592,56.366,-34.992,-27.048,-32.743,-11.193,-1.84,-5.817,3.287
56.105,44.264,62.806,41.347,72.959,-44.118,2.037,-16.177,-3.266,3.63,-15.442,-9.276
53.991,5.19,59.987,24.896,56.466,-51.016,1.969,14.556,7.94,-4.867,-10.512,-16.758
50.857,-14.533,50.387,3.713,28.476,-65.348,37.984,-10.217,14.687,36.765,-6.098,-44.202
51.718,6.723,-12.803,9.834,32.94,-86.805,30.066,-33.357,21.137,45.448,-17.484,-25.801
50.101,-21.674,32.432,-63.017,66.832,-24.75,43.287,42.98,30.264,-3.124,-37.167,-19.663
52.68,-14.58,40.327,-11.207,48.61,-14.395,31.609,-0.063,-9.684,10.917,-11.063,-27.308
54.487,70.836,46.625,3.064,47.021,-15.775,28.374,21.02,27.733,1.894,-25.76,-13.884
49.651,35.024,58.937,63.337,53.854,-50.081,-18.976,6.446,4.832,3.753,1.393,6.848
54.15,166.957,113.675,21.588,20.955,16.716,8.882,7.477,-7.959,-17.666,32.954,-13.401
52.824,65.697,36.487,88.123,19.477,-33.884,7.796,-27.251,-4.275,37.822,-31.714,24.275
54.499,82.463,25.779,11.076,39.401,35.031,-6.682,1.476,-8.683,-9.711,9.056,-11.813
50.269,29.148,13.82,45.584,22.975,11.989,-41.65,-0.324,-43.105,-23.068,-22.558,0.944
50.645,40.359,7.0,-28.021,5.772,26.758,-4.043,-16.546,-12.1,-17.248,13.159,-16.114
51.46,89.545,123.795,-100.404,27.781,-6.723,7.427,71.904,13.661,-17.104,10.963,-4.616
52.07,68.303,15.826,80.476,-21.782,-75.795,8.546,-31.985,14.444,19.873,-14.158,-7.243
54.956,71.031,12.457,44.713,-5.994,-4.508,31.963,6.402,9.788,22.572,-39.567,-0.402
56.386,86.702,19.051,-2.065,11.819,-20.028,-3.645,0.139,-25.735,4.177,23.292,-11.204
55.05,109.81,47.154,11.204,-3.336,-10.821,-25.443,-22.292,-18.419,-6.704,-29.187,-22.679
50.845,-0.207,23.742,-84.006,65.757,23.372,-20.509,-17.663,10.187,-21.215,15.216,-14.896
53.233,-4.455,63.25,-27.28,99.525,-27.468,-53.378,-13.05,4.221,3.918,-1.937,-8.908
54.235,-7.045,39.066,-1.025,84.192,-48.349,-25.604,-13.468,53.129,18.141,-7.394,-20.466
55.172,39.599,76.389,5.065,86.13,-9.771,-22.337,1.91,21.96,-2.78,2.984,-18.457
52.628,20.812,59.215,47.826,98.182,-24.116,-38.936,-7.419,11.677,23.687,-34.357,0.801
46.429,5.016,0.377,29.776,-0.855,-34.819,28.497,-37.098,-24.523,21.062,4.569,-22.154
46.38,-6.023,-38.58,-6.747,-2.117,10.964,41.289,-5.854,11.518,-56.63,-29.961,-6.684
43.029,-37.011,-50.406,-13.41,61.586,-44.095,61.242,13.346,-7.526,-24.874,-15.615,-14.625
46.459,-6.754,11.116,-124.032,35.034,-0.699,35.579,26.584,1.33,-10.077,-34.494,-12.508
54.172,72.883,-26.317,-7.591,23.074,7.857,-22.903,33.854,-26.405,11.904,-9.64,-8.054
52.044,79.374,-64.394,8.247,27.811,-0.289,-10.912,45.324,-18.161,8.009,-43.243,7.67
52.489,49.606,-11.355,-109.595,17.681,22.462,15.966,4.315,3.087,7.278,-6.203,2.14
56.474,90.585,56.342,4.367,-9.429,-19.168,36.627,21.658,-10.065,-14.597,-19.819,21.357
56.929,100.944,53.218,40.389,-3.968,-6.937,10.105,-18.005,-6.739,5.707,-28.724,0.025
55.474,39.801,34.553,19.433,9.545,-22.826,5.949,20.329,-13.048,11.146,-2.695,0.664
56.785,73.337,61.9,22.781,29.557,1.551,6.919,-16.925,-10.053,2.367,0.028,-1.455
56.532,27.033,35.562,-9.901,11.875,-18.476,-1.769,-10.743,15.782,-1.198,-24.507,-10.234
55.816,58.819,14.741,-6.697,11.752,-33.048,3.295,12.068,-22.13,-6.977,12.033,4.966
55.318,60.499,39.74,15.492,-0.137,-19.555,-21.819,15.957,-27.147,-11.294,-17.913,-10.962
54.969,-8.388,30.304,20.252,44.303,-49.297,38.341,-11.877,9.407,24.625,-16.768,-26.624
54.084,25.052,31.015,-30.554,65.699,-22.049,8.862,60.76,38.437,-4.69,-34.782,-22.69
52.445,83.524,3.309,-27.381,86.446,-44.5,-5.512,-10.243,13.676,8.72,-3.016,-3.708
51.962,96.224,33.483,0.202,94.394,-71.6,-5.895,9.075,25.89,6.321,-12.1,-15.536
53.729,108.355,13.457,-48.076,53.409,-22.379,11.496,9.653,10.686,25.191,-5.7,-22.33
55.079,86.61,0.614,-29.01,23.248,-41.356,-2.294,12.895,-14.231,13.652,-8.29,-18.399
55.948,54.8,46.27,11.074,21.963,-41.529,1.683,24.099,4.43,13.506,-12.922,-17.244
56.012,49.581,33.871,5.176,-4.962,-42.287,-10.786,7.001,13.852,15.64,-0.239,-22.88
56.283,66.515,42.428,-45.28,-12.744,-27.735,-19.925,13.266,-11.2,2.128,-12.225,-11.427
56.92,72.863,31.735,-7.117,8.975,-23.414,-28.749,-3.496,-14.227,-7.374,-12.802,1.588
56.706,83.19,21.245,20.164,-14.359,-34.707,-9.95,-0.341,-16.276,-1.152,-12.39,5.7
54.297,62.384,15.126,0.617,-8.042,-12.736,0.935,15.002,-28.408,0.211,-14.798,6.725
54.006,72.699,13.144,-28.375,21.785,-28.425,12.841,-7.903,-22.171,16.736,-21.914,0.929
54.881,57.684,14.002,-11.8,-1.803,-21.305,-0.265,-20.323,-19.658,-0.966,2.205,5.766
54.742,25.98,37.0,8.493,20.594,-30.842,0.709,8.665,-2.554,-6.869,-5.394,10.892
57.217,84.239,30.074,-6.0,21.605,11.147,11.2,20.446,2.128,-8.17,-8.815,0.071
56.071,70.338,59.31,-23.539,29.073,-19.464,20.902,23.56,1.789,15.545,-6.677,-7.271
53.603,60.813,14.075,5.847,-19.453,-31.742,30.991,-6.071,-11.779,-2.174,-14.565,-1.773
53.466,18.1,21.26,-19.455,13.34,-12.395,4.37,3.774,-28.043,3.562,-6.376,7.021
53.912,40.418,2.629,-4.554,1.951,-26.525,6.93,8.684,-2.704,3.008,0.86,3.977
57.057,66.381,25.779,2.836,7.065,-35.04,-8.435,-3.81,-7.606,0.185,-13.421,0.101
52.915,52.293,13.504,-5.725,-11.435,-47.422,27.348,-7.634,-25.674,8.744,-0.269,-6.209
53.793,100.542,24.815,-38.829,14.292,-35.554,34.627,3.276,-39.588,-2.748,-9.231,-14.673
54.316,72.33,23.53,14.685,-21.285,-22.725,-22.998,-26.87,-26.751,-7.744,-7.992,2.896
54.425,59.144,9.15,-23.122,-4.419,-7.766,8.311,-9.558,5.0,-4.326,-33.71,19.874
57.649,81.982,21.408,21.404,20.686,-37.491,7.881,23.68,-19.324,10.519,-13.51,17.692
54.278,64.796,0.578,-37.31,11.554,-45.256,24.656,-17.741,-23.208,23.819,-6.466,-1.539
55.28,46.23,58.204,-0.447,15.119,-33.996,17.419,9.063,10.319,2.619,-16.833,-3.426
53.298,90.281,-4.164,-34.533,-8.574,-31.442,22.046,20.703,-8.628,4.141,-0.551,-1.411
54.449,86.551,13.231,-30.104,7.885,-18.32,1.985,-24.515,-18.923,-2.543,-12.338,-17.058
56.057,81.667,33.076,10.255,9.476,-8.607,3.95,-16.109,-21.647,30.343,-17.746,-10.581
55.357,47.514,30.588,-4.647,-5.662,-4.969,20.324,-16.578,2.029,7.709,-5.547,-9.623
55.855,84.659,47.54,-0.249,3.709,16.894,15.796,7.041,4.197,-11.671,-31.673,5.46
54.779,80.582,65.801,-41.354,9.613,-6.11,-15.358,12.402,-0.172,1.578,-3.454,-3.992
55.22,33.628,27.892,11.984,12.542,-24.289,14.726,-0.519,14.614,15.015,-7.058,2.937
56.923,78.23,-2.794,19.526,24.039,-5.322,-20.35,11.635,-9.123,-2.133,1.255,-10.457
55.965,75.585,41.0,12.166,-0.036,3.321,9.117,16.478,2.198,10.012,-18.602,-1.224
52.61,67.499,-5.411,-65.249,-19.009,-4.814,-0.22,5.844,-3.34,-11.048,-8.813,9.473
53.234,53.306,13.64,-30.657,-33.278,-14.006,0.323,-8.427,-6.338,-14.648,0.952,2.128
55.648,57.796,-3.494,4.204,7.227,-26.462,-9.244,14.009,-16.698,6.486,11.323,-7.694
55.404,65.055,34.881,-32.574,13.702,-11.797,-8.454,4.921,-11.296,6.151,-17.068,1.966
56.841,100.823,25.644,-21.156,-8.989,-18.016,-21.28,-0.593,12.15,-15.551,-3.254,8.99
57.144,73.577,36.173,-10.414,1.485,-22.774,1.139,-4.604,-4.357,0.383,-10.605,15.646
56.766,65.788,9.01,4.362,25.997,-37.125,-4.959,4.879,-9.469,7.01,-1.967,11.845
55.971,53.584,33.362,0.226,16.523,-18.442,8.986,11.852,5.926,6.251,-23.047,11.029
54.451,77.625,2.53,-32.974,-4.91,-44.156,21.531,12.081,-7.552,3.942,-13.951,5.182
54.777,55.195,18.299,-22.741,20.511,-26.369,12.29,8.037,-19.577,12.755,-14.932,-2.93
55.302,44.79,57.358,-27.067,14.138,-25.553,10.685,-10.785,0.282,14.853,-13.74,-15.04
56.403,45.092,47.315,-3.171,-1.243,-24.606,6.517,2.224,15.691,3.972,-19.957,-10.186
56.224,55.171,22.374,8.034,15.811,-12.705,-8.048,7.919,-7.096,5.229,-6.68,-16.967
54.434,44.636,7.541,-42.843,-3.407,-29.177,-7.853,-17.658,-22.424,15.146,8.072,-8.019
54.229,30.317,31.225,30.077,-12.261,-47.052,-6.779,0.33,-26.278,11.808,-20.194,6.075
53.822,28.275,52.941,-37.87,8.611,0.152,18.957,17.131,-24.596,-2.315,-9.035,-13.391
52.683,33.806,-0.434,6.242,5.534,-6.802,23.296,10.113,-10.77,-4.907,-3.505,0.977
57.735,53.005,61.067,-4.174,8.671,-37.774,27.766,3.279,8.356,-5.985,-2.572,-3.449
57.491,61.486,32.747,27.6,27.223,-44.04,17.288,9.066,-2.144,-4.822,-30.166,23.52
53.563,43.8,39.409,-13.517,14.144,-33.239,32.532,-0.649,1.423,11.285,-7.762,-11.131
54.599,51.179,18.644,-2.1,-12.617,-50.045,33.866,1.936,-8.072,-0.162,-9.521,7.678
53.926,17.784,35.282,-9.167,-6.479,-33.422,26.217,7.708,-27.769,11.976,-3.387,10.631
54.577,44.438,11.649,-13.757,-11.445,-11.309,-18.754,2.029,-30.473,-13.425,-21.865,-11.825
52.467,30.575,7.082,20.852,-20.339,-46.06,-10.378,-8.104,-16.53,10.617,-7.261,-21.407
54.39,52.904,21.468,-24.033,15.199,14.974,31.017,20.71,-25.955,-6.005,-12.843,10.925
54.274,102.842,-10.558,1.012,4.433,-25.44,-13.795,29.485,-10.587,6.66,6.904,2.755
55.304,59.658,9.358,5.728,-3.726,-7.851,-3.542,-19.302,-0.632,2.333,-22.361,1.075
54.756,41.591,29.397,-23.081,6.76,-5.248,3.687,18.159,-38.359,-19.382,1.732,3.478
54.513,82.143,-7.5,-0.16,20.054,-46.172,-11.932,35.553,-14.015,-4.11,1.109,2.701
57.093,35.336,52.556,8.98,-3.191,-25.578,17.976,4.578,-11.875,13.452,-8.519,-9.561
56.781,82.073,35.625,10.346,0.232,-22.834,0.657,-2.598,-11.421,-5.436,-4.028,42.476
57.557,54.768,17.314,20.45,24.442,-44.714,-1.823,23.212,-15.445,18.377,-12.664,-10.914
56.817,58.121,18.025,-1.931,26.732,-29.943,17.883,19.331,4.749,10.634,-19.656,-1.453
54.567,94.301,-7.475,-21.797,5.925,-39.846,14.68,24.524,-12.55,-1.967,-18.03,-20.165
53.475,91.183,-3.522,-36.577,10.691,-32.578,16.662,-6.83,-32.979,1.523,-15.865,4.496
55.437,29.092,32.167,-14.808,10.078,-17.763,-20.964,0.652,-27.411,10.124,-17.347,-26.184
55.39,66.601,52.086,-40.796,4.69,3.823,15.553,-2.481,-25.032,1.594,-4.898,-17.876
55.061,70.769,22.278,13.443,16.972,-44.602,-8.905,21.567,-5.788,-7.667,0.525,2.02
56.784,92.701,71.886,-19.233,1.266,-13.636,19.736,17.896,-9.724,10.886,-2.363,-8.291
55.341,80.237,7.903,6.848,-3.351,-31.929,-22.576,8.559,-13.932,-11.512,-9.887,8.239
56.501,38.652,87.136,13.696,18.895,-15.493,32.522,10.99,18.146,-12.106,-13.662,1.379
57.327,43.446,24.424,24.739,36.239,-47.735,25.085,3.929,8.408,3.49,-18.074,4.758
55.467,66.654,48.897,-2.224,8.062,10.651,38.955,6.552,-2.466,-3.481,-9.053,9.179
53.027,77.61,-11.402,-26.577,-6.558,-43.104,24.707,5.706,-18.89,-9.112,-3.944,2.565
53.078,43.478,25.812,-10.312,1.863,-30.721,-1.672,7.415,-20.28,19.83,-5.486,-19.631
54.005,43.227,27.689,-26.087,-5.714,-23.508,25.442,-2.434,-27.354,0.715,-11.838,1.231
55.942,25.524,76.979,1.462,23.233,-40.667,27.511,-3.435,11.222,12.444,-7.714,-1.168
56.677,49.732,31.042,20.957,19.966,-51.986,4.228,0.085,-6.985,6.279,-8.955,7.365
57.863,76.623,48.232,2.409,-3.502,-6.095,7.936,9.469,-7.152,-14.618,-20.184,14.434
54.171,10.56,25.493,15.854,-13.009,-37.506,10.852,-7.831,-18.38,24.674,-2.75,-4.483
57.216,47.553,37.112,-30.084,35.066,-36.353,8.034,18.286,-11.396,-3.18,-9.618,7.046
57.28,85.491,71.136,2.797,10.289,-29.592,-14.144,5.205,-21.403,-13.027,-7.295,0.27
56.968,63.669,45.485,10.945,-10.186,-3.902,26.833,-7.126,-3.141,-2.797,-20.256,1.133
56.867,46.916,23.493,-4.131,17.554,-2.579,9.769,2.662,-13.267,3.218,-0.807,8.788
57.309,62.68,31.088,-8.842,1.429,-10.765,31.087,30.48,-1.958,-4.03,3.503,2.829
56.894,87.577,25.499,-30.589,18.73,-37.738,2.756,11.558,-23.37,-1.518,1.405,2.274
57.211,48.659,36.61,-5.499,18.897,-30.053,-19.943,4.487,-7.569,11.568,-15.111,-8.372
57.551,56.169,32.727,-8.883,30.722,-37.169,-22.158,15.587,-19.877,-0.145,-17.866,-24.916
55.869,72.731,49.981,19.538,39.703,-37.918,-12.914,13.754,-6.988,-10.154,-17.264,-18.876
55.318,57.437,19.039,-8.981,21.376,-12.549,17.339,-5.772,-2.659,17.036,-20.032,1.227
54.828,48.354,23.437,-21.446,7.757,-21.03,-27.554,19.27,-34.095,-6.289,3.431,1.416
54.349,52.871,23.179,-20.844,50.174,-36.781,17.526,-35.497,-6.41,23.762,-21.73,4.442
56.404,45.024,28.18,-3.06,43.3,11.759,39.411,18.187,-11.563,-13.252,5.582,-0.209
55.588,80.738,52.927,-24.678,-4.677,-11.648,14.864,8.795,6.445,-6.195,-11.792,-15.97
54.427,64.219,47.15,-11.252,4.366,-28.431,25.241,-13.183,8.765,13.02,-20.399,-23.914
54.496,34.344,55.739,-10.641,6.12,-25.017,20.844,-9.147,-14.514,12.952,-18.408,-12.323
55.981,5.799,59.089,-8.616,6.367,-37.377,29.292,-4.887,-1.468,12.381,-5.13,11.655
56.699,66.606,35.196,4.372,14.844,-50.364,-1.186,4.836,-10.12,-9.684,-6.471,-4.248
58.32,99.609,57.165,34.117,-12.793,-35.792,3.901,-24.129,-10.077,6.93,-26.265,8.742
56.382,30.789,60.712,-26.364,5.409,-17.852,4.025,-3.496,-26.868,-0.657,-7.074,15.073
56.812,52.541,29.573,-6.465,-5.657,-36.805,-26.247,-0.586,-28.055,-4.272,-7.59,1.465
57.635,61.209,30.943,28.818,-6.659,-28.089,4.012,-14.27,-12.602,-2.77,-33.49,18.836
57.025,49.991,19.09,-0.753,37.451,-30.147,2.321,11.585,-11.37,7.021,7.921,16.756
56.277,78.585,63.259,-27.023,3.897,-5.365,18.078,17.924,-11.378,-10.758,-16.552,10.799
56.102,70.731,29.595,-32.41,-19.6,-45.972,13.821,3.924,-16.228,4.843,-9.575,-4.166
57.511,62.924,64.688,-0.668,1.941,-24.238,9.787,0.213,1.901,-4.972,-4.149,-21.001
58.42,75.356,54.553,5.836,10.499,-39.797,-8.808,4.823,4.751,13.213,-6.238,-10.331
57.155,67.387,40.175,-8.069,-8.701,-17.193,-3.152,-19.649,-31.389,18.954,0.399,1.848
56.712,81.304,51.867,18.816,-9.83,-30.477,-3.054,39.915,-9.313,-21.244,-1.341,4.365
56.595,32.227,61.471,3.404,32.523,-29.417,-2.953,17.702,8.753,9.551,-5.688,-14.595
55.618,78.167,31.362,-1.02,-25.771,-31.628,27.495,-6.345,-17.963,-6.043,-0.54,9.591
56.504,61.079,65.959,-22.745,6.365,-28.654,31.269,-2.338,-1.189,8.684,8.668,19.043
57.466,84.634,46.207,33.891,2.483,-45.098,17.323,-0.958,-11.851,9.338,-20.273,15.345
53.473,33.289,38.591,-11.838,12.66,-18.691,18.368,14.931,-12.717,-5.427,-26.929,0.921
55.632,37.607,75.176,13.426,15.68,-7.19,47.524,-0.433,12.252,18.993,4.196,-5.804
55.86,59.709,40.359,-2.663,15.682,-47.551,19.915,13.274,7.755,1.084,-6.371,-12.083
55.434,41.759,31.665,14.234,-0.394,-42.089,-6.891,9.814,-25.072,13.49,2.68,15.203
56.277,80.153,63.28,-8.06,-12.283,-16.312,24.752,-19.704,-11.166,9.408,-3.94,9.376
56.404,58.825,48.072,1.622,-14.798,-17.494,11.738,9.081,-22.219,14.84,-8.947,3.261
56.849,33.748,83.669,6.3,-9.446,-37.545,49.081,16.294,-0.484,16.629,9.337,15.601
56.946,45.816,71.9,-7.768,5.426,-24.777,20.35,22.588,5.99,-8.899,-4.46,3.548
57.633,38.253,47.789,8.361,38.912,-32.349,3.679,3.861,-6.238,0.64,-3.621,5.313
56.886,88.695,58.416,6.439,-13.676,-19.678,-2.95,16.273,-6.078,-16.671,-15.249,-6.86
56.802,94.621,32.966,65.345,-4.261,-24.666,22.75,-23.345,4.244,13.289,-58.31,6.995
56.969,80.427,10.552,9.459,47.673,-52.586,-4.685,26.985,-1.897,1.67,-14.687,20.968
56.859,112.048,96.299,26.747,28.498,-25.575,36.379,25.536,-14.186,13.596,9.521,1.473
56.415,74.575,0.857,-16.583,8.513,-52.973,4.115,5.429,-20.208,-8.373,-11.483,-4.299
55.891,49.021,59.078,-1.779,27.687,-38.284,22.882,5.558,-26.476,-0.542,1.369,-2.225
55.574,47.996,62.031,38.833,36.737,-22.853,6.926,-1.166,-14.845,-21.05,-6.978,-7.855
54.36,21.108,17.993,4.426,0.744,-36.927,12.943,3.394,-2.243,7.916,-23.536,6.73
49.336,11.677,15.704,5.322,6.602,-39.666,14.719,-14.407,-6.691,9.266,0.457,-8.161
48.023,19.961,-69.926,42.157,-1.153,-50.467,18.125,-31.827,-12.362,20.006,-3.532,6.718
51.893,58.682,-48.809,88.421,32.569,28.56,9.338,13.147,-9.81,6.942,7.957,-6.318
40.96,56.165,-87.445,-26.802,17.065,-39.727,23.831,-9.199,-9.383,-6.695,-19.692,3.846
50.92,49.058,-7.227,-48.771,-15.902,43.286,27.583,-10.158,-5.706,27.686,41.332,-13.451
53.029,23.304,35.253,-22.051,-18.047,-27.74,3.259,-11.623,-25.018,4.743,-15.928,6.334
54.619,6.138,41.352,-19.875,16.172,-3.511,7.283,-12.532,-8.006,11.16,-20.297,-21.692
54.482,10.065,33.785,6.36,7.392,-44.674,19.765,20.923,17.172,11.628,-17.564,-9.487
54.953,61.488,68.054,-51.562,6.09,-4.838,23.372,15.163,-9.523,-2.265,-25.402,12.307
55.418,46.134,43.987,31.715,2.797,-20.544,-6.632,-6.188,-7.801,-3.094,-20.752,2.13
55.202,36.61,30.201,8.571,8.565,15.897,16.488,-1.888,14.95,-1.478,-20.628,-3.406
54.475,16.073,9.683,30.414,28.345,-22.347,-5.819,-31.574,12.914,-12.519,-10.144,22.959
56.564,72.376,38.643,-30.691,6.162,-7.749,31.766,-5.44,3.741,0.889,9.038,3.04
55.713,57.538,-2.231,49.943,18.917,-51.731,-3.232,2.896,-9.209,-6.037,-32.396,6.028
50.125,20.483,28.811,-42.655,-8.42,-23.563,20.021,1.439,-6.705,-11.217,-8.645,9.793
50.476,43.653,20.997,-0.749,-14.948,-28.162,10.569,-0.361,-12.669,4.254,-20.86,12.188
53.307,26.42,0.712,-27.055,3.946,-29.703,-2.742,-15.447,-8.009,35.376,0.131,1.91
52.865,15.472,34.441,-17.661,-5.569,-24.316,13.074,-3.956,-13.134,-0.334,-3.887,-6.634
54.874,22.906,43.219,-20.712,5.687,-33.323,12.568,-7.316,-7.774,11.371,-10.181,-8.489
55.722,50.926,33.759,27.379,32.568,-42.14,11.055,-15.648,-10.956,0.651,-9.421,2.912
54.731,16.584,35.877,-9.982,25.988,-43.93,12.586,9.024,18.52,7.363,-11.872,-18.28
52.849,25.854,39.631,9.052,21.844,-17.111,-0.14,14.386,-4.74,-28.456,-17.636,1.335
48.899,9.901,-32.962,16.748,-2.282,-84.413,22.063,-37.641,-9.389,29.835,-18.9,13.781
46.396,11.562,-22.926,-12.448,18.499,-36.507,23.127,9.315,5.134,-26.3,-10.126,1.412
54.751,65.863,-20.385,69.76,29.325,-29.836,1.177,-1.332,-11.18,7.362,-34.467,5.612
47.577,22.165,-96.243,11.196,-7.551,-12.547,20.475,-36.708,-11.288,-3.133,-11.56,-3.967
46.596,37.624,-59.761,51.681,-39.062,-0.068,7.403,-32.161,-19.569,10.373,-21.398,-11.891
50.259,72.688,16.874,-104.134,0.34,43.48,36.451,40.37,1.157,-18.192,3.112,-3.095
54.975,71.091,12.012,-2.822,-3.742,-47.528,-3.771,-2.301,-21.44,2.344,5.109,-3.498
55.096,110.063,31.578,-18.88,-22.123,-26.202,6.484,4.975,-25.415,-3.92,-4.034,-18.935
52.518,88.477,-39.167,57.917,-4.867,-23.154,8.682,-26.769,-17.357,-13.756,-62.907,-2.352
40.199,-36.003,-60.616,-15.706,61.191,-41.062,5.053,11.826,-40.131,-24.167,-20.811,-14.019
36.477,-36.712,-68.14,-15.042,67.158,-54.441,21.342,8.544,-34.602,-12.279,-12.403,-8.006
31.495,-35.083,-77.43,-17.261,73.376,-50.32,4.432,-7.662,-19.469,-3.04,-13.688,-2.361
24.181,-82.804,-82.559,-25.619,92.818,-45.385,27.065,8.533,-28.343,-27.769,-13.111,1.737
19.846,-124.079,-61.177,-0.272,54.558,-38.994,9.709,15.752,-29.111,-2.186,-22.651,-10.144
9.688,-17.335,-89.079,33.671,76.002,-73.951,-41.424,112.542,-5.498,-33.176,6.403,-8.926
