23.931,120.049,115.969,-343.994,71.077,158.554,95.165,-20.335,-36.277,53.691,-71.706,39.144
41.831,49.557,3.666,66.508,33.985,-75.466,13.252,-20.219,14.817,22.961,-33.179,12.535
42.424,83.885,1.079,52.948,26.314,-67.863,26.902,-7.762,15.997,16.645,-40.474,51.144
36.675,10.514,-24.42,-7.466,17.364,-36.668,1.76,5.427,21.806,27.666,-19.555,40.44
34.1,-3.798,-37.111,11.608,20.608,-26.326,6.28,6.754,24.034,-1.272,-10.864,38.965
38.187,48.625,-35.513,54.681,36.638,71.859,50.491,-8.232,14.056,-41.13,-1.859,46.206
40.434,83.104,-17.926,49.273,50.824,25.382,34.923,1.004,43.08,11.599,22.67,-0.972
35.368,33.921,-18.032,-8.283,20.089,-50.073,8.143,-11.609,36.465,6.44,-17.595,6.702
31.28,31.051,6.383,78.616,29.205,-64.642,29.069,25.932,38.421,11.591,-26.302,-3.047
35.562,197.539,119.407,112.177,110.099,7.662,64.509,8.911,56.689,37.538,2.715,-33.909
43.239,127.97,115.107,-131.827,81.183,72.329,26.731,1.658,-15.163,37.255,-24.658,-10.339
46.232,103.658,27.189,61.155,48.464,-52.838,21.067,11.534,13.957,12.228,-31.841,6.159
43.088,72.324,52.641,-5.878,43.875,42.26,32.187,0.545,6.137,-22.577,-14.593,-9.035
47.825,168.466,101.818,23.307,44.295,-22.39,36.885,10.034,-6.764,17.254,0.214,-21.383
48.019,149.229,61.13,16.031,52.29,-60.965,16.572,22.748,26.988,15.565,-5.793,12.282
45.307,108.083,26.567,78.434,44.739,-51.857,7.964,-14.44,39.22,8.152,-47.123,13.509
45.067,108.496,46.983,-9.726,51.58,47.218,42.293,3.993,12.115,-17.154,-27.671,6.684
42.711,82.06,97.633,-113.841,26.726,-18.205,42.281,21.399,-12.454,-4.151,-0.718,13.552
49.315,88.564,95.534,17.502,22.504,-40.129,57.063,9.565,-43.838,-15.933,-6.352,16.521
50.933,70.099,55.587,17.962,41.471,-30.858,47.453,15.517,-25.282,-6.18,2.108,35.768
49.923,74.321,27.984,9.16,60.573,-43.948,33.636,34.954,-18.612,-7.572,-18.169,34.293
48.257,0.275,-77.327,9.39,29.863,-22.878,17.386,0.838,-10.345,-6.489,10.328,28.094
45.756,-10.085,-54.09,14.629,12.632,-64.017,-0.507,-23.733,-3.23,18.164,-15.428,25.405
42.297,-52.061,-69.216,-83.442,28.925,-17.221,6.788,17.14,16.17,3.382,-39.818,31.987
44.319,-9.327,-53.741,27.219,20.963,66.444,18.457,0.473,25.839,-30.865,-65.161,21.614
52.099,10.734,9.137,-80.683,30.266,-45.267,44.101,0.489,21.836,27.477,31.157,24.367
54.271,62.629,41.412,35.606,3.547,-16.228,65.673,5.008,-1.765,-14.288,-37.472,31.065
52.308,35.572,65.011,-70.557,24.412,23.085,30.79,49.523,8.193,-30.834,-19.549,-22.671
52.495,84.215,62.917,-87.082,17.883,-8.899,48.818,8.569,15.565,19.25,-24.717,7.038
54.077,60.116,9.89,76.096,10.196,-39.919,17.179,-19.971,4.443,12.506,-34.883,3.722
45.532,18.321,9.005,-13.324,4.664,-25.405,7.87,22.306,21.394,-10.071,-28.251,-3.757
43.129,17.247,54.088,18.945,20.403,-40.612,-1.87,3.904,11.49,10.299,-15.705,2.239
47.66,19.793,-76.393,0.381,2.468,-34.08,14.792,-0.719,-3.44,-1.18,25.085,17.446
45.473,8.964,-43.349,1.575,8.66,-5.115,18.843,-9.272,7.926,-3.059,-20.15,8.2
48.299,26.131,-86.876,-22.331,42.122,-38.491,14.558,-27.739,-6.277,5.086,-32.093,10.024
48.487,63.424,-116.781,35.096,21.414,-7.342,4.949,-30.571,7.472,1.013,-16.897,10.829
52.042,108.226,56.006,-107.912,23.355,74.457,38.019,16.965,13.84,-27.048,-2.321,-21.148
51.275,133.933,-28.815,104.148,13.852,-31.5,7.646,4.026,-6.537,7.812,-63.448,-1.251
51.152,42.99,-45.484,3.572,17.155,15.199,6.526,-9.164,26.659,-4.195,-52.267,31.348
50.942,82.405,25.279,-98.028,23.93,76.684,39.855,14.841,-4.314,-0.985,8.021,2.592
48.629,15.639,20.658,-33.742,39.046,28.822,26.099,36.503,13.013,-43.121,-66.928,27.286
44.416,31.254,-49.114,-11.308,-12.902,-28.022,6.374,5.119,1.089,5.711,-35.915,25.597
45.511,58.522,-26.586,11.128,11.628,-75.546,32.063,-9.047,27.86,27.937,-11.691,3.713
41.518,-52.231,-87.381,-5.469,-8.906,-45.268,0.217,14.166,19.025,33.834,10.928,-1.706
43.368,-2.972,-46.435,-76.407,12.306,36.835,34.894,38.059,9.512,-5.327,-38.919,27.811
44.171,-15.184,-55.641,25.928,13.927,-68.662,-1.048,-31.658,14.013,23.825,-36.157,16.247
45.678,-10.586,-98.325,30.069,0.761,-51.339,8.603,8.189,26.71,-0.725,-15.325,40.013
40.204,-32.61,-58.672,-46.265,5.652,2.898,15.481,-4.457,27.334,11.757,-63.726,27.799
52.339,31.703,18.162,-77.962,16.724,35.473,54.603,27.271,24.032,4.638,70.537,-7.781
55.194,95.231,40.841,-19.268,30.279,-43.082,59.364,9.818,23.166,-7.103,-6.569,40.279
56.199,116.816,34.796,4.87,6.161,-39.768,14.055,7.281,7.405,4.615,-10.831,13.195
55.369,101.841,39.329,27.976,21.152,-31.544,38.097,-3.92,15.206,16.517,-24.768,20.177
53.494,78.759,48.124,-58.964,18.174,17.556,20.325,-1.368,4.81,4.197,-21.62,-17.168
53.293,55.213,9.279,86.589,10.555,-38.376,15.981,-25.317,1.307,10.629,-36.656,1.266
45.373,33.225,-1.385,37.952,11.956,-61.148,17.309,-17.571,14.085,12.589,-10.966,-5.063
47.846,17.271,-64.653,18.635,2.803,-31.991,29.178,-2.892,-3.11,-14.489,36.498,19.647
44.779,9.011,-29.433,1.874,6.877,-14.33,24.33,-6.34,19.048,-8.943,-12.81,-4.737
43.539,-66.3,-66.271,10.294,-14.653,-30.846,7.375,-8.721,4.429,9.33,-7.491,3.407
49.089,23.384,-45.685,-29.041,26.944,48.79,10.496,-3.798,5.148,15.45,-19.93,-4.055
51.641,26.365,2.7,-42.831,32.293,-15.206,-4.492,4.653,9.21,-3.296,4.26,-23.741
52.995,91.28,7.457,26.104,28.216,13.936,-8.611,30.343,4.857,-20.11,-73.455,-2.035
52.106,32.63,12.073,-85.207,25.181,-3.606,26.202,27.594,15.183,-6.328,46.156,16.664
54.923,137.626,65.181,6.554,-29.069,-21.501,38.031,-8.055,-12.497,-10.945,0.59,12.96
54.879,108.776,68.533,5.572,2.536,-30.032,42.152,11.047,-13.124,-3.87,-13.544,27.848
49.97,51.497,-20.505,143.007,2.379,-54.646,24.788,-49.809,1.812,4.101,-47.019,14.711
40.45,-90.805,-77.796,-34.484,-22.481,-70.768,-11.686,26.069,17.241,-16.496,5.461,0.196
47.743,67.046,-27.262,74.617,15.223,28.457,39.49,-8.414,8.312,15.007,-6.185,2.784
45.194,40.222,25.753,-93.313,-0.211,20.335,42.132,33.446,1.533,-16.936,-43.045,5.259
46.782,56.218,0.493,53.649,9.171,-30.241,50.867,-25.469,5.395,8.039,-27.593,10.892
47.158,3.058,-105.21,17.373,18.532,-50.89,0.627,-8.153,-6.521,-11.847,8.023,30.3
44.611,-9.149,-63.122,1.548,23.625,-10.002,9.067,-26.65,14.418,-0.39,13.289,16.528
41.881,-6.728,-107.522,-7.848,50.428,-19.649,7.303,-52.752,6.518,-24.164,-4.857,24.698
45.233,-18.92,-116.029,38.289,14.889,-77.848,0.186,-1.65,-0.619,21.003,-22.281,34.497
45.802,23.384,-40.778,-1.989,22.669,93.697,33.671,1.461,25.605,-35.443,-78.774,15.382
37.529,-70.611,-69.798,10.185,15.889,-43.722,-11.68,-26.103,25.788,13.481,-13.313,22.675
48.527,-8.912,-55.537,-55.699,4.371,-61.606,31.09,-24.389,6.917,12.074,24.484,28.85
51.914,8.052,14.552,-30.274,30.382,-43.513,2.723,79.17,14.495,0.49,-21.09,-18.71
53.255,-9.911,77.522,37.265,33.369,-36.33,30.277,-4.22,-37.133,25.793,-18.592,-16.202
52.091,-25.715,74.315,-13.452,37.121,-42.793,69.404,28.552,-8.251,-2.932,3.551,7.341
52.581,1.872,50.498,11.671,45.199,-55.081,49.378,-20.411,-27.767,17.093,-23.649,1.027
53.528,60.183,7.085,82.576,17.852,-52.526,15.449,-21.9,6.05,11.854,-38.826,5.15
46.451,50.496,-15.627,28.172,21.549,-60.658,7.205,-15.937,3.42,34.84,-11.884,-4.104
43.84,41.367,20.471,16.539,39.243,-18.935,15.119,-9.697,12.641,-21.982,-17.126,-3.095
45.14,7.798,-29.717,-36.395,14.891,11.377,15.709,21.195,5.691,-1.362,-33.625,16.766
48.817,5.661,-30.312,8.253,30.737,43.69,2.856,-4.365,20.486,-3.527,-38.199,1.969
56.354,106.768,28.156,-28.903,-10.884,-7.038,56.508,26.603,-17.447,-13.347,0.602,35.314
56.638,112.149,6.923,8.767,14.011,-25.03,39.505,5.146,17.575,7.38,-22.349,53.118
51.873,128.705,-14.412,27.31,44.906,9.554,22.804,9.215,5.535,6.311,-85.363,47.04
52.016,36.149,-1.798,-79.238,-1.412,-12.752,15.926,15.318,12.497,-1.329,12.49,-4.026
51.824,71.374,20.325,23.386,-6.27,-16.848,0.147,-2.259,-1.941,-11.631,-38.757,3.862
52.699,129.98,54.219,-64.796,-15.734,-1.803,20.923,25.986,-17.904,-26.852,2.741,-13.86
55.115,120.413,78.605,-5.515,-42.828,-29.083,53.411,22.93,-23.169,-7.877,-4.23,7.228
55.119,134.348,84.607,10.143,-26.331,-37.51,74.797,21.904,-29.703,-6.616,-4.38,19.895
51.98,74.145,-16.827,128.046,15.933,-32.308,37.039,-11.643,-4.651,6.245,-68.447,27.009
45.949,74.517,-32.488,6.275,17.852,-65.953,31.886,-6.124,15.643,39.468,-14.297,1.796
43.689,-16.636,-122.908,18.49,11.589,-31.342,13.433,-38.832,-4.219,12.848,14.344,-6.777
40.758,22.344,-84.944,-10.049,7.007,-68.617,26.298,-54.567,-13.639,13.183,7.863,-2.364
47.421,21.009,-73.867,28.313,-1.498,-67.138,25.537,3.1,-12.372,-11.514,3.469,35.941
44.762,-9.578,-43.123,17.607,14.205,-69.057,7.458,-36.327,13.38,20.484,-26.48,12.902
41.303,-10.609,-106.824,-7.388,49.281,-61.814,-13.989,-70.651,-14.577,29.158,-14.058,9.995
45.856,5.465,-106.031,28.154,1.553,-81.171,-0.684,-1.682,14.531,26.25,-32.456,41.899
43.201,4.532,-22.899,-96.069,7.294,8.458,30.309,29.064,17.896,7.754,-69.749,23.167
43.915,11.843,-74.673,-37.341,62.347,33.993,18.849,-41.164,-16.532,2.585,-96.112,24.095
48.72,6.0,23.445,-148.472,27.132,89.923,62.664,49.183,31.744,-31.409,25.779,4.956
53.708,46.322,33.765,42.133,5.755,-12.858,24.822,-19.332,-15.75,-6.03,-45.263,-1.268
54.753,77.877,73.287,-23.194,2.122,8.135,39.01,45.2,13.344,-28.255,13.138,-21.495
51.977,87.883,49.283,-83.645,25.965,-28.537,46.699,-8.798,3.115,36.255,-12.694,2.477
54.711,74.147,33.777,54.496,23.971,-38.75,26.827,-19.15,2.803,7.709,-17.844,-1.36
49.393,29.076,-16.031,23.361,6.328,-31.162,15.896,-23.093,1.99,4.24,-18.924,-3.623
46.425,49.799,-11.193,31.749,19.58,-56.816,21.964,-26.218,-0.856,23.41,-6.04,-9.657
42.475,47.384,29.368,15.913,24.831,-70.152,25.834,-32.775,-15.948,48.616,-24.206,-0.396
47.565,19.849,-58.459,14.529,6.418,-16.769,28.497,2.746,0.977,-12.462,37.388,15.141
45.314,9.286,-29.189,18.527,1.614,-57.866,21.404,-14.066,11.777,21.342,-17.393,4.173
50.242,56.647,-42.014,-59.828,13.862,13.112,11.156,11.173,10.261,7.19,-21.855,-6.251
51.547,48.374,39.188,-64.417,26.752,30.447,13.775,67.964,31.633,-3.291,9.828,5.548
47.831,37.211,-19.742,0.242,26.695,12.167,-6.707,-7.736,-0.797,-0.045,-67.268,39.34
47.189,10.568,65.178,-171.661,-2.157,16.891,43.636,35.844,-3.894,12.621,20.169,-5.493
51.679,41.862,-7.312,116.278,31.937,-52.623,23.577,-49.484,-3.369,16.994,-37.73,3.808
45.999,10.823,-85.899,-50.759,17.076,-77.487,2.242,-7.686,-24.145,10.54,-14.413,2.711
50.493,95.147,-52.746,47.253,44.047,-12.241,2.704,29.13,-7.592,14.734,-8.078,0.452
51.063,96.485,-5.019,41.435,28.212,-37.015,36.931,-31.889,-20.736,25.305,-31.068,11.099
50.596,80.93,5.241,0.235,21.778,-47.076,19.838,-7.997,6.876,18.861,-15.328,-3.859
50.841,-6.957,-47.485,19.564,12.45,-43.626,0.664,-4.742,-6.505,-6.554,-10.832,8.362
47.898,-43.591,-44.384,-1.449,22.48,-27.125,-0.324,-26.492,-10.286,5.617,5.947,16.008
46.213,-0.72,-61.982,-33.739,63.19,-38.647,32.906,-18.659,-13.182,-35.249,15.197,12.199
48.364,33.639,-50.551,-36.391,45.818,-14.955,-15.092,4.645,2.65,-18.066,-6.741,3.903
48.16,15.656,-86.319,-18.215,28.379,-27.291,-5.662,-24.456,22.985,13.498,0.046,22.015
52.204,54.64,-34.296,110.217,25.634,-10.61,-4.669,-27.41,-0.847,-0.546,-56.955,5.059
50.337,10.793,-60.886,-20.086,29.756,-12.822,25.116,-18.952,-14.298,22.718,8.318,-5.812
52.182,43.663,-3.997,-40.196,21.735,-24.439,2.812,16.837,17.206,-6.148,4.581,0.836
53.439,82.869,-8.11,-31.394,46.328,-52.584,-9.587,-2.268,53.081,8.331,-0.115,-0.38
55.586,78.249,26.553,-23.444,47.02,-11.666,2.217,-29.228,16.314,6.805,-20.556,2.16
51.951,-1.402,16.137,38.187,65.532,-33.923,16.515,7.475,-13.817,-16.161,-35.953,7.237
56.147,88.717,36.77,-2.243,31.176,27.168,17.424,-2.863,6.755,3.733,14.439,-18.606
52.224,69.327,-24.185,-59.544,50.358,-34.637,-2.094,7.034,21.703,-6.207,2.606,7.825
54.563,130.24,59.038,-22.742,19.215,-21.054,5.387,31.265,-19.49,-7.739,2.315,12.544
48.699,1.69,-55.795,7.882,2.68,-74.274,19.51,-8.904,-6.079,5.248,-1.486,26.229
46.578,-11.598,-33.837,12.268,20.539,-36.099,20.047,-23.15,12.107,8.725,-4.192,8.006
45.858,4.512,-31.806,-59.959,22.449,-12.612,33.042,24.153,11.059,-21.508,-1.578,11.403
49.674,34.021,-60.826,-40.011,8.494,-80.908,17.227,-0.863,-1.262,17.353,5.748,29.785
51.048,-33.827,-5.2,-33.782,81.889,-56.597,13.225,1.112,28.001,7.138,-15.757,-19.644
53.99,34.86,49.072,-10.645,68.735,-2.511,31.317,-1.455,14.454,-23.244,-9.566,-18.369
52.372,40.328,61.986,-15.666,66.009,-42.568,1.066,-0.406,50.961,26.726,-18.092,-44.998
51.89,-2.077,-16.268,3.932,45.671,-46.111,-7.298,0.846,50.712,16.347,-35.444,-18.082
40.211,-23.768,-96.547,-9.318,49.523,-102.341,10.164,-70.885,-9.573,49.641,-20.341,9.891
41.973,-12.275,-40.491,-80.09,44.412,22.199,46.713,31.675,37.853,-55.34,-46.568,4.099
42.445,32.817,-88.547,-64.021,62.055,-45.257,5.405,2.502,9.061,-19.834,-19.525,-4.281
47.56,40.422,-45.131,77.856,23.964,94.837,58.942,-27.668,16.877,-24.613,-33.098,4.147
40.558,-67.785,-121.475,56.454,28.43,-9.712,41.152,-45.922,8.981,-20.004,15.956,0.293
45.739,41.181,-41.995,-19.51,62.643,4.639,41.43,-17.342,20.536,22.08,32.255,-13.133
44.471,-30.268,-106.14,17.25,16.429,-63.106,23.112,-40.087,-20.493,29.35,17.8,0.005
48.26,59.173,-7.749,-27.583,24.85,-29.429,30.256,-10.179,16.019,23.233,6.442,-16.462
50.173,33.998,-18.647,-4.664,12.672,-22.758,5.217,4.063,12.648,12.417,-26.961,8.396
48.671,43.593,-36.646,-47.503,55.092,-54.473,-18.947,-0.479,-6.023,19.82,-5.797,21.023
49.677,27.022,-62.892,-5.006,6.17,-67.785,-2.41,-12.289,18.697,15.39,-10.973,35.298
52.4,70.089,-2.998,-16.104,38.83,35.137,18.225,16.922,10.984,-8.076,-18.433,-2.736
46.884,3.676,-45.251,68.284,9.662,-28.586,-26.522,-20.534,-5.677,-13.116,-49.201,-1.425
49.985,8.727,-61.409,-31.384,28.908,-17.363,25.221,-19.841,-14.683,35.626,18.132,-1.411
51.822,43.54,1.797,-31.777,13.108,-31.038,7.154,19.1,16.838,-7.006,-3.291,1.304
53.237,65.786,11.978,-41.396,43.972,-45.003,-4.236,19.202,35.984,9.83,-12.019,0.507
55.272,116.79,12.14,-23.12,11.726,-28.591,-24.428,-7.13,3.105,-3.101,-0.869,11.183
55.659,69.656,28.014,14.899,39.945,-34.101,-12.37,35.297,-4.618,14.798,-29.914,3.946
53.09,13.407,28.446,-26.367,65.661,-26.518,-2.205,17.865,-12.798,-2.855,-15.078,-23.896
50.992,13.286,8.014,35.189,32.754,-34.594,-22.811,4.474,-15.184,18.155,-26.014,-5.313
56.186,117.316,41.014,-16.935,16.59,20.38,11.49,11.517,12.159,3.623,24.729,-13.308
53.57,110.302,5.284,-60.689,-0.778,-16.989,-19.079,36.058,29.444,-20.751,3.206,-30.509
54.716,123.03,81.61,12.795,26.631,-24.827,6.733,15.082,22.918,29.948,-25.765,-4.825
50.489,76.134,-4.809,-18.958,-16.118,-1.666,3.798,-9.224,-11.464,25.18,-16.777,14.222
53.014,-6.598,44.948,14.188,17.447,-32.834,-7.673,-5.242,22.313,7.949,-14.87,-40.541
50.695,-22.45,-35.628,20.055,43.067,-72.24,3.596,-17.493,29.149,51.479,-40.4,-19.825
46.717,2.664,-72.031,41.068,16.054,-15.542,35.079,-26.279,-6.297,14.577,5.472,17.472
55.309,142.832,57.344,-26.549,34.744,37.787,54.386,16.784,7.088,10.682,41.235,-1.809
54.768,76.482,-10.983,49.48,16.277,-59.398,24.829,-27.445,7.519,41.166,-17.565,50.271
53.388,70.443,46.942,-70.909,44.572,-19.084,45.036,15.905,40.612,-0.689,-5.664,26.707
52.822,72.871,-13.006,83.096,51.315,22.352,16.969,-24.683,-1.242,10.063,-27.079,38.54
50.54,90.125,16.057,-45.837,33.889,7.59,-17.018,13.336,14.921,-0.26,9.912,-10.07
53.789,98.488,64.354,-1.275,22.036,-6.112,-27.359,16.225,2.768,51.66,2.837,-26.04
51.331,84.559,45.349,-40.964,47.208,-17.552,-22.072,-25.404,3.801,48.108,-22.783,-20.109
50.844,12.914,-41.058,3.129,-6.654,-49.19,4.5,-6.625,-17.693,-4.982,-4.491,4.565
48.278,5.806,-19.789,-10.541,14.819,-51.224,-1.515,-15.467,21.156,6.787,0.253,-8.027
48.681,9.082,3.976,-24.448,16.915,-11.781,-10.505,7.351,8.393,-1.367,-13.793,-14.439
46.744,-6.465,-86.463,31.108,-2.533,-73.174,4.687,-17.92,-2.374,25.644,-6.296,20.901
47.603,39.57,-18.803,-14.279,21.349,70.15,25.957,17.11,13.086,-48.959,-58.328,0.8
49.253,96.879,-33.163,-71.493,34.106,17.315,23.696,-89.718,8.21,-13.261,-21.671,8.265
51.855,-34.967,51.337,-35.028,43.849,-37.39,21.128,15.381,-25.211,-12.546,3.63,3.868
52.71,-15.02,37.19,15.049,42.991,-24.621,12.808,24.86,-29.166,-5.63,-26.236,10.242
50.602,100.035,3.376,-44.097,27.592,-10.47,38.872,-7.069,1.4,22.59,-15.97,5.011
53.206,34.532,18.228,-38.76,61.636,-31.275,-15.481,6.795,22.543,4.532,-8.573,-10.738
53.702,12.468,51.695,-20.974,42.486,-26.504,-4.944,-11.085,31.254,5.553,-7.552,-17.42
57.447,68.095,15.957,34.308,43.079,-8.905,3.205,-27.655,19.449,2.797,8.745,-11.671
52.654,10.864,-14.457,28.263,10.263,-47.894,3.278,-14.847,23.26,19.455,-17.39,-9.58
49.353,86.14,-14.723,-62.119,56.887,-43.401,35.89,-7.794,-15.595,-6.113,-10.362,-19.157
51.47,11.313,50.289,33.909,57.978,-16.193,4.255,0.755,-14.959,27.856,-16.623,-7.945
49.727,-40.955,78.681,-31.393,58.382,-28.281,47.504,17.796,2.656,-3.155,-11.808,5.104
50.671,-39.89,55.432,13.603,37.188,-18.987,57.247,1.101,5.947,-15.575,-26.007,-9.883
49.612,2.517,-43.993,-41.503,21.041,-50.381,9.021,-20.812,0.802,34.126,-26.651,5.013
55.252,65.703,6.937,66.947,56.932,-45.153,-11.09,-29.984,-0.922,16.505,-18.629,-8.762
49.95,-39.22,38.277,16.583,38.795,-32.369,-14.826,2.715,39.254,12.311,-18.964,-31.16
49.761,-35.339,25.5,-37.8,32.488,-13.741,-0.727,13.918,34.663,19.826,-24.672,-25.981
48.91,-48.127,18.317,-16.755,43.969,-27.877,-1.646,-0.235,24.011,6.685,-28.896,-28.907
48.269,-32.768,19.42,-43.077,43.759,-41.162,-0.436,6.48,19.201,13.547,-5.609,-28.604
49.097,-25.562,-0.281,-11.199,58.137,-25.074,3.13,16.702,16.036,-17.948,-35.801,-28.98
46.63,-59.7,-8.763,-34.605,63.015,-43.028,12.521,0.852,23.385,15.492,-12.267,-18.208
46.834,18.336,-37.212,54.085,30.392,-45.343,2.744,-11.606,4.4,25.58,-42.579,-3.848
53.652,98.783,-48.307,80.086,15.8,32.955,9.305,-0.032,-16.927,20.536,40.4,10.083
44.97,15.024,-85.52,11.668,-11.987,-101.572,-7.69,-5.224,-8.092,9.599,-21.401,3.575
46.856,86.683,-11.974,-59.982,31.494,29.165,54.93,5.944,0.653,0.806,13.063,-19.183
51.538,80.356,-5.419,-38.675,26.9,-38.819,27.907,48.708,32.37,-4.022,-6.629,25.164
50.876,58.165,-39.31,-2.475,-22.311,-33.24,14.113,18.847,-18.366,16.283,-9.29,20.836
51.21,100.36,-12.756,-3.209,-11.225,-14.494,30.946,-2.365,-6.899,-4.663,-18.492,-3.749
49.308,62.9,-15.771,-19.602,47.68,-30.363,23.328,3.405,18.453,8.792,-37.239,13.128
47.415,64.308,-34.757,-55.002,41.619,-23.077,2.927,-6.344,-27.632,17.01,19.224,-1.037
48.631,53.303,-81.497,-2.348,18.695,-64.701,13.677,24.895,-5.403,14.529,0.416,11.097
50.01,69.239,-53.158,87.166,31.606,43.891,28.332,-15.944,-8.32,-13.997,-19.482,5.498
50.901,2.17,-32.061,-63.332,-3.273,-48.785,-17.836,-3.514,7.761,7.353,34.936,10.063
53.019,14.758,3.31,-29.013,38.06,-28.342,-40.827,-3.297,-7.677,-2.779,-10.952,-18.595
53.231,19.508,15.564,-33.932,64.904,-27.937,-15.654,7.546,-4.978,-4.657,-10.164,3.054
49.899,103.85,-8.526,-28.036,40.801,-54.356,56.143,1.157,-22.36,21.894,-12.468,-12.93
53.186,36.817,11.251,-51.695,55.915,-24.249,-19.017,13.357,-1.576,15.799,-0.152,-9.947
55.086,55.698,40.552,-24.765,52.494,-23.577,-16.893,-7.305,42.773,1.088,-8.636,-6.737
57.604,82.221,9.083,43.5,31.064,-53.248,-16.406,-25.368,6.386,17.409,-17.356,2.399
52.023,19.87,-30.542,10.674,20.515,-22.796,-5.58,-14.02,5.255,-3.118,-28.553,-5.184
48.826,86.683,-30.186,-46.241,51.098,-47.392,23.783,-3.014,-26.227,-24.424,-4.275,-25.38
53.919,69.802,38.903,-24.742,34.169,-13.071,-50.668,-11.587,7.153,-1.564,25.77,-10.23
54.595,29.734,14.406,6.769,14.756,-37.23,2.681,-0.316,2.512,0.251,-13.069,5.942
52.19,42.276,-10.889,-95.787,6.281,-51.066,-7.828,0.25,-9.635,33.318,-2.404,-15.562
56.319,108.078,19.957,51.016,18.998,-44.085,-43.171,-7.857,1.277,0.252,-34.912,-0.274
50.354,44.711,-10.225,-66.761,-9.474,-20.371,-83.78,-1.487,14.336,2.201,15.448,-4.501
52.798,57.729,-15.774,-35.559,-11.346,-15.057,-52.924,-14.742,8.896,7.474,-8.395,-10.503
45.612,73.476,-29.492,-22.951,-24.052,-1.891,-3.804,-9.249,13.689,-33.598,-37.784,-10.749
49.789,29.701,-53.063,-7.699,27.87,44.988,-20.009,-31.295,-10.004,25.808,-5.087,-5.02
47.847,8.344,-54.66,47.125,31.859,21.73,-6.643,-28.127,-19.517,18.879,-74.44,-9.053
47.709,32.217,-20.557,-63.068,28.509,97.198,28.898,27.843,25.758,-40.036,-84.028,10.131
52.382,76.209,46.432,-54.445,42.895,73.187,44.815,-0.803,-8.935,2.613,35.365,-5.794
55.633,74.254,40.449,-7.393,37.178,-14.264,8.854,8.135,5.909,-15.128,-28.496,16.736
52.561,71.968,-16.821,-4.937,2.479,-37.256,19.451,-2.965,-13.416,-10.696,0.777,2.787
51.819,33.355,-33.036,0.835,39.732,-44.807,-5.282,-10.203,13.345,23.308,-26.577,24.879
49.354,39.515,-45.196,-58.181,50.225,-17.927,0.69,-3.405,-16.537,9.022,-18.195,2.396
53.643,111.883,-22.783,92.381,27.148,-56.687,1.36,-1.623,-8.953,-1.827,-34.345,5.598
46.038,9.137,-9.157,10.987,8.801,-0.267,-29.892,-15.436,21.1,-1.509,-39.164,-12.211
50.137,-13.877,-32.205,-50.847,10.347,-44.738,3.653,-33.929,-0.463,2.761,20.017,14.854
51.332,-50.468,47.999,-27.64,55.659,-46.873,33.421,13.524,31.665,5.947,3.323,10.772
52.417,-19.58,51.694,26.36,52.632,-55.185,20.839,-9.424,21.211,22.048,-20.029,18.39
51.071,12.656,40.172,-30.122,53.288,-18.093,52.995,-38.53,-19.691,49.564,-20.55,10.369
55.502,21.916,70.514,-7.513,38.065,21.062,61.518,26.534,15.122,-64.926,-18.939,19.097
52.119,-16.292,14.091,47.109,26.708,-48.41,49.139,4.435,-11.447,8.224,-5.294,20.164
50.972,13.871,47.4,7.564,63.823,-15.243,33.008,-27.645,-15.879,16.835,-15.603,-10.49
51.871,-31.004,-11.887,-4.959,43.482,-58.396,19.317,-23.074,18.838,5.356,-3.053,-15.464
48.604,-1.524,-27.999,24.606,57.14,-63.842,-4.721,42.61,9.203,8.977,-41.567,-20.715
52.418,12.718,-9.477,-56.218,39.206,-28.814,32.216,-12.316,-5.283,28.447,-32.271,-5.209
55.749,64.226,28.354,59.443,64.136,-37.587,20.627,-33.774,21.204,17.689,6.661,-11.268
52.769,5.965,24.241,-13.193,54.122,-25.838,25.993,-8.076,40.036,4.132,-24.767,-5.367
53.716,26.614,39.424,-45.332,59.353,-31.892,20.879,19.068,51.358,1.314,-9.158,-1.252
55.722,69.281,34.977,-24.455,62.171,-38.46,2.059,17.99,36.771,-2.889,-10.135,-6.037
55.567,97.047,22.558,12.327,52.766,-56.325,5.475,10.964,22.163,9.055,-23.414,-3.079
53.73,111.26,8.632,-34.691,54.497,-33.268,-3.265,8.639,-10.726,-12.187,-1.547,-3.532
56.869,127.298,-17.731,27.815,7.949,-44.371,-29.777,8.39,-9.855,12.298,-3.481,5.194
49.856,82.582,-24.477,59.647,-9.05,-28.405,-55.148,-30.589,-4.704,19.309,-51.184,-18.065
51.809,115.519,-14.313,-31.525,27.908,10.489,-9.069,9.744,3.496,21.394,-9.748,-13.076
49.521,76.555,-78.015,12.749,-10.269,-29.051,-20.934,-6.913,3.903,11.205,-31.275,-5.25
49.85,56.078,18.556,-107.147,9.026,39.735,17.473,47.467,19.421,-5.222,-4.952,-17.58
52.031,72.403,12.893,-49.326,46.212,-4.326,-1.894,1.994,0.732,32.48,-9.58,-12.59
53.385,62.842,-11.208,14.878,3.434,-47.457,18.815,18.795,9.694,24.875,-17.668,0.788
52.415,90.636,-13.502,110.739,16.776,-62.735,4.464,-16.237,-12.649,-2.796,-40.033,12.798
43.942,124.029,-99.593,-41.567,70.685,-55.622,14.751,10.835,-69.731,-14.77,-14.838,-19.204
48.608,32.021,-38.708,-69.151,64.664,13.468,48.797,-38.43,-35.583,31.915,-14.376,-7.901
50.347,-44.742,49.4,-3.871,32.257,-19.563,44.727,24.626,-21.249,-8.851,-14.392,7.219
48.524,72.272,9.968,-25.007,6.071,-10.901,53.271,-24.329,-6.893,-12.547,7.567,-11.074
51.141,-41.75,48.599,3.633,41.518,-28.414,26.837,0.933,7.59,7.8,-10.774,-7.397
51.556,-10.599,48.828,2.746,56.868,-48.118,32.302,-17.245,-15.197,28.734,-6.755,-16.312
57.174,72.893,4.565,47.115,37.317,-53.17,-7.867,-22.479,1.034,19.0,-22.791,5.011
52.157,18.019,-18.158,15.444,39.408,-25.506,11.103,16.741,1.347,-0.125,-20.802,5.997
48.854,75.562,7.572,-40.491,51.024,-26.807,28.659,-36.18,-36.997,3.759,-23.237,-10.352
47.43,17.986,83.26,-28.019,62.73,-27.765,13.644,6.252,2.207,5.388,3.026,-0.846
51.408,26.254,67.871,-33.749,39.929,-31.904,30.232,5.343,-0.037,9.531,-6.119,13.794
52.408,37.279,25.79,44.27,27.566,-31.861,37.195,5.024,-7.304,1.095,-33.58,14.457
49.853,26.266,-44.986,-18.59,-1.304,-39.308,0.86,-40.587,-20.92,30.121,15.469,-6.969
49.651,-7.492,-51.173,10.391,39.559,-16.88,-1.319,-21.657,22.216,6.366,-9.26,-14.315
54.397,65.409,-5.179,62.138,59.274,6.325,1.585,-28.243,-1.514,7.138,24.732,-11.234
50.854,-2.318,30.181,-16.564,57.787,-65.978,-23.437,-23.612,15.66,43.731,-16.664,-26.997
51.812,-13.705,2.405,-13.06,38.956,-39.188,0.501,0.063,33.975,13.457,-0.078,-28.188
50.467,-3.07,48.616,-25.649,64.32,-40.604,-25.511,32.196,39.261,-4.494,-1.658,-26.836
51.438,42.243,5.527,-24.174,42.795,5.589,-42.294,-9.618,24.865,-13.966,-21.886,-11.699
51.667,101.607,4.136,-67.961,33.618,2.341,-74.549,15.697,0.121,50.421,-13.717,-19.173
51.797,59.443,-19.325,7.434,21.35,-39.181,-63.127,-41.19,1.044,23.939,-15.648,4.896
51.527,36.3,-4.895,38.827,52.651,-13.762,-15.255,-7.245,-2.532,10.125,-55.198,41.694
52.525,48.31,15.338,-20.811,41.069,16.905,-21.587,2.849,-22.205,30.331,14.655,-1.487
53.664,104.928,-12.41,-8.935,63.784,-18.231,-15.869,24.139,5.11,6.046,-13.508,23.424
52.446,116.249,-31.383,-34.354,43.55,-15.12,0.29,-50.574,-7.646,22.48,-35.232,29.882
46.335,117.04,-40.475,-8.924,16.764,-11.797,-34.465,-15.551,6.87,-7.118,-33.66,38.5
39.922,56.936,-67.556,-29.374,41.361,-14.699,-10.792,-43.341,-11.696,14.629,-36.593,49.846
32.909,24.842,-121.139,-78.44,64.422,-51.766,-10.873,13.26,1.434,-7.555,4.469,37.865
38.321,23.827,-64.801,-53.515,60.13,33.774,-3.871,-4.614,19.879,-1.897,-35.089,26.784
39.74,48.053,-44.792,-18.17,30.985,11.328,22.133,-1.147,-13.307,-32.076,-27.078,5.399
42.413,62.894,-10.597,48.355,48.692,-58.156,15.18,-4.161,21.59,24.312,-17.526,22.308
44.545,50.815,74.377,-162.128,46.34,-5.769,30.667,13.034,-3.845,9.249,5.737,-10.406
50.495,28.837,-4.233,52.665,91.376,-49.254,-8.537,-3.132,5.639,17.011,-46.795,9.322
42.386,64.149,-35.124,60.275,27.311,-17.984,18.331,-17.759,-2.049,1.763,6.265,62.69
47.352,41.557,42.259,-72.422,86.97,45.316,18.713,-15.054,3.785,3.882,8.622,4.511
48.847,11.246,-5.171,42.969,89.639,-33.357,-14.861,-4.745,20.299,4.888,-48.724,35.482
38.673,-42.982,-61.703,-50.526,10.879,-49.072,-9.713,-5.038,18.866,3.016,13.077,42.406
49.217,18.914,-17.009,51.064,71.99,18.981,18.604,16.493,4.339,22.666,-45.595,13.218
46.492,54.376,41.897,-132.78,57.814,59.743,50.488,9.984,-9.061,-20.995,-14.136,-6.534
50.583,24.905,34.132,12.012,102.418,-64.454,30.018,0.409,-16.762,-0.016,-3.154,20.51
51.046,7.9,43.228,-4.592,87.792,-14.418,7.283,-1.984,-5.455,0.159,-26.283,20.187
49.991,74.705,8.29,-75.423,38.104,41.94,20.527,-0.107,-12.957,15.881,2.354,22.603
51.811,133.12,-40.21,-37.318,65.25,-29.671,-18.298,-27.722,31.646,2.995,-10.649,65.366
52.598,74.65,-26.827,-3.859,34.719,-21.894,-31.998,-2.115,15.566,1.714,-27.178,18.283
44.693,86.21,-34.263,13.751,5.224,-33.559,-14.851,-41.423,5.774,6.812,-25.542,34.66
40.131,52.453,-73.263,-48.762,64.603,-56.458,-11.399,2.926,21.71,-9.438,11.418,48.214
41.445,34.359,-66.421,2.357,40.965,11.98,3.388,-27.692,6.173,0.327,-41.622,57.125
41.459,75.033,-70.145,55.181,41.938,16.548,16.079,-12.796,29.034,1.012,6.145,8.358
39.697,61.195,-17.081,-72.277,25.929,21.43,9.595,28.36,8.878,-36.451,-46.114,16.777
41.168,73.988,-37.318,83.305,17.088,-65.706,4.875,-6.745,26.171,21.055,-24.582,11.99
46.576,66.682,17.474,30.009,115.001,33.187,-2.271,-11.115,-13.182,19.701,-13.578,7.473
35.689,159.198,117.549,46.481,94.925,38.485,45.349,13.755,26.545,-46.903,-32.663,38.119
48.164,67.368,99.161,26.749,107.788,-29.502,-17.161,-2.624,-23.214,25.574,15.888,-3.904
46.644,54.936,98.941,2.341,140.213,-45.137,-11.461,-5.562,22.699,12.713,-3.31,19.991
42.101,73.302,37.2,130.169,87.471,-71.899,-57.263,33.605,21.925,-9.933,-19.561,41.065
43.282,91.984,132.82,-29.803,140.356,60.557,11.496,-1.865,-9.428,29.035,34.425,3.295
43.132,63.141,66.019,106.746,111.95,-22.794,-39.328,13.743,-0.0,-15.647,-18.081,22.291
50.965,148.986,92.066,32.271,111.245,4.865,6.17,-41.909,-36.091,25.216,13.05,-5.39
50.816,55.556,114.337,-0.988,118.738,-30.335,0.401,-5.231,-10.584,-3.176,-2.697,19.499
52.981,55.818,95.555,33.065,73.885,-34.246,9.528,5.952,-21.07,19.341,-28.544,36.232
48.533,12.819,-68.076,18.749,8.774,-57.73,41.48,-3.36,-6.033,-4.759,-1.387,44.802
43.603,36.345,-43.666,36.084,4.494,-64.799,39.146,-10.802,17.518,19.789,-14.909,16.706
40.777,22.489,-23.533,-42.076,-3.368,-59.685,38.805,12.159,1.329,9.635,-9.346,25.73
50.424,31.312,-32.064,-22.34,-3.567,20.18,21.026,5.671,2.595,7.958,12.524,-13.419
54.813,121.979,37.729,23.788,8.169,-28.853,22.208,6.184,3.834,28.495,4.085,-17.294
50.946,122.029,-8.205,63.933,11.749,2.478,2.812,-37.507,17.438,28.846,-70.101,-9.164
47.73,13.29,-60.208,-13.352,5.407,-46.692,17.095,-27.11,-6.243,-0.489,-4.608,13.055
47.415,60.442,-25.653,80.252,-20.377,-7.046,-24.922,-8.208,1.862,-12.382,-68.338,-19.43
48.026,59.29,-37.028,97.573,-17.76,-16.575,-32.801,-36.382,10.908,-15.178,-67.653,-12.345
44.345,44.931,-67.432,62.982,-19.524,32.006,-37.337,-44.569,10.167,9.834,-49.746,-20.036
45.185,53.171,-53.223,20.252,31.557,-64.679,34.946,-54.22,6.277,12.751,-35.839,3.09
47.261,-20.275,30.137,-66.597,19.188,3.706,29.398,1.394,-3.97,29.53,-36.594,-4.17
54.248,76.462,11.383,55.248,19.393,-23.448,5.243,-12.249,3.245,13.286,-36.396,-2.989
48.689,23.341,49.143,1.839,49.911,-37.175,19.205,-23.202,2.794,27.298,-35.832,-3.096
45.35,48.233,20.727,-25.441,51.672,-52.184,-49.213,18.916,-10.467,-18.169,9.537,2.897
47.639,84.589,-68.415,-14.325,59.668,-19.94,17.192,5.135,-24.427,17.819,-32.527,19.409
44.344,30.877,-32.612,27.151,4.501,-6.467,49.741,-5.421,21.932,3.165,-5.407,2.017
42.548,-58.581,-64.674,-22.55,-14.635,-74.238,21.449,10.933,9.112,-12.816,0.812,5.842
51.572,31.466,-5.34,-26.483,-12.055,-48.047,-0.04,42.381,9.038,19.145,5.966,-3.429
52.971,68.191,10.76,71.476,34.346,-20.873,22.41,-28.686,-0.608,11.536,-20.683,10.549
49.23,17.354,32.371,-45.471,12.536,2.945,24.962,48.008,-3.998,-13.578,-13.713,12.824
46.214,76.994,-58.944,20.252,-15.421,-4.692,-55.349,11.022,30.053,-7.083,-49.292,-17.996
32.085,-38.477,-50.892,-32.396,-33.33,-43.682,28.212,15.856,8.075,-3.266,-11.976,24.319
48.781,116.471,40.073,-36.259,15.235,-30.349,47.288,25.791,2.825,16.325,-24.308,-2.466
50.633,39.216,45.861,18.711,49.086,-27.575,44.181,-0.25,9.94,19.63,-32.483,-10.097
50.188,55.62,50.421,12.809,2.091,-21.595,-17.019,2.237,4.076,0.947,-19.393,-61.078
51.815,80.865,10.018,95.939,29.167,-33.312,48.806,-32.02,2.373,9.109,-41.987,3.037
48.9,31.696,-14.346,-2.372,25.654,-6.359,9.161,72.274,-10.9,-12.382,-28.469,-20.236
44.671,93.325,6.867,10.51,18.506,-86.615,47.15,4.19,31.045,38.508,-21.967,-0.723
47.896,-11.886,1.504,10.479,37.607,-3.392,29.037,-15.419,-0.873,11.897,-36.141,2.811
46.33,28.622,-19.051,3.353,-12.553,-11.092,2.645,26.388,1.305,-3.191,-34.473,6.335
42.905,53.901,-6.915,53.277,-6.425,-81.411,44.101,-14.521,29.183,22.405,-28.046,5.247
38.354,64.192,-15.178,-25.24,-20.517,-19.359,42.353,-6.698,4.099,-6.291,-28.61,1.614
50.142,40.77,-15.983,-68.46,-6.06,12.531,-7.398,19.889,20.608,29.723,50.723,-28.822
50.41,123.729,-49.579,121.307,39.971,-38.099,-11.011,50.009,-2.093,-11.779,-40.434,9.404
45.188,16.693,-103.033,64.883,-4.311,-40.982,-1.885,13.164,6.571,-23.196,-46.814,44.304
48.644,-6.718,31.218,8.345,49.686,-17.136,55.951,-16.668,17.222,30.475,-18.17,-22.296
46.383,-16.343,-35.454,36.436,48.6,-63.863,-3.741,-13.166,21.966,30.15,-38.79,7.64
45.306,12.948,7.093,-96.447,18.441,1.595,27.532,-6.636,15.213,-1.41,-22.88,-7.038
53.332,65.378,10.548,74.257,20.837,-11.877,12.294,-32.598,-0.279,11.396,-36.369,-1.849
48.514,54.454,-10.598,18.054,17.895,-30.2,-17.516,-7.471,7.688,2.531,-34.86,-3.815
44.706,20.397,55.509,-21.193,61.453,-14.399,9.261,-14.268,-20.517,27.696,-6.005,6.201
47.742,28.324,-65.717,25.503,-5.731,-50.841,30.948,2.066,-4.468,-7.354,19.637,23.536
47.068,42.814,-0.136,-34.306,1.014,16.367,17.396,11.453,21.427,-2.846,-26.966,-9.135
46.029,-19.175,-31.982,-82.586,-15.463,-20.008,-4.763,47.553,20.958,-13.572,-17.453,-7.631
49.298,39.692,-53.736,-21.787,-11.755,-58.631,-3.883,-18.732,12.178,-3.486,6.319,17.089
51.328,60.594,-11.867,17.993,14.014,41.718,-7.582,-20.102,-1.339,-3.853,-68.43,18.911
44.659,89.396,-52.667,-72.354,19.96,-15.737,-28.84,55.85,22.047,-34.376,-9.018,0.035
48.693,62.651,-110.123,-14.867,40.685,-71.951,20.37,27.016,-1.732,11.278,-8.392,32.403
46.128,12.499,-43.301,21.54,44.183,-5.505,12.191,13.525,-10.05,33.021,-57.565,-21.843
39.384,105.708,-81.482,35.381,68.926,3.16,10.968,1.952,16.593,18.912,-8.27,-19.809
33.333,70.014,-12.935,123.439,87.741,-110.469,-50.895,-63.267,11.337,57.334,-28.811,-14.443
32.837,77.845,16.734,128.875,96.163,-110.329,-72.792,-63.11,3.129,55.735,-3.065,-8.845
31.672,74.854,-6.515,137.755,100.995,-110.692,-77.649,-64.704,-1.343,48.618,-39.129,-15.457
34.209,98.194,3.998,104.222,111.013,-61.532,-68.343,-64.106,20.935,59.755,0.992,-15.388
37.063,156.764,11.261,1.393,68.917,74.023,-52.316,-28.711,5.33,-1.927,16.38,-32.196
43.847,96.531,7.816,5.281,43.44,16.616,-63.18,-45.405,-24.987,48.545,-98.602,-13.993
47.058,100.936,71.351,-53.169,64.919,-20.766,-38.061,-24.167,-37.383,64.731,-52.145,0.339
42.197,143.408,-74.087,25.565,43.848,-41.819,-73.183,69.695,-17.479,-18.422,0.809,-16.189
43.318,215.331,2.635,-4.227,43.211,-45.568,-94.224,-12.641,5.121,4.281,-5.948,3.747
45.202,129.785,-60.391,45.035,-3.208,15.276,-84.014,11.203,-7.471,-3.805,-17.631,-9.54
43.992,38.002,-5.54,-54.735,54.877,-3.131,-59.032,18.05,-1.371,30.524,-0.118,2.251
47.744,50.329,-119.276,16.203,17.637,-74.954,10.271,18.249,-26.334,-16.251,-17.999,37.151
43.253,14.483,-60.289,-0.203,24.122,-12.497,33.626,-15.712,17.617,-3.676,7.648,17.186
44.983,59.185,-54.909,-31.396,20.841,8.016,-14.721,-30.093,-15.063,20.819,-90.063,12.09
48.554,-35.855,-45.655,18.142,16.344,-61.118,19.278,-20.214,-11.776,36.418,-31.195,15.833
52.059,81.051,-14.568,83.738,21.222,-32.482,38.622,-28.712,-5.171,19.827,-53.583,11.648
47.436,17.918,-29.622,-40.629,11.977,-18.097,-22.833,9.918,-7.432,-10.561,-1.337,-21.93
48.731,15.188,-73.051,-7.799,-12.944,-56.293,0.272,-1.331,13.735,6.837,-3.713,31.334
46.155,20.192,-47.631,27.871,-0.713,6.783,-7.695,22.182,18.082,2.869,-60.312,-18.728
39.663,-59.173,-12.357,-81.466,15.025,17.268,26.662,6.694,15.287,9.23,-44.355,2.323
47.539,33.979,-24.844,0.961,34.941,-15.74,32.777,-45.623,1.791,63.758,-38.553,5.616
48.624,27.335,11.818,-81.638,46.749,-15.062,23.805,-40.083,-20.588,54.355,-30.745,5.443
54.719,65.167,0.87,66.323,22.596,-38.798,4.951,-10.622,-4.737,10.352,-31.803,1.793
48.852,46.679,20.045,6.054,53.307,-7.341,25.702,-38.765,4.583,17.403,-19.834,-10.068
47.602,18.3,-78.241,13.057,-1.052,-80.574,12.935,-3.595,-9.755,-1.71,-2.382,21.64
45.367,17.052,-34.687,15.921,5.928,-5.157,31.948,-1.127,20.188,5.678,-2.015,-3.241
51.868,54.597,18.28,9.783,8.247,-19.656,21.185,16.593,-2.16,5.904,-42.204,-22.588
46.855,24.486,-105.742,24.3,5.837,-75.951,4.728,-10.273,-4.768,2.696,-22.228,26.301
47.639,78.0,-12.603,-51.272,41.491,73.375,20.511,18.56,12.7,-20.053,-65.659,-7.623
46.189,70.239,-41.747,-55.662,49.194,4.093,-37.47,49.96,-15.123,42.559,-12.024,-27.383
49.696,58.464,-81.56,16.754,16.526,-36.436,-8.756,-34.509,15.389,4.756,-39.234,29.231
40.988,-18.354,-56.432,11.702,27.307,27.878,3.486,18.45,14.67,4.017,-42.959,18.521
35.657,18.274,-123.725,36.043,42.343,-60.59,36.374,-91.237,9.2,29.684,15.845,19.089
40.045,40.284,-68.359,-54.58,35.864,81.42,62.029,-1.004,46.944,-40.321,-25.657,-9.279
45.751,113.218,-31.105,-105.84,43.823,42.076,12.037,10.35,-4.427,-11.119,-30.649,-26.916
51.232,106.916,2.299,106.456,27.048,-4.662,39.282,-27.124,-1.972,27.722,-37.96,6.938
48.906,44.131,-47.168,2.125,-25.514,0.943,-52.973,-13.811,16.427,-19.722,-29.942,-17.391
46.199,9.171,7.979,-88.597,-5.441,-7.391,-37.414,13.781,10.339,-13.277,29.093,-14.371
50.257,26.547,-22.216,30.341,49.47,-31.892,-19.351,-6.835,-7.23,31.554,-63.087,-1.493
47.033,28.403,-74.494,33.694,0.047,-57.046,28.922,5.758,-4.969,-15.211,16.931,33.155
44.011,23.092,-27.581,34.999,-1.478,-74.003,22.91,-25.554,18.703,24.325,-30.161,8.417
40.068,57.714,-76.648,-17.299,39.072,-66.152,12.575,-62.697,2.447,16.058,2.564,2.05
39.216,2.738,-22.733,-6.799,9.815,-28.047,9.878,-1.722,7.75,-8.189,-16.288,-2.322
47.564,8.477,-83.278,-4.018,4.726,-86.668,11.618,-7.115,14.436,31.882,8.24,37.005
50.905,10.156,15.336,-3.758,17.617,-39.113,27.932,31.353,32.45,25.828,-6.032,-13.435
51.433,56.6,19.795,17.332,35.498,17.776,56.177,-42.367,20.474,-5.524,-45.215,2.413
49.258,12.366,30.785,-16.217,22.735,1.49,-6.858,-8.052,20.275,-7.535,-29.862,-14.843
48.9,-2.486,-65.459,-26.01,-2.726,-78.604,24.505,-6.896,6.288,10.41,0.438,47.949
44.785,-17.873,-74.059,98.475,-3.321,-13.563,0.811,15.206,25.826,-19.999,-61.102,3.419
41.423,45.466,-84.385,-29.216,42.081,57.865,57.395,-22.507,42.951,-19.105,13.701,2.665
42.288,22.267,-57.148,-25.932,31.053,-5.133,23.289,-51.693,-6.647,-23.859,-9.659,-19.51
44.949,21.588,-14.787,-37.375,-25.964,0.739,0.327,-18.129,8.426,-14.122,2.487,-9.026
54.835,54.759,-4.154,54.146,12.895,-37.425,2.413,-21.07,-11.701,16.645,-27.373,10.429
48.672,44.908,-29.426,-50.15,41.451,-52.684,-6.082,40.375,-10.442,-15.318,10.663,-19.153
49.675,124.838,-3.605,-33.84,55.567,-51.259,-6.017,18.551,-4.776,19.516,-10.372,-10.448
48.196,65.447,25.844,25.04,14.206,-25.091,-41.972,-11.653,1.333,-14.659,-8.194,-20.492
48.27,23.524,-59.098,20.315,-7.293,-59.762,30.837,-6.225,-9.381,-10.403,21.522,22.62
46.823,33.159,10.221,-28.936,22.509,3.002,61.859,-8.271,9.479,7.652,-35.287,-4.941
45.989,3.418,-103.887,-30.986,19.048,-92.346,4.571,-25.848,-5.332,23.924,-3.873,1.678
46.388,-35.555,-24.323,-38.968,35.122,-35.059,9.045,43.473,13.32,25.547,-16.469,-5.927
49.913,39.025,-53.915,-38.637,41.13,-44.825,35.843,-14.364,9.423,37.505,12.608,20.391
49.156,-1.873,-8.884,65.967,11.287,-39.282,39.841,2.357,19.617,-2.905,-45.061,-12.305
51.818,53.555,8.997,111.73,33.443,-40.653,27.286,-45.814,6.069,26.534,-32.388,4.084
47.528,-5.854,27.971,21.968,26.584,13.39,28.788,14.739,8.593,-5.405,-40.541,15.334
46.211,6.355,-82.186,-5.948,11.374,-4.71,16.445,32.339,29.752,10.735,37.871,22.99
44.798,-4.037,-43.286,38.846,19.6,-2.88,-34.626,26.146,28.183,-14.704,-58.529,10.258
35.192,-6.099,-101.621,-40.452,52.166,6.638,21.192,-20.435,41.142,-62.868,-41.327,11.972
40.038,16.082,2.833,-184.209,50.427,-0.007,29.099,52.533,45.49,-38.467,-8.946,7.453
49.246,59.732,-17.594,-41.769,13.335,-16.661,-45.724,12.873,-3.161,23.679,-29.756,-21.609
49.774,43.677,30.946,51.291,-9.594,-1.204,-1.712,-12.603,-15.025,-2.296,-43.919,-29.068
52.281,86.569,-6.036,80.997,28.899,-24.132,17.495,-41.333,-1.368,13.316,-42.009,16.348
43.051,-32.407,-103.564,16.278,21.571,-4.378,-1.898,-14.707,21.634,-35.284,-41.967,5.053
49.87,100.18,-17.385,-13.692,36.232,51.231,7.874,-21.944,8.831,16.497,27.531,-18.39
51.265,173.716,2.199,20.166,35.966,-18.138,16.993,22.897,12.375,17.934,-8.536,9.821
51.053,76.133,-7.032,15.827,24.716,-29.587,-31.818,4.749,-16.836,25.127,-17.642,6.437
48.04,56.499,-120.784,35.549,17.987,-64.363,19.719,-9.862,-25.339,-15.996,-22.689,38.714
46.51,86.164,-62.416,-17.172,30.384,14.843,32.167,-9.3,44.122,-16.68,-18.156,25.401
46.336,126.945,-78.654,12.574,44.907,-20.907,-20.274,-44.099,28.855,5.222,-26.985,40.704
48.274,158.462,-76.823,-21.018,17.225,-18.375,-28.752,-63.756,27.692,11.161,-31.413,31.01
49.271,-12.895,-61.045,-34.182,7.717,-73.184,23.768,-28.474,-9.317,37.902,4.925,29.883
51.099,-0.5,36.572,22.184,-16.522,-27.363,46.813,-0.274,-3.951,-14.159,-11.618,-3.796
51.482,43.228,-22.241,118.489,31.461,-40.501,15.041,-29.351,-15.765,22.565,-51.587,16.329
48.322,11.311,-77.719,-26.406,-1.29,-58.082,12.234,-3.063,8.581,13.587,21.821,42.8
51.135,45.472,-12.256,1.02,-18.233,-6.974,-35.523,21.227,23.69,-3.685,-14.926,-37.889
47.816,155.129,-63.418,-27.124,1.725,-33.798,-9.648,-25.228,45.22,0.541,-14.523,29.668
42.251,5.802,-63.572,86.735,-16.251,-70.866,-40.153,-25.172,14.817,19.271,-32.675,4.864
35.383,-53.488,-70.753,-66.065,4.775,-46.902,4.996,15.567,12.723,8.211,-12.349,-0.303
46.719,78.136,-37.487,-28.933,20.246,-46.159,40.974,-24.824,12.929,53.61,38.371,2.011
50.124,50.126,2.764,39.856,11.189,-49.804,19.63,-3.02,-13.721,24.129,-26.721,18.056
50.27,9.96,6.001,-6.148,29.111,22.627,2.072,9.967,12.09,-8.211,-27.759,-19.592
53.953,78.106,-0.794,72.715,19.408,-20.044,13.839,-24.538,-0.567,21.252,-31.885,-2.762
49.693,116.084,10.916,-32.139,53.744,-58.226,-8.131,18.73,3.268,35.069,3.464,-13.872
48.82,40.304,-31.652,29.679,3.699,6.462,-18.369,-3.178,5.996,-3.202,-29.188,1.774
45.06,18.414,-39.05,17.475,12.878,-15.119,35.248,-4.055,23.121,-0.492,-1.727,1.27
47.809,22.359,-77.751,-47.454,41.841,-62.521,15.377,19.975,-28.08,14.547,-44.106,1.746
52.828,51.931,-8.659,-21.401,9.608,-28.324,22.55,22.707,6.241,39.632,9.195,0.103
53.166,98.7,8.383,80.399,16.407,-30.313,-6.771,-3.008,0.607,-1.25,-28.419,-9.747
46.299,-45.278,28.817,49.882,33.947,-35.029,23.795,-1.885,-40.776,-12.629,-35.486,-21.977
48.398,9.972,-22.645,13.093,11.218,-33.174,27.746,20.815,16.24,10.808,-43.183,8.504
37.199,45.832,-108.934,4.619,40.856,-50.808,34.737,-71.888,-2.099,24.479,-12.132,8.838
49.803,50.705,30.746,-32.558,45.337,-32.063,43.569,3.266,5.392,69.713,-21.152,-0.003
48.468,31.401,30.323,65.037,13.376,-26.803,17.38,-9.941,22.186,17.124,-63.599,-6.404
47.742,78.608,-33.986,40.554,35.328,67.063,36.154,-60.137,4.382,28.44,-74.464,-0.722
47.732,67.25,0.68,21.159,41.358,-38.863,47.637,3.801,-16.935,44.532,-23.76,7.574
49.4,41.073,-40.803,34.112,35.697,-35.21,-19.271,45.663,-16.593,18.93,-46.288,-17.374
47.243,37.772,-67.422,-2.563,9.838,11.548,25.828,18.103,-6.128,12.196,11.482,16.123
44.618,27.348,-12.351,8.759,1.385,-72.162,26.808,-15.632,26.223,24.714,-27.025,7.232
41.906,29.572,-40.62,11.228,9.411,-21.612,15.201,-18.028,11.252,-20.446,-34.029,6.773
50.052,9.067,-49.123,-48.008,0.108,-60.934,-2.461,-29.188,2.484,26.788,1.357,6.532
50.531,29.316,-6.817,18.384,-31.785,2.758,-37.126,-6.865,13.22,-23.945,-42.35,-48.602
53.046,88.004,21.524,58.481,15.869,24.23,26.499,-21.694,-4.946,12.119,-2.9,-14.434
50.74,79.361,14.657,53.069,-4.507,21.148,-4.375,-2.574,11.844,-11.224,-32.567,-15.294
48.509,60.956,-92.945,15.827,8.14,-52.367,4.077,24.401,-1.393,-24.001,-21.996,31.237
45.458,74.633,-79.684,24.856,-18.976,-3.814,-29.006,-53.724,8.605,43.307,-59.579,31.305
46.664,-3.28,-11.19,16.484,37.666,17.231,27.567,-24.913,-29.188,54.973,-2.16,13.695
47.971,26.21,-36.066,23.806,15.97,12.476,-9.841,-16.319,19.337,2.288,-24.805,-14.184
49.214,39.186,0.38,-28.201,40.393,-27.604,33.015,-57.64,2.531,32.151,-41.676,6.396
49.277,50.52,2.798,-57.714,34.581,-14.693,8.663,-12.404,0.179,-2.475,-9.083,7.289
54.108,61.393,11.217,64.943,13.597,-17.817,12.063,-26.253,-6.516,7.044,-26.243,-1.488
49.644,65.925,11.092,8.294,53.923,-45.645,-14.683,48.144,-22.25,21.382,-24.743,-5.913
47.008,24.726,9.83,34.651,22.387,-7.605,-45.177,-2.856,-15.572,-2.489,-9.719,-8.735
45.844,-9.657,37.201,-48.903,29.685,-16.344,-15.226,5.597,-10.619,1.443,4.286,-5.411
47.742,26.974,-7.825,45.08,33.91,28.61,-12.95,-34.708,-9.292,-17.853,-39.558,7.967
49.632,94.497,3.453,-25.375,34.379,27.826,-41.65,-21.924,-2.916,24.336,-53.664,-11.794
46.67,198.585,-45.635,-35.291,20.382,-19.047,-63.499,-70.939,40.498,0.499,-5.039,-2.984
46.914,124.544,-17.086,-36.327,-26.976,-23.434,-87.634,-9.161,18.94,-6.565,5.605,-17.276
48.266,64.323,7.602,34.947,50.659,-35.692,-23.18,-39.767,4.266,47.021,-21.397,-1.049
47.379,73.957,-19.719,10.651,-15.595,-45.224,-97.53,-33.597,27.94,0.282,-28.166,-12.494
47.201,54.464,9.884,63.189,11.363,41.658,-48.148,-5.424,12.454,6.553,-71.599,-8.16
45.107,26.086,-21.823,102.906,41.982,-3.056,-26.854,-38.109,-29.273,37.97,-76.722,16.553
24.668,154.502,-125.068,397.011,23.48,-202.92,-77.152,38.287,-10.997,-37.191,37.055,-31.43
49.517,-2.38,59.184,28.365,14.963,-5.165,28.815,12.01,-24.011,-21.826,-41.291,-3.311
47.182,91.96,-48.478,-30.819,87.577,-16.812,-47.939,50.386,-7.629,50.96,-70.91,9.383
47.965,129.208,-26.625,-83.154,70.96,10.015,-42.837,-37.481,-6.727,49.231,-3.976,-30.325
44.054,130.752,-82.42,17.299,39.994,12.158,-42.491,-118.985,14.277,5.194,-74.488,-1.585
45.405,96.718,-62.818,-36.874,51.149,-50.629,-70.276,25.556,-23.402,55.958,-30.489,6.099
40.445,29.073,-93.27,62.838,37.874,-36.846,-51.566,-107.412,-31.829,20.419,-101.779,-3.605
44.981,75.807,-49.189,19.708,47.503,99.071,-29.259,-14.287,-4.627,0.165,-2.163,-17.724
51.155,11.632,-45.915,23.159,12.518,0.601,-8.781,3.273,0.335,-2.885,-20.505,-1.623
46.843,45.953,-29.561,-56.106,13.388,18.441,2.625,-38.326,-1.187,-28.312,1.029,-7.295
46.661,-12.37,-86.456,22.22,-2.168,-78.972,4.285,-17.029,-4.471,24.929,-22.102,27.051
46.121,17.974,-7.473,-64.155,12.664,32.706,18.639,27.272,7.153,-28.019,-52.452,5.803
47.954,61.77,-8.423,-113.603,27.417,21.402,20.927,-44.402,20.993,-40.802,-10.057,1.499
51.706,-49.323,46.561,-52.299,69.541,-39.623,12.085,16.374,-22.901,-12.639,1.132,-14.574
52.654,-21.084,30.25,7.317,60.674,-27.787,1.128,19.078,-20.777,-9.145,-35.974,-0.969
51.305,84.797,0.066,-46.829,33.68,-16.92,24.207,-22.139,-2.2,20.685,-10.013,1.948
53.64,29.522,21.708,-23.728,65.071,-36.944,-9.476,-12.126,24.942,5.975,-5.594,-3.344
54.897,7.725,56.762,2.398,38.93,-36.898,-1.093,-7.237,19.293,11.284,-6.024,-6.273
57.958,65.461,12.862,40.752,45.951,-37.48,-6.34,-24.2,7.9,13.834,-5.026,-3.308
52.903,19.473,-18.537,22.574,21.677,-37.44,-2.407,0.662,16.674,15.641,-15.498,-13.201
49.622,88.405,-11.953,-57.525,56.008,-38.534,37.694,-13.842,-16.345,-5.018,-17.945,-20.142
51.532,7.176,44.084,21.564,73.358,-24.99,5.422,-18.348,-23.768,31.129,-22.222,-9.39
52.602,-27.222,14.499,6.272,44.35,-30.268,49.898,-8.328,18.127,-3.203,15.103,-6.293
51.285,-46.415,48.941,18.89,46.087,-20.271,41.577,4.18,1.891,-13.596,-32.343,-13.781
49.695,24.511,-25.044,-40.658,-7.643,-65.15,25.399,1.13,-5.703,24.73,-4.885,5.425
51.443,-20.738,-20.836,-4.958,41.812,-47.484,-8.523,-4.12,11.45,6.61,-12.487,-22.855
55.154,54.458,-1.512,52.813,65.227,1.41,-2.99,-29.959,3.643,-0.218,9.147,-13.663
50.016,-29.783,29.52,-4.856,44.97,-32.276,-14.729,-4.885,27.724,28.681,-30.701,-24.913
50.951,-33.848,8.825,-15.132,26.612,-13.325,4.781,13.622,31.025,7.952,-20.049,-29.46
48.831,-41.685,10.874,-28.396,37.884,-32.551,0.94,-3.053,27.826,15.279,-23.727,-27.134
48.185,-37.979,16.204,-48.054,45.215,-34.405,4.183,12.565,19.045,7.912,-3.627,-30.633
49.15,-25.145,7.38,-15.323,58.247,-29.574,3.124,24.723,12.996,-9.463,-29.7,-28.869
46.544,-52.158,-6.119,-41.407,65.453,-40.276,15.201,1.051,19.826,16.386,-12.921,-23.04
47.265,17.791,-32.302,44.324,33.484,-49.982,-1.499,-10.951,5.322,29.084,-46.286,-3.253
48.185,56.812,-56.839,6.648,28.59,117.383,30.953,16.351,12.151,-49.161,-21.792,0.949
48.611,93.406,-10.213,-16.284,28.016,-31.972,39.008,12.752,-11.183,37.263,-6.651,-8.439
51.537,78.385,-5.493,-38.957,27.404,-38.964,27.148,50.417,32.77,-6.541,-7.894,24.058
50.785,58.821,-37.224,-4.063,-18.045,-36.342,18.155,11.064,-21.565,14.285,-13.221,20.785
51.052,98.373,-18.808,9.451,-6.54,-20.765,32.195,-0.131,-9.961,-0.069,-14.213,0.841
49.127,69.122,-22.824,0.969,37.67,-22.833,25.189,-1.624,28.235,5.473,-43.876,7.799
47.847,59.243,-33.228,-51.911,39.252,-34.589,-7.652,-7.217,-33.454,21.218,12.322,5.025
48.589,48.9,-82.724,4.338,22.716,-73.23,18.217,24.022,-6.017,6.802,-1.377,12.813
49.765,70.332,-52.932,78.146,33.745,55.534,28.91,-13.515,-3.376,-18.24,-26.261,5.017
50.118,-19.211,-57.975,-39.374,-3.837,-59.693,-2.925,-16.333,1.533,12.912,9.356,33.677
51.383,14.039,-26.175,-31.227,-7.637,-13.153,-45.937,-13.177,9.945,-10.929,0.63,-16.944
52.793,14.234,5.343,-36.956,38.247,-17.54,-39.587,-4.643,-3.251,-2.132,-6.502,-13.052
53.253,15.887,15.576,-30.332,63.628,-23.026,-14.36,14.024,-6.949,-3.745,-9.206,5.241
49.912,101.943,-11.132,-23.959,44.104,-45.896,49.379,-7.806,-20.029,20.825,-10.782,-12.711
53.676,35.852,7.42,-41.14,58.47,-17.336,-26.897,8.16,12.304,-9.479,2.261,-13.237
55.187,58.478,38.554,-18.014,51.387,-23.086,-19.098,-11.315,42.986,0.05,-7.056,-7.099
56.208,80.807,-26.532,71.394,31.879,-41.026,-15.849,-6.321,-3.704,14.67,-26.696,4.011
54.224,74.724,25.43,-19.837,45.914,-8.689,-62.49,-7.719,10.826,1.861,17.184,-4.813
54.769,99.138,67.999,-10.477,52.57,-19.834,-48.505,-14.684,-21.425,-1.82,-2.488,-21.025
55.175,39.486,23.375,-20.689,39.912,-40.012,12.057,-18.676,-0.778,0.45,2.371,-9.984
54.021,19.419,-6.454,-58.046,37.004,-89.048,8.464,5.178,-10.133,16.845,-12.189,7.659
55.51,59.815,39.413,-36.008,11.227,-25.766,-25.4,-13.45,39.542,19.397,-5.031,-44.71
56.127,68.053,42.648,-0.233,40.372,-23.064,-32.029,2.679,29.462,2.753,-32.064,-34.12
54.479,49.886,20.628,-29.052,31.519,-26.29,-33.685,-0.52,19.401,1.058,0.678,-13.917
52.09,43.833,-27.704,-9.619,54.791,-9.333,-46.31,-32.303,-3.662,20.456,-33.909,2.51
48.024,29.595,-32.995,86.998,67.98,0.821,-33.296,-17.553,-11.893,31.936,-56.88,4.752
50.397,64.873,57.829,58.761,113.394,56.635,-18.622,-1.278,-12.454,31.222,-4.086,-5.123
53.312,29.625,73.258,-44.719,100.994,-17.048,-3.324,23.026,-35.878,22.047,22.356,6.855
55.653,55.922,53.852,3.909,64.779,-29.982,-23.316,-5.93,-9.902,-5.606,-16.943,24.169
52.903,50.707,-14.338,-5.809,15.085,-26.692,15.343,-2.052,-14.246,-12.14,-10.334,7.731
51.591,32.762,-18.894,-17.113,43.905,-24.844,12.489,-5.084,10.735,2.611,-29.034,18.602
50.983,33.521,-24.065,-49.931,55.124,-26.871,-5.024,5.232,-14.381,27.574,-24.318,-10.887
49.585,69.907,-9.152,-44.645,38.044,12.218,26.98,23.896,-14.155,-25.979,-50.706,5.606
46.573,11.132,-5.972,4.036,11.745,-6.173,-31.605,-11.416,24.374,-1.354,-35.242,-13.002
49.085,-28.599,-32.833,-56.629,24.938,12.557,8.732,-18.241,12.47,-15.108,44.304,3.081
50.98,-61.679,37.965,-22.041,56.309,-43.707,28.732,9.619,29.451,4.516,9.397,13.244
52.154,-23.32,49.317,7.174,49.419,-32.293,27.896,2.598,29.956,-3.587,-13.6,15.906
50.936,11.862,37.153,-41.847,52.855,-14.959,42.636,-44.869,-12.556,50.355,-12.094,11.807
51.974,-23.839,80.017,26.45,48.916,-35.835,83.039,-21.809,-25.755,-12.821,12.879,16.516
55.915,35.085,54.206,13.116,41.222,24.76,57.246,3.188,14.125,-55.191,-0.14,17.833
51.875,-29.701,9.59,37.853,19.841,-69.076,40.862,7.591,-14.421,17.147,-22.214,23.093
50.976,14.741,50.315,10.505,61.943,-21.077,25.645,-28.714,-16.322,23.467,-20.236,-5.686
51.644,-28.493,-12.933,-7.57,42.511,-50.456,21.718,-21.704,19.309,-0.538,5.856,-12.532
48.656,-14.966,-35.999,17.831,60.742,-66.765,-15.485,41.657,4.428,8.292,-30.627,-15.312
52.618,12.712,-8.734,-52.467,37.088,-21.107,31.845,-9.999,0.71,24.887,-35.888,-3.953
55.527,62.992,25.942,56.523,65.806,-29.289,19.268,-36.551,24.796,11.215,13.181,-11.197
52.735,10.265,25.965,-13.6,55.749,-31.657,25.039,-11.633,39.178,7.943,-22.057,-5.837
53.953,25.337,42.151,-36.135,50.402,-21.821,19.387,5.609,51.058,0.764,-6.903,-6.712
54.922,37.192,2.863,3.276,70.332,-47.815,-2.517,-23.077,25.48,11.649,3.594,10.933
57.657,90.579,51.747,-49.301,47.435,-10.758,-7.91,25.283,21.324,-20.858,-12.629,-3.219
58.246,145.683,25.085,-11.788,31.676,-22.945,-0.142,7.587,-10.672,-0.527,-11.717,11.904
58.193,153.92,36.872,-7.255,13.301,-33.012,1.515,-3.6,23.612,6.042,-10.679,1.356
57.479,141.073,51.471,10.106,14.333,-18.048,12.959,6.723,13.011,-4.687,-27.241,14.272
57.582,145.598,47.739,-12.377,32.818,-38.033,-3.811,7.23,-16.004,18.144,4.721,12.553
57.763,144.811,28.539,7.345,8.816,-14.814,-20.765,12.686,-16.444,-2.208,-20.077,-3.859
56.733,156.216,32.132,16.062,5.032,-13.519,-25.593,-2.691,0.947,23.25,-13.423,-13.741
52.63,122.707,-65.678,22.556,25.09,1.856,-23.386,-49.979,18.293,5.226,-54.746,4.174
53.9,77.273,26.116,-69.703,14.772,61.944,21.562,28.39,22.893,-9.479,24.137,-23.488
56.686,69.566,64.195,16.506,10.482,-28.303,7.738,0.916,-24.758,12.011,4.905,12.02
56.525,79.15,46.367,-2.023,-29.097,-48.087,33.552,20.209,-21.158,9.626,-0.425,-2.423
53.482,95.126,-0.335,102.083,4.157,-77.734,-11.323,-20.741,-15.408,-2.971,-36.977,9.775
44.323,107.339,-96.209,-48.942,68.835,-45.861,-6.929,13.316,-50.837,-24.099,-16.021,-32.651
50.639,12.695,-28.919,-13.447,30.08,-47.046,36.164,-28.881,-23.439,18.895,-0.937,7.415
49.829,-53.503,52.862,-25.069,32.869,-24.014,47.609,26.304,-24.115,-13.03,-6.029,7.783
47.679,-4.668,29.241,-64.429,16.917,20.179,49.554,-13.438,-13.806,-16.438,14.642,-15.155
50.32,-43.385,73.511,-3.99,37.69,-31.116,35.686,22.158,9.049,3.768,-6.654,-19.576
55.577,60.429,-17.773,61.098,53.957,-28.03,7.115,-25.926,19.785,9.631,1.762,7.037
48.566,21.659,-59.155,43.739,45.946,-40.334,-8.235,61.931,10.132,9.155,-29.732,10.441
47.177,-15.222,49.888,37.542,66.745,51.003,-1.562,45.6,-20.871,-18.774,-18.502,-13.972
45.416,42.506,132.135,-75.752,97.732,10.332,-8.613,12.139,-11.279,3.314,20.368,9.335
40.666,107.327,12.871,45.414,60.5,-23.857,-50.783,-50.773,6.117,2.713,13.812,-28.763
42.632,-27.65,-18.658,-9.324,47.344,-2.482,-58.137,-2.631,14.334,21.533,9.977,-5.031
45.3,-22.699,14.902,-43.636,73.399,12.365,-44.728,-2.107,14.274,20.66,-11.149,-8.284
47.425,25.702,16.262,-11.605,78.667,-12.568,-43.184,-55.294,10.552,25.075,24.409,-18.238
48.61,-13.411,51.414,-24.01,67.217,-30.674,-43.238,-17.841,20.207,6.604,1.365,-17.838
50.25,8.395,55.646,-0.957,84.09,-61.598,-44.846,-32.351,5.756,39.423,-10.052,-18.219
50.225,20.226,71.927,36.01,94.597,-43.452,-38.465,-30.082,21.782,13.48,8.265,-24.219
49.673,12.245,80.585,-2.122,94.744,-20.158,-37.674,6.502,33.785,-11.594,-17.277,-17.433
49.871,34.237,58.841,15.097,104.6,-30.473,-38.916,-14.396,23.859,21.546,-4.336,-13.465
49.643,31.587,52.281,27.56,105.439,-1.866,-33.796,-11.243,22.71,7.303,-0.15,-18.426
49.44,37.062,60.806,4.923,97.826,6.209,-26.571,6.634,18.975,-20.225,11.624,-22.222
48.155,16.761,63.484,6.557,98.97,-37.383,-26.945,26.789,7.69,-0.826,5.233,-2.825
47.504,13.767,35.416,56.31,98.224,0.94,-21.4,9.069,13.178,-38.226,-33.786,8.349
43.652,18.683,8.374,76.4,109.553,-22.886,-32.779,-39.601,8.789,20.517,3.041,-5.177
40.311,36.073,16.789,14.655,86.396,35.544,-41.978,25.393,17.204,-69.596,-52.251,-5.21
38.431,121.316,-56.858,84.54,43.034,-83.571,-89.129,-13.868,-17.448,16.667,-9.824,8.159
33.953,91.724,-49.193,144.136,48.372,-77.953,-68.373,-75.32,-18.768,12.308,-47.969,8.306
41.359,-156.529,-16.949,23.704,-32.724,-39.729,31.271,19.052,-17.893,-3.924,-1.446,-4.307
37.802,-113.923,74.761,22.807,10.449,-28.562,40.113,14.53,-7.407,-19.72,-10.674,-23.546
35.763,-109.638,94.15,13.704,29.033,-13.815,24.036,7.05,-14.642,-25.967,-7.407,-13.845
37.826,-195.089,-33.833,-32.058,-23.264,-66.112,19.699,10.943,-9.9,-4.29,-13.94,-3.814
45.746,49.169,6.047,226.936,42.393,-49.428,18.171,-67.232,-1.202,-5.759,-48.707,1.121
48.662,-40.683,73.553,-119.858,33.992,-12.167,42.227,91.848,25.424,-27.75,22.982,-0.238
50.793,77.345,140.427,-33.052,75.639,28.348,5.386,46.833,2.356,-39.558,-6.143,-22.211
48.338,61.717,130.575,-129.008,59.092,49.931,34.966,36.266,19.887,-25.207,-6.703,-2.644
52.023,73.666,33.375,134.226,36.653,-37.588,-20.547,-17.155,-0.335,4.557,-33.623,5.631
43.93,-84.91,2.119,0.09,-13.305,-64.901,15.091,35.837,-0.621,-10.717,5.968,13.78
46.664,-38.954,44.096,-115.161,24.323,-26.553,3.281,71.488,1.955,51.98,34.15,-0.486
52.34,106.554,-75.185,51.631,19.27,-15.761,-26.187,-48.169,28.491,-7.01,-47.46,7.187
53.173,130.757,84.309,44.848,56.192,12.377,23.858,-4.629,-8.118,13.411,-7.974,5.613
52.475,105.524,56.543,-51.26,53.366,-23.168,-7.848,4.465,-1.987,13.838,4.986,29.931
50.813,132.226,-13.839,-93.96,78.456,-24.136,-65.198,-18.733,16.946,-2.343,19.73,25.334
54.134,154.569,77.245,45.375,40.565,-24.667,-80.214,-7.107,-0.785,-0.098,-10.63,-8.052
48.225,97.599,56.97,159.56,77.998,-7.91,-35.506,-37.62,-14.192,-8.599,-14.829,22.846
43.703,-20.18,-61.587,-24.592,-9.201,-52.249,0.865,51.997,17.247,1.328,-2.175,11.988
39.889,-21.443,62.133,19.488,39.345,-52.141,7.024,4.529,25.861,-5.252,-2.775,-9.592
41.759,-126.378,-21.07,3.141,-31.58,-79.761,31.733,12.015,1.223,-17.94,11.245,1.989
39.63,-141.431,-9.375,4.336,-19.281,-66.179,25.741,26.595,-8.545,-19.152,8.276,-12.273
34.456,-83.772,71.073,18.725,18.281,-11.924,-18.949,10.772,-46.998,-16.609,-7.21,21.074
37.067,-193.539,-54.969,13.968,-23.296,-72.082,18.869,14.599,-2.094,4.607,-18.359,-3.509
44.531,55.603,-15.881,205.502,47.381,27.874,25.426,-49.78,5.795,-5.365,1.111,-1.721
47.383,-22.119,63.386,-166.66,8.553,-27.472,38.369,65.213,3.584,60.137,58.62,-13.242
54.321,139.689,120.335,28.779,69.141,-30.797,39.421,-9.148,-2.113,-10.456,-4.955,22.245
52.741,71.512,133.629,-9.406,44.103,56.452,10.102,21.827,-15.322,10.606,32.447,-13.486
55.51,106.258,108.172,8.658,37.675,-29.815,14.709,2.773,3.913,-0.946,-3.054,-2.523
51.514,76.202,49.002,138.748,44.378,-26.619,-14.838,-24.954,-12.878,-3.707,-31.491,12.057
43.254,-76.677,-9.963,5.243,-18.794,-47.553,16.839,18.455,7.268,-15.919,-5.651,3.838
49.47,94.384,21.056,-75.261,42.901,35.089,-4.792,-5.373,14.236,8.586,-26.924,17.266
52.509,25.16,14.19,-31.561,0.871,59.273,12.129,42.689,11.093,-58.227,-23.19,-21.881
54.133,169.037,110.457,63.155,58.906,0.913,12.842,7.282,12.715,-17.566,-23.159,-5.379
48.567,5.665,29.427,-48.839,36.124,53.74,22.461,80.043,7.352,-31.195,-43.304,5.323
45.117,96.921,100.699,-139.643,122.762,-24.834,43.732,-27.455,-30.373,12.244,18.877,-4.156
50.421,134.329,79.491,26.726,40.925,8.644,-95.825,-7.848,1.272,-6.247,-38.03,-11.687
41.594,12.674,37.729,-149.449,17.85,-14.531,-32.081,2.345,14.683,13.342,22.61,14.621
51.743,57.101,28.566,4.124,29.229,2.085,-12.235,-0.593,-22.417,-4.636,-16.494,19.85
45.815,-56.394,24.979,-18.124,64.985,-26.941,-6.485,3.106,0.948,-2.178,-5.099,40.89
43.763,-88.991,5.309,-75.935,97.116,-1.005,-4.469,21.009,-4.579,-17.292,10.753,30.122
49.659,-20.59,-66.761,8.575,32.554,-52.615,19.345,-23.434,-3.454,-9.931,10.782,19.388
47.812,-46.067,-30.266,-4.261,47.204,-17.86,0.039,1.907,8.75,-25.823,-13.264,8.502
43.633,-23.275,-48.264,2.146,56.248,-22.947,35.347,-43.148,5.832,-45.081,-10.654,3.359
47.007,-25.776,-81.945,23.035,17.916,-71.233,11.759,-29.407,-4.599,28.962,-9.019,18.92
46.273,22.14,-15.475,-17.144,26.448,55.438,34.329,3.543,26.697,-38.656,-82.215,5.388
41.277,-66.212,-18.561,30.194,32.765,3.424,26.304,-21.605,18.398,-2.784,-37.352,3.483
50.361,-39.597,-16.996,-47.278,32.875,-36.896,39.205,-45.633,4.898,27.359,9.24,13.543
51.215,-31.144,28.14,42.921,62.242,-35.011,31.369,10.006,24.733,5.702,-28.077,-9.617
51.633,-10.06,61.036,-11.97,73.621,-21.221,28.056,23.458,14.902,8.663,2.425,-61.42
51.507,6.244,33.567,53.964,55.177,-6.348,1.843,-4.32,4.237,6.209,-67.984,-30.098
51.541,105.539,27.629,-109.961,46.932,21.382,57.825,-15.414,24.996,0.128,14.651,-15.094
53.797,60.755,8.657,81.621,21.023,-31.342,18.278,-24.517,4.983,9.308,-32.676,-3.621
46.322,53.699,-11.793,30.529,32.365,-47.429,7.938,-17.383,10.444,19.078,2.04,-16.195
42.661,75.109,75.104,44.325,79.684,-29.826,-16.926,-24.643,5.97,-28.886,-12.792,-1.911
47.988,5.196,-69.114,12.378,18.204,-45.027,25.664,-7.076,0.991,-5.071,21.625,25.673
45.677,-8.197,-28.297,8.069,29.679,-13.368,24.834,-2.601,22.19,-12.258,-14.365,-0.277
53.583,64.982,-19.369,-65.367,11.571,3.098,7.275,2.384,6.312,-2.653,-28.687,-0.288
51.7,94.222,81.921,-110.158,24.944,45.131,47.713,24.857,16.499,-20.457,-15.462,-7.116
53.914,121.469,65.165,57.847,10.627,-6.209,44.91,-8.894,-5.305,-6.4,-58.724,28.318
50.044,51.83,36.169,-92.015,15.502,40.275,35.337,47.7,24.502,-1.031,-0.884,5.001
54.318,168.403,48.105,-12.37,-0.465,17.335,-27.471,-23.143,18.153,10.923,9.85,-36.23
52.987,183.57,22.81,-5.737,-22.229,-22.471,-39.86,-16.259,34.012,6.848,-23.213,-28.233
50.993,56.94,-3.613,124.789,24.001,-58.029,5.361,-42.32,-6.652,13.054,-28.666,11.573
44.681,-48.329,-88.071,-19.246,-4.641,-106.711,13.4,-40.707,-17.692,42.205,-2.792,8.697
51.602,71.385,30.979,-55.613,39.984,9.39,35.913,-1.33,-1.767,-15.684,11.249,-9.597
53.569,83.259,15.34,23.652,37.413,-17.213,25.112,-13.958,-11.378,-3.408,-50.058,9.8
45.759,5.005,-12.814,30.571,12.786,-74.946,20.809,-19.104,10.09,14.427,-10.887,3.165
42.244,27.531,-55.135,19.368,44.202,-57.812,19.085,-47.368,-30.454,9.267,-8.594,8.304
46.601,5.865,-91.452,25.159,5.64,-79.153,6.443,-8.426,12.538,26.829,-22.509,31.989
44.472,19.648,11.969,-101.975,19.398,8.92,36.404,30.181,35.052,2.116,-55.242,5.331
41.604,36.19,-57.965,-57.421,66.951,-62.337,51.853,3.451,10.117,-13.257,0.177,-5.133
49.107,-9.973,-23.567,60.736,64.837,11.388,-3.972,-8.828,33.972,-25.909,-68.039,27.866
51.336,37.391,7.739,-72.951,30.255,43.753,65.338,25.585,31.967,-6.663,62.184,10.764
55.865,135.816,52.429,5.772,-9.812,-15.582,9.694,-3.306,1.64,-9.973,-0.329,-1.882
55.685,109.55,77.917,33.646,-4.018,-39.571,37.39,-19.242,2.553,14.874,-15.812,2.711
51.637,75.945,50.168,-67.185,35.119,-24.275,50.621,-11.701,-4.714,40.621,-20.794,-7.706
54.821,89.507,63.281,-0.172,20.155,-35.282,36.829,6.806,-13.443,10.136,-12.975,-5.261
55.115,79.448,48.8,31.54,10.378,-1.78,27.277,-7.582,0.353,-9.202,-36.978,5.853
49.859,10.106,-12.24,24.117,15.567,-41.766,21.192,-10.014,5.334,-6.517,-8.966,-7.722
46.339,52.569,1.97,27.66,30.74,-26.707,23.793,-27.157,7.274,-7.446,10.453,-16.494
41.822,63.718,77.551,36.53,77.43,-58.473,-11.258,-43.768,-24.987,38.803,-23.344,8.143
47.421,62.704,29.77,44.609,65.789,-33.633,7.039,-21.153,-8.087,7.078,6.103,12.808
45.816,41.717,9.509,45.253,53.549,-26.813,19.107,-37.265,13.212,0.288,2.495,-3.316
54.299,105.165,73.661,-10.651,68.268,14.257,5.548,23.195,0.778,19.961,-0.474,19.092
53.622,151.311,55.467,26.063,47.192,7.64,-26.323,-16.906,-8.816,-7.3,-22.851,4.056
52.262,117.845,68.732,99.47,37.228,-25.314,-29.495,-14.564,8.663,-3.609,-63.272,-0.015
44.451,-59.412,-2.707,-37.688,62.92,-26.056,-23.588,-0.369,4.293,-16.873,13.828,49.799
51.902,78.539,35.155,-30.31,26.784,-16.191,-53.748,22.974,17.208,-19.975,11.462,5.841
52.623,134.724,36.89,-40.044,18.0,-21.574,-96.823,-5.813,27.588,9.602,-2.687,-15.181
53.039,86.492,84.228,8.762,19.755,-16.732,-28.301,-38.181,-31.376,13.2,-12.25,-10.949
54.36,94.888,101.187,-1.509,36.355,-35.503,4.705,21.266,-47.41,0.294,2.193,-13.313
54.136,152.462,68.257,25.279,8.648,-14.851,-34.587,16.94,1.154,-0.618,-17.341,-6.693
43.948,67.29,-26.968,4.852,28.736,-77.603,-67.437,-52.789,-5.448,42.305,-8.414,-8.638
42.696,37.764,-47.873,19.297,35.856,-13.123,-47.409,-65.458,16.54,-25.755,0.496,-14.394
42.661,19.793,21.026,-86.397,19.909,-31.894,-23.928,34.674,10.862,-10.37,14.474,-8.197
42.955,83.547,-31.501,34.309,18.623,-93.634,-37.416,-32.633,-8.369,37.354,-15.473,5.119
42.276,86.986,-26.872,22.209,10.918,-76.987,-43.954,-40.398,-0.349,33.048,-29.019,2.585
45.787,86.949,23.165,-41.722,35.233,-12.028,-20.005,-11.191,41.501,11.598,12.126,-38.498
51.154,8.101,-41.008,-8.024,2.323,-38.519,-7.98,-16.963,-7.918,7.65,-14.584,4.597
48.048,-31.763,-41.446,-8.596,16.648,-53.873,-9.545,-27.639,-0.122,14.235,-12.661,25.347
47.375,29.747,-44.973,-60.372,28.026,-24.976,-4.861,2.522,10.057,-59.522,9.55,5.308
49.901,40.106,-22.413,-30.012,27.377,-27.112,-8.298,1.667,-0.005,-14.37,-7.161,0.761
49.215,18.776,-73.983,2.719,7.104,-64.145,-6.676,-20.888,15.572,11.865,-20.468,23.935
52.3,58.689,-28.692,81.803,29.806,14.34,5.036,-21.03,3.28,-1.324,-16.748,-3.898
50.338,14.548,-54.923,-45.192,31.951,5.375,34.399,-29.414,-12.765,8.191,22.171,-8.39
52.179,42.712,2.495,-36.482,11.825,-28.314,7.864,26.277,16.132,-12.149,-1.726,-9.492
54.983,101.239,14.825,-57.711,38.912,-43.373,-16.963,1.002,34.246,13.851,-1.673,-5.938
56.997,70.657,50.047,16.506,56.137,-39.61,5.31,3.796,6.256,15.502,-14.076,14.124
52.462,-6.986,31.09,27.966,67.905,-26.134,15.844,20.067,-7.51,-10.108,-34.265,0.587
53.756,63.755,35.423,-55.778,37.558,57.77,23.935,18.602,16.183,-26.101,-8.204,-16.869
52.654,78.508,-18.954,-48.289,56.457,-36.281,1.097,1.401,16.41,-0.726,1.213,7.786
54.58,128.883,60.381,-14.686,17.376,-23.01,6.739,28.552,-21.57,-11.326,6.921,13.61
49.537,25.564,-42.666,5.999,-17.593,-58.944,16.11,-10.432,-0.248,2.061,-7.292,13.414
47.012,-1.398,-24.118,17.115,9.406,-28.365,24.264,-23.03,9.461,11.202,1.771,5.537
48.136,26.535,-34.226,-42.584,16.461,7.253,34.15,-2.096,5.18,-11.079,14.865,-7.183
49.394,41.925,-70.123,-29.277,1.96,-77.539,15.032,8.765,-8.743,16.039,2.722,34.869
50.905,-28.217,-9.571,-29.993,78.124,-58.626,5.303,4.474,30.544,11.924,-10.14,-25.929
54.819,55.185,43.074,27.992,65.561,-5.838,25.618,-15.183,12.116,-1.086,2.691,-24.853
51.311,-7.945,-29.438,32.353,31.258,-39.857,-8.001,7.565,42.739,5.324,-55.479,-20.718
47.554,45.422,-7.398,20.349,8.548,-50.503,28.471,-15.849,1.814,40.147,-31.197,1.269
43.553,40.983,-42.171,-21.46,23.413,-40.015,33.642,5.25,-5.406,-26.272,-30.144,-6.372
48.335,55.295,-5.527,-3.614,15.288,86.59,57.017,4.439,15.55,-39.517,-26.123,6.861
43.671,-24.544,-91.57,29.908,-2.644,-84.368,5.072,-26.655,-20.756,29.801,-1.613,-1.3
47.993,62.299,-13.632,3.022,16.195,-29.617,30.843,-5.906,-3.76,42.696,-22.127,-1.639
44.538,-30.659,-93.812,4.102,-13.743,-100.445,-1.994,-29.05,-24.113,35.87,-12.334,-3.935
47.472,69.544,-30.958,-35.606,13.795,-33.308,0.534,-16.807,24.682,20.21,8.247,-37.139
50.008,42.18,-22.04,-24.26,9.571,-14.265,-3.597,11.99,16.378,27.535,-26.009,2.124
47.528,18.266,-13.999,-89.609,31.719,-35.391,0.766,20.393,10.644,-1.072,6.534,17.843
49.565,30.432,-59.461,-3.983,7.793,-47.319,9.498,-6.976,3.339,10.707,2.922,26.688
51.15,66.411,-15.28,3.466,28.793,40.844,14.387,4.274,13.797,-10.466,-36.39,3.411
50.786,42.771,-35.714,-57.193,30.674,-16.172,18.292,4.67,-8.326,32.234,32.274,-3.496
52.546,74.081,6.384,-40.194,44.807,-43.44,-3.742,19.268,43.021,14.872,-16.745,-5.238
55.412,107.703,26.849,-42.882,31.616,-18.663,-8.722,12.119,19.122,5.737,-7.177,3.211
56.37,75.516,41.226,21.373,41.424,-39.312,0.111,27.551,-2.531,18.914,-30.737,1.145
53.042,27.063,45.433,-11.841,61.961,-28.62,-0.234,20.443,-14.295,0.736,-15.339,-26.761
50.251,4.762,0.102,59.06,36.056,-45.455,-18.221,6.575,-23.587,24.056,-29.434,-9.921
53.735,113.064,35.228,14.24,16.209,24.591,66.93,-2.759,10.021,5.306,20.175,-4.152
56.536,156.949,32.234,21.879,-22.915,-17.538,-8.16,-38.883,12.1,-17.801,-16.421,-15.285
53.186,132.723,-1.835,-48.611,-6.068,-14.607,-16.693,27.99,40.966,-23.874,-0.409,-32.617
54.095,163.051,58.085,-8.782,1.012,-15.047,9.123,-13.431,25.086,24.783,-14.524,-13.567
48.994,131.289,54.148,-28.224,8.878,4.18,-8.54,-19.047,-23.579,8.296,-13.771,26.976
51.411,2.847,68.265,38.531,50.746,-25.981,-26.341,-13.184,18.93,8.804,-23.557,-32.507
45.442,45.047,-16.683,41.96,48.903,-69.151,0.86,-0.809,-12.397,16.479,-5.572,43.318
51.337,124.494,86.282,-115.574,76.909,28.819,43.593,37.359,-21.226,-1.866,-4.392,-0.211
55.491,143.931,74.063,33.392,28.242,-18.547,29.319,-3.913,2.975,-10.735,-32.995,44.624
53.405,62.03,59.187,-62.256,48.195,-22.612,34.308,21.857,41.259,-2.197,-1.369,30.843
52.954,63.514,-10.144,109.902,34.056,7.507,32.025,-33.905,-13.359,14.977,-37.74,44.036
50.082,71.112,23.981,-77.275,12.864,16.772,-16.41,28.887,12.85,-18.234,11.116,-14.565
52.47,64.281,71.21,-19.81,11.825,70.421,6.525,35.112,18.533,-9.339,37.005,-35.185
51.881,44.041,61.724,-34.214,46.967,-0.542,-1.351,-4.172,14.239,16.01,-10.544,-23.639
49.56,-7.697,-74.024,21.38,13.334,-62.64,-6.22,-11.759,-3.156,2.028,-12.071,18.166
47.927,-5.287,-16.476,-59.797,16.497,-5.09,8.708,9.897,14.605,-1.495,-8.631,-0.872
47.938,-19.029,-13.053,20.625,24.993,-7.806,-0.359,-4.998,8.637,-13.857,-34.794,-4.663
46.995,-12.406,-87.047,9.936,15.404,-62.69,12.829,-18.751,1.213,26.749,-1.963,28.662
45.356,-7.521,-29.268,-34.924,33.516,28.659,19.625,18.786,17.093,-48.504,-68.129,14.083
49.798,89.497,-38.754,-69.05,38.423,3.552,10.13,-76.359,15.854,-21.212,-14.979,6.545
50.936,-55.575,45.205,-56.834,53.059,-39.371,17.956,19.615,-30.813,-15.487,14.047,-5.67
52.431,-16.191,32.158,7.381,49.052,-21.757,11.284,17.241,-23.819,-8.171,-31.826,10.45
48.811,105.743,-45.103,-37.198,33.898,-32.452,15.359,-8.492,31.23,30.2,-8.095,8.346
52.585,32.584,14.176,-47.618,73.423,-14.782,-12.961,5.657,33.799,5.461,-7.836,-8.233
53.701,22.031,53.795,-16.184,42.203,-24.423,-1.537,-9.907,35.985,9.806,-6.431,-18.224
57.577,70.878,16.208,41.896,37.071,-60.887,0.578,-25.059,13.242,25.79,-17.401,2.558
51.745,9.836,-40.657,57.423,12.13,-30.631,-7.522,-0.806,25.973,16.269,-38.281,-7.78
44.536,119.564,-71.036,-114.99,64.092,-11.681,43.426,-19.858,-13.157,7.919,-25.063,-15.114
51.329,-24.375,55.925,65.228,65.313,-39.768,3.64,4.473,-3.095,-14.55,-15.483,-12.601
48.536,-61.57,61.723,-39.384,77.16,-32.416,54.127,22.991,-6.316,-0.899,-9.447,4.841
49.916,-39.291,19.233,13.648,45.499,-12.65,44.301,27.34,4.967,-13.604,-37.755,0.584
50.132,-20.191,-35.244,-5.803,38.884,-30.479,-4.42,-0.097,10.866,15.557,6.575,-21.394
55.389,69.126,6.177,71.935,61.395,-37.802,-10.806,-26.028,-0.157,15.431,-18.825,-12.831
50.046,-27.499,29.234,-16.229,46.885,-29.193,-10.335,-12.636,30.296,36.265,-25.029,-25.726
49.324,-40.889,14.673,-26.361,38.688,-14.426,-6.614,5.002,35.299,22.888,-33.504,-20.164
48.592,-57.11,13.405,-23.888,46.674,-30.872,3.133,1.509,20.963,11.375,-25.378,-30.003
47.376,-53.482,-1.017,-15.508,59.571,-31.76,2.057,7.494,13.994,8.103,-22.916,-29.064
47.918,-41.716,6.635,-46.099,68.668,-18.126,7.218,29.829,13.613,-0.911,-26.917,-26.415
46.59,-60.747,-13.239,-35.363,68.848,-44.856,14.72,10.885,21.921,14.523,-10.997,-19.417
46.222,11.329,-51.053,52.849,41.138,-62.058,0.347,-13.349,16.866,36.615,-39.585,0.986
49.109,64.432,-26.055,-44.905,36.686,116.398,38.951,40.535,16.083,-51.95,-27.732,12.003
44.188,9.566,-100.547,7.378,-1.058,-97.34,-13.616,-10.973,-1.876,15.751,-25.043,8.31
46.634,86.765,-56.538,-4.832,40.059,-49.273,23.444,11.506,8.276,42.713,-15.809,-4.586
49.077,88.818,-17.999,-90.24,38.936,-50.036,31.28,18.234,10.661,53.123,-5.114,19.385
50.758,58.835,-38.147,-6.192,-20.956,-42.533,18.12,8.996,-23.692,10.605,-6.833,22.49
50.653,105.023,-21.952,-0.658,-11.618,-22.002,33.712,-8.158,-7.703,5.397,-11.164,1.668
48.583,53.902,-38.88,-1.758,56.621,-28.162,21.88,9.504,17.233,10.783,-49.884,12.78
45.857,42.42,-49.528,-60.627,60.94,-41.027,3.98,37.31,-22.845,-18.977,10.969,2.664
48.699,50.626,-93.497,-8.016,30.53,-74.329,12.748,20.093,8.208,13.709,-6.874,17.134
46.071,39.489,-62.053,8.461,39.867,21.196,30.514,4.861,1.334,-26.265,-79.85,14.603
46.228,-50.494,-54.247,-114.057,21.769,35.499,15.003,42.693,20.276,-23.37,-15.703,29.212
51.114,9.035,-29.677,-53.479,0.339,-1.041,-42.973,-11.799,19.281,-18.27,-3.61,-14.013
52.839,13.322,1.217,-34.887,39.442,-23.678,-36.581,-7.283,-3.675,3.125,-7.328,-14.067
52.894,36.642,-1.427,-5.566,67.859,-32.737,-10.102,21.422,-14.689,-0.646,-30.303,11.793
53.088,32.275,3.11,-44.996,69.831,-20.168,-29.314,4.393,17.782,-6.406,10.064,-13.539
55.082,66.278,31.594,-12.352,49.122,-20.757,-11.09,-14.301,47.794,3.77,-2.542,-8.841
57.197,76.23,4.632,46.204,32.798,-59.854,-7.862,-22.554,5.025,18.075,-27.98,3.519
49.546,59.233,-80.877,30.575,28.647,-51.792,-23.354,40.443,6.119,9.371,-10.287,-7.951
23.214,126.13,-130.269,348.386,13.969,-231.549,-44.98,60.638,20.763,-47.86,13.523,-10.425
53.803,79.251,25.719,-26.186,41.84,-9.333,-63.674,-21.171,19.224,11.406,23.102,-9.922
53.811,53.86,52.033,6.298,33.57,-15.899,-27.105,-19.527,-4.22,4.455,-24.444,-4.015
51.672,34.091,-19.315,-102.57,22.459,-72.506,2.433,-19.854,-22.745,49.697,7.245,-1.085
54.807,61.369,3.385,-43.656,-1.526,-40.295,-34.197,4.065,19.146,19.996,3.79,-29.601
56.114,100.071,6.484,59.169,18.813,-47.641,-50.563,-6.7,2.364,-3.076,-34.806,3.275
50.91,49.417,-16.025,-46.762,-8.955,-28.106,-89.283,-17.132,7.151,1.569,5.689,-4.469
52.542,62.093,-25.794,-51.443,-10.436,-13.936,-61.08,-14.637,17.711,11.152,-8.84,6.188
52.371,74.766,-11.087,-31.096,-24.429,-6.197,-63.844,-12.645,5.596,0.677,-29.947,-31.055
45.294,102.075,13.828,-14.25,15.211,12.533,-17.733,-18.365,21.646,-17.209,-24.743,-22.498
48.659,45.196,-37.581,-26.555,53.098,46.17,-25.884,-33.42,9.168,12.567,3.515,-1.711
46.919,18.901,-32.668,79.452,52.484,3.217,-34.133,-38.682,-5.869,12.261,-66.595,3.709
47.142,52.91,-1.235,47.298,75.408,61.724,-12.666,-36.678,10.593,15.38,-71.476,0.442
52.214,66.046,49.27,-50.241,63.569,36.379,23.73,-7.07,-8.707,30.677,59.635,5.313
55.948,101.123,25.92,31.06,46.683,-18.767,-17.82,-41.545,6.499,-3.321,-14.433,26.505
52.577,76.572,-26.883,3.835,-2.753,-33.587,14.43,4.252,-16.637,-11.193,-3.249,7.887
51.546,35.819,-43.704,-0.052,41.615,-44.984,-9.951,0.43,-0.145,24.744,-28.772,27.049
51.317,8.16,-17.817,-1.937,40.705,-28.243,-6.533,44.967,-13.139,4.237,-28.599,-19.024
53.213,96.847,-44.548,105.444,46.773,-56.098,2.415,-1.631,-9.079,-4.111,-43.276,17.457
46.049,-2.975,-4.134,0.231,18.567,-2.669,-27.949,-10.529,22.595,1.138,-35.739,-7.861
47.226,-21.883,-72.943,-49.054,18.034,10.495,20.618,31.881,13.855,-22.011,31.664,33.508
49.867,-41.105,-10.567,-57.165,34.058,-33.348,-9.066,-29.324,13.758,22.329,0.002,-1.008
51.708,-37.615,47.98,-11.887,54.545,-35.873,32.219,11.67,35.061,0.421,-7.372,15.411
50.54,4.393,34.063,-33.983,59.63,-20.574,54.856,-48.36,-20.014,61.523,-12.823,6.231
51.391,-29.241,86.859,31.256,53.151,-29.488,97.336,-17.007,-25.531,-28.464,9.936,5.359
56.112,53.763,28.829,31.6,44.331,12.092,69.837,-2.604,8.522,-46.874,6.759,26.55
51.939,-29.271,28.304,50.389,31.385,-29.703,65.551,3.827,-12.268,-12.977,-37.063,30.18
49.35,9.329,43.657,-26.853,67.116,9.913,52.403,-30.147,-5.464,-25.698,-7.336,-12.841
49.547,-69.2,37.059,-20.025,74.421,-31.594,24.234,26.721,6.388,-10.229,-22.479,-7.142
48.59,-24.904,-29.779,14.406,82.921,-32.557,5.713,50.965,10.699,-9.891,-35.157,-15.772
51.753,12.324,-11.62,-90.244,54.218,-21.965,35.276,-15.716,-11.846,18.849,-38.111,-4.091
53.169,-9.715,3.248,-2.204,53.83,-66.472,42.702,-2.848,18.143,16.125,-1.731,-26.006
55.332,59.618,23.995,52.677,67.671,-16.467,26.029,-36.144,30.893,2.813,17.493,-16.087
53.002,11.104,21.262,-16.227,60.395,-26.506,22.972,-9.16,40.766,7.251,-24.648,-1.631
52.67,3.68,49.56,-75.957,48.028,-35.45,25.789,43.525,50.323,7.349,-9.196,-7.107
55.9,68.093,28.897,-22.502,60.637,-42.703,-0.923,18.944,37.758,-0.686,-7.371,-3.859
55.597,94.805,17.18,10.916,53.107,-61.777,4.437,13.562,24.031,13.112,-24.369,-3.788
53.713,108.42,10.314,-31.386,56.259,-26.427,5.047,14.16,-9.026,-12.521,2.987,-3.519
56.609,122.726,-12.853,41.431,-0.183,-58.858,-34.16,6.938,-11.199,6.648,-11.113,4.396
51.54,116.231,-25.119,-27.43,29.714,5.475,-18.255,5.585,17.307,17.358,-25.458,-19.362
48.506,59.7,-88.134,20.158,-0.169,-28.185,-19.092,-20.524,7.245,9.103,-34.584,-2.876
53.897,80.456,-7.003,-26.421,-1.03,-26.36,7.482,16.755,13.916,-3.335,13.488,-18.67
52.424,89.805,-10.232,0.971,5.016,-19.157,-39.988,-21.623,8.486,-8.595,-43.756,-44.17
51.728,70.73,1.506,-52.725,48.218,-5.2,-1.694,10.299,4.669,29.013,-11.963,-12.991
53.378,58.29,-11.471,9.484,2.561,-41.536,17.411,19.673,11.435,23.238,-12.022,-0.522
51.761,85.667,-37.477,119.921,22.953,-72.49,-4.381,-12.852,-1.951,2.854,-36.132,9.672
43.645,109.192,-108.426,-57.638,76.7,-45.065,3.215,3.665,-58.622,-25.859,-6.572,-35.248
49.997,1.932,-70.403,-25.304,25.004,-69.01,27.504,-28.471,-24.818,17.351,17.537,18.767
50.413,-26.636,4.629,-1.997,34.995,-46.151,42.429,3.267,5.408,4.572,-15.302,-6.609
49.918,-58.392,49.462,-13.575,34.015,-21.034,49.731,27.644,-23.414,-13.154,-8.882,3.945
47.165,60.88,-15.734,-4.016,12.422,-25.431,49.089,-26.375,-3.231,-20.833,-1.761,-4.316
50.581,-38.056,54.459,-2.953,54.391,-23.358,33.202,10.616,11.811,4.22,15.092,-16.898
56.087,68.014,-19.742,52.088,55.852,-59.731,-0.433,-24.184,11.861,21.216,-21.747,10.69
50.763,10.902,-43.694,29.572,52.551,-19.5,15.809,38.927,0.754,-0.677,-37.664,16.814
44.613,123.087,-67.25,-99.724,43.889,-9.477,45.311,-45.181,-1.651,29.41,-32.339,0.441
49.357,4.004,36.412,41.185,53.296,2.84,-4.771,65.6,-16.875,-12.292,-21.403,-9.981
47.978,12.795,70.068,-92.051,55.301,-6.678,25.452,10.325,-1.31,19.076,9.069,7.828
52.383,29.077,25.866,45.724,33.284,-28.391,42.693,2.484,-4.963,-3.317,-31.627,17.685
47.192,6.687,-89.454,-6.261,15.849,-66.265,-10.149,-57.526,4.564,37.224,19.504,-5.613
48.423,-19.381,-41.477,-26.438,43.861,13.759,6.1,-3.648,28.342,-10.658,-15.133,-19.814
54.804,67.245,4.86,67.935,60.336,-48.419,-8.26,-30.487,-6.624,18.756,-15.281,-2.479
50.821,-7.106,31.69,-17.716,57.682,-67.602,-21.58,-27.869,13.519,45.873,-15.448,-27.119
51.808,-22.413,-6.593,-21.113,35.311,-56.098,-1.537,-0.931,38.821,22.334,10.826,-24.41
50.842,-6.295,21.187,14.193,43.179,-71.39,-9.34,-25.476,21.512,47.993,-26.691,-31.738
51.553,-3.999,22.332,-33.421,46.697,-34.71,-10.133,21.854,45.111,2.453,-8.065,-27.894
52.072,36.63,-4.647,-27.511,36.57,0.183,-29.106,-9.387,28.06,-13.317,-25.468,-14.345
56.479,84.512,-37.333,49.894,17.157,-41.686,-34.102,-14.753,-0.561,13.368,-15.721,17.791
55.034,60.011,9.533,14.332,46.007,-44.588,9.284,-22.844,1.796,11.08,-17.08,25.392
52.22,55.912,-11.145,50.698,33.547,-50.26,-10.053,10.369,-11.614,16.61,-29.585,13.036
49.797,77.617,-10.711,20.465,35.32,4.27,-58.315,93.464,1.922,9.284,-8.468,-24.973
43.392,86.512,-55.473,117.605,24.798,17.509,-65.059,43.272,10.924,-0.998,-71.953,0.801
20.654,92.896,-35.445,45.025,44.732,-43.159,-50.758,-12.257,11.548,2.189,-20.846,13.107
11.237,114.115,-39.479,23.827,30.88,-23.037,-47.397,6.825,0.484,8.1,-10.444,13.752
2.641,144.309,-10.518,2.844,51.304,-48.992,-19.726,23.689,-13.489,0.247,-5.115,-10.946
