0.0,171.13,9.469,-28.48,57.491,-50.067,14.833,5.359,-27.228,0.973,-10.64,-7.228
37.034,-139.057,14.816,67.502,25.582,-67.342,8.01,-21.903,-19.579,22.361,-5.006,22.703
36.249,-141.508,-4.991,-3.515,14.545,-30.794,-8.849,-35.661,-37.796,9.538,-0.615,27.58
40.696,-43.905,8.043,-15.27,36.317,18.38,-29.973,2.838,6.582,-27.822,15.178,-21.037
46.21,56.355,47.375,11.196,32.642,-26.565,-21.728,-13.779,11.04,1.796,-9.325,-0.21
43.368,10.57,70.257,-21.184,27.595,-25.827,-18.886,-24.969,12.155,9.735,-1.479,-21.742
44.719,-10.369,79.965,10.635,14.149,-33.108,-30.849,-5.038,-16.837,-3.8,-8.966,25.479
47.023,58.006,72.552,27.229,49.514,-20.681,-29.47,-18.466,14.619,-3.733,-2.605,-27.046
46.783,55.755,80.046,1.496,51.734,-33.75,-21.963,-21.675,12.433,4.135,7.108,-4.676
46.037,63.966,58.531,36.685,55.633,-33.794,-34.817,-18.545,11.724,-2.522,-14.784,-7.068
44.481,48.579,37.901,12.125,38.77,7.229,-26.953,-25.345,18.696,-23.47,12.219,-9.844
41.235,-18.095,35.524,-4.269,35.363,-19.004,-34.755,-10.079,8.165,5.357,-17.574,0.095
42.697,18.382,43.404,-14.1,47.404,3.959,-15.853,-15.623,22.157,-42.759,11.957,-6.943
45.714,61.528,70.354,21.939,41.831,-35.619,-16.527,-13.805,14.735,8.83,-13.032,-14.998
45.02,55.182,44.166,15.999,47.665,-36.313,-22.729,-25.17,5.336,-1.852,-16.561,12.448
41.76,21.736,59.461,-20.594,25.657,-24.594,-47.032,-2.396,-14.162,-12.353,3.197,-16.212
45.338,85.776,40.411,9.6,57.871,-31.722,-24.404,-10.493,15.408,2.099,-7.355,13.005
43.447,-0.923,5.243,-22.091,15.231,-39.686,-6.847,-11.921,-5.32,20.214,-0.31,20.751
46.653,116.436,-31.753,-69.71,46.212,-17.005,-17.607,13.831,13.36,-48.212,6.899,17.059
48.964,-28.897,54.689,-3.895,46.272,-13.816,-18.411,-3.345,13.366,-13.918,8.287,19.793
49.453,-4.563,95.629,5.565,7.086,-40.547,-31.086,13.24,-40.687,-21.636,9.695,6.296
49.287,111.877,3.293,-20.726,14.262,-19.543,-53.268,23.217,-5.651,-23.249,-19.272,-0.808
50.786,35.267,60.804,-8.61,35.155,11.929,-32.313,2.086,-18.709,2.521,3.244,-17.179
48.744,38.083,-0.374,-28.12,38.611,-40.109,-24.931,-2.852,-6.271,-9.868,5.307,24.225
49.504,50.107,6.902,-39.69,32.081,-30.712,-30.8,-5.759,-8.688,-2.045,6.921,13.357
51.303,74.251,36.26,-3.857,27.228,8.384,-54.02,-23.952,-16.227,-12.783,-33.828,-11.536
47.155,-17.805,-3.924,-24.83,18.777,-34.295,-20.054,-1.54,11.727,-2.761,5.097,5.284
49.929,51.337,7.914,-35.749,33.415,-14.921,-60.065,-8.165,14.49,-12.043,13.363,-12.189
48.274,12.638,-10.204,25.306,19.154,-21.502,-65.952,-55.298,-0.118,5.596,-24.478,-7.251
47.99,4.978,23.04,-39.908,46.431,2.29,-17.544,-2.35,11.15,-15.294,32.382,11.549
48.289,21.36,11.607,9.882,54.243,-35.095,-31.52,23.962,6.537,3.566,-12.185,14.066
48.021,-0.216,14.655,-3.207,66.865,16.905,5.955,-15.342,3.511,12.306,-11.077,24.158
47.673,-20.717,25.428,-2.32,31.834,-29.018,18.57,-20.659,-20.356,-20.309,-0.963,23.054
47.628,11.797,8.439,-23.543,26.416,-45.74,-21.473,-2.515,5.27,7.676,6.656,7.249
47.489,-7.824,53.439,27.833,26.765,-25.345,-20.201,13.426,-0.866,-3.532,-19.322,-5.663
43.06,13.253,6.408,-42.747,12.773,-38.769,3.291,-7.087,17.428,17.216,-2.562,11.798
44.757,-26.338,3.641,-29.197,3.686,-37.007,-21.057,-5.237,-12.035,0.275,-10.264,-11.314
43.362,-61.875,18.9,-8.805,-15.155,-36.505,0.894,0.994,-2.028,6.63,3.781,-8.312
45.122,44.661,46.188,26.7,23.152,-34.176,-16.259,-39.771,6.563,-10.424,-20.321,6.906
44.661,40.537,58.42,21.322,52.141,-33.627,-16.618,-13.098,6.484,-6.181,-16.979,-4.222
41.523,-5.436,47.845,-16.994,36.516,-20.463,-12.889,-30.101,-7.261,11.916,-11.936,-13.656
44.108,44.658,63.098,12.081,42.752,-32.411,-13.668,-27.491,14.553,-9.768,-1.549,6.156
42.36,9.255,74.858,-7.671,33.015,-31.497,-24.803,2.973,8.121,2.284,4.578,-6.081
44.757,51.87,61.068,13.378,29.018,-35.902,-53.371,-12.364,-3.017,4.786,-2.719,-1.267
43.377,31.153,69.022,-10.71,32.191,-22.858,-40.685,-17.195,9.15,5.851,-6.824,-9.33
43.378,19.895,82.507,-0.891,11.163,-31.161,-6.563,-3.06,-14.76,2.136,9.463,19.817
46.441,21.646,93.976,-53.986,15.721,-9.705,7.011,-35.093,-2.089,3.088,-10.75,-5.658
47.283,51.481,-30.473,-47.663,19.842,-34.108,-48.122,5.277,-10.153,-7.8,6.382,14.589
48.228,-31.447,44.797,20.806,46.46,-1.569,-14.973,-15.115,-26.861,18.888,-38.035,18.572
47.715,-7.331,51.005,-12.165,39.321,-16.386,-12.493,50.547,-3.387,-24.75,-7.165,7.684
48.59,61.773,73.003,-81.259,6.979,-18.687,-21.387,17.525,-24.859,10.383,9.266,0.646
51.306,98.117,19.643,8.872,-11.509,-16.299,-60.917,-38.961,-11.359,-2.347,-20.677,-4.069
51.235,87.319,69.848,-38.218,60.939,6.352,-21.672,9.326,8.45,-26.126,-4.202,11.233
44.111,19.021,43.967,-28.076,25.658,16.244,-17.072,-7.224,3.347,-23.463,-14.87,13.817
45.133,98.326,63.104,-18.353,39.614,-15.078,-23.212,-1.088,11.381,-21.137,1.172,23.912
47.15,53.409,29.312,-41.154,33.633,-38.191,-47.873,51.746,16.34,13.69,6.83,-4.54
45.09,73.283,63.988,-7.644,6.386,-4.848,-36.28,-17.427,3.294,-13.05,-20.65,3.028
46.818,4.862,28.028,-25.115,11.027,-26.995,-47.402,0.134,-3.217,-3.166,-12.051,-10.005
44.453,-48.509,-11.786,-15.553,36.501,-28.73,-25.563,-5.547,10.664,10.313,-19.282,5.392
42.626,-57.147,17.702,-6.115,45.292,-31.165,-12.699,18.422,-2.409,-2.785,-14.022,12.785
46.041,141.786,51.838,-4.589,56.352,-0.025,-44.758,-38.742,33.57,13.01,10.245,-2.222
47.147,11.964,-3.668,-27.196,32.564,-33.558,-35.314,-28.923,5.946,18.492,-14.498,4.406
45.447,-48.508,3.209,-14.693,36.197,-31.352,-23.611,-4.716,17.622,7.488,-10.459,0.79
44.066,89.618,44.732,-44.796,30.418,29.755,-12.87,-31.259,25.451,-49.216,-14.006,-4.588
44.596,-62.959,38.687,-5.914,15.834,-20.062,-2.593,1.816,-19.927,8.469,-13.749,-18.832
43.382,-25.708,13.751,-30.957,-3.552,-26.86,-22.422,18.654,-0.805,-9.071,7.739,7.368
42.895,-16.166,79.171,23.221,24.086,-20.312,-18.933,-4.712,-10.064,-9.516,10.11,-7.22
43.186,39.888,51.466,18.041,21.434,-28.154,-29.883,-33.745,-1.744,3.999,-11.478,12.314
42.087,-39.327,67.067,6.723,41.489,-23.244,-20.772,4.365,-0.368,-4.47,-7.391,3.755
44.839,55.137,48.726,13.552,54.858,-28.547,-24.866,-21.629,17.564,-3.553,-8.366,0.191
42.46,4.144,64.976,-2.559,42.507,-29.854,-29.794,-9.485,1.82,9.816,-9.588,-4.937
45.511,45.624,66.566,1.9,41.062,-0.459,-14.644,-9.469,18.856,-8.754,23.725,9.502
44.987,11.954,61.525,-19.005,49.408,-26.331,-30.56,-18.051,21.423,-2.795,-0.989,-0.642
46.899,8.368,62.859,-7.492,40.904,-15.066,-28.314,-11.935,22.262,-6.166,-13.969,6.042
48.229,133.715,36.154,-51.209,119.198,-30.778,-25.844,3.744,14.64,-17.597,9.787,-30.293
51.829,45.822,87.44,51.819,49.551,-7.839,-15.84,-70.114,-11.182,23.822,-11.556,3.99
49.4,-7.116,106.019,51.688,35.134,-20.608,7.666,17.95,-26.319,-15.967,-18.864,11.42
48.426,21.132,29.029,56.108,28.594,-21.415,-44.27,-16.69,-1.422,-2.817,16.476,9.137
50.001,117.0,50.98,-2.808,16.971,36.255,-48.635,-72.07,23.53,-33.468,-8.889,6.716
49.458,63.056,31.177,40.142,-6.345,1.459,-70.098,-23.995,-7.316,-30.338,-36.712,6.091
48.589,-20.241,53.706,-25.5,63.699,3.955,-3.173,24.317,20.391,4.936,-15.951,19.291
48.36,92.726,69.495,-35.811,51.003,34.318,-47.085,-8.486,41.519,-39.4,-28.802,-5.924
48.934,41.713,15.388,28.685,-0.881,25.882,-70.99,-23.434,5.676,-33.505,-40.394,-12.865
50.155,34.628,28.887,17.753,40.13,-21.442,-37.325,24.164,-16.299,2.211,12.238,6.156
48.714,-16.147,36.035,90.915,44.648,-32.513,-23.724,-15.681,-12.376,-3.485,-63.488,26.041
43.421,59.881,48.141,-6.215,43.214,-28.87,-11.719,-12.349,11.195,-6.957,-0.729,10.145
46.296,53.67,50.174,-26.958,-11.526,-15.243,-23.609,11.263,14.299,-16.383,3.324,-9.318
48.454,48.774,23.123,24.119,3.421,-14.643,-48.025,-59.322,-10.095,38.19,-45.512,-5.625
48.69,35.94,19.091,-41.67,2.413,33.704,-32.306,16.391,-12.192,-28.982,5.36,-3.35
44.489,-16.059,-3.326,-34.857,46.185,-14.607,-19.471,-44.407,1.5,11.736,-2.399,8.348
46.944,-45.798,51.709,-44.343,61.399,-11.882,-9.426,8.962,25.577,-6.404,-0.508,15.753
49.338,-10.511,94.908,-1.72,28.357,-27.138,8.718,26.935,-25.472,-17.834,3.5,22.067
50.088,129.016,42.447,-3.706,53.879,-26.393,-7.409,-3.232,8.111,-21.588,-13.469,3.717
47.953,-37.746,51.161,6.007,11.249,-23.444,-4.642,-10.838,-28.928,20.127,-0.26,12.451
47.715,-80.994,77.405,-1.976,21.186,-32.275,18.479,10.534,-18.779,-8.807,5.434,20.363
49.378,24.958,70.132,68.071,36.736,-4.588,-18.485,-6.117,-7.445,-35.389,-36.58,0.307
44.701,-22.32,71.112,-1.863,29.939,-11.084,-6.141,6.418,-4.01,-10.028,17.496,1.905
42.355,-45.226,47.867,30.577,39.029,-28.963,-7.449,-5.816,-5.665,-9.721,-6.743,-2.356
44.574,30.658,70.278,4.417,37.132,-4.14,-15.191,-5.329,11.087,-10.949,0.113,1.111
42.555,17.631,75.541,-1.053,34.116,-19.019,-27.916,-6.872,18.919,-2.198,-6.946,-12.611
40.351,-45.648,51.68,-1.894,31.663,-33.101,-8.096,-3.521,15.467,1.887,-4.941,-9.049
42.05,-35.451,66.639,12.602,31.738,-33.837,-28.467,-1.82,-1.263,-0.53,-9.608,-13.888
43.036,-12.674,62.901,-33.86,49.311,-12.842,-25.84,-4.494,14.419,-12.563,-4.125,-2.301
48.91,-11.654,33.142,-1.233,41.033,-42.133,-2.861,-62.517,-10.351,49.474,9.543,1.52
51.694,53.408,93.454,-18.156,22.093,-5.849,-30.95,27.749,-8.298,-38.493,5.084,7.781
49.778,15.912,61.613,19.32,25.54,-27.359,-40.381,21.34,-24.056,-14.268,7.97,19.117
49.532,-0.975,68.77,60.936,42.47,-10.67,-22.646,-14.976,-33.745,34.171,-4.902,13.036
46.61,-52.232,72.329,15.471,31.751,-5.819,-0.14,43.413,-18.922,-22.671,-33.375,11.386
46.864,117.773,10.219,-43.461,38.335,6.012,-17.538,-56.591,5.71,-30.491,-9.028,18.54
47.97,-63.181,83.201,-27.252,73.098,-20.687,-41.571,14.634,6.438,-8.174,-1.215,-6.063
46.623,-13.138,12.042,30.552,40.559,-18.526,-52.029,-17.49,17.752,-23.737,-32.305,-9.875
37.991,-39.861,53.324,-31.444,12.645,-10.467,-25.072,1.977,-17.404,-19.729,-5.87,-4.329
42.215,39.905,75.0,-13.277,28.343,1.12,-13.21,22.632,-7.547,-27.564,6.951,-16.208
43.812,40.567,44.745,-27.159,22.239,-14.265,-28.144,-13.652,15.899,5.699,-19.194,-1.99
49.069,133.493,8.022,-32.084,28.299,-7.96,-35.478,-24.196,9.285,6.093,-18.838,-3.83
49.448,99.41,36.603,-17.259,-15.676,24.13,-35.667,-36.653,-9.19,-1.661,-8.801,7.607
49.283,46.096,-10.924,14.19,-25.85,-6.008,-56.935,-42.926,4.842,-4.342,-24.901,4.604
47.439,100.461,-31.283,-5.532,53.292,-13.176,-19.53,-22.61,9.705,-60.024,9.086,-19.612
49.929,13.849,47.83,27.492,1.696,3.595,-42.718,-6.256,-23.913,-13.162,20.195,-28.776
51.212,61.375,22.854,-21.216,7.35,13.555,-49.835,9.215,2.112,-22.914,-11.092,-7.673
55.101,95.223,86.07,26.128,34.818,-30.493,-34.83,-14.639,2.104,-26.278,-1.185,-26.934
53.455,90.599,74.962,45.67,62.474,-27.591,-20.253,-42.841,4.531,8.484,-30.924,26.57
47.679,-72.937,61.228,-14.723,39.506,-30.65,-11.187,-2.743,-20.338,-7.629,11.403,14.085
50.804,1.599,97.371,-37.173,19.867,-12.904,-9.557,26.489,-26.314,-21.099,21.449,-11.684
50.43,9.464,21.217,71.86,40.185,-13.508,-11.389,-48.499,-7.2,-14.769,-52.2,19.597
43.953,-106.613,8.694,-28.443,45.73,-45.374,-25.338,-1.551,2.759,4.692,8.021,2.895
44.839,-78.947,14.566,-23.168,27.11,-27.975,-24.314,18.175,6.069,-7.242,-4.444,6.289
46.063,-63.374,59.503,-25.596,37.897,-7.26,-49.967,10.756,-9.949,-10.436,5.899,-28.594
45.15,-44.191,-2.953,84.127,13.86,-7.083,-29.561,4.43,-3.478,-4.004,-43.734,-11.125
36.281,23.971,51.03,-24.951,5.799,-24.899,8.399,37.342,-6.271,-24.047,11.953,5.536
36.288,54.475,47.757,1.035,12.061,-13.47,-3.906,-18.88,-9.147,-14.379,-21.584,13.022
49.799,46.804,39.764,-59.033,22.877,60.62,-35.09,-43.525,-3.568,4.419,5.124,-21.002
50.889,-33.24,72.491,-5.574,-1.585,-9.549,-19.973,20.48,-38.206,-13.28,2.441,3.893
51.075,75.597,28.562,-28.86,-20.084,-12.365,-66.012,1.557,-15.287,-19.848,-4.369,-18.014
50.217,108.54,3.502,-2.737,2.634,-23.841,-48.647,0.21,-8.409,-2.535,-12.119,-5.994
48.291,-14.604,29.229,-14.591,32.259,-6.419,-9.912,-45.275,-13.791,21.084,-2.327,10.499
47.882,-77.709,73.349,-12.111,48.611,-35.638,14.7,20.198,6.135,-2.75,-0.721,3.487
49.557,31.722,27.219,-33.349,29.972,-35.272,-18.146,4.724,2.712,-19.224,6.697,10.36
50.631,-3.707,78.51,-23.056,38.226,-29.091,18.597,24.363,-12.066,-0.844,3.309,21.287
49.967,66.192,11.122,46.31,40.005,-40.451,-28.662,15.903,-19.198,-1.109,-9.057,17.791
47.655,42.089,21.135,-21.949,-16.687,-28.396,-9.586,-8.716,0.18,14.198,2.805,5.445
51.268,3.182,74.962,-16.41,28.153,-13.647,-3.05,33.97,-19.173,-11.032,-5.535,29.904
49.807,36.589,57.035,-52.107,25.471,6.624,9.312,-22.521,-40.977,1.338,-16.934,0.604
52.567,59.077,46.291,15.751,-2.912,-2.31,-36.708,6.566,-16.406,-31.186,-21.191,-15.188
47.84,32.695,-39.713,-20.164,28.047,-16.37,-68.326,-42.057,17.78,-8.559,-12.016,6.004
47.904,111.152,-35.231,-35.301,14.432,-28.923,-37.124,40.804,-21.982,-12.749,8.807,-3.854
50.806,42.992,71.176,-5.287,22.145,18.702,-6.163,13.012,-14.877,2.36,-1.67,0.836
50.658,57.379,25.798,-31.147,-5.833,28.104,-27.107,-35.611,-15.812,-5.379,1.12,-12.916
50.241,-12.95,77.231,10.223,-0.234,-23.11,3.155,6.067,-38.93,7.765,12.678,25.72
49.514,23.588,75.935,15.942,-43.509,-36.678,-3.48,0.216,-75.563,-18.792,7.732,11.684
51.411,90.937,60.349,-4.963,-61.345,-6.897,-37.835,9.932,-49.016,-27.134,10.528,-5.999
50.587,101.917,10.162,4.139,-34.509,-1.964,-62.756,-45.864,-13.861,-12.669,-21.823,-4.259
48.764,31.322,27.888,-73.211,1.972,-1.296,20.696,-36.208,-5.83,-23.136,-10.729,-1.809
49.742,67.749,-1.427,-58.603,26.457,1.291,-26.949,25.414,7.879,-42.503,17.508,14.476
53.107,107.06,43.158,-33.479,23.431,0.698,-2.382,-23.06,-20.568,4.711,-7.721,0.516
47.253,59.437,8.307,-32.899,-16.068,-12.537,-12.131,8.465,8.191,-9.139,6.519,8.837
50.568,105.345,16.274,-24.339,27.341,-13.649,-1.017,-66.551,-20.782,13.491,-19.62,2.894
51.807,88.828,27.274,-40.01,13.826,8.343,-33.783,-7.326,-19.95,-32.002,10.482,-7.626
48.893,41.977,-16.429,-6.756,-8.375,-12.371,-34.288,-12.995,-9.073,-13.24,-22.374,11.976
52.095,48.45,27.707,-21.626,-9.194,11.728,-48.419,-21.075,-8.828,-5.606,-2.791,-31.661
51.35,36.596,43.335,-7.128,-16.717,-12.011,-61.775,4.701,-14.912,-10.609,-16.5,-33.073
48.576,59.917,-19.062,10.595,-20.199,-16.952,-72.98,-37.011,2.138,9.533,-7.632,-1.512
44.149,43.832,42.27,-29.717,-6.211,-3.027,-17.221,2.668,-17.015,-16.604,-8.736,-3.73
49.957,48.023,41.178,-49.639,16.999,23.486,-29.696,-17.728,0.033,5.067,-2.87,-14.335
49.848,-13.222,60.408,-0.583,0.187,-10.613,-13.753,-6.445,-43.89,-3.938,18.179,12.949
50.398,29.098,67.0,-5.185,-18.553,-25.38,-22.809,-4.668,-63.867,-22.292,3.434,9.796
51.5,70.348,42.501,-24.136,-29.9,-7.907,-48.097,7.84,-32.559,-27.12,-7.376,-7.729
51.716,99.309,36.894,-29.721,-21.696,-14.572,-59.027,-14.468,-8.209,-8.148,-6.699,-2.773
50.149,30.817,55.844,-1.369,10.071,-12.129,9.623,-33.198,-12.642,-8.142,-15.634,12.86
51.041,-9.666,80.605,7.425,1.194,-34.763,11.54,22.276,-17.544,-17.226,4.005,-1.131
51.649,23.925,49.993,2.65,0.99,-40.404,-54.393,-15.416,-3.565,12.134,-8.032,-38.991
50.299,80.513,32.603,6.896,0.961,-14.695,-67.088,25.967,9.97,-19.736,-24.441,-23.763
46.324,44.93,30.649,-46.433,-13.128,16.473,7.547,10.459,-2.538,5.435,-6.736,0.782
48.391,11.301,41.267,-36.248,-1.66,-10.615,-2.273,10.24,-15.817,13.615,-3.78,4.821
52.352,56.968,99.504,-9.045,28.905,13.813,-25.591,26.647,-20.044,-6.359,25.463,-11.71
51.444,-10.48,59.378,-1.095,22.552,-25.802,-0.101,3.333,-18.462,-7.436,-3.654,16.617
52.088,12.524,52.291,-42.445,32.096,-23.065,-5.341,33.156,12.195,0.74,-8.188,-8.68
51.908,91.414,8.171,-11.653,-8.207,-9.305,-75.665,-28.294,-0.17,-17.384,-9.955,-2.943
48.053,117.233,0.308,-35.755,11.771,-20.11,-17.227,29.415,-15.883,-17.354,8.291,2.731
52.886,78.132,70.383,19.986,40.218,-2.822,-16.87,-6.092,-9.024,19.938,14.503,-2.733
52.324,71.436,22.997,-18.755,-7.079,7.559,-32.363,-28.298,-13.137,-8.69,1.463,-20.428
50.195,24.837,49.169,-32.155,-1.592,-24.982,-27.633,62.957,-31.22,0.724,18.63,5.348
49.723,12.914,24.53,-11.276,20.068,2.305,4.217,-45.639,-1.573,23.441,-1.835,-0.748
50.787,1.674,60.129,-10.191,36.738,-29.621,14.397,10.586,-6.089,-25.229,-0.252,15.164
51.092,5.775,87.092,-11.754,37.378,-25.643,34.328,27.76,-35.34,-8.535,10.989,17.694
52.101,68.478,43.689,2.987,45.229,-19.921,-0.34,17.024,8.452,-2.98,-24.69,30.23
47.015,49.507,9.302,-32.95,-25.602,-18.286,-4.148,-0.955,-10.809,-3.73,-15.571,16.393
50.057,-16.373,30.121,-39.3,15.827,-18.499,0.988,39.327,-16.032,10.179,5.675,25.688
51.778,29.483,48.177,-21.213,23.365,-7.344,-4.425,-0.308,-25.473,1.911,-7.605,6.169
51.624,32.341,66.172,-22.972,4.063,-16.024,-7.984,19.61,-34.258,-26.824,-0.075,0.54
53.014,89.635,53.939,-10.005,12.015,-32.61,-37.229,2.343,-16.871,-1.573,-20.711,-13.026
53.789,65.648,-21.073,-17.101,4.86,-45.013,-24.095,10.542,-6.161,14.849,10.443,8.073
53.004,42.886,0.977,1.831,4.865,-37.809,-41.85,-11.364,-8.069,-5.506,-8.244,-18.48
52.446,26.317,-6.828,-11.365,-17.64,-42.773,-29.037,-8.018,13.19,22.565,21.211,-12.544
52.061,27.964,-3.097,-5.188,-14.58,-26.986,-19.382,-18.497,7.941,-3.571,-9.324,7.514
51.112,7.52,8.086,-43.073,-6.793,-17.362,-17.476,8.337,-1.649,-19.611,-22.153,-2.17
53.153,50.221,24.19,-26.676,11.899,-16.423,-10.695,3.345,10.608,4.427,14.33,-13.745
53.169,46.591,17.311,-10.879,10.52,-41.302,-0.996,-12.3,13.21,6.285,-11.356,-15.224
51.706,11.529,24.734,-17.421,18.018,-36.008,-9.289,2.514,17.205,1.279,-3.351,-11.367
53.104,29.83,0.475,-4.924,12.385,-35.004,-23.059,-28.23,-4.847,-8.956,-13.526,-13.4
51.98,20.33,20.974,-16.347,6.66,-18.644,8.374,0.507,28.135,-3.97,2.684,-20.363
50.088,28.561,15.976,-22.834,-13.234,-27.113,-0.742,-11.569,-2.305,6.954,-12.053,-5.323
52.702,55.783,-7.144,-24.457,39.485,-24.489,11.094,10.637,24.024,-1.293,17.52,2.644
52.19,32.397,13.22,6.591,-3.296,-43.371,-9.304,-14.863,12.348,2.47,-10.105,-3.641
50.585,-1.381,9.214,-20.507,17.867,-43.831,-19.123,-11.502,6.522,13.156,-9.501,-25.224
53.625,54.042,-2.692,-20.829,16.172,-48.728,-20.547,-24.881,8.594,2.331,-15.763,-18.196
51.048,-8.259,26.392,-14.477,30.279,-43.144,4.22,8.19,22.534,6.064,0.067,-27.609
51.756,13.056,14.182,-31.847,12.255,-23.364,-14.389,-4.341,12.16,-8.347,-14.9,-16.627
53.954,48.321,30.659,-20.399,38.742,-24.915,20.034,-4.066,21.492,-7.715,5.994,2.572
51.998,11.523,38.531,-15.348,-0.25,-30.535,4.181,7.737,23.81,9.09,-18.436,-17.239
52.824,34.404,2.091,-15.072,22.578,-39.092,-6.357,-22.587,10.622,-6.208,-15.509,-12.08
52.758,29.997,28.53,-7.135,14.422,-14.629,17.909,0.344,30.406,-4.201,6.528,0.877
52.244,42.04,29.606,-7.214,-9.603,-30.991,0.028,7.119,20.636,5.623,-15.251,7.88
51.608,44.468,32.742,-18.541,-0.213,-21.311,-0.203,4.512,19.979,-5.006,0.388,-6.862
53.258,58.34,1.091,-17.761,10.541,-48.749,0.45,-0.921,17.043,-5.824,7.615,5.413
52.215,44.718,21.654,-10.724,-0.529,-47.003,-24.552,-17.09,12.74,14.019,-5.981,-15.415
51.023,17.242,-6.197,-7.04,-2.364,-35.582,4.348,0.231,8.931,1.201,3.823,-8.188
50.403,1.243,-3.441,-23.786,4.46,-42.456,-9.381,-12.828,10.564,16.166,-14.0,-6.171
49.828,-13.401,0.759,-7.519,13.44,-37.836,-20.725,-10.664,7.91,0.481,0.399,-10.69
54.026,56.779,2.356,-21.236,21.64,-36.311,-16.106,-8.447,16.507,-5.386,-13.346,-15.732
48.976,14.42,7.033,-24.709,3.056,-32.93,0.929,-22.788,22.232,5.675,-28.519,-22.549
51.785,5.25,5.127,5.066,46.959,-51.365,-31.452,-24.738,11.362,-3.939,-24.386,-3.312
51.723,71.787,29.017,-33.421,-39.923,-4.417,-43.263,-15.925,-16.894,3.417,-1.873,-29.611
51.538,5.479,21.999,-56.947,-7.757,-22.521,-53.517,7.762,2.262,10.9,-21.54,-38.302
53.143,32.389,51.254,-35.232,4.971,-5.374,-11.239,-1.132,-10.868,-17.452,-16.863,-32.679
50.272,-25.509,32.17,27.98,15.313,-16.51,2.397,32.067,-5.192,-21.905,-47.39,13.026
50.672,43.977,-47.458,-7.743,14.37,-55.532,-37.072,-8.581,3.735,-7.213,-28.705,3.128
48.381,108.911,-10.449,-53.971,-13.16,-16.365,2.017,-30.498,6.942,0.416,-16.368,-15.468
50.022,-33.156,45.848,-46.192,-0.366,-17.425,-35.134,-8.025,-22.707,8.821,-2.963,-33.117
50.326,-36.494,-1.966,41.107,14.636,-47.073,-25.529,-15.277,-14.204,7.348,-21.164,-2.516
47.07,-1.324,-20.847,-70.18,12.285,-49.617,-46.636,67.846,6.907,16.637,22.029,-0.741
50.098,43.302,-22.879,21.925,38.205,-12.085,-19.304,-21.188,-20.085,44.277,-29.141,0.8
41.762,-36.187,-3.022,34.009,-9.581,-61.083,-18.583,-4.395,-11.249,12.231,4.352,-0.54
46.982,17.143,-24.503,-43.661,3.139,8.881,-1.795,-10.558,-20.53,33.924,32.264,-16.611
47.429,175.515,-82.278,-55.068,12.141,-34.489,-9.312,-13.865,-2.482,23.273,-21.809,12.174
49.881,0.534,24.247,-25.488,54.437,-20.857,33.223,-5.853,26.562,23.518,-15.451,26.082
50.381,73.316,-37.29,-25.793,11.097,-64.338,-15.972,-0.291,4.498,-19.985,-19.083,2.142
49.079,37.937,-29.211,11.215,2.243,-38.451,-29.654,3.011,-6.446,11.055,0.144,6.1
47.663,-73.292,6.252,4.862,55.725,-24.768,23.412,-4.262,40.654,-4.201,-17.109,7.855
45.422,-98.138,-37.61,10.727,6.064,-96.854,-10.696,-34.357,9.539,28.776,-22.377,-13.929
43.176,-42.918,-27.878,8.737,-17.343,-31.906,-4.026,-3.167,-10.072,2.235,-8.08,-15.493
48.028,24.475,-34.879,27.002,4.581,-59.555,-9.832,-33.152,-1.112,-20.827,-25.591,-0.856
44.415,-31.721,-53.834,45.775,-29.093,-39.337,-0.62,-41.129,10.879,12.542,6.525,-20.37
41.933,-73.658,-14.276,-47.914,10.867,-17.643,12.327,-35.373,-1.359,-21.337,-9.156,-22.776
49.921,-24.886,-8.913,-2.694,54.09,28.13,8.203,18.061,40.308,-29.671,5.259,-18.986
48.572,-27.605,41.196,-44.116,12.151,2.023,22.447,-31.428,6.018,11.045,-3.259,-34.922
46.32,-81.472,-21.512,53.711,5.307,-107.257,14.691,-30.986,7.096,35.236,-20.365,-2.436
46.445,-66.015,34.193,-97.218,4.71,-18.779,14.909,8.052,9.908,-10.681,-3.782,-22.794
49.475,48.15,-46.495,-0.537,6.259,-46.18,-20.033,-10.639,-3.768,-15.596,-22.71,10.64
48.304,-23.05,22.903,-32.964,34.869,15.818,-23.198,-21.225,-1.02,20.769,-14.582,4.569
47.828,-52.089,0.411,-25.404,-14.454,6.705,5.075,14.042,7.61,-10.537,23.012,-19.431
48.918,1.654,30.615,11.31,-25.898,-9.364,6.791,-0.894,-1.022,-16.812,-15.224,-5.169
50.222,37.298,-28.522,14.519,6.697,-56.211,-13.267,-25.044,-7.092,-9.316,-31.097,13.005
48.094,-7.478,49.192,-4.774,5.842,-9.884,5.315,-4.512,1.413,-2.949,7.426,-18.229
47.674,-37.477,-13.02,17.988,-17.324,-75.849,14.713,-33.935,6.105,30.036,-8.011,-19.107
48.793,-72.641,13.23,-9.575,34.271,1.46,-1.788,-2.743,7.655,0.902,-23.325,2.406
47.13,19.7,-9.106,-50.878,65.145,-34.704,21.549,18.877,20.382,-18.243,-4.049,-39.7
54.033,55.028,36.916,-25.481,34.75,-16.834,2.503,24.62,0.845,-2.192,5.434,4.855
52.206,53.406,3.831,-25.294,12.478,-9.688,-20.762,-0.909,-0.479,-21.082,-0.886,-8.021
50.173,-59.086,51.878,-25.398,35.005,-27.522,28.152,11.385,-11.919,0.281,-2.785,15.831
51.172,-7.624,-30.379,13.772,55.603,-48.806,-15.277,-26.792,15.251,-5.008,-39.921,17.069
44.707,-61.268,-26.252,1.918,2.818,-43.192,-32.61,-26.061,-17.735,6.712,-6.574,-18.948
45.645,68.663,-23.4,-63.75,3.351,-17.421,-24.741,34.95,36.651,-31.113,17.862,-0.798
45.109,-0.639,-81.357,51.677,-30.353,-70.976,-11.81,-72.571,-0.4,9.748,-31.366,-2.418
48.723,-6.725,-0.608,-15.858,20.061,-5.503,-15.72,52.657,-0.088,5.648,18.004,2.833
50.76,36.225,-20.543,2.769,9.944,-41.21,-55.065,-12.436,-20.173,-3.171,-27.584,-0.929
48.656,-42.641,4.528,-8.015,-24.929,-21.877,26.682,-42.248,-38.722,42.803,9.206,10.025
49.656,-34.649,33.629,-9.919,-22.631,-15.464,-11.866,-5.014,-34.559,-37.616,-14.159,-2.975
50.782,57.544,-31.108,-19.19,14.835,-60.924,-13.97,22.803,-3.59,-8.118,-15.062,15.628
48.397,-9.889,19.297,-15.205,40.201,-25.729,19.556,-38.126,10.66,31.237,-29.594,8.468
46.627,-88.252,-16.831,16.315,20.555,-106.49,8.847,-28.601,15.527,48.648,-26.453,2.759
43.813,-62.631,-15.29,-2.895,4.961,-44.5,13.928,-15.078,-9.331,8.014,5.888,6.027
49.157,44.573,-0.3,-68.388,45.401,21.421,15.555,63.588,20.274,-35.554,28.482,-1.405
48.574,-2.842,15.867,34.975,0.908,-67.529,8.387,-29.679,-14.027,34.875,-6.268,4.158
48.187,-17.599,5.153,0.501,-4.369,-21.04,25.653,-0.535,9.81,-1.546,8.116,-12.573
50.022,-9.39,45.818,-18.674,33.03,-43.818,12.425,16.874,-1.07,13.776,-19.882,-3.821
51.171,21.531,-32.179,-16.789,14.193,-67.001,-24.594,-23.545,9.245,6.919,-17.299,4.398
49.806,-58.45,37.627,-8.046,46.198,-38.602,-2.812,8.057,9.582,11.907,-2.954,-12.97
48.748,-64.727,-9.297,-13.561,23.422,-77.024,-5.417,-12.709,30.405,16.668,-24.736,3.913
51.298,-3.038,12.859,-29.896,10.134,-7.721,-8.148,-10.271,10.307,-0.899,-8.54,-27.312
50.727,-35.899,22.469,-5.189,13.554,-30.194,5.966,7.865,16.46,-5.734,-13.758,-12.592
50.847,41.358,-30.775,-1.917,19.855,-65.943,-13.989,6.549,10.346,-13.017,-18.829,9.578
48.825,-43.741,-2.245,0.619,50.565,-9.128,6.088,-21.197,13.719,18.397,-3.935,17.683
46.325,-42.563,-46.453,31.697,-16.226,-94.77,-8.023,-42.377,4.24,31.514,-18.484,13.755
46.178,-22.066,-4.094,-51.528,-24.305,20.75,6.542,10.683,-14.599,-15.93,13.24,-5.903
48.975,110.064,-10.601,-53.764,31.725,-33.626,-7.512,23.175,1.683,-23.387,8.46,15.291
50.376,53.185,-30.31,40.103,14.428,-57.2,-11.05,-37.463,2.458,-7.248,-22.593,6.209
51.16,38.042,5.013,-31.546,-27.002,-65.312,6.964,31.591,5.31,4.88,-4.397,20.482
51.579,108.93,-20.546,-1.421,14.201,-29.812,-12.58,-5.16,11.024,30.284,-15.652,9.679
50.275,43.524,10.741,-54.441,16.443,7.639,7.991,-20.487,-8.601,-8.637,-16.169,16.31
51.565,117.102,-7.247,-10.807,24.884,-10.434,-19.218,-39.114,-2.417,-0.411,-25.848,7.372
53.878,60.692,19.51,14.045,-21.735,-6.047,-40.75,1.07,-10.463,-0.797,-22.724,-3.652
49.953,74.725,-4.352,-74.294,24.361,14.285,-5.69,-62.596,1.364,-32.602,6.704,11.922
51.361,60.917,-3.505,-0.885,-14.647,5.955,-62.705,2.601,1.715,-16.156,-28.889,2.326
51.659,54.487,-1.125,-48.144,9.963,40.39,-13.402,-8.412,25.676,-5.92,-1.272,-30.268
50.462,64.815,-30.915,-17.177,8.253,-57.973,-22.89,0.498,-2.617,-10.095,-19.105,8.72
47.718,77.901,-23.242,12.433,-3.208,-6.153,-16.351,-44.875,18.056,-17.708,-44.524,7.994
44.34,-21.785,-39.288,38.815,-41.321,-72.025,-0.616,-32.173,-18.69,29.226,-10.998,2.513
47.551,-33.925,-16.475,-25.969,21.711,-21.06,4.606,-56.824,-23.153,26.797,-9.346,22.171
48.4,-67.202,48.157,25.804,22.503,-22.939,28.289,19.755,-18.273,-26.116,-32.35,26.67
47.986,88.195,-18.345,-71.6,14.881,31.456,-0.799,-12.443,11.023,-37.213,-5.517,4.918
52.802,5.443,55.134,-16.34,-0.654,1.991,-19.61,8.953,-36.212,29.091,2.043,-23.673
52.777,111.725,1.621,-7.679,-16.031,2.283,-48.599,7.425,-7.009,-27.918,-23.718,-16.485
53.908,53.779,40.914,7.26,-47.28,-21.323,-15.8,-6.657,-32.798,-6.254,-16.149,-30.934
51.813,13.752,-23.607,1.555,25.497,-52.185,-22.414,-17.469,8.912,8.659,-29.203,10.693
51.485,3.308,74.112,-61.839,20.189,-13.406,-5.475,58.168,-0.224,-18.353,18.852,-22.33
53.804,84.041,42.417,-12.381,3.897,-4.807,-19.398,10.434,-14.3,-4.806,-45.093,-18.113
47.147,-13.126,-2.791,54.091,7.873,-34.795,-22.933,-23.462,-11.955,-9.094,-15.202,-15.664
48.664,26.164,-7.603,5.705,-6.11,25.9,10.296,-6.279,10.595,-20.337,33.595,-0.076
45.979,-22.132,-25.095,-3.126,-35.726,-81.565,2.191,-40.699,-7.461,24.236,-24.239,5.676
45.361,-34.199,-15.027,-25.948,-14.39,-37.786,3.573,-8.302,1.054,9.864,-10.043,-0.097
49.369,27.24,-30.956,-4.116,3.522,-23.422,8.379,-11.627,-0.282,-16.754,2.256,4.644
47.908,-26.094,22.243,-3.236,3.975,-21.868,33.214,-2.458,6.375,-9.238,5.62,16.604
46.444,-44.628,-13.859,-27.024,-41.347,-74.557,-5.708,-10.516,-3.921,9.306,-16.288,-1.688
45.987,-59.56,7.81,-9.482,-21.565,-34.077,15.771,3.493,2.98,1.777,-10.895,1.785
48.938,16.394,24.512,-12.741,-24.715,-24.761,15.706,-10.882,-3.326,-6.927,12.803,-11.048
51.014,16.36,-15.842,10.103,15.587,-60.751,-3.188,-31.344,-4.344,-14.963,-18.12,7.069
49.358,-21.707,6.188,-23.04,-17.647,-76.244,21.697,-13.183,6.947,26.673,-2.309,0.443
50.705,-4.137,47.477,7.144,-12.897,-52.772,30.614,-13.834,-6.219,15.476,-11.748,6.11
51.861,31.956,6.002,-11.669,-15.563,-38.773,5.889,-13.78,5.471,-12.147,1.157,5.593
51.969,0.45,19.768,-8.88,5.823,-16.724,-29.34,-21.82,-0.214,12.692,-3.683,8.214
53.169,0.737,38.313,-49.56,16.891,-20.813,-30.72,14.202,5.215,-17.625,1.238,-2.794
51.68,14.511,14.068,17.133,25.706,-16.711,-52.445,-8.982,-0.098,0.577,0.544,-4.576
54.833,15.683,59.099,1.414,24.323,-50.199,20.937,28.988,3.742,21.189,5.621,17.52
52.093,23.835,44.149,-23.219,29.779,30.914,-9.804,29.858,5.673,-7.731,-27.518,-1.044
52.338,41.996,15.16,6.517,32.385,53.202,0.925,-39.401,-11.574,0.462,-37.776,-1.816
49.578,42.939,-25.852,24.01,10.558,-46.892,2.084,-8.831,-0.524,-16.15,-29.37,20.807
45.811,-15.875,32.301,6.049,20.465,-37.701,16.294,-3.016,-10.453,18.468,-9.478,20.961
52.384,98.315,22.295,-14.022,-7.543,31.441,-16.463,-22.066,10.945,-13.444,-15.885,10.928
50.829,41.795,-4.924,55.805,-10.728,11.313,-0.244,-68.468,-3.316,-17.936,-46.093,27.094
49.722,-34.704,37.267,-42.963,65.195,-3.177,23.128,13.974,21.15,2.48,-0.222,11.338
53.369,34.375,10.434,-17.602,8.419,-34.829,-13.337,11.794,-10.271,-19.292,-31.85,15.481
54.684,82.538,47.915,-27.562,-9.493,2.279,-33.072,15.402,-6.956,-35.192,-11.005,-30.917
54.727,75.474,51.601,-2.242,2.208,-30.006,17.163,1.055,0.545,2.099,-14.042,-4.763
54.378,42.289,63.376,2.293,22.752,-28.129,44.096,17.226,-1.901,-0.637,-24.798,47.341
53.034,-14.206,24.652,14.271,18.919,-43.89,3.183,-21.554,-28.131,-13.107,-22.191,13.426
51.855,-16.985,40.119,-25.946,-10.182,-24.518,-24.592,16.075,-17.644,-4.319,4.892,-7.752
51.864,7.343,19.006,1.757,-27.613,-18.925,-27.995,-24.266,-11.066,-5.84,-13.243,-12.322
51.166,-11.037,56.598,-34.071,-18.614,-19.751,-12.362,11.994,-21.385,-7.125,-2.691,0.933
52.139,5.094,8.307,-14.182,1.883,-30.814,-3.814,-16.941,-11.799,-9.352,1.369,1.932
48.908,-52.206,13.867,-27.567,-3.87,-23.302,-4.593,-6.236,-7.049,-9.86,-11.245,4.642
50.764,-13.516,16.028,-33.543,-18.206,-9.004,8.669,31.112,3.523,-17.932,3.708,9.704
50.517,20.444,31.207,-15.902,-30.761,-22.673,-14.219,-5.648,-13.188,-5.26,-9.614,-2.672
51.862,27.044,2.007,5.159,-2.747,-50.634,-8.348,-20.128,-4.774,-14.46,-20.604,7.484
51.085,17.375,21.887,-20.359,-28.275,-39.658,7.353,2.512,2.929,15.299,-16.707,6.328
52.214,34.977,14.287,-17.919,-1.465,-3.113,-9.645,12.192,9.654,-15.282,5.374,-6.533
52.897,43.435,6.321,-4.057,-10.985,-40.209,1.737,-1.872,-4.643,-11.868,1.174,13.304
53.481,48.75,24.103,-34.685,1.575,-13.563,-8.472,-4.805,-0.949,-6.338,16.588,-7.629
54.309,78.156,24.181,-6.441,-9.361,-18.802,-36.514,41.174,-19.474,-10.168,-7.479,-0.362
51.91,13.509,12.93,-23.996,21.4,-20.397,12.434,-31.364,-1.754,27.277,-1.609,0.134
52.532,25.311,8.177,-25.889,23.411,-31.626,6.154,0.078,13.994,0.481,-0.344,24.048
53.82,32.146,17.399,1.441,37.987,-19.645,13.311,44.553,-6.417,-5.172,-13.828,25.86
50.333,23.319,-8.6,-32.366,-30.559,-53.897,10.744,-0.06,-1.704,-0.888,-7.577,7.654
53.153,-2.759,52.714,-21.597,26.348,-14.537,14.679,28.278,-15.837,-22.098,0.801,13.671
53.144,43.901,24.659,-36.897,17.031,12.945,15.027,-13.621,-20.488,-5.83,-0.818,-1.808
52.967,11.989,24.143,-14.247,-26.281,-36.516,27.808,20.441,-27.794,-16.124,7.09,2.277
54.517,58.722,43.847,-17.833,-9.754,-23.362,-2.756,3.338,-13.001,0.86,-14.387,-16.653
53.872,101.248,-9.055,-14.53,-3.532,-6.467,-63.395,-21.737,18.676,-11.388,-22.609,6.497
52.419,84.725,-27.115,-19.274,11.125,-51.594,-15.336,37.217,-10.133,-6.075,-11.307,1.459
54.001,24.564,46.675,16.316,5.775,-18.04,5.305,-0.101,-13.867,26.616,4.596,-12.219
52.868,51.455,20.514,-31.098,-26.685,-0.355,-7.857,-25.595,-8.645,-0.718,-10.729,-23.951
53.525,36.845,41.939,-12.599,8.529,-18.654,10.535,8.933,-31.422,-14.088,2.148,11.222
52.952,52.514,39.872,-28.57,-19.743,-10.836,-28.084,36.579,-24.195,-14.229,-12.911,-0.869
51.92,53.017,5.587,-41.604,-3.037,-31.167,25.918,-43.587,2.108,-5.623,-4.006,-3.783
53.843,33.255,65.607,11.435,31.777,-51.622,50.623,8.205,18.461,5.356,-18.612,7.284
52.011,18.038,39.551,33.978,13.302,-24.551,15.159,1.424,1.523,-7.418,-18.357,6.587
52.489,63.961,-16.91,-36.7,17.627,-29.79,-44.693,-9.304,-4.962,-17.35,21.225,7.672
53.962,75.632,31.503,-54.034,6.617,-24.233,-2.466,-15.515,-11.318,-8.782,4.38,4.156
54.247,77.467,27.03,47.69,-1.232,-16.497,13.592,-8.738,-0.874,-12.957,-57.127,-13.972
49.907,43.016,-9.796,-14.524,-19.885,-18.565,11.235,-5.063,7.626,7.026,19.51,-5.389
50.985,74.803,20.562,-44.701,0.5,-9.244,17.246,-48.023,-17.315,-15.118,-20.99,-16.318
53.466,78.599,-22.045,-15.389,2.493,-11.099,-27.297,6.576,-16.749,-7.933,-22.129,7.287
52.808,48.987,14.1,-64.98,-11.806,0.054,-0.166,-13.193,-0.918,4.402,6.198,0.678
54.35,47.784,33.529,5.411,-4.727,-22.108,-16.217,7.589,-9.444,-8.348,-18.546,3.632
52.358,41.898,14.141,0.074,-15.395,-22.663,-4.775,7.849,-18.591,-6.145,-15.309,29.691
49.443,57.881,2.475,-29.831,4.583,-20.125,20.001,-15.869,3.559,-6.148,-15.216,0.64
52.908,47.757,10.088,-47.676,-14.519,-12.146,-24.509,-17.741,5.294,2.763,-3.713,-25.224
53.062,8.898,46.975,-7.002,-4.489,-24.83,4.719,0.332,-39.77,10.86,0.762,-1.709
53.783,73.838,24.523,-40.545,-23.511,-34.496,-35.394,9.356,-16.348,-22.162,3.355,-6.247
53.334,85.431,31.234,3.362,-19.183,-27.705,29.921,-22.966,-1.792,-0.121,-24.054,13.994
52.477,-12.534,69.819,-7.806,15.529,-34.553,40.576,18.637,-2.33,-2.874,-14.626,-2.163
54.634,61.009,38.933,-29.682,-14.797,-13.174,-15.596,8.18,-14.692,-20.333,4.353,-26.983
53.745,100.734,6.089,14.608,-16.113,-11.936,-35.715,2.188,17.891,-18.271,-30.422,-21.8
49.815,44.425,1.451,-34.059,-19.358,4.169,18.38,7.932,12.994,1.367,12.296,-0.006
51.257,-11.198,30.974,-32.843,1.561,-16.855,-0.008,19.803,0.748,8.463,-9.874,-1.951
55.189,46.104,32.95,-0.147,4.168,-23.213,-6.524,-5.982,-12.957,-14.115,-8.451,-0.94
53.812,6.717,45.104,-35.988,3.301,-48.085,6.886,17.409,2.746,-3.304,-19.992,-18.029
54.251,82.929,14.799,-16.237,-19.368,-20.44,-59.633,-13.743,4.266,4.936,-9.932,-6.735
52.785,91.457,-25.509,-18.245,12.493,-45.127,-12.842,24.284,-11.669,-12.06,3.702,-10.312
53.799,47.31,32.75,0.308,21.68,-2.116,11.895,9.067,-3.756,21.53,-11.163,-6.502
53.576,65.213,10.144,-15.451,-26.412,-15.57,-16.586,-33.15,-2.563,10.966,-1.364,-18.343
53.188,25.38,45.282,-7.824,5.274,-10.533,17.069,-0.104,-44.673,-6.62,3.735,10.098
53.925,83.567,3.242,-4.146,-15.503,-36.599,-32.211,17.637,-20.974,-15.923,-1.374,-9.97
52.166,21.888,13.907,-21.615,3.63,-15.382,30.031,-28.719,1.592,1.078,-6.24,3.499
52.579,-10.709,37.096,-9.453,46.589,-40.372,37.587,13.208,29.208,8.605,-12.442,11.987
52.766,-2.561,41.019,-11.883,36.246,-38.262,24.961,11.267,11.646,6.639,-7.306,10.957
54.916,27.611,41.772,-14.372,27.807,-29.89,27.014,20.513,-10.428,-22.4,14.082,16.708
55.243,43.093,58.675,10.316,25.617,-35.596,37.356,-11.224,5.114,0.464,-14.137,22.43
52.655,54.534,-3.289,46.179,31.858,-42.129,6.385,-4.048,4.345,0.954,-31.511,26.114
49.774,42.255,-16.3,-13.573,-46.788,-56.853,3.578,-0.758,-12.362,14.2,7.572,14.196
50.904,48.712,17.916,-48.832,-20.651,-29.648,12.036,-39.606,-10.414,15.077,-6.343,15.583
53.595,42.117,8.277,21.606,21.562,-19.699,-0.329,4.275,4.391,-24.724,-2.126,22.093
54.518,51.88,34.228,-36.477,30.55,-16.47,8.127,3.764,-10.291,-6.499,13.628,-9.226
54.428,57.382,63.625,26.908,14.779,-23.89,16.269,-20.334,-11.424,-12.127,-19.864,9.09
52.958,6.293,23.842,-14.598,-4.266,-13.561,6.997,15.727,-18.092,-16.812,-21.301,7.647
52.845,48.23,29.497,-35.647,-15.165,-10.608,-29.191,14.586,-14.551,-15.245,-13.313,-17.971
54.333,41.413,35.872,-38.869,-5.125,-24.566,-23.993,-13.904,-6.043,7.419,-2.716,-12.925
54.98,12.692,40.178,0.859,2.887,-29.932,7.112,-7.539,-9.962,-7.193,8.226,-6.647
54.603,28.9,69.866,5.472,-7.557,-33.417,27.845,16.219,-21.442,5.782,-1.299,-8.894
53.388,22.899,77.088,-0.701,-1.567,-27.749,31.239,6.839,-9.481,3.715,-0.409,-13.597
53.211,4.764,28.568,8.035,-18.257,-58.563,36.601,-7.329,-16.081,8.253,5.459,-0.552
54.511,49.946,66.145,-5.165,-12.549,-21.278,15.819,9.693,-1.489,-0.611,-1.046,4.889
55.605,72.226,70.355,1.05,-14.829,-19.145,22.399,-11.279,-9.735,-2.381,-5.955,6.986
55.195,53.623,44.948,-7.912,-9.265,-29.582,12.907,5.318,-22.891,-20.338,-7.84,0.623
54.011,37.235,77.383,-0.283,13.633,-20.47,31.768,6.461,-11.939,-2.124,-8.502,5.776
54.13,27.454,71.577,-9.177,20.598,-31.743,19.609,15.323,14.007,-12.983,-2.525,3.446
54.672,63.357,42.343,-20.589,21.658,-39.285,20.439,-4.014,10.845,-2.555,-6.923,-13.922
54.837,28.348,34.03,-8.8,30.905,-46.526,14.568,-9.068,6.883,1.337,0.074,0.732
53.802,6.642,70.685,2.4,18.939,-43.553,51.253,8.305,9.756,0.152,-6.127,13.325
54.456,10.66,73.968,4.344,20.675,-46.615,43.036,9.198,-2.213,1.083,-7.192,27.06
54.761,11.021,71.565,6.778,26.282,-36.134,57.586,28.736,-6.959,-9.48,-12.62,26.723
54.179,-8.868,61.271,9.687,13.983,-43.107,62.281,21.645,-15.52,-1.232,-3.205,37.739
52.749,-9.19,27.407,-0.988,7.232,-36.545,30.21,4.558,8.601,3.002,-17.88,7.004
53.582,21.942,48.293,-37.002,-0.785,-31.124,4.099,-6.81,3.416,12.619,1.931,-8.78
54.676,35.095,27.338,-16.903,10.674,-44.693,12.98,-9.815,-5.298,-12.032,-5.081,6.201
54.784,14.75,51.925,4.641,7.289,-29.872,11.599,-0.903,1.732,2.426,-8.834,-9.3
53.5,3.323,61.853,-24.257,7.042,-23.878,20.432,7.144,10.589,-1.048,-6.106,-17.402
54.248,18.304,25.724,-1.67,20.115,-29.651,14.124,-0.422,9.413,-3.311,3.651,-11.988
53.73,11.356,44.345,-23.484,22.64,-40.114,24.978,0.908,10.963,7.852,-10.883,-10.134
54.638,63.209,67.687,8.448,17.733,-51.268,74.277,-1.145,-16.767,6.394,0.726,29.515
54.724,31.47,80.176,18.563,7.478,-35.749,52.003,14.812,-33.79,-10.474,-0.442,25.539
53.678,9.545,75.858,8.329,12.269,-31.038,55.609,18.566,-21.533,-2.44,3.138,18.415
54.263,20.907,56.433,5.327,16.227,-36.011,57.136,16.639,-27.051,-22.97,7.047,25.088
52.991,36.141,52.498,22.438,21.951,-35.101,50.161,32.852,-21.8,-5.383,-11.126,13.639
51.374,14.45,16.906,-40.318,9.482,-26.39,24.917,-25.378,-0.341,13.463,-1.446,-1.75
54.113,12.436,72.337,-6.79,19.259,-34.991,28.54,14.123,13.427,1.03,-4.59,7.936
54.832,24.343,60.948,1.292,29.531,-33.159,-3.756,11.566,-5.631,3.284,-12.129,0.449
54.169,23.083,61.56,-6.871,3.579,-36.311,-30.705,-9.395,-18.563,3.249,-10.619,-40.184
54.267,30.733,58.966,8.734,-7.62,-29.197,-18.155,-6.83,-22.371,-1.348,-10.333,-32.429
53.773,37.953,70.184,-17.405,5.99,-30.148,-10.972,-9.883,-21.399,2.363,-12.176,-28.137
54.898,46.089,40.08,-24.034,6.276,-51.38,-1.879,-6.372,-4.641,-8.013,-1.524,-15.208
55.024,70.81,61.179,12.144,-28.54,-37.823,6.21,7.902,-1.999,5.092,-13.542,-14.039
55.084,47.385,69.078,5.489,10.302,-39.646,25.121,0.058,-13.959,8.301,-13.502,-5.039
53.86,40.432,38.732,19.554,3.082,-25.333,31.102,23.152,-18.758,-16.327,-9.999,26.402
51.136,0.234,-22.293,3.748,-4.116,-64.335,13.886,1.286,-11.304,12.585,11.223,-22.787
53.362,9.654,48.631,-27.995,26.866,-19.67,27.516,9.107,6.017,7.672,0.656,-13.598
54.255,3.63,78.153,-6.652,8.083,-29.009,38.097,18.481,-9.361,3.131,-2.898,-7.891
54.751,19.689,42.606,-2.577,29.682,-41.49,27.02,-3.32,-0.66,-7.351,-8.909,-4.869
53.297,29.848,63.697,-5.793,-2.229,-29.993,31.296,-0.042,13.693,10.984,-12.557,-25.672
54.042,29.846,61.092,13.889,3.091,-34.265,27.326,-3.609,33.782,17.289,-30.105,-31.23
53.578,31.105,69.547,-33.225,5.158,-31.147,36.808,16.364,15.17,5.598,-8.611,-21.257
54.522,64.382,3.981,-18.225,11.456,-38.517,-7.27,21.066,-20.717,0.667,-5.646,-12.675
54.42,6.825,41.975,-15.008,-2.604,-13.274,18.119,-20.441,-18.779,0.121,5.608,-0.234
54.144,-16.665,52.854,22.795,-21.423,-47.456,59.267,-3.702,-30.745,10.299,-4.173,13.33
56.144,58.529,50.555,-11.914,16.003,-21.012,53.014,1.77,9.652,-23.722,3.279,27.209
55.73,64.451,17.729,37.109,-8.191,-17.947,11.644,-17.388,-14.461,-8.97,-40.622,-4.597
51.53,-26.252,9.308,-37.402,-14.677,-10.497,-0.266,-24.192,-17.523,0.484,-10.262,-5.285
53.769,3.125,28.737,-7.558,1.862,-13.214,-6.858,2.361,1.422,-19.703,-13.04,-25.046
51.428,-1.147,4.447,-39.834,-14.129,-19.401,-0.996,-3.105,-9.521,-19.407,-5.703,3.86
51.519,8.401,1.057,-24.816,-25.432,-47.913,3.16,9.499,-2.494,-11.547,-0.088,8.028
51.838,31.484,11.153,-35.231,-25.144,-34.419,6.568,15.456,-16.887,-3.235,-1.709,1.644
52.379,54.007,31.131,-18.724,-32.01,-27.001,13.132,1.257,-31.441,5.381,-5.405,4.289
53.297,18.0,11.089,-12.255,5.482,-69.405,23.173,-17.099,-4.703,-3.863,-21.207,12.29
51.839,-23.714,52.21,5.918,-2.051,-41.418,36.129,14.686,5.986,12.917,3.984,5.843
52.935,34.943,18.141,-33.376,14.95,-43.342,24.384,19.445,12.7,3.658,6.579,-12.504
54.076,61.284,38.792,-12.596,27.72,-34.505,6.607,-0.425,-12.608,-4.038,-14.641,-13.874
53.282,67.623,23.918,-22.873,11.51,-27.055,8.133,7.108,-20.695,-25.698,-19.161,-22.941
54.819,8.324,37.759,-5.617,16.657,-33.98,6.349,-9.321,-16.486,17.084,9.244,-0.708
55.181,18.044,69.774,10.455,8.635,-49.92,43.697,4.037,-15.302,9.366,8.441,16.334
55.368,61.097,26.8,18.8,-3.996,-13.371,0.804,21.137,-13.612,-19.743,-12.477,-7.789
54.022,47.383,40.327,-48.573,11.927,-14.986,-0.908,8.58,-4.102,-22.396,14.526,-6.169
53.083,26.001,39.54,-21.208,-17.376,-20.683,-20.074,-10.482,-27.626,4.521,-9.647,-13.47
53.669,17.627,48.965,-18.412,4.914,-17.229,-11.888,8.84,-13.931,-12.778,-14.498,-15.694
52.816,4.706,54.355,7.813,-10.813,-31.219,3.72,-11.938,-10.872,-5.457,-17.852,-3.186
52.765,3.731,6.758,-27.744,-3.562,-53.592,4.357,-16.095,0.031,-3.975,-26.144,1.701
52.044,-32.622,24.834,16.184,-12.158,-22.818,11.35,-19.347,-0.332,-6.117,-11.551,4.767
51.6,-31.613,54.479,-26.645,2.642,-19.889,15.346,6.627,9.046,-11.585,0.996,-8.202
53.102,25.079,22.535,-30.798,25.184,-36.148,16.666,19.148,8.572,-13.505,2.468,-9.511
53.954,9.156,28.054,-14.402,30.69,-33.778,-0.522,-22.15,-5.341,14.575,2.668,-0.183
52.926,-25.644,72.982,31.748,13.898,-53.522,34.86,1.315,-26.735,15.538,0.855,19.121
55.332,26.409,61.548,-10.636,7.962,-22.834,20.154,6.173,-4.919,-10.778,9.843,25.394
57.141,88.249,40.141,-22.673,20.636,-23.235,-9.885,20.186,-12.532,-15.998,-4.602,20.661
56.461,140.801,14.737,3.62,-40.137,-11.508,-35.487,-22.07,-16.551,-10.778,-21.504,1.101
54.88,49.947,19.528,-16.142,-20.392,-10.31,-16.62,-7.352,-10.952,-24.815,2.931,6.138
53.865,4.391,7.582,13.161,13.222,-59.15,20.191,-5.817,-8.44,-8.099,6.248,30.927
53.608,-5.727,21.944,-2.554,10.896,-18.014,15.09,-18.903,11.905,5.384,-4.297,19.174
53.641,-12.432,21.976,21.238,27.274,-19.22,27.378,-7.713,16.735,-24.032,-25.329,10.161
49.891,-78.115,32.912,-29.148,-3.826,-32.583,0.632,15.192,-5.558,-8.964,6.989,1.633
53.238,7.441,16.598,-7.33,-9.673,-62.22,12.048,-20.69,-22.253,-7.436,3.497,2.149
53.773,36.559,55.754,-9.877,-5.62,-33.282,11.72,4.172,4.442,-5.322,5.723,-0.496
53.604,35.466,52.935,9.525,-28.841,-28.39,18.887,-3.318,-18.464,6.54,-18.873,-5.502
52.956,4.325,56.389,15.379,-15.816,-24.848,26.101,-10.908,-21.049,-7.683,-14.074,-6.835
51.752,-23.23,57.521,-11.913,-16.386,-39.682,41.003,25.384,-8.073,-6.077,-7.085,2.896
53.092,51.77,26.508,-25.122,12.213,-31.513,25.427,22.323,-11.022,-8.305,3.182,1.085
54.169,49.288,31.606,-26.532,23.086,-15.332,11.335,21.576,-10.85,-0.297,-1.761,11.156
55.296,27.833,30.726,-7.188,-1.703,-24.814,-10.259,-8.397,-14.994,1.713,-23.634,-18.268
53.912,46.326,16.516,-17.862,34.36,-19.936,11.818,-41.572,-15.07,-17.347,-19.485,7.766
52.164,24.997,22.246,-5.974,-2.909,-36.889,25.966,31.742,-7.132,-13.66,3.233,-14.691
52.994,26.108,41.65,-32.166,-9.596,-30.32,38.068,-9.814,-30.612,0.035,1.402,4.645
55.41,46.42,59.349,2.703,-15.138,-26.688,-23.603,0.024,-26.133,-19.07,-8.37,14.009
52.48,14.435,17.678,-22.723,13.258,-33.892,-47.909,-14.562,3.795,16.447,-12.194,2.855
52.018,2.349,6.501,-27.351,40.005,-25.976,-30.362,-15.915,7.453,-2.079,-10.935,9.664
48.973,-78.317,34.241,-10.758,27.585,-25.133,-4.138,-2.912,13.059,-3.699,1.38,1.484
48.389,-60.217,54.015,6.681,20.44,-47.594,13.435,4.439,2.176,11.447,-4.369,-2.107
46.703,-8.841,54.06,-21.592,9.37,-36.844,10.279,10.581,16.606,7.112,-12.09,-26.846
48.002,-20.801,53.554,-15.405,35.219,-25.278,-6.377,0.901,18.677,-2.423,-18.841,-16.377
46.32,-79.489,-6.373,-39.103,4.141,-17.634,-6.877,-7.407,0.604,-2.95,1.874,10.741
49.594,73.703,-30.977,-54.018,100.616,-26.323,8.314,29.408,10.292,-55.028,22.746,-6.367
51.831,-15.781,48.297,20.213,11.781,-4.971,-56.418,-3.679,-26.951,6.786,-28.491,-26.85
49.572,128.907,2.901,-58.176,16.987,11.214,-14.979,-68.783,14.511,-8.141,-7.151,-27.05
52.128,-15.858,30.482,-1.744,27.416,-27.301,2.455,-12.284,-41.494,-5.892,-8.258,22.382
49.491,-38.845,-17.811,-35.529,65.249,-35.417,-7.867,9.519,11.451,-5.097,5.439,22.169
49.186,-16.957,-15.328,-15.935,49.405,-21.195,-10.099,10.589,-3.879,-7.844,-27.729,23.15
45.305,40.092,14.898,-14.318,36.532,-19.791,13.052,-79.09,-56.075,-20.549,-15.738,7.565
46.656,-83.877,16.447,-40.648,22.683,-19.162,-77.631,-11.939,-0.947,-23.252,14.166,-12.445
47.602,-53.564,18.059,-37.28,43.979,-25.997,-94.364,-23.932,19.502,1.814,12.799,-5.077
48.219,-59.952,35.512,-40.102,47.932,-23.469,-80.691,-15.164,5.471,-1.126,7.877,1.637
47.938,-66.771,29.004,-37.983,51.553,-20.555,-81.498,-12.005,9.932,-5.952,8.124,0.943
47.897,-33.564,34.578,-37.037,45.51,-18.252,-84.295,-4.587,5.671,-6.917,3.092,-1.315
48.892,-12.275,33.381,11.19,44.812,-6.307,-79.977,-12.347,9.98,-19.361,2.217,7.897
44.719,-85.398,21.42,-29.604,46.862,-30.428,-86.854,-19.12,6.538,5.069,6.872,-5.797
43.851,-44.189,25.282,-10.224,29.501,-37.563,-89.909,10.321,9.897,-3.712,4.201,-12.794
45.404,18.3,41.072,-0.475,29.627,0.448,-37.885,-15.785,15.686,-3.287,2.099,1.985
44.177,6.361,42.924,-32.489,27.9,-23.792,-56.913,-14.891,25.41,-3.4,8.271,-16.422
45.254,-2.823,60.375,-5.98,32.168,-35.319,-57.748,-19.093,-2.201,4.615,2.355,-25.23
45.133,-8.19,74.626,15.622,19.66,-21.507,-57.161,-15.358,-15.68,-3.693,-5.96,-15.244
49.516,-4.056,10.304,-12.547,-14.367,-28.163,-7.4,-19.366,11.377,18.818,10.63,-17.0
51.433,26.754,-35.53,-20.233,14.839,-5.649,-13.068,-3.173,23.914,-14.38,3.72,-6.493
48.1,-13.619,-47.95,0.198,-32.966,-27.837,-3.867,-21.381,5.51,2.784,9.937,-9.092
46.974,-7.603,-22.244,-53.545,-9.366,-36.726,-15.322,7.049,-0.23,4.619,-3.101,-0.044
47.565,-26.294,-22.526,-6.097,-40.556,-77.985,-15.609,-6.123,-0.718,14.884,-10.418,-14.004
50.326,53.319,-52.054,36.787,9.17,-57.251,-35.898,0.234,5.533,-13.554,-36.643,9.59
41.442,8.772,-91.933,19.891,-55.735,-111.253,-49.342,-23.586,-0.333,32.064,-26.621,-0.227
39.254,6.494,-29.044,-100.275,-28.407,12.526,-13.726,0.593,10.785,6.897,-52.461,3.549
53.197,52.137,16.087,-37.423,7.87,33.672,-3.29,-9.207,-10.289,24.684,37.633,-18.011
54.851,33.281,45.777,4.1,19.953,-30.161,3.889,3.442,-24.034,-14.006,4.576,8.827
54.467,70.693,13.939,-23.583,-10.717,-38.682,-21.601,33.67,-19.533,-16.846,-4.219,-9.285
52.945,8.452,26.521,-24.11,2.723,-47.46,7.953,-18.287,-25.105,37.285,-4.108,-6.55
54.602,50.247,33.321,-11.138,16.545,-37.766,9.084,-6.507,-2.675,4.297,-8.778,23.695
54.591,53.229,13.501,-9.574,12.046,-44.35,3.441,10.86,-19.94,-5.988,-23.217,17.847
53.42,-11.361,62.28,-15.295,18.337,-29.802,16.79,22.799,-23.223,-11.654,3.062,14.334
53.17,17.383,42.88,26.358,16.991,-18.209,13.684,5.165,-15.065,-10.702,-27.489,15.471
54.228,57.133,21.508,-42.786,10.621,-23.708,6.814,-17.08,-26.342,3.626,-1.029,-17.789
54.877,41.723,66.063,12.915,1.214,-38.635,35.353,-6.773,-21.455,-1.186,-12.753,12.076
54.893,87.508,35.874,-2.182,-10.543,-23.315,-19.672,13.152,-9.044,-3.78,-12.6,-7.904
52.649,83.079,-26.011,-23.646,22.082,-48.837,-11.84,28.154,-4.166,-27.467,6.223,8.552
54.324,64.447,41.81,-4.57,19.091,-6.871,-1.287,5.205,-9.991,20.193,-0.208,-11.499
53.894,57.172,11.764,-21.807,-29.013,-31.003,-26.875,-24.793,-1.651,8.931,-20.857,-23.397
53.773,30.882,50.415,-1.053,-2.627,-21.538,15.266,6.355,-35.822,7.637,19.977,21.119
54.752,71.675,27.639,-24.247,-22.503,-30.612,-23.573,4.143,-20.943,-22.155,12.526,-8.268
54.744,118.829,2.718,-6.082,-10.299,-19.358,-24.532,-29.807,3.861,-14.57,-14.88,6.842
53.696,50.015,22.027,-28.102,2.294,-30.544,17.459,-29.408,-2.08,11.143,-6.973,-11.377
54.32,28.597,69.923,7.143,8.102,-32.006,49.952,-0.027,14.644,17.792,-25.339,-6.752
53.18,13.178,55.418,28.1,11.87,-19.248,15.862,-5.695,-0.416,-7.948,-29.759,-3.454
53.121,56.251,-4.209,-22.102,20.402,-35.291,-11.098,-4.026,-8.912,-15.425,18.51,10.097
55.738,66.916,41.617,1.569,3.774,-27.082,3.574,8.616,-13.364,1.541,-0.441,-7.205
50.588,27.275,2.764,-9.411,-38.085,-30.289,8.509,-15.15,0.048,4.026,10.264,-18.592
51.595,50.964,24.885,-42.765,0.145,-19.569,2.602,-22.163,-14.062,-8.481,-12.556,-13.012
53.511,73.624,-12.043,-54.973,8.002,-14.717,-27.109,16.805,-7.974,-2.573,10.03,-5.791
54.377,79.461,2.054,-10.926,6.503,-16.756,-34.587,-16.565,-8.117,6.485,-25.278,5.381
52.2,52.174,4.494,-13.584,-32.377,-19.478,-16.987,-15.676,-29.959,-1.009,10.966,2.137
54.693,69.047,23.381,-29.513,-30.745,-12.815,-26.208,3.928,-13.161,-4.543,5.103,-15.648
53.505,69.552,-1.647,-37.058,5.637,-28.848,-18.683,31.455,-6.626,-4.324,5.903,12.627
52.489,97.342,18.473,-27.641,10.45,-31.404,22.735,19.554,6.177,4.824,-12.721,16.616
54.303,81.055,25.234,-47.533,7.062,-19.846,-9.533,2.209,-5.796,25.464,-0.717,-21.542
54.083,57.465,34.379,-11.926,-0.128,-21.443,-5.92,-4.457,-34.33,4.648,2.176,7.154
54.947,84.569,24.815,-31.367,-32.655,-45.281,-40.018,10.755,-20.024,-18.027,7.774,-16.002
54.34,62.76,41.948,-9.138,-6.455,-12.129,22.96,-9.737,4.002,-21.644,-15.984,6.626
53.354,4.2,69.834,-7.304,6.162,-37.124,34.194,21.259,-6.697,-9.867,-9.777,5.511
55.091,66.321,22.123,-23.653,5.872,-34.477,-22.349,-2.846,-1.402,-17.718,-14.736,-27.021
53.827,94.238,16.861,20.373,-14.789,-19.76,-30.686,-12.04,7.53,-1.238,-30.391,-16.079
50.312,42.389,-10.776,-5.21,-23.414,-47.513,6.455,-5.345,-3.08,8.417,3.174,-10.074
52.401,-1.435,47.607,-26.703,7.565,-3.438,5.792,29.516,-12.053,4.052,-18.13,5.928
52.948,45.015,42.05,-56.939,-1.121,8.681,16.143,-4.843,4.387,-19.383,-17.058,-4.904
54.469,28.537,44.07,-20.684,-4.449,-52.121,-0.97,21.522,7.688,5.135,-7.024,-33.554
54.427,74.423,16.294,-18.567,-6.459,-11.887,-50.929,-14.725,17.904,-17.115,-16.617,-9.357
53.036,90.367,-27.471,-18.283,20.053,-30.549,-17.878,31.342,-14.477,4.047,6.435,-1.919
54.485,60.216,52.064,-14.467,12.08,6.087,14.616,19.064,-7.217,-6.141,5.36,-16.218
54.282,62.678,17.518,-13.968,-24.928,-18.243,-18.477,-20.183,-0.222,11.959,12.277,-22.661
53.331,37.21,34.794,-26.743,11.243,-26.515,6.27,-5.818,-39.634,2.041,-5.578,7.783
54.58,80.007,15.096,-14.753,-26.581,-43.858,-23.433,2.831,-20.631,-20.522,2.88,-16.765
54.093,120.832,2.2,-5.422,3.47,-21.789,-15.329,0.636,-0.91,-10.767,-7.023,-10.123
53.682,24.669,26.485,-23.588,11.222,-51.63,11.339,-1.087,-0.024,29.744,8.051,5.356
54.465,19.578,43.462,-32.088,26.368,-21.651,31.389,39.072,-12.991,-25.118,6.788,17.304
55.535,83.091,24.885,16.029,36.045,-42.522,20.866,5.308,7.325,13.204,-23.032,30.356
53.164,52.247,-7.863,-25.098,-3.403,-66.365,-4.776,3.611,-2.758,-21.217,-3.509,3.631
53.09,53.503,-9.07,-25.075,1.804,-56.104,-4.11,-14.461,0.481,-14.015,-7.301,4.281
54.439,39.216,-1.887,-24.581,14.422,-50.309,-9.956,5.558,-16.132,-0.212,-27.36,18.856
53.881,39.231,19.714,-24.398,-0.346,-29.477,10.511,-13.656,-13.883,14.224,6.276,-1.629
52.709,-22.856,41.675,-8.405,-18.42,-22.802,17.551,-1.329,-41.008,-21.745,-5.401,-1.39
54.003,38.766,27.963,-18.338,-24.197,-25.567,2.234,22.937,-22.642,-20.536,2.319,-6.997
53.852,51.73,31.834,-27.809,-20.925,-23.307,-14.816,-20.536,-11.492,6.589,-12.141,-3.136
53.74,32.635,26.645,-28.445,-17.174,-21.051,-22.513,-0.304,5.398,-2.649,-4.463,-3.76
54.996,51.137,27.916,-27.872,-1.362,-38.044,-1.102,3.783,11.341,-4.816,-7.391,0.689
54.764,30.805,34.055,-14.427,12.178,-41.482,7.515,3.366,-11.903,-6.108,8.39,27.36
53.289,24.485,37.091,-11.564,-5.387,-39.256,15.441,10.022,-19.339,1.269,-12.216,24.679
52.555,46.84,42.55,1.626,-1.175,-43.687,49.919,-1.722,-2.628,0.915,-9.359,-2.408
53.427,47.0,12.745,-1.357,9.097,-50.216,25.582,-10.113,-15.228,-23.691,-8.404,5.478
52.924,51.223,50.043,-14.755,-8.575,-37.097,37.762,3.032,-20.11,6.153,1.123,5.789
52.425,72.274,9.622,15.841,28.405,-42.513,38.957,-31.057,-28.348,-21.44,-23.47,10.891
54.7,37.226,34.551,3.907,26.386,-34.736,9.551,-13.808,-13.024,8.976,-4.48,12.398
53.046,50.529,27.551,-33.625,24.901,-28.863,-1.63,42.134,-12.993,-20.42,9.01,-4.019
53.973,73.089,33.277,-5.811,3.042,-24.549,18.061,-19.153,-27.426,23.678,-16.304,-10.626
53.467,128.95,20.793,-28.929,9.786,-36.136,30.457,12.183,10.831,-8.609,-7.989,11.554
54.574,81.846,24.735,-14.665,-21.866,-18.945,-20.215,-26.15,-17.414,-8.124,0.537,9.751
54.034,48.424,8.1,-9.816,3.549,-30.507,-1.963,-10.501,-14.114,-16.743,-24.316,-0.524
52.664,25.642,7.063,-18.713,14.949,-30.545,-34.811,-18.151,-23.645,1.593,-1.334,-2.221
53.543,35.462,-11.963,-21.885,17.18,-38.965,-32.736,-31.094,-12.91,-14.43,-26.605,-0.265
52.36,20.65,8.304,-33.905,10.932,-5.701,-38.153,-24.359,-10.246,-27.081,7.363,-18.119
52.881,21.251,10.769,-41.65,-0.873,-19.514,-46.755,3.925,-3.185,-2.76,-13.08,-5.205
52.031,-1.815,11.111,-26.763,2.869,-10.681,-42.478,-9.498,-0.58,-1.055,-11.688,-5.346
52.697,7.597,10.503,-7.698,16.955,-46.854,-38.486,-27.007,-21.163,-0.112,-3.108,-1.596
52.389,12.799,-13.473,-21.667,25.585,-16.393,-32.872,-11.239,-5.854,-25.599,6.468,-2.647
51.602,-1.741,5.007,-31.388,22.135,-20.053,-38.386,-11.452,-0.287,-23.774,9.938,-6.144
51.763,-3.501,-3.613,-23.658,-5.962,-26.927,-34.929,-26.331,-7.651,-6.214,6.99,-15.764
53.277,20.466,15.026,-27.135,24.724,-28.555,-44.535,-24.193,-22.486,-7.727,1.76,-10.373
53.581,1.157,27.485,-47.465,21.708,-15.522,-30.782,4.348,1.977,-28.035,4.388,-8.906
52.994,15.907,35.257,-25.255,10.668,-31.441,-27.462,0.873,-14.254,-25.712,1.764,-13.531
53.138,-8.278,45.647,0.053,3.691,-45.525,-29.249,0.081,-18.025,4.769,-7.64,-2.857
54.145,43.473,-8.657,-29.921,22.705,-54.16,-33.699,-1.162,-3.787,-13.357,-17.28,12.254
52.114,6.185,5.656,-48.306,18.471,-25.623,-23.791,12.843,0.12,6.189,-8.589,5.825
53.7,68.347,2.229,-31.285,24.919,-24.009,-20.345,-21.144,3.6,-2.215,-2.554,2.696
53.648,50.145,13.887,-19.112,3.189,-38.709,-6.461,-15.659,-13.996,-17.633,-12.9,6.801
51.977,39.273,39.551,-17.601,4.19,-28.031,17.541,-4.658,-7.172,-17.262,-11.153,-1.086
51.702,27.737,9.4,-9.764,-5.191,-37.215,10.525,-18.146,3.568,2.888,2.734,-19.655
51.891,34.703,42.527,-4.816,9.755,-23.217,17.642,-8.553,-5.049,-3.206,-12.733,-7.287
53.377,48.062,7.801,-0.19,10.431,-47.88,17.576,-18.881,-14.237,-28.497,-14.124,11.562
52.054,57.512,25.635,-16.49,1.312,-28.839,20.028,-14.665,-16.553,16.253,-6.183,-5.023
51.613,34.039,27.001,-26.258,20.024,-27.839,-6.186,18.897,-4.305,-10.925,-7.842,-2.351
55.08,32.544,32.863,13.919,33.594,-27.189,17.401,-27.068,-4.682,12.393,5.509,15.332
54.31,13.783,86.129,22.704,9.379,-29.181,60.524,-2.52,-43.042,-9.549,0.271,27.128
53.596,-8.282,86.767,7.774,-2.783,-27.548,65.848,22.285,-29.662,-21.469,-3.163,8.48
53.98,18.188,101.046,21.874,16.444,-34.946,56.361,16.143,-37.055,-3.257,-12.528,25.048
54.618,22.124,79.662,17.97,3.457,-29.009,32.429,-10.206,-28.168,-4.162,-0.035,-26.576
54.497,69.544,2.966,-27.685,9.855,-48.51,-14.76,12.898,1.836,-10.657,-6.663,5.055
54.315,31.594,29.531,-3.442,30.475,-34.032,-22.981,-8.227,-16.495,20.861,-18.69,-9.466
52.077,-19.009,17.427,-23.209,13.359,-37.594,-8.807,-6.491,-0.079,8.26,-10.817,7.275
52.377,10.342,9.472,-12.427,19.186,-37.505,1.001,-18.01,-14.275,0.545,-10.44,15.863
53.576,35.223,-5.91,-11.738,4.981,-39.818,1.273,-12.684,-10.215,-23.157,-14.086,11.832
52.783,46.96,13.733,-3.286,3.008,-22.366,15.257,-9.47,-11.148,-12.525,-5.529,3.325
51.772,8.063,47.59,-9.119,-9.421,-36.581,34.439,-0.432,-2.419,-4.194,-4.199,-1.307
52.854,53.81,46.479,2.683,2.202,-49.016,28.006,-19.557,-14.314,4.727,-13.927,-8.959
53.34,56.477,6.597,-11.157,-1.628,-54.814,7.009,-19.756,-25.403,-19.663,-15.164,-1.097
52.228,57.913,39.439,4.503,-13.284,-37.145,26.784,-9.406,-26.618,8.386,-9.553,-5.114
52.462,44.107,47.243,-21.204,1.231,-26.094,11.858,-10.453,1.806,-16.994,-11.246,-1.933
53.334,39.209,12.713,12.354,18.715,-38.208,25.489,-2.681,-0.328,-25.448,4.244,12.469
53.033,52.584,7.025,-48.284,-1.086,-54.923,6.51,22.384,-30.42,8.078,-4.6,3.509
54.197,42.822,30.448,-9.747,15.941,-43.886,10.676,-33.535,-33.982,22.212,-5.376,-12.108
54.833,121.001,19.425,-8.873,-16.286,-26.119,29.764,-7.183,-0.898,-4.24,2.948,19.066
55.143,57.63,14.427,1.478,-1.158,-26.145,-8.045,-20.612,-26.918,-10.711,7.442,21.816
52.259,-10.576,10.844,-2.667,32.779,-36.354,37.74,-6.205,-2.557,-10.026,-0.752,41.442
52.953,7.445,31.537,-35.706,18.668,-12.896,0.028,7.811,0.763,-19.456,-4.08,11.569
53.217,27.598,-21.275,-5.572,29.614,-21.203,-40.556,-55.46,1.761,-1.464,-29.24,2.215
54.183,22.144,-1.253,-30.466,24.614,-18.29,-28.489,-17.986,2.623,-10.033,-0.357,10.325
51.913,-28.748,18.657,-21.557,22.462,-23.859,-45.143,-22.021,-4.18,-5.516,-2.202,3.034
50.805,-58.545,26.961,-33.114,30.544,-23.971,-35.824,-11.344,-4.068,5.202,-2.131,7.325
54.031,26.627,12.733,-43.241,16.86,-27.928,-18.199,-14.704,9.169,-25.415,-10.739,7.377
53.468,-13.745,46.424,4.961,6.429,-31.676,-31.953,-20.896,-6.858,-0.362,3.652,-4.368
51.814,-14.977,52.562,-1.672,-1.118,-36.783,4.253,13.143,2.359,-3.13,3.972,-8.4
51.804,-14.73,59.751,16.934,-0.391,-36.461,23.72,-13.51,15.635,10.561,-6.229,-6.897
49.678,-54.604,56.225,11.365,10.079,-40.784,24.403,-16.355,10.871,14.263,-11.129,-6.116
49.604,-64.377,59.324,23.312,14.269,-42.872,12.79,-4.861,3.919,0.167,-11.299,-5.833
46.605,-87.25,57.993,-0.522,21.565,-32.044,21.025,-12.793,5.972,-7.363,-4.533,9.784
46.524,-95.411,59.31,6.972,28.881,-40.103,20.457,0.676,14.613,-0.359,-1.251,-2.334
46.237,-75.069,66.034,20.949,24.672,-54.118,25.506,-24.811,7.273,12.231,-4.963,-0.705
44.886,-106.443,71.156,-6.819,32.278,-20.698,14.304,3.64,-2.021,-8.622,-11.074,3.528
43.739,-107.19,59.59,-5.109,31.588,-32.307,11.378,-1.257,7.151,-7.051,3.065,4.737
43.605,-103.279,63.192,1.395,26.433,-25.278,16.795,14.557,2.591,-10.384,-9.825,11.329
42.433,-90.658,64.218,-7.854,21.817,-22.548,22.835,9.293,8.155,-8.993,-8.354,-0.682
41.557,-76.091,45.953,0.932,10.227,-47.841,-7.365,-8.323,0.827,-0.9,2.383,-11.002
42.012,-75.816,56.735,16.439,14.336,-20.789,13.914,0.569,2.58,-7.258,-17.806,-4.275
39.233,-74.95,52.641,-13.154,11.749,-12.866,14.519,-0.22,4.57,-10.322,-23.754,-2.955
37.971,-75.553,44.943,-7.86,13.003,-29.995,18.991,-0.791,14.548,-4.82,6.783,-6.092
38.592,-46.377,61.519,15.494,9.825,-11.911,41.89,5.913,18.126,-13.131,-32.349,-4.069
34.858,-116.847,47.072,25.562,16.345,-5.855,34.924,0.433,1.562,-24.017,-29.158,-6.993
36.16,-72.887,54.874,-11.241,12.797,0.243,19.381,9.618,5.345,-14.413,-16.042,-2.188
34.46,-43.407,42.745,2.174,0.174,-34.348,17.575,-7.724,5.99,-3.303,7.297,9.192
35.647,-40.29,64.505,18.266,15.686,-3.335,19.046,4.301,1.373,-12.396,-18.746,10.351
31.681,-93.2,53.006,37.405,16.062,-18.345,25.628,-15.024,-15.982,-13.118,-8.264,4.634
32.857,-41.634,70.169,2.595,13.969,-1.007,24.236,10.013,1.251,-12.017,-14.326,10.329
30.779,-20.406,55.483,0.795,8.765,-23.86,-0.117,-18.549,-3.649,-3.298,9.595,11.151
31.93,-41.232,84.974,13.367,31.594,0.315,-3.778,13.76,-6.423,-21.151,-21.085,14.685
27.84,-81.467,70.006,39.039,25.343,-21.323,7.733,-2.658,-29.437,-24.478,-8.016,11.028
27.419,-33.674,76.694,18.052,14.682,-11.174,9.136,29.734,-3.927,-10.856,-6.855,9.381
26.392,-34.712,101.914,-24.959,25.502,-27.265,11.608,17.33,-8.214,6.402,-5.274,4.335
24.183,-60.207,76.426,14.763,35.061,-4.335,0.482,22.488,-21.081,-24.866,-16.949,10.122
23.063,-27.734,73.738,10.557,19.62,-13.003,1.523,24.096,-9.156,-7.331,-10.548,5.272
21.952,-13.535,85.559,19.739,26.425,-8.226,15.971,19.961,-3.198,-12.844,-20.371,9.738
18.676,-41.81,68.971,29.642,52.966,-21.061,4.662,20.285,-31.452,-13.119,-12.353,-0.175
16.719,1.272,59.3,28.848,31.549,-18.506,4.149,28.746,-22.915,-5.191,-10.936,7.404
11.81,30.758,57.175,26.34,56.478,-31.797,22.526,35.056,-30.639,-9.909,-18.364,-1.663
4.417,109.513,12.023,40.389,66.802,-54.778,-6.961,62.31,-32.911,-20.181,-2.21,2.852
