0.0,171.13,9.469,-28.48,57.491,-50.067,14.833,5.359,-27.228,0.973,-10.64,-7.228
28.212,-7.35,44.724,-194.439,6.621,64.101,15.344,28.903,-26.877,6.867,-6.898,4.171
37.892,54.195,5.784,-33.103,-27.337,10.688,-40.713,-2.616,-16.952,-21.99,-16.129,-4.612
38.801,36.948,1.643,-28.149,3.231,16.447,-44.308,25.053,8.019,-27.498,-37.399,-15.541
37.144,81.244,-10.5,-13.539,-32.096,-5.941,-30.969,-12.261,-11.725,-11.993,3.978,-1.196
45.314,138.723,11.313,36.945,-37.554,51.208,-74.391,7.469,-29.739,-9.404,-23.27,-30.675
43.354,141.671,27.232,-6.483,-25.49,20.853,-73.554,-14.253,-27.306,-9.619,-16.913,-20.82
40.426,88.538,29.155,17.804,-33.258,-4.917,-52.947,-15.37,-21.681,4.379,-19.266,-18.265
39.355,109.289,23.35,1.647,-47.878,-12.871,-74.881,4.321,-25.598,0.018,-8.673,-18.884
35.033,49.782,18.423,-2.788,-4.808,-15.076,-23.52,21.674,-7.699,7.394,-16.926,-2.112
35.089,26.71,26.659,7.25,11.494,0.983,-30.01,25.552,16.837,-10.899,-24.491,-9.224
42.296,138.111,26.284,-3.45,-4.205,52.466,-82.45,-15.549,-23.912,-9.664,-13.81,-23.349
42.647,98.783,-4.911,7.351,-12.973,61.701,-85.054,-5.691,-6.743,-11.654,-10.205,-20.556
34.888,107.546,27.417,-38.524,-24.555,-1.505,-77.123,-10.192,-7.403,-21.231,-7.663,-10.725
41.883,39.557,41.609,-21.566,3.702,47.615,-40.9,-2.343,-13.431,8.301,-9.78,-3.938
48.152,95.768,84.96,5.89,9.038,-1.129,-36.636,-9.694,-28.698,-4.661,-6.211,31.923
45.955,68.844,33.189,101.243,6.095,-13.752,-75.799,-11.491,-25.945,-23.012,-55.724,7.685
45.025,102.116,85.118,99.958,25.97,12.116,-55.897,-4.212,-17.212,-14.079,-52.665,9.926
48.097,131.698,110.614,-11.68,29.226,93.576,-44.286,12.564,-24.087,1.118,23.24,-0.74
45.878,130.952,83.165,51.571,24.555,4.352,-82.748,-32.364,-13.347,-11.11,-14.493,-1.677
37.481,112.338,54.244,13.087,-5.069,0.115,-92.839,-17.164,-22.469,-7.275,-16.582,-16.389
40.734,76.81,71.048,15.916,25.102,76.881,-49.821,-7.822,-24.666,-6.814,0.07,-1.522
40.874,131.358,42.788,-30.183,6.784,89.202,-62.795,-32.913,-19.204,-2.13,0.524,-19.536
46.948,72.131,54.651,13.488,-14.245,1.442,-49.388,-12.467,-24.031,-20.791,-23.182,-17.986
43.624,31.541,42.657,-8.755,-23.05,-12.142,-46.982,-18.032,-25.993,-6.629,-2.925,-16.382
42.623,47.571,23.547,23.121,-24.144,-16.311,-54.488,-51.968,-19.562,-6.71,-10.149,-11.48
42.006,73.389,-13.436,27.132,-16.173,35.01,-60.555,-23.267,-8.974,-16.023,-12.441,-17.849
36.102,7.375,-0.03,-42.581,-11.854,-4.47,-58.548,7.666,-6.59,-7.839,-37.227,-5.733
34.045,30.699,-29.574,-16.981,-29.024,-10.279,-78.344,-50.092,-7.479,10.854,6.374,-17.814
45.654,143.068,21.273,62.042,-36.507,52.139,-94.036,-3.361,-41.951,-21.729,-29.518,-28.828
43.226,147.417,17.915,-13.042,-22.785,45.111,-79.078,-15.536,-25.212,-9.241,-17.492,-19.597
40.15,84.923,32.493,23.174,-34.623,-6.622,-64.194,-25.754,-25.174,1.13,-32.684,-14.738
38.264,92.63,4.123,13.218,-41.141,13.464,-86.438,-0.805,-19.193,-18.414,-30.952,-21.054
33.861,-8.994,9.807,22.928,-4.728,-10.542,-40.797,13.732,8.012,-7.989,-6.756,-10.722
34.696,5.174,7.267,15.67,11.726,10.579,-47.826,21.86,27.16,-19.737,-29.214,-13.09
42.053,138.354,17.485,-4.257,1.183,60.646,-83.939,-14.869,-20.868,-11.188,-21.136,-24.128
43.598,91.11,-17.742,25.844,-18.344,26.67,-96.263,-22.322,-15.028,-12.042,-28.61,-17.712
33.472,99.267,-0.311,-32.333,-39.852,-3.375,-82.612,-8.493,-5.856,-8.392,-21.262,-21.719
47.09,104.269,51.216,-2.242,2.564,54.764,-47.892,-17.294,-20.623,7.88,33.79,4.939
47.476,122.184,61.804,33.853,-7.524,-27.516,-65.616,-18.128,-22.873,-10.899,-8.7,9.446
45.828,84.384,35.927,120.725,-2.361,-0.279,-58.935,-19.612,-39.097,-25.989,-45.919,16.55
46.362,133.232,74.667,115.848,17.604,2.431,-65.925,-8.871,-3.964,-14.466,-37.794,11.675
48.211,142.286,80.28,31.373,27.894,63.627,-62.858,-0.709,-18.522,5.799,39.224,-10.841
42.028,95.657,69.85,58.037,18.724,-11.749,-100.077,6.594,-19.346,-11.626,-11.321,-12.98
42.117,74.851,59.596,34.349,34.374,84.271,-54.524,-9.246,-13.399,-8.511,29.145,-8.026
41.238,125.871,25.934,-13.595,11.321,87.851,-58.091,-18.199,-11.096,-9.7,-9.983,-18.238
43.632,121.378,11.498,15.024,-27.902,20.912,-46.975,-14.532,-1.26,9.691,-5.974,-30.474
41.395,90.778,2.776,53.824,-24.203,-7.239,-44.882,-25.021,11.769,-7.547,-20.297,-27.044
36.359,55.233,2.69,-36.008,-3.165,-42.046,-27.037,-1.807,32.628,14.574,-8.331,-10.972
39.684,93.985,-19.312,57.558,-18.354,36.759,-57.052,9.283,5.248,-20.141,-27.658,-25.691
33.963,120.985,38.203,34.416,7.586,29.096,-64.311,-11.975,-16.541,-5.602,-17.376,-15.985
28.186,101.1,40.597,-39.892,-28.212,1.107,-46.966,-15.742,-12.125,-15.957,-19.777,-15.203
46.134,147.909,45.345,47.178,-16.101,57.667,-81.44,-22.551,-34.131,-10.111,-1.09,-34.354
43.129,127.625,54.109,-5.175,3.902,25.46,-74.159,-25.626,-10.989,-24.2,-19.009,-22.311
40.724,92.652,55.201,34.319,-14.986,-13.586,-66.257,-20.973,-11.363,3.414,-16.331,-28.224
38.952,82.034,49.927,17.816,-5.995,4.994,-67.591,-14.043,-4.723,-0.857,-24.513,-26.922
33.022,15.981,42.268,43.686,14.147,-12.929,-42.283,24.753,12.574,-7.801,-17.71,-17.76
32.277,52.08,71.984,49.171,60.792,15.045,-62.127,21.353,24.26,-17.418,-26.42,-14.2
41.71,136.35,19.61,-8.761,-1.49,74.937,-79.261,-19.831,-21.69,-0.575,-12.536,-24.047
44.122,84.618,4.847,23.779,-16.609,4.003,-69.15,-23.857,-1.763,-2.979,-0.075,-21.816
39.408,64.34,18.079,29.928,-0.008,-8.449,-41.41,-18.923,25.824,-12.791,-11.294,-32.322
35.727,86.84,9.929,22.995,-8.84,42.511,-71.748,33.534,16.829,-31.274,-57.339,-28.449
32.428,123.86,10.142,25.603,-17.251,27.016,-83.18,-9.104,-15.937,-0.05,6.26,-29.367
40.716,74.553,106.412,-114.077,33.579,105.346,-35.447,25.051,-8.01,-30.553,-33.798,-4.345
45.013,117.931,93.898,25.74,51.091,1.128,-43.797,-11.995,17.608,-0.634,1.221,-10.143
40.808,82.782,81.993,63.392,46.888,-8.746,-56.65,-4.939,11.526,0.312,-30.734,-2.065
27.544,35.864,68.297,37.425,31.224,-15.589,-70.218,-10.113,-1.045,2.345,-16.186,-9.703
30.607,46.446,43.92,18.654,38.566,39.542,-86.124,-1.664,10.816,-14.552,-25.044,-27.199
39.667,137.503,52.605,-18.242,27.093,118.614,-71.273,-7.101,-9.773,-15.89,5.511,-27.771
42.055,119.776,44.497,59.603,-8.339,11.114,-50.78,-33.514,-7.205,5.565,2.547,-31.356
34.554,65.278,83.972,36.197,47.265,5.034,-37.364,-1.027,19.048,-17.396,-42.834,-0.759
38.333,108.131,13.844,48.79,1.933,65.839,-43.66,0.056,2.288,3.733,-2.52,-19.387
34.942,102.5,60.398,34.656,36.83,21.383,-38.35,-12.399,-1.2,-3.282,-10.872,-0.814
29.895,79.232,79.676,-1.426,26.197,1.907,-25.971,-9.16,14.77,-16.306,-16.768,-10.859
44.365,156.747,66.118,54.076,-4.572,70.256,-94.411,12.396,-39.953,-11.5,-15.501,-29.951
41.909,154.639,61.997,6.225,6.942,40.699,-81.998,-13.888,-23.334,-12.481,-12.03,-14.393
39.736,117.784,103.267,18.745,8.836,-9.854,-67.763,-25.871,-27.767,8.151,-5.45,-17.386
46.287,70.754,-10.519,-80.887,13.63,-8.992,-74.7,-3.725,-8.018,4.095,-3.152,-32.839
49.994,78.715,44.813,-58.228,27.7,-20.966,-55.657,-49.904,-22.181,0.885,3.568,-37.566
52.179,51.694,110.973,17.287,73.124,-36.948,5.765,-9.969,-11.484,2.689,-4.071,-7.44
51.159,69.204,61.543,39.404,33.002,-15.111,-56.702,18.528,-15.231,-16.958,-27.861,-11.138
48.975,66.815,13.902,-44.532,31.722,16.577,-73.786,-14.454,-15.601,-0.015,-9.79,-18.431
49.636,28.037,39.257,-8.145,53.456,-7.867,-55.286,-7.513,-16.699,-2.323,-12.354,-25.778
48.723,54.924,10.218,-7.855,27.36,-4.903,-62.796,-31.073,-3.6,2.212,-8.595,-33.7
47.147,42.849,13.837,-16.922,39.948,-24.153,-55.404,-8.988,-17.852,-0.02,-2.903,-16.533
48.567,115.926,-5.789,44.81,-18.856,9.683,-97.303,-29.737,-26.751,2.006,-27.169,-28.37
42.934,88.224,16.492,13.725,-14.523,6.847,-69.626,-40.012,-13.893,-17.529,-18.686,-20.87
41.542,26.901,-43.465,-26.947,-57.483,-11.417,-30.482,-8.074,7.03,10.574,-27.826,-37.494
38.666,-27.492,-58.112,-38.617,-30.485,-29.371,-9.34,8.888,4.275,-9.78,-9.59,-27.899
35.017,-42.569,-9.173,-35.415,-34.902,-13.858,13.738,-3.968,16.25,-17.02,-5.098,-8.187
46.467,0.206,-31.047,-92.862,41.453,42.142,-9.688,3.283,-0.6,9.305,-2.18,-13.396
47.556,50.211,-55.334,-49.824,-4.774,-27.084,-41.897,-8.546,-5.031,8.387,-20.178,-27.248
47.747,55.576,-50.002,-30.492,8.436,12.66,-50.648,-8.084,-3.555,-15.947,-17.404,-33.737
41.802,-96.849,-104.639,19.908,-53.554,-113.378,-35.147,11.738,5.379,13.705,-11.757,-10.45
37.462,-11.768,-65.627,-38.758,-61.819,-18.999,-8.642,-10.394,-3.768,7.085,-8.988,-11.539
41.344,51.357,-2.127,-27.253,-51.294,8.396,-23.254,1.185,12.657,2.806,3.198,-36.067
50.573,24.271,68.078,43.775,61.043,-10.743,47.991,14.47,-17.455,12.629,-4.082,-3.785
40.606,-124.53,-97.395,31.516,-25.853,-130.719,7.357,7.127,-3.822,10.339,-5.584,11.775
35.234,-18.072,0.36,24.465,-6.771,-39.985,54.285,-0.187,-3.25,-7.153,-7.959,8.892
40.131,-23.827,-13.441,-129.541,98.289,3.37,40.234,29.05,-21.165,-9.666,4.719,26.755
48.284,-1.711,-2.044,-51.314,80.096,-23.746,51.369,14.937,-59.81,-7.155,4.092,30.471
49.747,-9.821,-30.91,-10.542,-22.588,-18.688,-4.843,5.894,-9.741,26.216,-11.756,-3.149
49.417,79.071,7.781,-26.857,-41.731,-6.977,-5.351,-10.556,-2.677,-13.409,-6.234,-0.916
48.323,30.869,-4.206,-42.009,13.81,-36.052,-6.145,-1.975,-12.423,-10.054,-5.698,26.152
49.567,-2.335,12.86,-3.041,32.664,-28.813,-20.851,-18.804,-22.163,7.463,-15.983,-18.129
41.827,6.023,30.422,34.503,26.269,19.065,-5.411,-31.527,-30.321,4.562,-18.922,-3.788
44.829,-12.09,21.285,-105.81,67.473,12.946,8.004,-14.6,-13.013,26.638,4.076,-2.971
49.097,-23.981,-13.397,-40.934,31.041,-88.527,8.424,30.345,-3.172,5.246,-2.854,-1.083
47.667,67.101,25.234,-22.245,74.036,3.928,-11.927,51.45,-25.267,37.51,-31.529,-1.694
46.695,-2.901,-65.608,-7.496,-9.428,-73.069,-16.155,34.716,-11.175,-2.22,-16.857,-12.123
40.587,-34.8,-81.364,-9.303,69.671,-1.346,5.684,-35.596,-37.159,18.022,-2.889,19.873
48.237,-35.807,7.921,-110.379,63.575,50.007,67.014,40.219,-25.854,18.62,-2.416,-8.561
49.418,22.465,-1.474,42.329,40.699,-26.804,13.003,1.861,-7.524,-3.396,-50.458,-13.271
40.64,-24.228,-15.95,-39.345,19.334,-5.073,40.728,-33.517,-12.703,-5.294,-40.497,17.047
45.647,-40.06,-38.773,-34.085,59.428,33.025,6.977,35.872,34.561,16.492,-26.615,-8.763
43.677,-23.764,-21.646,7.792,27.589,-8.001,-39.638,10.476,2.189,12.218,3.605,-16.619
46.58,-32.959,35.142,-3.566,57.847,25.736,5.986,-13.828,5.559,30.164,-37.586,-11.196
39.324,-41.236,-37.474,-17.897,19.209,39.65,30.474,10.49,5.809,11.916,-18.508,-0.189
39.422,124.933,15.171,-40.905,49.698,-7.606,-3.988,130.444,25.842,-14.76,-9.192,9.215
47.493,79.396,-1.774,-76.938,17.446,2.254,-3.727,-21.847,-12.173,79.391,-12.458,2.618
48.846,51.049,-18.253,10.402,-22.822,-11.99,-14.21,-36.65,30.136,6.827,-40.095,3.479
46.372,30.108,-6.068,-52.763,-2.223,28.508,-36.997,15.725,11.487,-26.653,13.309,-26.415
46.906,-69.089,-64.478,-25.816,-15.805,-78.29,12.265,-15.234,-4.408,5.912,-0.47,-13.894
49.807,-25.497,45.942,-7.077,34.01,-19.266,18.135,28.989,-11.148,-13.405,-18.285,-33.593
45.735,4.739,7.471,0.495,7.496,-12.606,-31.684,1.798,-33.105,8.3,3.707,-0.455
49.831,18.056,36.189,-60.258,20.722,31.19,1.033,-13.692,-9.597,20.984,-11.802,19.716
48.474,37.665,67.595,81.025,31.236,-20.815,-29.675,39.569,-0.933,-20.087,-15.164,11.796
44.416,36.279,-37.282,-17.102,-1.918,-4.226,-12.93,-19.05,-7.817,10.35,-21.407,0.481
43.854,-10.683,-8.3,-62.265,17.116,58.726,9.975,-5.564,-7.614,4.127,-21.949,-7.272
42.035,-29.431,-36.191,-47.536,-2.334,-22.534,-34.844,17.365,-15.411,-15.207,-16.571,-16.675
43.163,-26.864,14.467,-24.543,4.91,-2.536,34.113,14.246,4.052,9.949,1.277,16.619
50.457,115.232,-21.223,-105.958,-0.373,2.261,-2.306,-15.115,-9.221,9.608,2.682,2.211
54.296,45.724,4.587,-0.355,56.371,-45.518,52.683,-6.931,25.129,16.083,-21.574,40.391
53.329,71.721,-19.894,-46.268,86.29,-55.299,63.381,27.228,19.577,-6.725,-1.166,17.737
52.039,48.54,-12.089,51.76,24.369,-26.666,19.523,1.415,-21.885,9.289,-44.937,37.349
50.532,121.541,-20.251,16.536,-8.864,-13.775,-44.81,27.231,17.652,-1.737,-27.188,-19.558
49.551,41.443,2.088,-50.618,30.433,21.113,35.928,-17.096,-35.7,78.563,-17.112,13.413
49.465,-12.324,-0.114,-8.112,32.316,-5.453,-15.795,-17.844,-26.642,22.993,-0.086,-21.942
47.941,-25.444,5.401,-6.123,4.627,-25.836,-19.332,-17.252,19.606,3.007,-25.102,8.14
49.235,-51.994,2.638,-41.817,14.01,-44.889,12.941,25.666,5.697,-3.831,-16.556,-26.047
45.431,-36.07,4.182,37.981,49.058,-11.73,-32.945,23.092,14.401,-1.279,-39.467,-33.526
46.117,28.442,13.528,-50.786,-35.517,19.524,8.651,-5.124,-10.582,33.877,-29.046,-1.264
47.489,46.477,-2.973,-13.569,-23.068,-21.918,7.374,36.316,17.142,1.53,-16.213,-5.57
53.25,35.781,44.093,-39.322,40.116,-2.16,40.824,6.975,-9.534,11.22,6.706,22.628
54.641,52.583,61.517,1.944,7.566,-23.642,51.435,-14.585,-16.225,-0.524,-22.592,39.808
50.218,19.329,-1.418,65.889,0.556,-5.088,52.886,2.196,-2.227,-44.452,-57.302,23.482
48.234,106.339,29.448,-69.347,-5.49,48.139,-27.004,62.355,-12.035,-35.928,-0.361,1.106
48.38,73.071,15.461,-63.176,43.836,2.932,56.238,-75.594,-43.852,67.006,-21.791,26.981
52.472,40.369,18.54,45.16,34.34,-27.442,25.47,48.872,3.109,-8.119,0.562,27.434
47.625,-75.766,-34.457,-9.397,-13.859,-18.666,32.549,-0.982,-11.29,27.463,4.366,-4.262
49.407,-55.144,30.801,-11.664,42.472,-23.829,26.118,24.984,7.654,-9.391,-14.023,-61.013
48.843,-21.012,19.5,-5.91,48.089,-38.964,-4.174,-3.99,-21.151,-6.046,-37.282,-56.382
46.489,-12.379,-4.549,20.212,3.774,-5.092,-36.055,25.646,-15.997,-15.057,-13.522,-30.03
51.422,-38.172,-0.609,-2.796,-25.305,15.366,13.631,0.451,-16.81,21.248,26.173,-25.15
52.081,1.638,54.036,-3.593,14.523,-37.286,75.368,9.818,-2.757,-9.453,-11.907,-19.098
51.918,3.747,79.833,12.255,54.348,-41.393,66.53,14.166,-10.423,-14.833,-3.593,-23.56
51.189,3.992,64.69,3.403,52.547,-25.182,18.765,-3.007,-1.467,1.318,-29.801,-13.373
49.854,-19.916,46.37,11.476,21.118,-27.278,26.425,29.029,3.526,-6.711,-19.775,-9.005
44.753,-52.229,-6.454,7.231,-26.528,-87.714,12.768,15.047,0.447,-11.809,-5.235,-8.19
42.445,-65.314,-7.75,1.928,4.816,-47.243,35.926,16.233,-10.12,-34.118,-10.846,-7.441
50.228,-45.402,-47.893,-10.011,35.352,-19.406,0.252,-7.11,32.436,27.67,23.124,-6.487
51.096,-6.124,32.644,-23.67,63.972,-18.457,-21.955,6.502,43.321,1.601,-6.972,-10.717
50.405,5.268,123.909,12.144,109.992,-12.712,-32.166,-1.085,13.097,2.95,-9.331,4.7
50.954,22.748,104.608,17.779,105.232,-11.38,-4.28,6.478,3.997,-4.565,-17.066,10.181
49.138,-44.363,9.387,1.645,65.195,-91.455,21.736,-11.86,26.464,32.714,-22.587,-22.934
49.382,-38.275,49.083,0.845,89.372,-42.386,18.125,5.464,12.098,8.279,-12.305,-14.114
50.073,-36.878,11.061,-1.323,49.864,-43.725,10.913,2.509,8.495,-0.355,-7.325,6.106
48.1,-27.866,-45.628,-13.931,50.878,-51.241,-7.725,-6.138,-12.853,3.384,-34.072,6.246
46.913,-37.76,9.629,-48.036,24.716,-13.895,-8.91,8.22,9.692,-8.801,-16.672,-23.712
48.087,-28.806,36.79,-22.796,57.831,-33.643,-5.933,0.037,7.492,11.117,-0.836,-7.581
47.846,-18.367,-24.006,27.804,10.185,-42.752,1.904,22.874,-3.432,6.255,3.798,3.917
41.346,8.882,16.831,-17.264,-17.545,-28.256,-26.764,6.303,11.824,18.71,-5.798,-8.319
44.19,-64.345,-48.669,-16.036,-47.861,-91.5,-16.36,11.439,6.098,-1.555,0.075,-14.971
46.672,28.671,21.258,-124.231,33.714,-22.507,-10.782,19.778,-0.758,1.66,33.328,-12.796
50.643,17.471,-45.803,-2.633,-13.018,-60.378,-18.917,-19.959,8.954,0.752,-24.346,-8.74
48.764,56.482,-31.034,-47.247,27.466,-25.97,-44.528,5.434,14.663,-21.88,14.634,18.411
52.602,158.317,-14.46,-56.547,-9.046,-28.342,-99.131,-15.216,27.72,-13.913,13.97,-7.038
51.29,62.641,-67.26,74.184,-23.138,-49.797,-28.017,-35.12,15.66,-10.539,-40.842,7.048
45.252,-9.705,-20.538,-77.768,14.334,6.99,-17.304,-15.565,0.353,-42.086,3.257,4.595
50.654,81.848,0.334,-33.164,-8.859,-7.85,-62.384,-7.696,2.13,-10.437,16.824,-30.428
49.645,66.938,-16.895,-12.406,-31.864,-24.08,-66.047,-10.863,5.025,12.895,-13.583,-26.34
49.495,136.487,-77.424,-39.748,25.02,-22.576,-26.333,7.132,21.247,-16.11,-12.088,-27.009
46.755,39.965,-49.123,2.578,-17.658,24.255,-29.212,8.11,15.326,-5.783,-33.315,-14.142
53.398,104.38,9.373,-20.42,14.125,-5.866,25.134,-2.109,14.442,19.808,47.865,-0.044
52.328,117.486,85.59,35.653,53.518,-34.167,22.268,4.734,33.748,2.974,-23.743,19.533
47.343,-2.089,-50.243,-23.684,-28.175,-86.393,-10.967,12.02,16.464,-1.796,-10.207,-10.422
44.452,45.057,-50.268,-4.774,-17.913,-42.571,-22.464,-31.378,12.01,26.442,6.022,-0.578
47.079,56.651,-23.088,-24.047,6.834,37.991,8.641,16.341,17.872,-24.709,-36.603,-1.485
47.561,69.794,54.34,87.565,28.928,9.761,43.481,-19.424,-11.7,3.281,-46.132,13.406
49.041,6.955,-49.567,-66.25,-1.323,11.334,12.829,-0.414,25.242,3.911,40.253,-17.256
52.733,60.123,19.679,-44.133,-15.243,-34.015,16.256,16.578,22.012,5.759,-5.287,-27.68
55.221,105.294,42.612,-19.819,9.144,-29.875,1.568,-8.083,26.641,8.056,-2.667,-13.104
52.619,120.524,-26.419,68.212,5.417,-59.178,-56.853,-22.832,9.765,-13.954,-34.227,9.057
46.808,74.364,30.369,-137.424,-16.609,15.875,-18.18,8.927,5.877,20.637,-22.153,-8.195
50.931,102.452,-24.229,-25.361,-24.114,-10.635,-41.839,-22.031,26.682,2.089,-29.666,-22.375
50.63,76.896,-17.822,-69.062,17.897,16.93,-43.908,-4.575,7.065,-26.757,-29.162,14.777
49.451,18.38,-66.981,-58.986,4.501,-8.205,-15.884,-2.287,-8.761,14.794,-18.268,-4.863
52.285,60.759,-8.186,-23.888,2.136,8.023,-18.062,-4.448,18.902,-6.411,-26.612,-9.157
46.659,65.332,-44.994,-9.181,5.157,33.854,-9.915,-29.091,5.465,-19.039,-27.82,-2.443
45.599,20.846,13.554,-78.769,-1.115,-17.343,-28.852,24.372,-10.944,-18.378,2.147,-16.975
49.517,67.854,45.614,-26.627,-11.753,-6.669,-65.054,1.741,-13.251,-4.918,-0.291,-31.038
49.129,15.305,-60.498,-15.291,-31.253,-72.555,-26.816,-4.386,14.56,-3.999,4.013,-20.851
48.249,104.985,-59.155,-27.064,19.728,-15.982,4.381,-9.017,24.457,-34.135,-32.996,-2.003
53.785,99.043,-3.654,-15.97,17.783,-31.868,15.293,-0.78,22.576,9.286,-0.581,11.018
47.061,11.178,-73.848,1.907,-26.441,-89.252,-15.01,-10.546,14.419,5.582,-1.053,-7.922
43.21,34.448,-54.987,-3.648,-26.471,-52.022,-25.574,-52.992,20.864,38.375,-18.689,-10.148
40.931,21.389,-34.102,-29.7,-27.601,-25.088,-14.667,-18.092,37.698,-11.333,-12.279,-28.207
47.841,54.11,-57.215,39.777,-1.812,50.434,21.493,10.117,25.805,-20.02,20.83,-13.789
42.595,66.107,0.141,16.908,11.833,-33.495,23.221,-27.358,25.972,-2.937,-20.991,-3.072
47.605,28.943,7.685,-64.23,26.816,-3.595,22.732,-10.988,16.088,28.186,-16.149,2.143
50.182,94.393,-48.257,-69.49,34.024,-41.707,-27.678,33.263,27.569,8.234,-1.686,5.182
54.657,120.529,-7.237,23.944,25.559,-69.845,-42.345,-29.5,6.243,-1.132,-4.589,21.419
52.467,108.047,11.931,-39.777,14.154,-10.749,-61.521,-18.051,-3.298,-5.964,-9.299,-0.78
50.966,93.753,-26.154,98.654,7.293,-77.72,-47.392,-22.249,1.91,-12.807,-23.913,11.906
49.863,78.294,-109.469,-26.087,24.118,-19.464,2.12,-13.491,-2.486,20.097,23.775,-11.133
51.514,53.533,-17.257,-33.624,18.884,-17.999,-7.394,28.344,6.509,21.237,-23.172,6.161
52.84,148.924,58.692,-15.4,18.524,4.261,-34.802,10.263,-26.174,-12.079,15.444,-28.935
52.706,101.202,-47.932,44.365,-20.452,-19.636,-30.846,-7.806,0.923,7.25,-22.55,-1.089
46.549,64.872,-27.801,-68.987,-4.263,-28.228,-36.986,17.014,3.572,3.083,16.792,8.777
50.344,148.822,14.733,-50.505,15.896,-4.891,-84.728,-14.437,16.308,-6.566,6.5,3.698
51.311,55.796,-43.269,-22.271,-33.866,-50.261,-39.599,-19.472,19.824,12.419,-10.285,-14.584
49.786,130.416,-71.808,-16.522,35.907,-40.138,-18.11,-24.249,4.767,-9.38,-28.477,-17.961
50.716,97.853,0.886,-22.849,25.816,-12.017,-53.758,5.662,6.365,6.254,16.534,18.828
54.833,101.625,-0.082,-24.827,-9.553,-61.573,28.892,-6.514,7.493,13.709,0.357,10.638
53.635,109.313,52.864,32.983,14.387,-26.865,29.717,12.726,7.883,1.222,-35.138,20.405
46.967,-6.171,-60.538,-19.698,-29.16,-90.887,-15.754,5.918,16.475,-1.812,2.785,-4.612
45.215,9.411,-20.293,-32.136,-14.96,-31.468,-12.752,-11.995,17.08,11.943,-17.206,7.634
44.922,36.191,-35.191,-26.618,-9.072,-20.555,-17.772,-19.487,33.409,-3.857,-13.777,-15.881
46.319,42.901,0.268,-81.177,-14.444,5.296,19.79,16.279,15.584,-4.405,-42.253,-3.862
46.355,54.368,33.387,-95.114,-0.606,-17.397,0.876,40.481,2.208,-9.209,15.327,-0.272
50.283,83.201,-26.098,-1.883,17.947,-30.805,-67.128,-24.903,-15.221,-2.551,-1.377,8.803
50.685,49.193,-42.869,-71.573,-28.746,-69.708,-19.623,16.925,21.47,-2.661,-2.305,-19.781
52.397,126.876,-18.273,-40.838,-29.127,-21.517,-30.318,-3.038,17.52,4.981,-10.299,-4.675
53.536,129.698,-6.18,-21.97,-14.897,15.47,-60.424,12.324,10.841,4.044,-17.694,-21.136
51.253,112.624,-18.481,-9.164,-10.737,4.085,-39.906,-22.057,-10.306,9.296,-50.452,6.463
47.86,88.182,-28.676,-107.655,-18.352,-32.814,-46.171,71.899,42.049,1.263,1.53,-16.356
51.223,128.908,-7.881,-64.174,-33.814,-20.178,-49.237,-3.251,7.663,34.731,-6.877,-35.282
54.853,113.489,5.011,31.728,0.373,-63.245,-56.517,-16.693,17.625,18.895,-7.206,-6.779
50.714,65.715,-53.918,-24.314,-40.221,-67.95,-43.835,12.538,31.322,17.064,5.757,-11.448
50.226,93.84,-23.127,-60.949,-30.699,-19.609,-59.933,4.526,30.128,3.042,-4.609,-21.022
51.352,64.802,-75.961,57.856,-16.045,-21.474,-9.449,-17.751,16.186,-8.863,-6.489,-0.293
45.016,7.452,-51.808,-68.031,-16.645,-22.123,-48.962,-7.795,14.814,-14.763,-2.733,-19.417
44.79,-4.166,-59.838,-22.157,-13.15,-61.979,-37.544,-29.225,-9.839,29.602,0.633,2.633
44.3,-44.335,-69.63,-48.943,-8.582,0.041,-15.252,32.7,14.479,-22.984,-44.791,0.804
43.781,33.827,-39.41,-94.169,2.596,-12.002,-28.599,53.337,43.793,-33.753,-15.358,1.902
45.245,42.627,-41.369,-71.111,-16.158,-1.266,-12.304,-12.092,15.105,-16.648,4.398,-0.53
45.335,62.746,-50.231,3.416,-30.755,-16.162,-26.885,-21.7,13.153,-13.356,-42.685,-0.549
53.369,112.647,-44.848,-16.754,-22.678,-23.659,-13.497,9.151,7.406,11.554,12.055,-12.679
51.254,129.038,-11.817,-36.208,-66.622,-5.499,-63.626,-24.273,-8.185,-8.449,-22.065,-27.927
50.226,66.799,21.96,-91.047,-13.977,25.244,0.593,-5.596,23.912,5.199,-6.01,-28.412
52.826,81.92,20.267,6.663,-3.783,-20.18,-36.638,-12.786,32.526,11.477,-26.41,-42.066
52.131,135.975,-3.91,-48.334,-25.983,-19.328,-44.386,-17.732,22.294,8.299,-1.416,-2.969
53.613,93.049,3.063,-16.642,-4.519,-20.317,-30.323,-37.849,23.001,30.808,-12.486,-21.32
49.167,2.967,-11.885,46.629,16.036,-22.505,-25.849,-2.432,21.392,7.361,-36.826,-33.048
48.233,94.238,34.21,17.417,48.967,84.373,-26.008,44.52,32.782,-54.011,-7.064,-14.799
52.443,46.544,47.866,-32.259,52.377,91.381,36.642,8.039,1.541,3.481,-11.327,11.261
53.744,8.34,35.479,8.148,37.326,-0.263,49.657,2.946,-38.21,15.869,13.236,31.751
53.058,60.87,-28.509,70.673,22.487,-30.855,-21.839,-15.998,-24.001,-6.069,-42.307,16.121
51.505,57.534,-37.61,-52.804,-33.133,-35.298,-13.576,-8.153,-12.209,-19.802,-12.569,-23.29
47.98,60.211,-42.072,-64.211,-17.67,-28.785,-25.909,25.856,-8.828,-10.454,0.146,-15.496
49.227,54.599,-67.727,-9.419,0.507,-7.931,-31.705,-32.833,-9.084,-2.515,-22.668,14.449
53.686,35.071,-25.388,-15.147,33.278,22.914,24.324,-28.077,28.046,-4.233,27.83,-7.651
51.994,16.727,16.236,10.026,19.173,-22.455,-19.987,13.23,-23.14,-12.105,-24.552,4.892
48.26,0.529,-10.794,1.741,35.652,-43.749,-19.078,-12.57,-53.868,-10.915,0.845,1.9
48.796,42.521,-56.163,5.402,-46.807,-32.658,-29.891,8.855,0.434,-29.878,-36.612,-27.012
51.615,12.768,36.581,41.296,46.069,-2.689,-13.83,35.355,7.017,-3.31,-17.538,-25.107
50.879,53.61,-71.12,72.142,15.711,-38.457,10.842,-26.508,0.212,-1.161,-22.069,3.606
43.013,19.898,-22.341,39.702,-6.602,-33.37,15.481,-22.45,-2.634,11.06,-12.985,6.541
46.501,52.162,62.949,-16.3,37.088,29.923,33.439,18.176,24.527,-28.675,3.567,2.428
47.131,9.491,-77.421,1.056,-37.866,-55.991,-30.069,-1.961,22.237,-19.782,-29.858,-19.468
43.124,-23.371,9.307,-22.069,-3.078,-37.668,5.741,7.871,7.114,1.841,-2.304,-24.638
45.903,40.748,28.42,29.167,24.024,17.684,-33.563,-26.928,-2.404,-19.986,-7.127,-8.499
48.432,89.703,90.2,2.864,10.888,-18.411,-33.094,-15.04,-23.149,0.675,1.373,27.531
55.44,81.762,15.531,2.345,22.874,-59.45,16.04,-0.534,6.603,2.32,-8.039,-12.631
51.991,55.561,68.858,-12.799,48.419,-11.194,-55.024,-30.765,-23.334,45.923,4.834,-27.094
52.707,51.406,7.894,-5.866,-14.994,-48.856,-43.568,15.958,17.288,-14.823,-7.027,-38.861
51.319,111.661,-10.042,91.978,15.155,8.247,-47.829,-2.26,6.967,2.643,11.124,-5.68
52.504,68.602,28.079,-42.396,40.874,34.45,33.532,0.112,1.227,11.15,-11.024,18.066
56.153,61.332,38.318,-1.848,32.398,-17.769,14.306,4.075,5.538,17.721,0.654,46.71
54.715,79.644,-1.495,68.158,-0.958,-28.917,-33.927,-16.25,-10.07,3.883,-50.225,10.493
51.953,60.377,-26.573,-48.35,-33.561,-25.445,-16.519,2.96,-6.49,-24.183,-12.651,-28.092
47.925,49.987,-4.782,-55.403,-26.048,-24.412,-18.066,6.412,-7.557,0.837,-0.988,-13.348
51.068,70.984,-29.561,-23.308,4.544,0.787,-45.943,-42.513,-11.067,2.286,-27.204,-5.089
54.497,59.569,1.25,-26.459,35.107,7.836,5.965,-6.425,10.9,-5.164,-0.52,5.833
50.011,41.987,-16.068,-29.516,-7.229,-8.783,-34.114,-3.228,-32.442,-4.569,-14.378,6.18
54.013,69.66,49.499,31.013,50.795,-3.267,-26.374,2.508,15.24,3.762,-12.521,-12.558
51.291,63.265,-59.802,73.562,4.063,-46.497,14.409,-25.503,-4.019,-5.81,-25.573,9.708
44.694,30.458,11.612,14.844,7.755,-6.616,24.472,-5.473,7.828,-40.58,-15.459,-10.474
46.147,69.719,35.771,-46.616,17.848,8.378,-4.812,-2.991,26.62,-37.05,1.122,-20.469
47.569,9.092,-73.26,10.669,-29.106,-59.353,-20.257,-5.354,14.267,-13.301,-23.341,-8.043
43.678,-23.944,9.717,-23.514,5.359,-29.614,12.9,0.092,8.32,6.411,-9.421,-18.363
48.495,80.823,45.152,-17.57,23.271,12.091,-26.553,-23.466,5.412,-5.918,-2.688,-3.378
48.658,103.989,55.054,14.111,-8.041,-17.632,-49.418,-8.645,-13.06,-6.43,-17.75,7.723
53.74,90.778,11.055,-57.303,13.637,31.561,14.696,10.379,5.174,15.024,9.232,-1.331
56.873,116.658,23.861,-28.981,26.259,-31.856,-0.187,0.996,3.087,4.203,-7.649,26.429
55.271,111.115,110.928,11.502,46.633,-16.033,-16.575,-35.118,-16.937,5.256,-14.539,-16.026
53.099,64.76,13.191,21.596,-10.226,-60.825,-27.046,28.931,7.409,-23.504,10.6,-32.449
52.034,103.456,7.071,87.465,16.357,-54.395,-49.161,-31.837,2.527,14.955,-2.036,-0.212
52.308,92.3,-1.634,-102.82,-18.606,5.073,7.475,-0.235,8.316,5.52,-8.529,-5.274
55.713,121.541,10.265,-34.264,19.223,-29.967,12.644,11.987,-14.572,3.075,-15.737,20.474
56.743,119.219,43.926,-13.929,1.529,-9.743,-0.761,6.752,-23.683,-14.121,1.302,0.19
57.034,99.295,43.981,24.06,9.29,-54.051,-30.239,-21.09,-6.353,13.17,-2.991,-0.233
56.078,81.055,13.993,-21.224,-2.919,-20.538,-25.994,-2.633,12.145,-7.423,-29.751,5.632
54.928,119.962,-6.767,-18.164,-20.036,-18.879,-8.864,13.146,-5.03,-0.803,-27.002,-6.198
54.319,146.758,6.334,-78.728,6.726,-26.703,-21.248,-19.478,-9.627,28.057,-9.954,-22.042
55.709,91.54,-7.876,-0.104,2.262,-20.601,-9.165,-11.739,7.616,0.253,-15.128,-1.31
55.765,61.106,74.635,1.082,22.04,-18.417,26.881,14.68,1.874,-4.953,-1.216,-15.166
54.969,65.596,33.777,1.667,1.65,-22.0,6.903,10.793,28.03,0.187,-28.11,-18.65
50.294,89.951,-47.441,10.377,29.028,-0.799,13.712,-27.094,-12.033,-18.952,-44.279,-10.863
52.244,84.262,39.409,-54.145,23.213,18.477,19.083,-10.564,-20.569,4.508,-4.538,4.106
53.755,68.457,-14.786,-53.542,-16.488,-21.138,-18.042,47.454,1.583,-25.749,-7.592,-25.282
55.679,81.744,25.72,32.323,17.855,-30.763,2.233,45.943,-26.78,9.442,-32.08,-15.406
55.447,73.034,54.981,-19.094,45.067,22.945,40.147,10.074,-5.247,23.639,26.123,-8.116
56.199,61.739,48.899,-24.849,3.491,-31.201,9.403,13.992,12.396,3.26,-5.855,-20.405
54.545,65.278,-1.914,48.283,-7.277,-45.269,-47.508,-36.615,-5.586,7.045,-35.029,-2.021
49.171,14.765,23.578,-27.479,-23.353,-31.427,15.173,5.668,-6.54,-6.037,-12.095,-9.694
55.123,52.962,-14.508,0.757,18.886,-49.054,12.518,-18.764,0.303,3.46,-23.319,12.236
55.617,30.97,26.032,-15.816,46.931,-34.864,19.67,5.868,-18.181,2.496,9.943,55.975
55.432,76.101,9.591,31.212,14.955,-40.91,-24.867,-12.677,-22.335,-2.481,-35.581,16.305
51.894,58.795,-52.853,-43.722,-37.834,-39.437,-18.08,2.576,9.12,-4.868,12.97,-19.154
54.143,89.52,1.249,-43.854,-14.442,-21.666,-27.287,-1.018,-0.471,2.253,-8.26,-21.126
53.924,108.789,-24.098,16.235,16.837,-12.75,-40.893,-35.017,7.219,-7.289,-43.089,8.639
56.062,75.692,-6.341,-20.531,24.099,-55.823,3.459,-11.554,27.502,18.134,6.887,0.937
55.202,86.4,18.293,21.35,49.286,-23.28,-20.944,-14.831,30.245,9.157,-33.908,18.285
46.068,76.943,10.582,-12.637,-8.362,-9.658,-49.204,-12.215,-5.991,-18.032,-10.124,-13.966
43.544,45.207,-14.737,-16.872,-30.814,-27.031,-35.986,-0.742,-3.415,3.487,-8.525,-11.051
50.897,55.905,-69.565,75.937,5.928,-54.426,8.881,-26.448,-1.823,-7.534,-32.327,7.235
44.249,14.838,-16.377,19.892,12.499,-40.535,19.796,-21.588,12.927,16.34,2.048,0.939
45.217,35.034,59.872,-82.412,27.17,-0.728,-23.969,52.261,4.684,-22.889,6.003,-13.666
47.451,13.093,-48.137,26.033,-21.073,-36.307,-13.182,-7.864,9.779,3.859,-1.716,-20.406
44.085,51.005,-19.518,11.781,-11.088,-18.448,-48.158,-41.71,2.987,14.757,-36.339,-12.844
38.832,19.175,-2.942,-2.206,10.718,-18.225,-30.951,-37.451,8.022,-20.351,-2.986,-16.012
50.492,67.324,-83.749,91.328,-9.141,-40.248,-3.688,-5.478,7.753,-12.55,-23.744,-3.244
40.385,67.426,-23.532,-3.506,-12.469,-35.152,-22.713,-46.457,-0.15,10.574,-15.257,-4.148
37.978,26.072,-25.995,-0.03,-6.504,-27.161,-22.525,-24.353,-8.196,-16.428,2.446,-0.16
48.358,50.375,-62.989,-5.699,-34.598,6.228,-25.674,18.118,15.359,-17.513,12.78,-26.931
44.562,115.167,29.205,-11.057,-5.91,3.187,-44.016,2.574,9.054,-14.557,-7.785,-9.532
51.115,105.536,-11.544,102.352,1.787,-69.193,-54.153,-13.064,3.936,-4.299,-13.481,6.457
45.817,17.192,-15.08,-22.22,-30.225,-26.88,-19.257,12.999,1.561,1.605,10.537,-12.514
48.911,78.057,-18.057,39.625,-13.985,-3.68,-13.981,8.889,7.629,-12.262,-49.843,-11.691
48.622,44.866,-2.497,-7.174,6.777,-53.789,25.388,-17.867,23.242,34.728,9.381,1.054
56.076,107.596,11.255,22.072,-5.387,-43.532,-33.755,-8.086,8.772,13.28,-11.338,-13.909
49.892,91.703,56.08,-44.649,31.827,40.735,-80.076,20.927,7.172,-8.266,-2.084,-16.933
46.488,49.833,-91.313,15.519,-54.503,-71.336,-40.467,9.64,29.679,-28.844,-17.048,-5.696
41.074,84.356,60.096,-22.158,-16.04,-12.478,-56.537,-15.464,-2.035,6.769,-3.62,-31.559
51.251,74.068,141.635,-53.034,81.736,19.855,-29.393,31.375,21.011,-9.966,41.641,-9.714
53.738,30.996,3.665,-10.092,-63.883,-70.297,37.059,5.518,-37.062,-20.358,-5.687,30.603
52.88,170.021,76.647,36.146,-28.775,-12.891,37.26,7.733,-18.138,-50.022,-12.739,34.996
44.734,143.157,74.575,38.21,27.055,-33.644,-32.13,-6.73,-15.903,-8.221,-20.534,22.611
42.575,-10.892,-43.557,15.384,-48.014,-101.647,-9.09,77.5,1.763,-27.286,2.957,9.341
37.97,220.059,30.33,-61.881,50.52,-14.122,8.975,97.944,-11.381,-51.489,-6.665,11.052
46.6,152.797,64.965,-79.82,81.323,6.226,11.866,-85.128,-24.533,69.262,-36.561,4.416
48.135,95.31,122.453,-66.371,53.837,19.672,22.839,-7.235,-28.482,3.065,-18.014,28.89
44.894,10.769,-54.852,102.754,16.232,-22.652,8.494,-2.527,24.311,-15.914,-31.48,9.009
48.378,119.162,36.349,-90.594,6.7,50.779,-35.486,-1.672,6.407,-14.906,23.689,1.203
52.435,74.325,66.393,62.965,10.039,-25.427,4.337,21.911,-8.271,-11.91,-41.696,8.395
53.409,70.025,17.33,-44.14,40.29,33.158,-5.879,33.275,21.971,-11.781,5.58,2.827
53.796,99.639,-21.314,-43.276,34.304,-28.411,-63.239,-15.412,12.365,19.065,-22.924,29.448
49.73,92.955,-78.751,22.779,10.427,0.259,-48.021,-30.945,20.766,-6.14,-82.998,15.913
40.559,57.45,-63.799,-35.247,-32.274,-28.857,-11.258,1.819,-27.529,28.675,8.216,-9.3
47.533,39.99,45.782,-159.295,2.71,36.791,58.146,-6.865,-26.071,-0.281,-26.058,-1.524
51.996,126.073,42.355,24.553,-20.572,-3.882,46.844,32.8,-30.91,-55.559,-20.205,34.203
43.211,-41.59,-52.294,28.025,-45.113,-48.944,0.775,39.717,-24.458,38.598,40.671,2.361
39.099,51.708,33.975,14.019,-32.109,-35.934,-23.897,8.971,-10.717,3.974,9.829,-22.448
44.824,169.113,180.334,-109.442,56.908,11.277,-29.335,-12.437,-15.988,-11.477,17.721,-20.178
50.573,66.444,34.049,73.125,24.151,-68.231,29.469,64.518,-17.106,-30.882,-32.092,26.364
42.141,-91.513,-77.886,26.697,-38.981,-109.094,3.017,17.159,-13.613,9.583,3.358,10.846
36.403,72.18,4.224,23.128,-14.0,-39.091,48.263,56.332,-0.514,-17.48,-20.781,38.563
41.25,69.779,87.113,-219.015,13.585,135.472,69.089,23.493,-15.152,16.797,-23.185,7.751
43.849,47.029,15.269,116.149,35.116,-64.232,-38.401,-12.913,-32.363,-15.503,-4.713,15.313
46.092,-20.554,-47.157,-10.835,-12.285,-59.244,-24.601,29.006,3.487,-32.451,-34.275,6.902
46.894,105.675,-76.004,-45.429,44.115,34.062,-18.318,-81.862,-31.4,1.979,-21.439,-11.4
50.226,15.575,44.611,-83.508,-2.53,-12.468,-21.217,0.006,-19.319,-7.332,-4.39,-0.02
53.14,95.781,92.241,13.968,-0.901,-32.69,35.914,9.736,-28.609,-7.651,-5.873,7.409
52.665,133.923,1.211,24.922,16.785,-40.995,-19.017,78.609,17.987,-5.481,4.404,-2.96
50.313,60.645,-94.373,-16.515,-28.137,-75.735,-29.51,-18.814,21.159,10.781,-14.008,10.873
51.135,32.462,-13.4,-13.734,41.972,-25.068,11.69,-1.782,0.125,6.427,-19.139,10.679
47.552,48.619,-35.227,-13.389,-14.993,6.101,-52.17,3.578,-20.241,-12.62,-38.839,-18.941
42.772,10.426,54.687,-43.231,-33.46,-1.846,27.605,-9.049,-31.792,12.12,-9.042,12.614
54.182,64.038,41.059,-1.975,7.03,14.714,35.791,29.283,-15.454,-24.446,6.386,-14.242
50.814,42.405,-49.122,109.087,-30.607,27.463,14.654,-43.145,-28.235,-10.292,-52.656,-4.836
48.947,50.756,18.914,-70.923,22.999,10.069,56.687,33.619,-37.341,21.844,5.058,-2.833
50.703,142.711,-56.973,-24.978,28.918,-32.885,-9.602,49.908,-10.553,-15.08,4.799,-8.356
50.095,49.037,-93.129,-26.241,-18.466,-76.672,-18.963,-21.893,-7.496,20.472,-6.423,-23.782
52.362,20.545,21.762,-33.763,10.962,-8.847,9.561,4.8,-14.197,-2.361,-10.801,-13.849
52.153,78.608,2.651,45.343,-23.548,-0.773,-19.17,-20.327,-11.391,-28.138,-37.61,-16.388
50.125,26.484,5.549,-53.742,-6.534,-21.638,-10.344,12.46,-24.961,39.254,-12.949,1.361
49.635,48.416,27.241,-64.655,24.171,34.505,16.612,18.117,17.0,-17.038,2.173,-22.899
48.281,2.29,-42.277,-45.765,-63.885,-66.436,-18.08,38.401,17.531,-18.141,6.762,-16.245
49.924,108.124,-15.814,-18.599,-36.422,-14.229,12.928,-26.072,-13.921,2.639,-11.758,0.211
50.877,144.513,-21.845,-93.279,5.288,-16.841,19.326,-67.318,-25.33,9.159,-24.433,-18.087
50.061,52.895,-11.538,46.487,-15.822,5.781,-8.747,-20.437,-4.286,24.854,-15.461,-34.778
52.349,41.94,27.975,-41.183,37.127,0.489,-26.896,36.951,0.43,-10.856,-12.829,-23.717
50.571,94.504,-46.572,-72.575,40.015,2.143,12.447,-10.709,-46.263,14.288,-39.765,-17.069
51.519,86.083,18.05,-49.329,-8.393,39.966,28.668,6.183,-12.846,-18.403,-19.271,-22.569
51.861,150.332,-45.607,23.851,14.774,-56.454,-22.326,29.365,-49.841,-2.367,-5.577,-20.231
51.129,148.032,-30.88,-89.37,12.341,-23.471,-21.52,-28.037,-21.033,33.541,-23.941,-13.314
51.163,113.735,-34.338,6.953,28.078,-16.179,-23.271,-41.686,3.444,17.856,-44.906,7.74
45.204,74.992,-44.895,-15.419,-31.223,1.281,2.265,-0.258,-1.12,-36.54,-35.312,-3.354
51.159,62.766,-35.103,31.2,-28.466,13.428,-4.629,-47.192,-33.176,-12.331,-43.187,-8.854
48.624,59.978,35.897,-46.145,6.359,34.099,52.427,5.067,7.45,-11.402,-51.447,9.399
50.446,35.921,66.403,-69.942,45.466,-12.101,46.812,27.444,-0.844,1.218,7.695,-4.961
48.028,64.731,108.611,125.262,51.643,-18.585,-3.831,-26.431,-31.066,-18.328,-31.687,17.573
42.857,86.924,121.343,16.304,36.817,-10.771,39.855,25.486,-6.619,-31.142,-7.93,-7.77
46.643,11.682,-5.09,-42.338,5.508,-1.983,39.546,7.41,-11.568,59.246,12.615,12.494
50.334,133.188,97.807,-35.209,46.472,-23.382,62.087,25.19,23.529,-0.859,4.946,17.239
53.372,195.943,154.45,30.716,75.449,-37.208,14.631,-0.84,5.858,8.023,-4.839,26.878
54.026,213.525,160.259,22.106,69.948,-22.779,12.355,3.711,6.536,-10.134,3.899,19.767
55.658,115.962,30.058,9.332,-5.958,-40.249,10.427,-15.142,-11.496,50.859,5.577,13.432
51.992,90.1,41.16,42.141,23.896,-14.458,7.819,-2.215,5.093,-31.23,-59.718,30.27
49.595,54.278,42.202,-35.502,40.014,9.311,-44.153,-23.517,6.957,5.21,-7.66,20.663
54.405,103.952,57.821,-17.569,19.636,-20.306,-7.314,-11.91,-1.464,-14.333,6.964,5.113
54.82,130.653,93.808,19.391,9.175,-29.408,-3.548,-4.371,-28.651,13.552,-0.656,6.048
51.093,128.901,37.501,41.536,17.406,-12.551,-22.964,-33.174,-19.606,8.293,-34.706,21.27
41.19,25.76,21.935,18.707,-33.021,-21.19,-8.353,23.922,-11.616,-8.332,7.063,-15.368
42.042,179.04,6.334,-84.761,29.354,0.224,-7.887,56.804,3.095,-53.633,14.573,11.8
51.519,131.857,27.302,-67.164,18.846,22.076,-26.552,-5.938,-70.693,41.675,-0.918,9.036
53.269,108.625,12.213,-9.293,49.758,-4.158,21.662,-37.806,-33.965,3.486,-30.603,24.825
52.207,91.891,-2.257,-45.259,-38.83,-10.201,-45.31,7.013,-0.154,-1.252,5.726,-22.772
53.192,102.238,-11.539,-37.948,-19.848,-23.7,-53.467,-14.597,30.167,12.002,-11.257,-17.242
52.979,89.581,-35.636,-6.986,-15.175,-11.291,-31.827,-9.05,18.109,12.429,-51.918,5.72
47.937,2.8,-6.936,-69.364,51.675,-22.573,-18.573,-4.542,-22.95,3.814,-5.042,6.926
50.176,11.538,-21.091,-36.37,24.451,-26.134,-28.618,22.956,-13.582,-7.167,10.721,-6.987
50.897,69.448,1.558,-71.638,1.919,-33.141,-18.815,22.092,17.096,-0.149,-2.321,-15.603
54.761,75.373,36.942,-34.649,33.081,-11.206,12.492,11.473,17.357,23.196,-24.396,-4.533
55.003,74.512,34.144,-26.529,50.614,-39.701,16.628,-8.677,18.138,5.654,-5.473,3.662
53.607,44.788,72.898,29.267,82.078,-26.051,28.479,-9.111,-10.56,-7.953,-6.89,10.853
54.577,49.443,37.889,-18.247,20.325,-38.102,39.24,15.174,10.888,11.447,-3.2,-19.478
54.913,70.775,1.942,11.933,5.778,-66.629,26.736,-21.769,19.091,7.739,-10.785,-0.476
53.965,73.365,47.515,-18.47,28.841,-41.661,19.34,16.68,36.096,13.511,3.389,-4.815
55.124,65.099,62.266,16.79,23.482,-20.368,26.492,-4.406,-9.061,20.531,-35.255,8.29
54.022,82.563,13.906,2.405,-11.934,-0.497,19.233,-7.869,-22.54,-17.852,-3.573,-23.9
53.965,131.679,-13.298,-56.135,47.451,19.738,3.442,-6.35,-1.715,9.711,-29.03,19.011
54.4,132.935,30.042,-5.721,-22.245,-12.876,-37.913,-7.005,-6.949,-0.143,-14.357,-5.843
54.901,101.382,-18.229,-23.954,-8.589,-50.863,-6.575,1.11,-3.279,3.041,8.213,-19.938
52.589,26.098,12.43,19.314,-0.073,-33.167,-12.048,-27.245,-49.907,15.176,-23.12,-17.515
52.014,48.895,4.004,-26.833,14.348,12.506,-14.069,27.946,-8.326,-25.766,-46.511,11.008
52.936,11.171,9.06,-41.568,30.944,-27.66,32.566,10.048,4.769,18.544,10.116,0.023
53.513,95.607,57.577,-9.496,35.236,-15.623,-14.551,14.395,-22.065,-20.318,17.659,0.679
53.014,68.162,-51.847,28.926,0.714,-79.019,3.443,-25.869,-4.939,3.253,-15.671,16.093
49.43,-0.081,-20.833,-36.847,60.89,-35.402,-27.298,-11.861,-24.677,-6.741,1.348,5.375
50.369,14.591,-29.448,-45.833,-13.034,-67.951,14.867,-10.472,10.746,0.941,-4.437,4.271
51.16,105.329,-29.028,-36.22,38.963,-38.168,8.963,-1.58,25.378,-20.704,9.253,-0.027
52.124,55.557,-9.121,57.352,5.863,-18.459,5.145,12.434,-3.858,-2.583,-22.435,29.294
50.366,47.734,78.866,-95.756,17.326,-26.212,46.947,8.923,-10.073,5.42,9.527,-19.832
53.634,25.546,33.405,11.599,6.78,-32.981,45.347,6.385,-23.669,12.603,-10.455,0.019
52.986,37.22,46.375,16.998,-8.071,-22.23,49.192,34.371,7.808,-4.15,-29.038,-2.232
52.986,77.396,-49.396,27.789,-9.071,-52.089,18.606,-13.013,8.101,-4.079,-18.01,12.548
49.907,28.818,34.449,-42.879,44.011,-39.341,51.522,14.725,10.019,4.771,-5.104,-12.809
54.106,100.968,109.319,3.109,6.062,-19.016,52.352,23.46,-4.984,-0.006,-5.181,-28.472
54.421,114.569,94.711,51.263,28.704,-32.007,4.498,-9.499,-1.953,5.017,-23.569,-7.945
53.623,-18.736,17.94,20.615,49.18,-64.294,20.686,6.203,17.885,19.303,2.789,-9.111
54.512,87.738,46.142,-22.094,59.022,-22.576,40.22,11.123,25.752,-15.565,-5.975,-2.36
54.212,130.507,-10.58,49.407,43.303,-22.81,-28.354,28.744,0.97,-12.708,-14.585,9.592
53.967,85.035,48.274,2.601,27.727,3.522,0.118,7.712,-21.172,-3.182,-7.282,21.34
52.613,51.857,29.885,-7.98,-15.058,-23.743,-4.054,-5.287,-2.773,7.197,-16.538,-34.034
51.718,62.533,2.598,7.114,-18.901,-28.392,-21.821,-10.638,-0.061,1.216,-10.252,-24.061
53.27,137.728,-32.117,2.828,56.207,25.056,0.162,18.693,10.561,2.125,-8.229,-2.449
55.158,49.593,-34.155,-14.645,26.413,-36.322,9.571,4.984,-18.165,22.38,22.249,-3.798
54.794,74.519,22.782,0.239,11.811,-33.635,17.942,29.656,-6.467,8.55,-34.458,12.985
52.556,59.422,10.599,-9.047,5.924,25.428,1.123,20.829,-32.165,-2.154,-21.828,-13.619
48.745,33.127,24.472,-78.524,20.3,-2.924,-50.947,-13.402,-1.537,-10.863,6.47,-7.732
52.514,81.521,15.194,-38.253,30.609,-9.726,-77.787,9.986,0.31,-5.484,-14.157,-10.422
53.031,67.628,10.374,-7.34,34.847,12.631,5.836,-3.079,-39.961,-9.062,-31.321,21.522
52.633,39.605,3.495,-69.778,10.629,-10.734,-10.462,42.1,10.213,-23.92,-13.526,15.948
54.609,35.795,96.914,-20.19,50.557,-38.575,48.887,50.366,12.461,2.141,16.1,25.204
55.116,80.475,98.785,29.737,66.462,-32.654,18.697,7.55,25.119,2.332,-15.01,29.67
51.444,56.36,-20.964,21.469,9.086,-45.98,-26.971,-28.26,11.915,27.827,-3.467,13.664
46.845,37.71,-22.9,-6.563,-17.035,-42.456,0.19,-6.133,-9.436,18.429,-5.78,10.85
51.721,54.741,-51.855,69.088,-14.67,-53.528,21.236,-38.313,4.45,-7.437,-24.915,12.686
45.978,-18.637,27.515,-18.884,8.803,-41.654,57.836,25.84,-13.882,-15.577,17.273,41.808
50.163,64.84,33.356,-65.302,33.014,-18.827,34.204,19.972,-4.593,-15.362,-3.135,35.507
52.756,56.213,25.509,0.14,34.582,-13.408,-0.85,-2.134,6.773,-1.333,-1.725,29.809
51.364,59.31,16.942,-71.867,-25.441,-41.288,-24.644,29.285,14.448,9.492,2.895,-16.204
55.294,132.178,27.089,28.021,-22.545,-35.603,-45.395,-13.199,-11.044,4.773,14.23,-18.439
53.585,128.152,56.327,-15.596,-27.863,-29.984,-37.294,-2.732,-36.121,11.512,4.491,-28.046
54.921,67.201,-4.151,-5.411,1.379,-56.541,9.392,-21.049,-12.127,3.625,-21.136,-15.879
49.679,121.617,-51.772,-46.686,27.888,-33.048,12.715,4.658,9.632,-18.677,2.786,5.366
55.294,50.947,-10.354,31.063,45.124,-33.383,-7.113,-31.465,6.248,20.319,4.801,-11.534
52.852,43.863,6.349,-34.297,23.652,-42.21,15.431,5.532,-15.588,4.857,-15.152,-39.279
53.387,57.802,-5.151,-27.711,74.386,-53.868,-10.789,6.182,-29.66,2.833,-12.901,-64.539
54.722,74.697,-23.242,-44.424,25.834,-21.168,-5.61,19.064,6.459,-3.401,-20.484,-24.612
54.723,102.785,20.908,-29.813,-5.805,-21.588,-17.304,11.375,-18.16,-10.28,-13.096,-30.53
54.074,85.629,29.247,16.517,10.974,3.343,10.444,24.575,-13.222,-4.932,-24.636,5.567
49.201,68.561,51.747,-101.115,6.525,0.741,12.748,16.595,-29.4,14.24,-6.668,-9.966
50.16,78.649,-25.826,68.329,-36.318,-22.52,-42.62,-65.229,-45.932,-12.355,-34.469,-4.747
51.987,38.304,51.894,-33.847,22.611,52.033,23.827,7.861,-6.346,-39.48,5.666,-12.225
53.952,69.106,46.583,-16.941,6.841,-31.107,4.587,3.032,-17.78,-6.687,-8.401,-47.246
55.867,66.056,-10.544,-21.073,-0.358,-54.166,2.152,-23.516,6.666,6.763,-0.816,-33.45
56.421,102.504,40.068,-16.23,20.143,-39.539,-5.859,17.216,26.15,-0.935,-13.925,-51.403
56.095,131.527,37.023,-8.321,11.921,-18.147,-16.484,-17.79,-12.61,9.329,-30.212,-18.373
56.198,89.138,60.488,2.356,30.32,-19.476,28.892,2.809,-9.747,-2.886,-3.572,-29.111
53.077,91.733,42.224,99.216,32.104,-18.275,-9.719,-8.755,-9.489,-10.458,13.061,18.873
56.483,84.671,52.664,25.325,48.964,-7.544,33.001,11.861,-9.06,-5.976,-2.667,8.254
56.386,77.638,43.566,-14.932,81.728,-14.228,49.275,17.334,-19.041,-15.253,4.045,20.963
54.837,70.408,24.396,77.548,26.325,-39.32,-18.236,-16.322,-19.268,-17.519,-52.703,17.296
52.787,59.769,-16.269,-50.816,-9.923,-30.018,5.613,20.055,-5.919,-8.732,5.0,-19.339
51.318,78.573,2.207,-37.668,2.737,-7.986,-4.747,27.038,-18.933,-26.073,-13.932,13.371
53.144,110.476,-24.146,3.633,19.388,-10.466,-26.852,-27.214,-16.367,1.928,-10.357,20.465
52.983,40.51,-14.968,-46.564,35.518,26.792,22.199,4.393,15.766,-16.794,-17.165,-8.509
52.665,0.246,29.351,-11.798,49.449,-31.723,5.534,-0.186,25.815,6.774,-25.491,4.341
52.609,29.213,59.211,23.744,34.036,-2.856,-6.293,18.338,-22.327,-24.726,-23.897,-13.341
51.888,79.075,9.867,-18.079,15.354,20.32,-28.381,19.371,-16.088,-17.626,-5.219,-16.097
54.174,44.7,114.085,-18.624,65.895,-7.099,19.758,26.989,-8.66,-24.029,2.52,-32.606
53.477,63.537,68.597,74.874,14.941,-26.114,3.732,9.697,-9.12,-6.56,-37.913,-6.339
51.253,58.407,-63.72,60.545,13.836,-40.709,12.666,-25.469,-6.205,-3.136,-12.839,5.099
43.847,25.897,11.558,56.636,3.494,-44.087,-1.605,-24.321,-3.344,15.258,-18.785,-6.298
46.656,49.517,52.584,-13.951,28.806,27.887,36.311,18.502,27.12,-20.423,0.713,-3.126
47.276,16.107,-78.15,-10.014,-42.919,-61.041,-31.753,3.03,21.485,-16.909,-23.296,-15.411
44.07,-35.784,29.077,-34.765,-8.47,-27.494,34.793,11.846,-7.432,4.776,-5.519,-20.959
46.846,39.682,39.092,25.07,4.791,-33.85,-28.188,-39.102,-14.679,-4.56,-14.537,6.362
49.105,70.25,54.107,-6.852,-21.136,-26.144,-9.827,-1.671,-14.641,-5.064,-12.892,18.302
55.48,83.148,12.32,8.033,15.467,-55.239,15.136,-3.361,5.639,-0.105,-10.261,-11.535
52.261,33.585,66.873,-14.274,45.094,-11.524,-54.69,-13.01,-17.59,35.384,15.683,-35.556
52.728,43.891,7.818,0.068,-12.985,-45.24,-41.66,12.941,20.07,-18.209,-5.903,-43.272
51.883,107.3,5.997,100.344,18.766,-10.412,-55.996,-11.927,8.464,3.569,8.884,-1.06
45.056,71.312,10.348,-46.754,-42.052,-18.528,-21.479,-11.476,-8.711,10.734,1.743,-23.886
53.428,68.798,7.779,-21.179,29.832,24.012,28.711,-8.108,4.699,18.676,-14.298,6.289
56.633,77.37,34.133,-12.587,40.101,-4.462,29.612,13.703,10.257,-6.505,7.109,46.158
55.71,99.203,-0.963,46.712,4.16,-22.233,-42.216,-5.382,-0.633,-6.493,-50.696,13.891
52.634,62.838,-12.088,-68.765,-31.197,-36.163,-4.081,-1.342,-7.057,-25.209,5.926,-17.826
53.597,88.02,29.315,-24.339,-59.395,-32.358,-31.37,-9.509,-60.523,-18.852,1.15,-9.38
52.25,50.667,-2.763,46.87,-9.303,-24.502,-9.081,-29.473,-31.772,-8.316,-29.108,21.811
55.611,74.584,7.087,-15.567,28.057,-22.007,14.168,-15.885,5.057,-3.531,6.531,6.499
50.278,45.051,-8.763,-38.781,2.866,-14.857,-42.904,17.127,-12.541,-16.377,7.559,0.972
52.86,52.005,37.538,12.692,48.228,21.968,-33.093,-1.79,6.063,3.605,-13.043,-3.249
51.606,54.764,-56.371,64.411,4.341,-64.208,3.586,-30.512,-3.687,-8.543,-34.314,10.57
45.389,19.172,16.619,21.427,1.118,-7.051,26.354,-2.192,-10.404,-49.002,-8.39,7.707
46.865,73.973,25.851,-24.813,7.422,6.087,-16.943,-18.959,16.493,-20.269,-2.663,-25.332
47.516,14.001,-69.075,-3.288,-31.995,-64.445,-23.308,-10.769,18.688,-5.756,-31.307,-10.952
43.459,1.344,5.237,-46.956,-4.273,-31.369,13.655,7.152,10.911,15.599,-5.318,-5.056
48.405,85.525,51.336,-6.841,15.784,8.039,-21.828,-16.222,-1.461,4.672,-1.317,2.607
49.362,92.536,29.395,10.051,-24.689,-27.381,-42.743,-8.823,-9.096,-0.647,-18.302,-5.484
56.074,84.294,-3.519,-26.318,6.574,-48.405,13.112,-6.31,8.97,4.32,0.557,4.55
56.693,82.573,55.445,-2.338,26.383,-24.582,13.361,-10.725,2.81,-3.496,-6.493,6.901
52.834,51.171,41.333,43.803,7.281,-42.356,-25.788,38.519,1.027,-0.239,-1.722,-34.416
52.209,106.741,8.247,104.138,20.599,-43.851,-41.605,-40.238,5.989,13.182,-6.368,2.437
45.051,31.361,-23.997,-35.017,-29.056,-37.97,-11.005,-3.705,14.375,13.576,7.401,-20.155
51.536,105.874,-2.328,-107.871,12.069,9.824,4.34,11.744,9.364,2.679,-6.502,3.714
56.325,107.018,50.74,-13.467,2.016,-8.855,3.2,0.783,-25.714,-18.386,2.695,-4.695
56.965,86.298,18.992,16.535,22.366,-12.431,-12.795,-16.984,10.279,5.587,-7.51,9.249
54.59,127.604,-9.818,-8.658,-20.534,-20.888,-23.673,13.646,-13.683,2.8,-25.742,-19.183
53.876,140.731,4.142,-76.937,9.871,-16.994,-16.562,-31.585,-15.331,18.35,-9.88,-22.219
55.776,80.154,-0.744,0.245,-2.107,-33.122,-8.593,-12.522,-5.958,0.53,-3.254,-8.408
55.688,58.549,87.314,9.891,23.871,-30.519,9.835,14.011,-13.266,-5.09,11.95,-14.906
55.063,58.946,32.374,7.06,-0.331,-22.941,8.337,8.847,16.899,-0.767,-23.406,-16.925
52.305,91.495,-52.358,50.115,-3.912,-29.535,3.823,-10.618,-6.456,4.264,-21.311,-7.467
52.83,65.588,33.718,-24.491,38.639,-4.303,20.396,-14.157,-25.028,4.014,0.971,16.869
52.761,49.817,-16.19,-74.376,-4.657,-41.165,-17.803,48.204,-3.683,-14.342,-12.294,-18.032
56.554,75.729,63.215,-9.57,15.83,-27.751,21.598,19.032,-35.059,10.69,-13.207,-32.023
53.914,114.155,-41.934,27.713,1.409,-66.051,-3.939,29.356,-4.513,-12.463,-19.938,-2.672
54.464,54.692,53.647,-42.851,52.824,13.952,22.376,19.77,2.498,4.618,5.331,-3.295
53.99,73.754,9.323,64.18,17.523,-36.301,-55.178,-37.725,-9.434,1.274,-22.065,6.189
48.3,45.445,56.333,-4.375,0.837,-13.155,-10.428,-14.416,-26.263,-19.613,-10.489,3.77
53.961,62.218,11.099,-19.358,33.467,23.228,17.612,15.543,10.318,-19.975,27.012,-3.132
56.112,77.978,29.273,-11.855,35.549,9.233,18.347,17.045,3.53,-10.027,-8.504,32.283
52.824,73.796,-40.88,-46.023,-47.022,-47.988,-17.878,5.011,11.193,-7.61,10.626,-25.773
54.243,106.36,20.959,-20.888,-41.65,-13.576,-24.314,-17.346,-14.192,-0.611,-5.488,-26.223
54.39,132.055,33.62,-8.566,-44.66,-9.929,-47.192,-11.721,-8.221,-3.505,6.729,-24.066
52.749,87.912,-1.711,28.404,-28.718,-5.261,-46.254,-32.431,-19.366,-5.511,-45.734,1.826
51.64,26.855,32.916,-90.795,35.767,4.285,12.513,22.493,17.888,-16.68,-26.743,8.809
52.294,81.605,38.997,-2.055,46.382,1.828,-27.883,7.208,26.112,-5.614,-37.346,25.621
52.645,63.946,-56.514,40.813,14.856,-24.772,6.713,-22.44,-1.257,-1.127,-14.08,15.617
50.706,67.398,25.825,-101.395,54.26,-13.574,-5.467,31.033,43.278,0.365,8.503,16.02
54.038,79.937,33.272,-11.781,33.977,-14.816,-25.339,-12.49,14.985,14.807,-28.443,27.072
49.669,52.188,-20.191,23.036,-8.814,1.32,-31.268,-7.596,9.524,-20.81,-42.181,-2.147
49.514,52.437,-81.613,66.19,6.139,37.94,4.439,-2.686,13.528,-5.641,20.035,-8.984
42.145,58.245,-6.467,8.302,3.309,-32.802,-16.211,-30.209,12.74,10.477,-8.022,-2.245
40.082,19.871,26.766,-7.067,17.684,-17.35,2.886,-19.864,-4.08,-10.512,-2.788,12.203
45.094,29.731,11.998,-92.315,-17.792,38.855,-5.707,48.738,2.157,-8.586,-26.328,-5.536
43.913,128.856,30.212,-16.955,-28.646,-1.202,-38.046,-0.096,3.17,-13.632,-16.714,-10.913
50.043,106.219,-20.168,130.742,9.147,-61.559,-63.331,-10.965,5.723,-5.427,-27.008,9.97
42.126,69.481,-40.446,-42.174,-54.039,-21.784,-38.432,-6.501,0.783,1.552,8.48,-41.534
48.742,74.465,-11.82,38.463,-4.694,-6.05,-10.564,14.623,6.154,-2.36,-59.462,-8.26
47.623,50.773,-7.162,-17.94,12.043,6.382,29.636,-13.516,23.708,24.475,20.772,-4.244
52.786,106.873,-15.697,66.839,-6.085,-56.819,-51.46,-3.287,3.841,0.379,-19.199,-1.2
51.091,76.102,-13.054,-48.982,11.765,2.469,-32.133,-46.704,-33.047,57.61,-2.152,-16.503
50.737,76.536,-38.785,-32.18,16.743,-12.192,-31.112,-50.009,1.626,-1.171,-10.026,-16.851
57.747,106.452,30.438,10.133,44.417,-35.942,-1.774,-10.892,11.383,12.043,1.6,11.845
54.86,70.63,25.827,52.304,74.758,-27.521,-1.593,-31.055,40.934,13.383,-39.263,36.599
47.914,31.274,12.297,-73.573,35.782,3.247,3.007,20.679,-0.089,-16.254,-5.442,12.844
51.436,12.65,-12.497,-14.0,20.782,-22.143,-23.32,16.002,2.07,-13.808,-18.491,7.749
49.192,83.826,-43.509,-54.894,-0.406,2.693,-27.971,-2.184,17.361,-13.407,-16.34,4.465
53.793,123.032,27.813,-49.492,44.915,34.318,38.71,-42.114,-25.328,37.778,-15.757,-10.82
52.521,92.934,16.025,-33.803,-7.399,2.692,-30.55,-43.878,-3.121,2.686,-16.349,2.877
53.912,27.122,59.391,-62.777,37.936,-23.146,26.649,18.173,11.599,5.512,-5.069,-4.302
55.176,160.542,29.103,84.881,62.792,-57.147,-14.927,42.361,-28.113,-7.762,-5.563,13.331
55.095,67.513,74.249,5.721,68.685,12.905,50.131,0.108,-35.072,32.258,-0.669,-2.87
53.837,69.223,30.665,27.633,30.699,-17.052,41.68,13.184,5.801,-15.921,-34.722,7.046
52.903,68.251,-20.103,114.777,25.594,-37.719,9.534,-40.755,-2.038,14.379,-31.11,21.315
45.974,11.766,42.934,37.504,48.41,11.15,30.319,-27.595,9.683,-35.014,-9.481,11.585
53.569,85.869,35.16,60.278,39.365,-55.604,-25.251,-38.175,-8.242,8.06,-8.649,16.44
51.326,70.881,19.599,-23.363,14.787,-17.45,-4.516,-9.861,7.711,1.956,-21.798,22.254
51.883,86.959,-16.426,-46.715,-0.131,-10.94,-24.465,18.603,-0.563,3.913,-1.181,-9.934
53.972,82.555,4.124,-10.308,47.145,10.077,-5.099,-49.267,-30.468,9.102,-26.891,-13.484
49.417,155.085,-8.67,-21.549,93.618,-37.355,-27.024,35.35,-23.494,-41.788,12.745,6.015
50.061,100.595,-1.254,-34.296,68.433,-12.265,13.229,-84.441,-36.093,28.523,-39.532,10.229
52.426,40.703,-9.824,-16.669,6.182,-12.718,-43.081,4.504,3.247,0.806,-16.859,-16.957
54.546,98.281,6.621,60.997,47.009,21.397,-24.771,7.801,6.277,-2.729,-32.435,-13.652
50.237,-9.679,-52.095,-21.897,23.899,-8.558,16.559,19.326,-11.075,1.341,11.407,15.422
54.645,33.418,26.737,-45.477,7.334,-17.274,-18.11,35.035,-17.57,-5.65,1.891,-37.617
55.806,91.075,54.836,-6.183,24.188,-21.431,11.683,47.322,-1.765,8.566,-29.616,-30.986
54.958,95.676,-31.766,-14.877,-16.264,-53.167,1.479,-13.698,5.957,15.688,-4.459,-5.704
55.433,135.879,67.441,-35.245,12.368,-30.938,-7.169,-1.183,-8.535,-5.828,6.369,-5.842
57.879,129.13,105.348,19.945,49.586,-39.593,20.034,9.763,7.829,8.407,-11.279,22.74
58.056,140.095,80.859,14.362,21.793,-36.831,37.709,-12.321,26.129,9.119,-19.406,12.725
57.58,80.059,69.743,48.402,17.904,-44.615,28.757,-3.882,-19.733,11.681,-23.621,15.805
57.183,74.578,38.32,6.92,41.86,-12.05,15.917,11.837,-2.201,10.06,-8.031,24.864
54.347,73.111,-2.488,-44.568,-16.465,-22.514,17.372,21.816,12.87,-65.411,5.205,-6.58
53.443,124.239,15.019,-60.19,28.365,-6.176,5.404,26.722,9.175,-14.078,-0.023,16.846
55.055,98.996,13.934,5.351,15.97,-6.284,-32.372,-44.089,-20.821,11.947,-28.002,17.926
50.41,59.245,15.165,-20.066,3.57,-14.564,-3.228,-23.95,-5.785,-20.816,-6.888,15.486
55.62,67.67,-10.112,-19.897,16.854,-14.261,25.466,-6.165,23.633,-5.83,23.268,-11.077
56.056,62.092,66.99,-20.476,40.278,-30.885,12.753,15.917,21.936,-12.104,-11.767,17.491
51.817,66.556,18.48,7.2,-1.494,0.135,-34.802,16.109,-35.357,-8.998,-20.969,1.833
54.504,70.854,84.431,10.9,51.756,8.99,3.7,18.821,7.776,-13.904,-16.01,-10.355
51.82,59.036,-56.049,60.624,3.973,-52.312,13.587,-27.629,-6.339,-7.532,-25.036,9.217
46.02,28.656,9.358,3.887,21.825,-35.553,25.286,-7.54,-8.586,4.165,-11.346,7.154
47.322,51.86,58.316,-29.091,9.503,-3.988,10.12,18.249,9.86,-17.244,0.026,-9.542
47.826,5.473,-67.05,-3.61,-32.568,-59.042,-21.962,-0.061,23.882,-14.034,-23.045,-21.398
43.997,-35.418,43.509,-33.781,14.713,-27.056,26.179,6.014,12.527,7.647,-6.57,-23.44
47.462,60.399,60.018,6.925,26.418,2.001,-29.687,-6.323,9.377,-20.11,15.486,-2.886
49.29,80.827,87.535,19.163,15.85,4.166,-25.756,-4.761,-14.6,-7.807,6.357,19.867
56.64,95.651,36.991,-4.309,20.195,-40.027,13.562,3.78,-3.049,2.916,-1.214,-8.178
54.567,85.28,54.901,-25.622,36.001,7.497,-15.366,-9.59,-23.489,27.694,-0.759,2.372
52.553,95.57,-13.078,89.492,-8.052,-67.526,-33.741,-9.616,8.626,9.13,-6.465,16.405
54.115,102.918,46.742,-14.098,24.826,34.074,34.627,-5.11,-31.871,23.906,13.604,6.387
55.272,82.617,41.153,-0.037,31.344,-28.132,51.088,11.535,-4.519,-15.397,5.941,29.033
55.648,95.676,13.276,54.135,-13.516,-35.315,-16.812,-7.314,-13.465,-4.813,-36.015,22.4
52.099,54.212,-15.546,-47.627,-21.894,-15.748,-3.414,15.666,-0.673,-18.648,6.359,-12.61
53.212,117.733,-8.188,-31.165,-15.474,-12.558,-41.5,-21.6,-8.399,10.952,-9.196,8.105
56.262,90.885,9.304,-19.777,23.506,-25.923,3.864,-9.738,14.516,2.619,6.608,9.155
51.47,74.257,-5.706,3.306,-25.875,-17.089,-30.916,17.448,-35.761,-1.382,5.127,-4.666
55.074,82.49,54.018,12.507,52.314,21.242,-2.954,7.851,-3.097,10.458,14.035,-15.479
50.22,53.176,-43.889,39.895,14.242,29.303,21.477,-15.291,0.381,-14.397,-1.749,-7.02
46.258,56.189,35.545,-37.539,-3.361,-11.134,30.374,39.283,17.135,-42.455,2.35,-2.508
47.944,85.237,63.64,-22.813,-16.582,-20.93,-11.289,-2.6,-2.415,4.633,-10.351,-21.222
48.29,13.724,-48.726,-17.713,-32.413,-66.15,-16.252,-19.716,14.19,-6.778,-9.887,-13.61
48.835,92.351,59.467,-5.496,8.921,16.997,-23.37,-19.994,-6.816,-20.294,-7.28,3.422
48.756,115.916,86.113,-4.763,6.841,-12.018,-49.246,-11.323,-18.304,-4.225,3.86,11.187
53.969,92.621,42.549,-63.561,25.46,-3.926,-11.686,24.442,7.154,17.222,-0.398,5.246
56.847,103.301,74.368,16.597,48.039,-30.782,-3.148,-9.665,-4.037,-13.081,1.148,14.682
53.016,58.122,6.949,8.657,-9.028,-58.88,-15.004,18.213,12.662,-19.611,-2.131,-18.404
51.217,103.706,20.97,49.648,33.31,46.873,-36.548,-16.593,12.403,-12.108,-25.22,-4.872
46.188,25.202,-9.742,-37.016,-29.174,-36.578,3.568,7.698,21.865,4.574,2.695,-6.515
52.278,104.277,4.354,-101.752,-10.464,7.318,5.158,1.646,4.544,8.086,-4.125,-6.539
56.555,124.468,23.843,-12.019,32.717,-29.263,13.742,14.06,-14.244,-7.806,-20.781,29.682
56.535,103.734,39.91,-12.299,-4.457,-9.093,2.541,0.913,-23.779,-18.444,11.725,5.785
57.105,82.009,27.566,4.891,11.37,-50.469,-17.318,-13.013,-7.765,15.515,-15.16,14.349
54.554,111.77,0.845,-10.822,-11.876,-24.319,-25.188,14.568,6.005,2.738,-28.961,-27.093
54.06,104.773,22.833,-57.953,2.731,-12.241,-24.26,-11.838,-15.575,29.161,-11.167,-21.651
56.055,92.684,-14.541,-22.229,-10.284,-35.896,-5.15,2.2,5.505,1.958,7.38,-14.335
55.881,107.934,22.264,23.002,15.011,-31.907,-2.033,-13.969,3.399,-2.363,-26.43,8.967
55.582,56.675,71.075,-9.365,23.654,-12.832,24.368,15.097,0.217,-2.534,4.865,-14.486
55.024,69.525,35.369,1.887,-0.891,-25.491,4.059,8.379,23.278,3.102,-16.259,-22.144
50.577,93.522,-48.481,3.544,23.064,-0.74,16.217,-23.069,-8.233,-12.57,-42.45,-1.801
51.998,61.908,44.027,-53.937,37.223,32.656,18.098,-3.153,-10.325,-9.863,15.524,-1.471
52.655,60.002,-15.61,-64.257,-16.647,-33.086,-20.738,44.018,-0.219,-22.165,-7.126,-18.784
55.597,91.037,48.126,-36.889,26.19,-3.284,30.193,4.169,-35.552,31.267,-5.735,-33.492
53.967,119.782,-39.959,31.982,0.37,-67.186,-6.534,38.333,-9.127,-11.906,-22.172,-0.741
54.468,57.606,51.874,-46.42,46.151,31.352,29.672,15.117,0.064,4.924,7.272,-11.698
54.741,56.438,16.355,44.585,5.392,4.523,-27.682,-21.234,10.045,-32.155,-37.998,-9.463
49.713,36.39,24.053,7.832,0.425,-25.851,20.54,-17.437,-11.001,-15.496,-7.261,-17.118
54.047,67.537,12.387,-18.269,28.584,17.412,15.243,12.767,13.211,-9.731,19.861,-4.322
56.482,87.557,39.853,-33.526,57.13,12.212,28.255,20.435,9.481,-7.6,10.066,44.525
56.18,96.117,18.644,29.535,-6.174,-36.712,-24.076,-13.185,-9.913,-0.676,-32.089,15.549
53.025,63.547,-10.08,-70.678,-36.18,-35.547,-19.532,6.068,-0.196,-14.537,5.37,-36.699
52.968,79.314,18.278,16.022,-26.541,-5.517,-34.747,-16.917,-14.594,-11.785,-43.783,-1.42
56.374,78.165,-1.868,-17.393,23.076,-59.282,9.885,-12.244,23.668,15.438,-3.813,3.619
55.419,75.122,48.098,6.833,54.371,-27.117,0.927,-13.325,24.445,6.564,-22.812,16.444
50.187,37.577,-39.22,-10.722,-31.143,-40.343,-27.453,6.437,-3.893,-18.823,-24.099,-23.232
45.783,73.442,20.208,-5.524,-8.278,-10.081,-45.2,-19.288,-12.914,-17.925,-11.096,-9.353
43.363,51.864,-4.213,-16.579,-37.992,-22.265,-28.323,-9.855,-5.036,-8.824,6.334,-14.502
50.232,43.289,-57.442,58.772,23.25,6.04,23.393,-21.849,13.104,-6.649,6.757,-4.155
43.927,23.482,37.321,43.617,21.702,-47.909,32.875,-19.684,-2.352,10.179,-9.798,4.146
45.27,35.761,67.396,-85.498,30.39,11.597,-27.572,50.244,2.164,-30.796,7.665,-9.859
47.46,11.946,-61.665,-2.448,-34.941,-69.277,-18.915,-13.708,15.352,-4.063,-21.713,-12.437
47.325,50.061,7.31,-49.39,32.725,-17.362,-44.167,-44.89,3.417,18.661,-4.286,-16.223
48.071,45.103,-32.122,-59.281,42.428,-27.542,-86.635,-11.248,26.659,-7.812,0.852,17.759
51.217,48.35,-74.896,74.176,10.649,-53.5,-35.543,-24.127,6.379,-8.216,-26.087,3.345
46.329,41.358,-65.405,-22.515,-15.529,56.556,-24.063,28.858,8.281,2.118,6.906,-23.418
43.457,127.913,6.333,-15.89,-31.641,5.202,-61.225,-13.731,-13.176,-6.045,-11.962,-20.714
50.426,95.479,-27.122,112.203,14.24,-56.545,-53.365,-21.18,3.124,-8.781,-17.428,-0.812
42.576,74.888,-10.418,-31.465,-47.319,-28.557,-44.021,-13.371,-15.162,-12.583,-0.828,-31.0
48.615,62.772,-13.814,27.567,-4.402,-2.163,-11.196,-1.735,4.368,1.247,-56.903,-5.622
48.254,50.52,-5.383,-15.37,11.456,0.265,43.003,-9.558,38.274,8.617,17.287,-6.123
51.166,46.948,-57.57,113.361,3.471,-9.69,-15.474,-42.721,18.086,7.494,-24.13,-0.069
39.361,-43.601,-34.122,-8.207,-37.136,-31.033,-13.982,-4.397,24.397,6.218,-15.622,-25.267
38.963,3.401,-39.526,-23.953,-46.647,6.703,-5.985,-18.094,18.313,-22.562,-46.122,-13.41
48.28,-20.975,9.229,-64.463,-3.053,-54.884,21.983,31.567,22.445,-23.04,3.046,-15.05
49.982,45.486,117.328,12.61,43.274,-43.226,68.287,8.822,4.86,6.928,-6.882,-17.008
51.535,85.099,121.925,8.255,33.89,-37.677,48.567,33.083,-0.959,-5.851,-1.958,-14.996
50.938,57.406,43.681,-66.584,-11.72,-29.689,18.836,47.439,5.718,-51.039,6.225,-9.794
50.037,122.137,73.493,112.151,59.915,-15.032,27.99,-35.601,-9.533,2.812,-54.252,31.147
45.574,115.29,69.624,6.997,19.196,19.563,-33.652,-2.487,-11.313,-16.953,2.889,3.555
44.803,-8.596,-16.056,24.482,-27.83,-48.58,-5.119,29.066,19.354,-50.231,-10.166,8.77
39.479,57.964,95.749,37.085,18.529,17.542,25.079,-5.76,-0.601,-33.93,-17.566,34.947
45.788,9.916,-46.256,-9.954,-28.46,-47.852,-32.058,47.45,29.051,-49.288,-22.343,-9.509
45.156,71.624,129.018,-43.01,67.718,-3.345,-9.742,6.533,-20.853,2.342,5.221,10.21
47.805,36.623,-32.071,28.318,-38.861,-5.426,-35.737,19.552,11.583,-61.047,-26.801,-18.456
42.108,137.387,62.565,27.74,11.222,7.33,-81.113,-14.495,-23.325,-6.733,-21.338,-1.158
39.398,71.374,65.293,25.426,-9.567,-1.299,-63.364,-34.651,-38.491,7.625,-12.137,3.592
38.142,98.857,67.855,16.779,3.502,-5.729,-54.33,-1.491,-17.372,-13.326,-8.356,8.545
45.471,28.568,-10.14,-41.163,-44.558,-79.247,-13.765,97.823,7.548,-24.759,30.864,-16.479
47.754,196.015,223.18,32.08,87.426,9.103,6.371,-1.229,-42.76,12.949,10.818,0.853
50.148,194.005,228.729,59.638,85.738,-19.629,25.326,11.046,-57.049,-4.742,10.335,20.764
50.885,133.534,153.016,21.59,76.447,-32.456,9.273,-5.818,-28.461,0.903,-1.081,25.599
49.299,29.119,-0.577,31.556,-7.026,-49.485,-5.875,43.769,22.079,-25.451,-45.851,18.231
44.604,4.419,-47.971,-4.0,-47.111,-54.502,-27.264,65.82,18.668,-47.311,-24.396,-10.81
39.356,43.456,85.013,-22.829,-22.133,-2.116,33.216,10.2,-25.237,-4.582,6.462,23.652
40.344,44.846,78.399,46.347,-9.896,-23.291,43.942,-0.821,-32.892,-15.888,0.616,34.862
46.798,28.672,-17.378,-1.354,-47.725,-14.262,-16.444,54.906,13.721,-60.174,-23.971,-26.077
43.562,119.532,68.39,24.257,10.189,18.184,-36.919,-0.501,-9.135,-12.797,-19.393,3.36
39.739,96.069,46.104,26.748,-28.046,-4.671,-56.392,-23.292,-16.35,-3.535,-23.404,-21.467
37.911,108.296,20.108,5.49,-38.925,7.851,-83.064,2.95,-19.768,-4.964,-15.272,-24.243
38.815,-66.399,-69.636,66.659,-52.0,-124.439,-36.762,53.181,9.89,-8.91,1.389,-9.967
30.607,13.488,55.107,8.649,-45.1,-43.704,5.126,0.821,-30.664,-10.399,-2.947,20.36
34.394,15.82,64.524,9.135,2.312,18.04,0.084,20.74,-3.838,-4.388,-16.194,-5.083
43.066,135.029,38.647,-16.197,1.769,45.445,-70.65,-13.293,-19.506,-13.116,-2.202,-13.645
45.426,12.464,-69.605,9.688,-53.42,-30.556,-48.105,41.299,27.235,-50.083,-29.154,-17.173
33.647,80.612,30.14,-9.703,-8.549,-1.165,-51.644,4.451,5.693,-4.809,-28.411,6.411
33.606,108.812,-7.738,23.13,-26.561,19.382,-88.131,6.659,-5.257,-14.006,-35.838,-19.054
40.907,10.952,-84.039,82.602,-40.565,-43.691,-59.494,74.8,24.733,-59.59,-23.991,-16.548
32.304,109.623,-0.746,21.68,-23.971,34.324,-59.383,-6.77,-16.408,-7.833,0.2,-9.676
49.476,40.261,-40.718,-41.591,-51.321,-7.683,-34.53,28.401,17.395,-45.72,-2.913,-33.651
50.985,188.22,135.497,12.088,63.983,-14.342,-33.215,-15.533,-1.627,-3.06,6.657,-33.076
52.083,180.98,116.491,40.725,71.569,-6.1,-28.623,-16.606,2.984,-4.258,-31.655,4.169
48.359,143.72,102.962,17.711,84.022,5.325,-9.924,-14.49,23.815,-0.341,-57.714,38.152
42.217,13.757,19.533,-24.103,-34.135,-39.988,21.653,9.607,-3.885,2.724,-7.391,-5.841
43.359,47.468,0.819,23.581,-35.475,-7.955,12.106,-9.667,10.336,-4.175,-26.821,-15.28
44.43,1.221,-58.38,-14.413,-46.067,-54.928,-28.796,58.228,26.431,-45.598,-28.137,-24.071
36.956,15.321,0.341,-14.555,-25.666,-31.071,31.107,-12.804,23.229,6.024,-6.721,-11.306
38.167,73.348,61.301,35.784,14.012,-17.161,28.116,15.087,17.28,-14.01,-2.611,-0.183
49.608,18.772,-32.572,-49.54,-49.32,-14.771,-42.74,29.946,11.514,-42.933,-15.799,-30.161
49.852,99.051,-27.344,-64.117,2.265,-16.78,-83.259,-19.403,1.131,0.917,1.369,-2.835
52.113,74.978,28.323,-18.407,9.252,-6.33,-29.403,6.285,-9.379,-0.585,-31.948,-23.139
49.056,71.975,49.496,-26.0,8.864,-17.167,-3.123,-12.486,2.436,-2.18,1.159,-5.68
49.847,73.728,49.844,26.222,19.434,-17.528,-4.984,-4.737,3.485,-5.983,-29.468,0.571
45.983,56.871,77.804,-77.854,25.339,11.634,-33.507,-2.806,-9.388,-19.746,-5.415,-16.69
50.371,-9.375,-9.972,-48.641,-35.015,-55.281,-8.593,25.287,20.825,-17.101,-3.837,-22.274
52.846,109.671,49.472,-35.722,-3.63,-17.344,14.174,-7.426,14.522,-6.523,-2.299,-10.276
51.639,75.907,2.884,36.663,-11.67,-13.285,-13.496,1.227,7.586,8.671,-51.618,-1.751
40.776,36.256,18.607,40.023,-19.257,-27.877,-21.09,24.528,-7.888,-4.184,-18.266,-16.57
41.197,57.03,56.46,-116.12,-8.734,8.674,-3.673,-2.673,-0.591,32.002,-40.104,-13.303
44.441,52.068,-13.748,-14.606,-43.373,7.638,-11.977,-28.394,-1.176,-13.855,-5.607,-15.866
42.917,33.042,-3.506,-21.918,-44.018,-35.329,-10.442,-10.069,-2.127,-6.792,-17.016,-10.827
43.35,-83.437,-75.766,-32.227,-57.125,-113.611,-20.242,26.585,6.34,9.843,6.81,-6.587
50.744,89.791,31.575,-48.547,25.59,20.833,10.536,0.175,17.63,-31.455,5.761,8.571
50.036,57.943,26.935,24.058,9.648,-23.009,-25.387,-0.287,-22.386,-12.91,-17.019,31.18
47.198,9.861,-60.434,-24.943,-43.096,-40.779,-18.974,48.327,9.593,-35.715,-19.061,-0.393
45.295,50.145,-49.297,-46.574,1.858,-30.671,6.982,4.051,-17.852,9.042,3.871,32.271
46.513,55.461,-59.243,-10.155,4.427,-34.752,-14.805,3.949,-23.475,-7.803,-9.275,23.808
44.685,-3.757,-57.158,14.498,-31.786,-67.86,-21.017,43.212,12.801,-27.601,-11.687,-3.137
38.431,53.314,25.068,-17.893,-18.641,-16.805,22.376,14.709,10.526,0.129,-28.21,10.206
48.73,35.368,39.274,-82.673,-8.413,21.271,47.386,75.215,4.988,15.506,69.142,-6.555
51.813,133.679,129.734,50.838,62.475,-36.025,60.221,-8.481,0.816,11.31,-9.56,23.808
50.88,137.279,162.977,37.545,63.85,-28.519,91.59,7.729,-3.69,-10.154,2.577,29.063
49.012,12.772,56.616,38.811,24.311,-70.19,26.644,54.367,28.233,-26.677,-24.634,10.36
43.869,122.565,83.638,-14.844,30.077,40.931,-38.214,1.372,-4.992,-17.449,7.589,0.501
46.473,-14.883,-20.936,-8.437,-30.828,-40.185,-8.029,28.078,19.242,-45.322,-11.759,16.491
38.238,40.289,139.685,24.561,33.609,-22.869,30.434,-1.173,-7.476,-14.145,-2.921,40.565
39.484,55.927,136.982,59.728,39.518,-0.71,34.263,-3.852,-9.052,-25.936,-10.63,40.96
43.69,-11.32,-1.275,58.299,-6.584,-57.058,3.461,38.883,32.894,-57.318,-12.734,-4.899
33.254,103.356,45.826,61.772,16.852,-13.052,-44.226,7.876,3.15,-16.068,-5.461,0.673
47.605,39.151,-51.274,24.906,-43.304,-3.837,-37.718,24.375,20.605,-57.567,-19.34,-23.54
41.137,147.517,70.825,23.637,13.908,27.899,-71.167,-15.868,-19.979,-5.61,-7.414,3.512
39.25,69.841,62.836,36.5,0.19,6.433,-58.371,-30.957,-31.581,14.102,-13.291,11.047
39.515,103.786,67.392,4.294,-7.013,-18.27,-45.341,1.109,-17.637,-7.025,-1.455,10.536
50.764,73.345,64.607,16.07,-8.369,-3.614,28.211,42.155,-52.722,14.569,36.19,-7.889
48.521,134.548,161.808,-41.534,76.676,30.159,-11.251,34.108,-16.471,-45.418,-17.999,-17.877
48.282,121.814,78.156,106.484,52.777,0.057,-74.571,-31.754,-35.301,-9.647,-36.784,-6.768
48.355,132.334,68.008,-3.462,48.742,34.084,-30.683,-34.388,-23.645,-0.626,-13.878,-22.559
48.552,99.762,72.778,16.699,71.609,26.257,-61.522,-13.455,-28.952,-29.487,-14.418,1.205
42.269,24.624,95.284,-42.776,20.521,1.203,-38.712,2.308,-51.159,-16.073,-2.008,9.278
43.442,42.568,91.806,5.499,108.2,-28.005,-25.04,12.821,12.74,-20.22,-2.564,30.188
42.045,110.226,75.575,37.782,82.36,-24.412,-51.61,23.217,0.027,-23.873,-11.187,9.995
37.902,128.951,71.095,70.71,1.759,-5.568,-82.658,-30.673,-27.991,-12.763,-17.529,-27.52
31.589,112.884,70.062,55.275,23.039,-6.862,-57.183,-21.59,-7.6,-18.591,-18.403,-4.027
21.446,13.215,122.626,38.744,16.393,-26.349,17.725,-1.827,-30.656,-8.342,-14.506,-15.156
21.046,40.8,122.345,23.885,38.68,-26.932,3.414,3.299,-2.944,-1.742,3.325,-11.991
23.443,129.767,47.394,13.751,14.463,7.559,-76.26,-5.381,-14.711,-12.362,-9.782,-14.907
19.863,99.373,-2.302,67.551,-10.932,-1.956,-78.872,-22.455,-11.97,-12.279,-2.242,-18.433
12.482,116.746,28.216,61.164,0.759,-3.799,-35.269,-6.919,-25.845,-8.7,-28.143,0.235
10.106,111.183,23.152,19.928,30.207,47.566,-15.501,7.447,-35.261,-11.544,-20.675,-17.067
4.991,127.614,47.204,29.479,55.419,-34.317,-7.047,31.134,-31.814,-0.5,-20.869,-18.459
5.504,178.903,1.255,71.493,20.89,3.422,-58.084,6.961,-27.86,1.304,2.327,-20.538
