0.0,171.13,9.469,-28.48,57.491,-50.067,14.833,5.359,-27.228,0.973,-10.64,-7.228
1.814,134.135,-54.514,-52.277,15.545,-49.931,33.65,7.437,-25.968,9.505,-11.349,-3.32
17.31,-119.23,-92.455,-107.026,24.356,17.253,39.986,-4.757,-42.175,62.506,-30.643,-13.27
16.576,-133.114,-104.886,-69.819,51.189,-58.314,50.329,17.245,-15.05,4.643,-5.179,-6.222
20.538,-125.842,-21.364,23.786,47.202,-59.42,41.665,52.692,-0.603,-1.87,-34.461,-31.906
18.51,-137.382,-66.533,-34.997,57.95,-29.561,33.859,35.493,-11.672,8.102,-29.496,-29.704
15.478,-104.907,-132.136,-27.76,27.57,-62.361,3.264,46.133,-9.557,7.536,-8.634,-18.952
15.221,-89.632,-62.33,-38.425,52.376,-47.984,31.141,25.971,-30.129,3.992,-4.449,-15.906
16.089,-115.35,-120.337,-28.959,34.137,-48.503,4.337,48.403,-26.902,8.32,-7.033,-11.917
15.464,-109.479,-45.383,-64.935,96.772,-7.179,7.156,1.697,-38.028,28.693,-4.786,-8.426
24.048,-102.611,10.268,50.857,61.143,-38.299,-41.272,10.776,-10.052,2.672,-10.924,-8.291
17.435,-117.793,-45.219,-24.761,74.444,-36.942,-11.617,20.772,-23.238,4.216,-27.62,-12.005
24.284,-108.82,51.19,83.082,75.594,-50.338,32.53,37.649,26.619,10.853,-13.566,-38.682
24.736,-154.515,-14.411,-109.703,22.877,-1.203,68.669,1.948,2.21,17.043,-45.474,-9.383
23.264,-150.326,-55.889,-15.769,-1.879,-38.723,41.988,23.0,-3.122,-0.828,-32.227,-17.066
19.837,-138.505,-75.282,-51.044,12.676,-57.366,43.704,10.328,-13.353,-3.673,-10.004,-26.83
19.504,-160.866,-75.772,-38.432,52.276,-64.523,29.406,28.246,-22.033,-7.79,-6.897,-15.502
21.188,-125.314,4.855,-66.968,56.717,0.703,39.386,9.954,-11.425,-6.259,-35.262,-17.247
19.927,-145.32,-43.892,-41.849,39.213,-67.484,57.9,18.576,-16.544,1.773,-0.273,-32.819
22.558,-145.623,-53.097,27.926,30.469,-47.572,-6.516,44.314,-9.403,-3.855,-27.457,-18.279
15.118,-102.409,-66.336,-23.521,82.002,-60.19,5.871,35.149,-17.263,-3.978,-11.787,-12.372
16.827,-142.905,-131.059,-57.953,50.495,-49.483,9.423,43.775,-11.687,6.526,-9.042,-15.917
13.875,-90.437,-77.251,-30.173,87.108,-49.774,17.738,36.852,-11.12,14.134,-4.746,-10.0
17.835,-95.667,-6.854,6.117,58.352,-40.607,29.366,39.289,-29.757,-2.771,-1.922,-11.486
19.186,-144.268,-78.103,9.615,50.445,-47.293,18.813,57.179,-19.717,14.243,-26.552,-17.547
20.382,-149.325,-47.254,-32.28,58.548,0.821,49.758,32.38,-14.26,37.141,-1.537,-30.311
19.039,-103.738,-0.286,0.523,52.119,-56.307,22.227,31.813,-19.657,-14.853,-5.824,-17.057
19.804,-137.189,-92.722,-9.423,24.616,-20.025,11.365,54.765,-21.95,18.323,-17.554,-13.12
14.714,-31.31,-65.9,-46.078,4.645,-36.43,6.919,4.258,-6.616,2.164,-12.199,-7.626
25.635,4.169,46.589,-259.904,34.872,24.041,34.687,43.28,20.529,37.879,10.319,-30.886
42.295,177.338,70.696,-47.103,6.681,-22.856,2.684,46.717,11.388,-4.707,3.679,-66.879
43.061,246.985,53.748,25.071,-3.611,-36.32,-15.083,16.884,-10.532,16.097,-14.423,-58.481
42.155,220.652,60.672,5.424,29.559,-18.507,-52.917,-2.741,-25.608,5.704,-6.904,-27.79
40.83,198.224,53.892,-11.496,20.993,-29.772,-38.468,-0.917,-7.117,12.625,0.134,-41.571
39.472,156.347,43.325,19.318,-3.406,-11.794,-26.918,-12.073,-9.43,27.786,-37.295,-41.279
36.424,106.669,52.094,-8.022,-8.263,16.731,-49.534,0.34,24.92,-3.475,-2.819,-69.464
34.225,101.729,54.323,-37.21,33.681,-13.949,-44.758,2.377,29.991,-2.435,7.339,-34.413
35.064,88.703,3.264,-4.625,16.695,-26.162,-35.14,-21.811,27.244,25.656,-17.07,-17.863
26.567,43.443,34.764,71.719,57.969,-16.047,-62.188,-32.175,16.986,-5.425,-50.65,-24.887
16.306,-19.641,-71.706,-47.7,-22.594,-45.936,-5.261,16.922,8.28,1.729,-3.15,4.64
15.697,-32.454,-92.862,-46.028,-14.798,-53.667,-12.765,12.979,3.592,-8.022,-0.591,-1.188
18.413,-78.915,-34.73,-0.936,49.921,-5.818,-13.614,28.007,-23.031,42.636,-10.505,7.16
14.004,0.135,-20.682,-27.38,41.898,-36.362,-38.406,1.308,-0.667,-5.077,-5.931,-2.777
12.046,32.388,-19.311,-33.379,32.475,-33.37,-24.201,-9.356,-0.564,-0.734,-0.669,-4.263
14.622,-25.445,-56.638,-62.436,21.931,-36.676,-6.934,-41.116,-6.669,36.384,-20.343,-6.443
26.981,-14.075,-28.342,-43.547,-26.188,97.719,-20.441,27.418,15.344,-13.365,-39.833,-46.664
26.943,-3.432,2.666,-74.118,-31.373,52.602,-28.496,38.737,16.024,-14.589,-60.264,-48.293
32.009,52.286,35.314,-73.915,-26.465,79.003,-35.595,21.832,10.177,-29.062,10.956,-67.644
32.15,61.431,19.782,22.458,-36.214,7.439,-62.742,-29.655,-9.387,-19.936,-47.655,-49.155
27.293,-55.69,-34.028,-28.743,-32.766,-19.102,-53.889,-0.721,4.707,6.986,1.296,-35.02
23.69,-81.337,-35.753,13.472,-1.394,-45.261,-69.31,-1.798,0.349,5.607,-22.467,-17.646
29.977,37.701,60.041,-84.711,6.255,28.698,-22.75,39.704,45.461,-13.665,40.727,-74.623
31.163,69.448,66.526,-3.322,6.931,-17.318,-70.146,-18.651,8.517,5.48,-18.284,-37.564
26.475,-37.364,-67.976,35.949,-35.82,-39.915,-35.042,-9.738,26.459,9.978,-43.784,-32.011
18.139,-49.456,-81.394,-63.205,-20.434,-28.681,-0.737,-8.908,8.619,-5.541,10.422,-22.889
18.234,-104.803,-58.768,-28.269,42.381,-41.873,-10.822,29.711,-10.66,3.959,-17.916,-2.985
18.531,-103.096,-14.316,-53.173,76.549,-3.233,5.645,26.518,-12.934,37.652,-5.769,-9.065
18.845,-102.87,-89.245,-25.953,25.058,-39.357,2.359,35.892,15.536,4.307,5.071,-4.02
15.851,-4.31,-58.981,-23.808,-11.453,-49.86,-23.756,7.641,-0.772,0.257,0.315,-3.129
16.688,-52.64,-106.016,-56.14,-14.39,-8.033,-21.951,17.238,-8.163,40.715,-9.899,-7.41
31.984,12.264,-0.917,-113.36,11.086,111.349,-51.169,25.374,-0.044,0.084,27.08,-24.931
33.561,-9.349,-44.78,-7.312,-22.426,-20.135,-73.822,-15.827,-3.045,-1.423,-25.71,-21.862
26.828,-70.761,-48.355,-33.83,-6.234,-15.246,-68.274,-15.059,14.346,-8.797,4.073,-20.836
27.453,-54.892,-18.466,-85.649,-13.15,4.55,-71.895,3.218,5.892,-11.086,4.694,-26.546
27.594,-94.086,-53.476,-42.86,1.7,-10.644,-60.589,-9.107,13.211,6.922,4.856,-12.112
28.333,-73.913,-24.067,-36.682,8.314,7.082,-75.772,3.973,20.78,-20.935,-19.22,-19.076
28.218,-87.522,-11.514,-33.189,18.822,21.882,-66.357,-2.268,5.164,0.127,-3.247,-24.875
28.7,-90.997,-5.329,-13.041,39.065,4.362,-65.361,-11.116,10.238,-9.575,-7.374,-9.698
36.248,36.038,22.893,16.642,1.147,40.682,-87.569,-22.79,-1.576,-26.321,-17.113,-42.072
31.478,-17.814,9.519,34.385,29.18,9.184,-76.901,-22.382,24.795,-11.767,-13.585,-28.498
28.75,-62.409,62.489,-49.491,46.059,-18.453,-42.357,15.919,23.611,-4.147,9.73,-39.05
31.96,29.467,61.723,-28.788,53.937,-26.107,-52.187,3.498,28.472,-1.226,-1.91,-32.025
32.178,52.597,47.791,7.048,41.346,-24.869,-52.718,-23.654,19.877,11.501,-20.935,-35.364
27.236,-35.447,-35.138,49.062,17.346,-22.14,-28.183,-13.954,20.488,20.15,-46.835,-26.066
14.249,16.123,-45.182,-60.074,-20.122,-35.151,-0.322,18.436,-2.998,9.982,-13.355,-13.91
14.652,10.73,-53.722,-69.547,-24.652,-32.766,2.03,-1.738,-15.691,25.531,-19.843,0.743
18.27,-64.814,-102.429,-79.864,-8.146,9.691,-8.211,2.314,-2.724,58.949,-25.579,-2.525
15.722,-51.207,-112.807,-61.936,-24.364,-50.613,-18.702,21.433,-4.94,2.007,-3.884,-14.186
17.203,-76.254,-108.998,-92.364,-14.405,-23.852,-8.401,-13.693,-8.462,22.299,-23.524,-7.549
21.178,-128.559,-143.392,-59.875,-5.614,-47.089,-12.338,-10.682,17.599,32.917,-13.413,-0.105
21.678,-143.361,-105.092,-38.101,7.777,-37.772,12.169,37.6,3.223,18.67,-0.242,-3.809
18.876,-58.831,-110.098,-39.42,-25.455,-47.0,-12.69,12.483,15.18,0.966,-4.337,-11.136
19.427,-97.845,-131.088,-64.883,-9.582,-23.622,-16.509,15.728,4.166,38.371,-10.458,-5.059
28.849,23.099,51.122,-290.918,-22.125,16.945,-12.851,35.879,-3.702,5.931,22.952,-44.647
40.404,87.811,-5.098,2.003,-74.996,-3.512,-53.897,-18.36,-21.563,-3.217,-45.796,-48.456
35.245,34.802,-63.663,19.575,-46.046,0.59,-58.534,-20.357,10.891,-17.012,-52.692,-34.842
20.08,-80.762,-53.113,-122.294,-5.77,-30.961,12.107,-49.339,5.731,24.7,-9.603,-26.331
27.949,-61.293,-10.84,-80.746,6.16,-28.168,-2.226,24.505,39.993,-2.388,15.667,-29.859
31.797,6.456,-2.78,-42.058,10.79,-31.784,-39.983,5.23,26.143,16.783,-2.828,-31.578
32.572,53.386,25.914,-37.716,27.497,-25.814,-54.037,1.337,24.825,3.04,-0.81,-18.247
33.761,27.033,-2.09,-33.861,0.157,-35.853,-28.998,2.206,22.812,22.035,-0.949,-32.28
32.246,15.349,-31.992,31.486,-4.071,-19.843,-27.931,-35.423,19.785,20.181,-43.817,-24.271
24.853,-84.747,4.187,-80.346,18.306,0.933,-11.918,9.691,15.3,11.307,-24.797,-31.782
21.923,-102.492,12.765,-48.039,49.248,-15.821,-9.065,1.728,5.831,18.496,-11.087,-36.803
23.146,-143.008,-65.026,-104.936,11.969,-45.28,14.505,4.409,4.889,-1.135,11.59,-17.664
23.363,-89.753,-17.453,3.823,17.751,-25.68,-38.89,36.136,13.23,-3.595,-31.013,-31.39
18.258,-98.859,-124.447,-69.16,-1.882,-9.284,-13.74,19.715,-4.911,50.229,-16.466,-6.864
15.236,-43.875,-104.302,-60.906,-22.119,-47.628,-13.852,20.703,-1.506,0.601,-1.149,-18.992
14.494,-13.884,-96.766,-66.749,-28.742,-38.467,-16.325,1.419,-4.648,12.178,-10.605,-5.38
18.922,-103.986,-23.903,-35.986,54.951,-11.978,16.697,31.092,-21.684,33.927,-1.167,-1.091
19.334,-63.393,-41.153,-41.717,31.89,-18.973,-2.761,-19.987,-2.489,7.523,-2.239,8.9
27.102,-5.614,44.262,-177.61,18.417,41.327,-51.49,12.168,8.271,-12.637,-4.906,-26.101
37.119,84.327,35.729,-156.885,-17.975,39.403,1.113,75.536,19.961,-20.791,-3.471,-43.035
43.082,182.885,29.982,-8.475,-3.283,-26.229,-19.522,-9.975,-5.235,4.502,-17.991,-45.053
41.231,113.042,4.273,18.503,2.848,-10.171,-43.592,-13.471,-3.669,-0.394,-40.891,-16.226
36.299,46.055,8.905,-7.855,32.393,-51.305,23.598,-11.753,29.376,19.055,-0.707,23.68
41.827,150.595,18.776,-52.227,51.53,-0.312,8.304,26.056,22.486,-11.221,0.843,-4.138
41.796,190.124,19.293,-22.494,50.85,-40.74,-26.714,18.214,3.896,5.536,-4.619,-19.516
41.383,174.965,-27.503,-8.124,17.478,-31.318,-6.298,13.438,1.381,10.578,-14.357,-2.744
36.401,89.96,22.498,14.839,72.824,-5.977,3.473,-29.347,-10.242,30.187,-36.888,-9.66
36.395,95.594,47.141,-3.556,16.889,9.068,-25.139,7.749,14.272,-27.87,0.3,-12.935
36.034,154.073,88.632,-17.239,3.884,3.087,-74.777,-0.076,1.647,-22.55,22.299,-51.873
39.058,163.01,58.966,-40.426,-16.025,-11.499,-60.16,-8.906,-8.838,16.203,-10.565,-67.556
38.006,135.456,41.999,-0.373,-18.764,-21.334,-56.225,-3.907,1.379,10.677,-15.472,-62.893
36.012,87.51,21.654,-17.725,-39.572,-14.101,-44.627,0.844,15.68,10.704,-20.053,-51.357
29.162,39.42,-10.43,0.118,-38.721,-19.262,-35.683,-27.63,26.603,-1.593,-20.328,-54.17
23.944,-79.172,-93.658,-5.051,-43.545,-35.004,-23.17,3.36,20.536,-4.858,-12.011,-17.673
20.508,-98.927,-107.553,-67.554,-15.885,-38.667,-1.343,3.23,5.08,21.471,-10.636,0.46
20.513,-118.409,-141.035,-38.405,-3.028,-28.746,-10.538,3.481,6.15,29.861,-7.5,-6.218
16.801,-64.17,-120.676,-67.128,-22.331,-31.153,-19.651,18.789,0.45,4.058,-5.982,-14.74
15.867,-46.914,-115.529,-78.084,-26.427,-33.284,-20.008,8.993,3.432,6.629,-11.55,-14.521
21.171,-127.232,-53.256,-18.6,48.442,-43.518,-12.039,45.358,9.991,24.345,-3.184,-16.937
26.72,24.259,20.666,-64.994,20.269,66.538,-11.996,48.218,22.031,0.71,-31.143,-30.98
31.605,53.561,14.948,-7.469,27.245,16.202,-36.766,0.343,32.225,-22.836,-28.867,-24.538
31.423,32.082,34.822,-61.995,29.676,33.332,-21.736,35.333,40.964,-26.612,-6.382,-32.753
23.262,-27.57,-25.144,-37.782,12.765,0.264,-35.702,-33.436,-5.26,33.801,-41.914,-0.547
28.532,-32.252,28.387,-137.986,23.133,13.314,-18.511,55.719,27.93,12.044,2.906,-26.092
30.218,-26.194,-47.056,-32.732,-22.882,12.156,-31.871,-28.992,25.597,10.485,-49.01,-22.359
27.102,-46.234,-68.432,-4.167,-43.5,5.635,-43.121,44.741,17.335,-18.173,-63.268,-32.373
20.545,-104.188,-133.498,-66.491,-7.064,-5.569,-4.781,-19.737,1.782,18.986,-18.551,-9.018
19.849,-137.617,-151.39,-70.424,-2.181,-46.114,-16.151,16.842,24.275,2.151,-15.175,-12.305
17.244,-68.249,-128.164,-68.242,-16.442,-42.076,-22.19,22.501,15.593,4.208,-14.073,-12.057
15.587,2.413,-79.337,-81.961,-22.603,19.7,2.942,-2.78,-4.645,24.443,-25.79,-3.843
19.12,-46.962,1.248,-120.709,6.573,-6.767,23.575,-85.925,-20.859,29.93,-14.737,-7.714
34.617,47.086,33.397,-1.714,7.365,94.816,-45.851,4.507,7.966,-57.702,-7.687,-47.283
27.279,-56.974,-58.011,-38.798,-63.741,-21.663,-16.128,-3.842,0.477,11.514,-8.045,-29.811
28.929,-35.842,-51.775,5.331,-37.781,-14.182,-51.666,1.877,6.024,-13.53,-27.125,-31.127
28.498,16.336,39.158,-14.001,16.979,29.544,-16.02,22.765,42.994,-5.179,-10.629,-59.522
28.751,59.207,103.202,-107.502,10.17,5.684,-23.097,43.745,26.37,14.98,7.855,-61.542
34.921,102.179,46.197,-8.927,-22.523,-21.839,-49.627,-4.226,16.637,30.985,-4.503,-67.769
34.329,93.897,45.54,-28.946,-29.707,-37.833,-43.111,-2.54,24.21,18.458,1.176,-67.979
36.198,108.423,75.236,-10.847,7.076,-18.299,-77.47,-9.078,12.739,3.868,-14.041,-51.317
36.008,123.366,89.389,-18.595,13.315,-15.089,-82.628,1.69,8.688,-2.64,0.542,-52.667
32.106,43.734,-35.488,111.001,-9.532,0.225,-64.715,-32.261,4.686,4.867,-87.51,-29.898
15.7,25.18,3.068,-28.684,16.904,-46.317,-7.383,-2.975,23.385,13.434,-7.159,-13.915
15.363,28.873,-14.51,-15.186,18.063,-39.08,-14.205,10.496,18.166,-0.876,-6.969,-5.809
20.237,-80.868,-62.789,-57.917,27.217,-18.701,-19.928,-0.759,-3.01,7.444,-4.721,24.042
17.752,-23.724,-61.966,2.958,14.632,-53.959,-47.347,14.818,-7.227,5.296,-0.945,8.754
13.602,66.217,-1.511,-9.377,12.609,-39.05,-16.402,1.155,-9.449,6.011,1.553,-3.567
25.715,33.208,44.8,-215.972,18.537,58.101,-39.045,15.131,-22.45,42.485,1.381,-8.768
31.427,22.759,11.43,-33.125,23.312,6.568,-90.528,-22.035,1.518,-24.929,-4.192,-16.652
33.465,109.846,94.902,-25.27,75.825,8.829,-56.094,8.844,31.199,-26.384,22.41,-38.177
37.716,130.653,34.701,-36.566,40.257,-30.079,-49.007,1.42,20.759,14.752,12.829,-15.57
40.447,126.468,34.579,-16.041,53.144,-26.917,-70.886,-10.33,18.862,11.291,-3.947,-2.974
39.283,153.687,69.235,-34.352,68.089,-29.14,-82.436,-0.401,17.599,13.773,3.642,-8.579
39.99,143.777,118.335,31.882,104.426,-39.474,-64.264,5.797,54.406,13.662,-10.915,-16.974
39.269,106.356,21.647,-39.615,10.002,-39.77,-47.298,13.417,31.544,6.555,1.771,-22.509
36.912,96.508,13.382,-5.304,31.052,-9.491,-50.766,-17.179,20.682,17.699,-27.374,-10.693
28.58,31.924,-5.188,-70.23,-12.166,-23.207,-32.649,-38.302,4.923,26.03,-7.911,-28.341
32.261,45.378,49.078,-9.924,-13.203,-6.936,-66.221,-16.71,-4.606,-8.29,-5.317,-47.528
32.588,61.51,45.646,-34.059,-28.429,-12.759,-78.062,-12.401,-10.918,-11.265,-2.076,-49.493
32.886,46.661,25.182,-43.834,-45.28,-18.145,-57.228,2.065,-2.753,-1.588,0.214,-55.64
33.494,36.788,-16.126,-18.696,-66.269,-19.559,-54.528,-7.404,-6.031,6.819,-5.141,-52.877
29.622,-3.094,-43.835,-14.475,-53.369,-1.998,-46.375,-18.578,-1.376,-2.522,-50.611,-38.19
24.235,-101.567,-116.307,-42.332,-55.248,-27.933,-34.647,-0.792,10.697,8.105,-17.72,-33.502
23.933,-78.626,-83.49,-88.909,-55.145,-20.6,-36.749,11.082,31.499,-0.4,-2.841,-35.772
26.487,-109.947,-42.722,-34.233,-22.135,-30.659,-10.344,16.941,24.314,16.249,-18.85,-16.612
23.163,-74.58,-69.311,-29.244,-6.552,-46.264,-25.691,-15.528,3.19,6.74,-13.446,-21.888
20.852,-99.702,-67.333,-50.589,19.555,-37.877,-38.26,4.405,9.15,11.36,-3.984,-19.251
18.98,-75.791,-79.621,-38.522,-4.399,-40.089,-42.618,26.221,5.756,-2.085,-10.36,-15.941
17.716,-45.181,-72.627,-43.188,-5.077,-22.383,-9.639,-10.84,-14.773,34.699,-23.717,2.976
16.799,-12.762,-85.569,-71.952,-35.316,-31.209,-5.811,7.366,6.617,2.434,2.674,3.051
17.558,14.218,-93.684,-35.34,-42.022,-26.639,-10.502,-7.274,2.847,-6.523,-8.6,1.861
26.753,-6.065,-6.172,-126.202,-1.821,67.796,-37.101,19.833,3.606,15.16,3.928,-23.319
30.406,16.319,-22.81,11.881,-7.75,2.982,-73.017,-20.218,-0.456,-16.002,-29.401,-23.873
27.448,-11.538,-19.481,-29.673,-6.135,-2.355,-73.454,-13.486,12.844,7.336,-9.811,-21.518
28.149,-27.46,-19.74,6.575,-0.345,25.168,-72.572,-9.522,-1.693,-20.394,-22.726,-23.23
35.625,60.065,7.233,-41.773,10.442,34.437,-12.713,12.057,45.314,-28.934,0.587,-44.624
32.595,67.904,24.618,41.173,-1.582,-6.389,-24.075,-7.122,27.237,3.973,-50.353,-57.993
33.767,48.016,42.603,-86.307,47.028,15.756,-39.052,27.153,19.579,-2.29,5.455,-28.77
34.082,77.098,42.517,-13.592,34.45,-20.348,-66.891,-8.462,17.271,-7.738,1.308,-15.747
33.919,109.76,69.889,-32.959,55.209,-22.447,-72.98,-5.441,16.571,0.083,5.473,-14.265
36.5,91.057,12.399,-22.122,5.087,-31.799,-26.627,-6.851,23.397,6.127,-6.108,-20.637
34.427,58.882,-29.272,30.256,4.329,-6.345,-36.631,-9.199,29.412,10.386,-52.783,-17.866
26.27,-33.954,14.478,-15.758,36.629,13.595,-26.457,15.316,21.651,-10.13,-24.955,-30.982
24.68,-44.074,-16.382,-35.001,34.025,-8.821,-56.614,16.473,12.704,5.223,-17.82,-21.674
24.173,-61.801,-12.653,-28.308,24.516,28.652,-77.8,-1.534,-2.058,17.311,-2.11,-14.374
23.763,-128.26,-101.602,-105.937,-8.66,-13.324,-1.021,5.048,8.755,9.317,-8.649,-8.715
30.998,-43.497,-16.198,-29.499,8.135,11.29,-19.378,-0.245,27.228,-40.665,3.391,-44.497
28.903,-34.466,20.067,-11.67,1.895,-38.882,-27.459,2.721,6.975,0.9,-5.701,-27.821
26.638,-21.742,12.425,27.157,25.467,-21.999,-41.845,-20.079,6.02,2.723,-33.943,-29.776
16.672,-9.683,-68.103,-26.191,-20.917,-48.043,-23.766,31.508,4.323,3.572,-6.188,-11.475
19.46,-60.354,-122.96,-8.099,-26.74,-43.453,-29.512,33.699,-5.397,37.43,2.974,-8.745
19.893,-112.209,-39.521,-36.947,53.139,-42.598,-5.991,20.394,-1.052,15.201,-1.041,6.828
18.61,-36.744,-31.288,-32.171,18.132,-36.338,-5.382,14.425,11.458,1.929,-7.067,12.127
19.308,-70.741,-19.876,-60.502,61.194,-21.458,-17.232,-11.051,2.655,34.077,-9.193,-6.236
26.927,-0.454,69.171,-184.865,20.611,0.351,-23.656,43.935,0.084,-3.612,13.034,-27.483
33.871,70.994,19.3,-196.541,-32.311,-17.605,-8.884,49.088,2.153,27.419,5.857,-32.302
41.068,162.317,4.139,-25.362,-29.511,-32.738,-4.883,-1.178,-6.864,12.19,-16.278,-50.888
40.349,184.611,30.771,-14.813,-12.646,-30.696,-4.462,5.836,1.05,6.583,-12.345,-60.541
39.697,192.722,41.261,-9.296,-1.463,-33.058,-13.151,5.77,-6.368,12.921,-11.822,-55.706
38.837,188.383,41.677,-16.806,-3.987,-31.947,-12.969,2.171,-1.036,-4.213,-7.318,-54.715
38.33,149.598,35.173,11.432,4.248,-11.49,-31.224,-22.306,-10.426,17.748,-37.62,-35.562
32.093,-34.344,-4.445,-0.333,1.055,-18.005,-3.061,-21.596,13.06,11.463,-18.51,-25.326
38.464,99.5,10.741,-59.25,11.673,16.2,-19.833,29.77,21.86,-43.724,32.273,-42.823
42.098,174.38,16.454,-31.547,12.126,-23.867,-34.718,3.049,-0.792,-1.044,-9.215,-38.662
38.006,150.522,27.245,-3.561,42.033,-11.887,-28.689,-0.479,10.53,-11.718,-2.865,-38.996
33.556,56.772,-16.156,-16.315,-17.452,13.331,-53.542,22.549,18.099,-7.668,-16.397,-50.112
23.854,-39.29,-25.632,14.183,-0.38,-15.715,-52.822,-11.896,3.396,18.503,-18.046,-14.147
18.257,-36.736,-44.134,-39.491,18.598,-38.316,-37.597,5.77,1.987,-9.825,10.274,2.839
18.712,19.097,-61.476,22.083,-1.949,-46.124,-11.772,-10.46,-1.541,25.129,-2.824,-14.342
29.458,-128.733,34.22,-26.023,45.754,20.324,-13.736,31.751,-2.111,-13.337,-3.374,3.91
26.667,-102.794,-1.628,-8.261,35.366,-14.276,3.165,-10.935,-5.266,1.101,-40.351,1.371
23.365,-74.398,2.213,21.794,46.475,-65.235,-16.835,5.284,20.476,9.992,-16.113,-9.808
36.288,-27.854,78.396,27.465,52.869,-25.829,-31.306,29.992,11.204,19.42,-4.027,-33.339
32.75,-87.932,-38.135,87.038,7.735,-31.131,15.5,-1.758,11.478,24.216,-33.495,-17.589
21.345,-59.584,-65.929,-36.826,-15.142,-45.228,8.283,-1.962,14.373,3.818,-12.891,-13.174
24.886,-127.868,55.922,10.9,82.607,-58.307,12.123,21.023,18.299,6.454,-10.704,-30.627
24.876,-136.639,-20.272,5.119,6.581,-36.136,34.669,37.41,-6.541,3.362,-8.739,-3.889
23.354,-101.824,-70.142,17.478,19.743,-44.545,19.612,23.215,6.95,28.711,-15.775,-7.212
19.65,-37.136,-93.413,-21.917,-16.138,-26.714,-15.341,21.093,22.185,-8.353,-6.771,-18.073
22.444,-116.975,21.888,-8.182,62.321,-42.05,-24.589,6.846,-30.518,-1.977,8.154,4.936
21.175,-102.201,-80.607,-14.144,7.678,-35.854,-9.509,15.112,-3.604,-15.541,-1.535,2.075
23.029,-90.358,34.383,-103.482,34.686,22.58,3.027,-20.575,-18.91,28.057,-20.969,2.25
27.816,-101.298,37.837,41.537,63.202,-45.926,-38.365,10.092,0.769,5.757,-14.776,-13.434
23.632,-116.313,-29.674,-41.223,15.702,-47.322,15.488,15.297,-2.896,5.965,1.593,-15.216
24.314,-115.097,-64.267,-30.724,11.405,-50.213,10.402,24.67,15.558,13.779,-4.775,9.714
25.141,-116.918,-0.929,-3.107,19.279,-39.394,13.53,11.398,-7.313,9.665,0.78,-0.132
24.555,-136.078,-58.49,-35.954,-4.893,-37.955,35.089,20.185,-1.351,-13.045,-8.105,12.397
23.936,-173.611,-45.184,-14.534,41.614,-58.477,3.016,40.356,2.255,0.649,-1.793,-19.441
30.548,-53.718,83.068,10.558,53.437,-21.078,-13.568,9.366,1.308,-5.734,16.829,11.135
28.719,-94.275,-7.234,36.105,15.667,-38.414,9.269,6.251,6.476,8.513,-23.519,1.101
21.348,-81.836,-1.648,-3.895,46.348,-55.671,9.528,-1.915,0.762,11.797,-10.333,-6.258
22.357,-111.227,-9.206,-29.786,38.93,-38.972,-11.91,13.034,-10.349,-5.286,2.637,-12.804
25.209,-135.279,6.624,-15.947,23.948,-45.488,27.832,7.035,-3.471,4.759,-2.624,-31.585
24.664,-144.721,-74.964,-2.56,12.372,-59.737,14.552,20.812,3.481,19.611,-16.091,-13.025
30.824,-131.094,10.554,5.347,6.079,-41.083,1.797,17.247,-1.592,-2.456,-6.662,-2.036
28.37,-135.109,-7.927,16.64,33.053,-38.085,-9.947,16.335,0.813,18.63,-11.165,-22.486
31.705,-55.72,65.704,-0.291,47.461,8.017,2.008,14.396,8.04,-2.642,25.053,-1.27
31.277,-105.905,6.345,9.375,1.111,-30.205,14.539,-1.79,-2.88,7.0,-28.757,5.448
27.572,-161.73,-11.016,-31.78,14.409,-11.14,36.016,-2.651,-4.863,6.714,-17.079,-9.388
28.939,-144.185,3.78,36.389,23.737,-30.057,-25.251,22.259,-9.724,-7.621,-6.387,5.581
32.144,-94.604,-9.467,47.652,36.844,-28.763,-18.08,-8.175,8.055,24.261,-15.516,-23.504
27.189,-158.591,-15.923,-42.234,27.979,-44.441,5.634,9.978,14.307,-2.157,-1.43,-19.441
31.169,-118.218,22.801,3.249,31.527,-3.89,-4.173,-0.712,8.204,8.311,10.457,-11.155
24.999,-148.798,-43.225,31.579,14.097,-52.245,6.676,55.702,0.652,-1.401,-10.84,9.664
18.821,-32.912,-20.254,-41.05,20.084,-44.321,-13.146,-3.622,13.877,4.11,-4.156,6.244
18.703,-46.918,-56.661,-34.916,0.172,-49.752,24.242,22.872,10.237,-2.08,-2.807,19.273
20.684,-90.198,-106.302,-40.542,-9.125,-54.76,-3.186,26.298,18.959,3.391,2.826,9.679
20.668,-113.658,-136.761,-56.009,-9.481,-11.559,-3.095,-5.96,10.266,11.317,-4.496,-11.015
29.61,-173.286,-1.221,-18.49,13.966,48.947,45.368,23.352,-18.325,28.668,8.555,-7.581
28.982,-163.095,12.437,-4.94,14.711,-29.223,38.289,-0.186,1.957,-1.073,-2.588,-4.827
30.692,-175.204,-5.773,-12.227,0.134,-28.305,17.025,20.495,-12.866,-14.455,2.108,2.738
35.405,-65.715,11.637,21.706,24.663,-11.475,-13.673,-29.351,16.352,-10.78,-10.177,5.839
33.676,-122.639,22.396,35.57,32.176,-13.003,-21.786,-7.378,-8.965,-8.561,-4.205,14.813
28.728,-150.31,24.049,20.307,41.308,-27.671,-38.459,9.076,-13.984,-6.935,-4.643,4.434
29.244,-107.569,50.421,8.554,49.379,-18.554,-17.841,-6.118,2.941,-1.62,13.258,14.953
32.685,-106.186,55.163,36.629,55.818,-23.643,-28.795,-8.488,-10.263,5.263,-15.525,3.936
31.838,-103.178,52.597,13.583,56.958,-24.013,-18.364,8.918,17.2,-5.935,-2.634,-0.244
32.309,-79.396,14.285,134.915,72.274,-26.254,-35.729,5.76,12.66,10.891,-46.279,-4.412
20.501,-66.928,-0.187,-66.5,49.194,-28.63,-1.09,-8.063,8.536,5.268,-17.392,-7.804
25.706,-93.577,22.104,-125.194,28.929,-3.294,22.768,-13.564,8.751,11.544,-25.217,-13.591
22.797,-124.689,-80.627,-7.826,-18.137,-42.546,13.004,43.597,-6.057,-0.499,-20.978,-1.877
22.812,-68.478,-59.917,-7.515,14.532,-13.402,4.015,28.556,19.946,45.12,-34.124,-12.1
19.396,-40.813,-39.183,-60.243,13.357,-22.967,25.781,-13.722,4.059,18.004,-18.683,-5.656
21.282,-92.427,-37.338,-52.003,28.752,2.077,34.299,-21.619,-2.403,11.883,-19.369,-4.17
24.523,-149.37,21.489,-5.739,53.172,-37.321,-15.816,7.921,-31.5,-5.205,-0.609,4.421
22.518,-99.866,-16.68,-10.887,50.858,-41.788,-14.898,17.471,5.564,-7.716,-1.607,6.874
21.652,-110.051,-89.718,-13.784,4.394,-34.491,-8.386,36.782,14.068,8.633,-11.88,2.253
16.526,-16.018,-79.743,-56.857,-13.64,-44.677,-24.296,-2.505,1.793,-2.505,2.005,2.02
18.011,-103.603,-134.851,-57.561,-1.35,-54.587,-17.652,25.41,5.781,4.514,-12.255,-12.837
19.287,-66.619,-111.575,-62.768,-16.383,-38.507,-26.338,28.813,21.931,1.96,7.509,-10.317
28.547,-147.115,37.08,-9.246,25.473,-11.446,-6.521,4.064,-23.524,2.324,14.426,-12.604
31.445,-117.209,19.708,-30.241,13.498,11.65,-0.809,16.128,0.289,-21.54,-22.298,-6.671
36.383,-92.859,34.612,36.686,37.144,-9.228,-17.521,-14.268,2.509,0.186,-28.267,-2.221
32.632,-119.064,58.745,89.869,55.062,-52.521,-2.684,28.98,11.139,-1.885,-25.71,-12.375
26.963,-134.99,73.587,26.719,60.124,-42.846,11.345,19.521,3.958,-3.614,-12.403,-18.394
35.712,-26.14,128.431,63.614,40.584,-45.363,56.974,1.414,-0.731,15.801,8.109,-15.442
33.577,-77.785,39.911,31.181,-28.975,-54.389,61.894,1.962,-3.408,11.665,-22.568,-7.817
34.237,-34.907,51.276,86.213,-10.478,-29.517,75.124,8.01,11.555,-6.425,-30.596,13.459
27.943,-131.916,-17.001,-33.857,-16.899,-26.029,40.163,13.165,2.987,9.271,-8.546,2.498
31.319,-65.024,73.545,18.775,17.71,33.271,70.926,27.251,15.123,-7.92,-4.722,-21.614
31.236,-146.514,31.937,-19.458,-9.131,-37.465,68.451,-15.097,-1.553,38.243,-22.334,-11.715
29.845,-116.053,-48.673,102.008,-19.061,-68.406,23.344,21.185,2.166,2.564,-36.141,-22.178
20.789,-48.599,-71.348,-56.759,-16.963,-58.13,7.813,-0.229,21.603,10.637,-2.013,-9.285
23.813,-95.458,-80.362,-32.99,6.514,-44.087,16.139,1.372,12.928,34.821,3.886,1.531
24.202,-128.41,-12.26,20.043,50.401,-62.692,42.912,62.323,34.688,5.293,-16.875,-24.3
21.305,-95.764,-8.767,-12.585,59.581,-16.627,-1.296,34.174,15.244,25.754,-4.705,-27.063
20.981,-93.518,-94.72,-26.036,-1.864,-35.65,2.737,15.939,8.654,21.771,-11.099,-3.027
20.541,-110.122,-82.033,-79.185,6.904,-19.696,17.093,22.759,0.651,18.353,-8.317,-0.182
24.865,-104.563,27.692,-4.585,47.978,11.809,11.991,6.55,-3.587,30.021,0.367,-11.8
21.479,-84.88,-83.06,15.798,12.483,-29.782,1.689,70.167,10.116,-26.905,-3.549,4.219
19.804,-32.689,-23.826,-17.342,35.038,-24.104,-27.865,-3.044,8.029,15.945,7.834,7.178
22.365,-111.289,-51.042,-77.294,1.485,-22.066,29.338,4.984,-2.006,27.704,-10.034,5.968
23.793,-124.268,-71.787,-33.175,-0.42,-45.138,23.537,6.037,6.777,3.023,-5.162,1.584
20.709,-140.096,-89.306,-44.005,12.993,-50.027,30.59,31.764,-3.38,15.54,-16.668,1.528
18.175,-61.631,-93.444,-76.247,-13.786,-25.19,4.19,8.654,14.968,-3.504,-0.452,-13.654
19.549,-79.113,-72.296,-43.744,9.451,-49.262,2.902,30.792,17.418,6.977,-13.488,-3.2
22.792,-127.31,-25.501,-52.195,26.859,-21.196,14.186,13.635,-14.753,22.968,3.47,-15.209
24.805,-126.851,-85.255,-63.053,-18.617,-45.4,7.723,1.563,21.843,3.797,-7.146,-2.407
33.218,-27.807,15.574,-170.579,1.615,-1.069,7.664,-5.998,21.13,20.887,-12.87,-6.474
44.394,60.281,66.14,-1.757,-9.012,4.189,34.818,17.829,-19.908,-8.967,20.811,27.813
38.923,14.71,66.425,-27.909,7.496,-2.116,-27.009,1.317,-20.386,-15.409,1.636,3.432
46.578,52.844,130.203,3.996,73.159,27.145,-55.257,-15.167,-5.776,-30.865,16.25,-34.341
43.743,27.661,139.139,35.57,44.322,-10.589,-57.138,-12.717,-29.565,-13.346,-10.438,-31.57
39.041,47.376,135.791,7.482,38.934,-16.357,-42.91,-4.031,-49.414,-20.87,11.826,-5.935
40.502,7.701,55.442,10.442,-27.827,-19.847,2.893,-6.839,-44.955,-5.745,-21.348,-10.574
37.106,-47.835,35.267,-37.944,-32.958,-14.993,20.86,37.974,-8.485,-30.544,-14.644,-6.411
31.494,-59.513,25.774,51.345,-10.138,-21.87,35.253,-9.517,-31.233,-16.67,-33.221,19.771
31.023,-30.926,-16.033,28.777,18.632,-18.967,-16.261,-8.583,-1.68,2.463,-31.196,19.508
32.226,14.429,43.919,-210.694,-13.47,-2.323,16.185,34.989,7.277,-3.112,11.438,11.977
35.815,-22.989,11.558,-0.283,1.159,-13.083,-38.538,-19.329,-23.468,-8.363,-21.516,-2.72
31.579,-63.357,-12.378,-104.907,-18.227,7.143,-2.811,0.13,-7.996,-7.467,-15.434,-4.801
32.855,-48.552,-22.053,-10.467,7.03,-20.778,-43.86,-1.549,-12.395,2.29,-7.922,-5.329
28.515,-30.562,-24.025,29.173,-16.134,7.779,-0.737,12.043,-13.192,-1.594,-35.196,8.737
24.569,-47.586,-47.697,-42.801,5.7,2.676,-19.513,5.869,7.204,-5.376,-12.389,11.649
29.578,9.78,-3.984,-40.074,15.456,32.125,0.759,2.738,4.515,-8.537,23.566,15.136
32.357,-33.367,29.96,32.971,66.61,-7.914,-34.002,-28.05,14.181,-2.404,-12.73,-3.028
29.699,-98.303,19.062,-11.935,46.121,-50.564,-1.589,1.247,20.684,7.716,-10.315,-18.92
26.427,-89.878,-16.817,3.807,46.142,-36.637,-15.145,16.311,33.804,4.695,-23.043,-5.148
20.789,-11.318,3.002,-29.11,41.377,-46.175,-19.056,-3.543,49.519,15.346,-1.074,-14.634
27.643,11.252,-26.633,-49.58,0.224,31.832,10.633,4.878,22.514,-7.866,-14.122,21.554
41.479,51.093,47.33,-14.045,63.425,60.093,-16.82,-0.402,30.61,-12.492,16.554,-10.819
36.068,-29.745,6.816,33.524,51.368,-35.556,-44.558,-34.538,28.189,-0.206,-23.426,-4.264
25.841,-81.266,-15.585,58.154,52.651,-21.064,-53.145,43.784,19.733,-12.346,-29.052,-5.484
20.445,-110.29,-6.363,-41.478,61.555,-28.815,-12.768,5.26,-21.9,11.218,5.062,9.779
22.076,-127.369,-69.669,-62.406,13.578,-44.832,-4.872,7.963,-2.598,9.098,0.156,14.134
32.996,37.54,76.133,-195.044,13.702,37.315,5.644,36.585,1.042,-14.036,-4.452,22.447
39.497,28.221,76.412,-126.973,17.009,17.683,-15.633,11.199,8.046,-7.66,-16.043,-15.493
40.328,-58.223,81.253,47.236,31.573,-25.187,-41.888,-12.772,-21.18,-16.864,-19.299,-26.675
35.97,-115.18,25.0,-20.751,-11.355,-49.058,0.623,3.058,-8.204,-3.36,-12.175,-38.092
34.431,-84.385,21.555,24.571,30.759,-41.089,-18.986,2.629,1.846,-10.113,-16.94,-32.638
35.138,-15.016,56.918,-25.546,3.074,-5.976,14.993,15.343,-13.143,-14.726,3.895,18.521
35.454,-44.549,-12.201,-9.526,-18.064,-23.548,14.579,7.578,3.569,-6.145,-22.65,6.758
32.554,-23.467,-68.883,66.012,-23.089,-15.231,2.128,-9.883,9.718,-12.362,-29.712,13.039
19.716,-29.424,-91.617,-40.795,-17.73,-40.093,0.471,-1.342,18.932,-5.523,-17.186,-0.782
33.328,108.682,80.003,-157.037,10.82,133.491,60.393,41.125,17.931,-31.007,-18.396,11.917
39.033,31.429,130.488,42.505,68.325,-0.626,-51.273,-25.72,-24.5,-8.757,8.199,-32.107
36.327,-59.999,23.797,45.546,-16.896,-29.5,-5.818,4.422,-16.873,-3.193,-34.366,-33.835
34.587,-54.111,22.098,-44.678,-9.086,-36.66,-4.971,41.795,-5.986,-7.595,11.497,-5.089
33.741,25.126,-3.388,42.786,7.398,-2.094,-21.446,-25.319,-7.147,-20.351,-50.322,38.348
24.694,-114.769,17.51,-42.337,56.743,-21.656,-13.671,-4.595,9.987,4.271,-2.287,-10.328
24.88,-95.584,16.484,-3.597,76.405,-36.586,-26.615,2.023,19.922,11.093,-12.663,7.979
24.751,-120.679,-70.123,-41.13,9.959,-51.856,-3.855,22.43,37.535,3.315,-7.814,-1.838
22.981,-103.321,-27.913,-30.728,47.857,-43.677,-10.745,7.38,26.34,18.742,-1.025,0.568
22.527,-105.296,-22.556,-18.166,60.946,-49.747,-33.093,15.319,28.586,7.146,-9.046,9.112
19.409,-3.692,-57.893,11.132,1.951,-40.912,-50.361,16.407,9.11,-7.702,-4.168,-9.884
27.345,81.048,103.159,-241.578,7.325,50.125,19.83,-19.075,7.193,21.193,-29.078,0.194
34.162,11.366,-7.323,2.783,-29.308,22.627,30.673,5.887,14.499,-35.496,-42.026,-3.354
26.73,-49.114,47.988,-10.02,0.55,-31.257,27.696,-7.274,-17.278,-4.998,-6.355,-10.864
29.206,-97.978,25.22,-3.358,24.016,-27.936,3.862,37.795,6.936,-6.296,-2.825,-18.869
25.231,-9.496,27.638,-6.878,36.228,-31.395,16.612,-12.103,2.816,-8.396,-2.744,26.99
25.739,-36.145,7.119,-10.798,44.638,-37.477,-21.578,-2.588,4.701,-2.72,0.667,19.051
28.311,-19.449,45.071,-26.262,33.457,0.997,6.105,2.263,-12.441,-24.805,-0.556,27.338
34.729,16.364,36.26,23.518,21.886,6.695,-21.915,-7.67,-15.87,-12.284,-3.345,26.643
30.602,-74.678,-45.385,14.217,22.391,7.163,-0.787,21.355,32.52,-12.461,-45.403,-9.042
26.777,-73.188,-40.245,-37.344,22.731,16.408,-1.977,-9.184,21.972,6.293,-14.904,15.316
24.681,-72.643,-59.944,-10.71,39.227,-22.903,-26.894,-6.203,39.349,6.156,-19.714,17.169
20.68,-40.169,-69.676,-42.022,13.41,-26.97,-34.773,-23.123,20.836,-9.9,6.783,5.843
22.628,-71.828,-25.329,-97.899,37.922,-26.058,-23.926,-0.279,21.338,11.517,1.493,13.03
34.066,-2.757,-46.437,-34.342,-26.887,28.471,15.879,-2.75,0.388,-6.258,6.239,14.807
40.88,62.063,28.313,-19.048,44.986,-7.885,-36.86,4.639,31.165,-7.329,21.234,-3.668
38.543,51.979,-52.619,170.217,-40.079,-13.745,5.918,-15.344,-20.453,-12.893,-92.86,39.575
20.027,-21.315,-86.127,-38.621,-37.716,-47.486,-12.567,-4.677,11.418,10.859,-13.385,-2.555
30.646,38.202,25.864,-173.057,15.305,93.39,19.011,23.465,32.45,-0.708,-41.754,-0.483
38.642,44.125,26.598,11.537,53.102,3.815,-37.724,-14.619,29.654,11.116,-13.616,-7.053
36.988,76.414,35.812,52.398,14.84,-6.639,-3.067,-37.941,-17.826,-4.017,-43.3,41.695
40.371,77.236,-4.049,70.502,-8.997,-25.176,9.349,-23.036,-0.926,2.469,-51.845,27.524
35.122,-16.926,63.238,20.948,34.026,-3.804,-17.211,-11.655,11.422,-3.172,-31.874,-48.515
35.833,-45.661,-9.142,46.316,46.858,-25.161,-7.306,-41.704,34.3,15.568,-23.064,-10.935
28.224,-89.691,-8.223,56.613,67.262,-39.372,-21.891,6.242,24.099,-20.044,-27.364,-7.381
28.708,-102.058,90.488,-43.453,88.578,47.704,-21.541,23.517,-6.577,-13.302,-13.921,-29.724
35.508,-7.19,0.038,26.549,65.53,45.662,-27.21,-32.487,32.265,2.315,-6.387,-7.827
24.649,-81.697,-33.112,53.033,47.385,-22.463,-40.173,48.494,23.013,-20.362,-34.105,-7.22
16.622,2.534,-47.896,-27.064,-12.887,-56.076,-8.121,9.496,12.399,9.276,-6.02,-9.022
29.41,53.596,33.847,-230.487,-16.3,30.737,21.667,25.982,6.31,31.106,27.819,8.625
39.748,54.965,2.217,42.613,42.107,-12.532,-43.768,-2.297,35.236,7.813,-51.571,-4.222
38.147,69.62,21.814,11.109,1.609,3.492,11.696,-19.15,-16.882,12.188,-21.116,38.504
38.994,108.427,24.823,65.561,17.397,-11.279,-6.04,-24.199,1.629,-2.862,-37.268,31.077
39.1,69.778,110.106,-58.051,71.172,72.713,-43.207,-22.74,3.23,-22.395,23.408,-19.643
40.849,-32.404,64.518,36.21,10.421,-30.238,-19.517,-2.472,-12.185,-7.823,-7.486,-40.433
30.917,-31.559,45.643,53.452,29.983,-19.269,-21.989,-11.239,-34.76,-17.046,-28.749,-4.971
26.679,-68.568,-7.406,-20.312,4.526,-33.837,-4.85,-5.064,-8.379,-23.045,-0.538,-5.49
34.321,-52.423,1.592,-48.636,12.292,-32.311,-2.376,1.781,15.24,23.123,20.223,-12.955
34.543,-10.405,-28.006,74.019,-31.767,-15.818,5.944,10.482,-11.794,-13.938,-60.74,14.48
30.425,-56.562,-9.305,-37.312,-3.691,-20.588,9.643,-2.394,23.316,14.801,7.383,-13.609
34.567,-17.786,10.518,-9.661,4.847,-8.666,-14.956,6.779,11.201,-0.361,-6.889,1.606
36.91,92.427,22.254,-10.648,-18.464,-5.808,3.694,6.46,-13.987,-22.119,-3.878,36.242
40.821,42.207,41.453,-37.874,50.384,13.74,-24.955,-4.247,28.058,6.0,21.149,-13.285
40.867,43.694,26.124,9.711,58.614,-24.171,-30.63,-18.363,45.104,18.368,-34.312,-1.55
36.473,8.541,-5.746,19.478,19.973,34.463,-4.739,4.244,17.941,-13.55,-40.09,7.189
35.285,-25.919,-20.372,12.714,-6.013,-26.625,-33.464,-32.11,-8.247,2.37,-3.552,-7.128
32.831,-50.75,13.069,-42.201,28.763,-34.128,-60.499,11.726,-0.141,-7.309,11.168,-4.454
31.983,-21.624,-28.119,4.364,37.891,-25.536,-50.907,-37.465,9.12,-1.509,-19.835,11.752
28.894,-79.724,-33.487,-31.311,24.3,-31.391,-34.788,-22.867,10.381,2.697,-11.885,1.015
28.838,-59.822,5.221,-35.285,4.652,-8.505,-16.043,4.33,-10.563,-4.222,-11.92,11.605
28.164,-133.173,-24.537,-34.185,27.344,8.308,5.847,24.121,24.777,9.02,-25.412,-11.773
25.484,-98.659,-27.584,-23.005,33.805,-35.652,-32.648,-16.554,14.176,-0.442,-8.764,9.343
27.733,-119.596,25.036,-20.828,66.488,-23.907,-11.191,0.605,18.033,6.317,1.183,-3.136
25.087,-102.467,-12.33,11.609,53.561,-34.917,-27.063,31.842,18.914,7.372,-18.496,8.248
23.859,-110.912,-88.959,-52.268,0.115,-15.869,-9.185,6.14,23.907,17.994,-7.663,8.02
27.397,-82.372,-24.267,-29.11,25.927,-6.752,-21.767,5.613,24.737,-2.355,-0.812,3.562
26.925,-126.841,-77.369,-28.465,19.444,-22.559,-3.309,2.394,31.414,7.934,-34.273,-1.972
23.459,-124.665,-90.193,-42.844,7.414,-36.793,-2.265,17.648,34.738,5.091,-17.21,-6.873
19.772,-90.384,-99.605,-65.953,-2.667,-41.533,-6.788,7.117,25.07,10.394,-18.166,-2.99
19.774,-60.868,-93.446,-57.833,-2.528,-24.735,-22.669,18.221,24.206,0.083,-13.571,-8.553
19.676,-85.916,-102.674,-101.084,-11.448,-27.673,-15.839,-11.948,6.071,36.704,-8.228,-5.14
21.279,-95.583,-133.222,-68.196,-20.729,-37.728,-25.247,11.547,30.635,1.073,-19.394,-9.029
22.375,-92.392,-128.582,-39.486,-8.222,14.437,-4.647,17.819,8.582,-16.934,-12.287,-11.231
29.67,-68.214,8.128,65.587,46.398,-18.818,24.19,1.33,13.862,23.597,-11.347,-28.61
22.774,-96.256,-12.972,-33.35,0.113,-57.132,27.159,26.044,4.168,11.775,5.75,-23.172
26.462,-81.246,-34.178,-19.425,29.798,10.091,-3.599,-9.72,0.071,34.384,-48.304,-1.168
24.991,-139.297,-54.534,-92.291,-0.959,-2.727,19.222,26.453,-5.468,0.596,-40.903,-6.876
21.026,-138.57,-75.788,-58.769,17.446,-44.206,13.222,28.906,0.498,5.387,-2.965,-13.333
28.14,-163.505,34.907,-11.074,40.588,-26.054,-2.072,-1.098,-5.385,7.625,1.655,-19.658
28.851,-142.553,-21.013,-20.397,20.887,-41.041,26.908,-2.649,12.781,-10.694,-16.538,-25.933
36.993,-19.818,-18.606,100.379,36.285,-22.29,-22.182,9.309,27.714,12.8,-57.692,-1.097
23.825,-62.761,-68.896,-15.098,-28.302,-35.972,6.71,7.864,5.958,-1.186,1.075,17.606
23.04,-87.056,4.942,-51.263,1.715,1.125,20.096,1.71,-13.17,6.419,-33.108,-3.288
22.199,-145.784,-26.348,-30.903,36.951,-40.656,-1.212,-2.837,-30.781,6.355,-6.549,-7.435
24.579,-140.143,-39.415,-57.949,38.841,-9.494,5.333,3.039,5.579,-3.83,-11.528,-7.642
22.433,-99.474,26.39,-15.291,49.957,-34.409,-5.086,26.098,-12.181,-2.384,-3.567,8.899
23.556,-168.057,-101.022,-47.027,0.572,-57.208,19.276,18.35,-3.58,14.717,-0.109,7.691
23.541,-96.318,-110.453,-9.309,-7.104,-58.794,-8.476,-8.333,10.086,16.119,-14.785,-1.005
21.001,-114.522,-96.246,-23.764,-20.339,-52.305,8.259,36.528,-1.168,1.593,-14.652,1.546
25.404,-136.746,-22.973,-1.633,11.966,-6.453,10.885,18.453,-6.863,11.392,9.714,-10.83
32.501,-85.097,-23.477,55.265,22.086,-16.12,-17.854,-11.802,2.008,33.422,-5.467,-17.01
29.133,-64.063,45.618,-0.584,0.973,-19.105,21.567,2.399,13.431,2.591,1.831,-21.088
33.96,-79.516,-2.812,29.984,21.074,-0.322,-9.563,-13.461,6.253,23.727,-18.252,-7.537
33.823,-54.85,13.212,26.726,4.531,4.579,12.322,0.836,7.137,-7.659,14.474,-4.425
35.443,-20.313,55.31,28.977,25.867,-30.705,-9.173,6.28,2.333,1.649,5.115,10.52
32.553,-79.078,22.917,54.674,33.446,-46.2,-25.596,-26.29,-6.508,18.259,-30.63,0.309
39.319,-14.349,60.669,65.104,55.746,-29.752,0.712,-5.484,30.632,17.564,-16.54,-21.238
38.908,-42.328,8.772,12.019,10.555,-36.784,-10.465,25.186,16.033,10.105,-14.316,-27.379
38.841,-41.088,2.359,22.741,23.228,-47.737,13.284,-9.458,10.838,30.49,-35.999,-18.069
37.275,-41.651,25.19,127.077,51.237,-38.734,33.844,-10.834,13.312,1.23,-44.066,-16.447
27.389,-116.058,-15.099,37.325,42.712,-41.712,-32.27,14.534,7.226,7.187,-22.696,-10.604
22.95,-103.404,30.01,20.723,79.576,-25.813,-32.885,8.411,-1.183,17.844,2.062,-19.162
27.109,-147.255,-52.845,-50.088,-17.879,-9.885,23.002,19.894,2.585,30.23,8.652,7.152
25.228,-104.163,-88.955,14.677,0.005,-41.355,5.648,-11.57,8.803,-2.708,-16.839,-5.908
21.672,-97.273,-34.967,-28.959,-6.611,-22.234,27.383,27.241,-5.47,-2.271,9.4,0.132
21.962,-136.527,-28.373,-55.644,26.344,-25.35,14.87,9.443,-18.946,19.039,0.478,-14.069
23.668,-62.09,-38.745,9.273,6.14,-18.602,-6.86,-2.913,-3.796,-16.08,3.87,-2.318
21.032,-91.29,-91.831,-51.696,-24.5,-47.33,-1.052,15.597,-9.287,2.833,-0.911,5.428
21.347,-100.424,-98.003,-74.45,-14.013,-31.982,3.009,0.649,0.381,18.953,-16.145,2.969
21.713,-33.216,-93.76,19.568,-19.209,-43.98,-6.232,-10.007,6.272,7.01,-0.897,-3.94
19.21,-103.524,-51.972,-44.236,31.681,-48.24,-4.87,17.298,-5.106,-4.149,-2.763,-2.152
29.232,-56.531,18.436,-83.291,17.705,71.26,26.472,19.189,6.821,-1.958,8.896,2.315
37.548,-68.143,18.221,42.932,40.785,-44.184,-36.545,-2.982,-5.785,12.114,-22.449,-9.261
35.441,-33.558,70.044,18.898,72.586,11.012,-17.84,7.213,14.118,-6.413,1.745,2.751
38.049,-0.283,93.288,40.111,67.777,-51.179,-14.563,-16.756,6.628,23.695,-15.839,-29.478
36.52,-43.335,-12.556,-9.681,3.481,-50.232,18.078,20.806,30.034,4.175,-9.869,-10.877
41.941,-40.303,34.569,83.097,36.52,9.515,47.888,-9.49,12.295,14.313,-5.852,-27.582
37.02,-98.858,47.491,54.612,38.653,-49.222,25.289,11.772,9.999,36.274,-28.152,-28.761
34.12,-73.825,20.326,101.344,27.324,-45.776,21.972,5.625,21.667,17.54,-42.179,-23.92
31.794,-34.618,46.142,44.413,37.404,-57.099,36.029,3.488,9.382,25.468,-29.866,-28.206
28.64,-136.98,34.66,-7.991,23.774,-30.776,-2.922,-3.94,-18.308,12.001,-7.072,-2.061
30.116,-125.367,-24.797,-43.284,4.17,-28.163,27.839,-1.233,16.952,-7.854,8.601,-0.765
29.384,-138.565,-34.819,47.032,29.442,-45.689,0.121,18.809,17.849,0.158,-35.581,-4.47
22.312,-139.118,-46.87,-52.535,20.834,-30.387,20.604,9.671,-4.744,15.059,-20.602,-12.899
24.531,-83.564,-76.268,-24.304,4.069,-25.123,23.462,-29.179,13.437,-0.969,-14.241,8.106
25.893,-129.222,-57.306,-36.052,19.758,-43.67,23.885,17.031,18.96,20.239,2.614,-8.711
23.193,-136.982,-63.364,-26.572,20.838,-39.394,1.605,5.416,-2.399,7.974,-11.336,-4.675
22.848,-83.023,-100.795,10.363,8.098,-41.637,-21.721,-5.277,1.333,10.959,-5.267,4.542
16.765,-27.99,-54.811,-41.727,10.04,-35.125,-23.877,7.124,2.211,-4.239,-4.608,1.402
33.578,154.148,103.593,-31.691,29.994,75.382,-36.597,9.49,27.246,-32.538,23.412,-84.402
34.673,139.247,79.227,1.503,-6.236,2.39,-64.613,-39.36,2.913,13.752,-52.063,-56.292
33.659,88.245,-1.698,-44.494,-24.045,-27.11,-41.552,17.829,24.45,1.612,2.783,-42.708
35.354,95.599,23.495,6.787,41.9,-22.907,-81.485,-7.491,32.2,16.498,-7.543,-21.892
32.49,36.077,-35.066,13.121,-3.642,-37.937,-45.285,-6.478,27.752,6.335,-20.101,-32.097
25.349,-0.345,16.266,10.245,39.687,-30.129,-40.492,-9.188,29.825,10.126,-22.801,-28.585
20.933,-74.916,34.737,31.505,57.223,-55.114,11.155,34.349,26.033,8.945,-27.711,-41.274
17.021,-49.047,-40.891,-53.628,24.768,-47.298,10.207,2.472,21.346,16.384,-1.433,-26.296
20.954,-113.127,5.367,33.838,60.637,-32.97,18.988,56.175,-10.711,24.495,-14.357,-9.573
15.146,-15.008,-22.479,-18.874,40.108,-50.489,5.01,-3.629,15.721,6.467,-14.973,-15.178
15.514,4.429,-18.943,-12.816,31.104,-18.092,1.696,30.091,21.877,1.306,-7.133,-13.182
19.423,-104.378,-118.289,-68.892,-3.991,7.871,4.712,-0.111,1.106,26.953,-15.826,-5.27
35.082,52.109,13.214,-77.685,-41.96,108.282,-10.742,16.9,6.332,-27.455,25.818,-61.669
33.455,72.942,-34.356,81.702,-79.262,-1.423,-52.592,-5.146,-14.958,-22.982,-60.617,-40.149
37.373,94.864,35.497,-31.141,-41.493,57.903,-45.871,5.986,1.386,-30.061,18.416,-70.945
39.827,158.045,80.066,-26.03,-23.802,32.321,-30.49,5.451,-5.305,-13.654,-13.561,-80.002
40.835,178.197,63.746,0.696,22.256,30.264,-33.175,-6.652,15.565,-18.113,-19.278,-85.234
41.027,245.224,97.763,-13.722,25.508,-3.927,-10.393,1.98,11.682,-6.718,1.457,-66.291
43.661,190.939,-13.096,-5.071,-18.525,-25.727,-10.302,-16.343,-3.669,20.589,-35.043,-41.306
44.165,179.364,-14.647,-12.454,-21.979,-14.901,0.494,-4.576,-1.426,-7.289,-19.02,-59.434
41.877,193.346,-9.666,-16.295,-21.526,-30.132,3.094,-20.108,35.487,9.923,-2.923,-38.242
42.166,256.885,-3.633,-21.011,14.747,-31.074,30.822,17.934,27.227,-0.011,-6.455,-7.641
39.306,196.156,-52.024,-11.854,7.486,-25.792,14.961,-16.965,2.931,18.04,-43.957,7.839
36.754,191.897,-12.103,18.62,-30.521,-8.904,-3.716,-6.627,25.75,-11.863,-36.86,-45.746
34.673,146.405,-10.538,-12.931,-22.98,26.931,-5.52,40.882,18.32,-13.593,-20.715,-56.304
36.144,182.436,82.729,-53.518,22.58,34.171,10.402,7.715,4.882,-1.981,8.695,-69.465
37.718,194.001,46.775,-12.559,28.657,-25.018,-23.149,-9.057,-18.227,7.896,-20.171,-46.432
36.977,153.253,54.598,-25.111,31.156,-10.663,-48.115,-18.142,-21.996,0.84,-13.54,-35.334
32.114,88.928,-38.946,85.881,-10.137,-6.709,-36.331,-12.769,9.748,11.567,-71.426,-22.3
19.215,-20.797,-89.183,-11.407,-35.487,-50.475,-17.242,25.161,7.219,3.512,-1.927,-2.384
14.489,7.773,-67.139,-31.364,-14.362,-34.891,15.631,3.638,5.561,21.393,-9.205,2.261
17.346,-47.554,-104.964,-23.134,-12.639,-30.67,-20.783,23.408,1.403,25.337,3.481,-6.069
14.58,42.541,-47.38,-30.365,-21.79,-38.722,-2.001,2.857,2.86,-0.78,-3.548,-11.135
19.407,15.967,5.449,-161.601,-9.482,22.044,-0.181,-58.528,-3.915,18.107,-41.334,-2.117
25.987,-28.335,-45.159,-82.765,-33.746,-24.998,-52.979,-21.008,-1.451,12.534,-7.194,-18.426
26.865,-61.708,-29.118,-61.932,5.588,12.847,-66.354,0.241,12.688,-23.743,-2.708,-14.031
32.11,18.731,0.358,0.664,-2.797,26.737,-93.195,-15.362,5.893,-23.307,-7.891,-23.439
30.406,-16.482,15.145,17.554,13.078,18.806,-93.653,-12.473,-11.866,-18.314,-8.789,-21.718
26.187,-62.815,42.385,-33.102,54.301,1.933,-86.225,6.214,6.226,-15.35,0.17,-12.93
35.6,109.092,99.446,13.018,20.403,37.224,-103.369,-21.58,-22.348,-25.027,9.737,-49.651
33.745,50.741,43.128,40.807,29.365,21.367,-72.859,-57.033,3.482,-12.795,-23.85,-27.036
33.163,53.024,8.771,-22.797,16.004,-11.82,-34.157,-2.738,26.52,-8.336,-2.971,-25.704
22.621,42.202,24.218,59.75,44.086,-8.71,-55.704,8.871,19.172,-10.579,-23.68,-26.465
22.401,13.806,43.124,-54.188,36.383,55.327,-58.489,4.848,2.246,28.947,-43.164,-14.776
25.116,-22.987,65.523,-84.707,55.446,-7.796,-53.189,31.171,17.058,13.572,22.526,-23.661
27.787,-32.361,-51.272,36.434,2.642,-38.279,-35.603,-0.738,17.696,11.905,-33.621,-25.401
19.688,-23.937,-42.215,-14.799,22.029,-40.722,-27.099,-23.082,-0.725,27.496,1.058,-0.23
18.082,-28.325,-72.529,-21.687,-11.574,-45.468,-15.262,32.426,5.86,-1.297,0.903,6.832
18.388,-56.804,-107.981,-53.351,-8.537,-4.117,-10.51,9.074,-12.049,55.924,-6.541,1.264
15.513,-23.41,-101.011,-63.825,-26.614,-26.828,-16.697,-8.396,-10.545,28.644,-20.471,-0.437
20.149,-126.361,-129.626,-74.061,-6.414,-40.276,-3.172,-18.877,-3.177,31.032,-9.873,-6.244
19.852,-125.079,-139.297,-63.494,-6.209,-49.566,-10.229,21.13,18.179,1.407,-13.22,-4.424
16.693,-55.849,-118.605,-82.033,-24.751,-31.652,-20.278,15.643,8.618,-6.73,-17.16,-18.105
28.067,17.502,8.757,-60.871,-32.091,18.046,-43.937,20.394,14.945,-20.539,-7.072,-57.018
26.578,3.781,28.626,-47.61,-4.829,-20.847,-78.874,3.74,9.174,-12.155,13.291,-39.233
26.326,-26.45,-39.549,2.249,-31.397,-20.746,-58.055,-34.438,-2.705,16.423,-33.955,-25.023
18.897,-75.269,-96.161,-62.738,-7.038,-42.425,-25.721,45.032,15.325,-7.73,-7.904,-23.081
26.418,-62.487,-19.953,-86.256,2.341,13.93,-60.064,22.901,16.865,6.819,-6.14,-24.15
29.449,-38.847,6.879,13.543,14.507,7.925,-87.801,-23.494,-6.205,-15.396,-9.379,-20.476
27.652,-59.792,21.751,6.594,43.684,-19.809,-81.515,-22.893,0.491,1.989,13.017,-16.04
35.472,63.085,71.596,20.288,22.737,26.882,-97.866,-33.375,-7.626,-20.452,-0.249,-45.75
33.501,-1.768,-28.824,40.256,-21.916,-30.357,-53.527,-16.847,17.206,26.508,-25.414,-38.091
28.491,1.086,42.815,-123.772,27.294,20.202,-20.94,28.321,25.773,23.563,0.235,-32.844
31.385,34.926,48.795,-7.933,46.629,-16.891,-54.614,-18.253,13.414,-1.298,-24.897,-25.435
36.017,42.497,41.451,-110.268,-24.488,7.32,-12.565,37.928,40.376,-2.336,11.983,-67.071
38.517,115.12,23.7,39.351,-39.004,-1.642,-43.086,-12.207,17.863,3.94,-59.087,-65.867
35.228,96.853,96.889,-50.395,-14.162,-16.672,17.413,35.092,30.205,20.581,4.453,-71.551
39.674,185.812,83.862,-15.567,15.124,-35.986,6.899,6.487,12.762,14.973,-18.526,-71.703
40.399,154.687,55.782,22.396,20.141,-18.348,-27.006,-20.884,-6.651,2.37,-28.261,-44.458
34.899,77.403,53.965,-6.701,16.773,-7.667,-39.603,-2.794,10.326,-15.297,-13.716,-31.072
28.938,-26.815,-53.065,80.616,11.046,-4.023,-30.604,15.317,19.729,-30.696,-45.718,-9.885
14.852,-37.587,-67.015,-60.134,14.407,-26.805,-9.003,3.91,-9.285,20.991,-20.461,0.392
14.014,9.945,-81.73,-63.271,-24.246,-38.48,-2.805,7.533,5.949,1.251,-11.822,8.741
14.802,-22.13,-41.493,-74.247,21.15,-39.034,-2.691,8.467,4.63,16.31,-10.312,-15.434
20.974,-56.95,14.962,-64.129,30.228,7.421,15.0,-10.349,6.081,34.376,-11.118,-2.428
32.204,50.887,80.101,-83.777,11.564,75.849,-44.758,26.69,5.003,-42.959,4.705,-49.605
35.217,99.618,60.204,-31.572,60.573,25.347,-37.359,15.465,25.44,-31.748,6.625,-21.675
35.979,109.951,65.996,-1.617,50.011,1.91,-47.717,-4.648,22.36,-7.866,-2.646,-38.917
39.638,172.418,80.223,-16.726,37.281,33.59,-40.927,-3.929,15.388,-27.323,-8.519,-77.425
40.273,110.392,-22.227,-77.036,-14.255,-14.309,-0.438,20.971,27.151,-10.966,5.722,-46.712
42.203,172.771,-4.037,-31.407,-25.433,-31.603,-10.31,2.981,-0.621,1.995,-14.173,-50.144
40.146,161.511,16.319,-12.814,-9.949,-27.077,-30.135,-20.712,-10.034,8.763,-14.897,-38.937
38.194,112.743,-27.574,-39.162,-37.675,-31.741,-15.018,11.209,-1.773,15.713,-16.238,-39.809
38.43,102.532,-5.391,-43.294,-16.658,-19.244,-13.504,5.936,-5.33,9.491,-14.819,-27.412
36.891,96.669,-0.09,2.722,-14.98,-23.547,-5.181,-13.185,-2.335,-2.377,-34.835,-37.175
36.543,88.139,77.576,-96.933,7.741,47.114,-32.93,55.738,26.37,-37.257,23.707,-71.167
39.291,96.284,15.284,-7.591,-29.74,-19.609,-45.532,-30.961,-1.552,32.302,-25.572,-56.259
35.167,70.228,32.34,-14.266,-18.771,3.875,-46.239,25.32,25.956,-18.978,-18.467,-55.819
23.995,25.601,29.591,14.908,11.003,-4.62,-58.475,-18.631,16.485,1.261,-28.152,-33.805
18.802,-109.333,-125.01,-67.818,-12.141,-31.329,-9.622,6.991,0.079,19.469,-20.939,-13.672
20.053,-127.843,-88.643,-52.679,20.455,-50.405,15.632,34.353,8.666,3.949,-4.674,-11.861
18.986,-90.102,-116.856,-70.923,-13.068,-35.558,-14.505,37.406,12.041,-10.762,-4.845,-10.261
30.465,58.069,18.387,-19.266,16.456,39.858,-23.798,29.542,30.564,-22.006,1.559,-41.724
28.694,8.851,-10.998,33.2,-4.83,38.065,-59.608,-31.942,4.03,-14.542,-31.41,-37.411
29.463,13.428,27.092,-56.837,-6.848,63.338,-51.693,41.409,15.579,-31.979,-12.685,-49.879
25.26,33.165,56.347,-134.598,-38.373,-38.662,-53.401,-23.999,-9.414,14.157,35.519,-53.136
34.165,99.833,59.896,13.923,-22.614,-5.568,-75.886,-14.948,-12.416,-10.796,-8.076,-55.956
31.714,87.827,54.837,16.081,-21.025,-10.865,-78.657,-20.554,-13.915,-6.305,-20.652,-51.433
24.859,1.753,16.597,12.772,-3.013,-12.398,-69.462,-27.62,-0.195,-0.593,-32.673,-44.423
19.602,-75.206,-117.675,-9.4,-39.956,-26.439,-37.815,53.63,6.148,-4.901,-12.702,-28.612
17.606,-89.255,-62.818,-49.165,51.167,-36.072,-28.236,8.665,12.054,20.338,-6.425,-9.598
17.325,-20.56,-47.808,-55.744,11.122,-9.385,-28.822,19.567,0.274,-16.631,-16.476,-9.283
15.519,-31.66,-94.808,-44.85,-11.969,-43.19,-18.1,26.345,-5.197,11.043,-10.287,-9.172
19.268,-111.51,-120.61,-55.85,-13.748,-39.715,-13.395,31.162,-7.887,26.444,-7.519,-12.214
15.84,-24.715,-97.953,-57.965,-35.461,-41.292,-23.57,24.934,1.138,2.118,-1.835,-9.926
15.415,-26.596,-100.847,-71.345,-27.964,-32.731,-15.552,-15.858,-6.25,15.543,-11.464,-8.197
19.519,-50.398,-78.617,-67.714,38.433,-37.739,-10.197,-4.886,5.725,1.755,4.419,-8.221
19.826,-87.955,-134.879,-51.016,-9.191,-50.522,-17.128,2.037,12.909,17.976,-14.701,-9.555
16.891,-55.274,-114.161,-110.006,-22.541,-37.712,-19.238,8.393,12.361,2.454,3.415,-20.909
22.678,-80.732,-75.7,-38.748,-28.172,-29.071,-62.734,36.486,7.782,-6.676,-26.909,-22.327
20.903,-96.439,-46.822,-67.34,37.389,-21.776,-59.131,-5.496,-3.646,16.693,17.067,-5.574
22.982,-101.119,-39.861,-60.198,6.961,-18.216,-56.477,-10.804,-5.288,0.876,-13.08,-10.906
32.116,33.764,8.911,-26.267,-12.938,15.821,-85.332,-8.496,8.79,-19.23,1.899,-25.232
34.615,47.518,-12.846,-18.761,0.025,17.763,-59.322,-21.906,4.538,-32.089,4.216,-23.953
34.674,69.059,21.653,-6.373,29.8,-5.649,-91.187,-38.749,2.463,-8.054,-10.5,-16.114
39.272,95.151,2.733,17.5,-44.448,1.317,-56.702,-38.494,-14.19,-11.702,-20.85,-58.082
39.857,137.633,30.243,-6.018,-19.794,25.66,-20.177,-12.862,-5.651,-20.304,-25.061,-75.233
40.29,170.776,23.732,4.678,-0.669,22.789,-27.691,-3.703,13.22,-14.207,-20.658,-84.496
38.451,204.034,3.715,-0.989,6.707,-13.432,-0.866,-6.066,15.964,-2.283,-19.553,-54.121
37.656,179.42,16.858,19.321,5.291,6.117,7.338,-8.511,24.039,-3.131,-44.991,-58.658
35.894,174.765,34.016,-18.534,8.361,19.63,34.032,7.552,57.455,-9.643,-5.277,-46.703
40.129,239.591,44.476,-30.744,31.054,-4.681,46.158,-1.54,22.155,-17.312,-3.079,-12.471
39.669,185.772,21.887,-6.557,53.298,-21.821,-24.302,-25.982,-4.774,-0.889,-30.817,7.089
37.812,182.715,40.033,20.276,33.128,-19.479,-68.84,-13.051,1.978,-9.582,-17.451,-33.125
40.146,129.982,28.935,-20.644,53.786,-3.334,-35.42,17.412,9.665,-20.935,16.73,-41.08
39.992,112.775,26.037,0.31,73.382,-35.174,-48.869,-13.938,-9.628,1.643,-11.967,-25.46
37.836,74.33,78.872,-14.291,35.341,-18.108,-59.884,-3.927,17.564,-7.35,19.096,-40.77
36.933,73.329,60.449,64.736,49.889,-7.883,-70.832,-35.615,14.212,-3.576,-48.469,-39.824
29.97,52.929,72.249,2.938,69.784,-18.032,-55.051,-1.231,32.254,-14.687,-9.374,-21.587
26.692,-14.62,49.452,29.157,69.843,-37.622,-29.924,-31.835,14.768,29.443,-23.552,-1.988
24.711,-48.629,57.502,4.512,32.587,-39.85,-49.109,-15.796,-5.235,-3.619,15.199,-17.484
27.411,44.637,57.91,30.448,16.606,8.78,-78.751,-14.692,-0.704,-21.246,-31.174,-33.867
21.342,-76.239,-60.878,0.553,-5.561,-45.474,-50.135,11.002,6.115,14.827,-13.117,-23.147
17.409,-37.791,-98.899,-42.963,-2.115,-15.949,-23.768,26.088,5.186,3.148,8.158,-6.404
13.929,44.805,-51.962,-28.909,-28.414,-36.76,-1.942,6.228,2.22,6.405,-10.37,2.114
17.954,-62.258,-119.969,-48.123,-14.204,-9.699,-14.447,9.602,6.568,32.955,2.605,-3.642
15.997,-48.786,-97.902,-49.005,-6.422,-43.56,-11.186,29.284,8.218,4.69,-1.809,-5.661
13.067,34.95,-52.834,-53.574,-20.545,-26.004,0.302,25.361,-5.753,-6.327,-9.237,-3.197
12.825,42.614,-23.806,-45.151,2.434,-19.816,-12.12,2.117,-10.108,14.525,-9.799,-4.166
17.456,-57.613,-122.881,-39.835,-18.481,-33.954,-21.77,30.812,3.282,-2.9,-4.288,-10.658
24.325,-39.664,9.141,-213.524,12.804,-0.476,-38.078,-5.112,-4.939,48.353,52.405,-18.915
30.542,7.559,-55.788,97.306,-7.929,-1.916,-97.053,-9.93,-15.327,-15.415,-65.251,-9.21
20.855,-123.739,-127.966,-86.206,-8.004,-40.664,-18.997,15.428,11.355,35.503,3.298,-8.698
22.955,-82.203,-45.189,-116.671,-11.075,-34.695,-48.13,10.951,4.567,0.034,3.737,-27.242
25.329,-60.734,-34.441,-48.083,-2.842,8.21,-73.665,-3.617,19.898,-18.502,3.188,-21.601
30.578,-19.751,0.693,-31.369,1.899,8.935,-88.039,-20.183,3.135,-11.223,-8.282,-20.501
31.421,-30.349,6.496,-0.286,7.495,-1.553,-76.773,-27.189,-6.089,-23.333,-9.593,-19.941
33.862,26.017,20.218,8.309,24.03,-14.017,-88.74,-44.352,-5.372,3.764,6.033,-23.769
38.857,110.373,79.622,14.936,-5.18,23.845,-85.688,-25.312,-20.001,-18.843,-6.996,-51.235
35.689,74.825,58.341,43.356,28.343,7.273,-83.606,-37.046,5.539,-8.393,-20.12,-38.821
31.765,64.306,51.371,16.664,39.901,9.787,-51.085,7.528,23.134,-14.447,-46.531,-30.68
23.11,-52.01,-98.357,-34.378,-26.348,-8.621,-24.179,4.777,10.655,33.581,-5.289,-3.375
28.897,-9.811,33.371,-31.334,-1.822,8.355,-48.171,-2.984,10.434,-12.262,10.66,-45.59
26.233,6.498,9.687,40.516,-12.261,-22.121,-67.095,-15.722,-4.586,-3.537,-30.82,-39.224
21.59,-34.097,-18.236,8.482,5.338,-31.522,-59.307,-7.441,7.007,0.994,-16.631,-26.871
17.846,-55.61,-63.838,-43.141,8.279,-41.446,-11.008,9.653,-0.308,8.316,-12.666,-8.468
17.886,-82.415,-103.305,-55.174,-9.563,-44.051,-13.622,39.241,0.046,13.146,2.493,-13.45
17.795,-95.644,-122.225,-87.835,-8.275,-34.088,-9.46,5.877,-4.509,27.89,-13.013,-12.001
17.437,-56.036,-130.463,-69.662,-23.79,-45.808,-26.284,-4.295,14.858,6.759,-15.124,-13.389
16.705,-36.901,-121.012,-57.181,-32.566,-29.481,-25.88,4.185,10.736,0.352,-14.041,-14.134
14.747,-26.592,-102.062,-77.92,-27.39,-43.884,-10.366,6.734,-0.433,-1.153,-3.642,-6.927
16.495,-42.69,-112.57,-79.94,-23.615,-31.805,-21.567,17.574,1.76,24.146,-6.824,-12.055
18.866,-91.726,-133.825,-75.908,-9.98,-36.492,-14.834,-14.065,10.428,27.34,-19.997,-4.639
26.622,-24.75,-24.25,-173.12,-22.079,57.206,-21.429,37.282,18.332,0.131,-48.686,-24.115
32.721,52.801,-17.308,-62.469,-4.65,47.369,-55.529,10.588,15.13,-20.622,22.421,-35.131
32.016,24.008,-10.906,-48.079,-14.74,-15.656,-68.969,-9.079,-3.72,-6.536,14.495,-22.083
33.75,41.176,-8.067,-12.988,-6.624,9.977,-86.25,-17.145,-9.604,-12.686,-26.983,-26.461
34.999,57.267,-27.674,-24.251,-3.618,-4.421,-63.109,-28.285,-4.622,-11.446,-6.001,-27.348
36.877,104.825,0.703,-7.614,7.715,18.976,-69.107,-24.573,-1.35,-23.913,1.007,-41.342
38.987,127.834,61.51,-4.928,-16.87,37.604,-67.895,-9.017,-19.675,-30.846,-13.136,-51.039
39.277,97.596,-5.335,0.084,-32.95,22.488,-43.776,-5.3,9.846,-21.03,-29.714,-53.223
37.186,114.269,21.925,-49.381,13.363,0.101,-27.896,10.982,33.287,-9.975,17.264,-39.351
39.284,140.532,29.98,-26.118,27.085,-28.706,-42.05,-0.6,10.213,9.962,-7.903,-11.409
40.476,186.365,83.736,-32.991,28.002,3.617,-58.677,10.96,1.615,-23.229,11.984,-78.976
41.071,182.174,36.824,-8.562,-17.606,-24.977,-40.633,-2.199,-7.03,6.195,-30.292,-81.106
36.533,116.242,22.242,-7.897,-32.085,-11.471,-32.755,-22.131,5.012,20.383,-33.743,-60.138
34.658,63.265,-24.726,-47.177,-4.279,-0.256,-16.53,1.864,20.934,-17.325,-5.878,-35.768
32.451,53.836,-26.106,24.668,-0.597,-5.368,-26.458,-18.347,14.882,-24.234,-50.894,-30.357
22.694,-35.861,17.517,-20.811,-0.56,-23.759,-23.231,-5.725,2.982,-1.738,-16.665,-43.812
24.852,-20.179,9.508,-1.534,20.517,7.85,-32.018,18.932,16.618,-12.279,-27.961,-35.092
23.289,-45.258,25.662,-65.019,25.438,-9.685,-16.685,7.879,17.657,14.232,-1.843,-32.741
25.899,-99.179,-63.84,-23.504,-31.808,-30.18,-13.795,11.319,16.243,-13.396,-1.801,-21.568
21.91,-62.556,-2.106,-3.548,11.434,-27.112,-31.942,5.364,7.85,-1.455,-5.79,-37.119
17.165,-15.683,12.488,1.661,57.929,-37.709,-48.99,16.901,17.309,-0.696,-5.109,-27.138
13.458,55.562,-32.055,-17.708,-1.522,-58.335,-19.828,-2.979,-1.954,6.988,-12.547,1.14
12.556,54.543,-35.431,-41.183,-14.139,-37.417,-10.166,14.741,2.184,-2.053,-2.866,-5.989
16.99,-30.512,-91.217,-21.045,-6.602,-29.149,-15.47,24.026,-9.48,48.699,-2.352,-9.242
12.83,27.678,-69.257,-39.224,-17.971,-16.737,4.084,9.735,-6.647,-6.727,-22.005,-4.335
15.088,-60.112,-114.34,-92.444,-6.055,-28.673,-12.413,-9.396,-6.656,31.052,-5.332,-11.844
25.055,-79.731,19.947,-61.678,6.242,-24.982,-29.108,2.477,10.016,1.16,1.437,-26.463
26.926,33.739,17.832,75.578,-2.445,26.781,-72.564,1.223,-1.551,-44.276,-36.925,-43.622
31.287,87.129,84.579,-49.741,67.893,56.861,-41.524,19.983,34.428,-19.844,5.572,-36.355
36.119,136.805,32.446,36.418,25.587,21.811,-35.219,-26.598,14.27,-4.694,-46.924,-61.028
31.556,93.456,15.478,-60.885,-11.742,-47.18,-0.493,12.971,25.05,24.451,-8.205,-46.272
36.485,169.793,55.87,-62.05,-3.442,-24.971,-1.722,14.892,18.423,9.007,-4.118,-58.998
38.307,211.102,54.493,-15.065,5.227,-28.441,1.419,-3.537,-3.056,6.865,-24.747,-66.069
39.946,160.459,11.279,-14.861,-11.089,-22.626,-11.84,-7.261,5.118,6.664,-15.995,-48.971
36.196,124.481,-17.686,46.212,2.585,-13.718,-24.376,-59.807,-2.363,-1.516,-64.181,-30.693
32.263,12.121,35.455,-25.636,0.941,-4.903,-32.484,-9.278,16.667,-4.961,11.525,-57.601
30.768,31.131,-14.499,37.676,14.812,-9.2,-37.796,-11.635,27.712,-14.626,-58.631,-17.548
27.124,-73.74,13.174,67.274,41.927,-49.808,-3.616,1.674,-3.012,10.045,-32.014,-13.006
26.467,-72.176,18.994,23.931,51.506,25.625,-2.353,27.241,19.244,1.621,-1.798,-3.014
24.321,-96.281,-2.473,69.427,64.785,-41.543,-36.858,17.664,-3.337,14.733,-29.543,-14.218
17.056,-50.061,37.99,-31.682,71.543,-20.962,21.287,-15.779,-16.526,13.925,-10.207,-6.64
21.274,-122.996,28.518,-6.274,70.336,-21.309,-2.228,20.682,-33.333,5.856,3.857,3.228
20.373,-99.998,10.327,-33.657,55.75,-35.399,-9.016,8.848,-13.42,-5.216,-0.697,6.221
16.483,-56.339,-59.986,32.294,53.908,-42.823,-33.607,56.085,1.286,-8.359,-35.535,2.271
15.61,-123.215,-65.02,-50.733,103.934,-43.917,12.359,19.356,-18.079,10.394,6.74,2.039
24.623,-162.93,9.702,-52.811,63.982,46.181,1.416,6.875,-21.699,32.629,17.311,-13.627
29.911,-168.312,19.124,-8.563,23.223,-16.688,-13.934,-0.936,-14.561,-3.771,5.264,1.826
31.047,-158.203,54.124,-90.537,29.392,-10.135,-1.753,5.469,-13.325,-4.86,-2.608,-1.819
32.225,-148.392,54.076,5.463,35.856,-32.011,-2.752,-1.566,-1.302,-2.063,-6.724,-10.154
30.867,-108.581,42.11,39.949,32.943,-25.295,0.824,-3.696,-9.094,-14.102,-15.931,9.373
28.367,-91.119,23.124,9.759,45.723,6.67,-5.0,-6.535,12.417,-26.911,-5.08,12.88
21.706,-165.882,-23.563,-11.136,64.584,-50.481,-16.296,25.122,-35.648,-16.679,1.444,-3.593
31.432,-78.136,32.77,25.652,49.387,3.124,-35.294,-4.017,-3.761,7.701,-9.163,9.734
30.85,-116.089,47.879,-2.714,14.317,-27.561,-26.337,-4.424,-18.378,-9.83,4.935,-6.883
32.588,-106.163,35.224,-0.393,15.537,-35.292,-35.708,-8.716,-11.754,-10.068,9.647,3.181
33.592,-122.952,30.028,20.988,29.052,-28.364,-34.441,-1.812,-14.521,6.715,-5.399,-2.106
33.186,-112.728,43.611,19.548,35.348,-19.657,-7.947,-5.907,-4.551,1.091,-1.747,9.684
34.398,-105.357,15.543,56.435,38.306,-37.019,3.455,-8.157,20.481,17.616,-22.062,-12.585
34.388,-57.647,18.281,25.393,34.868,-28.815,-27.664,1.202,8.143,6.086,-11.073,-6.388
29.3,-94.958,-1.849,72.271,25.49,-44.162,-25.557,-7.825,-5.329,-5.959,-27.257,7.005
25.068,-63.385,-19.991,126.929,63.13,-20.591,-26.244,19.471,4.397,-5.3,-50.745,0.881
14.837,-52.601,-11.764,-13.814,55.796,-43.366,5.25,23.422,-27.131,-10.055,1.579,-4.026
16.312,-109.595,-29.647,-24.456,88.048,-38.942,-12.119,26.576,-49.513,-6.436,5.199,-0.207
17.619,-110.789,-28.25,-39.196,60.382,-34.806,19.441,27.659,-36.208,4.471,0.867,-6.783
17.679,-116.955,-72.837,1.859,45.411,-52.01,9.721,54.197,-20.032,-10.082,-20.677,-23.946
11.658,-54.842,-90.098,-64.052,62.528,-53.381,4.652,10.337,-16.48,4.496,-8.922,-10.505
26.104,-154.918,20.699,-0.72,54.043,0.439,-1.978,-2.476,-14.512,21.407,14.816,-1.122
30.069,-123.276,18.466,15.987,14.398,-18.472,-28.812,-6.711,-16.329,-2.858,0.732,2.814
32.384,-122.736,22.398,16.265,25.036,-25.384,-25.958,-15.668,-9.724,26.196,-13.716,-15.806
28.811,-160.34,-8.355,-1.757,9.655,-35.783,25.969,6.815,10.254,-3.516,-18.657,-11.275
29.702,-64.967,-13.42,9.745,4.537,1.897,4.869,-12.171,15.659,-16.223,-9.409,6.705
22.996,-157.706,-43.969,7.533,24.675,-51.044,1.996,37.053,-14.768,-10.061,-21.156,-16.707
31.737,-35.016,35.482,23.632,42.047,0.636,-33.202,-15.491,7.524,1.709,-12.381,-1.725
29.752,-94.887,39.446,-2.518,19.32,-7.438,-16.947,1.022,-2.522,-17.586,9.259,2.998
29.231,-124.235,32.604,-18.508,6.147,-39.882,-15.212,0.543,-10.199,-3.483,9.92,-2.832
30.706,-119.89,25.462,21.412,25.432,-9.813,-1.989,-5.512,-10.582,0.86,-5.605,4.685
28.227,-80.596,20.023,36.176,17.009,-0.422,9.983,2.077,-8.091,-19.467,-5.985,16.046
35.462,-103.816,-1.967,63.944,13.828,-27.914,8.548,6.215,21.539,8.268,-28.031,-17.395
27.732,-116.878,1.078,39.615,38.539,5.992,-8.797,22.362,5.292,-13.983,-21.827,0.627
20.441,-137.266,-23.592,37.086,70.71,-55.739,-11.504,51.91,-21.827,-5.135,-23.71,-15.847
20.146,-103.483,21.814,41.492,77.953,-42.333,20.828,46.51,2.958,7.104,-14.009,-25.738
15.918,-104.639,-37.907,2.003,100.34,-31.757,-2.544,52.596,-24.0,13.796,-16.918,-8.198
12.326,-39.504,-41.007,14.34,80.109,-10.565,9.647,64.748,-32.382,18.572,-13.023,-7.324
13.301,-71.249,-52.452,-19.94,92.896,-30.131,-10.561,39.085,-28.438,9.075,-4.46,3.052
10.225,-30.704,-63.379,-48.888,87.136,-47.828,-14.369,14.1,-19.508,2.254,2.935,3.156
11.043,41.672,-54.92,-22.905,54.529,-37.094,5.903,-12.723,4.349,-5.431,-9.908,24.991
10.733,-9.332,-47.25,-50.223,42.651,-49.694,28.772,5.611,-24.759,6.866,-4.067,2.04
13.894,-18.923,-72.431,-30.306,-9.52,-46.188,10.727,-8.14,-17.851,14.814,-17.987,-6.076
9.922,-7.231,-109.238,29.464,32.849,-65.148,-13.675,111.077,-10.109,-16.455,-2.812,-16.684
