0.0,171.13,9.469,-28.48,57.491,-50.067,14.833,5.359,-27.228,0.973,-10.64,-7.228
33.39,-66.015,-87.436,51.487,-23.0,47.548,24.614,-80.837,-31.623,64.348,38.987,4.461
34.545,-91.42,-34.838,-59.015,-14.811,-19.177,41.228,4.867,-9.822,-33.343,-31.667,36.427
36.595,-43.808,-43.318,-7.033,-25.798,-25.568,35.799,-40.253,-10.06,-3.758,-33.894,38.857
37.291,-38.466,23.329,-128.753,-27.791,10.488,44.294,48.302,-3.844,-53.883,-14.413,15.938
39.67,-25.886,-46.297,-3.759,-5.163,-32.142,1.385,-63.155,-10.792,14.376,-18.17,24.806
38.505,-63.293,-41.813,-57.095,2.167,3.523,11.885,3.865,12.971,-29.861,-9.41,25.113
38.246,-55.648,-16.755,-77.126,-20.205,-34.11,19.916,19.977,14.035,-11.651,-4.292,22.114
38.792,-149.782,-27.306,-16.501,-0.029,-36.584,7.499,8.973,2.589,-34.216,-7.477,21.539
39.692,-107.676,-11.804,-13.004,16.359,-2.023,44.616,-19.185,16.592,-31.028,-13.4,29.402
37.764,-115.649,1.532,-26.551,8.975,-34.759,46.008,3.563,15.251,-13.495,-17.258,33.561
39.316,-113.621,-9.588,-16.546,5.797,11.864,52.084,2.043,15.173,-31.129,-15.172,29.924
40.095,-85.232,-47.649,10.886,10.331,-2.205,60.527,-46.793,15.047,-29.589,-19.104,25.561
40.088,-80.662,20.905,-41.131,-6.748,-7.582,55.356,10.61,-9.118,-21.886,-25.591,30.45
43.664,11.015,27.479,22.547,-49.499,-7.376,14.062,-7.102,-28.368,-10.755,10.346,-2.705
37.019,-98.558,-59.625,78.304,-39.064,-73.179,21.676,-56.476,-24.138,10.961,-15.349,20.653
37.516,-64.651,-52.201,-53.784,-3.928,8.928,34.746,-7.672,-0.486,-30.175,-40.584,36.439
36.531,-79.312,-51.033,-24.776,-20.215,-35.986,28.572,-29.79,-0.475,-12.184,-23.652,41.228
37.756,-69.166,-29.628,-76.475,-12.513,16.916,13.082,24.054,5.445,-58.683,-18.49,21.391
37.648,-92.66,-25.181,-19.608,4.502,-20.525,-10.698,0.69,-9.527,-13.047,3.946,18.069
39.73,-85.727,-43.665,23.211,-10.143,7.195,18.736,-43.579,-5.339,-7.93,22.024,23.034
39.913,-60.658,-6.662,20.723,-39.823,-45.413,39.173,-31.233,-49.604,6.178,-9.124,28.986
43.768,6.559,14.582,2.291,-60.627,-22.186,-4.638,-7.737,-37.857,-4.209,-5.171,3.424
40.917,-73.74,-32.806,30.526,-12.65,-42.338,20.021,-49.785,-27.571,30.055,-11.076,40.473
38.508,-111.436,16.537,-40.443,-17.424,-26.228,38.951,6.099,-3.848,-13.091,-9.497,26.413
39.033,-120.174,7.384,-34.004,7.786,-46.045,24.704,16.083,12.609,-9.733,7.84,26.829
41.54,-52.564,-6.783,-33.579,11.401,-21.14,19.783,2.909,15.299,-31.29,-2.171,26.243
40.157,-83.538,-4.653,-26.547,-1.007,-48.168,42.862,10.346,14.707,-2.617,-19.632,27.665
40.049,-123.541,-21.198,-1.883,-8.847,-31.192,32.187,-15.205,19.617,-22.722,-3.937,25.105
39.289,-94.536,-30.605,12.432,-7.771,-34.636,35.755,-46.327,1.45,3.056,10.534,21.477
38.081,-100.252,16.176,-1.027,-44.722,-48.594,46.506,0.827,-18.789,0.451,-14.994,13.984
38.945,-81.496,-15.339,-16.456,-13.827,-1.392,52.224,-15.509,16.292,-46.314,-6.235,28.242
38.309,-122.271,-13.393,-23.65,-39.948,-18.771,39.348,14.329,-18.107,-21.668,-1.811,23.996
43.381,12.023,2.588,-72.72,-29.764,31.075,20.583,21.062,1.957,-37.108,7.341,1.859
43.124,-51.509,-4.268,-26.032,-32.292,-17.573,-32.922,-8.588,-5.903,-4.618,-10.687,-18.78
43.586,-40.868,5.258,-50.118,-11.127,-17.451,-40.714,17.6,-1.749,-6.271,1.104,-19.567
41.54,-73.514,-34.316,-28.764,-37.034,-25.146,-34.19,7.964,-1.358,-18.265,-5.192,-9.589
40.976,-69.601,-39.337,-29.184,-35.918,-56.989,-21.001,-14.15,-15.99,24.555,-12.944,0.517
41.667,-66.443,-49.104,-40.0,-35.122,-47.801,-21.13,-0.626,-14.196,-9.23,-0.774,-11.392
42.478,-58.485,-42.976,-39.34,-39.525,-33.59,-29.314,5.327,-5.981,-0.313,3.116,-15.067
41.998,-45.099,-31.536,-16.767,-44.645,-29.582,-0.979,-18.376,-17.934,15.1,-4.638,18.944
40.647,-52.412,-11.776,-25.806,-28.717,-33.662,13.749,-11.051,-5.028,-8.371,-5.936,26.926
42.076,-21.325,-2.458,3.461,-13.985,-26.331,17.037,-8.84,-0.735,9.954,-7.079,22.563
41.947,-26.089,-34.032,-5.171,-12.316,-49.117,12.095,-18.768,-0.211,-9.287,2.385,36.802
41.86,-48.329,19.187,-39.315,-27.14,-15.511,40.395,0.786,-24.827,-20.781,-11.787,32.373
43.115,-53.262,9.389,12.495,-29.807,12.568,13.937,-18.856,-14.816,-35.991,-30.35,16.47
36.933,-200.905,-13.544,-29.862,0.614,-53.861,40.462,15.226,-7.88,-5.471,-8.72,20.807
37.624,-164.213,5.686,-30.272,7.714,-43.418,30.27,7.285,5.935,-20.658,-21.742,29.893
40.619,-116.375,-7.156,-13.169,12.462,-39.212,15.92,-8.411,14.951,-13.807,-15.17,23.422
44.74,-45.738,-3.686,-53.674,14.598,20.047,1.426,15.692,24.878,-48.876,-3.364,-15.687
43.625,-49.179,-4.762,-33.091,4.31,-47.219,-10.197,2.797,-16.371,-4.18,1.447,-6.441
45.426,-31.611,10.316,-50.575,3.349,-39.365,-25.387,17.79,-11.438,-8.565,1.785,-21.466
52.289,64.111,12.176,-35.348,3.582,-16.431,-8.216,9.87,5.853,-2.989,-10.57,-5.187
52.865,86.245,-9.129,-30.808,-18.23,-19.513,4.441,-9.784,19.83,-8.477,-15.027,-7.971
53.044,82.509,-0.875,-45.454,-8.528,-24.854,15.003,19.283,16.363,-7.9,-10.701,-8.353
54.0,104.27,-15.416,-8.825,-20.701,-54.202,14.835,-9.81,-2.766,10.388,-13.758,11.474
53.439,85.441,-2.849,-29.51,-8.561,-37.292,15.032,27.277,3.494,-0.882,3.044,-0.324
53.073,81.254,-30.734,-9.285,-12.265,-41.508,0.109,-16.89,2.74,11.115,-6.036,-7.469
51.734,74.321,-24.472,-18.021,-16.431,-11.282,2.839,-13.95,9.626,-2.998,-7.787,1.179
52.125,61.532,-29.877,14.473,-19.295,-57.56,-10.602,-8.075,-6.818,19.928,-14.756,4.046
51.929,55.562,-40.911,-6.984,-14.496,-21.696,6.334,-0.156,1.806,16.903,8.69,4.027
49.809,42.524,-46.946,-5.229,-31.027,-32.271,-5.577,-7.491,3.765,5.902,-2.056,-2.051
49.018,47.272,-17.441,-59.398,-32.394,-21.903,4.075,-2.924,13.129,6.794,-8.428,0.878
50.851,65.321,-17.211,-13.414,-18.723,-8.231,5.846,-7.449,11.415,3.086,-10.858,-7.385
51.668,59.676,-14.149,-22.913,-13.629,-13.272,6.422,-1.381,11.441,-2.436,-6.843,1.595
50.438,42.358,-26.659,-27.529,-32.755,-46.895,-0.419,-8.795,5.783,11.607,6.342,1.063
51.918,34.658,-28.912,-13.044,-20.584,-51.421,-0.584,0.161,9.335,25.108,16.173,5.476
50.863,36.617,-23.256,-21.884,-21.087,-66.148,-7.576,-13.676,-1.0,21.88,-14.232,-0.029
50.62,27.219,-3.295,-30.2,-18.046,-24.976,-14.071,-3.366,4.725,-0.413,-15.487,-6.856
52.046,61.134,-24.181,10.012,-6.974,-32.99,1.777,-19.842,7.849,20.038,21.087,-4.086
50.56,28.299,-44.919,22.881,-23.653,-43.356,-10.685,-30.551,-0.184,12.858,-2.076,7.006
50.027,31.484,-42.744,31.48,-25.655,-61.697,-19.188,-27.43,3.041,19.392,-25.679,-0.617
49.131,42.445,-40.273,-37.654,-37.572,-31.555,-7.22,-2.033,5.89,9.645,-9.14,7.09
51.198,86.886,-33.451,-66.018,-20.845,-41.458,-10.191,16.408,-9.019,26.852,-26.66,12.916
52.961,86.495,-33.095,-32.042,5.128,5.451,-10.248,2.172,-9.632,15.99,-8.305,16.282
50.277,59.588,-25.673,-5.061,-23.394,-2.411,9.69,-14.442,-8.959,-4.131,-46.771,17.975
51.645,42.614,-18.578,-36.331,-21.181,-12.632,17.194,10.474,3.165,8.499,21.928,1.91
51.562,49.81,-18.749,-20.094,-23.313,-28.41,8.198,-4.471,10.824,3.387,-5.762,2.059
52.071,65.061,-7.438,-23.283,-24.255,-26.922,10.172,5.115,6.528,10.554,-15.531,-0.797
52.198,62.373,-23.643,-17.728,-17.368,-45.983,0.977,-11.336,13.235,20.286,10.397,-7.158
52.391,99.86,-19.418,-25.316,-10.449,-23.381,12.329,-0.916,14.376,-10.667,-12.839,-4.952
51.9,90.679,-4.032,-39.848,-11.001,-30.43,15.634,-0.086,5.98,-0.51,-0.295,-11.82
53.179,77.22,-40.801,-0.794,0.781,-29.445,-7.198,11.155,2.905,2.199,0.478,6.786
50.271,72.184,-43.07,-84.384,15.68,-15.034,12.016,16.844,8.255,-5.072,-14.412,5.971
51.245,71.147,-51.867,-27.331,0.07,-10.849,11.346,-7.511,-0.28,-4.106,-31.289,12.216
51.286,84.59,-8.278,-50.462,-9.072,-15.622,8.051,9.807,16.838,-6.639,-10.079,-12.992
51.467,88.007,-8.17,-47.919,-13.244,-31.965,6.812,12.071,10.12,3.49,-8.816,-7.672
52.652,98.842,-15.922,-30.079,-4.855,-41.207,8.242,-6.478,3.997,10.8,-11.976,-20.54
53.822,101.807,-32.019,-9.328,-3.22,-44.878,-7.297,3.323,-2.403,2.81,16.239,4.953
52.354,100.279,-5.325,-32.082,-1.997,-33.933,1.522,0.385,5.945,7.829,-12.335,-6.814
52.338,97.189,-21.043,-21.689,-7.961,-34.266,10.262,-12.28,7.963,9.02,-13.565,-13.999
52.812,96.307,-24.259,-21.768,-11.566,-31.723,18.064,-2.55,14.506,6.713,10.458,-6.937
52.487,91.949,10.053,-35.816,-0.59,-38.614,12.052,23.48,7.297,15.639,-12.458,-10.381
52.728,82.135,-12.819,-19.687,-18.738,-72.416,7.349,-10.92,11.468,32.674,-11.26,-5.68
52.852,73.112,-35.188,3.747,-3.693,-24.809,-8.276,11.849,3.541,1.813,-3.632,6.36
51.455,99.694,-45.879,-55.384,16.449,2.232,-3.008,10.706,-1.232,-1.2,-18.77,-1.023
50.53,83.885,-41.76,-10.593,-6.99,-28.378,3.7,3.325,-11.187,20.402,-20.187,3.224
52.265,78.066,-44.682,0.071,-6.158,-2.616,-7.435,8.351,-0.872,7.405,0.202,18.078
51.456,70.899,-19.329,-37.977,-13.788,-9.037,26.901,-10.414,8.169,14.278,8.844,7.213
51.178,47.822,-43.489,9.644,-25.089,-52.868,13.926,-21.107,-4.866,19.195,8.458,17.96
51.288,48.703,-33.789,26.282,-20.785,-3.556,14.511,-26.632,-2.92,5.805,-42.651,26.698
52.165,44.594,-27.362,-37.196,-29.556,-55.524,1.328,-0.077,-4.982,21.238,-10.389,9.621
51.968,61.388,-21.889,-16.626,-24.538,-33.038,14.048,-17.07,5.028,15.513,5.57,-3.076
52.64,62.646,-12.16,-27.411,-22.753,-18.116,18.143,-3.252,9.99,-1.935,-4.854,0.884
52.396,62.027,-29.251,-20.245,-21.859,-22.333,5.414,6.694,21.485,-3.393,-21.321,-4.555
51.331,70.54,-16.873,-52.917,-17.636,-31.636,6.36,15.279,15.982,-8.503,-0.963,-3.813
53.035,81.066,-44.215,-0.25,-5.72,-52.221,-16.571,7.274,-4.281,-3.379,-11.615,12.303
50.483,80.427,-56.17,-36.911,-2.729,-12.569,0.193,9.427,-9.828,7.993,-17.709,5.566
51.034,83.737,-51.115,-1.049,-7.984,-13.073,3.581,-12.732,-0.721,3.955,-14.586,9.655
50.976,94.624,-13.217,-53.113,-0.325,-10.186,14.603,3.535,5.115,-0.045,-10.488,-8.522
52.776,91.05,-26.299,-22.936,-25.066,-45.626,5.0,-5.43,7.131,18.635,-9.323,-6.878
53.194,86.653,-17.677,-22.22,-6.605,-23.131,-3.613,16.112,0.525,0.336,3.863,6.975
52.975,88.775,-17.351,-22.656,-18.479,-73.394,-17.971,-1.838,-2.058,-2.065,-15.678,5.069
52.688,103.921,-15.85,-15.685,-12.134,-26.101,23.824,0.867,7.25,-2.685,6.337,-0.04
52.368,88.553,-1.395,-30.174,-3.833,-44.311,0.724,12.125,10.652,14.193,-6.728,-25.641
52.682,96.479,-12.805,-24.308,-8.988,-27.89,19.51,-8.428,4.226,9.494,-14.456,-2.846
53.34,88.294,-36.176,2.759,-6.086,-46.02,-20.303,5.236,-1.74,7.913,-11.898,13.488
50.839,83.041,-59.098,-51.613,10.121,-2.584,2.222,17.32,-2.291,-2.623,-22.826,2.699
50.36,81.126,-44.52,-48.907,-1.759,-15.033,4.241,8.075,0.716,12.843,-16.467,1.42
51.326,81.646,-38.505,-31.733,-9.327,-26.871,-4.972,10.328,-5.207,14.704,-29.56,19.858
51.17,56.291,-9.724,-25.477,-11.398,-7.639,13.367,4.31,0.825,13.315,-1.864,2.698
53.126,45.179,-11.933,-9.093,-10.906,-20.88,17.814,-17.535,-3.837,11.81,-29.386,16.945
51.113,34.667,-60.887,39.843,-20.588,-23.786,0.002,-20.275,-3.812,6.085,-21.498,22.412
50.563,68.84,-31.629,5.437,-33.466,3.876,3.443,-44.187,-5.859,4.534,-49.276,19.51
50.87,42.248,-13.01,-59.756,-24.295,10.864,25.051,10.473,6.617,0.421,12.035,10.773
52.329,71.696,-0.401,-23.261,-15.352,-14.209,16.818,-2.08,15.592,-8.756,-11.348,-0.095
52.089,60.062,-8.131,-18.694,-18.778,-71.263,3.926,-7.754,13.69,34.585,-23.277,-2.334
51.781,85.943,0.133,-43.728,-14.228,-27.761,12.011,17.945,7.753,7.889,-12.23,-0.748
52.56,98.257,-13.863,-33.717,1.87,-37.758,8.526,15.489,12.443,-4.337,-9.733,-23.522
52.856,108.25,-19.766,-16.673,-6.702,-26.199,18.067,-13.14,6.512,7.528,-17.579,-13.117
53.103,83.252,-41.098,14.234,5.462,-36.562,-16.565,11.327,1.595,-6.216,-4.72,9.348
51.107,102.907,-46.591,-20.826,13.863,-5.259,8.411,21.946,0.165,9.289,-8.455,0.211
50.986,84.913,-65.583,8.275,-8.599,-18.973,-2.272,-9.409,-4.623,21.238,-16.918,9.589
51.734,101.463,-27.99,-53.711,-3.903,-1.104,16.58,4.841,7.544,3.037,-4.01,-8.902
52.154,88.926,-2.158,-42.486,-11.985,-31.913,14.938,11.277,5.539,4.845,1.299,-9.929
53.219,93.86,-16.718,-22.474,-7.997,-19.492,-0.576,10.125,-3.812,2.052,-6.553,-0.984
53.556,89.722,-17.693,-2.538,-7.801,-68.414,-13.787,4.413,6.368,6.192,-10.015,5.444
52.546,99.279,1.786,-31.75,3.639,-37.024,20.215,8.591,12.496,7.271,-8.328,-0.779
52.596,90.16,-34.261,-16.049,-21.498,-53.588,2.144,-10.261,1.334,18.511,-6.744,2.602
52.495,95.356,-15.56,-20.072,-17.019,-29.441,14.986,-9.408,5.535,-7.682,1.32,-5.51
52.417,101.136,-16.039,-39.213,-6.671,-43.239,-3.953,-3.597,-2.928,15.193,-12.202,-28.72
52.997,89.36,-18.866,-13.079,-14.144,-61.006,7.462,-6.603,4.024,36.256,-3.389,-4.446
53.327,93.469,-18.88,-19.151,-15.257,-69.294,-16.804,1.47,1.569,0.214,-12.989,9.518
49.751,73.416,-83.001,-3.984,-3.946,-79.378,-15.282,-16.319,-5.989,21.479,-17.852,4.723
51.022,104.028,-51.034,-24.349,8.8,-20.407,8.059,20.699,2.218,-3.2,-14.249,-2.232
50.648,84.245,-63.776,-7.814,6.291,-9.052,7.354,16.058,1.006,-2.761,-22.477,1.526
50.141,83.334,-30.828,-38.555,-4.884,7.713,7.352,13.392,-1.311,1.873,-26.829,11.247
52.118,79.873,-14.483,-34.59,-20.007,-51.944,1.248,-8.731,-0.748,35.016,-7.999,9.426
51.83,55.358,-33.368,-2.157,-27.749,-48.017,8.019,0.438,-9.109,15.551,-31.466,21.931
50.975,68.058,-38.287,11.685,-29.75,-2.151,6.053,-25.698,-9.621,0.662,-41.002,28.338
50.948,51.949,-32.817,-18.903,-20.433,-6.956,16.457,-10.911,-5.545,22.684,26.666,-2.478
52.392,63.448,-31.218,-21.947,-25.148,-31.358,7.256,-6.301,5.838,1.39,13.262,0.278
51.409,60.91,-22.532,-12.48,-22.229,-22.515,9.895,-11.896,9.194,-2.203,-1.73,-2.223
51.953,65.616,16.201,-43.149,-25.133,-12.782,14.351,6.623,-2.791,-4.153,-11.216,-6.384
52.023,70.209,16.237,-18.489,-32.901,-57.354,14.283,-3.631,1.135,21.374,-16.408,-7.486
52.348,102.428,-19.789,-15.921,-10.195,-33.134,9.321,2.862,9.737,-4.282,-7.457,-18.586
52.679,100.268,-32.809,-8.73,-17.302,-39.151,-0.311,-21.382,5.427,20.453,5.858,-11.536
52.839,83.463,-22.932,-1.332,-10.487,-27.369,-9.732,-0.362,4.66,-4.835,17.137,7.328
52.206,103.119,-19.931,-16.888,-4.322,-43.551,15.227,-25.575,-3.577,13.829,-8.873,-6.971
52.036,79.42,-17.806,-38.543,-21.03,-51.678,12.579,-4.638,21.649,15.481,-19.83,0.429
53.022,84.907,-26.541,-20.456,-5.406,-72.246,-32.874,-14.066,3.152,3.847,-21.625,2.767
53.256,74.384,-20.747,-4.301,-5.789,-46.967,-14.532,4.695,1.79,1.796,15.042,1.901
51.604,89.428,-27.066,-18.313,-15.984,-26.682,-0.795,-19.44,15.914,-7.68,-8.699,-19.797
52.059,94.094,-29.018,-14.821,-20.47,-23.323,0.083,-28.623,1.688,7.018,2.029,-17.718
52.437,74.045,-11.967,-30.053,-14.59,-8.549,-11.276,16.715,6.395,-1.225,-11.875,6.515
52.268,93.791,-22.757,-10.593,-23.02,-35.542,2.72,-15.292,13.645,-2.656,6.568,-17.214
53.905,73.667,-24.821,-17.439,-13.821,-40.012,-9.58,4.123,6.571,8.14,15.013,1.001
53.868,77.182,-13.714,-16.381,-6.284,-24.307,-5.51,0.079,16.193,10.926,0.721,-14.791
52.865,80.684,-7.964,-21.901,-7.09,-73.668,-19.587,0.797,8.626,-0.707,-10.901,-0.146
52.333,101.275,-18.764,-27.439,-33.597,-63.498,6.614,14.661,-15.565,6.596,-13.115,5.608
52.261,106.814,7.778,-6.435,-15.896,-16.161,23.911,-7.726,-7.883,5.757,-30.149,-0.088
52.252,81.705,-15.146,-12.647,-23.014,-66.877,-2.897,-8.85,0.201,30.866,-17.478,-5.812
53.213,80.211,-18.733,-21.453,-0.761,-6.078,0.102,-3.909,11.33,-5.233,4.461,-1.483
52.262,100.103,-16.805,-10.47,-13.84,-38.667,0.666,-25.974,2.029,11.415,-17.243,-16.813
51.572,74.769,-31.113,-12.047,-33.967,-69.2,-11.914,-22.706,3.534,35.303,-8.554,-14.621
53.083,87.581,-34.718,-4.936,-11.451,-18.056,-15.804,5.573,-1.573,2.354,25.575,-2.057
53.349,78.682,-16.326,-5.195,-15.13,-65.579,-28.853,2.227,0.544,-6.348,-3.656,5.521
52.804,100.431,-23.95,-32.034,-3.461,-31.978,3.191,4.558,9.895,-2.014,-3.759,-10.967
52.23,95.98,5.117,-24.972,7.973,-37.259,15.568,-10.107,-2.188,9.944,-12.995,-19.182
53.239,94.612,-16.049,0.565,-3.504,-43.849,10.408,-15.377,1.274,23.571,-0.672,-9.83
51.524,80.293,16.64,-24.44,-27.652,-48.1,17.462,3.306,5.991,9.785,-11.469,-6.442
52.721,89.32,-2.612,-23.079,-3.934,-19.342,15.249,-4.802,17.569,-3.169,-18.577,-18.223
52.639,82.207,12.451,-18.331,3.747,-40.478,17.433,-0.975,7.868,4.579,-9.125,-13.828
53.394,84.977,5.665,-20.563,-8.584,-68.42,16.44,-7.19,8.905,26.438,-13.751,-8.808
53.595,99.363,7.611,-19.78,-10.234,-57.531,20.341,7.335,5.33,16.602,-23.082,-9.361
52.816,92.317,4.388,-27.752,2.404,-32.342,20.884,5.379,11.622,4.922,-18.367,-23.634
55.626,109.674,26.393,-30.909,-39.596,-17.808,-11.379,8.559,-5.999,0.187,-3.773,-23.375
56.387,129.483,23.131,-3.907,-50.273,-19.671,-27.908,-22.655,-0.007,-13.61,-4.195,-28.011
56.362,122.328,32.499,-10.436,-53.869,-15.674,-16.251,-19.961,-10.834,2.383,1.338,-37.209
56.466,106.921,31.09,-5.366,-35.283,-22.06,-9.006,-15.312,-12.164,-5.124,-5.31,-16.406
55.063,64.764,12.574,1.377,2.94,-28.314,8.143,6.504,-4.698,-13.625,-23.08,-7.404
53.057,86.17,-30.464,-9.875,-6.453,-8.425,-5.157,2.933,-2.478,5.77,2.387,8.777
54.099,75.756,-0.721,-49.236,-3.435,-34.898,-10.938,37.962,11.443,-8.386,5.913,10.719
55.369,64.055,9.557,-16.147,27.75,-61.558,-3.588,-7.725,26.016,28.814,-15.379,-14.868
53.813,79.826,-6.226,-23.535,3.302,-34.17,17.507,25.145,6.685,-22.341,-4.844,10.799
55.436,82.033,24.664,-33.553,12.235,-20.245,5.563,-21.379,7.042,16.578,-17.615,-22.949
55.389,66.026,8.19,-10.028,22.158,-36.183,2.671,8.023,25.564,8.146,-22.992,-23.203
55.337,71.172,-1.064,-12.671,12.355,-45.594,-1.319,15.429,-0.393,17.639,-20.758,17.212
55.14,40.505,24.61,-11.591,26.384,-26.463,27.305,-5.811,8.924,8.27,-5.672,-6.314
54.665,33.554,21.325,-14.525,38.934,-39.977,-1.753,7.575,23.626,11.994,-10.277,-20.726
54.894,54.401,-10.218,-19.986,38.797,-37.085,-7.819,1.705,41.359,-5.481,-17.414,-22.655
53.933,25.456,33.18,-29.639,31.154,-32.447,31.312,-2.569,19.412,12.6,-18.367,5.223
54.952,67.828,-3.423,9.582,13.436,-50.998,1.277,3.778,15.192,8.618,10.321,3.424
53.941,70.524,-12.522,44.213,15.134,-48.153,25.126,-3.805,5.788,11.126,-32.514,16.465
52.896,62.497,8.263,-84.279,28.456,-10.7,9.749,5.944,-4.627,-10.737,-7.913,-2.842
53.949,82.09,-7.94,30.742,-13.046,-30.866,-6.739,12.29,6.021,-5.664,-29.567,-5.421
54.267,108.466,-7.201,-51.755,-7.74,-12.717,24.858,-44.987,-12.798,18.684,-12.562,6.607
53.896,73.884,-2.385,8.095,-29.741,-3.683,-8.287,-10.781,0.807,-1.06,-33.819,-7.622
52.895,123.982,1.94,-73.241,16.784,-10.795,32.211,-39.635,-14.491,-8.388,-7.945,14.08
53.465,82.909,-26.302,13.144,-25.156,-6.44,-30.024,-18.731,13.432,-25.202,-19.513,13.223
53.984,63.613,17.718,-36.458,-16.581,-26.806,19.677,-2.994,7.31,13.914,-8.52,6.201
53.721,97.176,-20.834,-42.05,-1.477,-30.387,10.69,28.305,13.091,-20.17,3.22,-6.197
53.947,91.619,2.271,-26.684,-0.194,-32.552,-2.95,24.38,2.168,-0.155,-19.739,-16.422
54.336,104.091,-17.533,-32.973,19.204,-37.957,3.227,-5.89,2.854,22.338,-17.21,-24.7
55.373,110.03,41.268,-13.176,-36.676,-39.134,-4.728,-2.153,-7.99,11.476,-5.571,-36.471
55.133,95.987,-5.271,12.176,-29.276,-36.725,-25.177,8.166,-21.892,-13.929,-29.589,-8.368
51.371,95.925,-23.746,-62.011,8.425,-5.12,7.692,-4.696,-11.886,3.373,-21.07,-4.02
53.319,64.722,-23.87,-42.157,45.91,-14.061,8.794,49.358,8.466,15.739,-23.831,-5.832
54.282,66.729,9.77,-50.033,19.199,-24.676,37.186,23.186,-4.18,13.669,-6.454,3.066
54.745,111.124,7.92,-11.154,-21.73,-14.208,-24.366,0.916,-5.45,-5.285,-4.226,-8.394
55.128,74.373,1.28,-15.599,4.236,-26.805,1.922,17.3,-0.77,25.313,-21.068,-18.862
54.505,105.684,1.625,-52.749,-25.376,-10.582,-7.441,3.14,5.269,-4.277,0.578,-16.233
55.47,101.003,15.986,2.25,-41.167,-32.108,-33.015,13.519,-10.298,1.503,10.49,-11.334
54.904,109.783,27.263,-15.522,-31.355,-30.136,-20.99,0.341,-6.841,12.879,-18.591,-13.763
53.324,121.031,-11.188,-40.699,15.246,-27.96,11.399,15.065,4.987,3.703,-23.573,-9.306
54.805,87.936,-13.917,-5.104,19.261,-36.739,-3.272,-2.051,-5.149,16.289,-4.459,-16.788
53.822,31.397,10.403,-22.647,24.59,-40.38,-23.836,0.567,-2.426,9.095,-6.936,-9.503
54.475,102.883,-17.403,-23.768,34.312,-41.534,-19.087,27.139,-2.044,2.905,-13.918,-33.43
53.111,103.072,-31.71,-13.776,-16.228,-39.611,6.315,-20.036,-7.089,32.89,-8.123,-5.115
52.824,99.528,-13.204,-34.855,2.188,-31.59,12.825,9.676,-0.565,4.677,-1.646,-1.365
54.597,87.678,-13.444,-20.643,10.929,-34.254,-1.432,10.572,-0.93,6.539,13.731,9.636
54.462,102.051,6.348,-22.547,-39.311,-29.214,-11.952,12.279,-32.768,-2.445,-4.516,-20.206
54.748,133.813,-7.755,-37.718,-61.091,-18.933,-28.983,-1.947,-25.277,-6.489,-7.901,-25.039
53.801,127.148,14.355,-18.529,-50.766,-21.252,-9.063,5.359,-23.769,2.644,-14.497,-27.632
55.496,146.436,5.541,-35.083,-48.233,-22.336,-28.157,-24.949,-4.582,0.635,-14.998,-8.907
55.647,100.138,21.24,-24.786,-37.137,-32.258,-37.23,-12.116,-12.704,-13.872,-3.962,-10.608
55.636,140.122,-8.021,-16.536,-56.087,-28.24,-31.177,-27.822,-4.532,-2.191,-7.982,-27.414
54.112,123.754,7.838,-8.89,-18.292,-17.164,-19.528,-2.736,-1.935,-2.295,-16.903,-16.412
52.988,98.736,-11.351,-24.853,-10.365,-55.393,6.085,-0.541,-1.737,9.221,-18.493,-5.962
53.641,110.68,-11.489,-24.508,0.102,-58.332,18.651,1.761,-2.353,9.763,-19.45,-6.588
53.301,84.036,20.796,-24.423,-4.467,-26.916,19.088,2.149,8.401,15.871,-1.781,-14.471
55.602,108.969,30.179,-28.93,-37.769,-14.71,-7.634,10.887,-1.85,-6.467,-2.312,-15.272
56.038,131.869,35.71,1.604,-48.687,-11.279,-15.541,-17.046,2.04,-12.945,-10.539,-35.37
55.744,122.233,22.243,-15.859,-60.437,-14.864,-26.394,-8.566,-15.783,8.526,-34.387,-38.593
55.56,98.448,42.749,-29.78,-44.875,-15.133,-15.778,3.908,-3.531,-3.172,-8.343,-42.418
55.525,90.778,25.923,8.959,-17.131,-25.465,-5.76,-17.629,-14.608,5.013,-30.994,-10.913
53.177,68.014,-44.367,1.691,-1.242,-22.121,-5.981,-10.61,1.406,0.839,14.264,7.933
53.499,61.866,-17.411,-22.833,2.289,-20.05,-3.08,11.176,14.075,-13.794,-26.557,15.445
53.365,87.511,-1.295,-62.86,-7.425,4.584,-3.511,5.563,14.769,-5.1,-14.045,-15.431
53.348,74.31,6.656,-39.225,6.989,-23.584,0.576,31.678,14.568,11.011,-15.557,3.292
53.419,75.479,31.713,-53.433,-1.306,-21.814,21.703,-15.914,7.515,22.867,-18.158,-6.274
55.3,106.639,-3.428,-26.424,-14.741,-22.854,-26.713,-8.765,-8.285,1.559,-3.825,-18.539
54.118,118.014,-32.693,-31.095,9.594,-78.504,-19.105,11.991,-7.36,-4.433,-11.15,-3.514
53.875,117.038,-23.43,-31.919,23.275,-71.376,-11.705,5.38,-7.004,-13.684,-11.429,-12.114
54.274,94.626,-8.397,-1.567,13.1,-30.725,12.611,13.613,13.026,21.612,-14.75,-15.058
53.819,66.949,6.735,-42.984,9.378,-15.12,4.906,-25.979,1.595,8.988,-18.437,-15.653
54.591,44.437,23.277,-27.387,36.297,-37.894,-11.26,-5.029,29.595,1.105,-18.171,-42.065
54.582,66.222,8.384,9.19,20.504,-24.817,-5.348,13.119,17.156,9.421,-15.66,-10.225
54.923,71.748,13.731,-42.946,9.483,-12.325,8.73,27.235,27.431,12.184,11.705,-17.21
54.181,115.979,-48.168,-5.271,10.458,-63.632,-18.822,3.872,1.981,-6.989,-16.224,13.007
52.774,84.705,-16.047,-28.467,-0.889,-0.441,-3.045,-9.326,-9.092,6.389,-24.759,-5.409
54.194,154.763,-48.787,-29.505,-40.427,-31.83,-37.681,-25.931,-5.239,1.413,-10.406,-23.22
55.827,101.787,-9.592,-16.494,-13.71,-18.013,-10.415,-8.892,-7.16,11.996,-6.07,5.574
53.751,36.047,4.189,-27.96,18.514,-31.854,25.775,30.522,8.411,-1.065,-8.347,18.763
53.833,83.766,-18.149,-19.584,-24.206,-8.557,-7.469,-20.182,0.192,8.222,-19.15,3.552
52.843,48.383,3.609,-48.971,-0.735,-6.931,9.218,14.816,0.537,3.592,-18.199,-1.152
54.638,86.806,2.217,-12.622,11.305,-27.695,38.104,-45.081,-9.95,32.921,-7.983,-1.796
53.999,63.768,-1.217,7.678,-8.113,-42.529,3.226,-3.118,10.008,8.382,2.759,-3.154
53.685,103.25,5.628,-36.077,-9.314,-16.846,-7.281,22.322,13.338,-2.301,-13.823,-9.822
54.059,54.11,14.592,-24.933,21.245,-30.988,-12.824,-0.536,7.342,26.432,-18.888,-25.089
54.83,62.491,34.361,-40.806,5.556,-35.947,-14.16,-0.226,15.756,15.252,-1.431,-43.215
55.899,66.125,12.443,26.77,10.202,-31.016,9.617,8.9,-8.841,0.053,-23.774,13.72
51.553,107.262,-18.117,-31.377,8.654,-6.969,18.682,10.577,-4.817,4.729,-9.653,-0.193
54.456,114.679,-15.768,-18.612,-18.197,-9.069,-14.482,-3.085,12.486,-3.104,-4.635,-19.028
55.134,84.709,34.886,-17.126,1.072,-17.652,44.873,12.67,-2.241,2.973,-15.813,6.427
54.708,64.576,31.482,-21.519,19.741,-25.13,21.929,8.214,-13.774,16.768,-15.662,-5.369
55.409,111.235,5.285,-5.161,-1.427,-15.336,-2.236,0.71,1.71,22.229,-26.827,-7.42
54.865,53.531,35.552,-18.07,16.67,-38.828,53.853,11.05,20.216,32.21,-8.99,5.069
56.575,58.831,35.6,-0.976,18.977,-65.351,40.79,11.053,9.229,-3.284,-3.698,30.261
55.612,90.315,43.043,2.493,-8.58,-30.352,25.856,24.197,-9.165,-7.829,-20.239,21.392
54.332,51.514,-3.216,-8.175,29.153,-37.699,-1.605,-6.358,37.827,10.16,-11.263,-19.936
54.769,36.688,25.638,-27.268,30.445,-37.112,15.128,11.163,29.792,16.645,-18.193,-17.134
55.679,86.772,36.259,-8.307,-21.231,-31.668,-14.615,-1.329,2.163,16.181,-9.663,-32.643
55.946,96.067,31.894,-13.464,-9.857,-41.263,-16.365,-2.545,4.013,10.308,-10.097,-49.436
55.812,97.729,10.764,-7.824,-21.248,-28.731,-25.696,1.468,4.234,8.295,-14.925,-39.888
52.268,112.683,-30.271,-48.168,0.353,-14.103,1.963,16.004,-13.036,-4.619,-11.174,-13.347
51.503,143.862,-25.779,-55.6,-1.346,-32.208,6.594,-47.506,-13.681,17.901,-21.559,1.102
52.599,169.757,-62.089,-40.293,16.942,-43.182,11.173,-11.478,5.205,2.824,4.108,-3.538
53.858,114.737,9.81,-36.719,12.292,-26.121,36.579,-47.349,-1.819,27.543,-13.043,4.64
54.94,55.218,76.531,-6.371,26.536,-49.875,75.283,16.977,17.94,12.253,-8.471,13.432
55.217,65.283,47.537,7.229,14.986,-42.485,73.787,-7.833,8.694,7.2,2.378,11.165
55.651,64.571,47.863,6.173,14.724,-68.83,64.134,16.851,0.911,21.894,-9.493,23.858
55.25,52.908,77.202,10.499,21.286,-46.444,82.741,23.408,-5.656,-3.349,-8.301,21.152
56.003,89.447,45.163,-0.142,-22.758,-55.201,36.802,25.402,2.046,9.182,-18.189,11.97
53.835,88.613,3.805,-0.85,4.573,-39.184,11.565,20.914,10.768,-4.838,-15.748,-2.442
52.546,88.532,-20.416,-22.504,-20.23,-54.134,5.748,-7.186,1.163,22.723,-24.432,5.37
53.597,84.871,-23.466,-11.672,-0.907,-3.902,-2.611,3.606,0.921,9.38,3.63,9.395
52.197,72.737,-13.812,-16.707,-18.127,-38.339,11.925,-8.509,12.22,15.845,1.95,-9.593
52.375,74.491,-3.589,-31.448,-6.98,-21.796,22.544,-3.817,15.352,3.019,-10.765,-7.526
53.679,71.039,-4.223,-16.639,-4.534,-52.614,18.373,1.412,12.788,26.068,-0.338,-4.787
54.831,69.496,-4.447,-5.483,0.737,-45.165,8.77,-1.042,6.659,12.298,8.239,5.312
54.035,66.96,29.715,-4.763,5.952,-42.486,46.688,-3.107,25.276,12.255,-9.224,7.759
54.331,57.536,30.337,-0.52,0.433,-58.696,53.662,-3.858,8.812,19.79,-14.473,25.605
54.459,54.946,24.3,12.982,3.552,-54.568,47.91,9.183,9.359,11.276,7.66,9.491
54.147,44.267,41.116,-4.668,-1.15,-55.285,61.415,13.013,6.065,16.417,-23.688,30.443
53.018,26.713,20.752,-21.075,-9.048,-72.106,39.51,14.75,9.718,23.735,-9.144,30.23
54.712,73.604,5.551,-6.069,6.564,-41.578,30.87,-0.396,12.885,9.798,2.801,24.65
53.813,49.397,32.518,7.404,0.09,-53.199,69.706,-16.604,2.825,19.133,4.436,25.592
53.146,33.514,33.372,10.788,-9.712,-71.47,56.197,0.906,6.781,25.225,-1.264,33.857
53.611,64.78,20.234,-14.297,-3.039,-36.694,48.158,0.27,17.308,-4.063,-8.643,14.685
52.609,37.147,23.901,-3.063,-12.093,-38.602,53.227,9.3,12.831,-0.416,-10.292,22.895
53.491,80.688,-27.864,-7.982,-16.26,-66.229,-15.776,7.958,6.208,3.441,-12.951,15.03
52.277,78.434,-14.518,-24.114,-9.783,-21.484,19.547,1.735,7.464,-0.748,-11.982,-8.923
51.683,72.824,-13.927,-5.845,-18.518,-44.12,11.949,-11.266,14.848,22.129,-9.003,0.405
52.589,73.964,-12.523,-20.003,-11.016,4.898,3.708,19.453,12.043,-3.46,10.563,7.54
50.964,52.258,-39.143,-10.031,-33.532,-27.498,-0.091,-14.884,-1.187,-2.224,-1.531,0.492
50.924,77.331,-14.723,-38.097,-24.641,-25.149,3.337,8.621,12.764,-7.435,-7.533,-15.748
51.836,81.06,-20.993,-9.243,-28.42,-36.296,4.2,-2.891,5.604,10.369,3.022,-11.045
53.158,80.588,-21.921,-21.086,-11.382,-14.991,-11.369,5.06,9.551,4.334,-1.288,-7.568
51.957,80.559,-2.461,-32.063,-27.319,-32.157,12.345,10.438,9.76,10.86,-9.533,-6.468
52.514,95.136,-14.734,-19.424,-15.081,-22.509,14.279,4.625,13.102,-1.757,-11.833,-11.236
51.806,79.051,-21.696,-8.452,-24.815,-59.676,6.947,-9.022,1.521,27.87,-16.515,-3.373
52.42,77.077,-21.458,-31.39,-8.698,-0.98,-2.618,14.047,6.433,-4.346,2.951,-4.175
51.95,87.58,-34.351,-15.241,-30.332,-80.091,-26.597,3.015,4.421,-2.675,-8.138,11.341
53.046,85.787,-30.33,-7.39,-22.06,-29.893,-16.293,4.518,-7.501,11.874,18.554,7.347
52.581,91.225,-20.656,-33.356,-14.779,-67.942,-17.117,3.11,4.187,8.296,-16.678,0.572
51.536,82.511,0.09,-38.749,-14.86,-26.954,6.046,-2.044,5.39,6.479,-14.545,-5.645
51.31,67.579,-2.433,-11.207,-26.523,-20.797,8.117,-7.425,4.811,0.387,-14.027,-6.582
51.415,78.826,-22.112,-8.786,-24.863,-46.49,6.258,-18.637,11.806,17.299,-6.559,-13.32
51.287,69.153,-10.773,-15.919,-12.891,-32.222,12.281,-7.608,3.587,5.939,1.024,-13.073
52.046,76.914,-8.735,-12.877,-14.212,-23.455,6.625,-4.492,14.187,2.697,-7.083,-12.962
51.407,72.887,-9.255,-0.526,-20.161,-51.539,15.293,-0.883,-1.541,6.284,0.944,-6.033
51.699,82.869,-5.588,-47.865,-20.776,-23.358,3.92,18.481,7.139,-3.567,-14.752,-7.935
50.899,78.924,-49.558,-12.686,-13.876,-41.733,8.082,1.625,3.76,1.733,-3.154,-7.021
53.392,85.919,-26.97,-11.596,-8.842,-31.117,-7.241,7.831,6.543,4.329,15.403,-0.278
52.048,81.697,-19.785,-14.306,-20.097,-31.672,14.557,-10.695,12.865,8.945,-5.293,-1.913
51.667,81.227,-13.117,-33.809,-24.786,-25.771,3.392,-5.834,10.804,1.564,-10.689,-9.563
52.112,86.938,-15.942,-16.139,-22.934,-38.319,11.252,-5.29,10.819,12.253,-3.064,-13.61
52.138,74.632,-11.296,-23.14,-21.678,-26.961,17.588,-8.725,24.714,-4.258,-20.089,-9.351
53.481,82.072,-14.671,-20.569,-6.668,-10.362,-0.043,1.748,20.755,-2.853,-6.277,-8.754
53.476,73.336,-0.489,-18.838,-8.346,-39.39,27.14,-4.895,13.271,9.036,1.159,-0.096
53.15,63.948,14.58,-0.475,-2.664,-65.475,26.022,-6.646,5.227,22.752,-13.136,-6.232
52.947,54.679,15.118,-17.078,-4.572,-52.848,41.597,9.984,12.498,18.81,0.871,10.593
53.369,54.511,17.316,-11.13,-11.76,-65.92,37.217,-0.428,3.689,32.964,-19.666,24.887
54.606,64.94,21.75,-10.944,4.154,-21.725,35.523,17.218,12.853,-1.896,-6.562,27.152
54.028,72.908,32.68,17.028,-7.396,-36.694,60.685,-5.311,15.604,-4.797,-8.343,30.964
53.171,44.782,19.23,-4.955,-3.14,-28.747,52.128,5.756,15.734,-7.612,-28.845,27.989
54.175,74.79,29.013,-5.861,3.434,-30.73,51.127,-11.404,17.051,6.145,-0.778,13.839
54.605,62.136,30.419,7.699,6.222,-48.898,64.205,-10.894,-3.878,25.617,-10.586,24.954
54.415,71.207,-4.812,-3.983,-2.415,-59.613,15.579,-5.981,-1.063,7.304,-11.702,18.729
52.784,93.704,-12.772,-14.954,-12.518,-53.589,9.75,-6.488,5.628,20.83,-18.456,-7.627
51.692,72.012,-11.44,-4.766,-17.324,-61.797,12.101,-0.507,10.076,19.919,-11.681,4.196
51.473,46.373,-21.748,-5.02,-18.736,-39.042,13.154,-22.114,-2.202,19.455,-5.619,12.622
53.586,77.013,-26.908,-9.198,-10.19,-35.229,-5.021,1.305,3.61,14.39,19.173,0.037
51.792,72.624,-15.199,-8.567,-21.269,-29.777,18.719,-14.378,14.773,20.054,-2.035,-0.914
51.584,63.408,-16.772,-2.47,-23.607,-24.851,14.35,-13.483,3.447,9.849,-15.563,0.065
51.794,95.02,-23.153,-26.445,-16.634,-26.021,13.587,-13.129,8.753,-0.532,-8.636,-13.129
52.099,82.849,-23.663,-21.486,-25.65,-26.411,1.614,-14.167,15.755,4.3,-6.523,-15.323
52.958,86.401,-21.705,-12.069,-16.824,-11.594,-4.142,10.134,14.649,-0.486,-10.849,-5.889
51.964,65.502,-1.141,-32.94,-19.745,-24.436,2.184,-12.82,2.772,18.212,-6.464,-0.947
52.243,52.42,-7.081,-20.144,-20.362,-62.355,-9.273,-1.014,-2.772,10.306,-6.406,12.225
51.409,46.218,-19.95,-20.451,-19.258,-24.533,2.661,1.482,12.524,2.873,-13.617,13.243
52.117,56.639,-6.233,-17.057,-11.441,-28.808,1.43,-3.338,11.923,5.908,4.638,-7.342
51.596,49.713,-15.416,-9.67,-21.193,-57.373,6.815,3.431,8.645,18.053,9.649,7.272
52.013,59.947,-8.535,-21.564,-21.376,-24.128,7.847,-5.353,5.773,10.756,-2.822,0.983
52.125,54.209,-10.937,-37.938,-16.241,-31.736,4.604,2.826,13.944,2.731,-6.911,1.517
51.639,52.824,-15.356,-30.995,-35.922,-61.075,-4.72,-8.092,0.795,20.766,-10.315,-1.507
51.353,63.74,-7.792,-12.746,-26.746,-55.574,-12.072,-2.586,6.752,6.359,-1.16,-3.192
52.764,61.583,1.974,-26.987,-20.14,-27.747,13.564,4.309,9.607,6.763,-3.485,4.077
56.07,66.839,20.011,4.394,35.303,-43.409,41.599,3.722,36.963,24.539,-14.151,-0.121
54.89,52.705,16.516,-8.47,27.276,-66.98,22.358,2.955,34.149,25.342,-11.494,-16.704
55.084,41.839,13.027,-11.89,36.766,-53.33,25.357,-2.794,48.992,39.088,-9.289,-20.243
55.188,41.479,26.138,-26.587,41.879,-57.011,17.328,8.271,51.006,22.282,-18.687,-17.399
54.969,63.45,21.424,-6.069,37.128,-57.47,18.83,4.159,49.955,27.476,-15.086,-33.422
55.341,66.116,13.477,-5.372,24.931,-40.861,11.185,-16.045,41.445,27.632,-28.22,-21.639
55.905,80.459,29.022,-23.858,13.563,-22.991,23.698,11.35,37.289,0.226,-4.737,-11.507
55.251,103.265,19.701,-22.849,-27.82,-55.493,-15.889,-3.851,13.391,40.423,-26.54,-12.777
54.96,50.332,19.495,-8.035,18.338,-15.155,40.425,-0.612,23.365,25.711,-1.156,-3.084
55.272,57.873,7.755,5.207,21.395,-38.37,31.695,10.881,31.945,1.691,7.45,16.027
55.026,62.866,29.752,-16.745,6.06,-36.76,27.127,26.077,25.817,-7.939,-15.314,-7.815
54.655,102.572,-5.209,-5.48,4.785,-36.95,3.593,22.642,8.191,23.828,-25.437,-13.762
54.316,72.887,7.051,-53.731,8.362,-25.553,-6.973,10.576,17.798,6.206,-7.411,-35.809
55.696,123.335,-7.159,-28.842,19.836,-42.215,20.914,11.196,21.895,-16.174,0.617,-1.32
53.328,87.755,-9.145,18.744,-42.225,-74.532,-11.225,-15.444,5.437,30.76,-16.271,-5.065
54.739,70.357,-0.306,-42.994,16.408,-18.695,-9.604,5.475,5.317,26.866,-25.701,-21.938
54.159,70.5,-9.673,-11.36,28.164,-35.68,6.597,0.622,11.404,15.812,-23.742,-19.19
53.679,64.46,-15.086,-32.716,15.31,-21.518,-17.746,-8.243,1.377,17.267,-11.763,-10.637
55.332,65.269,5.766,-29.778,20.079,-41.73,12.514,-13.528,18.317,28.362,-3.607,-2.08
54.364,58.22,5.857,-23.7,20.392,-37.497,11.535,-2.842,32.9,22.619,-15.89,6.279
53.84,63.146,-8.571,-19.587,1.976,-22.055,-13.995,2.747,8.647,-2.894,-1.355,-0.106
53.468,58.891,-20.065,-20.669,2.563,-62.455,-24.052,-10.252,-1.925,-0.499,-4.684,4.528
53.55,68.144,-24.87,-21.905,2.259,-16.592,-2.134,-3.958,5.512,0.365,-8.044,19.042
52.889,84.582,-15.353,-24.275,-8.729,-17.653,-26.007,-3.915,10.888,2.143,-14.2,5.347
52.902,89.868,-22.159,-28.14,-15.644,-35.24,-7.009,11.455,3.189,8.224,9.931,1.996
53.091,90.702,-19.178,-15.053,-4.562,-25.597,-8.381,-3.838,-4.046,10.493,-0.318,5.01
52.779,85.78,-21.393,-11.289,-14.277,-43.815,-20.476,2.52,-1.78,14.483,16.751,-1.722
53.467,71.705,-21.388,-12.565,0.863,-29.679,-14.278,1.371,-6.32,8.752,13.82,8.098
55.155,87.269,14.726,-20.658,20.424,-18.523,15.633,18.759,12.67,10.588,-3.25,-9.203
55.712,74.689,25.369,1.006,10.594,-37.995,50.213,4.48,8.762,20.808,-1.168,5.729
55.801,85.756,22.274,-16.857,14.699,-54.924,49.839,6.713,17.102,26.38,-7.868,12.877
55.254,88.902,-7.332,-10.741,15.007,-37.373,3.679,11.075,20.887,12.884,-13.946,10.858
54.322,52.1,18.5,-26.707,21.24,-45.717,37.514,-1.151,28.865,37.119,-12.439,-6.185
55.455,82.675,7.095,-14.882,5.67,-58.429,24.733,33.175,12.603,18.004,-19.896,1.383
54.375,92.647,-0.605,-18.003,5.174,-18.612,15.129,3.794,7.973,10.146,-29.974,-11.645
53.289,95.85,0.527,-0.15,-37.158,-25.406,9.474,-6.303,-0.986,1.079,-13.68,-8.729
53.857,38.469,18.385,-17.812,30.943,-33.015,18.358,6.818,32.91,9.398,-13.739,-20.156
55.34,57.152,-10.678,-10.172,37.184,-59.83,-20.493,-8.322,21.807,12.8,-21.601,-20.768
55.043,64.867,-10.316,-16.392,31.739,-35.443,-16.489,0.644,19.153,18.105,10.703,-17.128
53.987,124.722,-23.751,-12.794,-6.455,-28.906,1.237,-4.389,-4.472,8.5,-28.833,-18.36
53.706,72.43,7.317,-42.959,-1.265,-16.203,-1.544,20.914,14.466,6.233,-27.324,-28.46
53.29,110.126,-37.773,-23.114,-2.1,-31.076,17.503,-10.97,-0.454,-22.513,-12.235,-7.738
54.03,67.067,-14.659,-6.975,12.757,-36.267,12.455,4.473,19.734,11.955,-11.593,-11.469
53.106,123.083,-42.29,-34.114,-3.749,-63.263,9.953,3.721,-9.063,-8.372,-10.287,-10.784
55.323,76.94,-4.164,-14.886,17.421,-61.033,13.196,-9.449,-1.186,9.574,-3.424,17.567
55.384,95.073,10.793,-13.523,10.627,-31.861,25.166,-2.867,-10.313,8.058,-4.718,-25.252
55.187,59.312,9.856,2.704,35.824,-46.436,40.586,-12.111,13.946,19.484,-3.826,0.311
55.665,43.391,40.411,-23.677,24.418,-58.286,48.265,13.653,-7.213,15.993,-14.508,-6.885
55.528,56.896,8.089,-33.06,18.909,-71.938,-5.839,-10.206,15.939,-4.222,-12.223,-13.287
55.805,45.021,24.51,-27.356,32.45,-60.843,3.698,-8.367,8.528,19.206,-19.842,-25.392
55.621,43.734,12.187,-18.315,27.541,-66.485,-3.161,-4.345,15.311,5.02,-20.088,-18.673
55.095,39.861,13.004,-13.432,31.488,-47.057,16.686,-0.458,27.438,24.949,-10.796,-23.58
54.747,41.205,31.21,-21.597,22.62,-46.592,18.013,6.707,38.548,21.26,1.619,-25.992
55.421,42.001,8.75,8.823,2.789,-49.097,21.66,5.082,30.319,15.125,-21.189,12.141
54.77,65.277,-8.967,11.909,4.808,-19.593,25.322,-5.797,10.051,8.544,-16.416,11.873
55.206,56.885,33.762,-41.7,19.319,-7.743,36.11,25.245,11.729,11.173,-2.636,-11.326
56.886,114.548,46.212,-2.056,-20.66,-31.186,21.847,14.638,13.731,1.543,-13.303,-24.782
56.378,114.489,19.778,-12.691,-42.597,-31.803,-27.572,19.774,-1.6,0.091,5.231,-13.536
55.352,134.111,-0.773,-20.751,-28.378,-13.686,-18.136,13.441,2.152,16.169,-15.114,-13.687
54.727,97.443,-2.415,-31.184,9.037,-37.601,10.057,-30.466,-25.919,35.865,-11.663,-3.848
56.023,108.154,18.557,-6.723,5.141,-24.005,43.203,-9.102,22.754,1.102,-14.777,20.305
55.917,92.664,31.065,-12.026,-2.151,-4.198,27.084,28.28,19.832,-7.756,-19.877,21.537
53.896,85.089,11.748,-23.716,-34.944,-29.914,15.143,-18.285,-13.683,27.13,-3.992,2.229
55.856,65.104,39.681,-14.232,1.827,-20.503,31.813,23.789,9.223,-12.688,-17.561,4.015
54.261,115.726,-26.278,-35.999,3.817,-33.259,2.695,25.651,12.779,-11.042,-0.866,-1.079
54.698,64.99,20.27,-27.475,0.107,-16.578,3.234,0.167,0.16,17.264,-23.214,-22.396
54.345,75.859,20.671,-13.51,-10.483,-60.169,-2.752,7.367,-2.903,25.407,-12.57,-17.534
55.444,79.439,12.807,-3.855,-1.241,-20.037,-1.397,4.858,0.59,17.642,-20.821,-22.558
52.745,118.658,-51.028,-13.093,6.676,-49.811,13.874,-22.607,1.871,0.031,-14.612,-12.319
51.981,87.616,-17.532,-11.839,-26.792,-50.217,10.592,-9.983,7.614,26.764,-20.101,4.406
54.252,65.169,45.162,-13.569,-7.409,-20.89,56.345,-3.118,5.878,22.964,-2.69,4.535
54.962,104.139,-10.581,1.356,0.156,-71.598,-7.284,33.189,-3.378,-29.71,-4.304,4.164
55.049,85.33,32.199,-35.288,-1.774,-14.937,17.676,19.531,16.176,11.992,-7.887,-9.042
56.595,98.102,32.654,-13.777,-2.403,-16.174,20.735,7.431,16.113,8.852,-12.617,-5.812
54.895,93.065,-9.792,-5.376,-33.953,-62.503,-21.645,7.086,-7.558,-0.517,-16.739,1.028
54.019,111.94,-8.724,-41.852,-2.85,-15.908,6.111,32.808,-12.545,9.654,-20.503,-6.737
54.594,83.213,8.507,-9.127,6.101,-15.826,11.959,-1.445,10.003,30.545,-29.91,-12.745
53.875,73.739,-11.475,-22.561,6.189,-35.911,6.225,-38.579,-11.159,40.167,-6.35,-23.225
54.625,40.924,24.113,-24.357,9.653,-39.91,23.915,-7.88,10.659,20.177,-8.413,-9.78
55.823,64.478,16.783,1.493,14.424,-46.014,12.591,11.485,15.578,15.157,3.124,4.119
53.004,67.457,8.288,-12.242,-10.714,-36.625,28.492,-6.508,-0.234,9.477,-3.718,13.553
54.949,33.279,17.043,-7.121,22.711,-40.456,32.529,-4.083,22.071,7.577,-1.927,0.291
54.227,45.733,5.404,-27.613,40.642,-38.826,25.605,11.182,38.668,7.179,-15.561,-28.309
55.533,53.147,14.811,-23.277,28.409,-27.41,28.15,5.815,21.342,17.342,-12.737,7.401
55.717,60.76,16.812,-17.477,23.62,-35.084,16.458,11.773,26.935,10.455,-7.696,15.12
54.227,103.826,-31.863,-22.622,15.863,-67.756,-7.447,17.221,-1.083,-12.575,-10.895,-1.997
52.798,99.957,-20.889,-24.451,7.943,-39.83,21.282,3.205,-0.832,1.823,-23.286,-1.416
51.908,96.947,-18.27,-34.963,-10.103,-25.829,5.406,3.882,3.405,-7.719,-10.253,-11.969
52.005,82.415,-25.05,-9.156,-6.842,-40.966,12.213,-1.802,-5.265,9.278,-9.626,-15.057
53.987,115.642,-15.2,-25.437,-6.303,-19.456,10.808,16.537,-0.557,-1.58,10.189,-15.758
53.438,93.403,-14.314,-34.229,8.149,-25.787,16.482,-24.327,-12.16,11.838,-27.071,-4.589
54.183,62.045,50.387,-20.314,-16.828,-30.36,30.688,4.542,-10.746,9.881,-16.127,3.429
54.091,71.987,0.685,5.765,-22.283,-62.437,11.566,-2.843,-3.614,9.428,-13.83,14.681
53.53,70.586,-21.093,-5.218,-9.75,-25.865,-3.951,-6.847,10.515,6.928,27.549,12.554
52.917,98.872,-17.821,-16.693,3.515,-55.113,17.181,10.672,-5.834,10.267,-6.811,-8.799
54.101,64.997,-2.778,-21.827,24.611,-22.247,3.558,-26.933,19.782,31.407,-13.334,-25.766
53.859,75.415,-12.285,-21.956,13.607,-59.463,-2.626,24.947,11.122,31.339,-16.06,-16.43
53.559,73.647,-24.068,-8.091,-13.911,-56.641,-16.905,5.5,4.182,6.829,7.883,6.35
54.346,95.162,-4.463,-4.823,2.948,-7.173,10.035,-13.043,10.046,17.973,-23.636,-1.925
55.436,94.809,15.483,-21.901,-8.124,-23.734,16.775,-6.421,8.125,15.258,-13.956,-7.328
55.602,101.008,-16.813,26.661,-3.222,-8.221,-11.108,1.294,9.817,-1.425,-4.51,2.593
55.805,107.219,25.29,-34.617,-13.125,-13.534,22.831,2.273,2.538,12.473,4.133,-13.358
54.775,97.649,-14.585,-4.511,-5.331,-79.098,-16.138,8.855,10.343,-6.755,-8.403,4.818
55.496,103.995,-14.771,30.929,-18.071,-37.063,-1.698,-13.079,21.512,26.359,-17.192,8.183
52.977,69.89,-11.063,-36.743,1.134,-37.597,14.383,-11.86,3.238,9.843,-4.135,0.922
56.196,83.12,-4.072,-20.574,26.695,-43.961,16.423,11.939,39.388,3.785,-5.783,7.859
55.441,74.609,2.199,-18.741,39.15,-42.426,25.005,9.7,22.089,18.201,-4.416,-4.148
55.317,71.055,-10.942,-13.149,24.256,-24.739,12.977,-3.474,17.383,11.015,-16.158,15.211
54.314,68.347,-10.046,-14.006,22.21,-36.498,19.509,-10.109,15.323,4.849,-15.435,13.846
54.97,90.948,3.402,-8.306,11.319,-15.456,13.429,-2.386,9.157,6.179,-27.659,9.529
54.414,61.277,18.346,-24.915,11.721,-27.878,35.747,-9.734,24.441,34.525,5.107,-4.318
54.31,64.276,-1.415,4.105,7.821,-33.398,5.37,22.347,16.116,-2.825,-15.673,20.266
54.175,51.668,10.336,-30.883,27.006,-17.877,12.969,-8.54,19.061,18.252,-13.931,-11.695
54.586,44.641,9.657,-15.969,15.392,-55.118,23.426,-7.66,15.294,32.142,-4.137,-12.578
55.83,47.15,26.046,-4.669,22.193,-42.749,49.539,-1.623,19.587,-2.283,13.255,18.325
55.504,50.847,40.876,-4.329,24.312,-42.912,43.159,27.597,3.901,5.525,24.936,31.282
56.399,63.299,45.012,-5.203,14.109,-71.904,44.273,13.597,-3.388,17.3,-11.688,34.582
56.646,49.505,39.18,1.346,5.5,-55.035,26.82,6.11,-6.325,11.622,-0.365,27.101
56.167,69.453,43.492,-12.295,8.298,-23.496,41.118,-0.737,2.252,6.694,-10.294,29.004
56.258,64.296,41.868,-16.104,-18.502,-52.799,8.009,14.307,6.09,10.111,-14.338,-0.264
56.466,99.958,28.413,-12.99,-36.393,-26.864,-25.945,9.413,-13.779,6.614,5.622,-15.735
55.959,100.156,38.102,1.121,-33.265,-42.629,-32.719,12.36,-14.834,-16.244,-3.194,-19.064
55.818,98.318,30.373,-20.25,-51.707,-24.468,-28.227,-3.618,-28.939,2.98,7.214,-14.455
55.424,101.547,16.825,-15.321,-48.015,-48.963,-31.092,-0.849,-32.359,-6.569,-5.147,-10.331
55.388,109.453,22.026,-15.782,-52.485,-19.453,-25.675,-5.372,-18.021,-3.293,-16.388,-13.527
52.873,113.83,-57.26,-28.754,21.245,-34.925,7.228,11.629,-38.76,-2.933,-9.298,-3.851
50.772,34.576,-34.474,9.935,-30.277,-42.997,-2.232,-8.405,-15.036,21.262,-12.249,12.468
48.929,28.737,-28.573,-13.094,-25.737,-11.786,12.135,-10.697,-1.597,-7.034,-9.12,9.305
51.024,45.882,-21.266,-5.085,-25.798,-29.594,0.953,-7.782,-2.072,4.716,-20.851,14.003
50.841,54.546,-36.365,-2.57,-22.426,-29.289,3.932,-19.734,-6.264,6.718,-19.718,24.358
48.248,12.25,-57.59,3.196,-29.396,-40.221,-2.525,-6.153,4.189,13.844,2.889,9.79
54.425,62.573,-5.411,-22.309,30.798,-22.47,-4.792,14.556,35.959,12.807,-22.268,-12.089
53.409,51.436,-35.346,-32.547,30.741,-41.064,-22.154,23.137,36.208,14.27,-19.507,-11.539
54.06,75.396,-21.671,-20.62,29.259,-12.363,5.119,2.43,1.995,9.107,-13.842,23.783
53.23,102.751,-23.653,-13.112,-36.5,4.526,-27.695,8.484,-1.022,-19.513,-3.895,-15.818
54.991,105.299,-10.573,-30.968,-4.841,-6.558,-19.861,2.885,-3.993,0.037,-0.796,-4.351
54.963,71.917,-0.767,-35.845,16.694,-12.501,-11.947,-3.5,4.266,19.456,2.979,8.525
54.474,87.472,17.42,11.581,-23.359,-11.583,-6.379,-2.989,-10.195,-4.539,-39.011,-0.385
52.322,118.811,-41.034,-5.83,-26.197,-10.366,-34.337,1.48,-11.415,13.912,-21.74,-3.657
53.194,108.098,-45.787,-42.611,-6.223,-18.892,-24.547,3.537,-12.378,23.727,0.665,-10.502
53.462,135.257,-11.965,-43.359,-60.431,-26.064,-42.164,-6.999,3.948,20.827,-9.765,-1.354
54.449,103.476,-7.231,-12.831,-51.058,-32.835,-42.744,1.059,-5.006,4.641,8.225,-2.154
53.625,118.982,-2.279,-35.569,-56.616,-25.168,-45.379,3.532,2.186,11.748,-5.779,-7.953
53.035,136.994,-60.669,-21.212,-7.955,-28.72,-28.909,4.604,-3.651,3.769,-32.349,3.497
50.678,119.738,-82.211,-32.614,21.736,-41.715,-13.072,-4.26,-24.922,-3.882,-12.855,-5.392
51.056,77.763,-39.573,-5.018,-16.153,-35.659,10.467,-9.155,-9.131,1.988,18.156,11.63
49.055,60.695,-17.4,2.093,-32.46,-15.08,-5.898,-3.05,4.888,-4.474,-15.053,5.17
51.937,71.714,-11.954,-18.524,-3.903,9.216,-0.768,-8.625,-0.723,1.026,17.243,1.307
54.602,49.174,19.434,0.898,23.246,-20.056,41.086,15.772,19.158,-14.598,-26.475,30.158
52.985,111.095,-16.617,-52.067,-12.098,8.999,-8.154,35.813,14.48,-18.151,-6.607,-2.176
54.184,78.168,-19.072,4.233,-14.9,-17.829,-26.05,3.586,-9.249,13.59,-6.314,-1.345
51.645,125.018,-52.077,-55.402,16.101,-21.702,1.474,18.392,2.099,-18.098,-9.622,-3.914
52.796,52.877,-31.848,-17.713,30.664,-21.892,14.803,-7.942,19.333,24.273,-7.622,-10.401
53.592,37.195,-24.85,-23.204,38.631,-38.504,-5.685,-7.046,40.73,8.353,-19.417,7.756
55.125,64.257,10.239,4.056,7.813,-37.538,-1.335,-13.907,12.411,15.635,8.352,-27.801
55.078,51.134,37.11,-2.798,16.321,-14.002,-6.295,16.299,14.254,9.504,-13.924,-30.893
52.184,104.805,-59.69,-31.367,12.042,-27.078,-15.124,-40.497,-6.503,-1.819,-15.507,-5.586
53.264,104.947,9.605,-51.351,12.907,-27.061,35.147,-61.705,-13.542,48.491,-16.604,10.887
55.647,49.203,33.338,0.616,14.367,-33.601,43.767,12.269,14.88,-5.852,21.226,32.606
55.429,88.855,43.968,4.017,-19.5,-23.841,22.276,18.601,-3.054,3.442,-13.776,12.528
52.967,89.18,-51.891,-37.582,33.678,-35.365,5.051,15.391,-8.04,-10.361,-1.338,-2.74
52.68,91.117,-61.721,-20.966,23.644,-33.924,0.021,-4.807,-18.353,0.533,-24.844,15.202
50.2,35.175,-20.075,7.317,-15.018,-27.565,-5.648,-7.819,-3.962,7.11,3.739,12.792
50.509,36.63,-25.495,-30.006,-15.566,-9.927,-1.759,-9.698,4.743,-0.543,-18.373,17.711
50.942,31.188,-31.153,-21.06,-18.59,-28.602,-5.599,-4.73,-9.126,-4.894,-22.01,15.687
50.748,27.048,-35.075,-39.63,-10.021,-28.207,0.408,8.572,2.843,-5.605,-27.187,13.438
53.009,40.752,18.099,-73.683,20.441,2.399,39.849,29.088,15.661,-6.762,-9.512,-1.795
53.91,62.557,-26.138,-4.992,22.615,-18.426,-9.53,-9.35,-4.177,14.097,16.812,9.295
53.993,70.689,-11.36,-1.336,3.919,-25.831,-25.171,18.798,4.158,-22.108,-8.425,-9.729
54.726,82.846,-12.244,-13.881,-6.882,-39.176,-23.622,28.766,-6.273,8.908,2.958,4.068
53.037,111.159,-44.414,-43.982,10.583,-20.508,4.008,-37.144,-18.431,6.446,-30.95,17.531
55.079,63.779,-12.437,-13.467,17.068,3.603,4.105,14.623,9.213,-11.68,-9.231,10.323
52.84,103.94,-38.523,-1.921,14.26,-40.189,-7.568,17.225,-15.061,17.149,-8.262,3.21
53.885,59.619,44.042,-31.066,35.768,-21.468,51.475,14.93,1.694,26.092,-7.299,1.861
55.438,111.163,36.406,-3.226,-19.929,-41.823,-13.228,13.466,20.731,1.43,6.394,-34.64
54.93,46.078,4.977,2.98,11.557,-58.643,-16.38,1.129,-1.732,10.025,-18.68,-5.299
53.103,39.127,0.927,-26.369,32.265,-33.753,-0.731,-9.933,8.752,13.052,-21.502,-3.452
53.856,28.166,-0.682,-14.358,20.803,-42.765,-2.798,-15.338,7.858,15.972,-19.987,2.812
54.054,28.974,24.29,-26.797,20.035,-19.373,0.26,3.469,6.779,-20.107,-10.607,-12.834
54.07,34.981,41.243,13.309,2.806,-29.803,-7.832,33.151,-12.808,-16.764,-14.998,-15.563
52.344,71.655,-36.252,2.293,-4.72,-20.041,-17.331,9.186,-3.578,-1.491,15.667,1.609
50.827,78.324,-45.409,-21.268,-15.914,-2.236,-1.271,-4.638,14.607,1.046,-12.924,-2.658
52.383,78.369,-40.081,2.285,-5.855,-7.44,-1.705,5.518,-2.266,-15.102,10.231,14.747
51.274,77.192,-21.512,-33.417,-2.963,-7.468,6.081,10.852,1.592,-0.481,-9.254,11.271
51.374,87.37,-24.761,-35.341,7.056,-25.573,10.377,6.792,-1.872,-1.568,-9.405,2.866
53.978,43.476,15.662,-23.074,39.767,-30.494,4.753,-0.599,36.035,21.002,-13.024,6.521
53.857,96.415,-39.151,-37.276,3.067,-58.476,-41.202,12.763,12.422,0.621,-7.367,-2.714
53.916,97.021,-24.602,-7.487,-7.753,-12.088,-22.875,-17.195,6.317,20.898,-16.475,15.175
55.366,72.562,42.826,0.195,5.484,-7.79,25.021,20.711,7.475,-14.983,4.494,13.047
53.107,62.261,3.962,-39.703,0.471,11.995,-17.015,1.583,-3.842,7.561,-13.218,0.703
52.315,149.745,-51.655,-45.717,1.047,-31.386,-2.384,27.733,3.58,-26.959,0.966,-2.926
53.966,93.583,-15.37,-7.735,-36.023,-22.431,-18.469,-16.614,-13.165,7.059,-11.498,-1.05
54.691,80.362,-12.171,-17.85,23.174,-2.939,-8.574,14.5,1.608,-5.386,-10.957,21.296
53.832,111.872,-16.748,14.208,-34.788,-25.106,-14.908,-4.622,-1.86,-3.165,-13.07,-2.646
53.817,53.849,35.583,-58.489,41.092,-33.941,24.986,13.321,6.819,14.435,-3.609,8.53
55.609,80.618,32.372,-9.734,-0.593,-41.376,22.349,-0.897,6.273,26.02,6.27,4.486
55.848,76.318,26.237,-18.101,4.141,-58.645,13.839,-0.403,13.001,17.186,-15.623,13.169
55.948,83.019,46.115,-2.044,11.113,-36.999,43.484,5.969,19.193,13.242,-10.737,6.462
55.496,65.204,11.932,6.933,16.564,-35.35,2.342,0.735,18.673,4.781,-5.741,19.325
53.273,62.918,-17.814,-5.403,14.17,-36.376,-0.003,7.178,29.417,-3.282,-6.571,-2.302
52.509,85.125,-25.155,-3.232,3.994,-21.56,-5.941,-1.554,-9.376,21.08,-22.869,24.804
51.576,72.82,-30.331,-15.601,-9.687,-4.919,-13.736,13.345,9.429,-15.522,-8.761,4.327
52.157,73.422,-17.978,-25.83,-13.502,-6.187,-7.036,17.743,-2.989,-8.75,-17.773,18.551
52.182,89.37,-31.656,-9.569,-9.666,-18.636,-12.373,0.235,-4.592,6.17,8.138,9.094
52.537,82.989,-14.175,-14.849,0.771,-14.558,-8.441,12.398,-4.972,5.694,-18.704,18.861
52.809,83.556,-28.375,-20.456,-3.285,-5.46,-11.945,8.263,-1.576,1.503,-16.718,13.328
52.744,74.158,-30.157,-24.997,-9.419,-22.898,-9.699,4.393,-5.414,-3.08,-3.385,18.146
52.694,85.013,-36.248,6.875,-4.247,-31.14,-8.046,5.846,-5.201,2.84,3.072,10.949
51.581,48.759,-37.223,-11.349,-14.562,-18.113,-10.699,-16.902,-0.564,14.003,-13.697,11.928
51.189,24.289,-29.843,-48.844,-3.544,-12.216,-8.544,-1.411,-0.088,1.189,-37.477,15.56
49.908,18.055,-18.4,-31.935,-11.761,-12.868,-6.135,1.863,10.701,-2.972,-22.256,8.439
50.337,46.653,-14.54,-6.257,-19.056,-0.804,14.091,-15.575,-1.866,-6.023,-18.824,15.73
50.387,51.528,-21.396,-0.961,-19.047,-24.87,12.55,-10.808,-0.934,13.435,-26.678,20.251
50.305,28.451,-27.956,-17.434,-20.109,-20.629,10.182,-17.56,-11.747,16.199,-3.954,10.684
50.58,31.497,-12.975,-18.679,-23.884,-13.055,14.077,6.035,10.404,-10.32,-26.56,17.464
50.17,56.414,-29.226,-21.832,-27.291,-17.31,17.34,-16.702,1.612,0.23,1.573,12.83
54.061,87.507,13.393,-29.877,-25.63,-10.264,-8.737,1.899,-13.064,-3.744,-17.699,-0.152
53.862,94.982,-0.534,-40.183,-17.065,7.331,-13.865,15.266,-13.145,12.245,-16.273,-3.517
52.879,87.235,16.041,-54.739,-41.152,-7.345,-26.161,16.757,14.178,-9.351,-8.523,-18.381
53.46,54.611,-21.638,-4.63,5.456,-46.392,-17.31,-3.358,0.402,29.431,-20.54,-7.65
54.583,53.11,27.745,-36.176,52.339,-18.711,8.332,23.249,19.427,10.171,-10.297,-2.104
54.925,97.225,8.339,-28.709,32.192,-37.003,14.864,-11.718,28.187,10.392,-17.989,17.765
54.173,59.15,-2.149,-19.071,16.778,-12.243,5.077,2.081,9.047,4.913,-13.073,13.536
53.557,57.676,-6.592,4.014,-22.096,-21.638,-14.15,0.811,-10.585,8.489,-38.3,11.815
51.923,42.032,17.227,-62.046,-5.554,-14.751,13.11,8.436,-15.964,9.082,-1.592,18.759
55.124,54.627,35.233,-36.456,11.977,-35.435,18.357,14.267,0.435,10.398,-5.969,-4.308
53.904,50.137,-5.255,-1.44,24.651,-32.37,-4.002,8.663,31.542,-1.767,-21.824,3.182
51.339,62.057,-38.473,-24.541,-5.761,4.32,-7.044,-3.199,8.068,-18.402,-21.686,-2.902
50.722,54.2,-27.031,-19.191,-17.064,-4.791,-2.998,8.617,-1.938,-12.667,-6.061,9.944
51.936,77.911,-19.375,-16.058,-5.467,4.621,-4.167,20.317,6.955,-10.934,-1.309,10.282
52.927,78.673,14.719,-64.256,-34.913,-29.292,-25.919,11.379,2.726,8.952,-2.142,-8.685
55.027,117.444,-2.132,-12.455,-33.501,-28.278,-18.101,-9.744,1.583,7.262,-7.455,-8.133
55.23,90.114,3.911,31.963,-14.203,-21.587,2.604,-0.071,7.192,17.915,-34.21,-0.4
52.081,82.102,-29.139,-58.565,32.155,-41.365,7.373,0.882,-4.793,11.916,-0.79,-11.511
54.166,95.679,-28.165,9.39,10.51,-8.937,-14.352,-0.057,-5.945,-3.639,-24.109,-1.021
50.113,44.03,-13.708,-27.056,-32.309,-29.506,-13.244,-2.411,10.708,9.38,-7.347,-9.781
54.168,53.92,-3.306,12.342,7.002,-6.663,12.484,33.108,-10.149,7.054,-12.902,-6.989
53.667,88.892,9.76,-70.814,38.645,-4.031,24.851,-11.69,-25.923,16.86,-14.17,3.226
54.333,92.382,-1.361,12.97,-4.637,-35.462,-13.213,15.92,2.25,7.661,-15.269,-7.637
54.236,102.147,-2.359,-24.412,8.305,10.115,5.403,-12.101,-18.626,12.819,-28.573,9.949
53.904,55.625,-26.03,3.696,1.463,1.039,-8.712,14.876,11.906,-0.523,-15.858,4.397
50.589,152.409,-53.223,-24.946,5.124,-47.362,-12.42,-36.745,-9.058,-7.896,-9.397,13.795
54.326,49.24,12.349,-9.517,16.66,-16.829,24.111,-9.41,-6.038,-9.238,5.444,-2.535
54.86,58.81,59.115,-2.492,1.518,-33.703,49.204,21.211,8.603,15.081,-5.512,6.196
55.752,56.365,66.457,7.302,-5.42,-35.007,53.032,4.955,4.19,3.646,-20.273,5.552
55.897,63.26,30.393,5.778,-5.596,-27.64,28.697,20.798,-3.575,12.029,-0.438,15.293
51.837,87.759,-20.324,-29.797,18.877,-17.063,15.715,-31.189,-16.358,20.691,-33.532,18.127
50.955,26.382,-23.032,-10.387,-12.024,-25.645,-8.184,-8.336,0.638,2.856,-19.45,20.076
50.652,29.859,-32.318,0.736,-14.466,-7.707,-1.478,-0.519,-0.679,-0.615,4.169,15.512
51.088,32.96,-40.231,-15.804,-12.534,-7.259,-2.531,-16.491,-4.532,-0.043,-16.99,17.258
49.834,26.151,-44.692,0.539,-27.116,-13.893,-0.772,-6.726,7.34,-4.866,-13.554,12.952
49.679,36.872,-20.812,-22.84,-16.442,1.103,13.393,-0.195,11.399,0.274,-22.189,-0.088
49.606,19.659,-37.578,-30.002,-12.033,-17.407,7.202,-14.731,15.758,-2.335,-13.598,1.326
55.327,56.005,27.293,-22.849,35.887,-5.489,36.055,24.843,17.384,-0.651,-0.836,-3.261
53.92,60.277,-13.178,-4.461,20.741,-18.187,-7.951,-1.892,-0.174,7.7,10.674,13.485
53.158,76.202,10.67,-0.619,12.107,-19.181,-22.742,6.729,5.012,-13.382,-6.662,5.207
53.434,129.522,-27.941,-49.195,10.807,-30.634,-10.542,-25.328,-24.422,33.733,-20.617,14.335
52.77,104.758,-42.528,-41.711,6.575,-29.725,-1.617,-16.633,-17.826,24.749,-24.065,13.542
54.87,72.103,-3.966,-10.308,21.727,4.023,6.709,21.417,10.883,-12.56,-8.241,12.958
53.313,91.102,-39.604,-0.226,7.908,-35.172,-4.403,7.032,-12.069,17.356,-7.659,1.469
54.521,68.836,49.39,-36.486,14.995,-27.037,31.038,40.271,11.037,13.524,-1.669,3.432
55.163,76.564,6.794,0.823,6.248,-31.332,-5.935,-19.533,6.281,37.56,-6.479,2.972
53.534,40.863,28.493,-12.146,20.52,-13.932,14.99,4.937,13.081,1.346,-13.364,-22.134
52.645,77.633,-50.023,10.795,2.796,-32.335,-14.347,3.61,2.848,5.228,17.258,10.185
50.891,86.613,-19.692,-31.181,-11.39,-12.533,8.21,2.319,23.752,0.043,-32.406,9.089
51.166,80.612,-30.852,-51.503,-12.814,-35.454,-8.147,6.693,-15.581,28.554,-31.803,23.637
51.313,90.388,-26.904,-24.551,-7.139,-17.857,3.706,21.869,-7.336,0.647,-11.937,4.742
51.249,94.496,-37.821,-38.192,4.321,-25.982,11.575,15.717,-12.376,1.638,-13.543,6.538
53.575,38.126,25.596,-28.879,40.639,-25.474,9.372,21.152,32.476,30.579,-4.633,2.868
54.023,107.622,-23.289,-6.477,-6.291,-15.158,-18.058,-9.515,8.447,26.321,-23.658,14.722
54.946,63.878,41.502,-8.538,14.88,-7.159,20.99,30.115,11.42,-7.613,4.528,8.464
53.663,78.79,-1.161,-2.424,-3.299,7.171,-12.283,4.312,-2.336,8.09,6.057,-2.34
53.139,136.944,-36.213,-47.644,2.856,-16.745,-3.505,-35.701,-15.285,2.966,-13.799,13.694
54.121,76.638,-5.648,-9.813,13.96,5.282,0.129,10.069,12.829,-6.482,-16.153,21.677
53.964,98.658,-20.957,-3.611,-31.305,7.653,-23.071,11.112,8.195,-28.34,-9.897,-6.92
54.259,57.132,27.434,-59.459,24.287,-41.068,25.392,19.894,4.805,15.445,4.333,18.329
55.911,107.929,41.96,-12.989,-1.298,-31.997,32.958,1.126,26.879,18.469,-16.897,11.849
56.287,85.43,39.621,-11.11,-6.13,-35.541,22.462,-8.754,16.197,15.727,-6.258,17.063
56.417,68.372,34.582,-10.785,-4.696,-49.112,12.624,7.458,-0.233,14.518,3.66,19.862
56.548,82.435,13.303,-9.616,3.722,-27.592,18.516,-3.097,27.565,-9.864,3.148,29.112
55.17,72.223,9.328,1.058,30.479,-43.287,-17.091,-8.521,30.909,23.59,-18.922,2.927
53.781,90.016,-18.303,-7.169,11.397,-26.947,-7.871,8.867,25.208,-3.092,-14.451,15.998
51.535,59.138,-3.551,-10.519,-10.123,-23.122,9.139,-9.623,5.435,-0.329,-20.24,11.046
50.707,54.79,-16.081,-14.783,-21.518,-30.101,3.121,-6.083,3.055,0.096,-15.226,8.724
50.292,24.448,-19.932,-2.849,-25.251,-25.349,8.928,-10.623,-9.671,-4.542,-18.807,21.079
50.877,49.559,-27.266,-12.751,-21.979,-12.261,1.595,-5.557,2.537,-2.794,-2.935,12.82
50.534,42.564,-25.069,2.283,-29.415,-23.564,9.324,-23.529,-4.058,-6.259,-6.996,22.109
49.754,39.077,-30.898,-26.756,-25.694,-16.916,5.226,-2.352,4.303,-14.922,-8.007,14.409
50.45,39.362,-46.063,-13.176,-23.646,-8.172,10.89,-4.237,10.766,5.155,-20.521,11.786
50.089,42.581,-15.686,-44.349,-23.706,-12.496,4.893,-6.023,6.929,1.568,-24.919,-3.473
50.747,30.03,-23.301,-4.333,-24.471,-24.714,7.428,-23.674,-0.911,-1.509,-28.153,18.494
50.545,36.894,-42.536,-10.631,-24.355,-26.026,-2.251,-8.832,7.637,4.763,-16.223,6.25
51.11,47.026,-12.712,-33.425,-12.073,-3.702,14.166,0.176,9.603,-9.807,-25.96,13.816
51.618,44.635,-14.087,-13.903,-19.661,-14.542,18.834,6.525,-0.094,-1.273,-28.619,25.62
50.693,66.272,-22.029,-24.993,-25.084,-11.808,7.011,-7.098,5.148,8.074,-15.438,14.246
50.861,64.616,-21.172,-15.092,-19.372,-52.272,-14.449,-8.183,12.225,19.89,5.618,-3.92
51.358,91.343,-23.166,-36.138,-8.713,-18.032,3.314,7.823,19.4,-15.619,-12.373,-20.467
52.181,29.025,5.648,-44.197,3.192,-30.721,-12.098,-17.506,13.879,25.678,-5.957,-9.876
54.046,19.596,24.379,-20.98,19.685,-35.828,6.791,11.311,16.188,-7.084,-5.35,-9.835
54.018,27.889,29.071,-8.439,5.003,-39.006,-5.345,27.739,5.606,2.509,-15.757,-31.039
53.831,68.948,20.912,-13.474,-15.296,-21.52,-13.314,-20.554,8.998,6.821,-31.739,-35.789
53.883,21.55,30.288,-26.929,23.78,-41.445,-9.032,8.845,26.224,4.897,-4.203,-44.732
53.172,48.832,-6.391,-0.301,7.839,-33.074,-19.966,6.021,19.4,3.529,-21.81,-29.357
53.1,53.824,21.422,-46.466,8.728,-19.27,2.306,-8.511,4.472,15.433,-22.555,-8.857
53.441,33.98,25.269,-21.008,20.334,-34.5,2.357,-8.527,11.431,7.893,-9.306,-2.079
53.916,57.341,-6.811,-8.852,13.022,-56.026,-4.507,-5.883,11.552,30.543,-11.379,-6.052
53.208,98.219,10.79,-18.013,4.107,-30.131,14.304,6.35,-6.623,-8.403,-9.201,-10.29
53.743,69.217,30.069,-28.809,6.238,-20.251,12.832,10.822,-9.837,12.211,-19.969,-12.033
53.716,49.474,10.817,-24.178,27.853,-25.916,0.738,-18.137,3.989,22.005,-11.56,-29.245
53.854,15.794,14.185,-18.027,28.617,-70.115,-3.727,-13.514,25.408,39.941,-28.218,-19.952
54.011,24.973,17.074,-15.074,25.734,-26.315,-3.88,-0.982,33.174,-10.547,-15.497,-22.135
54.493,37.37,-3.944,-7.506,13.639,-50.507,-4.755,-10.846,5.753,40.295,-5.559,-7.683
53.66,12.958,-2.919,-20.943,23.824,-35.101,-6.036,-6.806,36.068,0.29,-7.832,-14.419
53.431,16.617,-0.379,-13.702,16.262,-64.612,-4.403,-9.622,8.663,26.857,-1.455,-13.878
53.827,25.21,6.695,-37.397,14.458,-56.087,-4.462,1.325,10.648,29.135,-22.576,1.248
54.015,30.681,-6.181,-18.188,13.683,-68.726,-7.644,-0.511,20.215,23.279,-14.475,-16.274
54.183,24.141,15.331,-31.09,13.001,-41.122,-3.563,2.895,15.857,9.925,-18.782,-11.866
54.53,17.375,27.906,-18.932,31.023,-30.511,3.014,1.643,16.869,2.728,-14.787,-20.161
54.195,23.875,13.278,-2.703,-7.569,-54.803,7.165,-6.289,-8.099,17.583,-5.39,-17.948
54.081,22.56,31.821,0.641,3.561,-44.492,15.425,-0.794,-4.501,-2.805,6.763,-19.987
53.681,62.943,1.442,4.081,-1.313,-29.456,1.028,29.724,0.999,-14.861,-17.205,-24.596
51.161,61.374,4.364,-32.683,-15.181,-34.263,-3.118,-6.23,0.827,12.109,-11.648,-16.059
52.897,43.466,12.81,-48.866,9.027,-24.963,-4.189,-7.261,22.665,3.152,-13.458,-11.35
53.439,26.592,25.756,-10.708,18.189,-35.95,-11.351,12.9,19.078,6.738,-9.737,-30.443
54.15,49.601,10.37,-6.809,-4.502,-23.816,-8.607,22.425,16.222,-15.865,-12.287,-22.721
54.248,62.931,30.633,-26.736,12.375,-24.758,22.103,-15.779,17.069,11.473,-17.124,-27.777
54.121,36.706,32.239,-19.169,36.812,-42.705,24.329,19.587,24.797,14.093,-19.335,-28.142
54.023,51.205,-1.542,10.978,19.806,-33.183,13.844,6.432,28.527,21.919,-27.049,-20.238
54.871,56.829,15.648,-18.1,8.748,-23.363,11.783,-9.398,1.812,7.75,14.888,-6.303
55.305,54.829,11.221,2.872,24.824,-39.768,7.596,3.735,7.956,2.244,11.673,-7.638
54.286,87.246,13.204,-6.32,8.964,-40.895,29.543,16.626,-4.052,-6.118,12.258,1.388
54.497,62.081,12.032,-9.29,12.518,-28.09,23.284,-10.528,-9.033,27.748,-12.047,-5.671
53.245,30.786,23.692,-22.417,10.308,-31.821,-2.55,3.757,2.474,20.482,-10.441,-14.946
53.316,20.211,33.399,-21.106,19.063,-35.652,5.69,9.666,8.553,7.667,-11.835,-5.359
53.614,42.605,6.898,-10.863,17.322,-29.16,11.482,-18.244,19.936,-1.656,-5.194,-11.923
53.54,33.425,12.989,-39.739,20.019,-24.029,-6.487,11.558,21.83,-2.945,-17.698,-11.109
54.198,36.348,0.258,-8.427,31.543,-27.254,-12.386,8.194,24.441,7.045,-0.556,-12.292
53.233,26.879,19.924,-14.887,35.938,-38.817,-11.471,-7.817,26.105,28.361,-13.894,-33.504
53.516,16.226,6.644,-14.758,21.602,-29.434,-4.303,3.459,35.555,-3.243,-18.626,-20.971
53.446,47.758,3.621,-27.652,14.057,-36.283,-2.576,-7.332,22.024,7.29,-0.087,-10.747
53.343,1.696,7.895,-15.007,15.563,-35.175,3.56,10.524,15.359,0.326,-1.96,-1.816
53.262,-3.339,14.88,-22.726,13.176,-52.78,-3.593,-3.577,6.544,19.265,-12.995,7.01
53.704,22.693,26.28,-11.299,17.145,-33.818,8.028,-6.212,12.435,7.598,-5.715,-2.743
53.858,6.03,18.877,-18.594,25.194,-47.663,-3.443,1.979,20.488,18.461,-5.398,-19.87
53.787,8.099,20.633,-16.548,15.275,-33.127,-4.66,-5.066,13.811,13.769,-11.257,-16.471
53.475,19.27,9.015,-4.257,7.464,-43.337,1.902,4.403,13.658,4.389,6.302,-3.213
53.511,27.8,23.763,-10.623,17.233,-27.809,16.071,-14.475,11.712,-2.641,2.943,-6.281
53.898,39.761,25.501,-0.18,-7.145,-22.854,6.819,3.158,-3.743,4.99,-7.312,-10.324
52.786,91.103,-28.105,-20.228,-5.294,-53.088,7.471,-6.631,8.149,14.995,-8.6,-8.272
52.001,87.732,-36.704,-38.245,-6.499,-52.297,-1.309,-7.981,6.829,21.486,-16.476,-15.951
51.462,87.638,-11.936,-21.101,-18.333,-30.701,6.265,-6.895,8.245,1.297,0.29,-4.943
52.086,49.121,-21.094,-21.548,-9.824,-32.995,-6.313,-25.294,15.301,16.448,4.363,-6.686
53.434,26.526,5.24,-28.135,11.005,-27.115,2.072,-10.532,20.995,-9.055,-8.315,-8.186
54.352,48.943,5.523,-19.283,15.311,-32.171,-1.339,9.754,12.684,0.35,-16.001,-8.094
53.247,29.864,0.771,-14.275,-1.438,-60.148,-5.217,-22.274,14.412,29.695,-8.643,-37.14
53.82,20.339,17.941,-21.998,19.02,-37.651,-8.409,10.341,29.654,-4.696,-17.042,-36.95
54.486,32.816,7.159,-17.098,22.676,-36.344,3.827,-5.362,5.864,11.745,-8.464,-28.884
54.024,84.937,17.931,-37.439,-40.704,-40.496,-21.361,-4.617,-4.553,11.336,-5.051,-26.79
54.253,26.829,8.96,-21.742,8.314,-57.952,-13.971,-3.689,12.503,35.143,-25.379,-26.804
54.247,31.654,12.76,-29.171,21.097,-57.527,-9.866,-4.186,18.048,36.07,-22.838,-37.147
53.999,44.9,7.587,-22.142,22.446,-63.903,-0.293,-10.255,16.066,34.807,-18.924,-37.988
53.43,40.542,12.483,-13.235,5.19,-66.35,-13.467,3.201,10.944,19.227,-17.042,-33.301
53.51,61.67,-9.856,-10.643,1.461,-23.638,-14.533,-1.142,13.966,-3.657,-11.605,-24.985
54.157,57.905,-2.048,-26.369,13.118,-12.717,-4.169,-11.753,10.652,2.307,9.187,0.444
54.023,40.144,1.716,-20.476,29.166,-25.204,1.802,-5.78,23.474,-0.13,-5.73,-11.22
54.424,67.537,-0.891,-24.122,16.165,-61.598,-10.33,4.022,6.419,23.179,-20.897,-6.324
54.409,103.398,4.847,-7.302,-8.557,-39.175,22.723,3.423,-26.731,-3.313,-4.514,-4.851
54.133,56.122,28.08,-13.363,16.62,-25.37,2.574,11.004,-7.408,12.557,-22.178,-8.846
53.508,42.442,2.388,-31.426,15.56,-50.816,-4.793,-2.198,6.27,42.215,-23.484,-21.616
53.195,25.181,11.725,-30.695,16.359,-24.939,-3.976,-3.78,19.913,1.402,-22.341,-19.502
53.976,13.031,17.541,-12.02,30.841,-48.027,8.146,-9.177,17.236,32.949,-12.775,-17.48
54.111,36.438,2.227,-12.567,28.63,-63.602,-8.185,-0.455,13.811,20.762,-15.013,-17.432
54.424,52.504,-6.931,-11.477,6.022,-71.336,-14.317,-2.617,6.53,8.817,-25.705,2.42
52.397,38.791,-8.442,-5.258,-0.207,-42.286,-6.41,-3.41,30.315,11.984,-3.444,-24.136
53.53,38.315,-4.403,-38.851,29.411,-9.785,-13.756,7.311,10.346,11.477,-18.311,-27.105
54.796,51.74,-1.29,-34.062,22.438,-48.691,-6.125,-1.439,1.252,16.791,-22.01,8.167
54.443,45.029,1.227,-12.394,16.309,-55.155,-14.79,-1.791,10.292,15.545,-8.249,0.022
54.313,47.974,9.061,-19.492,26.979,-44.187,5.687,0.425,6.583,16.855,-16.856,-7.951
54.621,59.543,-5.869,-18.668,11.179,-51.541,-11.099,-15.067,-5.108,15.16,-14.5,14.299
54.091,62.969,-9.023,-2.405,16.054,-80.887,-24.863,1.672,5.236,8.027,-11.251,0.362
54.276,57.809,-6.184,-14.04,17.893,-67.01,-19.12,-0.796,8.973,11.232,-10.555,3.314
54.679,32.977,13.829,-20.08,31.242,-31.025,-9.353,-2.778,19.406,4.249,0.715,-11.947
54.073,34.924,10.178,-17.249,19.858,-61.768,2.446,-7.537,12.966,15.361,-25.328,-16.484
55.21,40.695,3.983,-16.924,16.586,-56.599,-21.144,-3.176,9.714,18.734,-14.954,-3.818
53.786,29.65,0.434,-9.319,10.536,-52.906,-5.009,1.591,14.222,17.246,3.129,-6.459
53.789,32.9,-0.606,-15.71,9.765,-43.164,1.058,-10.88,5.547,22.977,9.038,-9.711
53.88,36.026,7.506,-14.904,-4.316,-37.336,9.59,-13.481,-2.741,16.427,-3.615,-9.298
52.474,86.483,-20.444,-21.226,-0.008,-52.832,-0.728,-5.583,1.753,7.606,-20.717,-20.014
51.946,80.34,-12.146,-24.711,-22.692,-63.478,2.503,-2.862,-0.81,26.156,-16.288,-6.761
52.201,40.089,-10.645,-36.951,0.499,-30.164,-4.988,-1.439,26.82,0.692,-11.662,-17.168
52.434,40.904,-16.564,-29.765,-5.202,-59.246,-14.171,-11.19,9.781,25.017,-16.192,-3.558
54.771,51.824,2.939,-7.009,14.74,-30.492,-9.157,-0.934,24.616,-1.921,-6.275,-9.107
53.435,20.663,8.866,-4.408,27.309,-27.034,-6.444,-11.073,20.024,19.023,-10.242,-28.983
53.286,19.705,3.661,-2.633,14.429,-43.572,0.417,-15.027,13.102,14.129,7.852,-29.183
53.565,13.952,17.904,-9.261,23.054,-42.285,6.401,-2.557,10.327,10.258,2.683,-34.416
53.45,55.241,2.319,-1.833,-25.062,-46.18,-8.815,-10.797,3.393,2.984,0.659,-29.528
53.427,56.359,19.757,-25.642,-2.788,-20.21,12.667,-18.712,13.528,6.208,-16.42,-32.253
55.014,50.303,15.618,-7.695,33.623,-45.563,17.483,-9.557,13.603,14.996,-9.938,-34.571
54.145,32.738,8.322,-13.42,15.885,-55.335,2.146,5.583,25.312,18.493,-20.944,-26.969
54.344,29.218,22.085,-1.587,27.4,-42.605,34.993,-6.395,26.801,35.963,-5.433,-25.772
54.65,38.669,20.589,-6.007,36.632,-53.74,45.484,4.385,34.367,13.144,10.537,-26.252
53.593,61.605,-7.839,5.445,-13.905,-62.2,0.837,-4.828,16.362,13.429,-12.145,-27.73
55.455,50.509,6.436,-5.002,29.078,-25.196,7.375,11.917,12.828,18.456,10.089,-7.684
54.731,67.393,-1.676,-10.216,27.113,-44.217,10.852,3.081,21.137,11.075,-11.546,-17.303
54.428,70.245,4.921,-6.058,13.69,-47.167,17.693,1.836,7.957,18.468,-1.013,-2.046
54.021,101.829,11.541,-15.533,-2.198,-29.893,31.223,14.482,-29.344,-5.965,5.151,-14.485
53.921,88.291,16.606,2.117,4.86,-31.55,26.627,-16.568,-16.53,1.25,-10.309,-7.557
54.91,62.162,4.234,-13.93,13.266,-51.59,14.801,13.823,3.35,14.497,-21.042,-15.635
54.085,36.121,6.731,-17.41,19.833,-34.344,1.457,2.185,18.8,-6.137,-20.713,-11.458
54.004,34.345,19.5,-14.09,26.215,-34.532,5.04,-10.907,26.527,11.327,-7.122,-19.849
54.797,44.188,-5.417,-9.917,22.654,-24.55,-7.33,-8.571,23.899,2.481,4.309,-11.346
53.91,30.356,3.332,-13.191,21.484,-47.114,10.149,-17.052,16.164,20.353,7.773,-5.101
54.333,22.314,9.172,-24.007,30.812,-28.628,-12.386,30.31,30.234,-4.43,-22.108,-13.247
53.953,48.228,-9.519,-15.958,25.849,-25.119,-4.384,1.505,14.971,9.306,-3.442,-5.486
53.901,50.111,-19.756,-11.314,17.211,-51.596,-11.586,1.092,17.29,17.295,4.157,-2.518
54.799,46.536,-10.129,-5.222,25.545,-43.379,-4.525,-0.526,14.386,14.875,12.315,-11.133
54.316,48.305,8.252,-21.704,24.084,-36.044,8.159,11.882,21.133,3.988,-8.135,-12.269
53.806,19.023,-2.286,-8.0,26.194,-36.963,-7.862,-8.163,19.434,5.469,-0.11,-7.836
53.414,14.478,2.432,-13.065,15.203,-30.648,-2.615,6.419,17.579,-0.103,-17.322,3.113
52.627,8.032,-9.683,-16.789,1.179,-58.787,-13.425,-18.758,14.21,36.64,-24.492,-17.584
53.078,13.714,-12.273,-14.521,10.34,-46.414,4.703,-8.349,18.876,13.446,5.802,-11.883
54.355,13.84,10.978,-13.984,26.476,-34.368,0.656,0.246,37.046,6.759,0.02,-23.381
53.831,15.098,5.519,-17.317,21.141,-42.201,7.024,-24.344,16.324,22.529,2.037,-25.782
53.719,22.227,17.072,-18.523,29.591,-68.907,-0.886,-2.164,22.796,38.119,-19.923,-12.206
54.002,18.545,-2.035,-20.507,12.503,-63.344,-1.163,-19.16,13.378,36.137,0.559,-20.963
53.181,-5.154,1.366,-26.976,8.395,-68.275,-14.364,-0.558,22.414,11.487,-15.778,-13.712
53.842,16.76,12.12,-11.252,11.607,-48.573,10.361,-7.141,23.76,4.607,1.807,-20.566
53.758,43.782,4.508,-8.816,3.445,-59.839,-7.885,24.086,6.467,37.196,-24.096,-17.943
50.946,54.199,-24.478,-40.162,-12.749,-27.23,-11.87,3.136,16.331,-1.596,-23.635,-15.341
52.015,80.79,-19.975,-16.24,-22.545,-38.566,5.285,-15.062,1.392,10.026,-2.416,-1.637
52.526,52.467,5.819,-40.385,-8.18,-27.378,17.62,-17.572,13.996,6.598,-8.574,-4.037
54.35,19.478,33.568,3.177,0.479,-32.221,53.458,-2.957,16.625,1.235,-5.041,6.409
55.259,44.503,36.743,-17.637,15.789,-30.451,51.072,19.626,20.321,-9.38,-5.895,16.105
54.89,84.081,16.747,-3.882,-18.609,-46.745,9.894,19.902,17.024,6.47,-22.894,-14.425
53.514,102.636,-2.012,-43.865,-21.676,-29.321,2.826,-2.738,-8.933,5.243,-4.616,-21.844
54.441,89.483,2.27,-20.916,-47.919,-32.31,-23.535,-4.759,-14.071,10.941,-4.685,-27.693
55.044,102.734,-1.202,-32.295,-28.016,-35.342,-15.422,-4.273,-29.862,10.212,-6.032,-21.541
55.127,119.478,-2.212,-8.309,7.308,-24.879,-1.441,-7.728,5.739,6.681,-25.545,-0.281
53.191,72.164,-10.416,-29.794,-20.158,-55.575,-7.206,5.336,-3.118,23.008,-20.543,5.121
54.259,70.205,21.231,-55.429,-3.644,-14.65,1.312,46.118,1.399,13.367,-6.591,12.143
54.411,123.831,5.941,-13.43,1.534,-44.64,31.445,4.498,-35.11,10.214,-1.222,-5.09
56.037,89.411,47.296,-6.668,-0.036,-34.053,41.407,5.619,-19.868,-0.375,-10.566,9.048
54.703,46.521,49.351,9.93,-6.861,-32.096,81.273,4.928,-7.477,9.329,-19.863,37.104
54.491,54.629,26.444,-2.301,-3.006,-43.333,55.582,11.471,19.305,-0.146,-10.349,17.46
54.61,97.822,32.222,-7.808,-40.69,-27.374,22.23,-0.358,5.978,0.389,-7.35,-1.028
54.413,103.615,15.744,2.746,-34.374,-33.336,18.085,-12.841,4.554,10.543,-3.769,1.262
55.182,64.949,-3.873,-27.766,16.714,-66.915,-6.083,-0.987,16.483,15.749,-19.17,-7.897
55.134,51.396,-0.595,-28.385,49.202,-50.02,26.767,4.188,47.962,10.6,-25.622,-25.808
55.019,47.509,5.733,-16.84,45.497,-39.132,23.388,22.932,44.865,13.409,-16.938,-28.848
54.796,55.404,2.927,-17.742,37.035,-39.57,26.613,-6.711,37.676,22.363,-13.584,-22.772
55.349,65.423,16.38,-25.87,24.525,-49.458,20.466,7.571,32.611,31.558,-20.961,-28.181
55.308,60.62,30.34,-17.335,28.642,-40.184,14.007,6.484,56.588,11.946,-14.975,-26.374
55.846,77.981,9.573,-6.489,21.627,-44.797,6.648,-10.292,61.637,27.115,-21.132,-23.272
55.404,76.457,21.326,-24.952,13.96,-40.531,5.053,-3.702,52.217,34.776,-19.76,-22.526
55.429,81.654,8.369,-13.178,1.234,-54.18,9.037,-26.076,45.177,24.535,-22.281,-6.561
54.548,66.559,-0.602,-0.926,4.108,-56.129,11.976,3.233,15.653,24.428,-6.492,-1.777
51.93,72.228,1.709,-37.841,-13.864,-28.728,18.38,22.277,14.955,-2.524,-8.68,-0.334
53.26,54.81,23.485,-32.103,2.792,-15.965,48.625,-2.683,21.26,5.024,-10.356,-5.317
54.736,43.473,42.065,-8.298,-13.299,-41.521,59.562,14.992,2.455,-8.421,4.537,24.751
55.394,94.314,14.165,5.339,-8.412,-43.081,29.392,36.456,1.002,0.002,-11.52,24.478
54.901,94.375,-11.497,-0.614,-27.774,-48.206,-28.108,-9.199,15.925,-5.135,-22.872,7.508
55.536,93.868,16.608,-24.542,-10.079,-36.648,-2.076,3.093,5.371,17.69,-7.578,-5.304
55.005,108.253,-5.072,-12.396,1.741,-35.66,-1.273,-15.624,7.923,13.867,-27.387,-0.782
52.993,51.107,-0.968,-12.671,-7.651,-53.16,31.426,-16.1,24.186,27.557,-7.329,-5.003
55.208,56.373,31.413,-20.245,13.679,-21.448,30.994,-8.018,29.499,1.288,-17.405,-36.189
55.921,50.887,28.186,-8.392,23.028,-31.606,45.16,6.08,22.695,8.628,-17.899,-33.371
55.46,67.854,21.878,11.486,11.86,-32.024,15.016,18.96,16.878,-7.703,-27.066,-31.928
53.876,63.446,-12.099,-27.952,2.583,-53.264,-5.089,-4.634,13.133,28.795,-13.75,-5.951
55.834,84.512,26.053,-4.522,11.537,-46.826,19.948,-21.089,17.683,21.631,-20.152,-20.251
54.719,34.567,31.13,0.819,21.187,-69.426,51.957,3.045,31.865,28.16,-16.955,5.579
55.455,50.3,31.399,-5.96,29.899,-46.253,63.006,1.127,44.428,6.075,-8.0,7.947
54.732,57.209,28.012,-1.27,25.29,-48.306,56.719,16.58,33.185,30.915,-9.773,7.203
55.987,55.855,30.13,5.744,38.554,-41.694,33.467,14.905,35.994,12.734,12.316,6.434
55.651,64.757,34.456,-13.479,37.509,-48.988,53.818,9.643,42.002,21.698,-12.165,3.499
55.018,63.435,40.346,-12.088,34.383,-48.134,53.003,28.908,44.301,14.897,-17.347,-2.758
54.951,66.811,42.144,5.982,39.642,-68.061,53.443,18.703,33.125,21.745,-9.147,10.339
55.195,67.636,22.191,-7.885,36.064,-41.488,48.143,-1.457,39.758,21.396,-14.629,8.778
55.103,70.316,30.659,-23.796,31.924,-47.365,49.588,5.366,37.135,15.618,-18.918,16.603
55.507,58.394,40.276,-11.628,32.441,-45.506,58.836,18.948,38.321,34.34,-3.078,7.39
56.235,66.863,23.855,-9.785,24.779,-68.363,29.368,1.367,34.469,14.01,-4.566,11.831
55.71,115.753,19.78,-14.876,-20.734,-38.318,10.86,17.342,10.52,17.781,-18.063,-11.457
54.232,102.471,-27.363,-12.986,27.515,-26.642,7.88,-3.143,-13.575,8.726,-23.985,-5.09
52.084,68.957,-23.396,-22.39,-11.309,-17.286,-8.747,0.748,6.041,-13.181,-20.722,11.317
52.079,64.686,-18.226,8.068,-3.685,-15.094,5.294,3.129,3.341,-0.124,-6.086,12.906
51.899,60.785,-16.254,0.512,-3.361,1.567,-0.389,-5.286,2.098,-10.285,1.964,18.242
50.859,58.421,-34.315,4.993,-9.243,-47.076,-9.513,-10.783,-6.629,12.897,5.312,24.454
51.634,62.06,-24.139,-2.264,-15.06,-2.856,-4.057,2.876,-11.061,-2.156,-5.101,18.314
51.703,68.407,-14.312,-49.772,-0.703,-4.11,-10.146,-1.506,-4.894,2.866,-4.33,15.086
51.842,71.66,-33.019,-0.559,-13.328,-29.177,-16.158,3.713,-5.777,11.516,-12.367,10.14
51.219,69.733,-34.217,5.905,-18.723,-50.618,-12.602,1.798,-4.821,9.589,18.46,8.378
51.527,65.475,-24.863,-16.621,-7.499,-4.374,-8.686,1.201,-0.788,3.925,-6.149,18.419
51.561,55.586,-32.44,-28.439,-6.376,1.097,-12.265,0.38,3.175,-23.684,-12.154,9.531
51.705,55.784,-26.81,-12.536,-13.888,-8.401,-5.721,9.878,-1.274,-4.139,3.292,18.104
52.477,56.963,-20.961,-6.92,-11.98,-31.863,-8.659,-2.209,-9.264,13.077,16.696,23.117
52.296,62.881,-26.592,-9.156,-17.585,-65.237,-17.78,-11.903,-18.157,8.479,-3.967,15.078
52.822,64.912,-48.235,-9.443,-5.237,-39.766,-20.555,1.961,-5.982,5.261,16.139,22.886
54.335,83.104,-7.486,-24.588,-8.02,-1.269,-10.115,2.872,-7.552,-4.539,-16.409,-2.261
53.635,80.386,-6.988,-31.438,-9.913,-10.06,-13.239,6.166,-4.299,7.036,-14.147,-8.194
54.002,92.983,-15.534,-22.139,-35.034,-14.629,-32.953,-34.63,6.68,3.632,-12.965,-17.215
53.865,27.86,18.69,-55.688,43.692,-10.364,18.374,22.965,17.619,14.411,-7.824,-1.471
54.413,67.764,3.559,-2.816,38.061,-44.733,14.601,12.588,32.805,-3.662,-20.203,8.541
55.286,75.867,-0.973,-2.247,21.766,-9.904,6.135,-6.033,0.695,17.747,-20.549,18.935
54.065,77.396,-22.914,9.374,-25.126,17.394,-8.171,-13.09,-5.042,-5.685,-15.253,3.886
53.695,53.834,39.654,-60.398,-3.583,-31.261,16.828,12.255,-11.886,12.523,6.311,-0.158
55.355,77.531,13.039,12.068,-9.925,-27.676,4.799,7.82,-0.377,11.059,-27.608,19.72
52.169,79.081,-40.509,-6.963,-8.861,-33.586,-2.01,-12.186,0.638,11.687,2.333,-1.67
50.715,57.275,-21.565,-27.132,-14.157,-8.655,3.406,-6.472,7.893,-19.717,-9.861,5.278
51.64,67.613,-16.629,-32.202,-4.046,8.22,-1.138,6.145,2.626,-18.938,-4.7,10.739
53.989,131.046,-20.734,-16.029,-52.815,2.482,-34.224,-32.972,2.336,0.485,-24.489,-10.572
53.858,129.795,-23.416,-43.983,-11.771,-24.388,-33.236,-4.36,20.282,7.815,-2.239,18.653
54.355,91.192,25.938,-10.014,-1.716,-12.759,1.852,4.178,10.501,30.192,-29.926,-4.569
51.006,93.808,-28.086,-43.454,8.67,-27.156,21.47,0.474,-10.685,3.954,-9.851,-7.142
54.095,100.006,-29.963,-58.347,31.786,-20.172,-18.88,-1.717,4.99,13.678,-20.035,-11.532
50.13,41.778,-21.458,-30.482,-22.727,-22.686,-19.317,-3.63,2.954,0.855,-5.156,-3.232
54.496,70.14,-18.06,3.392,28.801,-7.126,7.223,13.455,-12.018,18.812,-18.188,-10.025
52.294,74.892,-25.6,-60.651,21.652,-13.852,-0.264,-8.405,-12.885,25.004,-25.361,-0.405
54.597,97.252,-14.094,-9.493,20.819,-25.817,-3.956,-10.109,-15.385,27.019,3.952,-5.861
54.415,104.977,0.297,3.869,-20.937,-13.242,-4.505,-18.818,3.175,-0.541,-47.577,14.19
53.264,51.51,-24.772,-36.33,7.656,25.698,-3.733,15.12,14.328,-23.96,-25.105,3.586
52.931,120.452,-13.906,-51.737,26.062,-27.473,26.891,-65.615,-22.076,24.336,-20.163,0.761
55.523,43.837,60.393,6.682,-18.333,-35.219,51.627,22.836,-44.337,-13.263,-5.951,3.666
55.781,55.504,55.169,7.132,-11.264,-31.625,41.161,4.119,-11.328,-2.194,-9.97,15.689
55.394,67.651,41.207,3.533,1.806,-63.445,52.875,6.784,10.812,35.264,-16.271,16.157
54.945,106.73,-10.101,6.106,14.471,-53.63,-2.061,6.008,7.078,13.38,-4.441,14.244
51.526,70.706,-41.987,-23.057,8.832,-30.222,12.272,-17.765,-8.313,-18.96,-25.184,22.876
51.109,34.985,-24.314,-10.773,-19.357,-14.95,6.779,-13.107,-8.679,-2.914,5.306,16.435
49.981,27.215,-23.179,17.692,-9.688,-30.864,16.559,-10.502,6.441,1.827,-19.159,11.092
49.767,32.238,-31.204,-29.075,-23.448,-9.412,0.09,-6.396,2.855,-14.896,3.55,8.722
50.671,34.371,-38.895,-8.951,-16.935,-25.182,-4.186,-9.961,15.155,-0.854,-5.345,4.925
50.847,26.753,-26.198,-48.904,11.576,-24.34,13.876,19.333,13.889,-0.643,-10.401,-8.442
54.614,63.177,21.076,-29.775,48.409,-19.089,42.034,16.658,4.31,13.867,-9.825,11.216
54.36,68.398,-18.558,-8.908,18.548,-3.894,-7.62,-9.849,-0.93,14.561,9.655,17.306
54.003,91.69,4.637,-16.174,-14.813,-26.698,-4.849,0.737,-3.065,0.196,-27.708,-4.918
51.815,57.492,-18.133,-33.81,-10.932,-31.98,-24.03,-5.747,-6.666,10.13,-5.461,15.856
51.91,103.44,-57.363,-29.003,-14.891,-60.104,-8.391,-3.617,3.148,1.477,13.318,-2.937
53.835,123.169,-34.629,-57.501,0.814,-33.122,-16.01,-18.701,-17.242,27.757,-9.711,10.5
53.047,92.426,-42.134,-4.254,8.085,-19.549,-2.414,-30.746,-15.745,15.578,-24.331,22.604
54.182,76.01,-1.534,-28.623,16.177,6.962,5.336,33.064,6.36,-9.865,-13.749,12.761
53.298,110.442,-36.543,3.285,3.843,0.267,-4.812,6.311,-17.296,12.802,-9.978,-6.639
54.223,71.654,36.92,-37.437,34.509,-9.686,38.726,1.941,9.189,32.998,-12.613,11.12
55.91,104.118,34.881,-17.734,-19.797,-36.631,6.818,36.723,18.816,-10.551,-15.507,-9.606
55.143,95.897,10.406,-5.531,8.106,-32.82,-10.348,-25.633,0.438,34.038,-30.284,-1.992
54.606,59.286,10.825,-25.986,43.334,-32.877,10.013,3.78,9.967,3.196,-14.918,-17.148
55.174,48.932,16.884,7.457,15.257,-67.841,23.4,-0.014,-22.898,7.797,-14.289,-22.511
54.62,37.475,29.479,0.663,3.558,-35.771,5.788,30.379,-24.743,7.093,-17.247,-12.748
52.022,71.683,-34.847,-9.976,-0.857,3.132,-16.038,17.567,-1.311,-5.001,-1.555,8.726
50.497,67.138,-29.295,-4.792,-31.501,-34.603,10.441,-6.309,4.648,8.543,-14.783,7.079
50.241,63.033,-33.865,-36.073,-25.679,-32.484,0.559,-13.9,-11.197,21.994,-37.326,21.546
52.191,64.913,-19.543,-11.907,-8.186,-3.072,-3.78,14.312,-2.009,-18.09,3.61,24.113
51.69,74.82,-32.196,-40.947,-1.274,-18.514,1.705,7.285,-19.645,-3.501,-22.237,5.961
55.089,50.534,15.195,-33.408,41.822,-19.385,20.33,19.042,35.465,17.869,-17.514,17.066
54.699,67.449,-3.487,-29.217,36.999,-24.803,-20.522,9.897,59.385,11.849,-22.552,-6.843
54.333,92.646,-7.495,-39.075,0.224,-26.357,-13.709,23.486,28.162,-6.054,-8.335,-8.84
54.555,117.079,-9.523,-8.905,0.341,-14.437,-22.095,-21.899,11.79,30.904,-22.55,10.695
55.627,73.431,32.82,-27.527,-11.465,-12.871,18.488,31.683,-9.565,18.12,-8.751,14.538
55.708,98.319,-17.43,1.17,0.884,-21.889,-24.315,-7.618,8.225,4.256,-9.316,1.273
52.772,141.786,-33.227,-66.028,-9.885,-24.457,4.798,-27.009,-8.167,9.396,-11.188,-0.87
53.706,65.345,-1.244,-27.195,10.357,1.841,-12.939,17.687,2.634,-7.569,-17.199,10.014
53.267,100.248,-9.298,-9.725,-41.594,11.284,-18.357,11.242,10.663,-19.507,-10.328,-12.892
53.719,63.729,19.563,-66.685,21.828,-39.971,25.533,8.556,-11.169,8.609,10.993,12.793
56.319,95.672,34.546,-0.919,-24.021,-42.162,15.093,-0.27,-6.369,8.183,10.555,13.605
55.663,73.551,40.065,0.071,-22.776,-47.927,39.329,2.904,3.112,-1.157,-6.224,12.804
55.653,86.482,46.108,-15.605,-12.686,-32.557,44.07,11.082,2.706,7.485,-7.929,9.78
56.372,79.743,34.217,-4.707,-7.812,-55.29,11.38,5.107,-3.826,-3.923,3.272,22.748
56.01,88.251,37.928,-0.661,1.032,-34.496,24.889,7.438,11.985,7.331,-9.299,22.023
55.979,78.195,35.675,-12.519,-1.551,-41.07,13.324,3.746,15.884,20.651,1.355,14.229
55.981,86.099,25.868,-23.595,7.325,-30.925,16.222,8.702,15.843,16.988,-9.806,25.643
54.67,81.457,-10.882,2.732,5.466,-41.049,3.635,-6.395,31.938,27.724,-11.159,23.922
53.192,53.745,-10.699,-18.295,5.64,-37.887,19.525,-5.4,16.237,11.112,-7.508,21.028
52.393,48.694,3.91,-24.834,-7.462,-28.175,26.815,10.286,-5.343,-4.801,-21.273,28.244
52.494,68.386,-27.568,-34.479,-13.889,-27.578,-2.617,22.976,-2.397,-8.503,-5.094,12.359
53.289,57.024,-16.504,-44.875,-2.2,-48.69,3.914,-5.723,12.034,18.079,-4.538,-10.289
51.883,71.3,-36.324,11.117,-18.399,-55.193,0.44,-0.938,1.557,-0.792,-32.248,-4.576
48.96,44.215,-30.474,-30.695,-21.66,-4.31,3.163,-9.858,8.838,-7.788,-16.569,16.594
48.349,37.576,-27.731,-33.914,-32.742,-29.956,-2.395,-12.142,7.551,-1.006,3.482,4.73
49.225,23.508,-37.478,-19.656,-27.235,-71.947,-14.162,-11.287,6.575,18.999,-18.544,6.645
49.229,33.218,-34.664,-31.78,-23.752,-11.798,-0.629,-4.331,18.049,-5.42,-14.531,6.162
49.361,41.679,-33.234,-9.592,-27.082,-75.638,-13.214,-14.523,-5.083,30.253,-17.334,18.119
46.62,33.279,27.692,-28.298,2.569,-31.1,-2.15,-7.106,11.063,8.585,-3.556,24.533
50.274,41.751,-16.268,-13.705,-11.798,-7.568,15.694,-9.886,13.386,-11.556,-25.303,12.638
48.62,0.381,-8.918,-43.339,-15.997,-42.823,21.057,4.36,14.478,-9.633,-7.107,16.3
49.568,18.346,-36.501,-9.202,-21.402,-86.276,-7.356,-3.02,6.753,21.561,-16.09,18.637
48.909,14.006,-31.388,-41.804,-22.322,-14.803,4.517,2.441,17.12,-10.211,-21.949,17.291
47.883,23.13,-31.075,-24.494,-19.309,-11.733,4.183,6.122,15.297,-13.845,-20.133,14.921
45.58,16.893,-9.302,-30.249,-28.7,-34.459,-3.735,2.703,-1.728,7.323,-3.875,15.118
44.799,3.184,-5.447,-43.988,-26.112,-32.421,-21.832,-7.086,-13.066,3.591,-0.889,11.441
47.972,15.949,-25.516,-40.913,-21.058,3.956,2.799,4.833,4.897,-19.502,-27.213,11.832
47.035,9.801,-59.501,-18.922,-22.859,-33.025,5.238,-22.68,1.181,3.202,-2.259,7.316
47.454,20.552,-40.654,-50.528,-23.845,-9.135,-1.851,5.521,15.387,-15.092,-20.751,9.532
47.54,28.44,-38.678,-30.306,-30.049,-0.462,4.246,-9.307,12.677,-9.583,-27.916,10.03
48.325,16.935,-54.637,-7.238,-18.995,14.845,8.081,-15.968,19.908,-20.897,-13.721,8.932
45.198,-1.374,-22.506,-8.646,-23.2,-46.046,18.919,-23.618,8.738,1.152,10.352,17.863
45.552,-42.092,44.781,-13.504,-25.246,-44.121,18.4,2.074,-18.22,-9.876,5.528,13.066
47.292,-35.135,-24.898,-34.358,-19.337,-16.156,18.864,13.557,7.242,-31.175,-31.087,15.444
47.49,-13.508,-28.755,12.201,-16.229,-47.951,26.166,-35.714,22.731,18.468,3.244,16.592
48.279,12.583,-50.939,14.069,-6.408,-26.939,14.288,-39.479,15.863,9.545,5.13,7.359
47.949,-11.322,-44.724,-11.404,-6.254,-0.491,33.63,-10.151,32.095,-31.209,-25.949,22.133
47.812,-21.505,-29.497,44.82,-16.11,-79.428,15.486,-35.202,6.792,19.561,-38.674,23.442
41.902,-68.367,43.972,23.129,-21.558,-12.193,38.438,-18.085,-15.156,-28.95,-13.078,13.411
41.176,-79.632,43.836,24.386,-41.093,-44.915,53.783,-2.03,-38.658,-4.487,-3.688,28.299
42.723,-31.235,39.885,-50.996,-33.476,-34.528,42.965,46.088,-12.312,-22.063,11.353,27.374
50.291,39.304,23.257,-51.936,-10.969,11.017,40.958,13.976,2.306,-1.483,-18.723,26.269
52.758,66.81,6.503,-37.156,-14.438,-29.719,18.882,-13.24,2.457,9.687,-15.903,19.913
52.854,47.616,-3.063,6.398,-4.196,-13.51,4.548,-6.007,-2.868,-7.82,4.03,20.605
49.499,53.564,13.18,-21.379,-15.918,-10.773,-31.065,2.746,-10.968,-15.704,-6.97,11.963
50.374,68.864,20.28,-40.613,-11.102,-11.124,-3.202,2.808,2.39,-2.288,5.922,10.88
49.831,47.648,17.764,-50.809,-23.501,-30.659,-6.618,5.654,3.125,-2.016,0.817,8.328
51.627,32.395,2.038,-30.43,-21.409,-9.172,25.341,11.976,2.796,-8.466,-0.119,28.352
53.026,71.819,17.902,-20.232,-25.814,-44.799,23.487,2.165,4.683,8.908,-8.26,19.622
52.333,54.379,-9.941,2.362,-22.258,-38.741,17.171,-18.785,-4.934,2.976,-25.05,21.057
51.877,28.909,5.74,-20.459,-14.136,-8.683,22.077,9.689,2.599,-13.108,-12.831,33.272
49.992,26.492,7.206,0.574,-8.499,-20.332,-4.499,-16.236,1.797,-8.055,-11.15,20.26
51.814,70.335,22.315,-13.551,3.532,-35.017,-4.399,-14.002,6.536,10.396,5.194,22.09
51.064,47.687,36.571,-31.752,27.226,-3.482,-26.904,-2.738,13.916,-10.656,0.327,13.702
51.996,24.832,0.71,-21.559,3.715,-1.969,-3.21,-3.949,5.109,4.987,-21.353,9.065
53.066,40.641,3.342,-41.225,-3.613,-14.881,-9.192,-7.155,15.42,-11.394,3.492,-3.133
53.945,40.483,3.478,-12.832,-15.384,-51.236,4.279,-3.919,-11.141,15.291,-15.484,5.922
53.31,38.541,1.647,-2.168,-6.116,-23.534,1.432,-10.779,-1.55,3.437,-17.476,12.576
52.017,15.462,5.155,-15.915,-0.98,-8.201,-4.044,-7.108,9.166,-7.096,-28.227,9.811
50.418,22.57,9.185,12.461,6.284,-26.525,-16.746,-21.72,4.791,2.719,-8.825,-3.877
51.943,63.349,32.03,-9.131,16.752,-21.017,-21.336,-8.553,8.716,2.797,-2.9,7.27
50.742,59.323,29.914,-37.692,3.556,-24.118,-11.569,3.277,11.234,-6.549,0.79,20.504
52.558,50.027,-6.501,-13.121,-13.758,-18.769,12.031,10.787,-3.289,3.726,-5.435,25.918
50.923,9.11,-22.83,6.231,-17.082,-4.557,15.503,-26.967,-4.154,-22.977,-46.163,37.467
50.193,0.19,-15.205,-13.83,-26.31,-1.092,3.908,-18.945,-5.716,-25.576,-38.582,24.894
47.203,-40.964,9.918,-97.092,-4.878,-22.486,28.737,60.656,9.569,-26.306,-22.478,23.993
47.286,10.208,-45.53,58.907,-14.497,10.55,18.202,22.636,15.17,-38.236,-47.139,34.08
