0.224,167.161,-0.379,-30.735,49.773,-50.836,21.262,7.419,-25.139,3.285,-10.898,-9.793
46.29,54.874,-21.519,20.331,-20.313,45.975,14.594,22.893,1.683,3.417,46.645,-1.673
44.845,89.023,41.773,-119.434,-20.269,-15.725,5.355,48.339,-7.12,-1.796,-2.888,0.064
51.904,103.306,-7.81,12.264,-7.76,5.86,6.002,19.959,-8.479,10.279,-8.611,14.132
48.912,130.626,31.425,18.357,-34.384,-4.347,13.542,0.237,-3.507,-6.546,-28.503,12.568
48.466,79.749,7.899,-28.647,-25.434,-1.459,18.598,26.276,-14.297,8.888,-16.37,6.457
48.187,95.799,15.894,-13.776,-14.489,-22.285,30.534,-0.227,-0.204,25.082,-25.176,-6.464
51.052,106.274,-4.138,13.782,-5.992,-9.476,6.463,24.571,-3.354,0.322,-3.243,20.048
47.996,84.815,5.155,-24.897,-17.92,-19.552,21.973,6.173,-17.403,4.712,-18.267,2.294
48.821,102.088,12.462,0.028,-31.592,-7.598,6.68,6.928,-8.688,-18.65,-17.97,3.53
47.839,95.741,2.994,-18.562,-50.766,-9.113,5.958,16.569,-13.728,1.987,-5.36,6.787
50.003,106.366,-6.542,14.595,-22.321,-5.873,-1.822,16.784,-14.636,-4.476,16.598,-1.281
47.692,99.699,9.119,-13.238,-54.74,-27.823,12.727,-4.567,-25.27,3.817,-9.75,3.351
49.794,94.92,6.062,-0.49,-33.761,-32.418,21.398,12.963,-15.818,1.5,0.665,8.184
49.706,84.321,14.82,2.091,-34.911,-35.537,8.87,8.866,8.449,-5.095,-20.541,6.806
50.379,108.166,-7.945,14.314,-12.748,-34.464,-7.45,13.63,-8.327,-3.293,5.522,1.249
47.819,96.536,15.082,-20.581,-31.972,-18.302,12.033,-3.952,-17.945,12.869,-24.643,-11.005
49.697,94.715,-14.339,-24.847,-37.907,-35.168,0.559,40.241,-15.207,-2.293,14.101,5.469
49.045,115.297,-14.915,-22.698,-24.769,-34.456,7.506,7.288,-8.17,3.171,-19.411,-2.228
49.99,94.026,-4.359,-21.43,-10.085,10.865,17.718,18.165,-11.987,-1.419,-22.95,2.205
47.951,118.282,24.419,7.405,-11.379,-25.205,33.653,-9.151,-15.78,-0.431,-26.088,22.498
49.211,80.669,3.455,-1.468,-32.633,-5.666,24.663,25.684,-19.197,14.898,-5.135,13.353
47.218,106.445,21.297,-15.592,-20.901,-16.073,26.123,0.515,-6.374,4.713,-25.214,-5.366
47.65,104.718,20.921,-51.777,-22.738,-12.303,13.607,25.131,-9.938,-1.952,-30.519,0.038
48.661,86.851,-3.668,-19.324,-28.984,-12.829,19.397,5.446,-11.159,12.435,-21.255,3.883
47.176,106.885,3.597,-40.494,-36.934,-14.546,9.864,14.732,-2.071,-18.791,-18.195,-1.106
48.344,84.579,4.51,-21.954,-51.905,-2.645,17.121,20.419,-38.857,14.582,-19.932,2.961
46.89,114.654,22.254,-53.587,-22.491,-3.282,3.893,11.307,-18.779,10.257,-20.195,6.834
48.032,92.467,8.013,-37.16,-30.485,-21.87,14.351,-24.559,-11.861,9.59,-11.642,1.299
50.297,106.779,4.138,1.683,-16.142,-1.298,25.964,13.852,-9.474,-0.826,12.547,7.612
49.867,108.346,-16.721,-7.334,-3.286,-28.038,-0.602,8.765,-15.15,1.644,4.951,-0.518
51.254,115.487,-13.578,-27.973,-27.723,-39.637,10.272,28.055,-7.051,-25.261,-2.194,10.657
52.446,100.819,-8.763,12.772,-5.393,-41.51,7.186,19.096,-2.484,1.158,-15.436,22.973
50.198,151.038,34.182,23.39,-36.0,0.219,25.348,-12.37,-15.708,-8.46,-23.504,30.918
48.933,84.507,-8.76,-6.59,-25.953,-15.069,23.123,23.452,-20.454,2.701,0.517,13.131
47.362,112.789,17.888,-10.294,-32.314,-24.531,22.395,-8.799,-19.333,3.585,-16.664,-1.392
51.194,109.508,-5.779,20.741,-10.085,-33.129,4.32,8.272,-5.571,-11.067,-8.035,9.05
49.778,73.795,-4.868,-2.855,-40.257,-23.308,3.426,14.99,-7.839,-1.213,-23.89,-3.392
48.785,119.187,14.438,-23.385,-26.512,2.893,11.882,1.709,-0.657,-17.73,-12.224,7.004
48.896,93.62,17.768,-55.19,-35.449,-3.453,15.186,21.142,-4.892,6.614,-14.525,2.306
48.461,122.976,9.74,-43.366,-30.149,0.661,6.474,-1.557,-12.089,-8.148,-24.983,6.153
47.887,111.271,-3.682,-39.311,-43.075,-39.699,2.199,5.164,-6.452,-2.911,-5.382,-3.447
48.361,90.145,12.747,-3.916,-43.23,-46.139,18.813,14.252,-31.957,-1.389,-1.507,8.974
50.005,85.718,-7.976,-9.497,-26.779,-39.751,15.508,19.709,-1.786,-14.745,-8.389,9.682
48.653,74.3,11.321,0.049,-32.326,-41.034,25.597,17.316,-9.637,12.196,-2.392,14.387
50.202,93.813,-7.683,15.755,-15.721,-44.832,-3.164,12.906,-7.9,-9.144,0.608,7.152
47.482,80.857,1.644,-20.762,-25.684,-33.239,8.285,-1.864,-3.187,6.187,-10.178,-14.274
49.399,93.195,-18.288,-23.21,-36.179,-34.296,-3.429,37.634,-1.76,10.704,12.943,-0.09
48.355,123.098,-11.971,-38.45,-15.289,-28.877,8.385,4.619,-5.917,8.173,-15.333,-5.521
51.07,112.553,-8.939,-6.099,-11.594,-5.201,4.473,14.577,-18.304,-0.992,-5.71,0.586
49.356,130.437,29.533,-38.972,-17.417,-6.934,15.348,2.559,-21.127,12.553,-16.996,14.616
50.283,103.403,5.231,9.165,-7.333,-3.021,20.364,13.069,-28.965,2.273,-13.408,19.868
49.817,91.917,25.182,36.247,3.423,-31.038,9.391,5.128,1.26,4.242,-3.446,4.215
50.222,132.232,13.442,-16.367,-15.028,-17.468,19.451,31.357,-3.427,4.67,4.872,12.389
50.144,121.554,10.27,-23.984,3.402,-12.489,20.442,24.992,-3.565,27.545,-13.208,6.183
49.115,134.421,14.829,1.253,-24.018,-22.177,16.585,9.544,10.252,-1.215,-13.719,28.828
50.377,109.183,-7.741,21.478,-21.075,-3.519,3.601,1.289,-29.726,1.879,14.654,10.764
50.266,114.609,-3.702,-15.28,-25.066,-19.531,-17.911,-1.5,-11.762,2.019,24.963,2.278
49.459,106.618,-16.077,18.345,-20.247,-51.763,-14.162,-9.845,-11.247,4.726,0.269,6.306
47.803,126.528,24.52,-7.452,-24.502,-31.919,-0.068,-7.407,-6.828,12.445,5.824,5.508
49.054,73.432,1.605,11.79,-34.876,-47.916,-26.098,-13.34,-29.019,3.068,-1.607,21.356
52.233,96.175,32.796,-31.953,-4.617,1.679,-12.612,24.928,-3.614,7.997,19.669,-4.873
51.536,111.342,29.479,-1.308,-33.721,-27.342,-23.292,-4.319,-16.566,12.816,7.873,-6.201
51.631,120.068,42.608,-20.864,-19.538,-29.508,-6.37,0.635,-5.746,19.727,-13.889,-2.587
51.701,114.431,48.768,-39.548,10.422,-19.436,-23.306,10.479,-5.684,2.007,5.134,-17.853
54.227,122.079,17.096,-11.025,-30.657,-23.84,11.037,22.24,-10.492,-8.373,-6.107,9.127
49.507,110.95,5.71,-30.412,-23.341,-14.832,-9.066,-11.678,-17.304,8.365,-16.121,-5.877
52.734,124.485,13.33,6.012,-34.525,-27.513,-19.73,-8.009,-10.897,-9.888,-12.218,-14.591
47.813,66.128,-7.972,6.857,-52.353,-55.524,8.084,8.556,-5.517,-9.896,-2.133,7.502
48.744,101.603,-19.483,11.762,-17.548,-53.971,-7.391,-6.238,-20.256,-13.505,-13.51,1.563
45.79,63.416,6.466,-13.723,-46.045,-17.842,6.831,2.59,-6.932,6.098,-20.074,0.464
44.575,87.325,-6.894,-20.513,-18.883,-35.15,16.339,3.39,-11.758,-5.623,-9.143,-4.131
48.633,134.175,15.878,-42.634,-35.063,23.117,-15.294,-33.876,-9.726,-23.43,2.843,0.214
53.878,123.086,31.691,1.972,-10.5,-38.808,-9.181,16.907,9.601,-3.244,0.946,10.284
52.295,159.129,47.885,-4.476,-19.825,-17.358,-20.411,10.332,-7.42,6.674,-0.99,-0.248
51.924,113.465,47.132,7.596,-30.08,-32.157,18.535,-20.28,-4.677,20.749,-6.079,16.751
50.533,61.805,5.149,31.551,-7.86,-35.105,4.297,-7.041,8.296,32.832,-14.362,20.19
52.672,129.916,58.608,-25.918,4.131,13.177,1.208,44.303,14.093,-13.003,25.393,7.478
51.728,126.516,4.078,47.85,-36.352,-48.885,-16.111,-15.954,-12.768,-9.266,-23.098,10.395
49.566,67.879,22.245,-16.696,-13.564,-2.569,2.298,33.693,-6.381,-0.659,-14.337,-6.984
50.465,126.91,28.292,-19.273,-43.223,14.512,-14.191,37.268,-1.699,-12.653,10.318,-24.064
49.375,127.086,20.356,26.089,-67.095,-18.672,-11.843,-27.16,-7.363,8.054,-35.042,-18.658
50.902,86.219,5.099,41.726,-16.111,0.623,4.275,-8.168,-2.732,-0.004,-13.602,2.402
46.712,86.29,3.194,-37.365,-28.537,5.394,10.297,20.391,-6.148,-11.54,-25.111,6.208
46.311,64.017,-1.076,-8.322,-45.565,-21.191,8.784,10.451,-0.609,6.106,-0.145,-2.28
46.931,77.357,-13.703,-19.174,-54.575,-57.195,-0.695,37.307,-12.008,-11.692,4.894,16.609
48.779,91.449,-25.782,16.318,-24.091,-61.008,-10.059,-14.212,-9.468,-14.843,-9.767,-5.122
47.24,77.356,-3.12,-25.582,-37.273,-22.187,15.718,17.492,-22.541,-3.981,9.95,14.552
49.452,89.345,52.778,-41.153,-20.365,4.383,35.196,6.605,-12.106,9.1,-16.493,19.929
49.11,91.348,45.281,44.533,8.062,-48.615,23.575,-7.077,22.592,5.591,-20.335,19.043
49.658,108.571,1.911,-1.473,4.129,14.492,13.327,24.44,-8.725,-17.024,-6.635,4.658
51.528,52.995,53.965,-50.615,7.563,-18.717,4.851,31.02,-25.228,23.028,7.597,-22.783
53.335,146.914,5.434,12.658,-31.841,-26.313,-38.782,-12.033,-3.734,5.797,-14.786,-26.031
50.328,97.16,-4.714,5.141,-6.642,8.2,3.402,33.832,-9.163,3.038,-0.043,-2.735
51.029,114.725,26.598,-29.75,-19.051,-12.244,-33.4,9.032,7.499,5.108,-5.706,-30.077
50.64,120.297,54.821,-13.423,-22.373,-8.929,9.968,-2.951,12.691,11.853,-20.644,1.446
48.19,106.886,24.115,-9.34,-26.069,-17.073,1.61,1.019,-13.883,-7.233,-18.057,1.216
51.017,93.207,13.376,-14.299,-41.122,4.19,-19.151,21.64,-6.46,-26.17,-23.053,-16.598
47.503,80.141,-13.795,10.471,-66.384,-45.382,-16.193,7.08,-22.529,7.461,-0.463,1.893
47.272,94.51,10.838,-33.714,-10.943,0.013,-3.565,27.765,-13.548,-10.75,-31.278,-0.943
49.656,34.487,38.315,-7.855,40.286,-12.597,-10.025,36.603,9.841,1.682,-22.928,13.323
50.503,97.475,42.898,-44.205,-2.091,5.725,20.247,0.955,-14.739,11.788,-12.054,-2.249
49.681,64.21,19.079,12.384,5.566,-34.215,41.511,41.003,6.273,-4.86,-1.016,28.445
50.793,80.879,24.575,-4.82,-0.577,6.055,-13.098,22.319,-1.358,-10.685,-11.482,-5.81
51.198,81.162,24.887,16.259,-27.619,-27.795,13.205,-20.528,-2.004,24.313,-29.067,3.083
50.143,98.658,14.042,35.309,8.603,-26.76,25.439,-11.739,37.056,6.585,-21.608,-2.117
50.217,69.348,31.074,-33.789,-22.981,1.142,44.746,21.734,-4.693,10.371,-3.556,10.22
50.364,78.069,67.685,17.429,-42.752,-43.583,48.216,1.781,-20.35,0.061,-5.067,19.332
51.687,93.273,30.907,2.549,-22.311,-13.526,31.86,16.905,-26.503,-5.864,2.243,24.775
50.456,83.697,73.699,13.354,-34.403,-36.039,51.763,11.741,-26.548,19.103,0.987,41.353
48.058,52.56,6.643,12.889,-25.717,-43.284,20.678,22.506,0.365,1.333,-3.943,0.616
49.349,98.832,-30.215,5.538,-20.051,-45.878,-1.819,-5.877,-22.061,-13.236,-5.766,4.535
46.205,52.888,-3.717,-4.801,-51.635,-19.57,11.053,8.728,-9.228,2.667,-4.229,2.942
46.048,115.504,-27.002,-43.917,-7.329,-29.032,12.522,-3.531,4.969,-13.95,-3.676,-6.543
48.282,81.535,-6.199,-2.156,-38.764,-60.166,-11.548,16.231,-19.486,-10.985,1.021,1.459
46.415,55.184,-22.167,-6.365,-26.884,-77.968,-29.498,-11.319,-17.6,3.029,-8.558,-0.47
46.977,52.137,-7.622,-25.757,-8.781,-4.408,-4.9,4.455,-9.537,0.254,-38.3,10.468
49.12,72.297,19.284,0.726,-27.282,21.011,34.302,-1.977,-9.502,-8.324,9.35,14.445
50.592,65.99,37.414,-41.653,-9.775,-18.459,42.59,-1.054,-6.962,-4.588,1.197,6.886
51.964,96.251,64.608,4.598,-34.289,-9.103,38.451,10.261,-21.033,1.261,4.848,22.14
50.801,69.943,33.093,35.547,-12.773,-19.526,7.36,-6.874,-13.725,19.055,-17.379,11.064
49.672,43.728,19.334,-18.079,0.007,-16.579,19.081,27.759,29.68,9.71,-19.272,3.307
48.442,62.509,20.503,-23.139,-39.25,-21.778,9.807,-10.376,1.401,10.797,-4.45,-7.086
52.783,100.852,27.864,-30.129,-21.998,-12.519,36.848,46.572,-7.017,-8.165,6.373,15.899
50.612,113.814,20.844,16.135,-0.999,-34.583,40.401,20.181,-13.284,18.172,-26.986,32.255
50.667,102.274,-17.267,42.337,-26.806,-13.052,-21.783,0.835,-12.638,7.182,-8.876,-8.678
46.891,68.187,-5.115,1.16,-43.47,-15.029,17.34,10.476,-6.517,10.19,6.623,1.535
49.275,90.99,-23.403,15.629,-18.253,-55.581,0.108,-7.698,-19.556,-11.58,-10.994,3.732
46.851,46.232,-20.333,9.961,-48.019,-28.722,4.122,20.268,-12.567,8.178,7.124,-0.125
49.394,81.521,35.66,28.118,-45.345,-22.128,45.107,25.945,-26.566,0.354,-20.224,48.763
49.445,156.403,28.267,-78.46,-41.49,-16.604,-16.234,19.905,-13.493,8.607,-13.606,-7.532
48.849,136.36,16.313,51.415,-23.284,-14.05,-29.926,-34.377,-1.278,6.266,-32.451,-13.993
45.639,67.935,16.045,-37.508,-31.13,-24.489,9.267,2.829,-13.177,11.912,-9.576,-5.14
50.975,101.179,11.363,3.325,-27.464,8.221,12.213,-2.263,-3.036,4.217,-1.645,-9.605
47.79,127.965,-5.497,-30.511,21.03,-49.079,29.96,7.1,-36.63,-3.754,1.012,24.566
52.089,115.282,20.099,-28.794,3.882,-4.172,-25.547,11.759,2.818,-2.494,-15.905,-1.5
50.584,116.608,28.073,23.624,-10.055,-22.357,-17.584,-29.319,-4.545,4.935,-18.017,-0.015
50.394,86.973,19.223,-18.975,-37.576,2.461,13.581,14.523,-14.924,-11.359,-14.93,-0.89
50.751,116.542,37.162,-26.057,-26.627,-3.954,26.138,-1.4,-5.854,-7.677,-11.817,20.136
51.224,113.209,-11.628,18.694,-45.327,-27.202,-30.732,-0.048,-12.951,-15.873,-13.591,-4.699
45.923,90.216,-4.266,-12.732,-19.33,-24.775,8.357,-8.621,-11.508,-22.074,-18.689,-8.221
44.959,61.209,19.419,-21.738,-34.4,-5.979,20.166,3.39,2.2,-3.277,-23.389,-5.743
47.159,73.176,4.136,-41.744,-25.67,2.388,15.334,29.4,-10.412,-15.144,-20.537,2.023
45.922,66.003,-4.134,-9.805,-51.629,-20.763,5.322,0.762,-18.006,15.103,-19.124,3.839
44.916,78.37,-4.75,-34.088,-23.024,-44.015,14.674,-19.934,-1.277,10.167,-6.523,-7.626
46.252,65.143,1.118,-14.889,-63.124,-36.231,-1.679,20.769,-11.485,-4.293,-0.369,-1.686
48.319,91.635,-23.506,31.502,-22.134,-52.06,-6.547,-3.215,-16.165,-11.689,-0.318,-2.859
46.568,82.387,1.142,-6.418,-42.079,-48.529,13.071,19.766,-1.461,-12.037,2.848,-4.116
49.581,123.656,-0.796,38.851,-48.375,-3.223,0.082,-16.493,-3.867,12.52,-21.714,14.804
50.319,78.767,9.769,13.185,15.881,21.44,0.321,52.436,-6.843,-9.528,6.97,6.897
49.861,108.268,53.154,-27.271,-1.487,-21.618,40.474,-34.032,-22.3,18.714,-6.599,11.415
53.587,80.623,29.796,9.987,23.226,-53.498,47.678,15.969,13.896,4.835,-1.244,34.366
49.366,89.649,-25.386,26.369,-14.614,-60.109,-14.952,-1.848,-14.314,-13.669,-3.516,-1.595
44.58,82.757,29.158,-27.686,-34.287,-32.772,6.921,1.041,-7.145,4.535,1.407,-14.263
48.319,52.91,-4.799,-18.363,-40.57,-41.854,13.23,8.88,-17.718,-8.725,6.765,2.926
49.047,88.973,47.352,-19.586,-32.238,-15.526,23.391,-0.335,-15.0,-3.815,-19.361,2.155
50.391,118.991,-17.177,9.67,-8.718,-59.982,6.551,-8.302,-17.181,-22.338,-0.216,1.363
51.477,103.97,58.643,-13.501,-37.787,-2.287,28.447,4.403,-13.392,-5.75,-21.183,12.423
50.774,48.807,73.098,6.115,21.031,-25.024,75.037,16.299,2.997,10.011,-3.636,26.558
51.563,77.541,54.025,-21.762,-4.633,-37.522,51.129,30.685,21.178,0.569,-3.867,38.232
51.858,85.714,24.466,23.922,4.739,-26.2,-2.384,9.145,9.952,16.759,-29.911,21.382
49.175,100.958,30.277,6.733,6.022,0.888,1.291,15.511,-19.984,13.868,-9.579,7.441
49.673,105.738,57.617,3.366,-12.199,-17.103,17.062,6.965,-13.516,3.755,-12.015,7.86
48.734,137.21,4.808,-29.38,2.157,-30.687,31.674,-1.43,-8.852,-6.541,-13.194,8.577
50.51,52.97,77.397,-2.766,-26.462,-15.919,39.824,3.06,-15.291,15.451,-10.673,21.876
51.021,78.791,87.998,4.069,-11.26,-29.752,34.81,-0.114,-3.197,11.074,1.827,16.552
51.839,102.26,44.458,4.331,10.684,-21.919,13.894,9.595,6.898,-3.851,-15.456,23.111
50.753,115.112,17.867,23.252,-2.997,1.391,14.39,-16.954,7.965,8.377,-13.618,5.678
51.655,137.542,51.707,11.97,-36.273,-21.948,22.248,7.787,-6.413,14.36,-4.332,0.476
51.987,94.267,30.908,-4.601,-49.722,-35.186,30.026,11.577,-16.903,-2.865,0.716,24.483
51.477,79.851,36.382,24.955,-25.63,-33.23,31.803,8.957,-29.83,-8.821,6.833,25.816
48.687,104.698,28.504,13.406,-32.712,-25.142,6.014,9.308,-1.954,-4.275,-20.891,-1.218
47.295,83.559,-10.446,-17.759,-30.664,-26.867,14.251,20.633,-11.186,0.797,11.028,-6.319
48.39,87.033,-13.365,15.857,-36.167,-40.348,-5.672,-11.01,-17.049,0.771,6.016,9.289
47.984,95.849,-18.36,-23.912,-30.251,-44.736,1.949,43.353,-3.215,-14.624,-0.839,3.595
47.437,85.156,-8.486,-13.02,-60.292,-50.173,-0.937,15.409,-15.752,-1.066,3.316,-2.009
49.249,122.251,-8.218,16.103,-6.773,-28.705,-1.188,16.373,-21.972,-5.175,7.397,6.477
48.108,104.037,3.098,4.02,-9.097,8.14,11.756,7.078,-31.698,0.985,2.185,7.719
47.766,61.512,8.147,4.197,-45.788,-58.764,5.617,11.35,-20.493,0.92,-5.694,5.35
47.218,64.253,7.827,-3.299,-35.028,-15.487,6.83,9.429,-10.773,14.618,1.237,-0.021
48.316,85.386,-5.801,22.545,-39.206,-57.057,-7.285,-1.978,-19.803,-10.654,-14.379,-5.031
46.856,41.943,-1.011,-15.217,-39.664,-51.818,6.108,-3.487,-10.362,14.473,-12.994,1.811
47.255,62.274,-29.945,5.929,-34.093,-73.796,-22.447,-12.823,-19.406,12.782,-12.373,8.168
48.304,95.058,-6.177,-26.676,-36.302,-9.496,9.634,41.934,-5.091,-5.561,-1.597,8.042
49.119,99.615,19.127,-59.03,-15.269,-10.591,-6.755,20.176,-16.059,16.627,-15.35,9.538
53.508,72.596,39.1,17.419,-18.548,-26.462,26.372,31.797,-19.499,15.149,3.031,6.111
52.971,110.135,22.008,-6.357,-16.515,-27.975,2.373,10.191,-13.943,-5.055,-22.404,20.011
51.75,115.396,31.949,18.292,2.958,-30.169,9.799,-3.374,-8.243,3.862,-5.547,16.182
51.793,117.722,73.035,-32.448,-16.939,-20.818,26.307,-6.179,-21.709,9.189,-12.969,17.281
51.447,119.869,39.591,-17.186,-33.852,-11.59,-15.824,-2.993,-9.773,-13.311,-8.327,-18.8
51.371,106.985,-12.418,4.634,-23.099,-41.225,-24.501,8.469,-18.402,-15.506,-22.5,-3.297
49.573,105.671,57.124,-75.618,-0.458,-17.708,46.74,-20.376,-12.408,29.703,-13.251,0.009
53.891,64.814,51.721,9.175,18.172,-44.629,63.882,24.996,30.23,2.747,-14.999,11.411
52.973,114.599,19.86,4.777,-37.519,-28.342,-8.629,11.465,-21.309,-20.985,-3.632,-12.244
49.56,86.104,3.701,33.419,-40.952,-40.234,-0.699,-2.881,-13.513,-12.283,-25.237,-0.532
48.252,102.628,-2.299,-34.36,-32.527,-0.413,8.542,38.607,-18.95,-6.292,-5.483,6.355
46.495,83.925,-27.966,-19.836,-37.016,-57.051,-14.547,7.373,-10.217,-7.433,-7.301,0.283
48.599,123.396,6.689,-57.743,-23.406,17.718,-5.825,-15.984,-14.961,-3.461,-28.66,11.529
51.754,119.974,35.872,-6.76,-28.967,7.059,-7.574,35.11,-11.431,2.694,10.143,-7.691
52.869,134.182,57.977,-6.347,-30.663,-24.555,-3.094,-4.155,-16.479,1.166,-2.969,11.958
50.989,95.718,-1.019,43.886,-49.912,-51.471,6.728,13.443,-17.176,5.38,-24.007,22.997
51.129,92.941,31.487,-25.469,-1.465,17.54,23.476,13.975,-12.649,0.871,2.01,18.096
50.74,95.69,55.284,-1.617,-20.785,-11.948,6.643,-22.952,-20.727,4.629,-20.046,-1.629
52.869,62.675,54.124,-30.796,-0.229,-9.603,39.437,28.301,-11.842,2.831,5.465,4.711
52.542,68.1,1.871,31.704,9.796,-38.626,20.144,19.523,1.121,4.014,-2.671,34.962
50.092,86.848,-18.291,7.205,-10.486,-62.031,-10.973,2.235,-14.647,-0.825,-4.841,13.529
49.391,103.303,-7.983,9.285,-5.672,-50.66,-4.708,-2.271,-0.896,7.732,0.377,-1.519
49.417,97.533,-2.966,0.154,-10.23,-48.926,-3.82,-8.2,-19.511,-3.99,2.397,8.579
51.748,100.541,20.568,11.745,-13.791,-5.586,8.18,-8.761,-15.586,-1.59,-6.375,8.713
51.201,32.947,58.317,5.947,-5.783,-39.34,32.077,5.932,-22.636,17.552,-5.266,21.942
51.898,29.275,58.592,16.608,-18.127,-31.974,32.943,11.871,-27.329,0.84,14.349,-0.803
51.333,88.553,18.433,31.606,-51.995,-31.187,-19.467,-10.294,-17.6,-18.159,-26.845,-11.687
49.479,50.112,20.938,-7.431,-18.356,-53.53,0.95,-16.264,-15.851,17.035,25.877,8.982
52.593,58.47,66.389,5.326,-2.976,-41.237,33.728,-1.422,-11.389,21.969,-13.617,31.871
51.738,80.984,37.273,21.218,-14.734,-27.87,-9.747,10.97,-9.82,0.706,-6.642,15.459
51.227,93.718,39.197,23.86,-32.729,-22.996,20.934,-4.857,-14.343,9.768,-19.916,8.276
51.079,93.984,29.058,-20.107,-30.537,0.281,33.498,-17.422,3.432,-10.532,4.552,0.574
53.241,96.631,32.498,-6.343,-9.566,-37.51,56.164,29.695,7.216,-21.384,-0.446,41.646
50.441,107.103,-6.664,6.348,-12.877,-57.543,-3.843,-5.21,-13.099,-9.923,-13.469,3.472
49.604,100.083,44.595,28.442,-19.224,-6.956,41.85,10.823,-26.054,-0.58,-14.056,33.007
49.243,82.738,-2.694,-1.667,-31.597,-43.739,20.028,8.255,-17.2,-11.652,-7.959,6.786
48.709,56.401,9.1,1.455,-21.173,-38.252,27.338,21.235,8.497,14.274,-3.435,-3.069
48.798,100.985,13.932,-32.709,-15.223,4.958,23.503,28.4,-1.169,-15.46,-19.23,10.515
48.864,66.901,5.799,-4.927,-35.798,-15.145,16.095,16.018,-17.278,8.37,-12.849,-5.252
46.594,92.886,19.107,-47.099,-11.087,-19.257,22.996,19.863,-1.015,-5.1,-22.634,-5.566
47.496,87.734,6.462,-10.844,-58.747,-20.884,9.205,28.32,-26.314,-0.259,1.389,11.783
49.804,115.96,-21.377,13.44,-21.913,-45.104,-11.016,1.021,-21.658,-9.668,1.487,1.167
51.18,68.577,56.12,15.77,-5.901,-8.807,50.771,-14.759,-4.31,6.835,-2.677,16.226
51.494,61.612,64.78,-1.839,-18.29,-21.591,22.367,43.809,-30.914,-9.72,-4.607,-6.196
51.567,65.542,57.651,-39.885,-22.087,-44.116,33.542,23.767,-12.269,1.607,-2.417,11.276
53.188,115.16,25.645,14.04,-9.878,-33.704,1.614,8.246,-9.877,-18.009,-9.483,21.356
51.963,103.846,41.663,24.943,2.881,-11.874,13.482,-7.331,-19.54,1.219,-10.422,9.62
52.313,108.626,49.346,2.282,-21.008,-20.231,34.598,-4.431,-11.424,10.274,-5.814,9.611
52.53,95.598,32.672,-9.994,-30.95,-45.356,51.423,29.22,-6.098,-22.402,-1.008,39.401
51.898,94.199,59.876,12.441,-21.336,-34.612,68.255,-0.194,-13.124,1.291,-3.613,43.804
52.021,97.283,8.92,33.844,3.005,-44.511,28.673,7.164,-1.244,-14.453,-13.361,30.388
48.417,105.795,34.0,4.458,-20.44,-29.481,36.119,13.109,-23.93,-6.131,-21.441,33.473
48.688,83.992,2.852,-9.673,-35.53,-21.729,17.006,20.568,-7.838,-6.988,-0.177,8.585
50.376,88.022,-9.109,1.779,-18.548,-49.329,6.081,-6.5,-4.507,7.654,-21.541,5.484
50.089,78.673,11.921,4.546,-26.616,-27.618,33.525,28.916,-3.347,1.92,-3.302,23.583
50.634,99.771,-3.503,-9.048,-26.803,-32.859,11.477,47.255,-0.965,-21.941,-4.49,2.831
47.195,101.608,19.357,2.628,-39.441,-15.046,11.007,2.481,-37.072,0.986,-20.617,12.931
45.581,109.501,19.371,-0.262,-31.585,-16.47,8.514,1.024,0.762,6.443,-9.71,18.731
47.126,85.29,26.631,-29.576,-40.86,-10.47,-0.437,6.62,-34.797,-5.223,-5.79,8.364
47.821,103.064,-12.536,-7.521,-21.215,-64.189,-27.148,0.243,-15.946,-3.908,-6.854,-3.944
48.414,116.819,-0.713,37.648,-27.931,-61.828,-14.493,7.679,-15.905,-20.681,-9.648,-0.112
49.367,86.233,-24.85,1.93,-13.904,-49.047,-16.261,-9.117,-15.48,4.21,-21.135,8.717
51.408,123.901,10.806,-42.427,-9.468,16.759,-17.785,1.404,-19.874,29.387,-2.859,-10.586
50.017,156.108,41.759,44.79,0.165,-10.984,-31.625,-19.999,-8.327,12.529,-42.29,-7.798
51.237,136.116,30.858,-49.395,-16.209,18.1,-6.066,16.379,-15.651,8.397,-0.151,-16.499
52.179,107.418,11.772,7.995,4.141,8.49,14.334,19.827,-13.183,0.715,-22.747,19.067
47.565,96.084,-4.901,2.177,-27.35,-24.986,22.057,-15.072,-19.792,10.166,-16.399,1.764
47.08,88.351,11.776,-36.831,-26.575,-9.772,10.366,21.664,-9.987,-14.609,-23.265,1.871
45.777,64.078,5.427,-8.83,-41.998,-19.943,4.776,7.148,-8.575,7.754,-9.369,-1.843
48.072,142.893,65.172,-92.543,-26.45,-4.673,-5.392,17.216,-14.383,-3.85,2.524,-2.079
52.02,140.918,40.432,25.983,-43.676,-16.993,19.93,-40.509,-7.409,2.13,-25.592,-4.095
52.518,90.953,38.649,7.121,-19.487,-10.12,47.691,20.074,0.788,-4.509,3.127,18.269
51.247,128.605,24.9,-9.364,-1.429,3.454,-0.591,-10.329,3.966,-7.239,-14.78,8.204
48.388,107.53,-8.438,-35.653,-9.841,-31.87,18.458,17.673,3.3,-9.249,-8.874,-6.881
50.726,110.119,31.862,-19.716,-37.279,-14.759,-22.064,-5.641,-4.678,-15.694,9.949,-33.658
50.527,70.636,3.133,10.937,-45.126,-42.612,12.012,1.213,-22.844,-12.708,-17.131,5.153
51.828,79.466,50.665,-7.361,-11.174,-4.659,21.866,4.16,-18.066,11.494,-3.428,4.648
51.161,57.226,36.115,38.722,2.734,-12.925,21.183,23.182,-10.055,-4.111,-34.131,1.636
47.502,59.099,-8.231,2.683,-41.304,-40.53,10.981,10.714,-0.415,-7.64,6.707,-3.8
49.027,91.132,-26.58,11.615,-12.271,-52.68,-3.523,-1.192,-12.617,-18.436,-10.547,-1.578
46.61,67.192,-1.527,-2.049,-43.018,-37.224,9.315,25.486,-18.328,10.568,6.543,6.996
45.58,81.619,13.174,-31.495,-57.805,-23.503,10.748,4.913,-20.795,-0.815,-3.434,17.572
48.14,92.843,-16.924,-28.398,-57.959,-35.319,-5.93,8.14,2.321,-8.628,-0.813,-5.519
48.714,92.586,-22.122,19.965,-16.285,-58.886,-8.244,-4.257,-9.151,-12.622,-10.761,-1.968
44.414,71.063,2.845,-25.309,-38.806,-31.241,-2.966,-8.441,-3.528,3.185,-2.008,-7.557
47.032,82.443,4.407,-21.531,-37.835,-23.783,15.628,23.429,-17.852,-6.663,14.8,16.323
51.104,88.952,9.041,10.361,-21.041,-9.23,-2.595,17.651,6.025,-19.919,-5.673,-5.88
50.517,87.308,-8.566,36.981,-13.597,-45.078,-35.304,-3.13,-9.184,14.009,-8.938,-4.972
48.734,122.534,-11.702,-46.496,-6.003,-28.001,15.57,-27.998,-28.202,7.908,-18.216,4.358
50.602,26.24,54.769,-24.702,3.397,-39.339,15.808,20.509,-15.257,-0.31,6.574,-1.802
51.377,88.075,10.932,-6.068,-44.543,-35.785,12.462,46.533,-24.609,-22.307,-18.288,13.563
50.317,122.812,1.18,-37.762,-0.123,18.679,-6.764,-1.543,1.988,3.552,-30.162,5.883
51.166,108.848,18.404,3.865,-26.001,-4.427,1.455,9.377,-5.44,-1.275,0.518,0.865
50.08,71.244,72.432,3.784,-27.322,-36.498,49.608,11.226,-20.445,2.466,-3.25,13.804
49.953,79.9,25.398,20.877,-44.317,-4.976,16.994,22.414,1.942,-11.415,-17.792,5.027
47.949,109.36,22.582,-4.1,-22.055,8.464,-10.567,-6.072,10.322,-21.54,-21.598,-14.744
48.878,94.065,-5.503,-10.026,-7.04,11.907,6.282,34.167,-19.405,-2.194,2.3,-5.972
49.888,98.788,-10.254,-15.551,-25.719,-18.603,22.176,-1.242,-34.095,14.629,-4.757,0.153
47.836,91.121,-5.247,-19.734,-15.252,-0.254,-6.088,21.138,-16.27,-7.287,-10.885,7.815
48.621,141.998,6.963,21.152,-19.675,-30.671,-29.178,-22.363,-16.869,5.18,-6.195,-2.771
48.824,130.19,28.517,38.351,-12.961,-5.729,-17.716,-0.483,-20.787,13.331,-9.296,-15.1
48.378,114.698,-3.663,-56.122,3.2,-40.486,39.067,3.484,-18.287,10.899,-5.182,2.732
50.958,59.545,68.056,22.749,10.449,-36.066,41.863,0.877,0.358,32.248,-13.628,24.234
50.839,89.921,34.935,-25.689,-22.378,-24.97,28.798,28.017,19.206,5.92,1.065,6.457
51.778,93.767,57.09,-3.399,18.428,-31.462,21.651,-2.231,25.634,20.135,-9.747,20.162
51.882,94.381,22.119,33.009,-6.115,-32.135,8.47,19.622,4.389,-1.993,-5.986,21.371
50.588,97.017,35.218,35.928,-13.699,-21.025,5.575,-34.607,-8.133,29.656,-23.939,-4.071
49.095,109.181,6.634,-47.937,-12.542,-22.267,23.552,-27.462,-13.122,-14.251,-10.385,-17.839
51.881,84.409,42.945,-8.337,-24.641,-5.893,15.589,3.083,-6.965,2.052,-11.756,-4.55
51.207,41.651,86.664,8.996,-17.62,-37.849,59.999,6.42,18.473,13.946,-14.773,-3.404
51.736,51.704,16.558,55.944,10.621,-49.782,23.948,10.576,-0.313,-0.011,-27.496,6.417
47.065,60.686,-20.772,-14.835,-32.832,-47.181,12.358,11.607,-5.215,-15.446,1.541,-7.596
45.567,57.683,8.425,-19.629,-40.494,-24.925,12.968,0.978,-7.3,10.664,-15.332,4.946
47.529,92.657,0.908,-29.64,-21.677,-15.365,10.707,21.506,-4.635,1.567,-26.199,2.133
46.722,55.183,-6.403,-0.969,-42.479,-18.727,12.666,9.713,-14.262,9.916,-1.819,-1.441
45.456,89.891,-6.336,-47.258,-31.913,-29.48,9.733,18.583,-5.942,-11.119,-8.004,9.005
46.795,86.067,5.077,-17.078,-23.747,-24.502,5.953,10.702,-4.756,12.163,2.258,-5.29
47.619,99.262,13.747,5.758,-24.615,-55.42,-10.827,15.549,3.026,-0.27,-7.707,-10.597
46.829,76.947,30.668,9.953,-27.276,-64.886,0.243,-6.417,-16.738,4.061,-1.406,-7.464
46.163,60.98,8.241,-18.077,-47.091,-44.517,5.209,17.42,-4.504,6.242,-1.754,-12.039
47.961,80.566,13.873,-27.978,-18.038,-24.727,5.059,12.929,-8.252,10.843,11.348,4.892
49.613,138.907,-5.706,-46.666,-8.527,-20.157,1.205,6.41,18.484,-5.279,-14.049,15.297
51.986,116.37,25.933,-14.434,0.664,-0.432,13.741,-41.112,9.902,35.496,-12.304,13.343
49.897,73.778,5.716,-5.706,6.17,-3.474,11.414,-6.729,-14.204,6.832,-7.993,-0.869
49.281,47.089,0.208,38.82,-18.878,-14.22,14.061,12.682,6.566,-3.522,-6.615,-3.096
50.607,110.978,-17.88,-16.054,-30.614,-14.193,-1.26,57.005,-13.921,-10.38,-1.191,0.897
52.286,89.565,4.334,13.87,-1.301,6.682,-4.123,4.968,-4.666,18.871,-21.518,-11.278
46.929,66.518,-5.57,-3.141,-42.117,-26.643,13.831,10.147,-8.468,12.85,0.204,-2.567
47.863,84.511,-8.697,-4.682,-20.324,3.215,12.531,16.951,-2.593,-17.315,-11.834,-4.728
45.945,65.186,3.413,-6.554,-54.007,-28.901,10.906,21.901,-15.279,2.048,6.705,8.983
46.35,108.866,27.815,-46.747,-46.305,-18.58,-3.096,23.765,-8.685,1.885,-6.076,8.884
50.705,135.64,44.358,-46.459,-12.587,19.856,11.049,-36.57,11.81,3.389,0.833,-6.741
50.367,89.57,63.425,2.585,-34.323,-21.195,4.082,20.458,-19.448,-15.19,2.432,-8.997
49.889,61.622,17.039,-36.916,-36.359,-24.404,4.162,11.652,1.106,8.459,2.298,-7.908
51.276,126.49,28.156,14.08,-24.378,-31.026,-10.801,-35.049,4.068,3.239,-24.734,6.321
52.236,151.751,52.068,17.635,-16.461,-32.776,-25.928,5.184,6.099,-10.91,9.258,-22.488
51.018,123.343,-7.794,39.232,-18.258,-44.127,-18.151,-3.237,-11.442,-4.958,-9.132,11.574
47.718,62.026,9.508,-31.146,-39.058,-33.795,22.23,24.284,-17.591,10.568,4.58,-0.103
50.841,53.495,45.408,7.494,-1.676,-27.488,38.283,30.836,-1.162,2.26,-11.617,16.521
49.961,102.021,-8.329,-9.888,-28.755,-55.846,9.915,51.012,-1.338,10.999,10.081,11.078
48.874,117.228,-7.695,-6.207,-18.895,-27.275,-19.324,-5.338,-6.291,-3.034,-7.801,-11.381
51.756,72.363,45.84,19.355,-9.441,-7.738,50.428,22.81,-6.127,-21.005,7.402,23.468
48.63,102.763,35.095,31.091,-51.08,-18.907,15.289,-2.597,-12.344,-20.314,-30.639,-1.173
47.021,90.986,4.758,-23.481,-21.64,3.662,13.695,11.92,-4.782,-9.766,-19.433,9.519
46.296,57.582,-11.28,-2.388,-42.393,-26.975,10.78,27.299,-5.645,9.599,2.243,2.549
45.262,76.14,11.323,-36.822,-50.478,-15.373,9.822,14.195,-8.97,7.484,-10.891,2.975
45.664,117.018,1.136,-23.321,-39.532,-29.253,-10.797,-25.271,-15.407,3.372,-5.397,5.453
48.047,90.021,-19.89,9.59,-23.268,-55.343,-9.426,-11.685,-11.296,-15.561,-4.879,0.735
47.046,73.403,18.942,-9.135,-34.838,-22.41,23.888,13.427,-3.68,9.229,-10.492,11.761
50.743,94.08,32.176,-39.418,-33.431,-18.347,-9.786,20.373,-17.405,17.212,11.207,10.287
52.09,81.848,26.955,6.11,-8.651,-35.027,0.945,18.881,-27.233,-3.554,-11.82,16.289
50.816,94.831,55.283,-13.724,-24.007,-15.361,0.211,-11.75,-10.4,7.62,-15.601,-7.808
51.503,68.639,40.746,8.171,-57.834,-33.475,41.249,15.128,-22.547,-20.011,-7.209,24.045
50.655,83.946,67.475,-19.781,-43.391,-37.512,29.729,42.037,-17.45,5.868,6.567,5.231
50.456,105.255,-14.555,53.675,-48.986,-44.79,-19.486,-19.448,-4.789,-12.653,-20.996,-5.262
47.89,69.719,-9.757,-12.011,-39.649,-37.902,12.047,20.805,-14.654,-2.244,16.112,-1.375
49.151,157.427,27.111,-36.416,-35.778,-31.022,-7.391,7.944,1.252,13.179,1.476,6.277
52.441,141.504,16.184,-31.04,0.65,-8.401,-14.174,-8.325,22.317,-1.828,-11.171,4.384
52.233,75.968,23.088,17.954,-15.448,-22.307,15.316,14.918,-24.592,0.939,-6.181,12.192
50.782,55.846,58.602,-14.302,-36.801,-5.484,34.353,4.495,-20.4,11.843,-2.855,3.928
51.624,119.076,44.891,-5.353,-69.566,-36.529,-0.533,20.438,-20.101,-17.75,3.696,-6.538
52.694,85.246,26.282,8.989,-2.813,-35.109,-1.548,6.391,-4.612,-12.52,-7.438,5.621
49.263,41.485,59.534,-27.721,5.477,-30.19,-1.475,15.638,6.375,2.926,1.215,-9.88
50.07,60.49,70.316,11.881,-29.266,-37.976,69.937,21.781,-20.149,-8.984,8.408,43.029
50.664,35.618,72.013,18.112,-24.724,-51.626,65.79,23.372,-13.61,12.909,-0.779,38.382
51.699,71.492,23.072,32.814,13.3,-43.696,22.444,18.995,-11.655,-10.193,-17.796,29.673
50.176,70.871,37.198,-44.771,-0.428,1.875,6.413,28.181,-2.467,-4.22,-22.278,-2.706
52.276,89.151,32.031,-6.47,-23.821,-22.065,42.203,28.083,-19.35,17.615,9.2,11.384
51.688,105.89,51.394,1.841,-12.114,-27.148,36.827,5.329,-6.41,7.503,-25.608,26.71
51.054,83.425,53.581,15.265,-28.394,-14.339,26.117,-11.155,-24.055,2.071,-12.604,17.295
51.546,62.161,49.361,13.727,-17.996,-14.273,30.877,26.023,-23.663,-24.684,8.643,18.265
49.963,89.798,37.886,3.57,-57.332,-18.957,23.926,33.341,-20.741,-2.546,-7.839,-2.322
48.569,92.046,-16.016,-18.249,-32.684,-52.8,12.209,17.344,-11.772,-14.09,-2.737,-0.855
48.632,81.085,-19.952,17.242,-23.134,-28.834,-0.991,-8.394,-16.715,0.769,0.851,6.21
46.733,91.409,-7.155,-37.409,-30.599,-18.222,10.741,27.772,-7.155,4.516,-9.098,4.6
46.748,97.047,-1.107,-22.509,-38.76,-12.029,13.163,3.01,-14.075,4.398,-16.717,4.157
48.595,114.522,3.658,-2.224,-10.199,-1.753,6.01,15.97,-20.017,4.309,2.106,6.675
48.485,102.828,-5.605,8.221,-0.319,-10.335,12.502,-4.108,-18.034,8.811,13.038,10.192
47.924,79.131,12.578,7.238,-44.097,-46.626,6.939,9.655,-12.071,-1.672,-2.748,10.447
48.804,97.857,9.367,8.922,-28.771,-38.823,7.038,4.088,-8.654,-9.119,5.227,7.463
49.545,97.969,-16.105,17.411,-25.487,-47.123,-9.507,9.441,-35.448,-3.94,0.08,13.649
48.817,82.581,-4.475,-9.101,-17.673,-1.702,1.501,7.813,-26.262,-8.781,1.614,11.688
48.182,90.333,-28.625,1.093,-24.423,-39.063,-11.756,22.851,-19.806,-11.362,10.724,1.396
47.085,68.828,0.504,-11.184,-48.198,-47.341,5.249,-3.411,-14.495,4.904,-3.598,6.346
47.551,46.913,-9.197,-16.357,-44.933,-66.58,-2.832,3.359,-7.952,8.42,4.168,4.658
50.183,91.35,-34.797,-29.031,-34.748,-39.285,-4.291,32.723,0.061,-41.028,-1.881,12.363
49.985,118.449,3.73,-17.597,-3.123,6.77,-15.476,8.94,-18.849,10.239,-32.986,11.64
51.546,107.666,5.446,-9.479,0.52,25.067,-4.774,31.522,-5.335,-1.998,-3.565,6.707
52.761,95.483,33.792,9.592,-12.551,-6.472,29.801,4.409,-17.985,13.487,3.127,12.365
52.474,130.54,50.669,-9.158,-30.294,-24.358,19.24,-8.433,-10.144,10.096,-19.511,24.126
52.647,95.816,35.31,22.58,-10.879,-14.585,35.89,7.326,-5.486,5.573,-13.859,25.023
51.297,77.446,62.996,-49.923,-9.063,-0.781,38.992,12.556,-6.877,-0.308,-7.175,24.958
51.773,135.068,34.449,-7.267,-46.288,-21.07,-10.637,10.372,-0.535,1.177,-21.41,-1.834
51.273,127.307,17.487,10.05,-41.302,-12.403,-11.153,-4.527,-24.945,9.112,-19.287,-2.661
51.886,83.941,68.638,-32.185,0.68,-7.405,26.485,16.279,-5.715,23.376,3.498,-9.545
53.243,84.283,50.213,16.195,3.705,-30.906,51.495,14.836,27.639,9.808,-7.132,13.899
52.891,120.821,10.208,8.197,-26.144,-23.524,-13.123,-1.719,-4.653,-17.134,-1.37,0.695
48.363,88.226,-30.648,-8.889,-32.686,-40.156,-0.451,11.971,-3.537,-26.375,-14.751,7.949
48.698,108.238,12.604,-59.167,-21.819,14.51,0.139,-17.776,-7.225,-0.46,-31.86,5.673
50.666,105.272,47.409,-32.28,-38.485,7.82,0.915,28.3,-14.979,13.22,4.341,-16.859
51.654,160.667,21.23,21.211,-60.931,-9.511,7.955,-20.329,-17.201,-3.277,-45.381,16.855
51.932,87.566,25.453,-2.188,-9.786,-32.013,14.672,0.356,-14.528,-1.786,-1.959,12.598
51.635,122.37,37.355,-3.621,-21.585,-14.494,-4.74,-43.824,-13.438,-0.465,-10.053,4.622
50.69,52.861,39.097,10.312,5.613,-14.065,29.839,23.075,-1.377,6.178,-25.114,19.776
47.636,68.831,-4.012,-16.227,-35.904,-34.009,11.091,12.846,-6.651,-4.285,3.969,4.312
51.352,83.793,12.912,23.722,-30.833,-3.838,6.435,-3.964,-17.537,-1.178,-15.512,7.572
50.857,72.356,36.429,-49.445,-8.991,-0.067,26.961,8.436,-10.477,18.016,-11.865,6.99
51.716,64.077,61.21,-0.822,-15.062,-26.617,22.285,19.37,-20.811,-11.124,-5.463,13.097
50.533,99.814,18.969,31.599,-47.758,-32.308,-1.558,-24.67,-3.901,10.635,-12.659,-7.929
52.809,79.107,73.016,15.522,-10.059,-37.563,32.609,-4.518,-1.382,11.172,6.889,17.747
53.898,111.893,21.016,-4.206,-6.857,-23.372,-5.477,42.74,-8.528,6.07,-1.585,18.667
51.642,132.86,19.607,24.53,-7.256,-40.408,2.883,12.768,-31.004,0.554,-24.616,9.224
51.094,123.365,69.31,48.55,-4.021,-20.442,14.451,-2.257,-5.431,4.061,-11.125,1.275
48.414,64.592,-6.166,43.609,-24.502,-48.799,0.112,7.481,-9.181,16.283,17.151,-2.265
46.829,72.42,7.676,7.855,-22.798,5.619,4.106,0.807,-5.114,9.871,-6.109,2.864
42.044,82.4,43.302,-8.254,-4.301,-28.848,-1.252,5.531,9.578,-0.119,-15.401,-13.013
47.275,126.998,2.37,-65.145,12.598,18.707,16.232,-26.719,-23.243,9.026,-44.95,4.68
50.789,54.871,32.661,-2.51,-7.987,22.567,31.36,-23.198,-20.59,12.441,2.64,4.598
50.263,38.11,88.311,11.588,-10.152,-28.675,29.744,45.975,-10.323,-8.177,-4.476,-12.607
49.465,141.272,101.997,50.352,-7.358,-4.667,-3.823,-3.538,-0.827,-5.67,-26.799,-22.866
49.627,124.271,153.168,37.657,50.915,0.963,40.018,-13.008,6.81,15.536,-5.582,7.957
51.262,108.129,74.435,-6.035,21.673,-25.304,27.096,4.794,14.161,21.695,-20.914,24.308
51.496,93.361,19.732,27.053,-25.857,-5.063,21.753,-0.64,-9.325,2.883,-33.09,8.376
50.548,102.979,59.456,26.724,-5.564,5.91,29.32,1.946,-5.31,-4.441,4.951,-2.408
46.439,73.957,44.869,15.641,-10.103,-25.252,23.0,9.779,-9.025,8.512,-13.682,9.181
46.871,87.133,30.48,-26.854,-4.824,22.012,8.036,-8.186,-16.707,5.649,-24.796,3.716
46.667,51.39,11.516,1.492,-37.59,-28.653,18.28,2.619,-7.205,11.633,2.213,12.397
48.257,98.406,-6.343,-24.408,-28.837,-19.564,9.076,50.465,-7.459,-1.597,13.855,14.503
47.677,97.733,3.36,-46.995,-19.025,-21.425,0.649,-12.935,-23.714,13.228,-24.112,7.112
49.737,155.844,-12.868,-33.482,-24.623,-28.369,-10.356,5.644,3.1,-12.459,9.736,25.817
51.572,127.451,48.261,-30.792,-23.39,-7.535,0.568,-37.771,-12.572,26.061,-11.531,3.45
53.611,95.747,56.344,0.249,-4.789,-49.092,16.558,2.797,-7.282,-10.559,-4.684,20.408
53.893,89.297,43.714,-9.937,-27.985,-30.228,21.131,2.717,9.721,9.501,-13.374,-2.489
53.47,91.064,74.117,2.885,-20.493,-47.695,-3.211,6.152,19.964,2.317,-5.967,-34.048
53.676,89.89,62.313,4.216,-15.622,-28.526,-1.01,0.116,-3.709,6.323,-16.257,-15.703
50.488,67.384,54.101,-10.94,-21.772,-27.497,15.018,-3.16,-6.589,-1.044,-1.955,-10.187
52.547,76.748,25.969,-10.214,-20.487,-39.302,10.847,22.186,-4.542,-7.502,-2.149,-12.956
52.594,86.102,25.307,-0.275,-8.949,-47.147,-1.682,-4.815,-11.316,-8.234,-2.808,-11.264
51.686,76.404,36.904,-4.079,-28.029,-30.169,20.668,2.953,-11.883,12.325,-2.145,-4.322
52.256,94.523,27.025,10.373,-14.479,-44.385,9.241,1.35,-14.648,-0.585,-3.582,10.339
51.471,73.124,33.563,-3.185,-27.793,-39.322,12.364,4.035,-5.052,12.802,2.774,-2.981
50.999,68.683,37.052,0.985,-33.474,-32.937,12.673,8.982,-7.05,6.514,0.444,-5.04
51.97,92.896,20.637,1.904,-24.039,-50.944,6.247,-10.224,-2.263,-7.727,3.385,-6.58
51.81,78.377,52.924,-2.53,-23.701,-39.364,26.694,14.626,-19.004,-8.957,0.453,11.36
51.617,71.876,56.456,-2.361,-23.222,-39.9,32.724,11.9,-12.951,7.868,2.727,12.037
51.951,86.801,20.76,26.566,-5.388,-32.89,6.592,11.995,-19.332,-9.22,-5.206,0.046
49.555,73.742,49.072,-13.493,-20.591,-24.2,14.08,-6.546,-16.076,5.581,-9.987,3.317
51.023,70.043,19.99,-0.261,-34.519,-27.75,25.289,8.877,-12.93,-1.731,-10.081,4.715
50.8,65.677,34.133,-8.434,-30.223,-25.875,7.053,3.506,-11.325,-5.048,-11.754,2.337
50.508,81.276,34.641,-16.069,-43.47,-25.457,7.244,5.038,-15.148,-3.496,-13.174,-0.287
51.321,90.833,50.548,-8.715,-35.873,-21.279,27.15,5.349,-27.421,-5.4,-5.534,10.182
51.912,73.162,47.195,16.675,-47.669,-31.335,29.876,13.63,-29.197,-12.274,-12.332,5.025
51.808,84.236,24.061,7.464,-18.139,-7.841,8.618,12.383,-18.789,-7.226,5.279,7.419
51.426,90.096,63.055,-14.394,-39.062,-19.219,32.003,18.748,-26.122,1.1,-3.171,6.79
51.718,80.043,54.177,-4.211,-47.109,-35.697,23.175,18.018,-21.17,-15.949,1.167,10.366
52.765,92.408,28.393,16.994,-22.142,-36.607,5.004,5.194,-32.632,-7.897,-0.824,7.779
51.839,98.381,55.652,-4.926,-46.778,-27.113,26.14,13.445,-31.0,-4.133,2.273,3.867
52.006,81.446,43.025,-8.249,-41.781,-37.09,20.362,7.968,-24.714,-16.763,9.965,-1.261
52.611,79.016,25.786,15.583,-22.471,-45.266,5.434,-12.307,-21.499,-1.374,-8.104,-0.348
50.808,79.188,33.035,-5.083,-26.539,-29.681,22.536,-7.568,1.525,-2.835,-8.221,-0.66
52.424,88.068,9.945,-22.65,-30.926,-35.171,12.432,30.968,-9.078,-8.223,0.88,0.458
52.348,88.009,18.052,4.338,-24.509,-19.823,1.974,-5.068,-16.963,-3.765,5.521,-4.859
50.876,65.584,23.754,-2.288,-46.538,-26.863,6.762,3.061,-16.528,-3.342,-1.02,-2.298
51.109,93.982,49.677,0.125,-20.22,-20.678,13.718,10.393,-7.813,-11.63,-6.383,11.566
51.56,114.311,59.707,-9.495,-25.666,-17.907,18.259,-2.364,9.413,-3.948,-6.387,0.822
52.685,83.913,20.528,-2.425,-24.047,-41.992,-0.88,-1.994,-30.585,-15.677,-15.577,-2.401
51.605,94.635,41.091,-2.886,-32.223,-15.349,25.992,-8.573,0.532,-6.895,-10.602,9.645
51.086,77.76,28.661,6.223,-37.694,-22.025,9.996,11.072,-24.054,-6.376,-10.525,15.242
51.165,105.449,47.541,-0.153,-50.252,-10.071,24.519,1.251,-28.988,-14.484,-9.339,17.755
51.771,111.738,30.39,-20.895,-49.627,-10.588,14.739,19.92,-7.437,-25.082,3.954,2.68
52.012,98.262,35.798,1.215,-18.398,-11.655,4.128,3.809,-17.712,-1.08,-0.895,-0.74
51.002,87.577,54.374,-28.939,-29.745,-22.438,14.829,9.401,-15.323,4.012,-8.158,6.856
52.279,125.799,20.886,-7.504,-25.64,-19.057,13.205,-32.65,0.256,3.799,-15.812,8.413
52.149,132.259,66.858,3.743,-32.711,-22.047,19.129,-0.166,-1.523,-20.517,-0.572,6.796
52.523,128.115,43.757,-0.804,-34.1,-25.758,25.776,-8.051,-5.309,10.487,-0.903,6.617
53.235,108.899,40.224,2.145,-25.483,-46.672,8.004,8.887,-12.312,-4.123,2.687,9.945
52.646,111.957,63.314,-0.036,-52.245,-32.368,33.556,7.454,-26.037,0.582,-0.891,0.849
53.522,100.485,44.164,-0.625,-32.691,-30.603,39.512,15.156,-17.292,5.97,-4.546,21.081
53.295,108.411,48.564,1.812,-31.013,-43.382,34.258,5.243,-5.527,6.588,-7.003,23.473
53.388,91.52,28.974,4.343,-25.192,-35.708,11.832,8.67,0.695,2.891,5.806,0.94
52.082,88.325,42.981,-2.667,-34.173,-30.402,25.782,11.322,-5.814,-5.663,-4.072,3.601
52.019,85.88,43.191,-8.781,-46.609,-37.819,22.998,11.491,-9.328,-3.482,-4.248,7.081
52.315,97.67,61.158,-13.248,-17.317,-22.197,26.668,15.859,-14.102,1.483,-8.726,16.654
52.666,82.589,43.732,-4.914,-44.772,-31.592,22.38,15.512,-25.247,6.375,4.028,-0.201
52.21,122.386,48.316,-10.902,-40.879,-13.972,35.414,2.304,-47.272,-7.993,-10.673,22.906
53.18,108.194,35.386,9.524,-40.72,-38.943,14.246,-3.338,-64.729,-12.92,-5.616,20.047
52.733,99.504,40.695,-3.355,-34.245,-36.301,7.126,18.715,-47.471,-20.068,9.089,12.382
53.015,107.84,50.768,7.672,-19.653,-27.463,22.77,-0.182,-49.81,-7.651,9.025,22.626
52.202,91.525,22.826,6.215,-36.33,-54.478,-0.469,8.581,-27.95,-13.633,-3.946,4.266
52.895,97.231,44.675,-10.823,-35.67,-14.326,27.53,1.34,-37.153,-16.95,-5.809,1.341
52.745,93.785,62.881,17.5,-25.499,-53.86,19.155,3.184,-15.207,-14.301,-6.048,15.58
52.812,99.065,38.679,1.905,-26.886,-17.827,15.886,-6.033,-32.062,-9.306,6.912,2.801
52.398,98.227,81.187,6.838,-21.948,-36.014,19.887,14.582,-28.282,-9.915,0.19,3.533
52.728,110.741,71.121,-0.79,-10.915,-23.595,12.846,-0.462,-14.324,6.622,-4.295,14.007
52.968,90.148,36.796,8.824,-18.525,-22.642,23.6,-10.077,-24.438,1.999,7.477,10.555
52.384,57.83,38.453,5.367,-34.084,-37.992,29.998,4.706,-18.807,8.71,0.014,3.291
53.386,92.369,23.429,-31.733,-36.405,-38.905,13.33,38.715,-3.62,-4.753,1.066,-1.675
52.361,117.945,49.659,-12.054,-37.044,-25.76,20.491,7.987,-21.71,0.455,-9.45,4.127
51.814,90.957,51.381,-6.438,-42.019,-27.537,14.047,21.069,-22.299,4.17,3.218,-4.772
52.907,98.084,39.534,0.372,-27.228,-23.586,20.137,6.797,-16.056,7.489,3.188,8.346
51.705,93.555,68.237,4.521,-42.32,-29.659,34.358,13.913,-26.95,-7.815,-0.689,17.641
51.734,83.554,58.442,-6.792,-52.611,-36.964,35.755,22.791,-28.359,-6.019,2.668,25.108
52.605,103.505,48.68,11.682,-25.935,-36.833,17.447,9.142,-31.048,-7.074,1.86,14.45
51.938,89.355,62.991,1.867,-29.312,-38.715,40.73,4.81,-16.645,2.278,-3.644,22.811
52.356,103.254,50.392,-0.654,-30.253,-42.482,37.126,-0.527,-24.328,1.006,-6.978,20.85
52.69,105.602,38.626,-4.878,-4.791,-41.76,-2.879,-11.083,-26.2,-0.686,-3.084,3.949
51.92,83.333,43.135,1.824,-29.291,-27.983,18.496,9.558,-4.779,11.659,-10.887,0.585
51.921,98.785,37.546,-13.979,-18.022,-34.454,21.961,5.568,-21.738,-7.358,-6.48,5.617
53.683,105.381,8.317,-15.95,-27.572,-37.429,21.024,23.795,-9.407,-17.555,-2.99,3.031
52.341,89.056,42.719,-12.439,-20.119,-43.33,13.876,8.721,2.741,1.039,-5.245,-1.878
52.299,89.644,22.935,2.895,-23.068,-49.844,-2.191,-6.75,-16.265,-3.724,-5.435,-0.015
51.205,77.525,38.697,-14.618,-29.731,-11.722,14.002,12.437,-8.029,-3.789,6.65,-1.716
50.669,77.473,56.289,-12.815,-15.034,-27.168,4.779,-5.14,-16.589,8.064,6.29,-1.11
52.228,87.369,47.299,-4.279,-20.189,-16.572,13.614,7.263,-9.176,-1.496,-7.246,1.512
51.736,88.619,56.549,-16.637,-30.814,-28.252,8.351,10.673,-8.961,3.301,-4.009,-2.869
53.068,110.443,23.178,1.735,-40.72,-14.827,18.086,-3.363,5.707,8.763,-19.859,14.264
51.333,130.176,51.053,-19.372,-42.185,-23.453,19.055,32.685,5.217,-9.852,-7.299,5.463
53.175,122.926,33.323,6.453,-22.146,-39.375,13.275,9.436,1.475,-10.995,-5.821,12.658
52.526,103.609,41.933,-2.061,-30.415,-41.81,29.239,14.179,-3.373,-5.851,-5.757,9.137
52.766,110.381,43.475,-13.394,-31.356,-36.543,28.448,28.332,19.208,-8.221,1.776,4.029
53.485,120.328,45.244,4.206,-17.269,-40.536,8.547,-2.271,9.463,-2.654,0.368,6.58
53.224,132.673,26.06,-18.954,-21.035,-54.256,-6.436,15.011,17.946,18.795,-2.1,0.843
53.284,118.442,26.155,-2.425,-36.29,-36.725,1.786,-6.249,3.039,11.69,-13.356,3.8
53.323,111.807,31.948,-7.969,-34.061,-40.119,17.631,11.817,6.189,17.686,5.57,12.644
53.703,111.367,42.888,-5.332,-31.411,-53.109,10.173,14.109,-10.245,5.16,7.278,6.868
53.197,114.569,37.527,-3.257,-38.097,-44.812,25.099,17.905,9.205,0.671,0.193,-1.908
53.06,125.09,24.75,-5.266,-21.914,-30.33,11.222,9.817,5.072,22.959,-5.485,13.144
52.265,125.214,45.451,-13.689,-31.647,-35.987,22.786,10.52,13.86,18.345,-11.327,4.731
52.83,115.584,30.839,-25.178,-46.572,-39.143,12.374,22.916,11.13,-17.151,4.676,2.066
53.313,113.993,28.462,7.467,-27.567,-35.706,11.461,2.827,7.239,-2.842,3.665,10.474
52.877,114.141,25.459,-13.515,-43.555,-44.317,7.931,35.479,10.164,14.535,5.348,-1.797
53.503,124.722,31.791,-0.345,-23.034,-30.447,14.981,4.196,-5.87,19.34,0.699,8.105
52.772,112.875,55.685,-18.43,-21.561,-46.015,28.585,24.41,0.84,11.133,-5.673,1.508
53.891,129.417,14.922,-9.804,-34.63,-50.102,5.296,2.844,8.961,6.648,-5.846,4.013
53.512,112.746,31.739,7.093,-26.357,-41.641,7.98,3.745,-11.973,-9.471,-10.098,2.346
52.802,87.648,30.446,-1.272,-28.787,-46.343,15.205,9.241,-5.024,-4.625,-7.074,-11.722
52.406,86.771,35.323,-2.901,-28.243,-40.451,15.135,5.186,3.034,25.238,-3.058,-14.105
52.5,95.192,46.346,-11.775,-12.665,-13.234,13.184,16.323,-11.173,3.106,-2.695,-12.316
52.621,89.909,39.862,-13.718,-26.587,-29.699,17.262,22.847,-6.021,6.588,2.526,-18.048
52.22,88.862,41.747,-4.789,-33.31,-36.553,12.556,6.49,-8.498,16.624,-2.235,-12.426
52.749,104.282,55.708,-10.925,-22.549,-31.666,10.907,2.426,-11.788,2.062,-12.152,-20.554
53.153,97.863,46.238,8.749,-10.494,-37.799,3.189,1.884,-9.453,6.358,7.51,-11.159
52.555,89.571,51.877,-7.963,-21.817,-30.842,18.593,6.675,-4.007,14.094,-10.284,-2.092
52.801,98.473,53.436,24.471,-17.687,-32.928,20.839,11.786,-26.451,8.637,-1.853,22.917
52.908,97.447,58.25,-5.323,-15.791,-26.649,14.552,7.016,-4.272,15.129,-3.705,-7.778
53.204,84.161,32.566,-5.67,-14.135,-40.6,-3.462,-1.197,-7.703,18.376,-13.842,-17.241
53.132,94.099,39.793,-27.868,-34.267,-28.284,31.257,34.093,-16.854,-5.899,1.067,21.835
51.994,131.454,54.757,6.748,-24.568,-23.5,33.886,12.035,-34.165,4.07,-12.69,38.673
51.613,126.648,64.936,4.605,-24.885,-28.141,9.891,2.756,-9.643,-1.921,-5.745,13.354
53.214,116.616,11.06,6.269,-34.061,-33.088,-2.184,16.561,-29.943,-7.084,0.393,8.361
51.822,100.547,70.058,-16.805,-24.946,-28.908,8.185,8.217,-27.173,2.482,-2.718,0.986
52.508,82.494,35.593,5.652,-34.156,-43.72,11.073,3.498,-20.159,13.619,4.257,7.756
52.946,105.345,36.958,0.596,-21.572,-47.088,3.019,-0.438,-30.326,-4.941,4.738,8.832
52.961,116.306,32.184,-11.537,-63.659,-21.395,1.0,18.158,-26.35,-12.914,2.652,-13.933
52.422,117.053,69.648,7.311,-32.678,-29.878,26.627,12.226,-30.237,-14.384,-2.101,15.422
52.586,102.93,43.976,4.649,-54.66,-39.021,37.501,9.682,-39.588,-18.596,-7.356,22.45
53.201,99.089,46.509,3.603,-30.398,-23.215,27.664,16.766,-28.838,0.492,4.889,23.962
52.264,99.327,40.615,-10.723,-8.298,-31.926,8.747,0.648,-26.118,-10.123,-5.857,-1.307
52.382,82.862,48.431,3.031,-34.067,-28.489,33.023,12.172,-16.39,7.36,-9.647,-0.344
52.898,96.297,38.178,16.082,-31.008,-21.809,21.126,12.793,-32.979,0.846,8.258,4.051
51.29,101.837,66.878,-0.056,-20.014,-23.76,15.732,3.555,-21.035,3.642,-14.772,1.848
52.363,96.327,51.604,-19.516,-41.433,-44.579,31.317,22.706,-7.561,-9.667,2.984,15.157
51.775,113.222,17.608,7.049,-31.335,-35.604,36.658,20.257,13.074,16.418,6.943,23.89
51.924,164.803,38.494,-20.531,-22.647,-28.669,18.54,-9.637,33.575,4.745,-10.776,31.957
53.845,102.674,52.158,9.651,-27.762,-32.393,39.11,16.445,-33.05,-1.363,11.171,48.368
53.33,101.582,50.228,-0.385,-30.489,-34.227,41.952,18.305,-11.07,-1.798,-0.308,31.733
51.769,97.85,44.577,-5.777,-58.433,-38.364,25.027,9.924,-26.738,-6.148,1.182,5.286
52.517,105.187,36.874,43.202,-25.354,-28.601,-7.787,-0.832,-31.851,-15.275,-1.2,-11.531
51.069,66.763,13.299,18.972,-20.461,-37.719,-3.618,13.801,-7.775,13.683,7.633,-10.532
49.996,70.594,6.514,25.041,-19.406,-26.575,1.806,5.458,-10.025,18.002,12.826,-4.958
48.331,81.783,44.08,-11.067,-7.922,-1.535,6.204,-2.822,-4.618,0.237,-16.354,-5.925
48.665,95.958,36.224,-5.604,-16.664,-31.314,0.474,-13.458,-10.457,28.992,-5.51,4.506
47.699,87.743,41.047,10.607,-21.774,-27.35,13.653,8.773,-4.35,10.975,-9.225,-1.851
48.004,84.637,31.583,0.418,-17.041,-0.303,8.962,7.44,-7.694,8.508,-4.824,-0.559
49.548,75.305,16.419,-2.3,-9.664,8.65,8.043,-8.956,-5.395,16.842,0.467,1.318
49.748,81.552,-7.117,-26.863,-34.118,-47.4,0.385,32.213,6.578,-20.201,-8.688,0.932
48.441,60.576,-22.842,-3.606,-14.492,-41.95,-12.282,4.004,-10.035,10.011,2.52,-3.159
47.807,67.082,8.466,-30.862,-25.016,-33.184,14.25,13.448,-4.287,5.033,-6.568,4.592
49.066,55.603,5.923,-25.125,-25.271,-47.128,0.746,-5.103,-7.321,3.251,-7.549,7.866
52.01,90.772,34.3,-14.009,-13.525,-8.935,-6.617,17.082,14.67,-25.188,14.775,-7.527
52.404,100.016,33.337,8.054,-54.68,-16.643,-6.772,-14.761,-26.847,-15.021,3.421,-15.365
51.113,92.726,32.735,10.548,-18.47,-18.9,-2.291,22.031,-21.539,1.821,-5.156,-9.313
50.827,145.434,29.434,-50.382,-29.934,-32.866,-3.726,6.849,-24.579,3.104,-2.855,-15.646
52.303,106.039,35.51,-40.409,-31.944,-11.726,19.821,41.089,-16.121,0.702,9.115,-4.846
51.916,132.931,18.818,23.282,-15.034,-29.077,29.574,12.195,-28.725,-5.037,-15.742,9.015
51.895,118.796,9.709,3.569,-36.339,13.992,-15.193,7.991,3.103,-14.169,-10.957,-10.675
48.136,61.699,10.691,-1.246,-41.26,-31.836,8.828,5.24,-0.548,5.541,0.041,-6.863
49.288,81.45,-13.205,-1.227,-17.004,-29.706,3.002,-2.263,-16.704,-6.587,5.468,0.782
47.687,61.686,-5.327,3.642,-48.107,-46.058,0.128,11.034,-4.842,4.006,-5.051,-2.27
50.847,145.776,11.783,-4.787,-44.652,-14.826,-11.442,-20.453,-4.642,22.57,6.876,-5.412
53.647,113.732,43.241,6.782,-23.957,-33.112,2.16,7.609,-6.023,-6.897,-7.914,7.381
52.708,105.09,-2.726,39.916,-17.235,-13.557,-0.24,0.933,-2.36,-10.937,-11.885,6.304
50.201,88.765,16.001,-42.521,-3.314,-8.886,5.16,14.36,8.82,2.377,-5.742,5.66
51.489,85.113,36.684,17.001,9.51,-26.434,-9.752,30.992,-10.533,-2.059,-10.589,-1.344
51.54,94.785,32.103,-16.774,-23.656,0.261,-12.436,28.162,-4.402,-4.077,-10.093,-31.795
52.55,109.744,46.331,-7.525,-8.176,-29.921,4.628,7.142,9.942,-0.664,-6.593,-9.213
52.761,86.391,61.295,7.532,-2.375,-25.991,50.216,9.435,5.482,7.429,-2.156,26.488
52.591,88.694,44.217,42.554,-6.536,-19.462,40.188,-4.066,2.658,15.004,-25.219,-3.013
49.038,90.73,1.695,-10.983,-26.938,-6.852,8.895,13.095,-1.949,-7.661,-10.183,-5.732
48.3,69.344,3.589,-6.756,-39.043,-22.522,11.288,2.283,0.961,11.441,6.639,-2.746
48.332,82.393,10.422,-17.456,-66.844,-27.433,3.909,24.089,-23.21,-4.456,7.388,-3.413
49.329,90.945,-17.372,10.1,-18.29,-60.666,-12.541,-3.746,-8.363,-12.513,2.381,-8.515
45.897,62.527,22.962,-12.115,-34.526,-27.489,4.649,-1.748,-4.803,6.806,-10.222,-16.543
46.543,58.31,30.0,-19.949,-27.42,-33.144,19.414,-5.235,14.205,5.218,-7.313,-15.082
48.642,70.137,26.308,-11.462,-21.094,-21.781,36.664,18.41,10.102,2.091,-5.971,3.362
50.426,89.678,54.773,-21.923,-11.712,-12.968,42.643,-3.239,-3.485,11.328,-16.315,14.973
51.016,106.529,-0.404,19.02,-4.673,-23.213,-8.382,3.053,-23.146,9.793,2.634,-12.368
50.295,5.246,52.734,-28.096,15.954,-20.025,20.512,1.608,-19.717,26.996,0.865,-14.23
52.809,81.834,62.843,-31.644,-15.222,-19.901,-0.019,36.243,-34.696,-21.621,-7.224,-17.947
54.181,146.982,9.522,-8.797,-50.929,-40.988,-30.006,-3.839,2.297,20.063,-11.267,-12.589
52.552,125.759,19.58,-2.512,-42.306,-18.523,-35.411,-9.385,1.023,3.579,-10.661,-15.774
51.202,103.602,6.553,0.007,-11.833,-27.182,2.044,19.305,-13.449,4.807,2.283,-5.527
50.963,97.195,51.26,-43.526,-12.622,-28.749,-26.891,19.759,3.597,18.983,-3.597,-25.498
50.705,100.871,57.674,7.299,-21.12,-11.993,22.694,3.588,12.339,15.809,-20.327,-6.341
50.376,103.28,-0.578,1.615,-10.999,-25.346,7.817,17.627,-5.91,7.161,-0.22,-4.579
49.493,86.905,34.497,-51.106,-33.584,-0.686,-4.215,27.689,-4.192,3.756,-24.221,-14.982
49.603,103.577,-29.425,6.483,-15.802,-53.094,-21.666,5.04,-7.661,-3.722,-0.301,-4.301
51.589,84.964,26.771,-22.21,24.193,-1.034,-14.214,29.657,13.304,-11.305,-9.936,9.993
51.564,95.865,38.062,-2.702,-4.633,-10.77,12.93,25.316,-28.382,12.657,-14.462,3.721
51.834,109.744,45.853,-8.522,-6.697,11.479,0.894,19.247,-5.472,16.138,-0.666,-12.289
49.844,98.308,63.67,-34.97,-7.283,-11.576,7.442,11.418,6.835,12.411,-28.202,-8.776
50.532,103.307,-0.531,21.468,-5.171,-0.808,17.18,-10.11,15.722,-4.169,-17.552,1.78
51.292,79.58,38.557,-29.437,-10.765,-14.817,46.427,0.707,5.293,11.076,6.759,11.9
52.229,78.42,74.652,-13.685,5.189,-39.617,60.212,11.584,14.217,2.065,-4.717,11.495
53.817,62.63,51.442,13.629,3.669,-53.343,54.471,26.681,17.291,7.406,-11.741,-5.657
52.579,80.872,61.806,-6.075,-1.122,-34.969,40.044,12.13,1.733,17.332,-17.284,-22.279
53.442,73.369,59.646,13.107,-1.232,-54.452,23.26,1.73,-1.36,4.764,-16.119,-21.847
53.41,65.02,55.767,15.67,7.191,-26.412,41.512,6.254,-6.808,-3.996,1.477,-5.875
52.499,47.822,60.351,18.377,0.818,-39.168,43.623,7.62,14.672,7.745,-8.145,-17.194
52.953,56.919,60.376,-2.123,2.487,-48.241,23.614,14.921,6.86,2.301,-14.37,-21.038
52.846,53.283,42.455,20.221,-1.832,-46.914,26.352,-1.525,-2.334,6.284,2.51,-14.814
51.886,66.102,53.362,31.073,7.956,-20.618,22.392,16.555,1.184,8.809,-19.574,-21.006
48.506,79.276,34.721,21.846,-5.704,-41.677,-8.742,3.539,-18.562,5.369,3.661,-7.317
47.423,86.785,40.81,-14.642,-28.28,-30.193,3.131,-0.409,-13.799,0.775,-8.61,9.569
48.531,73.409,15.726,-8.533,-28.607,-52.664,-0.544,6.267,-14.045,-3.607,-0.08,17.07
49.37,71.777,12.16,-9.071,-38.062,-55.175,-5.056,0.861,-16.04,5.274,-7.51,19.938
50.035,90.835,11.511,-6.748,-12.148,-25.751,-12.561,15.609,-18.431,6.338,8.015,4.456
51.875,111.073,28.512,-60.326,-36.688,-21.68,-4.903,0.869,-17.633,2.358,-9.068,-6.202
52.953,112.875,16.644,-19.96,-52.197,-12.259,-15.106,-8.174,-7.914,19.071,-14.533,1.742
52.724,122.789,27.978,13.838,-28.833,-20.456,-1.409,-0.057,-2.757,6.179,-3.7,2.169
53.022,111.273,28.899,-20.597,-40.17,-5.196,14.92,29.54,-4.733,-1.09,-10.326,-10.642
51.431,108.813,-12.9,21.881,-23.265,-23.046,-16.291,-7.397,-12.608,-6.596,-13.381,-8.504
48.336,71.848,9.372,-4.823,-36.672,-39.59,17.743,5.468,-0.865,-3.66,4.06,-0.671
49.944,97.824,-9.741,13.102,-26.674,-58.291,3.269,2.687,-7.033,-14.761,-6.729,2.229
48.261,65.674,-0.785,-6.899,-35.929,-24.933,9.746,1.322,-2.956,10.961,2.667,-3.747
48.741,84.944,41.939,-15.715,-32.536,10.22,36.364,28.326,1.538,-3.903,-26.54,14.622
50.662,130.587,44.561,-64.404,-30.118,8.621,0.018,15.658,-23.808,7.026,-8.3,-0.067
50.653,129.815,35.074,29.683,-34.134,-15.411,-18.479,-17.778,-11.836,0.376,-34.332,3.141
47.326,81.053,28.586,-25.435,4.118,-46.226,13.508,10.579,-6.503,1.125,-9.688,-32.746
50.885,72.079,36.235,-7.313,-25.752,-15.95,30.917,22.208,-12.371,17.446,2.02,4.197
51.045,103.926,47.616,18.29,-22.691,-26.054,18.339,-11.93,4.451,19.258,-27.739,20.064
50.792,107.687,58.715,-31.883,3.575,-26.549,-6.273,-15.447,-15.521,23.406,-9.522,-4.411
53.425,121.939,28.611,3.391,-29.236,-36.652,-23.173,-3.429,-7.642,6.7,-2.939,-9.035
52.61,140.416,18.062,-17.108,-42.455,-24.532,-14.262,-14.025,-2.662,5.5,-5.993,-19.341
53.013,100.3,28.581,-11.182,-35.995,-17.393,-4.912,18.264,-9.033,23.759,-14.058,-33.05
51.383,90.342,5.051,31.767,-15.096,-25.144,9.83,3.512,-11.084,5.241,-12.589,-0.715
47.656,74.383,21.045,-28.693,-32.83,-14.008,16.727,9.328,0.813,0.803,-14.328,-7.123
49.446,89.944,-7.536,10.963,-18.612,-22.727,-0.303,5.552,-11.859,-10.043,8.779,-5.758
47.377,67.587,1.511,-4.725,-38.093,-22.345,14.79,8.172,-1.836,12.182,-9.586,-3.108
46.523,94.036,23.718,-42.627,-56.104,-16.395,7.902,22.255,-22.408,3.215,2.774,3.873
49.388,91.507,10.687,7.876,-13.313,-48.69,-6.255,4.211,-4.601,-9.604,-11.637,-7.142
46.765,81.142,32.972,-5.324,-34.582,-35.329,13.808,-5.84,-5.945,11.678,-9.75,-7.02
47.698,92.744,29.326,-31.538,-49.676,-19.8,11.195,19.472,-21.965,-14.758,5.262,8.925
50.709,75.376,52.252,-25.359,-16.595,1.789,39.732,-0.283,3.396,13.176,-13.249,12.867
51.035,116.279,10.909,5.253,-15.258,-19.412,-7.725,27.603,-25.427,-15.477,10.368,-10.396
51.398,88.081,29.317,-41.99,-13.939,-14.632,-21.64,11.464,2.216,14.458,-3.869,-40.174
53.167,106.689,28.875,-14.35,-33.649,-29.019,-4.28,4.507,13.066,-9.329,-1.875,-8.115
49.63,91.429,-6.043,15.212,-21.638,-33.249,-0.707,-2.917,-6.669,-10.917,5.841,-8.775
48.839,71.282,5.656,-2.299,-49.606,-39.297,16.142,14.818,-7.429,-5.168,2.343,-6.556
50.623,117.465,54.32,-2.65,-50.055,-35.408,5.137,10.167,-11.301,12.376,-11.075,5.073
52.084,99.733,25.232,-6.95,-37.404,-20.28,-3.159,-15.543,-22.967,-2.225,-8.462,-5.268
51.365,94.283,29.684,-48.355,-46.256,-23.586,-15.725,31.817,-5.766,11.685,8.469,-15.324
52.814,107.699,38.209,-11.823,-61.142,-24.229,10.241,2.748,-23.628,-14.479,-4.168,1.828
50.435,99.587,1.593,33.464,-36.599,-43.269,-23.414,-4.107,-22.211,-11.36,-4.883,-11.781
49.641,62.178,70.831,-32.421,-22.223,-32.798,44.8,-19.052,-27.226,17.19,-4.176,9.521
51.975,74.158,22.17,25.752,-20.417,-38.779,24.346,27.516,11.159,-21.969,-19.404,26.338
51.165,109.629,41.674,10.431,-20.146,2.981,2.671,-2.747,3.807,-14.574,-18.321,-9.273
52.811,170.314,31.982,-37.904,-0.136,-15.237,-16.339,-23.956,20.005,12.046,-18.288,-5.89
52.998,147.441,34.193,-13.772,-2.968,-28.153,6.014,-4.753,14.419,15.734,-9.622,14.778
53.232,114.801,28.781,-7.023,-51.798,-9.497,-3.125,25.753,-7.54,-15.297,10.189,-11.146
53.283,77.883,50.619,8.354,6.806,-13.53,33.526,1.825,24.557,-13.351,-3.99,-2.294
52.502,89.04,28.128,26.657,-17.01,-38.229,15.345,11.045,0.525,-5.762,-7.463,-3.567
48.93,69.971,1.889,-13.098,-37.589,-45.261,23.29,-6.783,-7.694,-6.995,-3.18,-10.875
49.717,91.552,-5.846,-19.175,-23.382,-25.292,20.554,20.786,-6.918,-13.013,0.49,-8.89
50.17,88.278,52.182,-21.876,-22.609,-7.104,42.481,6.76,-28.475,7.633,-28.266,3.546
51.646,83.521,55.957,-9.291,-31.15,1.085,51.846,24.733,-26.512,5.991,-1.395,15.538
50.351,69.178,45.606,-3.129,-10.444,-29.258,12.984,17.283,10.126,4.883,-18.938,-0.357
50.762,123.286,-5.271,-1.539,-6.828,-41.712,0.806,5.222,-12.865,-13.004,-14.034,11.454
49.924,95.725,7.303,5.746,1.188,-57.666,-2.165,-0.342,-7.155,-9.268,-14.758,-2.273
48.873,83.981,9.62,-1.036,-31.615,-33.637,4.589,18.127,-10.017,12.286,7.303,6.402
48.719,70.095,27.741,-1.17,-30.208,-26.545,28.633,0.848,3.42,16.001,-5.777,3.855
49.71,79.166,-2.658,11.394,-24.13,-38.671,-0.933,-1.633,-6.38,13.752,-5.643,-10.556
47.891,51.57,20.778,-16.346,-28.548,-48.52,6.407,6.104,2.832,13.923,-19.947,-9.518
50.416,104.622,-16.954,-30.227,-31.53,-42.112,-0.451,50.277,-0.657,-10.198,4.337,1.127
51.491,139.204,6.968,13.087,-6.107,-25.746,-17.385,0.789,-27.118,5.003,-19.733,1.178
51.034,125.01,17.353,-13.366,-1.935,5.46,-7.693,22.979,-3.649,3.869,-21.716,10.135
52.528,98.932,37.228,18.771,-31.707,-8.155,20.005,22.418,-23.536,22.925,-4.535,12.126
51.808,114.843,26.15,-43.341,-9.996,10.223,20.285,20.85,-15.864,-7.17,8.043,11.879
52.067,127.621,45.184,24.412,-6.498,-18.12,13.379,6.872,-15.506,-1.929,-14.194,20.813
51.853,86.567,49.857,-28.167,-15.778,-7.582,29.533,-0.04,-1.776,-0.012,-5.853,15.752
52.949,103.711,52.874,22.735,-5.771,-38.264,49.205,-3.052,13.588,1.57,-11.088,39.407
52.72,145.819,28.114,-10.881,-41.169,-20.442,-22.987,2.044,-2.996,-11.337,-3.668,-19.313
51.475,112.61,12.675,-0.286,-27.459,-27.611,-8.464,0.49,-14.724,3.999,-10.576,0.471
52.212,90.892,67.631,-42.295,12.996,-6.874,48.611,7.664,7.689,20.381,-7.464,-1.114
53.278,85.279,40.986,8.462,8.943,-31.45,54.078,4.601,25.409,29.798,-21.658,13.511
52.278,111.414,16.191,17.709,-51.017,-24.512,-3.599,1.352,-22.878,-19.052,-22.143,3.055
47.956,117.629,8.93,-30.11,-31.583,-24.669,5.579,7.523,-11.012,9.1,-17.564,1.653
49.873,111.833,4.435,-12.317,-31.021,5.293,17.08,6.604,-14.935,-0.037,-8.926,3.392
50.813,101.388,23.698,-29.128,-12.693,-4.964,16.211,22.886,-22.922,10.8,-22.703,13.76
52.303,75.251,37.649,11.188,-39.926,-15.721,39.529,20.099,-27.467,24.364,4.1,8.579
52.888,98.631,30.872,-3.017,-31.65,-31.896,14.462,-0.897,-19.361,-8.949,-12.269,10.894
51.752,120.555,17.873,19.29,4.458,1.183,25.455,-16.667,5.165,4.319,-11.57,22.546
51.414,95.714,29.308,-16.38,-19.073,9.28,25.766,-5.407,-4.889,4.03,-4.346,-7.938
50.062,104.088,4.344,13.566,-27.014,-16.948,6.309,25.256,-18.836,-7.034,10.863,-8.637
47.447,113.524,26.396,-26.936,-53.76,-28.274,10.142,3.789,-27.805,9.384,-8.799,-3.154
48.845,85.226,8.097,-21.507,-35.775,-31.965,12.542,26.865,-15.484,4.334,2.5,-4.073
50.172,89.368,-13.293,1.975,-22.051,-43.914,5.273,10.254,-8.738,3.195,-4.53,4.204
49.402,95.358,-13.824,4.291,-21.423,-27.903,2.622,7.937,-18.553,2.295,10.885,-11.284
49.689,97.89,-28.721,-12.215,-28.72,-38.447,-6.711,24.092,2.592,-10.144,0.795,0.777
47.666,87.162,-3.873,-24.204,-37.457,-36.474,-0.885,7.002,-8.921,3.99,-0.725,7.258
50.213,130.923,0.309,-45.788,-1.996,-1.442,-10.033,-41.689,6.335,-0.887,-23.422,10.722
50.252,107.078,63.941,-45.221,-26.953,-16.001,11.145,4.041,-22.87,7.322,-3.964,7.464
51.955,136.547,71.084,3.737,-38.391,-16.81,13.193,4.204,-15.178,7.187,-21.064,11.307
50.702,80.953,5.17,25.172,-38.052,-48.482,15.093,22.036,-12.232,-0.599,-12.48,9.563
51.444,93.222,26.51,-26.898,-10.873,17.81,23.789,9.897,-17.409,6.697,-10.097,2.246
52.537,110.585,33.204,0.625,-28.661,-30.996,16.484,-25.296,-15.034,10.532,-17.105,12.992
52.787,78.654,40.832,-4.334,3.991,-16.207,40.889,2.759,-2.567,0.183,-9.266,16.001
52.794,66.144,23.73,18.686,27.273,-41.844,27.594,16.264,11.63,3.786,-9.175,2.396
49.366,92.631,-18.324,-0.141,-9.32,-61.994,-24.448,-12.816,-7.83,-2.297,-11.253,-3.042
49.671,85.976,7.0,4.752,-24.04,-24.386,-0.453,-4.071,-12.569,-0.828,9.37,-2.658
49.308,65.196,51.873,-40.585,-30.344,-10.831,16.316,11.531,-24.341,2.828,-21.02,5.584
52.119,61.241,47.773,-25.575,4.082,7.01,43.094,1.535,-14.726,6.372,-13.861,17.575
53.184,34.313,39.259,15.481,23.75,-46.805,4.408,-20.143,-23.869,22.021,-22.629,9.794
52.599,51.694,64.559,16.545,-14.889,-46.513,14.626,21.811,-27.13,-2.063,-0.849,-2.789
50.79,75.612,40.493,15.737,-54.687,-30.892,-16.015,-8.148,-20.002,-3.682,-23.336,-24.826
50.958,98.137,36.522,-15.515,-52.601,-14.171,-14.221,-0.974,-5.635,1.001,-10.171,-21.815
51.924,55.916,66.774,0.305,-16.659,-16.403,40.142,-1.045,-22.879,16.636,-9.353,10.566
51.24,59.733,35.009,47.799,1.962,-48.195,23.839,21.972,6.262,17.847,-3.571,10.223
45.43,114.863,84.552,5.394,-3.146,-24.716,-6.783,-1.391,-12.594,-14.515,-11.295,-17.774
50.825,75.222,-0.212,3.408,-18.805,9.5,15.649,8.154,-0.615,9.248,7.392,-2.938
51.181,84.703,31.794,30.751,-45.191,-16.955,36.643,12.975,-26.306,-4.294,-14.322,37.133
47.434,108.069,54.644,1.552,-26.923,-21.175,27.185,3.961,-12.609,-11.661,-9.367,3.474
46.793,114.129,88.053,5.039,11.827,-27.456,12.96,5.928,5.578,-0.941,-12.668,-12.208
47.787,92.466,57.94,-47.431,-5.513,-8.774,6.377,8.529,-5.272,8.543,-24.97,7.962
48.606,76.098,26.907,-26.564,-31.363,-19.539,13.192,-2.309,-3.124,0.606,-17.848,-0.06
48.282,113.84,21.098,15.49,-0.255,-22.516,7.592,-8.317,29.485,-8.518,-22.084,-14.65
46.569,82.335,51.83,-27.588,-28.178,-13.546,-4.869,-5.623,-37.213,-11.397,-10.2,6.656
49.616,77.016,55.197,-51.703,-32.335,7.317,-0.867,-8.026,-34.651,9.292,-25.598,7.744
50.802,43.687,60.212,-43.19,-12.368,-6.027,38.687,-10.403,-15.074,0.46,-10.755,-0.347
52.574,30.901,78.731,2.173,-12.55,-26.533,17.684,33.301,-19.965,-6.935,-14.129,-2.434
51.08,127.661,104.932,22.545,-30.865,-16.327,17.683,18.485,-8.317,-6.2,-18.28,-16.743
52.524,77.555,63.074,-21.785,-18.587,-19.69,24.684,1.79,-12.733,6.907,-17.163,18.279
53.353,83.339,32.369,8.978,-29.718,-33.254,15.768,33.803,-18.103,12.255,-19.428,26.621
53.227,118.834,28.754,26.775,-28.59,-7.17,17.437,-11.43,-18.122,-5.616,-19.679,12.14
49.86,95.019,70.012,-3.539,-5.597,-19.273,33.451,9.961,7.528,4.631,-8.132,1.121
51.13,108.235,44.329,-29.003,4.334,-15.93,23.343,28.415,-1.894,12.32,-16.533,-0.145
50.006,123.476,27.913,12.624,-16.208,-34.179,17.35,-1.741,-12.881,-5.534,-9.254,9.718
47.514,113.943,109.315,1.631,35.776,-17.471,12.537,0.738,10.091,17.826,-20.274,-5.875
49.134,87.924,41.619,-41.671,-14.916,4.265,20.035,9.418,-3.244,9.199,-24.736,13.549
49.638,90.437,43.209,-0.111,-36.363,-9.59,15.399,12.709,-14.018,-6.983,-21.579,-0.378
47.824,120.111,48.337,14.197,-23.093,-22.793,-1.865,7.994,-9.781,-7.389,-23.631,6.041
46.995,116.308,72.981,-17.403,-17.926,-19.143,-7.832,13.896,-30.8,-7.043,-1.594,-2.146
53.829,95.845,37.657,-23.189,-25.356,-12.088,-0.754,1.308,4.713,1.429,11.416,3.334
53.026,83.918,79.152,-2.136,-29.901,-30.72,53.035,7.937,3.021,7.849,-2.479,25.49
52.908,114.527,97.029,25.17,-25.374,-31.917,44.648,28.895,9.057,-5.258,0.546,0.315
53.651,103.614,51.121,9.629,-28.121,-24.39,-8.159,9.957,-16.85,27.795,8.933,-8.085
52.226,118.115,91.19,18.416,-2.143,-35.578,18.332,2.886,17.491,5.273,-12.894,-28.916
50.346,84.164,36.031,-17.479,-5.987,-4.779,0.177,12.104,1.104,1.459,-14.433,-9.374
50.435,106.352,16.987,9.4,-33.212,-18.064,21.849,-5.87,-6.52,-7.686,-21.168,17.113
47.636,86.06,33.518,-10.195,-32.426,-30.262,10.454,17.48,-2.685,-0.564,-8.757,-0.363
46.757,104.522,103.529,-13.067,4.706,-18.045,20.78,3.799,-0.545,-2.165,-27.411,-11.556
49.979,92.38,25.181,-14.451,-17.325,5.169,26.001,0.908,-12.439,16.021,-16.421,9.137
49.302,85.294,25.23,-1.298,-34.799,-28.13,21.868,1.757,-15.397,-1.182,-15.909,1.046
48.278,99.968,62.233,9.809,10.295,-19.43,23.698,17.244,13.361,-6.261,-13.959,13.66
46.787,124.193,46.294,7.568,20.123,-18.089,-9.866,6.778,5.663,-8.981,-2.177,-10.27
49.391,107.348,62.825,-71.779,-11.034,3.803,15.147,-59.429,-18.818,13.459,-9.516,10.925
51.792,56.059,88.261,-9.124,0.686,-24.763,3.659,50.595,-5.414,-10.276,-4.786,-14.878
51.694,162.274,104.797,25.15,-10.795,-24.553,-15.262,-9.887,2.051,5.241,-3.213,-29.665
52.198,87.075,34.903,6.527,-25.239,-50.687,-15.061,-0.41,-2.902,13.489,-8.766,9.01
52.887,56.258,80.685,17.978,-26.375,-37.408,43.493,2.835,-22.711,1.599,-0.087,2.946
53.26,71.464,60.386,-0.182,-6.942,-38.245,40.405,30.834,13.598,4.73,-1.09,17.942
52.508,90.17,42.84,16.987,-3.934,-14.908,-2.258,12.995,-3.882,-1.883,-9.88,16.946
51.743,95.452,41.613,8.323,-6.102,1.795,8.326,2.209,2.255,-5.868,-35.999,5.425
49.737,82.81,66.478,-52.875,-19.596,-9.679,31.146,22.068,-8.328,-8.945,-12.544,9.41
52.777,82.019,73.009,25.818,-5.43,-34.592,50.329,2.154,-15.372,-6.833,3.314,17.946
53.382,82.222,88.966,6.434,1.474,-17.055,50.737,18.328,-21.944,-6.645,-2.309,29.231
53.097,82.074,55.508,13.043,-18.547,-35.544,53.237,2.309,-16.732,-9.328,-3.166,36.86
52.529,70.548,80.622,35.586,3.636,-28.584,51.057,20.742,-15.669,-12.456,12.462,28.339
50.989,101.861,109.156,30.646,-2.042,-39.196,45.027,-2.7,-13.49,-2.638,1.622,18.964
52.305,76.897,79.857,13.247,-9.457,-10.785,47.38,7.299,-11.488,-1.989,-9.362,36.959
51.951,67.209,70.732,-20.252,-18.644,-34.274,54.824,9.561,-2.7,-5.692,-8.476,23.378
52.195,65.882,67.183,9.981,-13.383,-22.581,61.82,19.065,-2.475,-25.928,-18.364,37.78
52.582,77.244,62.292,-5.894,-32.809,-30.767,40.418,22.053,-25.989,-4.353,7.497,21.708
52.893,62.231,54.565,8.132,-4.827,-10.309,44.227,28.438,-6.67,-10.424,-1.822,30.386
53.193,84.004,51.157,0.89,-24.156,-40.678,16.2,11.195,-17.871,-17.836,-2.476,23.113
53.181,78.07,60.558,21.556,-16.208,-41.895,34.663,13.808,-11.558,-12.515,-14.099,42.099
53.116,84.548,51.78,-2.003,-32.732,-26.332,45.164,6.72,-18.343,-2.491,9.938,20.736
53.257,69.11,51.436,6.971,-16.941,-32.18,44.445,21.265,-15.495,-1.974,-8.884,41.678
51.304,76.089,68.861,-7.107,-35.139,-32.936,60.287,18.873,-9.196,-4.608,4.893,27.369
52.725,85.993,55.006,5.606,-15.309,-28.776,64.299,44.945,-4.7,-16.142,10.491,28.625
50.95,87.415,23.054,31.359,-14.412,-39.823,31.068,9.402,-18.577,-9.746,-9.559,21.587
48.19,78.524,-4.72,2.617,-45.693,-47.493,10.47,15.593,-2.318,-10.458,0.292,-3.929
46.536,87.584,17.56,-38.181,-29.309,-13.728,6.567,24.102,-3.045,-5.757,-19.822,-6.083
46.333,76.129,6.156,-12.652,-35.88,-29.59,7.113,7.311,-1.937,12.269,-6.777,-5.448
46.713,90.731,9.861,-33.265,-49.96,-45.668,3.872,11.615,-0.16,-2.236,-7.007,-8.634
48.643,134.469,6.478,-10.766,-3.418,-3.306,-5.699,8.427,-30.003,20.528,-24.27,-8.477
50.123,85.668,68.883,6.737,-1.496,0.996,23.319,-24.385,-34.224,11.149,-4.112,1.551
50.838,68.93,66.615,11.104,-13.731,-32.986,-8.181,31.94,-15.981,-3.232,-0.379,-11.265
49.359,109.084,91.605,-13.997,-11.661,-5.447,24.328,2.581,-14.057,-9.372,-6.492,4.003
52.486,91.978,51.207,9.587,-4.289,-36.916,12.554,18.375,4.702,10.604,12.514,24.892
50.833,119.657,53.499,50.552,5.45,-41.039,-4.937,15.074,-7.641,-8.808,-17.195,32.869
49.195,100.925,35.341,6.244,-10.273,17.16,4.653,-1.095,1.38,-9.354,-27.443,2.143
49.049,103.846,51.409,7.77,-36.183,-9.527,35.301,-6.962,-16.379,6.604,8.427,11.829
48.282,88.765,4.868,40.183,-10.09,-41.444,12.773,20.069,-7.369,-7.804,5.075,10.062
46.016,84.202,-2.672,-22.715,-27.572,-42.731,16.599,25.72,-5.374,-7.326,6.406,2.941
46.852,107.733,-9.158,-3.658,-15.761,-35.738,2.691,1.88,-8.267,0.644,14.692,2.777
46.61,94.35,-11.56,-5.9,-3.455,-64.39,-2.396,-7.818,-8.404,6.237,-11.328,4.233
46.041,97.891,6.409,1.11,-20.342,-41.012,8.989,7.729,-7.196,6.192,15.308,3.75
45.97,94.722,-4.256,-1.022,-15.982,-63.286,7.426,2.98,-17.569,-6.504,-6.95,8.797
45.623,96.535,4.727,10.802,-18.376,-37.289,-3.179,-3.856,-22.167,-6.951,2.983,9.629
44.732,88.436,-9.96,3.219,-26.652,-57.979,-5.729,-5.425,-15.968,-3.438,-12.346,2.946
43.565,87.274,-3.491,-49.879,-37.659,-26.927,5.567,21.48,-13.124,3.508,-0.504,1.643
46.945,111.311,24.346,-57.72,-29.247,-4.181,-12.951,-1.443,-18.26,0.491,-2.471,4.293
47.992,115.832,9.12,6.581,-12.092,-19.39,-12.899,21.778,-5.518,23.418,-33.579,3.518
46.869,144.856,47.356,-45.833,6.698,-22.06,22.866,-28.804,-17.847,14.454,-7.727,-8.727
48.875,108.454,59.211,16.276,-23.461,-46.75,21.577,30.68,-25.527,-15.719,0.945,20.338
47.343,98.196,8.968,-13.442,-25.657,-37.463,-26.196,-1.221,-3.749,23.889,-1.343,1.092
48.222,144.811,54.993,-4.016,-2.237,-1.139,-4.971,11.827,-6.812,-10.416,-25.2,8.625
46.927,117.936,18.014,44.351,11.121,-2.16,8.68,-16.6,-9.686,-4.831,-15.154,27.228
46.451,127.351,38.097,-35.585,-33.121,-33.009,-27.418,15.694,18.995,-0.396,4.56,-18.22
49.043,143.09,43.749,26.246,-2.022,-38.35,21.712,-6.384,-14.68,2.418,-13.941,14.269
49.017,118.284,38.643,11.983,-13.813,-34.276,41.481,24.902,-22.883,-6.613,-5.304,25.563
46.326,130.374,43.212,-21.997,-21.688,-15.66,-24.156,9.797,0.573,5.426,-5.394,-26.222
46.486,148.369,29.711,-10.371,-30.847,-15.569,-16.212,12.842,4.184,4.054,-4.936,-12.205
44.462,124.803,13.409,20.769,-26.629,-21.875,-18.339,-23.41,-2.081,4.561,-41.562,-15.126
41.328,96.606,-2.444,-2.118,-10.055,-8.039,15.548,18.312,-0.999,-7.111,-2.327,-9.75
39.523,64.742,-7.546,0.517,-43.46,-52.537,3.248,11.995,-11.086,-4.214,-9.542,4.104
39.215,86.817,8.577,-17.89,-63.909,-46.264,-2.506,21.226,-15.513,-2.529,5.493,-7.565
41.372,110.881,38.179,-21.507,-19.008,-0.387,15.764,-27.468,-4.614,15.63,-25.36,0.151
41.022,40.526,68.893,6.688,-9.438,-47.649,17.811,7.152,-20.445,-2.458,-12.743,8.506
40.881,57.998,47.838,-17.198,-17.705,-16.198,3.466,42.054,-0.948,-2.927,-0.737,6.5
40.989,56.646,78.401,8.449,3.894,-31.698,33.978,14.3,-9.674,-2.768,-14.977,8.962
40.053,58.881,-1.819,25.12,3.837,-55.727,-21.453,5.078,6.361,5.79,-22.676,-20.712
38.355,91.688,6.771,-15.782,-25.955,-4.162,12.809,20.127,-19.399,-6.188,1.314,7.134
38.229,97.448,9.698,-1.576,-14.609,-58.951,4.774,-0.386,-26.489,3.823,-9.951,21.353
39.158,101.223,4.859,-2.511,-29.669,-5.037,-7.088,9.245,-9.256,-0.242,-7.219,-7.134
38.193,84.704,32.438,31.342,-27.127,-10.879,13.726,5.071,-4.472,3.218,-22.496,4.106
38.963,95.321,38.466,7.354,-26.988,8.087,25.99,4.126,-12.207,1.192,18.739,4.09
38.157,62.926,46.685,25.212,-17.413,-36.463,24.697,12.689,-11.4,-2.949,-19.063,31.905
34.257,58.725,14.793,-2.045,-34.808,-49.86,3.882,5.415,-9.949,1.614,-5.27,-2.843
34.114,46.436,12.481,4.989,-34.772,-64.144,-0.633,2.074,-13.397,8.548,-8.512,7.462
34.205,49.314,-0.335,1.789,-21.408,-62.942,-15.8,-7.814,-21.677,7.662,-9.827,1.022
33.25,58.366,-3.676,16.154,-32.259,-42.997,3.463,-6.264,-10.335,10.506,2.561,2.312
32.464,60.218,-14.383,3.419,-24.229,-55.609,-9.023,-6.838,-10.422,11.425,-2.533,-5.194
31.026,64.641,25.758,-27.534,-37.012,-20.891,7.288,4.035,-9.979,-4.799,-12.075,1.478
32.564,53.275,14.629,-5.76,-44.618,-48.944,-2.587,-4.355,-7.886,4.342,-5.504,-1.875
34.858,62.466,34.065,-45.668,-1.383,-23.242,21.377,21.865,10.42,2.836,9.132,18.705
36.999,86.053,42.567,2.96,8.183,-48.489,29.801,-0.095,-3.299,18.062,-8.658,-0.752
36.585,96.825,48.097,14.68,6.763,-52.163,31.941,14.47,18.147,11.167,-12.5,12.772
35.01,78.407,45.909,33.203,-23.828,-36.528,41.571,6.25,2.409,-3.385,-15.205,5.011
28.81,29.85,74.693,1.512,-17.508,-19.508,43.057,20.648,-2.152,5.67,-6.232,-23.328
29.378,35.241,56.354,25.259,3.562,-41.335,50.963,-11.059,13.001,5.267,-25.195,-9.141
28.589,62.72,36.441,-3.442,2.133,-25.482,46.647,24.52,1.97,-1.016,-6.931,-6.948
27.812,52.646,53.084,9.177,6.635,-48.953,45.207,20.656,20.137,-5.547,-7.576,11.725
24.803,59.004,54.61,57.994,18.208,-35.581,41.209,2.545,14.222,12.169,-47.874,2.184
17.685,43.13,-20.372,2.735,-39.408,-51.12,-7.646,11.633,-10.613,-2.971,-9.225,0.688
15.735,27.954,-39.146,21.816,-46.54,-41.197,-3.665,23.891,-14.285,0.208,-5.853,-8.651
12.757,36.709,-45.257,-17.909,-42.437,-28.969,-5.386,37.997,-32.1,9.006,4.999,-9.541
11.463,40.12,-48.999,-10.884,-12.962,-45.975,-16.272,28.828,-18.886,1.723,1.761,-6.28
8.745,54.435,-43.06,-41.324,-6.36,-46.624,16.688,7.259,-27.268,6.925,-7.798,-23.563
9.106,36.344,-66.73,-30.27,-6.788,-47.809,7.491,31.317,-37.385,-0.655,2.407,-4.051
8.15,31.888,-84.54,-41.193,7.23,-64.003,0.927,24.914,-22.175,-13.138,-0.742,-12.692
7.362,47.622,-66.05,-29.339,23.847,-57.14,-0.729,27.344,-14.782,-6.08,-7.307,-7.573
6.76,41.153,-99.053,-54.768,19.29,-54.126,-0.372,25.722,-18.063,0.096,-3.761,-9.278
6.457,50.735,-104.5,-32.922,7.008,-52.68,-3.757,42.842,-28.805,-6.65,-0.944,-4.794
4.034,84.705,-80.415,-43.846,28.949,-58.013,-3.792,27.678,-18.431,-5.93,-1.888,-5.312
3.683,92.516,-93.102,-43.029,14.704,-54.876,2.188,38.048,-21.385,-1.053,2.918,-10.288
2.241,122.339,-56.54,-43.615,28.932,-43.689,3.843,20.871,-33.433,6.891,0.014,1.949
2.36,121.378,-64.171,-37.656,21.257,-55.955,8.088,30.704,-24.926,-7.037,2.071,-4.773
2.212,124.413,-60.43,-39.978,22.638,-51.592,10.784,26.408,-27.441,-0.201,0.51,-3.359
1.171,146.29,-28.995,-36.228,36.294,-52.613,12.532,15.263,-27.98,-5.01,-5.023,0.262
1.915,131.354,-53.845,-40.411,21.521,-57.364,16.123,21.956,-24.414,-8.878,-4.434,-2.572
1.609,137.915,-45.067,-38.868,25.959,-54.602,17.844,19.944,-25.232,-4.9,-5.091,-3.328
1.678,135.831,-45.052,-40.183,27.228,-54.567,13.928,18.235,-26.712,-6.598,-5.253,-0.6
0.848,154.398,-21.875,-32.214,37.205,-56.002,19.921,15.916,-23.198,-5.702,-5.486,-7.374
