0.008,171.062,9.724,-28.629,57.506,-50.166,15.137,5.177,-27.35,0.884,-10.383,-7.028
1.618,161.298,44.306,-18.677,51.601,-41.108,46.417,12.049,-58.026,-4.911,-8.181,12.344
3.238,151.444,71.827,-7.279,51.699,-37.994,62.011,11.374,-53.223,0.162,-7.575,5.299
6.442,164.768,124.891,-8.462,25.456,-30.476,61.932,8.998,-29.93,4.722,-1.677,1.297
10.351,165.021,158.058,29.208,21.472,-23.904,50.145,6.934,-14.382,9.706,-9.277,-3.856
12.335,183.067,178.438,9.055,13.366,-24.952,37.999,-7.165,-1.879,2.219,4.901,-16.267
15.904,207.551,195.043,36.132,19.509,-27.231,29.487,2.762,9.847,12.544,-2.54,-28.474
17.786,197.656,210.77,40.716,41.504,-26.018,39.778,1.673,12.163,16.898,-11.159,-34.872
19.727,214.115,216.094,35.838,45.49,-21.676,32.973,2.985,8.363,1.614,-4.901,-31.539
22.127,239.797,194.77,41.299,74.025,-26.665,20.724,4.879,13.659,-2.49,-3.423,-21.087
33.773,97.543,144.867,-39.188,67.213,110.328,-36.172,-48.498,-33.533,64.246,-52.951,-16.942
42.942,0.561,73.353,-35.785,20.687,-28.937,-49.862,-30.275,-14.038,21.625,-30.886,-13.427
42.89,46.187,36.251,-2.158,-28.99,-22.05,-11.488,-2.387,6.913,-14.484,2.27,-27.302
42.982,-28.665,65.183,52.844,15.693,-40.805,-17.943,8.519,-7.456,18.484,-26.609,-11.818
44.271,-24.078,4.122,6.494,-3.416,34.316,3.603,-16.101,-0.995,12.873,-6.154,-18.296
40.932,12.625,14.409,21.274,-12.878,-9.912,-32.923,-25.901,0.127,-12.676,-19.198,-10.817
46.072,-51.343,41.062,57.27,16.399,-49.751,-21.673,-14.232,-12.025,24.673,-11.215,-5.275
40.342,-24.945,22.171,67.733,-3.157,-53.655,-40.926,-24.935,-8.325,7.811,4.472,-12.76
44.662,-12.414,-4.845,27.636,-12.791,0.667,-5.1,1.924,2.188,29.323,26.998,-24.613
46.616,38.859,76.091,44.022,10.58,-16.934,-18.653,5.043,0.711,-6.12,-10.641,-18.541
45.781,-31.178,-5.903,15.938,-20.485,-51.774,-1.004,-3.906,-1.912,9.81,-22.803,-9.275
46.722,-28.029,38.229,23.158,19.839,-31.984,-40.885,-18.826,-8.544,5.913,12.78,-11.137
48.332,-31.296,59.628,3.505,62.35,-1.638,-29.459,-5.531,-1.594,1.357,21.546,-7.819
47.508,-54.699,17.142,15.296,32.445,-24.235,-5.641,-5.057,4.922,8.07,-2.249,-14.667
44.361,-29.555,39.149,21.022,30.475,-21.049,-12.498,12.174,28.208,-12.873,-20.613,-4.91
41.981,-11.651,63.89,66.975,23.097,-51.946,-20.908,10.507,-6.723,21.837,1.6,-18.93
44.241,-6.321,6.457,-7.385,-2.152,29.8,0.528,-17.493,-4.781,22.027,-11.689,-18.659
45.299,12.419,57.74,40.391,4.816,37.756,8.748,43.793,-10.589,-25.659,-40.488,-17.826
48.455,25.844,65.591,23.177,36.967,58.573,6.544,-19.072,-9.668,28.974,9.81,-29.613
47.256,-1.977,89.676,16.985,58.729,-17.842,-19.256,3.534,-5.829,-0.87,-1.52,-46.021
47.991,21.451,-11.445,-13.453,13.299,-44.161,13.685,11.67,-6.253,-13.782,-11.295,-18.664
47.949,8.827,55.039,48.037,16.103,-33.271,-5.02,-11.409,2.204,22.74,-28.976,-21.519
47.22,14.967,119.667,34.262,53.327,-15.476,-11.705,-8.257,19.041,3.626,-2.319,-48.668
47.704,-35.22,18.086,2.425,21.648,-49.682,4.453,5.784,14.325,23.783,-4.345,-47.251
46.302,6.039,67.3,27.472,24.239,-33.96,-6.025,2.576,11.35,3.517,-11.243,-44.704
47.547,21.688,76.449,-20.594,60.187,2.257,-2.98,-0.918,-33.683,9.396,2.843,-16.054
50.364,-34.544,32.581,21.966,36.494,-43.478,-10.216,-11.469,13.21,10.991,-2.158,-25.375
45.535,-52.593,24.329,19.108,25.056,0.273,-0.93,-0.627,9.088,-20.068,-14.623,-6.448
41.121,1.746,26.259,30.235,-2.774,-13.994,-33.047,-9.712,8.044,-19.842,-24.757,-25.265
45.079,-38.998,42.035,57.866,23.634,-32.071,-26.249,-18.241,-13.081,30.225,-5.157,-3.473
40.214,-4.182,41.099,70.881,15.726,-58.068,-55.79,-14.884,-4.558,0.076,7.307,-7.152
45.483,-14.604,9.619,37.511,-18.529,-49.794,2.137,18.253,-7.989,23.11,5.256,-8.402
46.795,49.366,101.343,45.209,22.547,-11.418,-7.546,8.68,-4.257,-12.674,-14.98,-3.824
46.318,-17.853,10.392,15.758,-25.704,-54.36,11.672,4.716,-1.559,3.969,-28.153,-2.823
43.272,10.487,35.15,28.392,-18.568,-16.367,5.341,-2.653,-1.807,-13.452,-9.009,-8.783
44.7,-25.866,61.921,23.125,32.616,35.92,7.21,-23.87,-13.265,16.776,6.82,-10.407
42.357,-27.859,58.867,-3.9,20.741,-14.09,-41.812,10.339,4.66,-19.62,14.544,-17.1
45.836,-40.503,10.478,20.175,-18.332,-59.285,-5.312,0.531,-9.028,10.566,-22.467,-10.566
40.318,10.884,22.12,21.58,-15.682,-6.276,-17.654,-5.742,3.93,-23.546,-10.313,-14.236
43.452,-39.817,56.913,35.397,16.551,-57.28,-16.004,8.726,-12.005,26.339,4.87,5.366
46.46,-14.783,18.648,28.874,3.683,-52.342,-11.161,0.867,-8.72,4.866,-18.61,-16.244
44.528,-42.581,57.463,40.039,25.637,-61.463,-32.211,-16.871,-18.84,15.928,-14.501,-0.042
42.096,7.681,89.376,16.936,40.419,-63.759,-91.459,-32.364,-5.934,14.41,3.92,-26.37
45.555,-43.997,-2.319,24.476,-12.644,-53.056,-3.414,-16.87,-4.405,11.037,-22.777,-11.937
41.168,-18.884,14.323,42.848,-2.226,-46.723,-39.936,-20.523,8.846,3.02,-14.626,-31.447
44.108,29.451,76.638,63.533,16.574,-15.486,-33.424,20.099,-6.339,-15.106,10.12,-11.09
44.475,36.398,130.585,41.477,105.319,11.81,-32.927,7.198,11.953,18.238,-4.05,-30.713
43.966,79.613,56.548,24.074,48.777,-49.938,-49.62,61.354,9.058,-8.248,17.012,-5.267
47.446,109.262,37.499,-103.013,-11.818,15.675,-27.031,-28.352,-17.518,38.246,-22.497,-1.087
52.478,68.24,22.153,-0.552,31.231,-16.932,-35.783,3.008,21.398,22.051,-1.744,-10.711
51.587,43.782,65.84,16.34,42.33,-11.45,-29.707,15.685,-22.359,18.874,-12.483,-21.458
49.898,23.008,0.481,9.69,4.466,-16.571,-4.844,27.13,-0.694,3.9,-47.718,-0.807
49.044,14.641,46.513,5.814,46.801,-2.297,-25.552,9.203,-3.957,27.283,-13.268,-34.05
48.308,-9.134,31.249,-15.592,36.18,14.977,-36.735,-0.509,-12.25,-13.883,-42.148,-4.568
46.159,-31.922,32.72,-12.956,58.909,-35.514,-19.268,-8.626,-13.677,-0.852,-1.106,8.454
47.153,-17.798,-12.153,-11.253,-19.892,-78.48,7.82,6.316,-9.565,7.301,-9.633,-15.352
47.248,-46.823,-8.154,26.95,22.391,-18.669,-23.196,16.989,-0.847,-1.62,-26.586,-13.234
45.715,-2.988,36.333,-60.115,16.844,29.365,-18.852,5.896,0.975,0.822,-12.312,-2.44
47.589,21.148,-1.95,-15.375,-3.247,-3.218,8.616,4.834,-12.041,17.805,5.25,-2.203
45.413,41.25,31.195,50.349,-12.848,-64.876,-18.774,-10.007,-22.62,-4.625,-11.508,0.683
46.566,0.161,5.223,72.873,-5.621,-46.544,-15.492,-6.869,-6.608,13.939,-16.228,-2.581
45.2,-28.838,-8.374,24.19,-34.531,-67.684,7.711,-10.406,-4.585,19.744,-17.156,-5.076
45.095,2.146,26.971,67.523,-8.11,-16.274,9.347,-5.083,5.291,-1.641,-26.933,-13.468
48.019,49.136,68.42,-72.705,30.446,59.094,-26.871,26.401,-1.407,-0.937,-2.393,-26.294
50.057,41.092,5.64,32.996,6.574,-16.557,-8.958,2.212,2.569,12.145,-35.726,-12.528
44.942,4.821,29.773,91.426,48.38,-9.226,-39.911,-1.345,4.491,0.841,-32.885,-12.598
49.109,30.045,39.621,-6.172,12.888,68.383,-9.006,-3.43,-24.164,33.079,10.215,-24.25
48.152,3.633,40.864,42.429,56.546,-11.728,-40.773,-9.025,10.397,-2.003,-28.183,-11.8
49.68,3.939,31.246,-12.414,35.037,14.736,17.75,-2.284,8.776,38.369,7.073,-26.966
49.428,0.442,55.857,8.084,36.224,-27.628,-7.357,17.518,25.392,-1.845,-25.688,-5.257
47.171,17.274,20.321,100.787,48.513,19.801,-21.465,-34.331,0.04,8.598,-44.377,1.983
49.648,16.016,-1.488,-6.445,19.097,-25.887,2.43,5.4,0.187,12.972,-14.595,-18.484
48.311,68.508,77.741,-2.559,8.901,-6.529,-28.984,9.002,-44.858,-3.26,-2.616,-38.888
47.657,-24.793,14.059,103.465,24.779,-50.073,-36.572,7.15,2.112,7.358,-31.282,-12.655
47.752,-26.75,-8.122,1.415,13.669,9.802,10.571,5.366,-10.542,23.438,43.124,-10.103
48.151,21.256,32.018,-34.82,17.81,-1.164,-12.676,9.051,-0.676,-6.708,-22.388,-5.287
50.292,13.422,73.209,10.414,40.128,-3.563,-40.178,7.387,-20.343,17.178,-7.656,-25.364
48.879,-6.665,8.669,43.249,21.347,-3.158,7.041,-2.942,-7.308,12.194,-20.469,-7.446
49.001,22.589,45.646,13.901,61.777,11.941,-31.559,-4.545,-11.914,2.462,-24.425,-30.992
47.81,-4.776,8.692,48.732,29.114,-61.98,-23.932,-1.818,-12.78,-1.34,-9.74,1.886
46.835,-16.783,36.146,17.643,46.357,-24.818,-17.726,18.191,-19.192,-7.7,-22.87,-26.733
47.295,-35.213,-32.193,24.923,19.494,-46.242,-15.588,6.512,-11.195,-7.042,-32.192,-4.754
42.638,-49.099,9.712,82.495,35.8,-17.703,-34.48,-23.415,-5.941,9.483,-4.838,-5.793
46.781,-26.251,-22.444,1.706,14.797,-30.522,-1.93,-21.929,-4.178,23.773,12.897,-17.042
45.178,-7.052,16.035,36.573,-4.498,-68.773,-46.121,-9.159,-27.615,8.055,-17.829,-12.983
47.515,13.407,69.24,-53.451,42.142,45.915,-8.544,-4.983,-1.301,9.109,-31.031,-13.222
47.972,6.256,68.993,-19.616,59.201,-2.998,-3.237,7.257,20.715,1.908,12.49,24.589
49.876,-23.46,12.16,30.038,14.957,-48.566,-29.762,17.886,10.944,15.938,-23.229,-13.381
46.254,0.555,68.402,30.601,22.776,-21.595,-16.206,7.744,-5.271,19.936,-20.273,0.647
48.902,-17.753,3.413,31.993,6.993,-44.081,-0.217,5.57,5.078,14.444,-6.329,-8.104
43.933,-6.189,40.713,77.331,28.58,-12.313,-30.641,0.892,10.775,-3.672,-28.508,-8.078
47.828,-8.542,9.317,47.477,16.556,-38.971,-30.294,-28.407,-9.195,17.386,-1.499,-5.909
45.035,-6.297,62.912,-2.839,14.936,-76.002,-59.225,-0.723,-3.331,21.282,-3.76,-16.834
47.107,-47.294,3.943,14.78,-12.29,-52.853,-11.546,-17.546,3.172,4.171,-34.653,-16.794
42.896,-20.994,11.346,34.802,2.883,-0.519,-39.773,9.116,16.792,-15.884,-25.914,-35.053
44.589,11.479,71.578,-38.024,14.347,67.284,-9.961,12.048,3.066,-21.106,-4.149,-20.815
47.433,1.767,2.516,-6.074,-25.932,-61.875,3.343,2.558,-14.927,-8.069,-12.978,-19.732
49.237,21.423,29.767,32.192,12.58,23.375,-13.602,17.761,-17.197,-23.132,-12.493,1.468
50.358,76.994,52.47,-4.508,19.393,3.128,-64.746,12.824,-13.16,-12.171,5.562,-15.773
52.327,25.859,44.523,25.887,36.425,-40.211,-30.932,17.122,4.311,10.596,-4.467,8.052
49.511,118.517,12.393,-2.813,1.239,-11.804,-46.332,-0.6,-41.994,-21.028,-19.192,-21.687
49.04,30.535,-9.733,42.362,-40.857,-1.475,-3.667,-33.041,-11.886,7.183,-5.589,-13.628
46.169,9.896,-4.281,35.296,19.321,22.588,-8.82,7.42,18.097,-29.907,-24.704,1.348
47.505,77.9,3.904,13.929,40.577,74.16,-1.032,-38.365,7.987,-16.351,-28.015,-1.366
48.146,5.431,-23.069,-0.003,41.03,-3.844,4.273,41.672,-10.466,1.743,19.061,-18.917
49.044,53.486,17.283,19.239,43.615,-6.92,-25.88,3.268,34.881,-10.111,-14.447,6.302
46.284,19.386,9.448,60.292,46.124,11.918,-41.355,-16.802,15.32,-0.468,-37.608,23.715
48.692,29.428,11.766,-0.709,45.509,72.213,-25.266,-4.259,-9.554,18.198,16.754,-10.598
47.496,33.409,-1.557,10.306,7.047,-16.933,-55.523,2.678,-9.271,-11.202,-23.808,-2.335
46.763,-24.907,-26.398,42.159,16.397,-21.194,-6.566,9.951,-6.212,20.584,-15.599,-1.487
48.85,6.608,38.628,17.362,9.318,19.632,-19.45,-3.068,-12.35,-0.987,-9.602,1.284
44.215,26.697,43.392,50.207,-24.05,-64.862,-11.806,-15.388,-31.543,9.456,-19.115,-5.181
47.289,18.436,49.943,-13.798,15.0,51.314,0.547,-7.868,1.711,0.885,-5.808,-12.178
50.572,44.465,40.272,51.302,46.222,1.928,-18.028,17.913,-14.126,-14.749,-32.464,-24.971
50.366,57.935,-19.585,-2.116,22.574,8.211,13.136,-11.402,-12.567,10.805,-5.448,7.463
50.115,28.038,29.84,61.225,17.707,2.418,-17.439,-0.08,-7.279,-4.99,-38.847,-6.833
51.455,73.736,69.165,-10.151,22.838,5.81,-45.407,24.613,-20.602,27.323,0.777,-28.027
49.944,35.667,-16.524,52.57,12.051,-15.435,-6.651,3.541,-26.32,46.805,-28.582,-4.173
45.052,50.707,-20.563,79.612,-6.57,-1.892,-23.079,-24.075,-4.849,-42.776,-31.637,2.13
45.966,63.354,-35.849,-0.771,76.978,-4.406,-0.871,-17.506,-21.982,4.884,16.325,25.401
50.172,8.661,50.182,-34.792,81.259,8.173,12.731,-19.954,4.806,4.34,-3.486,7.125
48.866,-1.896,5.556,63.255,30.441,-26.225,2.141,0.785,5.672,16.395,-19.759,-3.212
45.985,0.932,5.096,36.493,30.271,-23.675,-31.575,17.781,1.467,-2.923,-22.918,-17.255
42.878,-46.091,44.48,57.169,16.8,-67.915,-26.304,-8.955,-2.895,34.56,-27.611,-7.668
46.118,17.48,-24.105,20.672,-15.711,-13.743,25.687,0.637,-17.189,13.266,11.604,-8.184
47.011,13.307,24.227,-6.275,14.009,11.025,15.165,-8.134,-20.297,-1.972,9.199,-0.801
49.039,28.673,53.32,51.938,45.864,-14.042,-15.442,-11.748,-7.114,6.195,-31.648,-1.118
51.067,27.838,20.611,-3.3,39.87,-44.833,-30.215,13.696,-0.431,13.106,0.982,-2.056
48.267,1.099,4.139,-31.92,32.943,-7.291,-1.916,-18.032,-7.196,14.517,-13.846,2.503
50.304,-7.715,72.794,-35.369,25.651,-12.804,-10.457,13.761,-18.915,-5.983,-7.564,-30.874
48.949,43.923,36.469,66.376,32.809,-0.072,-36.241,-13.815,-8.616,-3.263,-48.117,-5.167
47.418,-23.459,-1.783,34.528,-3.773,-55.652,5.931,-4.427,4.81,12.903,-6.764,-11.824
43.55,25.938,46.043,-6.144,-5.906,-24.521,-30.532,-14.572,2.508,-6.097,7.052,-26.09
47.557,12.077,116.126,9.374,30.932,-30.232,-27.782,-7.27,-17.723,16.014,-9.595,-36.251
47.692,12.272,63.539,19.872,29.553,5.858,-19.999,-5.929,-8.728,-5.87,-47.08,-10.169
43.532,-6.442,48.018,7.874,8.583,-57.576,-46.946,-22.111,8.006,7.039,9.529,-20.89
46.511,-42.006,-1.439,16.754,-16.606,-75.149,1.079,-5.89,-7.459,19.115,-28.232,-6.472
46.423,14.565,15.549,-1.053,12.898,-8.993,-13.236,-14.917,-19.389,4.019,-32.431,-21.529
48.782,38.446,68.921,-27.291,15.641,25.931,-15.988,9.026,-13.915,-1.568,-9.25,-18.236
53.189,39.438,19.894,10.094,22.084,-41.957,-16.844,31.949,21.177,-0.171,-2.099,-12.314
50.842,56.303,39.684,25.296,41.786,-9.23,-25.659,7.491,-2.957,-3.746,-35.836,-19.694
49.779,1.339,63.942,-18.535,66.195,22.243,-2.334,-6.504,-11.912,11.019,14.631,1.174
50.768,38.704,39.314,47.087,29.312,-28.456,-16.13,9.663,-26.085,-12.457,-37.697,3.429
50.399,-5.948,43.247,-15.724,79.59,-2.686,-15.648,-16.068,-4.38,-4.259,8.397,-9.987
47.979,-13.148,20.295,59.067,22.122,-22.658,-8.737,15.041,-6.258,-19.152,-36.82,3.633
43.133,-6.044,73.779,-25.285,46.813,-4.996,-10.484,-2.099,7.467,7.744,0.286,11.276
48.372,-15.757,30.927,63.286,22.099,-53.746,-20.818,-7.326,-3.926,9.446,-5.721,4.182
44.362,-32.755,4.476,11.81,6.533,2.306,14.347,-19.424,-14.377,16.608,-20.17,-1.636
49.011,11.979,63.755,86.375,42.937,-15.265,2.377,9.587,17.638,-0.507,-51.646,-9.353
48.585,45.878,63.476,-33.73,30.309,54.636,-12.561,-14.623,-19.038,11.881,-19.114,-8.564
48.506,14.708,38.456,-3.989,59.092,-14.845,-40.125,-1.319,-1.979,-4.146,7.618,-10.215
47.6,30.404,60.937,-15.445,37.944,-6.723,-20.289,38.136,-3.318,7.379,-28.299,7.114
53.39,46.386,16.574,5.477,9.889,-48.662,13.914,11.49,-6.157,14.067,-14.211,4.527
54.375,44.374,35.189,55.126,2.691,-33.535,41.614,10.172,-23.682,23.887,15.982,9.669
50.067,27.326,78.887,16.476,29.557,-21.576,3.922,13.115,-10.212,-1.699,-13.193,-14.457
52.721,27.065,26.184,53.58,36.522,-6.854,-19.926,-13.738,-36.852,15.923,-36.236,-5.866
51.197,39.442,19.636,43.93,45.373,-12.361,-13.736,45.449,-34.277,10.665,-10.532,-14.163
52.727,57.952,12.453,-18.378,-34.728,-35.589,23.118,7.821,-29.361,22.582,-13.033,-2.978
51.241,31.747,31.745,45.099,46.614,-18.636,11.351,-25.565,-25.347,3.12,-35.362,-14.067
51.745,44.402,92.126,12.426,29.291,21.177,-20.973,16.196,-29.35,17.086,19.974,-35.645
51.943,42.123,-38.221,36.554,-1.021,-80.172,9.749,6.916,-22.295,12.655,-16.049,-0.92
52.037,53.723,80.539,45.819,18.635,-16.214,-5.814,10.427,-21.181,10.122,-30.194,-15.749
53.492,42.675,43.82,8.04,48.935,-6.604,3.664,-16.19,-14.235,20.845,6.208,-11.192
50.263,6.482,-9.268,22.972,-1.955,-87.0,9.488,12.333,-11.991,6.439,-17.673,-10.096
48.962,58.765,97.309,-44.377,29.927,13.957,20.351,13.391,-21.623,4.165,-8.86,2.233
52.788,36.672,5.932,47.002,-1.021,-80.881,20.008,2.789,-13.491,12.807,-7.212,-7.732
48.188,60.259,90.065,-4.219,5.824,5.235,-7.802,28.022,-22.917,18.128,-25.762,-5.339
52.259,44.482,33.765,5.388,16.386,34.21,-0.414,-18.599,-35.904,1.284,-16.132,4.926
51.332,39.837,34.58,57.337,51.95,-20.7,-16.967,48.37,-36.458,-1.173,-21.193,-12.713
52.748,54.934,12.389,-13.324,-9.934,10.462,7.459,5.076,-31.084,28.819,22.094,-20.776
52.62,13.888,27.929,22.523,51.933,-12.426,-4.102,7.296,-13.995,6.536,-36.694,-17.225
50.559,59.139,39.851,-33.28,81.515,-39.779,-34.382,7.966,-14.17,10.698,23.155,-3.017
52.213,21.615,-28.751,61.65,-5.438,-64.236,0.141,-8.535,-17.879,11.905,0.679,-11.106
52.221,50.137,64.266,42.226,17.595,-0.297,-7.767,3.529,-20.337,6.721,-21.172,-23.37
51.928,27.098,56.134,-3.417,75.627,9.698,-13.982,4.74,-11.61,-5.689,7.659,-5.83
49.601,-36.081,-32.6,24.669,-3.89,-87.384,10.673,-27.27,-8.588,18.276,-32.674,-2.844
46.63,-27.81,11.832,47.575,-29.993,20.237,-2.448,3.277,-23.242,-23.34,-34.967,-18.981
47.72,44.559,95.841,-56.902,37.344,63.607,10.023,-6.886,-6.544,-19.996,2.313,-41.477
52.448,7.057,-9.8,51.039,-4.951,-70.018,9.066,-3.829,-13.615,21.742,-12.124,-19.922
47.201,18.553,38.477,29.315,-3.412,-74.768,7.963,-16.435,-25.175,6.787,-20.429,-8.327
49.374,62.477,79.867,-69.777,3.906,10.021,0.336,15.882,-14.889,-22.367,-6.99,-0.524
51.898,32.057,42.82,32.006,50.526,-28.965,-16.363,11.864,14.708,1.819,-17.992,-13.939
50.818,24.344,-1.745,24.067,-0.291,37.201,14.862,7.326,-21.067,23.097,-23.358,-9.304
51.573,20.816,83.83,18.172,15.168,0.715,-39.258,-8.622,-38.317,3.503,-25.181,-13.456
48.866,16.358,50.993,-17.504,1.172,16.125,12.251,2.277,-18.284,-20.072,-52.956,8.27
50.136,34.51,31.067,72.734,14.459,-3.798,-24.725,2.43,-35.287,-1.31,-52.412,-15.39
48.91,29.278,-11.53,37.122,47.901,59.377,-27.438,14.676,-1.679,10.392,-3.485,-13.427
48.435,-5.728,-42.154,37.729,-18.047,-67.951,10.71,-35.706,-26.388,25.291,-10.7,10.817
49.06,-12.0,4.709,60.041,29.41,20.358,2.579,10.793,4.263,-9.576,-42.244,4.68
48.641,1.033,24.75,86.677,39.568,35.297,-25.848,-30.629,-15.858,7.669,-43.684,-10.697
51.789,0.538,22.708,-37.686,35.629,82.193,17.941,20.335,-14.208,-18.107,11.192,-12.001
52.595,9.15,76.205,32.679,47.394,-37.243,-25.133,-17.008,-19.875,8.272,-3.069,-9.362
48.809,33.783,69.549,47.569,20.633,-10.039,-55.286,13.558,-8.693,-20.13,-30.734,-1.291
51.903,74.745,49.607,10.67,-23.455,48.733,-12.135,9.696,-43.082,-1.617,24.19,-19.44
50.43,104.811,52.64,2.823,-28.376,-16.713,-28.408,-9.973,-56.767,-8.711,-9.069,-29.55
53.348,14.11,46.581,51.596,9.19,-20.221,-12.751,0.847,-29.741,12.786,-13.238,-18.001
50.459,41.817,18.38,-2.923,14.512,79.069,-4.517,2.996,-33.685,11.437,-24.66,-20.499
49.049,3.496,9.454,-1.849,44.832,-71.695,-40.693,11.4,-16.958,-10.46,-7.753,-24.536
48.277,12.466,18.949,-34.581,51.315,-36.182,-22.183,-21.907,-23.858,-1.769,1.229,-11.464
50.106,16.027,11.512,60.14,29.173,8.721,-11.335,5.013,-24.49,-24.184,-36.301,-0.73
53.121,25.78,27.954,24.962,26.129,9.826,32.319,-0.379,-22.803,21.304,30.169,-23.995
50.17,22.427,73.283,17.287,39.29,-19.964,14.687,-1.551,-8.753,-8.395,-22.272,-15.328
52.011,17.107,-19.109,37.925,-17.981,-77.765,4.956,-5.823,-15.768,15.199,-5.036,-8.673
48.24,45.931,42.715,21.164,2.602,-74.426,7.714,-0.186,-17.083,4.355,-8.074,-13.595
49.365,37.156,63.216,20.268,11.894,-19.639,-17.516,23.655,-32.92,8.692,4.312,-14.087
52.274,17.078,13.539,49.137,31.218,0.876,-12.074,-13.366,-33.329,10.561,-23.572,-11.306
51.103,39.807,21.014,41.322,44.045,-11.539,-16.125,44.451,-30.937,9.982,-16.821,-15.397
52.359,46.095,18.185,-14.042,14.444,-14.866,12.718,-7.642,-29.711,30.388,11.002,-11.452
51.583,57.477,85.533,16.052,16.039,27.38,-18.946,19.882,-34.684,15.295,25.576,-32.953
52.274,37.327,-31.846,39.484,-12.879,-88.446,4.354,12.554,-18.506,4.092,-17.8,-7.432
52.149,49.968,75.375,42.033,16.964,-16.185,-10.18,10.56,-22.767,8.071,-22.9,-15.854
54.031,48.955,49.493,4.583,49.655,11.552,-7.609,-10.382,-7.33,20.391,10.176,-22.824
50.397,10.33,0.211,27.279,4.818,-88.583,-0.825,7.012,-10.765,8.075,-19.664,-7.604
48.132,71.718,61.403,17.72,12.095,-6.203,-5.187,-10.136,-21.283,7.558,-3.456,-17.702
51.863,43.585,-3.987,51.892,-11.375,-70.962,13.957,4.964,-25.373,22.393,9.893,-13.454
47.182,60.38,97.214,-33.327,3.146,-7.636,-3.683,5.0,-21.195,17.48,-27.982,-2.274
52.271,38.495,19.522,20.73,18.624,33.086,5.033,-18.969,-24.357,-2.149,-14.246,1.629
51.166,49.384,49.737,60.435,53.448,-11.633,-7.907,42.416,-43.544,5.847,-15.938,-11.158
52.772,59.531,17.058,-17.02,-9.99,-5.671,17.177,4.923,-35.811,34.069,15.574,-18.383
52.647,36.084,49.754,36.138,72.82,-34.471,-14.336,-4.662,-5.75,4.332,-13.828,-23.764
49.578,48.311,38.094,-15.277,68.661,-42.218,-33.134,-2.941,-13.288,1.515,15.607,-19.541
51.593,45.978,-6.17,18.14,45.098,4.847,-19.349,-19.077,-9.368,0.612,-51.05,-10.511
52.609,53.452,87.893,36.218,36.583,-30.045,-16.871,-2.665,-16.906,11.961,-6.666,-35.432
48.962,54.349,32.375,78.162,14.802,-34.724,-38.025,-3.907,-3.987,-15.159,-38.211,-5.089
53.055,29.213,40.444,12.127,62.217,-9.422,-7.163,-4.282,-18.424,16.266,34.498,-8.557
48.697,-16.319,-33.911,49.159,5.789,-89.969,-9.423,-8.663,-11.95,15.94,-30.353,-1.325
47.693,50.966,57.375,12.762,44.264,30.014,-8.334,12.834,-8.527,18.409,3.69,-22.726
51.78,41.269,9.754,38.148,12.509,17.185,25.874,6.432,-16.521,31.108,33.225,-29.127
52.741,101.349,94.425,-13.82,-16.4,0.257,-32.094,9.929,-38.577,-11.996,-1.299,-5.052
52.609,21.344,31.499,-1.302,28.128,-62.273,-1.739,-6.05,-3.657,9.2,-4.406,-17.094
52.054,21.841,61.834,35.128,60.212,-43.122,-15.654,9.978,3.322,10.454,-22.161,-6.726
50.953,29.865,22.637,10.943,3.231,32.873,19.877,9.819,-22.761,20.211,-32.422,-5.131
51.619,29.298,84.04,27.255,14.766,4.626,-34.199,-17.66,-38.87,-2.686,-35.376,-8.002
49.065,27.572,55.097,-16.532,-3.801,12.724,8.658,-0.045,-19.359,-17.053,-60.539,11.086
50.706,32.763,36.787,76.089,15.031,-9.923,-29.137,9.808,-38.207,-2.892,-43.386,-16.558
49.628,29.87,-0.382,45.961,43.307,24.219,-30.675,16.875,-6.965,13.521,-5.417,-11.749
54.631,-8.519,22.457,19.3,9.886,-36.458,13.675,-17.4,8.71,23.746,-10.938,-9.015
52.937,9.692,37.866,29.72,54.574,-35.927,-19.154,7.368,9.133,-10.246,-24.09,-18.394
52.639,3.754,55.381,40.132,53.273,-18.797,-27.045,-15.752,6.659,10.352,-12.949,-20.036
52.73,10.198,65.179,-33.969,66.284,18.998,3.65,2.919,11.849,-5.287,-7.119,-22.945
52.104,36.887,82.005,30.32,69.681,-21.235,-33.964,-15.99,13.879,9.199,-4.274,-9.973
54.737,73.638,50.115,12.889,15.546,10.097,-18.163,20.098,-6.524,-6.067,14.267,-13.256
54.318,33.249,42.079,17.431,10.488,-23.436,6.86,-4.059,-11.294,4.438,-5.318,-27.326
51.037,43.379,57.28,-29.479,48.07,-21.983,-18.098,15.489,-14.806,2.563,-37.663,-37.106
54.299,55.199,10.49,-4.118,-11.111,-29.416,-31.527,-1.816,-19.882,-5.929,-12.891,-21.923
53.7,39.995,52.522,21.549,33.356,-0.786,-10.951,-20.831,-3.843,-2.031,-3.538,7.566
54.722,30.094,27.621,-17.831,46.221,-18.382,-11.084,-8.638,0.54,12.133,11.612,-31.641
53.547,12.038,-35.971,32.685,25.211,-54.055,-19.831,3.085,-5.325,14.051,-50.092,-25.579
49.795,70.079,63.404,-30.856,10.24,47.412,32.222,12.51,2.148,-0.36,-2.294,-4.831
47.536,83.43,15.284,-29.498,37.688,-37.696,36.877,12.367,5.238,-19.341,-17.163,-11.526
51.734,11.796,60.821,0.421,34.473,-7.939,-5.233,30.517,-13.837,-6.45,-19.583,-11.043
54.016,37.744,79.36,-0.404,23.374,-18.538,-12.048,-1.408,-16.202,7.438,6.458,-35.866
55.382,39.641,69.706,13.437,24.104,-14.633,-3.162,11.443,-18.662,-0.301,-8.526,-6.696
54.07,51.751,51.26,9.047,20.626,-6.203,8.415,-0.959,-13.171,-4.154,-8.503,-26.239
53.5,80.904,60.083,-2.166,1.404,-21.197,-13.72,24.356,-41.491,-20.957,7.107,-23.043
52.257,22.168,-6.4,43.016,31.822,-24.689,-20.702,28.313,-25.202,23.9,-37.13,-18.298
51.091,93.04,46.385,-9.37,-37.914,-3.71,-13.481,-3.664,-49.966,-4.15,-2.403,-18.961
54.153,49.273,50.307,31.662,42.048,-30.106,-13.449,-0.889,-13.037,-4.913,-26.512,-33.916
54.593,12.915,39.527,4.431,50.461,-41.617,5.453,-3.403,0.245,23.365,1.654,-28.307
53.784,52.309,-30.692,17.315,10.475,-27.217,-17.264,33.204,3.572,-13.573,-22.67,-27.095
52.2,43.002,-22.193,-13.653,12.887,-17.537,-11.329,15.224,-11.949,22.227,-1.744,-14.025
50.589,69.41,-37.817,41.408,17.605,-30.635,-15.823,25.934,11.148,21.789,-12.299,-12.445
53.35,41.862,-33.838,20.377,-0.465,-34.923,-21.245,9.023,-15.829,19.652,11.14,-1.864
52.264,62.529,-61.637,26.445,-16.271,-58.093,5.667,-7.002,-18.562,-1.958,-17.437,0.359
48.552,56.988,-9.12,-7.157,10.55,-41.214,24.706,38.804,-5.518,11.844,7.723,-2.288
54.186,20.241,-19.435,6.095,7.775,-16.071,0.507,11.695,-19.241,13.824,-2.879,3.682
54.399,24.302,39.39,2.925,3.846,-7.459,13.773,-12.027,-11.525,5.829,4.178,-25.825
54.379,28.653,-14.349,14.003,8.13,-13.866,3.235,11.198,1.924,2.252,-8.708,-30.871
52.51,7.243,-2.38,32.811,48.829,-40.697,-23.234,9.389,-3.766,-2.196,-14.347,-9.136
54.6,62.751,67.522,-0.685,15.188,27.716,-9.394,-11.18,-46.597,-4.816,16.758,-18.966
53.975,36.974,-30.046,22.918,10.565,-70.226,-20.101,26.675,-15.855,-5.936,-18.265,-0.199
54.792,64.839,-23.676,4.029,-32.535,-13.931,11.852,-5.745,-37.758,-0.665,4.143,-17.024
53.605,2.946,47.035,-1.728,44.652,-39.795,24.611,5.668,-5.186,10.515,-14.476,-17.496
55.923,27.496,22.04,-10.778,38.271,-40.256,9.619,17.854,-0.718,20.902,20.865,-12.716
51.878,33.795,-68.671,40.232,-11.857,-83.576,-17.616,-10.957,-12.588,-0.404,-24.245,-14.868
54.259,27.968,43.357,-16.576,25.609,-19.937,-6.479,11.357,-10.669,23.15,24.393,-23.772
53.45,25.015,67.358,64.812,53.741,-30.772,-5.813,-26.872,-17.228,7.248,-22.377,-1.665
53.442,1.981,-30.201,32.075,24.132,-30.471,-13.289,-10.155,-4.026,18.322,-7.02,-16.998
52.158,44.359,-63.269,33.25,-10.36,-56.927,-6.513,-11.981,-17.585,-0.26,-33.56,-9.684
47.855,44.025,-21.256,-3.469,24.535,-25.836,17.996,28.307,-4.674,3.051,6.173,-4.002
53.669,23.748,-8.45,-3.355,10.498,-13.507,-5.842,11.787,-18.871,25.804,5.212,-6.816
54.602,50.04,34.286,12.376,9.004,-12.492,11.361,3.387,-10.952,-10.592,-7.091,-9.621
55.537,25.405,2.987,33.88,-9.718,-36.333,26.032,-3.453,-28.466,11.839,-3.474,-4.025
54.17,24.032,43.716,44.178,10.693,-25.346,12.056,14.802,-38.442,-6.487,-15.585,1.37
53.673,48.662,37.697,61.293,40.93,-19.018,-27.772,-2.318,-18.293,-0.392,-28.462,-5.29
52.727,56.161,-9.822,-2.069,34.03,47.65,-4.702,3.69,-37.988,50.586,-33.307,-0.437
54.2,74.575,-24.799,4.473,-38.496,-32.766,-8.727,7.906,-37.462,6.957,-10.594,-21.064
53.266,8.81,43.034,10.781,16.254,-32.106,-1.794,8.01,-10.302,5.746,-9.224,-4.79
54.415,-2.39,-3.167,-10.332,28.155,-12.212,-7.64,-18.223,-16.077,17.208,0.562,-18.165
53.541,13.169,14.658,-7.298,-3.887,-41.367,-36.645,-20.71,-16.752,13.034,-8.786,-41.526
51.003,24.922,-79.384,19.678,-7.345,-88.991,-21.86,-13.532,-22.023,10.236,-20.652,-20.131
48.392,12.651,3.368,-55.752,14.524,-2.281,-10.326,17.82,-14.43,1.519,-22.561,-8.236
49.938,42.96,-17.499,55.419,26.578,-11.575,-10.01,3.704,-11.481,12.54,0.128,-8.706
54.5,52.894,-19.065,20.244,-10.212,-20.402,-17.939,3.165,-20.583,1.697,-8.679,-6.33
55.538,68.276,-9.758,-16.678,-4.295,-37.732,6.629,1.293,-4.279,7.106,-19.681,6.165
53.916,35.331,26.997,21.903,18.806,-48.498,-31.992,-21.735,8.399,23.845,-17.014,-10.003
54.831,-5.104,0.019,-20.877,24.291,-37.09,-14.167,-20.153,-14.85,21.522,-11.949,-8.899
53.267,1.064,18.529,-2.485,0.387,-17.751,-26.454,-5.237,-13.631,-8.548,-21.162,-38.895
53.45,9.941,-17.605,35.399,14.037,-54.476,-27.26,10.557,-7.685,11.179,-22.749,-5.555
48.868,61.348,6.407,25.187,19.891,-30.332,5.01,-0.913,-13.057,6.978,18.67,-5.282
53.215,60.02,-12.001,35.555,12.597,-71.641,-18.1,12.054,-12.146,5.779,-23.601,-4.804
52.377,63.876,14.8,32.067,-8.951,-28.202,-41.517,3.425,-27.004,-20.664,-26.695,-8.109
52.511,5.124,30.516,21.322,33.66,-1.811,-10.614,-8.441,-18.943,13.009,-15.469,3.206
53.473,4.141,40.894,-50.291,55.66,28.315,-10.764,2.781,-13.285,-14.587,-8.569,-13.956
53.943,5.063,48.587,-23.504,9.489,-26.446,-7.905,-6.01,-2.391,-8.798,-2.536,-48.471
54.924,39.207,-12.493,5.478,5.266,-60.572,-0.721,-16.602,-13.973,-4.892,-25.358,-27.416
50.542,42.256,-13.769,51.383,32.194,-63.808,-5.465,0.323,-16.77,15.823,-26.607,-6.615
52.842,26.7,-37.016,32.863,2.108,-21.057,-9.733,3.022,-21.136,18.898,7.106,8.767
55.213,37.44,-7.344,25.854,8.934,-31.985,39.023,-23.724,-17.249,11.32,-4.488,5.521
52.223,-7.299,42.79,18.46,38.496,-46.392,35.278,10.321,-4.948,11.905,-3.684,-2.675
53.77,31.545,23.255,-32.201,38.111,-14.578,40.328,-2.306,-13.943,-2.295,-21.5,16.35
53.881,11.462,43.079,-10.964,7.198,8.437,11.358,-7.141,-8.642,-0.186,-4.804,-31.483
54.901,14.875,-4.044,2.798,2.726,-13.397,21.748,4.764,-14.084,-15.119,4.439,-21.483
55.197,26.319,24.34,11.336,14.993,-16.985,17.864,5.232,-25.865,-6.349,-5.814,-16.236
55.079,67.33,35.835,-11.011,-22.543,-14.032,-2.622,15.639,-44.765,-10.226,13.315,-17.692
53.988,33.418,-26.876,38.678,10.886,-20.747,-11.315,27.818,-34.246,13.494,-34.395,8.213
54.808,70.587,-6.474,19.642,-40.434,-35.812,6.095,-4.08,-37.075,-5.714,-10.481,-22.859
54.233,33.311,24.055,31.762,14.298,-18.049,-2.89,-0.512,-7.426,-1.091,-33.317,-33.712
55.598,-0.936,9.4,6.807,38.386,-36.553,9.221,-5.146,-1.84,11.761,9.12,-22.007
52.729,20.241,-42.544,51.962,6.823,-32.093,5.074,12.604,-18.062,-17.707,-10.577,-24.218
51.18,4.85,18.753,-5.359,36.64,-52.962,-26.73,0.176,-21.965,12.304,-12.893,-8.564
49.372,42.308,-24.453,67.094,47.015,-25.184,-30.862,11.956,-21.053,6.68,-10.462,-9.488
53.344,27.494,-27.23,38.153,7.648,-47.72,-16.32,-3.699,-14.575,5.838,-5.608,-0.827
52.923,43.976,-31.562,19.633,15.218,-70.746,20.105,-12.241,-15.157,9.46,-14.997,-4.122
53.939,12.5,-17.604,-4.519,18.42,0.917,1.589,-5.543,-15.868,17.276,-4.075,2.931
54.322,17.161,34.796,11.022,19.108,-27.826,13.581,6.456,-22.337,12.245,-5.019,-16.363
54.711,32.812,-19.549,11.196,14.836,-14.578,7.684,7.749,-1.973,2.415,-17.096,-29.016
52.61,30.116,20.095,-13.344,28.373,-2.185,-4.868,2.202,-8.233,8.405,-39.384,-11.076
54.064,78.198,64.735,-3.795,19.773,18.661,-19.015,17.026,-40.27,-13.467,29.131,-16.711
53.895,27.719,-25.145,49.874,6.832,-58.26,-20.585,19.998,-26.981,6.412,-18.975,-7.988
54.338,65.949,-29.047,8.068,-35.293,-40.767,11.934,-7.303,-42.408,-4.68,-18.727,-6.392
52.774,13.421,38.817,-8.016,37.919,-16.278,24.291,-15.699,-4.142,17.565,-16.942,-20.415
55.927,32.667,5.443,-11.272,18.421,-32.898,-6.074,15.979,2.711,20.557,-1.354,-4.823
51.63,33.033,22.147,-34.947,28.946,26.131,3.209,11.003,-5.029,3.383,-29.46,-24.86
52.203,29.919,21.364,8.555,6.846,31.381,-13.695,4.587,-34.576,3.949,-35.035,-16.793
53.75,44.109,-15.639,23.925,11.438,-45.042,15.596,-15.291,-21.949,9.873,-25.495,-23.861
53.571,18.038,-15.767,1.761,13.836,-13.442,-13.449,11.806,-22.017,23.512,-12.952,-5.577
53.372,43.72,17.948,3.329,7.247,18.384,-3.623,-14.288,-3.691,12.732,-12.319,-21.52
55.547,27.016,-0.725,13.171,-2.691,-27.228,17.512,-20.019,-31.174,6.839,4.341,-24.931
53.693,20.712,20.622,18.767,14.226,-8.145,-6.906,16.553,-11.461,-12.312,-20.554,-13.029
52.77,34.822,27.822,72.452,45.266,1.712,-33.293,-0.91,-19.803,-3.748,-38.89,-14.473
52.428,38.239,-17.145,-4.133,25.519,57.184,-1.284,7.141,-35.647,32.688,-19.783,-3.222
53.624,68.202,-39.138,13.63,-18.958,-4.607,7.399,-2.605,-34.752,10.726,1.995,-10.963
52.091,-0.807,19.269,19.613,17.81,-23.439,-29.552,-3.897,3.016,14.491,-9.796,-17.446
53.71,-3.779,-16.378,-5.348,16.596,-27.228,-21.663,-13.52,-19.112,16.247,5.381,-20.749
52.592,-14.201,22.459,-0.678,6.906,-30.215,-1.542,-4.106,-2.688,-9.127,-21.921,-38.258
51.238,26.839,-72.565,36.12,7.966,-41.225,-7.033,-10.684,-0.002,-11.743,1.404,-26.302
49.613,29.4,-9.803,-8.614,18.479,-14.091,-12.471,2.095,-6.911,3.405,3.679,1.002
50.554,74.7,-8.572,26.49,42.716,-24.561,-33.493,34.042,-13.305,13.295,8.611,-3.603
53.837,49.347,-31.897,32.709,-11.631,-36.462,-19.938,5.009,-24.897,-5.977,-22.494,0.474
54.954,51.473,-18.658,-1.97,4.983,-0.727,15.971,-3.121,-12.436,22.921,13.919,-11.151
55.562,43.278,52.1,8.555,24.98,-21.159,-6.291,-8.372,5.478,9.986,-11.984,-20.103
55.153,-11.57,4.82,-12.043,20.51,-38.003,-15.596,-12.996,-19.702,11.795,-3.285,-20.397
53.158,16.246,21.827,30.949,13.296,-52.313,3.636,3.354,-12.185,8.858,-21.742,-14.802
53.998,49.566,25.2,10.648,-16.504,-53.337,8.073,-8.476,-15.36,23.985,-4.439,-6.508
54.263,35.634,56.21,-1.744,19.558,-18.146,25.638,14.899,-12.998,8.552,-16.628,1.059
52.762,55.812,52.105,-3.792,-17.028,-28.191,-21.993,13.764,-33.246,-9.34,-15.551,-10.254
54.094,38.302,56.335,31.669,4.654,-29.908,-4.574,7.766,-17.752,10.869,-24.373,-18.079
52.682,50.486,82.502,31.026,37.42,-0.355,-12.781,3.522,-17.038,-12.583,-25.796,2.517
52.476,41.019,26.339,27.972,29.97,-9.085,-15.44,1.178,16.044,11.66,2.421,-18.766
50.547,72.008,6.068,43.05,-21.637,-23.511,-50.953,40.083,-14.146,-22.435,-19.76,-16.466
53.186,45.411,-42.752,-16.427,-13.85,-40.635,0.18,-14.299,-24.467,6.103,-30.946,1.665
51.738,50.546,1.948,0.028,-34.548,-32.792,-9.063,22.292,-32.014,-11.686,-8.51,-12.62
52.25,52.824,4.293,-6.795,13.217,7.217,-4.732,-19.068,-31.708,21.163,-10.566,-6.06
54.491,30.768,-15.908,24.018,9.494,-24.378,26.667,4.29,-21.835,26.847,9.005,-7.076
54.131,38.042,20.894,16.735,4.659,-28.582,22.238,-9.062,-23.947,16.96,-24.829,-20.089
55.345,29.119,4.314,-13.551,1.887,-17.437,-21.794,-5.124,-34.713,18.714,10.592,-23.328
51.833,29.816,-10.824,60.149,-0.678,-42.528,-33.91,-7.041,-24.913,-2.922,-34.247,-42.535
50.887,8.48,-5.728,5.132,21.882,31.072,35.213,-7.8,8.05,1.584,-6.884,-27.864
53.27,31.266,78.655,33.262,51.776,-15.548,25.83,-1.51,-14.16,7.946,28.009,-3.55
54.441,25.228,24.955,23.478,4.172,7.728,4.743,3.267,-19.856,-13.102,-31.064,-19.076
53.347,24.538,7.214,31.164,-2.544,7.682,45.149,-10.471,-25.032,-9.412,-11.208,-14.623
54.713,39.564,92.82,5.057,6.318,-30.652,6.052,0.755,-11.601,-0.398,-1.04,-14.866
54.08,4.2,-8.365,41.738,22.05,-40.617,-10.418,-12.418,-10.545,5.658,-38.157,-13.538
50.494,30.364,-14.199,84.084,-10.63,-37.93,-0.202,-17.663,-41.691,-2.459,-47.07,-37.561
50.957,26.308,-34.334,-40.671,-9.801,59.085,19.606,-9.026,-24.272,-24.585,1.582,-20.61
49.165,5.806,3.213,38.384,-20.957,-9.544,-19.393,-4.394,-34.645,-14.879,-15.013,-10.025
51.325,40.437,17.802,35.871,19.019,18.031,-15.549,-15.745,-34.528,15.248,5.471,-9.765
54.702,25.198,-10.003,29.896,-3.293,2.198,25.445,-9.948,-17.706,10.625,-0.961,-16.514
54.444,25.132,17.418,15.188,3.185,-37.843,15.103,-10.748,-23.834,19.003,-15.236,-15.591
52.486,40.655,10.122,-18.342,-7.771,38.027,-4.993,11.781,-17.08,-14.18,-19.599,-14.041
51.806,3.563,-22.409,32.579,30.546,-12.783,40.466,-12.723,3.422,14.571,17.351,-31.091
50.927,21.749,72.363,-14.802,83.721,33.869,10.302,12.154,10.537,-22.696,-3.379,-23.301
54.757,19.811,-24.395,46.918,4.82,-27.368,-3.302,-0.221,-17.954,11.236,-33.304,-21.446
54.179,55.925,-9.4,10.971,8.241,-17.933,36.785,-20.439,14.35,8.181,-22.131,10.583
54.076,31.424,66.372,6.752,31.966,-33.799,0.069,21.323,-4.561,2.295,-2.682,-28.061
53.109,11.205,-27.592,34.244,1.053,-54.389,-8.22,-24.129,-34.325,-1.372,-24.93,-12.611
53.547,40.086,20.146,-10.727,4.466,-4.246,24.649,11.44,-18.492,-8.198,-2.486,-26.42
53.525,21.916,-26.86,27.116,22.033,11.23,18.04,-10.287,-3.396,9.331,-49.025,0.848
50.376,-13.405,12.067,12.825,-16.312,14.175,6.811,-1.633,-27.527,-5.289,-15.764,-23.58
52.078,26.558,35.056,28.157,21.783,41.736,-2.928,-0.911,-11.762,-13.689,-5.589,-28.146
54.067,18.678,-2.392,-2.799,14.383,27.398,35.363,-2.209,-20.786,18.392,26.112,-17.714
52.072,21.541,-0.878,23.919,-24.606,-12.837,8.41,33.816,-19.108,-19.287,-47.761,-12.222
53.112,39.865,74.369,11.607,3.493,10.843,31.858,-3.871,-18.974,18.915,8.345,-24.113
53.702,12.202,24.82,23.414,36.059,-18.05,16.251,11.054,-2.18,1.506,-32.908,0.042
51.592,25.703,-9.809,57.63,22.314,-7.46,4.417,-10.414,12.602,2.016,-42.008,-42.026
51.258,31.711,-42.841,13.209,20.544,20.587,32.63,7.002,7.23,13.078,0.881,-13.721
46.717,53.005,-32.571,8.285,41.764,-72.018,-1.658,7.761,-29.396,-25.539,-15.554,11.903
51.942,47.791,40.775,32.952,55.26,17.76,-7.307,20.799,-32.694,-11.441,16.164,-28.382
54.241,22.069,1.69,12.68,38.927,20.866,20.213,-6.887,-11.568,29.918,-7.804,-21.917
53.067,24.686,-20.267,41.087,1.068,-5.161,21.383,8.255,-18.934,-6.401,-33.666,-18.671
51.389,33.332,25.048,9.737,43.985,18.658,11.372,0.989,-4.136,24.301,-6.424,-17.853
54.364,45.281,-0.936,0.019,1.074,9.604,-14.375,-7.377,-14.955,-4.298,-21.721,-6.848
52.331,16.806,-15.905,64.027,24.639,-17.436,-3.7,18.174,-1.216,-5.728,-43.975,-22.611
53.209,42.808,-9.774,-8.467,-21.266,26.536,-4.116,2.691,-22.643,-10.574,-7.033,-39.97
53.63,33.806,53.575,11.684,7.049,-16.986,-6.162,7.106,-11.817,2.78,0.857,-32.142
52.309,69.838,58.401,23.66,20.896,17.807,-29.587,-40.262,-26.604,-4.23,-30.344,-9.646
54.738,32.063,-6.964,5.083,-7.5,-32.312,3.613,-8.564,-25.947,8.66,26.521,-20.45
54.436,19.703,25.531,6.634,17.864,-52.718,19.823,-16.868,-18.165,7.147,-12.953,-20.2
52.82,20.399,-25.896,46.37,22.02,-59.807,-3.191,15.251,-8.855,2.537,-24.907,3.482
47.643,-8.527,-41.599,17.197,29.821,15.996,18.49,-15.954,-10.271,-3.387,-3.305,-13.273
48.528,18.195,-28.784,-29.423,2.652,-67.354,-1.605,20.026,1.761,-2.987,-12.419,-6.027
52.3,5.5,8.863,-25.983,29.749,6.897,40.394,8.097,-11.969,22.114,-37.612,7.508
54.203,47.498,27.127,8.262,-29.776,-36.97,4.16,11.168,-32.886,3.272,-14.869,-27.867
52.388,3.78,14.736,59.682,-5.996,-18.141,-6.749,7.746,-7.49,-1.135,-60.934,-16.467
52.119,60.589,21.83,-20.783,-11.867,38.148,14.447,-1.543,-23.671,-4.309,-26.615,-2.277
53.716,25.412,8.475,3.694,14.775,-6.778,-3.795,-24.712,2.47,13.814,-11.171,-27.747
50.845,16.917,-5.706,27.125,-14.245,11.151,-26.432,18.969,-7.432,-5.468,-36.406,-23.651
52.585,44.22,-50.378,-10.965,-8.785,-28.886,1.013,-21.042,-36.259,7.988,-13.664,-8.466
50.398,29.842,4.804,15.074,-45.339,-27.957,-13.705,6.828,-48.378,-20.027,-20.279,-17.198
52.277,25.464,23.333,19.504,11.191,-19.45,-12.8,-22.919,-36.261,14.62,-18.176,-4.234
54.184,16.777,-13.559,28.826,6.882,-33.082,25.538,-11.565,-27.528,22.828,-6.722,-7.785
54.261,32.843,23.733,23.023,0.925,-30.803,16.512,-4.154,-20.788,18.054,-23.179,-22.008
53.89,42.698,-4.443,4.278,-3.736,1.488,-17.774,0.999,-26.4,6.259,-6.38,-20.941
51.235,10.044,-16.945,22.094,23.977,11.157,37.265,-15.466,4.271,1.428,13.238,-29.402
53.103,29.413,81.375,36.395,57.925,-0.604,29.027,-5.3,-19.035,13.63,20.848,-3.031
53.608,20.818,18.935,28.075,8.653,13.741,3.592,8.226,-22.887,-18.562,-43.28,-15.86
52.166,30.881,-26.142,58.564,-13.812,-3.438,13.761,-15.515,-31.2,5.875,-39.781,-30.699
52.565,46.398,60.004,-5.317,3.306,12.771,-8.709,8.484,-24.268,15.435,19.31,-43.837
53.651,13.652,-8.293,30.038,15.652,-33.608,-15.132,-14.237,-22.954,7.35,-37.521,-11.119
50.026,26.217,-27.813,79.556,-11.651,-16.245,-4.211,-22.021,-42.288,-14.05,-32.534,-32.063
50.097,24.687,-45.453,-19.698,-11.536,57.877,24.815,-10.656,-15.992,-23.148,5.792,-18.784
47.226,18.933,-10.585,59.412,-36.173,-24.207,-21.667,4.129,-38.345,-21.034,-19.647,-8.318
51.233,46.971,25.375,43.069,19.123,20.559,-24.532,-15.937,-38.076,17.488,8.909,-6.883
55.051,22.849,-9.478,38.745,-8.12,-25.293,13.623,-8.91,-30.454,18.068,-28.018,-10.189
54.727,34.083,20.06,11.937,-1.271,-38.361,18.02,-6.68,-21.537,9.936,-14.112,-20.047
51.898,26.116,26.112,-40.458,5.353,43.017,0.89,12.943,-14.767,-17.97,-30.035,-19.962
51.225,7.024,-24.583,17.709,22.961,11.403,38.358,-8.811,5.986,4.347,11.159,-28.753
51.035,24.84,72.542,-27.738,73.418,35.846,12.622,11.673,0.018,-16.573,-13.75,-18.279
55.158,27.249,-16.381,44.58,5.416,-29.412,2.237,-4.567,-19.803,11.052,-23.843,-23.015
54.249,58.888,-21.037,16.771,11.402,-21.568,28.258,-14.44,21.852,7.074,-27.659,14.412
53.482,8.245,67.882,10.727,25.47,-31.936,10.385,29.207,-12.948,7.798,-2.869,-28.163
52.752,32.406,-34.621,36.323,6.847,-38.078,-5.107,-22.873,-22.677,8.21,-13.968,-11.555
53.776,41.582,29.033,5.335,-0.527,-18.008,29.542,4.669,-26.581,1.035,-14.226,-25.032
52.675,11.198,-30.193,22.306,31.46,-2.586,10.63,0.322,0.933,4.058,-49.363,-12.133
50.384,-8.696,10.346,27.366,-12.448,-1.386,-6.567,2.111,-27.757,1.326,-26.393,-21.203
52.229,25.314,28.984,54.205,19.907,8.279,-9.482,-8.919,-10.697,-8.628,-21.117,-32.448
55.343,16.999,-4.125,11.325,6.121,-39.196,23.173,-7.706,-31.278,20.1,-3.691,-4.142
52.122,28.481,-12.555,29.462,-31.845,-21.885,12.433,22.968,-14.765,-26.748,-40.898,-17.114
53.16,28.654,76.103,5.098,14.628,-22.455,24.336,6.811,-17.172,2.57,7.819,-26.353
52.254,20.627,-12.647,44.597,27.355,-33.854,9.813,22.394,-2.173,-1.003,-12.013,2.427
50.514,32.618,-70.124,25.191,6.995,-53.894,23.65,-18.465,-17.388,16.509,11.584,-9.817
45.539,-7.487,-19.424,24.073,14.156,-68.961,-23.767,-8.818,-16.692,-8.186,-18.095,5.138
51.338,39.888,44.089,18.116,70.52,30.031,-7.069,13.177,-24.747,-8.664,7.39,-40.008
54.715,16.318,-11.759,29.116,20.898,-8.194,14.494,-11.143,-21.087,32.922,0.211,-14.234
53.318,29.828,-17.721,46.231,-5.438,-1.56,13.801,14.299,-13.227,-7.366,-38.283,-22.52
51.981,27.806,38.367,12.081,48.651,10.228,19.508,-13.454,-9.655,22.719,-5.488,-14.176
53.76,45.871,12.93,-18.406,2.787,17.408,-0.764,0.726,-12.746,-4.47,-19.784,-1.798
52.082,31.118,-6.066,52.021,13.874,-0.522,6.387,12.951,-8.223,-7.403,-42.358,-19.982
52.812,45.724,-1.031,-21.452,-20.108,30.743,15.491,-1.3,-17.6,-2.966,-5.459,-33.786
52.467,39.775,48.785,4.581,-1.249,-0.568,2.525,8.519,-17.554,-5.186,4.234,-24.912
52.738,69.609,59.801,8.003,27.601,17.588,-32.192,-37.624,-14.393,-3.445,-26.19,-9.617
54.746,28.476,-9.244,9.196,-0.347,-26.59,4.873,-16.173,-30.0,9.596,26.104,-18.544
54.998,25.252,15.462,-7.818,6.951,-53.255,22.967,-8.73,-13.339,15.194,-11.438,-15.424
54.874,52.987,89.672,0.472,27.541,-19.222,28.417,7.054,18.748,5.243,-16.678,-29.175
55.213,10.45,13.738,21.565,29.371,-34.61,9.566,-12.545,-6.228,2.161,-7.143,-9.336
52.033,27.102,17.452,26.512,30.473,-41.105,36.558,-21.235,16.6,-9.207,-23.403,-20.297
53.655,50.846,4.807,-2.709,-19.826,-23.564,24.064,0.277,-6.743,27.329,16.275,-12.246
54.114,38.136,33.481,-20.618,-17.303,-55.369,32.311,14.423,-3.31,9.794,-6.725,-21.394
54.223,64.112,44.151,31.157,-23.225,-51.287,16.316,9.959,-4.981,-7.701,-5.985,-17.177
52.077,57.595,5.66,28.874,-28.613,-17.188,16.538,13.118,-14.815,-1.837,-30.742,-7.934
52.689,30.637,3.753,9.038,-3.336,-20.203,23.348,-2.859,-6.855,19.623,-9.34,-22.416
53.621,7.499,34.442,-30.9,31.794,0.907,30.7,45.7,3.54,12.138,-35.499,-7.107
53.682,30.883,22.388,-23.214,20.487,-7.051,-5.152,7.621,-13.166,29.364,-34.069,3.104
52.088,74.201,12.652,8.867,32.939,16.108,-1.924,-18.458,28.674,4.134,-36.063,-3.162
51.324,49.19,22.783,8.446,44.667,53.842,5.639,-12.048,-5.66,12.651,-47.004,-4.95
50.522,71.535,56.677,-30.925,-9.224,34.036,9.873,-13.502,-16.428,-21.166,-11.067,-21.978
50.044,-4.384,26.535,-0.14,74.161,21.819,10.361,7.899,24.631,-4.299,-19.842,-28.27
52.111,34.29,49.094,24.02,29.63,13.035,-6.629,-18.57,-16.445,20.815,-24.332,-35.858
54.022,3.15,22.337,46.191,22.014,-15.781,-9.618,-15.687,-16.242,16.876,-34.895,-11.409
52.406,9.842,62.13,9.648,15.253,6.717,-14.146,19.012,-10.061,-16.989,-11.503,-7.376
51.508,56.71,29.147,-2.775,-13.795,32.843,-1.594,17.793,-32.751,-21.674,-11.21,-15.393
49.684,45.557,-23.002,17.9,-0.705,-57.106,-23.762,22.417,3.022,9.544,-6.6,4.437
54.278,39.834,-19.033,-10.036,15.071,16.095,13.157,-0.524,-15.668,25.731,18.677,-7.187
54.819,64.714,32.653,-0.148,19.575,-27.317,7.657,-6.196,0.893,10.045,10.709,-8.585
56.066,33.574,15.776,31.573,9.616,-51.494,-5.335,3.95,-22.787,14.742,-15.883,-12.334
54.663,54.163,-13.769,-19.515,-7.198,-59.401,29.74,-16.186,-18.443,4.286,1.286,-2.407
52.646,20.083,24.042,42.249,22.618,-27.438,3.346,40.79,8.637,-1.084,-48.29,-21.961
52.356,15.473,-47.548,26.499,17.841,-14.337,-12.957,-7.071,-2.271,17.923,-17.882,0.147
46.71,28.42,-62.914,2.466,3.696,-69.599,-8.709,0.144,-2.65,12.987,-17.006,-5.186
50.501,60.904,-25.278,-76.064,-9.302,53.198,20.814,-5.861,-22.526,1.882,-16.592,-14.153
52.172,12.53,36.843,42.21,-0.413,-21.341,-27.061,1.412,-40.388,-3.95,-13.54,-14.887
52.572,51.298,56.23,-1.897,46.137,39.381,-22.961,-11.344,-30.004,7.243,9.73,-20.133
55.81,59.356,17.483,-5.753,-3.852,-37.486,-1.216,6.843,-19.367,4.296,9.696,-8.491
52.665,4.16,-43.006,35.994,14.573,-43.409,-13.007,-1.97,-1.886,2.835,-31.656,1.642
46.264,17.81,-52.849,22.428,8.423,-56.277,11.929,-6.232,-14.252,9.139,-4.314,-13.067
49.92,17.682,-81.054,36.456,0.096,-89.473,-19.888,-18.076,-20.269,10.145,-14.367,-29.957
51.693,7.756,22.122,7.309,26.491,8.447,11.164,7.016,-26.393,15.428,23.119,-3.88
52.169,66.322,48.836,-4.068,23.423,23.09,-8.943,2.02,-26.361,0.899,-21.083,-2.014
53.899,37.037,-14.011,42.094,-13.974,23.367,-15.693,3.045,-42.562,5.568,-16.683,-22.998
53.401,30.859,-43.618,64.278,-5.762,-15.715,12.543,-7.306,-26.468,7.329,-20.272,-8.16
49.543,-11.867,5.12,65.541,-14.71,20.034,-12.799,22.717,-42.949,2.436,-27.5,-18.984
52.358,26.588,-8.784,-10.031,-14.907,57.985,-0.187,1.88,-38.127,11.066,32.551,-23.07
50.793,-20.237,-16.823,68.506,8.01,-9.889,4.911,0.423,-17.161,1.57,-37.2,1.657
50.777,29.889,-18.554,-46.566,5.159,63.358,17.69,30.991,-26.115,-16.592,1.448,-21.898
49.712,19.885,27.532,21.106,24.601,4.911,-34.602,-1.065,-27.723,-35.828,-42.661,-9.631
51.307,22.711,-17.397,-3.581,10.961,63.701,-6.02,2.193,-50.09,4.118,1.834,-13.656
51.318,44.579,-76.575,47.977,-8.6,-53.282,-5.998,-0.742,-23.409,0.383,-31.546,-3.028
43.06,-16.612,-50.449,47.165,-19.537,-54.819,2.722,-15.787,-18.3,21.354,8.662,-12.499
53.077,14.964,7.036,-13.111,38.182,40.194,40.409,7.84,-10.008,16.913,34.052,-12.955
52.542,19.69,-21.863,37.149,16.884,-24.822,10.91,-1.85,-3.221,-15.642,-7.971,-9.254
47.498,29.4,-21.342,74.183,34.384,-6.888,-29.024,-18.955,-3.854,15.872,1.799,-9.877
51.953,30.803,-49.474,41.017,3.497,-62.538,-17.415,13.977,-19.669,11.325,1.25,-5.611
49.838,24.939,-72.347,82.474,-9.65,-62.433,-4.987,-21.371,-6.557,-0.398,-45.074,-1.094
48.308,9.914,-44.879,-26.93,11.142,75.871,22.611,-8.335,-5.566,-5.878,18.463,-7.884
45.758,12.077,-56.358,5.965,-7.615,-50.049,3.559,-37.678,-7.82,9.848,-16.143,-3.947
48.956,4.642,-31.105,20.99,21.713,24.43,-2.339,-8.114,2.119,9.324,27.261,-24.284
45.889,-11.479,-28.807,25.813,-11.918,-65.818,-22.076,6.771,-2.733,8.904,-2.571,-4.514
46.999,56.436,31.024,41.65,14.698,9.488,2.371,-11.338,-15.084,10.514,4.934,-8.95
49.745,68.517,30.634,54.464,39.975,-7.353,-4.308,6.796,-30.2,11.287,27.604,-5.891
49.381,39.197,33.843,-16.589,22.842,27.412,-17.462,4.526,-30.605,-6.616,-45.378,15.163
53.039,77.029,46.931,-10.362,26.503,1.409,-68.176,18.449,-12.137,2.49,2.416,-11.236
53.808,38.32,21.82,14.64,26.066,-18.081,-22.474,18.441,-3.017,8.935,1.033,7.053
52.634,116.459,-2.956,-18.359,7.271,0.685,-40.078,2.267,-42.448,-21.777,-7.986,-10.815
52.939,73.52,-60.957,27.384,-7.989,-4.099,-23.213,19.918,-15.851,14.385,5.665,-22.924
52.235,38.61,-23.554,28.945,20.736,-40.265,-23.317,14.114,6.203,2.898,-12.641,-2.9
52.896,83.013,-38.933,38.936,19.017,4.028,-24.923,-32.603,11.824,0.399,-35.802,2.03
52.494,38.719,-44.532,22.137,26.892,-5.956,-11.592,36.554,-19.2,-2.424,23.726,-9.293
54.053,45.005,-29.177,14.795,15.626,-42.051,3.781,2.31,-0.062,7.666,-33.759,7.658
49.378,22.847,-27.72,45.33,17.568,6.782,-8.52,22.614,24.076,8.342,-45.926,17.912
53.273,22.802,-39.518,1.173,18.006,12.197,-22.792,-7.788,-9.711,22.372,-4.289,-12.587
51.708,29.616,-26.553,5.304,-6.988,-10.168,-32.957,-6.732,-11.521,-13.027,-15.924,-19.916
52.629,4.306,-54.752,28.883,7.966,-36.133,2.299,-17.986,-10.243,14.31,-9.654,-4.282
48.581,2.609,-46.896,-0.89,3.407,-65.447,-29.631,5.127,-5.165,0.781,-17.888,-8.838
52.435,8.833,-9.38,-20.625,7.747,-14.638,-21.55,-21.734,-22.897,9.492,17.495,-7.769
53.617,1.509,2.438,7.673,-3.52,7.731,-26.294,22.985,-38.442,-24.469,-39.547,-12.337
52.714,17.174,-21.341,49.606,7.278,17.161,22.117,-24.848,-10.487,2.947,-19.916,-37.712
51.559,12.016,-51.377,17.996,11.027,-37.465,-11.565,-14.684,-3.679,17.225,-8.746,-7.475
52.762,35.154,-1.342,34.383,11.479,-12.742,12.829,23.714,-21.311,3.716,-25.865,-9.832
54.176,47.552,-32.53,7.271,13.521,-23.647,14.459,-1.723,-9.067,12.895,1.764,0.443
51.809,20.087,6.824,31.306,26.719,-10.916,-23.743,4.118,-8.474,4.327,-27.831,-8.693
53.482,75.726,52.47,9.896,32.499,-6.005,-48.077,17.079,-16.738,23.137,2.445,-24.241
53.328,37.603,-13.449,39.187,18.537,-18.431,-10.811,8.998,-25.71,29.672,-13.18,-1.271
52.963,47.431,-48.514,45.205,-11.446,-37.959,7.139,-5.397,-17.045,-6.519,-28.787,1.651
50.363,57.226,-58.557,-14.208,51.184,-31.08,5.626,-5.309,-10.365,8.463,-12.039,10.696
52.787,4.93,1.075,-30.343,58.794,2.949,29.281,-13.685,2.46,6.347,-15.246,6.363
51.545,20.697,-59.043,40.487,4.041,-76.655,3.963,-5.22,-14.764,2.313,-5.984,-9.061
50.948,10.585,4.982,27.609,29.114,-4.885,-21.163,13.437,-12.124,-3.345,-9.034,-5.949
48.917,25.213,-6.211,81.426,33.441,-22.948,-22.856,-21.626,-15.348,14.543,7.154,-11.075
50.39,34.08,-27.233,17.811,16.402,54.18,12.594,17.659,-23.447,11.327,19.781,-9.154
53.08,33.171,-41.023,29.97,3.82,-41.074,17.581,-18.729,-24.977,6.387,-2.387,0.111
52.103,18.194,24.184,39.851,23.205,-26.281,5.777,2.369,-3.383,2.362,-27.03,5.163
54.061,25.461,-26.928,-15.742,34.806,-46.553,-8.717,8.466,-1.551,16.771,-6.716,-0.205
51.47,9.952,-41.519,-24.587,33.958,-7.491,5.571,2.125,-1.992,-2.482,-28.139,-5.548
53.27,-12.324,42.071,0.518,34.344,-33.158,-15.502,-8.2,-13.541,13.828,13.247,-42.155
51.558,29.204,43.16,45.556,47.669,-1.337,-41.377,-0.214,1.183,-14.551,-48.44,-27.761
51.668,12.982,-39.752,44.539,-1.275,-54.75,-15.041,-1.863,-17.639,13.479,-0.839,-3.625
50.303,27.316,-59.735,74.389,-11.367,-58.744,0.207,-27.585,-10.995,-2.127,-35.576,-6.006
51.798,24.265,-31.298,15.054,12.107,-28.599,-1.035,2.367,-9.768,27.282,-9.924,-4.928
47.664,9.44,-25.727,25.201,-13.689,-47.157,12.666,-14.24,-15.607,5.615,-30.926,-4.969
49.918,27.556,-71.507,29.028,-14.483,-11.616,8.486,-14.377,-36.444,-2.694,28.975,-31.816
49.375,36.191,-18.608,-8.67,-3.881,14.866,-6.806,-8.39,-23.379,14.742,-29.749,-25.036
52.112,52.704,51.189,-4.757,19.386,22.415,-8.328,4.039,-23.885,-3.233,-11.115,-13.141
53.664,37.854,31.953,-13.186,28.197,5.96,-0.761,13.726,-12.464,4.555,-36.547,3.356
53.915,47.881,-22.779,23.192,2.06,-42.306,-3.299,0.031,2.167,11.43,-39.666,-13.648
51.184,3.094,-0.035,-62.153,41.627,40.709,29.554,-7.704,-7.359,2.247,11.555,-5.157
54.122,36.919,36.765,-20.067,-3.693,-37.106,18.74,14.409,-19.051,6.768,4.548,-4.45
52.128,49.739,-60.044,46.56,7.603,-39.635,-8.426,14.885,-21.429,2.586,-28.832,-11.36
52.274,25.459,5.02,-16.174,53.343,-29.047,-29.258,11.39,-2.92,19.301,-0.003,-12.102
52.294,-1.835,30.667,9.568,59.46,-58.732,-43.887,-14.122,2.353,19.305,0.379,-3.078
52.151,21.561,-44.215,32.775,1.413,-78.826,-26.601,6.714,-15.692,1.462,-5.439,-0.59
51.672,34.264,-66.82,45.813,-5.923,-55.707,-10.008,-10.103,-13.055,7.025,-26.947,-11.039
51.348,10.077,61.314,-25.404,14.495,-17.903,58.969,23.371,11.894,39.586,2.704,1.212
53.935,39.08,29.113,-5.158,14.411,-14.787,31.145,-15.999,-1.036,9.204,-36.341,19.171
51.684,24.301,7.869,12.716,5.747,-15.306,30.942,-58.156,14.689,-2.222,-23.92,-13.284
50.316,-11.472,-57.796,32.295,-8.271,-23.125,-17.259,-11.847,11.525,13.109,14.876,-30.797
54.437,21.028,30.965,23.104,20.399,-34.306,-6.439,20.787,2.369,16.526,-12.352,-7.838
52.409,51.987,37.334,14.135,14.611,26.575,-19.662,7.906,-25.172,7.454,-21.596,-16.068
52.659,10.212,13.188,-1.369,45.594,-21.823,-41.761,-12.468,-17.823,27.154,13.445,-16.0
50.381,0.889,28.082,33.959,30.777,-51.069,-23.993,-9.479,-16.232,11.359,2.912,19.65
51.86,15.685,40.104,5.771,32.176,-3.313,-23.61,30.418,-15.623,-6.394,-12.429,3.623
52.273,43.396,-2.352,-9.223,18.396,17.566,20.361,0.637,-6.59,26.54,5.454,-3.629
52.628,37.358,-37.307,18.285,-21.406,-79.232,0.578,12.037,-15.032,19.127,3.144,-6.592
48.902,43.553,11.072,5.536,-22.346,-73.933,31.348,4.083,-13.363,12.891,-18.681,-7.287
49.313,32.231,38.78,-15.425,-19.381,-9.867,7.969,15.907,-25.878,12.37,-18.98,-10.368
52.78,23.045,10.722,52.731,19.792,-4.159,-5.825,-14.978,-28.243,19.701,-23.63,-5.869
51.124,35.233,4.873,45.123,36.743,-20.503,-18.71,43.022,-40.145,11.579,-16.989,-1.591
53.227,40.714,6.933,-23.561,-42.41,-49.013,13.424,3.099,-27.375,16.662,-14.859,-7.297
52.653,26.481,11.064,11.976,6.329,-11.358,30.765,-28.5,-23.596,-8.012,-43.916,-7.337
52.4,29.693,58.266,-9.658,3.997,24.093,13.424,14.935,-22.709,14.255,10.674,-42.794
52.619,38.357,-42.525,48.703,-5.519,-59.751,2.152,13.548,-17.589,18.577,-11.615,-11.981
53.169,44.303,52.686,30.584,-11.794,-20.435,13.226,18.2,-12.007,10.704,-26.923,-17.161
54.587,43.284,27.015,5.882,25.299,-9.663,15.956,-10.386,-6.961,28.88,-1.921,-14.049
50.473,-15.939,-29.65,3.892,-9.189,-93.461,15.552,-12.034,-11.172,28.492,-27.226,-5.408
47.506,-3.183,-18.134,-3.66,-16.584,-58.931,25.177,16.366,2.346,4.435,-3.954,-2.424
48.118,31.961,19.865,-26.165,-0.077,-0.871,33.647,2.519,-4.462,-9.292,-13.437,-17.603
51.229,33.706,-28.584,23.896,-6.772,25.451,29.042,-1.131,-13.631,12.207,17.52,-23.602
47.409,24.376,-14.483,19.867,-37.902,-87.273,21.371,-11.098,-25.244,14.193,-9.962,-6.964
49.638,31.955,35.105,-9.53,-27.052,5.029,15.18,40.261,-12.967,19.798,-22.393,-20.984
53.086,31.098,13.611,23.582,30.677,20.421,-10.518,-22.691,-28.065,7.288,-25.397,-4.434
51.5,38.835,26.809,71.064,53.604,-20.93,-16.174,53.934,-36.057,4.279,-25.684,-14.314
53.789,39.946,-1.478,-13.226,-34.983,-46.277,-4.402,2.353,-29.302,23.37,-6.971,-15.906
53.509,0.088,2.572,15.881,42.45,-31.865,16.993,-6.596,1.532,7.668,-35.41,-25.788
51.989,33.18,-3.93,-29.885,44.54,-31.877,-8.402,17.955,-1.261,12.817,7.809,-24.484
52.628,43.2,-18.105,4.48,27.854,-16.12,-9.811,-13.604,-13.296,11.065,-54.026,-15.694
54.178,23.29,37.765,-3.059,-9.124,7.139,24.592,-12.773,-15.096,18.333,4.052,-46.071
51.026,36.634,5.817,78.332,-6.324,-33.15,-18.857,9.972,8.986,-6.793,-40.524,-15.499
53.383,-0.785,29.174,-23.406,50.511,3.797,17.427,3.636,-10.858,7.689,2.515,-7.854
53.604,7.949,9.515,0.8,46.828,-60.88,-7.854,18.073,10.693,13.409,-16.331,-29.782
48.637,-43.597,-51.112,31.444,-20.334,-100.766,-5.424,-23.955,-6.002,19.714,-19.615,-2.798
41.897,-62.413,-43.655,35.888,-31.693,-83.006,10.294,-26.852,-22.549,24.179,-7.991,1.946
47.739,40.597,9.227,-1.238,0.83,2.889,14.07,-3.58,-0.807,20.665,-1.338,-28.062
51.687,13.366,-37.358,47.6,-16.433,-52.936,13.267,-13.826,-19.488,28.692,8.708,-8.932
47.675,16.785,1.963,23.853,-27.881,-75.03,15.752,-7.382,-16.352,17.092,-13.441,-15.14
51.523,69.737,42.102,-50.233,-17.83,18.09,9.029,12.617,-25.07,-14.842,-2.737,-18.795
52.283,15.688,42.377,29.438,48.134,-17.645,-1.163,15.041,10.186,6.553,-13.673,-9.069
51.717,8.988,-13.957,35.687,-4.033,10.056,21.625,0.055,-28.487,38.613,-3.859,-6.058
50.531,14.861,41.969,-14.132,-0.147,46.023,8.381,-4.384,-28.468,-1.485,-14.939,-26.364
50.077,22.763,31.741,-12.808,-15.956,25.574,17.375,5.624,-12.956,-16.155,-51.708,4.803
50.9,18.513,8.472,69.048,-6.908,-12.256,-15.701,0.929,-24.465,11.785,-52.937,-25.091
49.802,15.619,-38.253,32.972,21.542,40.653,-10.228,13.663,1.025,14.345,-12.271,-18.873
48.503,-33.669,-51.614,22.141,-34.51,-94.68,4.409,-36.911,-23.415,22.239,-25.967,10.114
49.344,-28.292,-26.156,29.556,4.507,38.605,22.602,4.851,4.709,-12.784,-46.062,-0.033
49.922,-3.526,3.206,64.897,19.33,47.081,2.25,-20.062,-10.183,10.376,-32.27,-17.783
50.356,-4.529,14.086,-83.102,23.67,84.188,25.513,27.751,-12.577,-22.087,-12.131,-19.124
53.237,12.654,20.249,38.459,1.627,-29.554,-11.712,18.234,-10.43,20.281,0.064,-22.912
53.112,78.918,52.165,9.044,-26.528,11.53,-17.803,22.396,-47.531,-3.853,20.365,-20.285
54.68,20.964,26.762,13.643,-40.079,-41.815,17.322,-4.394,-45.902,15.206,7.376,-6.666
52.655,-9.236,33.079,58.829,-1.366,-28.969,7.245,8.399,-14.699,1.111,-56.985,-17.202
50.28,45.614,42.59,-7.536,32.401,75.032,-17.48,11.008,-28.874,-1.755,-22.904,-31.144
49.899,15.669,9.951,-8.154,55.356,-27.897,-38.902,9.375,-24.199,11.851,13.05,-23.582
49.91,9.742,24.911,-35.772,47.574,-34.877,-26.639,-19.061,-22.768,0.166,-2.38,-13.135
51.688,16.988,31.459,26.302,29.286,-11.935,-17.307,-1.184,-20.933,-14.009,-23.326,-0.817
54.252,14.415,15.655,21.424,15.811,-21.865,29.655,3.363,-17.189,17.015,20.035,-19.741
53.694,23.818,67.322,15.975,15.109,-42.199,30.549,13.751,-8.752,3.098,-12.713,-31.025
53.197,30.345,-30.381,30.181,-28.068,-66.07,-8.714,-7.329,-3.359,4.419,-26.077,-10.694
51.263,0.622,13.082,-8.737,11.636,-3.345,11.339,-18.619,11.785,4.791,-15.064,-34.076
52.122,-6.856,65.679,-4.816,22.022,-39.179,3.605,8.789,-6.542,7.947,-7.387,-29.725
53.603,-0.415,-1.348,43.585,17.192,-13.078,7.422,-17.136,-21.341,9.522,-29.554,-18.706
52.363,35.953,-0.131,36.728,10.26,-49.354,7.078,41.653,-27.336,6.681,-35.968,-18.312
52.257,66.424,-3.211,-47.288,-23.776,4.689,29.498,-4.116,-29.043,27.988,9.281,-14.053
52.493,6.204,-2.228,28.664,31.798,-13.796,20.722,-27.053,-26.877,1.872,-47.885,-18.868
52.75,50.332,63.341,12.387,-6.641,18.754,18.611,19.088,-24.988,17.072,9.525,-45.274
52.289,39.03,-42.463,39.474,-9.48,-71.209,5.858,16.957,-22.894,21.536,-12.471,-12.567
53.17,43.172,42.516,33.902,-5.135,-18.414,11.151,17.485,-29.068,13.763,-28.208,-15.6
54.807,50.139,40.037,2.795,35.201,-18.911,-5.556,-6.169,-10.458,25.402,9.519,-18.995
50.978,-9.078,-24.812,5.829,-10.001,-96.232,8.937,2.275,-0.61,21.416,-15.195,-16.619
49.573,74.835,12.059,-23.072,-34.584,-21.589,31.622,-3.193,-9.037,-15.276,-0.764,-13.393
51.741,18.067,63.83,15.792,9.599,-46.347,19.841,7.668,-3.92,9.057,-13.722,-35.213
52.699,53.592,3.173,1.025,3.716,4.695,-0.382,-2.016,7.865,0.763,-45.443,-14.642
51.18,-11.359,12.136,-10.335,0.774,-2.622,40.872,-13.782,-0.184,-10.55,-21.221,-20.704
51.669,-13.118,73.351,-10.399,12.283,-31.684,21.567,34.032,4.438,8.577,-19.734,-21.272
53.543,16.053,8.284,22.779,21.721,1.683,15.107,-26.982,-19.112,19.028,-4.813,-13.661
54.051,-5.244,29.726,37.13,50.484,-40.02,19.272,27.13,-28.325,16.905,-14.417,-24.715
54.24,34.546,6.873,-21.8,-14.196,-29.924,16.527,-0.404,-22.507,18.552,5.06,-22.172
53.558,9.953,4.381,18.061,39.988,-36.55,14.108,0.743,-7.36,5.867,-32.68,-30.559
50.719,23.128,-10.82,-22.601,47.219,-43.651,-1.475,-4.983,5.792,14.966,4.987,-20.997
51.855,25.537,-17.921,-31.92,43.43,-15.47,-10.725,-15.087,-0.364,-5.484,-45.375,-13.764
54.251,21.959,44.505,17.132,-9.059,-30.106,12.794,-5.545,-16.659,26.97,-13.189,-38.674
51.12,18.982,24.021,45.586,8.325,-12.594,-6.575,22.168,14.12,-7.005,-59.059,-24.111
53.495,21.856,35.679,9.455,60.373,-23.771,-7.768,-3.95,-14.883,11.026,24.243,-10.339
49.528,-32.235,-42.045,32.444,-20.774,-97.997,3.55,-25.852,-13.234,27.736,-30.431,1.094
43.296,-49.768,-40.092,24.546,-29.338,-77.614,11.563,-15.468,-11.757,22.783,1.548,-1.919
51.104,24.178,47.173,8.895,18.372,-18.86,40.489,6.154,-5.576,23.369,15.897,-31.515
52.905,26.171,-13.301,30.814,-12.415,-9.839,7.521,-10.171,-7.867,15.286,-7.51,-23.119
50.495,-1.412,15.055,-34.262,-5.658,-9.283,24.58,-7.066,15.791,-12.732,-15.426,-22.317
54.521,47.763,46.524,-5.838,9.546,-7.418,-6.296,11.781,-6.035,-14.86,-15.253,-30.381
54.722,-8.87,27.965,15.993,31.692,-34.137,20.626,-0.852,17.245,3.064,-12.279,-9.902
53.305,-4.875,4.39,27.592,9.342,2.82,10.186,1.843,-10.25,6.659,-26.908,-17.087
50.754,2.118,36.585,-30.107,-0.772,36.169,14.66,-0.644,-16.073,-14.257,-15.757,-29.819
50.631,3.529,30.066,-8.83,-8.618,19.686,27.879,15.84,-7.497,-18.631,-51.523,0.396
50.723,23.362,12.755,66.839,-9.116,-17.177,-5.976,1.847,-29.776,11.275,-50.263,-23.459
50.842,28.214,-0.991,33.981,39.737,26.517,-26.497,18.763,1.105,14.645,-9.914,-18.517
52.643,2.584,0.652,7.255,9.961,13.738,21.753,-27.093,13.945,17.815,2.851,-4.168
53.298,-9.522,4.744,27.377,29.536,-28.665,7.773,2.86,15.31,-1.275,-42.653,-16.667
53.097,14.245,26.565,27.209,50.679,-19.325,-5.848,3.328,11.918,15.689,-14.073,-23.32
55.285,12.685,21.414,24.443,27.739,-31.738,10.791,-11.706,4.126,20.936,10.893,-19.782
55.452,65.449,19.464,-10.058,-6.877,3.073,6.879,17.574,7.437,-11.823,4.722,-2.05
54.704,31.846,12.805,12.339,3.945,-19.563,17.694,-7.506,-16.514,13.585,-7.842,-24.836
53.166,43.757,7.354,17.924,17.355,-45.12,0.662,11.837,-23.349,3.896,14.385,-41.368
54.562,64.195,11.784,-15.776,-16.029,-15.237,1.049,8.296,-25.332,4.885,10.161,-18.566
55.648,34.54,34.053,30.989,7.534,-40.317,8.142,-20.735,-6.251,11.034,-6.147,14.652
55.782,20.358,25.607,-23.401,27.1,-45.971,-1.68,-0.624,-4.172,12.38,0.942,-24.888
53.434,11.524,-25.174,54.633,21.533,-28.036,-12.658,0.712,-4.017,-5.6,-33.896,-29.134
45.073,7.943,-2.746,7.034,-5.083,-1.911,-0.3,0.022,1.752,3.314,-29.751,-25.006
42.055,29.002,5.408,-23.607,-22.967,-15.513,-7.102,-7.36,-6.513,1.401,-19.62,-39.411
45.959,67.332,19.789,-41.584,23.255,-7.593,36.952,44.158,14.601,-18.599,-1.237,-25.303
51.259,13.977,57.276,2.842,37.291,-7.028,-1.618,28.061,-10.431,2.993,-24.543,-17.068
53.554,48.394,75.751,-8.312,17.277,-8.392,-2.032,1.108,-15.291,0.873,7.894,-31.615
55.515,38.736,47.618,23.067,2.067,-24.349,1.879,10.563,-17.883,2.83,-20.205,-13.615
54.372,48.104,52.147,38.224,26.768,-42.012,8.185,8.301,-18.68,-6.889,-27.336,-12.677
53.633,77.866,61.102,-9.025,-7.295,-9.303,-7.489,38.339,-35.823,-17.737,3.397,-20.815
52.664,28.88,-16.72,50.025,27.129,-24.463,-9.664,32.233,-36.931,17.567,-34.658,-5.842
51.686,84.724,43.617,-20.242,-37.495,4.126,-23.013,-11.907,-44.642,-10.599,-7.164,-17.033
53.984,33.053,42.554,22.289,37.334,14.617,-23.398,3.282,-26.09,9.469,-9.037,-27.768
54.736,2.925,43.054,4.026,57.351,-30.202,6.21,-2.57,-3.043,23.105,4.621,-25.972
54.093,51.06,-53.011,11.019,14.098,-35.272,-12.224,21.746,1.182,-4.072,-2.163,-15.623
52.08,44.919,-6.186,-72.812,8.324,-18.633,6.029,-9.043,-8.726,20.136,-21.241,-16.388
51.581,69.057,-25.869,55.529,20.154,-54.618,-30.176,34.296,0.88,5.494,-22.115,-19.301
53.497,47.412,-26.29,24.451,6.326,-10.886,-7.61,8.136,-13.031,25.286,18.071,0.881
53.007,52.195,-44.705,7.974,6.098,-58.747,-3.114,-19.773,-16.487,4.814,-7.787,-3.412
54.278,16.599,-16.132,5.186,7.139,-16.335,-7.119,10.026,-14.979,12.918,-13.459,1.156
54.816,24.485,41.179,4.873,7.608,-26.104,11.144,0.063,-13.059,6.591,-8.746,-30.355
54.543,31.061,-16.463,6.521,10.267,-23.953,4.626,12.914,2.884,-7.339,-4.773,-24.872
53.16,25.013,9.23,29.845,52.789,-24.156,-20.563,3.662,-11.187,3.897,-26.359,-3.97
54.929,70.125,71.383,5.763,7.639,8.997,-21.25,-11.266,-45.278,-11.169,15.079,-14.197
54.593,36.422,-18.5,42.782,7.559,-52.418,-12.983,23.315,-24.202,-3.377,-1.852,-5.715
54.547,69.536,-22.813,-0.994,-32.4,0.263,15.178,-7.695,-31.191,-1.429,10.042,-21.236
53.083,12.294,41.584,2.558,31.587,-46.071,19.158,3.806,5.898,13.348,-19.522,-28.013
55.663,14.121,11.082,-2.016,44.446,-53.24,7.533,11.667,3.925,21.191,13.526,-24.812
51.712,26.134,-67.095,29.701,-4.696,-84.442,-19.665,-13.852,-3.621,1.229,-26.123,-12.499
53.935,32.195,52.192,-9.8,29.471,-24.065,-3.332,19.968,-7.978,13.696,19.494,-24.523
53.62,36.179,65.132,56.854,61.297,-34.816,-17.247,-17.482,5.01,-4.505,-24.881,-15.968
53.583,-4.462,-26.267,16.792,31.052,-35.53,-11.082,-14.154,2.506,19.284,-6.353,-17.67
52.345,42.302,-65.141,40.133,-7.096,-51.861,-8.508,-13.366,-19.22,3.778,-28.41,-17.579
48.516,40.374,-16.851,3.592,22.285,-50.361,12.898,30.057,-4.981,6.325,-12.37,-11.694
54.124,21.673,-14.353,-7.204,13.5,-13.933,-8.171,7.927,-19.465,31.164,1.717,-11.608
54.286,31.076,27.316,9.308,11.267,-11.467,13.7,-10.474,-7.655,-9.902,-17.6,-20.421
55.121,37.776,-4.456,24.653,-8.23,-41.699,23.196,-1.32,-26.871,9.856,-12.11,-6.97
53.61,37.582,26.982,40.075,7.229,-8.2,-4.319,24.363,-27.148,-10.151,-9.521,-1.877
53.268,55.688,33.724,52.865,36.482,-26.404,-31.274,-2.648,-21.854,-4.145,-21.466,-16.147
52.647,54.558,-9.742,-22.645,33.821,37.713,-1.219,-1.1,-33.071,38.929,-34.891,-0.072
54.788,74.085,-19.21,-1.969,-32.786,-30.888,-8.884,-1.511,-32.032,3.136,-11.353,-22.796
53.017,-3.359,44.466,17.155,15.596,-40.284,-5.978,11.962,-13.161,13.074,-14.982,-11.628
54.359,4.064,-4.557,-12.105,9.519,-16.266,-12.547,-12.632,-20.104,17.631,-0.342,-21.32
53.692,9.477,16.79,-11.095,-0.762,-22.434,-20.812,-14.236,-12.173,-4.876,-2.217,-44.267
51.523,14.587,-66.675,17.067,2.847,-93.27,-14.201,-22.058,-17.473,5.442,-11.595,-17.272
50.147,11.366,-0.377,-0.416,25.202,-16.095,-22.057,11.021,-7.626,-19.717,0.185,-15.502
50.054,50.61,-15.472,54.785,30.135,-14.106,-19.502,1.048,-14.629,8.854,7.016,-8.54
54.518,53.504,-27.745,16.731,-8.125,-23.866,-19.168,12.002,-25.527,-10.081,-18.587,-3.417
55.756,63.013,-9.258,-14.526,-2.084,-45.228,3.7,-1.533,0.68,9.434,-20.03,4.036
53.915,35.396,32.239,20.783,19.975,-54.144,-22.719,-12.105,9.652,17.25,-11.894,-6.873
54.179,2.961,-4.965,-18.056,12.306,-36.987,-13.69,-16.924,-18.91,12.0,-8.048,-10.933
51.998,16.364,-5.909,24.289,24.76,-52.966,-18.386,10.13,-21.907,20.669,-19.733,-6.196
48.386,65.939,27.993,23.949,36.078,-30.924,-5.705,-4.02,-18.598,-0.863,13.021,-2.284
51.635,76.772,-5.088,47.062,21.077,-74.846,-10.201,24.354,-19.995,5.182,2.455,-4.191
52.074,74.472,30.454,33.744,3.682,-30.184,-56.701,-3.168,-26.225,-14.393,-19.465,-7.33
52.671,16.949,49.817,18.048,43.946,-4.496,-20.344,-8.264,-26.907,1.082,-3.659,7.863
53.447,11.904,37.593,-16.083,43.607,-0.077,-17.393,6.409,-6.346,-20.695,12.262,-30.857
53.629,24.152,69.388,-7.211,29.648,-26.615,-30.668,-5.391,-11.726,-5.567,-5.338,-36.366
54.742,24.265,2.922,9.454,21.458,-12.273,-4.211,-6.469,-6.283,-8.626,-9.115,-27.873
50.29,41.162,-21.977,54.284,34.276,-67.041,-5.281,10.755,-12.314,13.751,-34.701,-4.408
52.998,26.279,-36.765,29.758,-5.029,-31.162,-15.832,0.449,-17.719,12.037,1.0,5.001
52.928,44.07,-36.443,14.012,12.801,-43.627,25.385,-25.015,-10.51,5.24,2.592,-0.696
50.839,6.745,-3.368,-12.838,30.632,-82.698,1.09,11.135,6.805,23.031,-14.836,-11.14
54.193,14.143,-22.803,3.146,11.763,-12.787,-11.655,3.673,-21.105,19.959,-14.283,-0.53
54.064,31.937,42.159,-2.301,-12.483,0.362,17.277,-3.215,-26.233,-0.133,7.444,-20.241
55.498,18.301,7.574,13.365,-0.544,-25.656,24.859,3.357,-15.71,-9.532,-5.865,-15.457
55.242,26.712,32.026,24.522,10.539,-33.206,14.464,13.7,-31.52,-8.179,-22.227,-17.113
55.307,67.466,31.078,-5.162,-16.97,-37.434,1.422,19.555,-47.003,-9.364,7.272,-30.313
54.029,36.312,-27.613,48.584,11.939,-28.32,-9.012,38.082,-32.386,6.322,-20.274,0.745
54.589,64.528,-16.278,9.294,-35.296,-43.474,6.339,-11.158,-42.291,-3.225,-11.356,-12.894
54.193,19.313,16.537,26.751,26.461,-25.685,1.36,0.327,-7.618,-7.429,-37.37,-30.407
55.644,5.103,10.982,1.943,33.865,-37.389,15.405,-0.013,-7.186,3.644,2.958,-17.083
53.22,22.575,-49.749,51.716,9.062,-35.962,1.773,9.842,-21.414,-8.395,-17.072,-24.551
50.51,9.163,10.396,-14.271,37.734,2.309,-12.771,-7.677,-20.627,11.668,6.703,-17.544
48.844,55.367,-16.991,75.923,50.254,-35.694,-31.067,16.231,-21.647,-0.746,-6.682,-13.872
52.628,37.744,-24.972,28.915,1.731,-22.398,-6.141,-1.684,-23.738,18.224,15.21,-3.343
53.771,33.476,-26.645,18.097,10.984,-49.213,23.826,-33.496,-10.51,12.508,-18.852,-7.622
50.448,10.102,0.119,10.683,62.295,-45.718,12.281,45.87,16.49,9.671,-16.943,-32.761
54.309,13.517,-5.372,-6.983,14.217,-7.464,12.354,-0.466,-27.387,17.922,-0.312,5.449
54.189,3.609,16.921,-3.414,34.345,-25.82,5.525,-1.554,4.603,5.714,4.623,-22.731
55.068,18.99,-10.804,4.338,20.186,-18.353,7.268,7.669,4.095,1.32,-14.858,-31.816
53.271,29.821,12.914,21.315,42.102,-15.81,-9.939,14.492,-3.848,-3.061,-24.764,-13.94
54.044,85.961,66.982,-6.011,17.801,20.197,-28.978,3.616,-41.601,-11.808,24.661,-15.118
54.547,37.113,-15.797,49.093,7.596,-34.372,-11.048,21.737,-31.061,2.595,-23.644,-2.163
54.922,64.634,-20.391,6.093,-34.138,-40.648,4.417,-5.609,-37.862,-7.87,-22.062,-10.299
53.171,12.316,43.527,5.617,36.035,-24.007,25.8,-9.419,-6.584,14.431,-26.151,-13.575
55.95,17.708,15.027,-7.338,36.011,-48.693,-0.744,10.611,10.956,24.479,4.601,-20.881
51.945,37.032,-62.88,22.081,-4.823,-85.718,-19.416,-13.015,-13.42,5.442,-22.1,-18.882
54.405,40.081,38.547,-16.811,18.215,4.135,3.462,3.671,-8.329,12.997,10.693,-24.81
53.335,45.355,59.896,50.648,28.054,-19.237,-40.274,7.794,-13.993,-16.721,-25.669,-40.48
52.835,20.123,-33.771,37.344,-1.616,-24.929,-18.786,-3.465,-23.426,12.916,2.658,-10.914
51.77,45.548,-71.286,30.442,-11.876,-64.053,-2.637,-16.379,-19.627,4.133,-29.343,-10.12
47.333,48.532,-16.405,-1.025,19.973,-36.819,24.86,30.035,-12.385,11.025,0.359,-22.416
53.519,25.458,-15.184,-2.401,14.319,-0.482,-10.698,6.563,-18.87,25.269,-7.1,-13.018
53.969,15.996,30.679,28.498,3.587,-14.194,-6.074,-14.503,-12.745,10.367,-26.782,-32.593
54.852,25.349,-9.382,1.286,9.383,-22.228,22.752,-14.459,-13.783,2.498,19.302,-23.015
54.051,14.871,34.159,31.973,22.324,-7.925,3.465,20.753,-21.524,-10.347,-23.811,-17.442
52.79,42.467,17.408,58.912,35.133,5.109,-28.185,-2.414,-19.214,2.777,-24.358,-13.558
52.362,37.081,-20.179,-4.124,25.42,46.303,6.354,7.573,-39.944,32.726,-16.403,-1.144
53.152,63.286,-38.508,3.074,-14.665,14.456,11.286,-5.177,-34.153,12.131,5.161,-19.101
52.319,-1.636,33.829,20.703,8.848,-43.508,-9.957,-2.552,-5.749,6.281,-15.885,-9.172
54.136,0.234,-9.198,1.904,15.038,-24.109,-20.991,-6.155,-9.034,18.709,6.449,-24.401
51.07,29.981,-80.626,25.155,-0.697,-93.272,-21.679,-8.157,-13.673,4.196,-17.08,-12.908
49.452,21.143,-4.992,-24.091,24.53,-7.484,-8.161,-1.31,-6.213,3.81,-2.348,-10.958
50.625,78.917,-7.093,28.549,40.013,-19.476,-25.89,38.812,-8.084,10.789,10.078,-3.322
53.284,58.095,-39.531,48.678,-10.322,-14.066,-14.985,13.626,-24.655,5.869,-5.018,8.263
55.478,49.327,-14.374,4.105,19.041,-27.405,1.954,-11.789,-7.065,6.105,7.115,-11.797
54.248,-1.736,-10.186,-21.801,25.306,-15.806,-9.555,-29.53,-23.82,11.088,15.061,-21.717
52.819,7.754,1.124,41.38,24.693,-36.857,-16.835,19.945,8.172,-2.212,-24.093,-30.958
53.749,58.513,32.229,-17.798,13.84,7.995,3.845,-11.266,0.763,14.763,2.289,-5.39
53.176,0.719,46.728,42.732,57.839,-33.986,24.681,13.812,7.451,0.185,-36.016,7.482
54.126,46.303,36.345,-3.625,2.908,-26.25,-11.541,2.687,-26.102,0.943,-12.474,-24.475
52.534,23.068,29.469,63.414,5.725,-13.454,-22.263,11.869,-11.863,-1.995,-59.199,-10.736
51.862,45.312,57.998,-3.791,31.428,24.081,-38.412,-22.138,-12.84,-23.569,-26.074,-6.436
53.596,38.022,19.933,8.722,24.438,-7.372,-30.49,-2.808,1.362,10.813,-8.386,-21.239
51.606,71.86,12.92,28.811,-25.75,-17.152,-34.256,25.98,-21.298,-12.209,-30.067,-9.168
53.406,43.177,-39.5,1.297,-6.222,-26.634,2.875,-11.22,-20.852,14.711,-8.311,-2.758
51.517,52.742,-2.24,0.219,-34.598,-30.299,-19.914,22.935,-31.05,-4.47,-14.913,-16.157
53.137,36.072,14.675,11.288,5.959,-16.396,-19.463,-7.413,-41.924,12.516,-13.483,-6.222
54.203,26.449,-8.057,10.323,1.155,-6.753,25.498,2.268,-18.344,24.445,8.238,-8.767
54.368,28.165,29.501,18.578,2.36,-33.459,27.056,-10.754,-20.216,15.197,-17.093,-20.439
52.728,30.092,-7.691,-15.006,8.687,25.63,-9.709,-2.657,-17.621,5.924,-3.092,-16.332
52.532,6.482,-15.031,37.406,24.898,-52.328,23.583,-12.836,-0.646,22.499,-14.917,-31.822
52.93,25.43,76.374,32.422,55.848,0.951,26.096,1.082,-12.15,12.628,25.849,-12.624
54.24,12.402,16.56,23.998,6.365,12.705,-3.396,6.259,-20.335,-19.977,-30.397,-21.817
53.626,44.254,15.489,19.665,-21.646,3.626,46.478,-1.821,-31.577,-11.758,-11.202,2.196
54.328,39.626,88.39,7.267,8.106,-1.406,22.115,2.891,-13.545,10.729,23.291,-14.681
54.136,11.379,-4.344,46.715,17.136,-29.216,-3.849,0.31,-13.535,-3.11,-25.31,-9.095
50.276,27.137,-8.175,85.037,-24.361,-42.451,-6.702,-16.207,-49.468,-7.219,-45.088,-30.44
50.783,33.496,-32.723,-33.901,-14.781,56.629,26.842,-2.57,-23.959,-23.852,2.688,-24.413
49.442,20.388,3.594,50.076,-32.097,-11.677,-6.517,-4.8,-30.008,-17.995,-10.222,-5.343
50.959,56.662,39.874,33.816,12.152,11.967,-17.275,-7.17,-42.238,8.031,1.503,-5.724
55.086,18.784,-7.526,35.223,0.459,-10.401,17.857,-5.353,-22.488,15.771,-8.586,-17.302
54.115,30.9,15.641,11.142,0.124,-30.341,22.642,-10.214,-26.833,13.911,-22.219,-16.902
52.412,27.527,6.546,-17.33,0.164,41.563,-2.705,7.085,-19.482,-9.853,-21.105,-16.4
51.475,6.853,-22.743,21.391,28.252,0.384,40.417,-10.022,1.568,8.045,18.821,-30.2
51.152,25.088,74.548,-14.162,79.464,29.969,10.107,18.54,14.24,-18.398,6.078,-24.666
55.044,32.671,-13.338,39.665,0.747,-10.158,1.386,-7.663,-23.055,9.256,-19.085,-23.347
54.449,47.905,-4.128,20.723,9.52,-22.501,44.276,-22.597,4.855,6.156,-23.395,3.848
53.929,25.398,64.336,15.893,21.424,-36.288,9.208,22.805,-12.588,3.587,4.052,-23.934
52.914,25.37,-23.548,28.058,11.436,-28.031,-9.188,-16.312,-33.994,5.156,-12.023,-8.517
53.892,27.158,25.752,4.529,6.918,-18.108,19.959,7.949,-24.286,0.191,-5.944,-26.028
53.657,5.051,-28.995,35.366,26.958,-11.325,13.26,-5.531,-0.154,-5.517,-44.047,-10.265
51.301,2.906,8.995,30.498,-8.616,-10.029,-10.728,4.392,-27.601,-2.335,-35.979,-9.84
52.644,26.826,38.684,44.67,15.822,5.798,-11.186,-2.679,-9.685,-14.823,-18.763,-28.06
55.032,19.429,8.029,4.594,-3.315,-43.889,19.788,-10.046,-22.182,26.373,22.881,-16.028
51.308,38.431,-29.193,51.273,-23.699,-62.321,7.027,-7.542,-26.348,-9.897,-21.121,-9.713
53.219,37.478,76.063,5.433,10.484,-0.464,23.74,5.623,-7.058,11.181,6.51,-35.262
52.453,19.65,-20.365,55.594,32.485,-41.822,13.103,21.621,-6.162,2.378,-8.554,5.905
50.106,24.765,-71.749,20.935,9.4,-19.429,26.675,-17.635,-5.385,6.628,32.37,-17.196
45.238,7.173,-13.961,30.01,9.018,-76.22,-8.081,0.136,-19.088,-12.816,-10.344,6.472
51.242,43.47,43.96,28.35,65.305,31.699,-6.802,22.258,-31.419,-2.019,18.26,-38.316
54.556,22.929,6.645,16.248,26.579,20.76,19.941,-4.152,-20.657,36.194,-3.562,-12.588
53.19,2.025,-7.751,18.406,10.887,16.414,22.896,21.965,-4.735,-13.853,-42.827,-24.216
52.433,23.508,41.648,10.847,46.809,15.177,11.427,-8.121,-6.132,10.006,-8.244,-22.06
53.867,41.606,12.461,-0.167,0.19,14.647,-8.606,-1.253,-15.849,-3.897,-26.113,-8.661
52.067,25.945,1.661,57.802,12.089,-9.32,10.633,14.149,-8.499,-0.524,-39.622,-17.245
52.122,31.822,-3.407,-37.458,-13.54,46.805,2.771,6.836,-14.521,-10.749,-6.586,-36.235
53.264,45.478,50.195,7.881,4.12,-26.113,-12.996,9.365,-9.015,-6.948,-5.626,-23.43
53.585,50.947,53.484,56.569,29.575,-9.222,-36.548,-28.813,-19.939,17.87,-15.48,-12.638
54.519,33.958,-7.209,3.077,-16.14,-40.145,4.053,-15.768,-30.345,17.758,16.306,-11.45
54.267,16.234,25.454,-3.653,11.535,-26.1,19.294,-3.573,-8.328,-17.634,-7.797,-22.93
52.592,15.939,-27.022,52.923,21.224,-54.561,-3.822,16.315,-10.601,4.982,-33.064,8.21
52.587,-6.827,26.458,33.16,17.778,-17.341,21.078,2.664,14.421,23.736,-4.443,-13.453
51.388,-9.781,25.059,-19.32,19.188,-50.967,46.68,16.532,-1.394,4.177,7.814,-17.211
54.15,3.799,38.401,-5.235,14.486,-13.891,37.723,5.172,-13.315,9.742,-32.418,-15.475
54.503,44.716,32.483,7.429,-25.608,-31.31,9.63,12.24,-33.651,1.635,1.169,-27.69
52.99,12.954,16.52,58.295,-6.273,-6.296,-7.016,4.982,-15.144,6.465,-54.902,-10.7
51.372,55.191,8.121,-15.24,-8.813,45.482,7.087,0.799,-14.486,-5.733,-22.583,-12.478
53.681,21.241,11.185,13.416,18.533,-14.749,-3.409,-11.423,2.658,20.839,-14.725,-26.049
50.957,38.413,-6.223,51.862,-25.96,-9.152,-28.805,18.409,-11.506,-19.865,-53.813,-28.444
52.994,44.884,-49.589,-3.731,-14.423,-35.119,0.284,-18.9,-37.242,11.36,-20.307,-3.704
51.052,20.388,-1.253,21.395,-39.839,-20.698,-21.782,7.08,-47.629,-20.662,-25.17,-22.297
51.669,21.048,5.059,4.137,1.89,24.153,-7.34,-17.392,-38.397,18.418,4.209,-12.042
54.097,16.567,-18.099,25.007,-0.167,-14.648,30.724,-1.472,-25.845,17.608,11.518,-1.586
54.444,30.954,21.971,4.929,1.423,-31.859,22.199,-7.329,-24.44,15.196,-16.744,-23.574
52.416,36.525,1.955,-19.076,-4.66,32.0,-3.975,0.995,-20.887,-4.042,0.586,-23.456
51.519,13.436,-20.306,32.157,18.183,-14.297,33.122,-15.789,-1.319,10.894,6.236,-30.701
53.401,20.769,84.053,32.482,54.938,-3.909,24.577,0.89,-18.203,10.386,26.035,-6.156
54.029,15.899,10.373,34.817,-1.779,10.222,3.343,4.051,-29.714,-16.542,-25.943,-19.94
51.851,23.049,-21.537,43.202,-4.194,17.716,16.241,-9.058,-23.588,1.576,-25.824,-34.628
52.526,50.28,62.423,-25.008,2.295,37.357,-2.379,7.992,-19.257,-0.589,32.196,-41.887
53.813,10.819,-8.397,25.135,14.576,-30.864,-13.092,-17.133,-16.545,4.026,-37.58,-15.826
50.163,28.599,-7.965,76.475,-22.973,-25.836,-2.823,-20.476,-35.568,-14.735,-37.588,-42.328
50.441,26.168,-28.462,-39.544,-14.558,50.2,25.873,-5.408,-17.457,-30.335,-8.671,-24.53
47.874,15.294,-9.366,52.743,-34.043,-6.505,-18.309,11.237,-31.337,-15.943,-13.815,-19.43
51.158,47.371,45.899,32.13,25.024,37.997,-11.124,-7.085,-37.059,18.63,6.292,-14.013
53.696,25.961,4.75,-5.051,3.27,39.637,32.392,-6.53,-18.95,9.239,-2.41,-17.507
54.605,30.237,21.475,14.622,-2.587,-32.291,18.61,-10.723,-21.235,11.57,-21.001,-18.525
52.334,30.058,16.789,-24.349,-0.719,42.403,-1.346,11.134,-14.559,-13.082,-21.011,-15.635
51.843,13.835,-27.257,29.709,25.157,-43.877,31.692,-18.677,5.78,19.671,4.689,-28.435
50.07,24.613,86.975,-55.596,71.585,14.875,11.129,29.118,8.518,-14.971,-20.414,-18.419
54.12,32.047,-6.657,30.324,3.88,11.475,9.275,-12.298,-19.331,6.613,-10.065,-30.333
54.112,41.128,-4.88,21.238,10.207,-34.533,42.827,-21.823,2.095,14.978,-17.679,17.934
54.189,41.867,63.875,8.68,18.899,-32.468,12.978,28.475,-21.605,-2.306,-0.68,-15.724
52.259,16.547,-26.08,26.181,-6.857,-62.88,-4.177,-16.98,-34.894,-4.498,-23.796,0.262
53.419,22.138,28.478,3.595,6.852,-25.195,20.84,3.027,-27.337,2.614,-10.957,-23.789
54.195,11.029,-31.093,21.0,33.559,-18.83,16.381,-5.039,-5.809,-1.838,-42.405,-12.523
49.843,-17.326,4.567,-30.035,-11.191,27.026,14.335,13.901,-22.528,-18.693,-28.894,-19.905
51.795,19.358,28.908,14.416,10.746,45.934,-5.49,8.279,-10.448,-26.604,-5.942,-31.86
54.781,10.948,1.26,15.417,11.425,8.995,32.168,-7.86,-22.679,23.957,30.765,-16.211
52.318,19.724,-0.989,22.056,-25.858,-11.321,23.441,27.176,-14.284,-29.544,-39.923,-11.897
53.381,42.745,81.794,11.192,8.334,-20.581,31.005,1.829,-12.06,5.723,3.645,-27.118
54.199,13.052,10.536,21.243,29.237,-31.134,16.669,2.285,-3.705,7.228,-5.044,4.097
53.221,20.509,38.441,25.15,12.56,-25.244,42.155,8.151,18.06,-9.475,-38.656,-0.066
51.733,66.628,0.806,-4.167,-8.159,27.976,12.466,16.261,15.865,-8.611,-38.374,-3.359
50.788,41.927,41.386,10.297,64.033,42.065,-4.017,21.376,-29.391,-0.594,9.775,-38.569
54.861,24.225,-1.549,25.807,12.487,-10.523,21.163,-6.586,-22.49,33.596,9.576,2.186
54.212,24.316,1.163,39.126,3.264,-1.34,20.702,18.319,-12.486,-6.001,-30.433,-22.528
51.887,38.022,36.736,9.927,37.117,5.908,8.947,-9.119,-2.88,15.85,-9.403,-13.826
53.878,42.622,21.462,-18.275,5.544,13.867,-2.927,-5.072,-8.879,-10.558,-22.773,-3.906
53.062,35.48,0.164,59.77,12.32,-7.637,5.738,6.318,-5.404,-5.278,-52.155,-20.078
53.127,45.711,-7.506,-14.785,-22.026,10.343,-1.773,-1.485,-26.627,-5.305,-2.241,-37.911
53.36,36.215,57.491,-0.96,-1.145,-13.585,-0.886,3.247,-16.072,-3.371,0.132,-30.242
52.434,68.796,72.239,20.88,31.653,8.277,-35.183,-34.954,-21.372,-1.268,-32.942,-11.689
54.99,27.683,-0.886,-3.228,-10.847,-44.421,7.911,-15.075,-29.164,12.044,9.558,-9.259
54.762,20.952,24.442,3.002,13.268,-46.884,13.906,-18.585,-9.036,-1.253,-16.642,-21.561
52.48,19.871,-20.016,45.868,31.215,-30.361,6.015,11.364,-3.566,1.911,-7.154,-6.967
50.556,11.966,-67.53,32.555,4.213,-45.363,5.156,-24.784,-16.253,24.785,3.971,-16.968
47.144,14.978,-27.17,-0.207,-4.828,-67.664,14.842,-4.111,-17.869,9.322,-39.98,2.739
50.706,34.119,-39.875,-2.505,12.186,-17.739,33.703,-9.761,-26.182,19.297,24.847,-25.038
51.441,37.358,4.908,38.653,6.739,-62.193,11.642,6.337,-10.058,12.528,-11.382,-27.062
50.947,8.466,-40.769,11.46,8.307,-79.797,14.333,-33.508,-21.086,17.561,-20.415,-2.721
54.63,39.654,50.649,-23.866,8.37,4.529,27.419,28.679,-17.803,-2.724,0.343,-21.831
54.797,38.614,21.563,-28.73,9.678,-46.668,22.309,-13.855,-13.253,9.201,-20.104,-10.475
54.624,27.3,-14.737,22.691,29.741,-53.03,1.672,-24.837,7.958,-1.19,-5.754,-25.31
50.294,-24.42,67.884,-19.552,47.692,-26.304,-6.163,8.896,42.353,5.309,-20.925,-49.148
50.288,-3.78,66.147,-4.016,40.541,-19.88,-17.318,-14.005,48.069,12.899,-9.624,-54.717
50.136,-0.569,60.945,11.025,37.204,-34.888,-13.963,12.63,23.288,13.82,-22.354,-49.505
51.532,30.203,73.778,10.925,8.78,-19.231,7.484,1.83,1.628,7.581,-9.564,-44.502
51.478,18.386,21.704,29.733,25.04,1.143,14.463,1.227,0.16,-5.394,5.633,-27.611
49.635,44.892,33.123,25.94,-7.759,-26.103,-1.624,-15.318,-17.695,15.45,-12.694,-19.477
52.413,9.171,16.835,13.118,22.785,16.721,4.226,-0.16,21.583,16.136,-9.565,-13.699
54.159,63.447,38.173,-14.83,5.936,23.833,-15.293,-9.426,3.821,-19.107,20.621,-10.913
52.675,42.672,-12.332,-43.682,23.109,2.324,0.143,31.672,7.042,-4.236,-30.593,0.788
51.658,43.862,-27.78,-32.255,11.549,-36.402,6.559,13.371,1.999,11.953,-18.142,5.724
50.802,69.933,-24.74,11.406,12.885,-4.124,-16.927,23.457,10.451,11.672,-14.785,-6.986
53.881,42.296,-26.798,25.796,-1.293,-50.626,-15.913,4.785,-20.055,13.44,3.324,6.011
52.303,56.567,-55.876,22.644,-13.812,-62.608,10.594,-12.788,-17.69,-0.915,-21.913,3.06
47.84,31.476,-5.124,12.307,-0.879,-35.555,23.091,3.047,6.424,8.741,-16.437,-5.196
52.968,24.095,-35.439,1.743,8.99,-39.306,-5.884,-2.249,-9.11,7.997,-2.427,13.22
50.792,3.108,-21.778,22.241,11.517,-14.886,-5.957,21.44,-17.636,-3.074,-12.009,-11.899
52.251,15.943,-36.422,-14.239,25.323,16.088,17.408,29.448,14.213,-13.258,-16.89,-3.515
51.347,52.085,-8.441,-23.258,30.415,5.025,-14.602,26.926,-10.729,-9.704,-17.591,-4.828
53.875,45.524,44.53,23.936,46.322,16.054,-38.122,-14.261,-7.831,-2.446,-4.893,-2.385
56.085,44.142,26.672,2.492,16.434,-13.389,-2.833,2.281,0.333,21.811,19.603,-12.275
55.703,49.187,-3.787,-2.035,19.917,-65.745,12.314,-14.818,19.051,14.333,-7.534,7.544
53.045,3.432,-23.634,19.543,25.654,-29.857,4.512,-5.544,-5.292,0.002,1.345,0.013
49.943,15.452,-14.306,4.722,20.185,-48.195,7.87,-3.691,-0.735,19.378,-1.409,-8.009
52.41,33.645,-51.913,26.182,2.903,-80.305,-3.748,-15.404,-10.832,13.584,-11.948,-12.352
49.602,25.177,-3.89,5.586,9.738,-57.711,-9.875,-6.069,-0.281,9.659,-10.38,-2.485
48.58,35.815,-10.339,87.197,40.025,-9.444,-29.615,-1.23,1.459,5.817,-10.527,-7.659
54.998,17.004,12.187,1.731,27.761,19.862,0.94,2.984,10.462,15.349,20.042,-19.433
55.733,63.386,-19.992,-5.409,-12.9,-25.719,-6.557,-3.32,-5.005,10.338,-22.672,-6.249
55.166,96.12,58.043,-5.945,-46.538,1.516,-11.853,11.297,-30.468,-21.421,11.901,-9.161
53.575,38.033,-16.996,63.294,-31.015,-23.625,-24.367,10.455,-32.621,2.748,-40.1,-20.992
52.289,35.838,-46.971,12.506,-15.129,-79.055,-1.145,-16.102,-30.359,1.344,-13.465,-13.93
53.146,34.344,24.441,29.37,11.398,-8.25,-20.716,-1.613,-5.574,4.769,-17.73,-9.01
54.593,55.661,69.436,2.043,34.878,10.567,-9.502,1.946,-16.756,18.25,16.932,-26.404
56.194,21.606,20.279,11.575,22.647,-29.565,0.572,-27.381,-2.731,38.944,0.195,-6.66
55.173,57.381,6.216,9.518,-4.258,-12.381,14.447,-20.453,3.552,-24.693,-10.614,-28.719
53.131,-3.427,-5.763,30.933,33.076,-13.204,-7.678,5.95,30.387,4.135,-25.952,-29.995
51.293,37.149,-65.367,19.078,-12.985,-77.455,-17.229,-18.887,-22.416,9.084,-1.64,-24.041
50.855,25.895,15.167,9.065,10.772,-35.557,-14.679,-1.107,-6.899,4.523,9.575,-13.719
55.081,54.201,78.608,18.78,27.855,15.499,-5.298,-5.336,-3.213,-2.69,-0.176,-8.102
54.695,-1.894,-20.212,19.427,21.269,-57.046,-34.126,-7.982,1.639,5.6,-14.565,-27.943
51.741,50.365,-50.311,44.829,-9.639,-17.735,7.197,-7.871,-3.3,-6.667,-2.466,-12.977
51.094,7.814,-54.903,26.146,0.069,-16.922,-7.681,-21.695,-21.02,10.08,-1.945,-1.423
50.157,17.23,-13.587,29.163,1.813,-40.227,-36.362,6.535,-5.151,19.661,-20.527,-19.728
51.695,33.33,0.085,-3.131,9.499,-13.539,-16.189,20.551,-9.879,16.24,9.763,-7.075
56.393,53.964,62.1,23.089,12.102,12.076,16.692,-11.764,-28.563,-4.81,14.586,1.351
53.644,13.783,55.417,27.006,47.603,-17.446,-3.489,17.862,-0.663,-13.393,-30.646,-29.22
50.719,23.661,45.56,32.496,8.703,-59.679,-17.398,-16.232,-12.723,-3.617,-14.579,-17.93
48.198,12.143,38.971,23.835,18.827,-86.227,-20.966,-16.439,-12.854,5.795,-8.301,7.668
51.029,22.791,18.997,7.185,34.78,3.419,5.815,-18.207,-6.792,-13.688,17.604,-6.591
50.242,15.199,5.586,0.043,37.606,-42.307,11.668,-21.081,-2.985,-2.005,3.204,11.195
52.595,39.334,-26.657,-7.864,19.288,2.241,11.466,11.458,-0.899,-18.11,7.405,-19.483
50.973,19.335,-6.296,-18.258,-4.167,-67.682,-3.512,2.527,-13.45,6.331,-12.501,-0.524
49.836,27.468,-15.455,46.779,14.273,-61.294,-13.911,-4.321,-7.693,2.695,-19.388,-10.675
51.883,27.258,-38.388,21.124,11.538,17.015,2.495,0.652,-16.994,16.753,26.744,-5.389
51.952,60.39,-57.286,33.724,-13.345,-57.926,18.463,-1.043,-18.158,-2.605,-22.43,5.208
48.152,29.781,-7.149,10.466,11.763,0.015,25.387,3.876,0.59,14.627,-13.916,-14.067
51.841,15.591,-56.457,10.333,9.271,-5.057,-15.789,-4.993,-11.87,11.08,-2.357,1.153
47.287,9.543,-46.62,24.288,-5.015,-66.649,-8.393,-4.518,-28.693,5.963,-25.325,-1.479
52.834,28.695,-54.674,7.594,-8.026,-69.551,3.532,-9.475,-26.431,4.19,-6.806,-12.761
54.044,-2.84,49.16,-34.592,2.09,-2.79,34.175,28.044,-12.532,6.813,-12.186,-8.917
55.173,35.434,4.513,41.878,-26.336,-5.758,-14.564,-2.871,-29.268,2.717,-8.111,-5.427
54.118,31.267,5.656,29.496,-6.366,19.106,34.422,-15.846,-21.695,-2.213,-6.013,-17.848
53.409,10.751,-22.114,18.637,21.524,-38.038,6.379,-3.81,-15.477,13.747,-10.148,5.281
52.354,23.389,-50.249,14.025,20.008,-38.14,14.538,-20.464,-8.262,6.202,21.107,-27.36
49.61,27.771,9.744,17.391,19.995,-55.061,-12.422,5.475,-14.008,8.081,-5.691,-2.667
49.517,29.699,-12.842,46.212,39.103,11.37,-11.728,-3.937,-8.875,4.53,-6.261,-1.567
55.062,10.696,36.85,-3.331,45.524,10.91,40.779,2.338,-11.174,12.169,20.922,-3.472
54.527,24.714,16.817,18.294,15.538,-17.993,34.523,-7.82,11.071,-23.928,-6.414,-14.46
52.437,9.663,-38.47,22.973,9.728,-27.206,-7.789,-2.227,-8.543,15.934,-9.255,-1.245
47.327,-12.842,-37.35,21.961,9.953,-39.611,25.666,-26.573,-13.832,11.858,-13.144,-6.725
50.761,30.931,-52.397,-2.503,-0.096,20.85,12.488,9.73,-3.33,-23.13,21.974,-27.306
50.484,20.03,9.269,19.405,25.179,-46.88,-18.639,5.635,-4.417,5.393,-11.818,-9.43
51.032,46.56,26.977,60.806,26.846,-33.86,-40.851,-20.429,-20.036,8.835,3.003,-4.929
51.948,28.711,-21.226,14.53,19.274,24.482,-3.953,4.47,-16.429,1.599,15.455,-11.083
53.244,30.917,-40.552,26.4,17.517,-66.2,6.456,-18.324,-8.769,12.82,-11.967,-14.261
52.348,-9.68,58.413,-53.95,32.455,5.287,28.772,-1.626,-12.891,2.364,-33.568,-4.422
52.5,12.288,18.76,42.73,-14.163,-8.812,-3.854,-4.714,-34.411,10.378,-21.391,-19.088
53.429,45.515,15.207,-50.707,14.163,15.711,26.295,-10.915,1.074,-14.576,-0.356,-22.162
52.344,43.286,50.951,33.733,20.307,-6.054,-17.087,7.044,-8.464,-16.799,-34.137,-6.597
52.616,29.032,39.98,2.569,6.926,1.157,-17.663,-1.429,-34.486,-8.147,-33.934,-1.598
52.0,53.677,-59.816,34.774,-14.866,-31.813,9.551,-14.374,-18.777,-1.064,-4.258,-7.301
48.247,17.313,20.772,24.117,-1.47,-38.022,33.214,7.573,-6.217,10.854,-13.931,-19.373
54.324,19.656,6.595,-0.077,5.359,6.129,7.755,-5.481,-28.056,20.304,-1.591,-6.143
53.339,40.029,49.522,-35.574,-21.914,-30.526,6.566,-27.537,-12.086,28.52,5.559,-29.312
55.139,39.173,5.738,18.68,-12.502,-37.122,12.412,-4.953,-32.945,-0.436,-30.382,-3.412
52.957,14.801,42.387,36.682,37.298,1.718,-12.111,-19.404,-31.851,20.027,2.558,-18.287
52.995,8.569,-2.353,24.734,16.762,12.282,8.86,4.173,-10.042,-6.012,2.074,-6.916
52.253,28.044,-25.619,19.257,3.887,-0.86,35.004,-20.996,-9.073,-10.566,11.593,-15.921
51.708,9.633,-37.754,5.606,20.839,-1.846,8.204,-9.858,1.186,3.998,4.766,-1.002
54.367,15.828,44.622,-2.295,-25.17,2.076,18.313,8.217,-36.95,2.805,-7.554,-26.19
54.919,26.227,3.041,22.95,-12.535,-3.024,15.883,-5.655,-23.854,-7.677,-9.726,-34.117
53.706,3.736,35.602,32.119,26.491,-37.033,-21.554,18.828,-13.577,5.395,-20.038,7.723
53.626,29.33,69.9,33.304,25.647,5.541,-14.092,-12.442,-40.166,1.686,14.1,-6.874
54.993,1.827,19.206,26.713,18.268,-17.863,14.859,1.707,-23.097,9.561,9.123,-7.908
55.62,40.16,24.112,24.29,-3.015,-30.25,35.433,-7.225,-18.647,14.178,3.899,-20.567
51.922,12.235,-46.237,19.761,3.758,-69.183,-24.391,-0.304,-18.427,-8.476,-12.376,-9.344
51.571,-29.52,27.161,43.484,-12.55,-43.501,24.164,-16.421,-45.934,6.837,-14.83,-29.688
49.965,-7.421,9.378,26.729,8.777,-15.377,10.793,16.865,-7.695,-21.739,0.948,-13.948
51.885,30.979,15.022,-11.714,10.771,-46.468,-4.096,15.052,-6.7,2.135,-7.403,-4.648
50.624,40.719,23.706,33.528,4.917,-52.982,-15.585,1.728,-9.267,-5.101,-17.316,-20.288
52.665,41.669,20.123,36.067,27.861,-76.077,-17.664,1.348,-11.432,-0.544,-11.388,-15.507
53.135,7.687,70.492,58.298,37.209,0.56,9.47,16.582,-21.167,3.722,-21.81,-8.058
49.946,30.333,63.689,-55.729,36.946,4.685,-11.523,-8.62,-3.199,-2.826,-25.602,-1.459
52.136,67.648,-11.044,-13.585,27.211,-26.362,-1.976,-0.129,9.613,-2.137,-16.748,15.814
47.019,84.051,-24.628,-20.629,9.034,-29.554,11.906,17.969,28.3,10.847,-31.696,3.795
48.989,40.005,-29.917,23.274,16.459,-19.34,27.988,19.413,1.736,19.681,-1.741,6.408
46.764,28.442,-10.355,-54.368,-0.132,-0.016,28.257,-2.903,1.551,16.968,-19.522,-6.792
52.131,15.181,15.634,37.772,-6.761,-37.609,56.917,-1.092,-22.265,-9.234,-4.545,33.312
49.113,-5.464,-10.141,-2.03,16.215,-57.543,44.929,22.589,12.032,2.987,-6.278,-11.739
48.354,-12.048,-34.351,13.473,34.346,-47.995,34.616,-3.919,2.878,23.137,6.316,-1.903
47.204,13.448,-45.017,-7.893,19.079,-41.479,34.306,-31.152,5.189,-5.693,3.411,-0.772
49.509,-27.26,-2.557,2.766,25.145,-69.11,34.86,6.313,3.658,11.419,18.806,-0.927
50.445,-22.251,-6.728,-17.133,19.688,-37.268,26.305,-17.701,-2.728,12.034,-7.352,-5.006
49.256,2.969,-3.349,-17.323,16.178,-36.658,37.199,3.339,1.569,-6.958,-22.023,5.217
48.158,-11.112,-1.998,30.101,43.373,-47.875,18.543,21.186,17.973,0.399,8.01,-14.623
42.202,24.44,-7.413,73.046,38.751,-25.241,-2.515,-33.403,-7.571,1.156,-8.263,5.898
46.147,15.15,-34.93,59.082,28.443,32.61,45.093,13.014,-6.525,15.194,10.238,-3.467
46.83,18.82,-5.526,-0.836,5.516,-7.441,37.685,11.537,14.224,1.499,6.465,-17.428
47.356,14.569,-49.403,14.356,-3.132,-9.531,22.705,9.41,-2.55,1.677,-3.946,10.669
44.399,-8.128,-77.818,56.674,3.761,-104.78,20.592,0.18,5.746,-4.838,-19.008,19.199
46.542,20.66,-11.908,-13.989,10.524,10.364,44.506,-3.482,2.392,-5.522,19.331,-18.839
46.716,28.385,3.831,11.186,21.452,-27.53,-2.119,2.556,3.3,-10.49,-2.099,5.956
46.485,16.182,21.937,62.28,72.409,-55.308,-6.148,-12.115,-7.922,18.62,17.394,10.791
45.896,40.121,-34.493,-24.899,24.617,-4.36,6.168,4.467,11.839,-6.127,2.909,-7.217
47.951,-12.975,-4.191,-41.807,29.616,-10.104,50.269,1.961,17.943,7.692,-19.557,-3.851
49.237,-8.192,0.418,-18.993,52.492,-44.502,13.762,9.088,30.914,-2.628,-7.158,-17.595
49.075,-15.401,13.136,-21.349,36.36,-34.195,15.063,3.578,15.16,4.943,-20.709,-7.786
49.205,-9.476,-24.921,-10.384,24.803,-34.417,5.998,-15.264,2.619,20.872,-1.715,-3.497
48.023,7.772,-4.292,17.446,19.812,-22.449,8.357,1.742,17.431,11.4,-31.73,-11.302
42.031,45.649,-20.485,109.012,25.248,-34.959,8.056,-9.4,-1.347,10.241,-6.55,-1.258
44.761,27.482,-10.135,-34.881,21.308,97.173,61.422,19.585,3.104,9.954,-16.568,1.473
41.831,-8.712,-87.72,19.672,-26.045,-56.633,2.572,-37.213,-14.305,8.667,-21.816,-1.052
46.495,8.368,-8.982,-6.232,3.956,32.498,36.475,23.56,4.959,-12.968,27.967,-13.267
47.363,21.733,-46.812,23.199,-0.074,-29.828,13.666,11.402,-7.209,-0.847,-2.451,8.241
43.393,-13.701,-86.328,69.639,8.756,-103.862,19.673,-11.654,2.737,-9.867,-10.219,23.663
48.002,32.082,-4.517,4.645,-18.198,-50.787,22.686,-3.511,-18.326,1.159,-14.67,-7.39
46.296,16.602,12.646,13.875,-0.256,-18.332,37.732,11.502,-11.573,-3.908,-10.919,3.188
45.41,18.617,-3.391,45.72,50.162,-49.839,1.494,-5.161,-7.618,15.766,10.855,1.301
47.717,41.276,-52.476,-10.539,19.718,-58.893,10.405,-15.75,7.199,16.918,-4.766,5.665
49.088,-17.011,4.907,-10.532,27.788,-76.943,47.358,0.878,1.664,8.915,-3.777,9.143
47.823,-27.539,-49.124,11.9,10.791,-68.844,24.756,-12.639,-6.066,16.995,-7.048,19.517
45.885,9.212,-72.246,3.025,15.647,-60.304,13.393,-16.355,7.887,13.799,-17.086,21.771
42.207,-20.917,-52.644,84.622,-1.333,-96.337,35.43,-24.027,5.066,2.559,-24.036,20.739
46.24,32.834,26.421,-2.85,20.696,17.836,25.017,10.696,4.376,-10.843,22.653,-7.738
44.962,69.404,52.582,77.972,38.449,-27.458,11.107,-5.228,-3.908,9.712,-22.363,-9.864
46.362,24.367,-76.391,64.206,20.541,-49.668,13.267,18.863,2.676,14.382,-12.576,6.551
43.438,65.858,-74.444,8.668,-15.233,-22.679,-9.297,20.632,30.733,32.577,-1.084,-1.868
46.17,39.059,-89.1,-2.566,-9.554,-10.259,-7.478,10.151,-4.614,10.515,8.226,6.827
42.642,-15.896,-124.903,81.434,22.949,-97.645,13.121,-3.271,14.878,-4.011,-28.436,35.37
37.382,-3.476,-152.63,96.972,-5.267,-37.47,-20.732,-28.936,-11.946,0.94,-27.433,-16.943
46.857,32.925,21.507,0.015,24.916,3.995,20.057,17.738,-2.886,-7.801,14.064,-0.156
47.533,77.961,58.007,49.174,57.112,-31.187,8.387,8.886,3.372,3.728,13.084,-1.646
45.636,91.806,31.766,34.504,54.054,-28.817,-33.036,1.841,-20.529,-2.538,-9.474,2.87
42.277,85.387,26.675,83.715,54.638,-66.344,-12.508,18.192,12.354,-14.813,-9.354,22.721
41.874,40.711,-19.655,27.624,22.762,-65.967,-25.796,2.298,-5.18,5.917,-8.248,21.171
42.629,20.03,-60.188,94.637,3.815,-52.324,1.379,-19.075,-17.035,20.117,-6.077,14.806
23.643,11.965,-120.008,275.513,-6.696,-137.088,-86.751,141.241,-14.394,-51.817,-14.666,-16.234
