0.0,171.13,9.469,-28.48,57.491,-50.067,14.833,5.359,-27.228,0.973,-10.64,-7.228
24.892,-187.441,-45.692,0.715,77.224,109.597,19.445,39.185,-35.847,107.637,36.15,-11.264
24.529,-198.382,0.17,-95.662,81.984,16.595,6.163,-12.534,-23.588,13.3,-33.456,-14.025
26.825,-232.814,-15.054,-2.776,75.036,-32.057,-2.68,23.79,-24.989,2.731,-4.371,-8.042
30.971,-241.861,-42.54,4.054,30.399,-26.065,-16.534,18.461,-0.658,0.648,-4.211,-18.696
26.508,-250.6,-45.953,-13.415,73.943,-51.706,-9.463,28.91,-20.975,-13.499,-12.381,-15.159
33.893,-190.781,-7.27,17.521,41.45,42.663,-11.13,12.942,0.304,5.147,20.155,-15.734
28.296,-254.789,-40.105,-1.166,71.35,-43.326,-17.46,22.994,-10.418,3.998,-12.96,-13.877
27.305,-256.365,-56.463,-9.506,65.786,-41.856,-0.059,23.721,-15.36,0.493,3.094,-19.961
25.608,-250.946,-49.275,-29.264,85.301,-59.356,-2.77,17.989,-19.481,-10.242,-4.284,-20.125
33.067,-191.072,-0.48,22.947,26.482,-22.414,-21.754,15.67,1.307,-5.883,3.576,-11.533
27.771,-232.272,-23.923,0.853,61.175,-42.168,-12.163,18.262,-11.526,-3.81,-12.451,-16.253
27.572,-237.366,-29.876,6.586,68.201,-36.18,-18.53,24.395,-15.346,-1.725,-10.836,-14.421
23.827,-235.185,-46.947,-25.385,105.388,-44.932,-19.229,19.731,-29.503,-6.456,-2.33,-8.066
28.273,-228.961,-18.109,10.042,61.153,-37.69,-27.896,35.308,-6.841,-6.517,-6.063,-14.467
23.475,-224.157,-55.113,-26.805,92.005,-41.767,-17.506,21.348,-30.965,4.298,-4.109,-4.899
22.978,-230.107,-103.93,-34.314,64.593,-63.732,9.018,39.773,-19.521,-6.445,-5.214,-14.479
18.976,-187.997,-123.808,-71.96,71.627,-67.877,11.758,14.429,-13.408,-7.401,-2.623,-4.016
42.146,-131.384,14.693,81.135,24.756,-9.841,-26.897,-10.395,-10.412,-8.463,-16.122,-0.191
40.176,-133.037,2.346,61.51,21.036,52.208,14.571,9.023,1.229,-19.716,7.994,-1.722
35.783,-164.392,-20.982,45.149,11.265,-11.589,-4.223,8.191,9.504,-0.052,0.794,-10.45
29.494,-173.138,-8.595,-34.163,-8.589,-35.109,-3.249,6.904,-10.956,1.922,-1.076,-6.18
37.502,-144.818,-0.425,53.834,23.295,7.764,-16.639,-20.028,-10.366,-32.081,-18.943,23.314
29.661,-224.611,-16.322,11.969,37.55,-18.316,-6.494,25.18,-19.504,-16.223,-9.418,3.533
25.587,-223.143,-68.944,-20.978,37.64,-32.303,-2.456,26.935,-26.185,-3.543,2.864,-14.131
25.16,-215.421,-53.894,-53.053,25.342,-32.066,20.078,11.665,-44.782,-5.534,3.643,0.981
26.664,-239.437,-55.156,-2.059,53.503,-42.911,-2.144,30.236,-23.129,-9.51,-4.738,-3.989
21.696,-219.144,-118.759,-44.793,64.004,-70.956,-4.474,30.975,-16.932,-16.642,-1.85,-9.804
20.241,-206.604,-112.683,-70.112,80.02,-60.906,11.088,14.483,-17.553,-3.627,-2.447,-6.244
25.96,-241.754,-56.891,-44.178,53.002,-33.04,18.409,23.426,-29.024,-0.39,6.602,-9.982
43.331,-119.387,-14.433,59.83,-6.96,5.74,-23.812,-12.597,-27.542,-2.495,0.593,-1.023
38.353,-178.714,-20.225,64.61,4.141,-33.743,-21.365,-0.656,-24.195,-13.764,-26.639,5.212
32.509,-182.081,-24.039,67.585,30.089,-29.806,-26.976,3.677,-5.721,-11.001,-18.904,-8.674
27.284,-237.933,-51.423,-22.029,33.93,-41.01,10.16,27.63,-26.602,-9.568,-8.404,1.675
27.963,-250.948,-63.809,-21.47,35.114,-30.933,8.881,14.365,-28.73,2.576,5.094,-4.0
26.273,-250.069,-57.056,-42.363,58.445,-50.388,1.542,13.594,-26.685,-12.836,-7.127,-12.283
26.092,-242.202,-57.032,-13.73,61.239,-49.415,-3.346,24.039,-22.204,-11.916,-1.481,-12.301
24.389,-246.146,-78.033,-48.855,73.618,-60.964,1.428,20.808,-24.953,-10.996,1.05,-13.197
27.49,-241.391,-66.088,-5.141,39.09,-20.799,-0.555,28.873,-26.389,-4.447,-10.431,-0.756
23.462,-210.051,-59.357,-36.492,52.326,-51.361,0.094,17.999,-41.217,-18.749,-0.981,2.181
23.073,-231.598,-87.655,-63.373,71.156,-57.169,-5.354,13.94,-28.679,-10.707,5.065,-7.125
23.869,-232.368,-66.913,-58.842,71.588,-39.687,0.583,7.78,-36.046,0.511,2.235,-7.276
29.133,-248.992,-49.327,-15.749,38.49,-35.647,-13.323,7.442,-16.662,-6.997,2.834,-2.53
34.388,-185.039,-0.241,38.612,17.628,5.735,-0.375,10.954,-16.276,-19.19,0.982,-2.89
26.572,-245.008,-66.474,5.453,56.333,-56.765,-14.697,36.888,-19.884,-19.357,-10.414,-7.99
21.428,-217.528,-101.961,-41.412,82.604,-61.088,-9.258,32.068,-25.005,-15.645,-5.091,-2.131
25.621,-234.838,-47.879,29.152,87.163,-37.368,-11.046,55.189,-13.051,-5.296,-18.228,-11.876
24.906,-223.411,-73.915,14.439,62.161,-35.581,-2.151,41.77,-18.38,9.053,4.172,-8.954
34.219,-219.535,38.709,23.889,55.841,-15.085,25.695,14.773,5.278,11.435,24.625,-10.847
44.306,-163.451,37.271,93.776,52.377,-16.29,-5.453,-7.401,5.937,-5.949,-16.444,-5.984
40.104,-174.172,53.741,44.051,58.904,-8.825,7.326,17.39,12.403,3.241,-17.517,-9.755
38.696,-193.653,36.302,36.718,57.33,20.67,24.521,16.968,14.38,16.144,-13.831,-13.764
31.991,-270.024,-2.153,-11.825,59.524,-45.948,-2.96,9.601,-3.804,-3.566,1.602,-9.367
43.174,-139.405,16.988,94.317,51.321,-16.681,-34.042,-19.12,-23.444,2.202,-22.905,13.024
33.347,-242.165,-5.532,67.578,69.402,-39.782,-36.065,26.296,4.283,-14.066,-9.593,-4.671
30.57,-219.126,-46.717,46.016,68.641,47.678,-7.313,22.739,-2.613,9.515,-18.503,-17.153
20.908,-178.815,-82.566,-60.238,41.352,-47.948,11.233,17.22,-26.034,-1.499,-3.238,-12.2
21.955,-189.771,-73.962,-60.019,34.59,-42.952,24.358,9.8,-44.448,-2.829,-2.936,-0.744
25.359,-252.695,-75.017,-43.194,67.915,-51.44,-2.016,15.222,-27.718,-7.6,5.783,-6.59
33.45,-195.164,19.639,8.138,20.44,-13.588,0.972,11.054,-11.889,-13.575,10.032,-4.023
32.714,-195.772,-18.434,56.754,34.84,-29.278,-43.28,18.243,-12.526,-1.315,-25.172,2.372
30.978,-278.066,-16.616,-16.307,72.41,-21.391,-7.084,15.074,-10.277,3.199,4.243,-11.154
46.464,-127.073,9.226,65.15,23.462,18.447,-39.153,1.979,-13.351,-5.689,-0.678,-25.342
40.442,-131.214,10.088,8.581,14.929,-4.228,-36.902,8.556,-7.743,3.564,2.779,-13.811
39.355,-173.658,15.71,85.266,28.228,-20.48,12.527,2.865,-11.269,0.4,-44.507,-3.934
37.117,-208.04,39.873,60.838,63.495,1.254,25.217,20.9,7.159,6.067,-16.319,-8.642
30.918,-233.318,-20.066,-6.096,35.763,-30.884,-6.006,29.467,4.184,-0.83,-1.105,-8.462
37.798,-139.227,24.2,65.326,16.874,3.046,6.432,3.678,-13.012,-8.137,-10.869,-10.195
29.513,-239.911,-50.506,-0.056,18.848,-34.988,4.691,20.893,-24.569,-2.531,-0.985,3.055
32.016,-188.307,-49.465,63.78,22.063,-26.215,-27.051,1.706,-7.702,-7.093,-26.721,-7.009
23.12,-201.474,-70.9,-39.118,45.478,-52.467,-8.365,36.897,-23.603,-12.146,1.113,-9.163
23.046,-203.549,-79.561,-45.888,34.566,-43.634,13.882,22.985,-37.889,-1.76,-2.227,-5.104
27.02,-242.414,-56.311,-20.008,46.896,-22.029,3.829,23.56,-29.988,6.986,5.088,-6.754
24.486,-216.844,-67.721,-33.266,34.088,-50.612,7.385,19.164,-41.025,-14.672,-8.453,0.501
24.011,-228.428,-76.097,-47.504,58.256,-39.895,3.118,18.788,-32.682,1.255,-2.157,-12.587
30.425,-218.12,-58.107,44.717,24.743,-26.586,-22.831,13.983,-15.561,-10.873,-1.463,-2.099
27.939,-257.943,-33.419,-2.882,76.705,-31.595,-0.211,29.708,-13.799,-0.176,-10.264,-14.021
22.775,-223.532,-82.187,-39.635,72.757,-68.738,-1.636,19.483,-26.845,-16.301,0.137,-6.401
27.627,-254.554,-28.311,-9.909,75.866,-41.819,-0.27,25.143,-14.378,-8.461,-7.366,-13.852
24.775,-211.113,-35.893,-9.566,62.016,-45.049,-22.61,11.497,-38.88,-20.505,-6.498,1.705
33.14,-176.837,42.673,46.857,66.554,-15.421,-51.063,12.694,-5.317,-11.35,-3.771,-1.504
34.533,-223.098,-22.921,45.951,47.45,-27.553,-19.736,-6.869,6.148,3.057,-29.231,-18.398
40.466,-184.989,28.513,101.168,54.192,-19.597,13.244,7.239,12.279,6.54,-24.203,-8.56
44.342,-153.904,45.048,105.604,65.875,-8.35,-5.317,3.311,12.184,4.35,-15.324,-6.106
38.197,-222.773,41.276,17.056,53.775,-40.043,-4.155,7.907,4.735,-2.409,6.923,4.479
38.038,-166.082,-7.541,148.436,57.611,17.507,-10.59,34.604,17.687,-8.295,-24.451,-10.22
45.616,-82.449,33.755,69.257,88.079,57.062,-13.17,-9.869,18.463,30.973,36.818,-21.466
42.504,-143.918,82.328,103.723,74.17,-7.725,6.779,22.275,-3.998,-1.449,-2.947,5.235
33.195,-234.196,6.742,45.025,46.532,-41.314,27.541,31.407,16.902,-2.089,-17.416,-24.481
29.246,-218.057,-12.268,20.061,45.265,-32.357,-2.144,33.743,-0.198,-2.113,0.07,-13.767
43.469,-158.831,68.42,70.274,57.018,-6.379,27.864,19.563,-3.638,10.736,-9.686,8.38
44.962,-138.835,71.469,70.166,63.378,-8.302,6.107,24.453,0.315,8.776,-3.135,9.351
41.036,-161.424,75.238,1.942,51.423,-13.136,4.799,4.672,-5.447,1.398,-30.398,2.745
35.36,-207.62,26.905,21.203,48.086,-17.004,3.553,21.809,3.835,10.326,0.373,-1.998
37.873,-213.042,39.623,58.031,64.054,-8.955,15.379,17.47,5.701,3.734,-17.843,-3.78
30.26,-222.259,15.943,11.781,68.042,-28.734,-9.862,16.829,-4.691,5.184,-24.667,0.694
28.782,-263.478,-29.025,-17.196,77.73,-10.075,-0.85,26.279,-14.275,9.277,-6.482,-18.918
25.474,-234.88,-24.08,-53.316,96.75,3.129,8.03,20.534,-20.288,8.533,-49.638,-9.802
24.78,-216.532,-67.695,-45.275,30.956,-13.738,21.676,18.505,-44.011,6.195,6.995,-1.144
26.049,-218.657,-41.704,3.865,46.321,-38.544,7.529,31.28,-21.453,-8.965,-13.043,-14.915
27.677,-244.138,-40.201,-3.694,59.78,-27.891,-4.394,26.104,-21.339,3.824,0.195,-1.681
23.141,-209.84,-83.546,-57.362,42.824,-44.179,-18.694,6.126,-30.962,-9.071,-2.284,-14.917
23.922,-214.004,-68.319,-51.218,39.912,-34.604,4.267,6.064,-46.072,-7.861,0.138,-0.522
23.691,-229.451,-88.719,-50.737,50.245,-53.268,8.825,17.5,-34.685,-13.2,-2.783,-1.596
25.005,-226.851,-66.292,-6.773,52.989,-45.926,-2.992,37.927,-27.231,-17.654,-7.7,-4.455
29.362,-233.604,-29.161,3.54,49.811,-6.63,-19.177,27.115,-9.98,7.35,0.372,-12.574
25.227,-244.163,-82.586,-44.937,57.017,-51.012,-16.773,15.978,-22.208,-6.074,-2.458,-6.823
30.338,-241.032,-33.665,24.317,49.458,-32.374,-32.192,6.791,-24.703,-7.048,-19.136,9.348
27.803,-239.133,-49.457,7.866,50.399,-46.169,-24.591,26.49,-20.89,-10.476,-3.678,-1.581
27.567,-249.152,-63.915,19.751,57.901,-52.038,-12.758,40.498,-8.77,-7.575,-14.948,-9.074
23.61,-213.467,-89.002,-46.996,28.754,-42.279,18.867,20.221,-35.727,-7.09,-8.321,-7.817
36.07,-151.986,-11.141,23.369,15.854,84.883,13.491,5.805,-15.356,-7.244,33.344,-16.819
36.252,-197.72,1.809,25.972,36.673,-3.337,-16.887,-3.967,-2.812,-5.038,-15.912,0.572
31.733,-250.402,-64.088,44.063,26.73,-45.05,-9.195,28.797,-5.69,-5.864,-20.278,2.422
34.961,-224.021,35.025,-19.196,42.765,-7.493,30.618,7.994,7.011,13.748,12.557,-10.386
44.728,-158.237,37.795,92.877,59.462,0.446,-2.222,-0.974,11.148,6.447,-4.388,-14.686
46.824,-115.569,49.927,103.15,54.423,-27.88,-6.481,4.414,8.821,-5.159,-21.943,-13.215
39.67,-174.791,53.492,92.391,68.024,-32.33,-17.143,38.08,12.241,-3.084,-14.824,-11.295
33.179,-217.045,55.869,15.166,71.042,-49.175,-8.255,16.993,16.386,1.89,-3.969,-19.858
47.354,-105.354,66.799,117.611,90.978,-7.373,-36.212,-19.699,-7.985,15.987,-16.639,16.391
45.176,-130.375,91.866,93.825,76.649,-18.065,-16.532,25.412,-5.093,-6.676,-13.756,7.098
33.086,-208.073,2.913,52.268,38.931,-46.623,-7.492,37.015,13.238,2.124,-18.663,-17.45
27.06,-244.262,-73.832,-45.188,41.924,-52.265,-20.382,9.788,-6.641,-7.664,-0.302,-2.003
35.549,-209.493,-8.155,11.287,23.748,-16.983,-14.61,2.859,0.139,0.782,-1.174,-6.881
38.711,-173.134,22.326,78.333,34.819,-20.063,0.463,18.228,4.331,-14.615,-13.375,-17.116
46.262,-116.362,71.091,70.747,74.87,52.706,14.361,21.093,1.912,27.51,23.346,-1.895
38.189,-197.289,37.549,38.211,55.903,-51.627,-16.739,22.774,4.953,-0.023,-11.114,7.34
36.732,-219.76,39.022,74.507,74.502,-16.788,2.018,15.367,3.541,-8.981,-0.5,-1.73
31.905,-214.502,29.541,24.633,58.143,-20.542,-0.943,17.323,1.617,-0.021,-9.102,-5.832
28.933,-257.751,-31.541,-10.453,69.907,-30.108,-10.252,16.357,-15.225,14.231,-13.063,-9.501
31.618,-234.684,14.842,44.171,62.767,-35.195,-4.119,44.208,2.36,-6.598,-14.916,-16.227
24.267,-228.052,-76.87,-38.044,50.802,-43.453,11.307,26.599,-31.6,-7.398,-3.916,-9.528
23.002,-227.882,-75.998,-47.74,79.645,-55.376,-1.627,15.636,-28.482,-9.154,-5.846,-10.081
24.319,-244.707,-84.546,-32.476,77.342,-34.565,-3.591,31.076,-29.589,3.407,0.854,-4.773
23.837,-220.264,-58.553,-14.021,72.747,-45.456,-3.636,35.491,-24.203,-12.959,-4.565,-12.086
28.783,-228.198,-34.068,5.215,57.977,22.783,-15.562,15.378,-25.729,13.127,14.699,-3.614
28.031,-244.514,-44.102,-29.99,41.545,-34.138,-2.965,8.949,-21.816,-6.934,4.158,-2.952
34.145,-163.733,11.654,-40.703,25.77,46.985,6.846,22.108,-7.289,-32.214,20.18,16.319
37.992,-201.797,14.219,33.417,34.164,-24.965,-15.768,8.618,-5.471,-5.902,-13.756,-6.652
32.917,-189.875,-27.255,61.221,29.342,-6.958,-15.945,4.75,-4.488,-14.694,-0.526,-7.7
36.26,-166.883,6.901,32.729,19.389,-6.543,-25.314,-14.65,-20.137,-20.394,-6.511,8.617
34.291,-212.197,-2.44,31.023,42.113,-47.779,-25.604,10.678,-0.661,-9.707,-8.532,1.023
44.736,-135.093,12.357,57.948,45.42,-32.908,-17.932,-18.774,-9.224,2.775,4.636,4.579
47.993,-78.429,40.652,79.915,45.333,-22.333,-54.749,-7.516,-21.809,-8.948,-24.522,-3.13
45.426,-138.137,19.501,83.268,51.149,-9.454,-46.052,-20.427,-3.623,3.669,-20.891,-11.88
44.88,-120.055,53.622,79.195,65.614,20.283,-20.622,-18.229,-4.423,-5.129,10.477,-6.849
33.955,-184.721,-21.967,39.974,34.902,-45.599,-11.043,31.11,15.528,-0.387,-16.155,-11.188
33.389,-179.497,-25.837,46.878,25.499,60.356,4.711,22.107,-14.564,5.237,1.235,4.7
35.6,-218.207,-8.988,18.15,51.433,59.891,12.493,31.918,3.052,25.795,8.555,-4.999
29.937,-213.584,-14.666,-34.996,-2.841,-25.843,22.582,15.324,-30.047,-19.088,7.202,17.65
30.796,-244.978,-23.864,-15.867,26.928,-25.536,-5.04,3.785,-29.607,-5.506,-7.954,9.799
25.978,-243.395,-56.983,2.411,68.652,-65.078,-10.618,42.593,-18.192,-19.621,-8.981,-11.993
38.524,-209.813,22.444,24.863,53.579,-11.731,-4.157,23.528,10.781,16.166,3.619,-9.913
36.272,-236.513,20.186,23.303,55.37,-32.483,4.295,9.603,5.404,10.768,-1.475,-6.85
43.589,-157.557,35.423,96.784,68.268,-24.904,-36.338,22.853,4.28,-1.361,-34.6,-2.352
37.446,-200.129,31.146,55.91,68.875,-24.178,-35.677,16.864,4.341,-1.862,5.656,-1.258
41.589,-172.874,43.889,94.877,69.723,-21.265,-8.849,6.415,8.557,11.078,-37.015,-3.809
41.062,-122.9,21.345,108.354,78.209,-11.231,-31.064,-12.731,-4.84,13.666,-26.262,5.516
33.779,-235.332,64.067,20.054,94.618,-31.113,-21.26,8.029,4.151,-0.214,7.151,-11.882
41.779,-88.709,88.795,61.644,98.758,-27.321,-20.344,-6.107,0.241,11.404,-7.757,-5.887
40.395,-202.611,18.509,97.308,52.198,-30.653,18.018,19.321,10.525,16.039,-43.875,-9.661
29.261,-252.71,-37.799,-38.644,39.517,-48.177,-4.104,13.172,-9.023,-1.765,2.868,-11.24
28.281,-239.047,-20.057,-28.664,47.21,-45.769,6.439,15.77,-14.308,-3.798,-4.069,-11.421
28.636,-251.141,-6.331,-24.697,67.383,-50.704,-4.106,5.933,-19.267,-3.304,1.231,-12.03
32.65,-239.791,38.924,16.724,74.654,-24.491,6.486,16.953,8.63,1.122,8.899,-27.068
39.931,-164.369,95.224,57.714,71.595,-19.245,54.933,10.691,19.631,16.693,-11.247,-32.263
36.47,-207.705,-17.15,93.335,47.062,-10.85,-9.539,39.46,9.283,2.932,-29.279,-7.165
26.792,-233.803,-71.904,9.169,37.295,-41.947,-9.736,35.456,-27.722,-6.816,-10.964,-0.067
36.205,-238.982,-5.796,42.736,50.968,-19.006,-4.44,9.233,4.62,13.651,-2.67,-4.519
37.107,-245.387,12.795,21.044,50.508,-35.909,0.355,8.718,3.858,-6.067,-2.177,0.223
45.682,-141.688,32.194,100.743,60.883,-9.826,-39.68,-6.503,-0.505,-5.792,-22.435,-4.757
41.811,-158.772,49.881,56.331,76.928,0.795,-35.525,19.373,8.994,-2.768,-1.247,-2.835
41.468,-174.672,29.947,85.688,68.819,0.81,-9.65,2.554,8.131,13.068,-18.114,-5.624
40.649,-138.953,15.833,99.626,71.741,-22.853,-45.187,-12.579,-16.052,5.576,-30.707,13.875
47.607,-101.645,112.094,28.588,84.293,18.795,-8.523,18.216,-6.173,17.867,32.043,8.735
45.984,-143.817,76.086,35.196,68.816,-30.696,-39.105,-4.586,-3.92,-5.392,-11.828,6.691
39.464,-220.322,8.515,100.46,67.461,-37.775,-23.957,7.263,4.692,-1.837,-35.268,-3.687
32.26,-247.198,-3.005,8.164,54.279,7.837,14.895,30.98,2.577,1.471,-16.553,-19.626
39.109,-167.514,26.891,72.329,55.055,-20.906,-4.562,20.309,16.87,5.59,-21.407,-15.625
45.555,-140.748,102.303,20.424,79.677,30.147,23.696,15.238,0.77,24.767,37.403,-6.54
45.365,-147.217,69.305,58.284,59.959,-34.304,-34.496,-4.736,-11.37,-8.979,-11.652,3.127
40.038,-206.206,52.835,87.198,76.035,-26.657,3.386,12.845,6.605,-0.575,-17.56,-6.999
32.319,-222.753,36.928,74.808,92.182,-22.237,-29.254,41.37,2.756,-4.646,-1.904,-12.22
32.057,-230.625,41.155,50.765,97.027,-1.059,-17.707,32.162,-0.512,12.171,4.995,-17.05
27.559,-201.876,28.854,22.225,88.096,-20.215,-51.321,22.805,-16.606,-2.632,5.353,-10.619
37.678,-215.531,35.306,39.701,56.205,10.759,35.106,6.58,-0.766,18.938,20.712,-9.693
36.7,-234.724,17.202,33.629,43.265,-25.694,23.722,4.996,1.274,0.259,-8.416,-3.493
41.728,-199.578,60.84,34.265,54.847,-21.888,34.415,12.237,4.425,-1.678,0.584,-5.635
46.385,-144.277,42.877,94.457,71.352,-23.362,-6.363,-6.066,5.892,9.04,-28.317,1.364
45.562,-132.461,80.636,119.985,64.686,-31.055,-7.491,3.341,-16.202,-4.769,-30.175,19.596
37.058,-195.371,19.587,119.846,58.811,-11.717,18.438,18.981,-1.448,-3.649,-18.338,0.835
28.749,-248.632,1.87,-22.209,73.586,-46.005,-1.165,12.447,-8.987,-1.378,-0.338,-16.19
28.201,-238.63,-1.753,-4.416,76.167,-34.92,-5.894,23.823,-8.359,0.763,-7.89,-17.051
30.242,-219.81,27.24,-10.263,68.443,-23.142,-35.271,4.479,-8.54,-2.142,15.58,-6.438
45.678,-98.09,140.309,98.224,87.7,-25.966,42.994,14.77,3.197,7.957,-8.145,5.528
47.615,-122.306,81.595,58.241,53.717,-23.756,-25.727,-0.458,-18.17,-7.185,-6.493,3.294
38.78,-187.758,11.848,150.139,60.208,-48.381,-24.012,32.157,6.619,-12.533,-39.855,0.369
29.418,-204.781,2.783,53.858,67.876,-19.629,-31.289,20.727,-15.143,-5.682,15.384,-1.601
27.42,-180.918,20.791,32.453,54.971,-10.783,-9.641,30.7,-21.873,-11.684,5.454,-5.493
34.998,-240.346,-10.463,66.226,56.987,-16.229,1.037,26.807,3.895,8.945,-2.486,-10.189
28.03,-244.985,-36.138,-51.037,34.882,-43.413,8.188,9.716,-28.18,-9.126,5.356,-7.955
30.948,-265.692,-23.093,-11.178,51.096,-28.993,-20.952,18.934,-21.993,-3.984,-5.281,0.442
26.004,-228.903,-39.859,-18.132,56.165,-41.671,10.385,26.163,-20.106,-0.894,-9.798,-19.02
41.791,-166.542,24.508,49.744,70.246,65.369,1.393,13.253,6.233,32.608,39.972,-24.013
36.679,-198.317,33.017,36.03,56.336,-42.128,-0.795,-3.719,15.014,3.646,-21.66,-11.457
45.027,-141.54,31.611,112.783,74.871,-9.812,-43.29,-0.256,-2.656,9.573,-23.609,-2.739
37.385,-190.418,43.361,60.802,72.985,-29.471,-29.079,22.573,15.454,-4.642,-0.695,-7.489
36.12,-200.811,63.821,49.467,81.993,-3.639,2.811,22.518,8.066,2.564,-0.59,-10.007
29.604,-226.258,41.0,11.622,78.644,-47.676,13.953,16.424,2.869,3.773,-4.529,-23.659
28.231,-241.394,-19.829,16.947,80.646,-35.972,-22.796,24.519,-19.889,1.207,-18.539,-3.752
21.393,-197.947,-48.897,-27.732,97.681,-46.225,-26.704,15.206,-38.972,-15.848,-2.529,-0.334
25.304,-228.363,-69.248,6.595,61.466,-40.472,-8.917,37.843,-19.895,2.544,-1.491,-7.646
23.197,-224.268,-87.077,-52.977,57.326,-43.524,11.131,11.888,-38.276,2.651,3.342,-2.578
31.828,-224.078,-10.725,-7.658,16.472,-11.784,3.564,11.49,-17.256,-0.305,11.088,-3.658
42.585,-124.543,8.295,73.885,18.202,14.375,-12.951,-3.635,-5.624,-7.969,2.071,-8.976
44.205,-98.539,23.191,73.371,33.502,52.891,1.465,17.597,0.954,-10.713,21.296,-12.421
35.876,-168.681,-12.661,24.256,13.307,-26.687,-12.909,5.041,-9.257,3.137,-9.422,4.747
35.539,-195.604,-24.306,30.642,14.804,20.354,6.453,4.439,-10.386,-8.631,-13.368,22.982
30.873,-214.07,-17.628,20.81,16.165,-36.919,0.908,19.475,-10.912,-13.941,-11.044,-0.839
27.406,-237.662,-41.73,-48.039,40.214,-26.857,-1.464,23.048,-24.051,6.955,1.329,-12.067
26.214,-217.773,-61.059,-32.305,24.827,-42.404,-19.523,24.439,-20.277,-1.519,-1.495,-20.721
28.404,-211.986,-21.884,-24.809,11.43,-14.619,16.894,18.313,-38.089,-1.22,7.725,10.612
26.345,-250.082,-71.542,-30.62,47.875,-61.521,-7.601,23.669,-28.187,-12.97,3.439,-3.76
23.887,-221.009,-68.76,-49.108,58.846,-41.499,-6.844,7.233,-29.803,-1.23,-13.579,-12.766
23.439,-232.893,-71.283,-52.748,80.103,-48.85,13.618,17.143,-25.812,-2.241,0.103,-12.625
27.38,-234.29,-32.678,-24.441,47.953,-40.029,-3.065,8.463,-23.793,-3.476,9.224,-16.487
45.031,-89.934,-7.648,85.712,-12.239,-5.238,-40.356,-4.184,-29.485,-10.317,-11.863,-15.361
40.104,-100.038,7.667,21.38,4.805,3.137,-13.357,-9.499,-11.086,-23.195,-14.494,25.291
34.601,-174.39,-19.611,35.451,17.967,18.012,-11.026,-0.523,-4.108,-17.216,-18.184,0.161
29.055,-249.877,-41.444,-32.276,31.597,-44.607,3.368,10.752,-20.839,-5.144,5.28,-4.799
28.95,-243.03,-20.782,-24.826,40.798,-55.004,4.781,7.961,-20.341,-8.628,3.756,-5.34
28.098,-235.382,-16.282,-21.68,49.713,-38.835,9.135,16.087,-17.682,-9.836,-2.137,-12.124
42.213,-86.743,51.717,59.686,43.151,17.411,-44.271,10.895,-10.988,-8.641,-0.092,-11.573
32.724,-230.943,-38.053,35.847,28.559,-29.63,-25.534,9.172,-23.633,10.59,-17.245,5.338
26.425,-233.699,-42.935,-45.36,38.565,-49.864,6.595,15.289,-34.045,-14.452,3.92,-9.109
28.515,-254.078,-40.117,-25.239,50.272,-20.497,-7.903,12.612,-33.822,4.31,3.272,-0.218
31.928,-218.022,-31.833,49.538,37.066,-36.056,-28.79,7.983,-9.468,-10.964,-10.565,-0.67
30.508,-238.879,-46.451,5.847,15.953,-21.125,0.66,18.344,-27.921,-2.958,0.438,9.509
26.268,-230.487,-52.966,-17.546,41.889,-56.243,1.934,23.334,-24.949,-14.328,1.468,-7.154
26.226,-218.008,-31.016,-47.385,46.316,8.623,19.58,21.015,-34.565,5.539,-16.071,-0.709
25.637,-239.117,-56.576,-56.109,55.561,-29.161,2.458,10.82,-33.508,4.244,2.142,-8.262
26.707,-239.707,-66.944,-7.039,47.296,-44.873,-10.577,21.142,-25.121,-8.9,0.595,-8.041
22.145,-204.163,-64.786,-39.67,68.932,-55.042,24.305,19.339,-25.616,-5.019,-2.759,-11.225
32.389,-229.499,11.919,12.162,52.82,-15.181,-13.033,9.418,-0.767,4.533,-14.409,-12.713
35.647,-144.666,0.919,59.368,21.351,-0.096,-5.246,-14.309,-9.385,-32.795,-20.852,22.207
33.648,-199.732,-30.887,48.684,18.663,-20.286,-9.542,-0.842,-10.306,3.397,-9.749,-5.867
32.949,-207.965,-31.796,-11.59,15.321,17.515,0.682,11.646,3.348,-3.373,21.434,-15.865
37.387,-231.492,34.468,-6.982,49.547,1.669,36.446,9.175,9.099,5.3,8.746,-12.283
46.694,-124.425,41.282,60.817,52.229,14.491,-22.225,-16.716,0.68,-5.014,-1.105,-6.889
39.497,-199.158,50.73,77.143,67.854,-44.259,-3.88,19.238,9.47,-5.738,-8.745,-1.243
41.315,-177.711,20.345,75.166,52.136,-10.639,-6.04,-5.975,4.129,22.388,-27.308,-11.464
41.629,-148.752,12.242,89.592,48.55,-28.241,-24.825,-19.667,-19.659,7.799,-32.468,10.261
32.527,-237.688,-7.572,54.241,60.815,-49.818,-33.302,23.032,2.314,-12.485,-10.093,-7.38
33.926,-211.826,-36.03,78.746,49.177,-35.797,-25.709,1.968,2.349,6.383,-34.76,-18.524
28.757,-205.7,-23.118,52.264,36.252,-23.962,9.696,44.081,-7.62,-7.865,-22.36,-13.625
26.137,-239.667,-34.879,-48.64,77.684,0.719,0.019,-3.337,-34.331,23.116,18.281,-11.657
30.335,-210.569,-42.193,45.555,54.693,28.472,-25.788,33.826,-2.494,-10.315,-9.695,-12.219
29.82,-240.987,5.682,-1.982,72.154,-11.611,-12.396,14.055,-9.345,9.801,-1.05,-13.583
40.805,-145.213,63.72,75.206,90.218,0.539,-64.821,-24.736,-5.372,3.58,-1.842,-10.706
41.682,-177.198,43.215,114.762,57.431,-25.515,34.239,17.479,13.511,19.693,-36.671,-21.013
27.586,-222.683,-49.657,-49.001,23.866,-47.39,14.274,15.545,-4.015,3.526,-0.005,-0.035
34.925,-187.752,-9.984,8.09,18.157,20.239,3.832,8.521,0.591,-8.17,22.942,-10.367
35.996,-198.601,17.988,-0.236,28.143,-36.17,-14.647,8.012,2.592,-3.668,-0.118,-8.613
43.248,-145.366,61.424,77.908,56.88,-21.375,11.955,10.629,12.449,16.683,-31.238,-16.28
35.53,-229.082,2.722,55.346,53.762,-19.506,7.429,19.601,13.687,6.54,-9.623,-15.406
29.027,-245.921,-37.752,-13.585,51.153,-42.421,-19.76,8.501,-10.591,0.742,-6.009,-8.993
28.083,-254.643,-64.882,-32.167,39.392,-18.138,-0.53,19.542,-27.222,-2.594,6.332,-0.722
27.668,-270.297,-42.764,-51.662,73.143,-40.805,-9.301,3.373,-29.624,-1.864,9.281,-7.905
28.985,-271.128,-19.276,-21.256,82.479,-50.106,-23.748,9.597,-16.997,-14.207,0.037,-9.969
30.91,-246.347,-24.67,25.738,55.971,-41.137,-19.819,19.709,-3.098,0.344,-17.598,-12.063
26.97,-229.049,-65.944,-3.175,34.673,-34.811,-14.119,22.905,-22.995,-9.281,0.231,-4.147
25.736,-203.342,-33.026,6.038,40.24,-30.005,5.541,36.604,-27.881,-10.526,-3.993,-7.927
36.992,-172.027,10.866,32.694,25.758,-8.921,-18.483,18.923,-4.179,-0.195,0.511,-10.834
36.807,-208.022,49.52,74.992,81.235,9.988,10.597,23.702,5.919,-4.543,-6.887,-6.449
47.165,-130.432,78.952,100.392,85.314,-0.763,-2.865,1.372,6.702,11.389,-0.206,-8.853
48.959,-70.639,39.899,94.033,51.907,-2.888,-16.963,-9.457,-13.594,-5.029,-24.73,13.703
39.601,-154.178,2.724,46.842,42.279,14.571,-11.012,-10.835,7.284,2.522,-46.763,11.09
32.555,-204.445,-18.006,-35.053,-6.684,-29.164,8.646,0.682,-10.081,7.579,-1.501,11.704
36.444,-171.985,-0.977,19.699,6.731,-38.145,-15.785,-0.533,-0.543,-7.127,-6.771,-7.652
36.323,-179.494,14.42,-15.899,21.045,-28.998,-23.741,-4.111,-2.956,2.694,3.907,-18.427
40.709,-196.454,61.895,41.498,61.683,-38.783,25.164,8.163,11.238,11.142,-13.466,-15.113
40.902,-177.214,14.273,53.385,53.478,35.691,-2.413,26.723,19.585,-14.303,-12.244,-9.838
30.103,-229.077,-13.955,-16.346,17.968,-40.78,3.485,13.313,-26.261,-13.88,0.903,5.676
28.272,-247.499,-57.882,-7.574,36.156,-49.12,-6.969,22.576,-21.507,-11.29,-5.556,1.427
25.494,-224.897,-57.581,-39.956,54.564,-41.963,-23.921,10.327,-16.441,-5.357,-2.622,-4.847
44.583,-156.344,39.197,68.487,51.385,3.659,-17.55,1.358,-5.354,3.63,-4.44,-10.892
36.866,-218.009,8.855,28.383,42.645,-19.015,17.566,-4.157,9.911,-1.102,-9.899,1.245
44.902,-131.902,19.089,120.489,66.894,-0.444,-22.07,10.623,0.637,11.281,-11.002,-8.493
41.604,-165.867,58.182,66.506,78.894,-28.431,-41.515,19.865,9.681,-5.569,-8.115,-7.397
37.94,-204.13,37.241,73.277,72.426,-10.642,-7.476,16.339,5.74,0.997,-25.736,-2.563
43.336,-90.101,18.188,66.985,87.34,123.569,-16.993,-1.634,12.528,-29.199,28.732,-5.201
34.664,-200.06,58.657,19.176,97.002,-44.938,-35.262,3.629,9.612,-8.257,-1.296,1.115
38.04,-125.206,105.534,58.01,81.128,-20.817,-3.233,8.955,-7.892,6.821,-3.788,-15.871
43.483,-148.296,33.778,102.804,58.032,-15.891,-14.77,7.701,8.377,17.686,-43.64,-8.092
29.124,-228.083,-16.929,-30.712,25.883,-50.192,12.489,16.763,-14.933,-7.819,8.214,-3.13
41.153,-109.881,43.432,69.296,24.521,5.413,-5.171,-4.16,-16.141,-12.92,-7.529,-8.82
36.317,-178.039,58.071,9.6,54.114,-18.004,-16.089,1.27,-4.07,-5.356,8.559,-1.192
37.232,-196.479,76.169,31.414,77.723,-13.153,15.389,1.745,5.904,10.029,-2.706,-11.743
34.529,-233.255,-24.529,79.344,53.642,-15.025,-5.91,31.724,7.071,-3.489,-17.694,-6.5
25.059,-240.167,-76.224,-57.531,47.464,-56.643,-3.871,13.139,-31.777,-15.004,4.218,-7.562
32.377,-230.283,-0.641,30.343,52.664,-25.345,-24.08,10.808,-11.259,-6.695,-8.395,2.017
31.105,-234.249,8.792,25.962,78.192,-9.295,-18.608,10.737,1.348,6.06,-10.522,-17.501
44.728,-156.182,49.977,65.935,57.313,-27.236,-8.525,18.863,3.906,21.323,-4.754,-13.99
37.523,-211.813,13.593,32.087,68.03,-50.012,-17.489,-6.568,13.973,4.453,-15.371,-2.966
44.158,-146.472,38.217,109.917,64.957,-24.714,-32.223,24.235,6.05,-4.338,-33.021,-7.55
40.175,-158.128,31.772,73.932,74.642,31.455,-33.694,-9.929,6.3,4.189,3.318,-18.483
41.79,-166.847,57.033,49.792,66.754,-9.049,2.961,8.549,10.285,21.909,-3.042,-17.261
40.76,-169.089,29.064,74.427,55.177,-6.19,-28.751,-3.832,-11.843,-4.765,-28.344,1.041
47.065,-98.978,85.322,70.284,78.126,33.824,-11.588,13.217,-8.008,14.297,21.039,0.443
48.372,-90.995,80.926,90.76,56.555,-20.352,-16.729,-4.75,-17.758,-4.157,-17.833,14.865
37.949,-225.663,23.914,77.755,63.821,-29.956,-4.645,9.641,-5.566,5.574,-21.174,0.753
42.078,-139.268,20.565,68.235,57.131,-35.093,-14.593,0.227,21.75,6.019,-30.88,-11.738
44.669,-75.627,29.963,80.133,64.941,13.518,-10.868,-1.878,22.581,9.73,7.302,-20.151
43.869,-135.092,75.601,83.214,64.572,-23.48,-4.184,27.491,4.444,-9.062,-11.922,7.817
34.128,-232.076,21.841,58.506,59.298,-47.354,8.875,26.31,10.546,-5.887,-21.361,-12.529
27.581,-234.091,-6.077,-0.698,76.451,-51.05,-23.468,24.63,-15.547,-9.208,2.352,-9.402
30.13,-199.504,-17.914,47.196,44.023,-29.021,-27.776,9.404,-8.296,-7.157,2.018,-4.327
25.826,-197.638,-2.247,-3.005,64.639,-32.0,-16.227,37.44,-15.001,-1.492,0.325,-14.158
42.95,-123.354,22.271,15.878,32.695,74.63,-6.999,3.296,-13.867,19.011,42.897,-15.085
44.639,-102.267,46.195,4.74,25.264,-4.391,-35.917,0.312,-15.216,-1.374,11.717,-11.041
43.225,-142.01,12.074,72.074,40.363,-20.602,-58.518,-7.243,-6.055,-11.33,-40.174,-2.1
39.071,-193.221,-5.789,77.225,56.596,3.683,-35.0,-15.08,4.594,-3.736,-17.255,-11.883
33.754,-180.943,-20.243,60.904,27.619,-19.651,-44.828,26.828,2.936,-5.86,-11.793,-9.431
29.883,-203.365,-7.0,15.878,25.078,-11.559,-7.549,10.354,-32.897,-6.093,-4.764,12.905
47.034,-116.133,48.397,26.67,40.21,10.623,-33.482,-14.878,-18.802,3.797,6.626,-6.685
39.632,-177.569,-22.128,114.729,19.414,-49.238,-29.785,0.363,-9.074,-18.115,-23.279,5.212
33.25,-194.367,-2.136,35.531,13.885,-24.952,-1.804,9.248,-14.752,-12.578,-17.45,-3.377
32.596,-185.711,-26.29,74.978,32.312,-31.529,-23.159,6.532,-6.837,-11.601,-20.643,-4.858
31.246,-223.359,-23.89,21.788,23.52,-4.517,10.35,20.057,-17.29,5.276,-13.935,-3.409
27.907,-243.848,-50.934,-27.154,35.938,-51.347,-5.119,5.68,-24.824,-7.741,4.041,-8.331
26.175,-251.719,-57.435,-46.068,61.97,-51.23,-3.035,12.817,-28.414,-9.9,-1.452,-11.626
25.966,-255.281,-81.941,-23.839,58.644,-55.86,-11.089,33.463,-25.12,-11.375,-0.167,-6.03
38.665,-207.461,11.286,36.026,48.832,-27.041,-13.352,19.579,13.545,11.882,2.819,-8.223
37.708,-232.293,17.191,21.227,53.999,-24.417,-11.94,0.84,9.792,-8.487,-4.028,-5.856
44.868,-145.702,24.551,100.96,57.028,-1.455,-38.459,-1.644,-5.35,-9.92,-17.399,6.026
36.375,-205.614,27.18,74.387,71.763,-34.596,-30.244,12.306,9.369,-2.477,-11.295,-4.583
39.75,-177.832,62.078,63.538,70.101,-21.887,7.127,15.366,7.717,21.274,-8.829,-9.638
32.923,-256.832,24.488,-13.943,66.739,-31.349,-5.561,3.852,-4.086,2.936,3.696,-3.273
39.717,-134.481,3.124,113.757,70.056,-32.74,-51.02,-2.285,-8.435,8.284,-41.758,16.113
31.462,-220.165,35.009,56.436,87.829,-11.47,-29.855,28.276,-5.434,-4.403,6.471,-8.28
35.949,-169.977,-6.752,101.67,64.926,80.366,-4.923,26.328,4.185,11.966,19.907,-24.446
40.057,-136.573,20.357,28.752,34.352,25.214,-24.099,13.034,-1.584,0.349,14.799,-14.819
35.094,-194.728,24.111,70.536,48.561,-38.103,3.68,10.726,-0.568,6.85,-37.122,-12.624
28.782,-249.79,-37.845,-30.096,53.678,-12.309,-1.513,7.145,-15.043,15.316,-22.196,-10.112
25.464,-233.847,-54.562,-39.569,51.745,-49.08,-1.658,15.341,-35.123,-16.02,-1.776,-5.28
30.379,-260.893,-33.75,14.063,66.572,-13.237,-16.95,19.862,-14.179,6.469,-1.536,-3.025
25.855,-257.323,-48.899,-31.952,92.419,-42.472,-14.497,19.478,-26.026,-8.372,-3.45,-10.824
32.065,-210.959,19.758,-154.901,65.886,40.631,17.369,24.307,-2.374,10.378,-20.869,-9.274
36.243,-213.451,45.03,26.426,63.517,-40.424,1.991,11.585,9.005,2.233,-9.539,-2.907
43.2,-134.745,45.993,121.641,64.855,-25.912,-24.187,26.654,8.621,1.18,-32.172,-12.272
42.297,-153.157,69.254,97.992,84.945,-15.151,-34.467,13.336,0.637,7.789,-7.561,-10.024
37.324,-209.234,48.27,46.088,71.462,-1.101,11.784,19.146,7.74,10.382,-3.874,-8.813
30.462,-243.794,6.19,27.11,81.867,-24.842,-33.273,28.392,-12.551,3.412,-15.542,1.885
32.391,-240.175,4.674,34.356,74.781,-13.585,-32.97,7.061,-11.171,-4.757,-4.51,1.706
29.05,-206.218,25.098,96.465,92.983,-41.267,-32.925,53.883,-3.045,-19.866,-28.144,-12.609
19.566,-193.32,-132.686,-77.903,55.362,-62.802,32.304,12.85,-12.006,5.876,-5.532,-10.786
25.082,-233.25,-74.159,-67.948,38.699,-32.228,40.9,11.163,-22.605,5.724,8.256,-24.18
29.017,-254.505,-38.678,-22.247,42.787,-54.135,7.863,15.032,-7.837,-10.396,1.954,-11.308
23.638,-156.163,-92.493,183.693,57.299,-85.408,-46.445,161.732,24.617,-30.946,-26.415,-18.961
