0.53,162.926,17.515,-41.397,60.243,-55.021,17.758,-11.493,-27.409,-1.98,1.254,-9.826
42.346,30.287,51.061,-22.999,26.345,10.937,-19.985,-0.056,-12.683,15.176,35.265,2.611
43.448,11.287,36.751,-13.639,13.169,-42.245,-28.771,4.12,-9.277,-1.484,7.622,6.919
43.83,20.875,39.883,4.773,15.63,-25.163,-21.584,-9.508,-0.624,-14.471,11.045,0.271
43.113,28.027,35.974,12.361,14.628,-36.709,-25.869,-13.752,-16.22,0.969,-4.306,6.591
42.529,-1.302,22.34,-13.846,8.172,-16.509,-24.656,-8.308,-12.85,-5.078,-0.383,20.815
42.799,16.969,35.85,-15.547,5.365,-14.673,-13.967,2.041,-5.113,-4.975,-4.54,11.906
43.353,25.157,36.386,-31.584,12.88,-11.796,-21.758,1.341,-7.979,-19.055,-4.452,16.882
43.137,20.78,41.166,-17.116,17.298,-44.156,-31.284,-6.928,-10.412,2.137,-2.597,18.884
43.411,24.098,44.459,-22.088,10.595,-14.378,-19.007,6.894,-3.01,-13.316,-3.063,-0.925
43.119,26.825,41.496,-16.563,13.169,-29.689,-20.607,-6.004,-10.506,3.262,-5.847,9.036
43.376,27.989,47.612,-9.882,22.217,-22.978,-31.364,-3.584,-9.858,-10.841,2.645,6.726
44.039,29.915,29.207,-4.267,11.15,-18.015,-13.606,-6.681,-0.314,-4.455,2.677,-3.022
42.423,5.411,41.748,-35.699,21.333,-21.921,-20.616,-3.913,0.65,-5.369,1.715,16.396
43.986,20.672,25.858,0.913,7.791,-27.051,-21.612,-9.207,-14.651,5.178,-8.219,12.963
42.687,4.431,21.946,-24.307,4.279,-26.211,0.487,-0.354,0.529,1.093,2.399,9.176
42.454,4.125,31.423,-27.992,10.34,-19.795,-15.075,-5.467,-2.093,-7.964,-3.478,0.45
48.94,54.194,-27.161,-7.638,-4.938,-1.735,-15.733,7.79,-11.539,-3.197,27.024,-1.159
48.762,41.255,-27.531,-8.672,-3.099,-14.123,-16.289,18.68,-3.632,1.873,15.14,4.139
49.209,55.59,-22.637,6.737,-9.686,-9.135,-9.349,15.84,-10.623,-5.4,12.397,0.595
48.98,46.333,-38.24,-2.331,-5.481,-49.898,-20.773,4.704,7.086,-18.129,-16.141,8.353
50.971,78.103,-70.822,-20.5,-0.785,-50.448,-10.374,17.604,-7.893,14.306,-16.098,10.805
48.121,52.635,-60.054,-46.364,-10.319,-45.175,-0.301,-3.262,-6.595,10.642,-3.286,11.694
49.029,68.835,-44.975,-60.133,-6.902,-20.489,7.754,10.656,-4.369,-0.586,-24.193,16.192
47.423,34.691,-53.298,-34.034,-3.136,-31.217,5.353,0.823,-7.918,2.193,-18.399,-6.642
50.651,71.246,-67.066,-19.474,-2.247,-9.815,3.325,8.137,-1.818,-0.169,1.873,-4.827
49.499,45.57,-62.785,-2.663,-13.46,-40.43,2.936,-13.112,-14.869,23.318,-9.933,4.562
47.209,14.013,-52.683,-37.509,-17.41,-22.758,20.791,-8.862,-13.24,-1.713,-11.102,-9.867
52.544,73.342,-44.355,-7.843,-1.195,-39.078,3.129,9.018,-20.607,1.628,-22.871,13.037
47.817,63.82,-53.299,-30.449,-9.041,-36.205,-1.484,-9.55,-15.604,2.5,-22.862,3.282
50.283,73.018,-69.208,-9.261,-5.933,-9.212,-0.168,1.055,-5.517,-1.98,15.254,-7.446
47.36,33.956,-42.54,-24.062,-17.329,-41.656,9.583,-0.647,-0.746,6.219,-13.55,-6.177
50.469,67.9,-62.116,-12.336,0.747,12.083,10.171,6.984,-3.99,-14.175,0.695,3.711
47.62,17.788,-44.116,-45.719,-8.037,-27.26,14.405,3.467,-4.634,-6.603,-3.853,-1.967
50.489,84.833,-76.358,-15.337,2.392,-25.799,4.777,21.583,-2.977,-1.155,-21.573,-2.06
51.417,49.659,21.11,-25.884,70.998,1.844,-39.658,2.396,-6.411,19.431,-0.368,-41.58
50.924,69.724,57.286,-1.931,62.73,-12.385,-54.588,-12.258,-3.297,-8.899,14.702,-42.984
50.678,63.764,114.109,30.703,107.191,-48.48,19.646,-0.82,-16.617,-0.207,-2.398,-19.99
50.23,81.469,159.976,46.691,60.002,-15.441,28.813,8.733,-51.317,-27.156,-20.357,-4.404
52.22,134.303,64.595,-10.71,64.716,-11.492,-47.324,-20.756,-13.121,-16.003,19.939,-10.878
53.243,119.656,96.828,10.323,97.683,-30.686,-5.423,-10.818,-22.333,-9.76,2.375,0.69
53.281,49.633,2.015,25.127,28.139,-35.441,45.196,17.267,-10.552,32.286,-20.708,22.171
51.181,54.802,-58.056,30.128,1.19,-43.096,-6.005,-4.788,-13.026,-13.534,-31.533,13.979
44.754,13.198,-71.615,-26.312,-12.567,-34.023,1.397,-3.817,-14.157,15.139,-4.885,5.776
45.351,-1.04,-59.772,-28.599,-19.168,-14.835,14.856,8.453,-3.483,-11.433,-9.078,12.064
49.098,34.717,-89.861,25.19,-9.986,-41.46,-2.509,-28.724,-21.441,9.154,-35.981,1.733
43.704,-25.448,-44.933,-95.081,-30.219,-12.192,14.166,9.401,-3.402,-3.706,-28.856,10.802
44.491,-22.069,-31.292,-21.859,-29.392,-18.244,18.166,-4.926,-0.203,-7.194,-5.309,4.461
50.581,-2.708,26.332,-109.516,7.665,2.26,50.822,35.601,4.372,-4.551,-4.686,-4.546
51.756,49.817,-51.513,3.432,19.496,-30.912,-23.634,-4.888,2.512,-6.709,-28.226,-17.144
51.725,-18.742,34.536,-25.607,33.106,-48.727,56.781,16.695,-11.327,3.404,-1.143,-2.77
52.64,-17.81,-22.842,46.493,33.689,-42.205,60.972,-25.012,0.478,-2.757,-22.04,0.214
47.637,-56.186,-36.787,-6.557,30.08,-56.12,16.357,-8.083,1.349,19.446,-16.196,-21.713
45.468,-31.504,-35.198,-24.342,-12.429,-44.505,18.701,-4.037,7.673,3.857,-12.499,-11.319
50.736,37.151,-72.675,36.244,-1.614,-16.33,-3.391,-16.102,-15.333,-16.76,-24.093,8.48
44.619,-0.744,-78.341,-4.246,-7.986,-12.814,15.503,-34.08,-22.466,-5.112,-18.572,-2.28
45.482,-12.255,-61.128,-43.723,-17.158,3.534,13.013,18.298,-0.274,-22.564,-2.54,-3.054
48.575,35.226,-91.869,36.896,-10.947,-41.522,-1.036,-39.081,-20.829,11.699,-33.583,7.025
44.979,-12.912,-68.972,-67.012,-18.364,24.331,19.822,-6.97,4.846,-37.666,-40.231,4.569
43.914,-32.587,-48.837,-16.461,-36.28,-42.563,9.238,-9.538,-11.734,-8.62,-6.325,-3.332
54.155,37.181,2.677,-22.309,16.07,44.743,56.376,10.567,-23.004,-13.853,30.878,2.976
52.566,42.181,-42.016,-12.075,8.517,-3.76,-18.168,4.716,2.841,-35.295,-12.554,-3.912
48.853,31.749,-80.274,-41.523,10.872,-30.667,-2.22,-51.446,-18.92,7.56,-29.807,2.815
54.142,24.613,-13.44,-24.454,27.545,-6.503,29.271,-10.789,4.111,4.641,2.825,-20.21
53.363,4.709,35.075,-16.979,54.145,-52.051,85.569,12.305,15.478,11.84,-15.012,-0.457
52.89,25.049,-39.503,39.315,24.968,-48.896,20.161,-17.917,4.776,-13.714,-36.887,12.29
46.981,-27.648,-23.571,-54.104,15.3,-38.631,32.396,55.916,9.02,-16.996,-6.719,11.372
46.538,7.656,-55.296,-14.857,-15.91,-39.625,10.836,7.275,-4.138,-11.43,-3.093,6.647
47.851,21.417,-99.404,39.255,-4.096,-46.576,-5.19,-33.839,-17.574,8.432,-41.796,5.759
47.404,12.383,-82.226,13.073,-8.358,16.295,10.009,-24.789,-2.026,3.878,14.865,0.357
51.551,25.094,9.338,-104.957,2.893,37.291,19.523,30.5,-4.657,-15.283,6.6,-49.419
55.594,48.205,11.19,5.296,13.649,-26.623,24.477,-2.302,-30.767,-8.175,-21.286,-1.476
53.25,12.164,30.609,-41.34,33.274,-8.386,59.955,28.752,-26.686,-13.501,0.537,-7.97
54.125,42.309,7.224,-21.434,44.198,-38.315,45.968,20.496,-23.875,-5.252,-4.391,1.973
54.254,30.978,19.223,10.564,16.2,-35.664,83.154,3.512,-23.056,-8.12,-15.034,25.301
51.212,-17.45,6.312,56.566,7.748,-34.423,60.954,-7.22,-15.162,-0.976,-28.402,13.882
48.24,10.773,-28.822,-25.13,-14.999,-21.474,38.276,1.182,3.346,-18.174,-20.785,12.996
49.836,30.742,-62.583,20.835,4.582,16.763,12.146,0.291,-12.494,-15.287,-10.685,12.478
44.56,8.501,-76.028,-13.454,3.05,0.911,19.305,-38.911,-6.729,-11.599,-14.53,-1.944
44.829,-18.592,-46.66,-37.665,-18.711,-16.782,7.96,12.997,-1.468,-13.138,-9.902,4.776
48.348,27.992,-86.163,22.493,-13.429,-18.509,4.356,-32.204,-15.598,8.29,-9.282,0.907
47.821,14.151,-81.192,17.945,-22.569,-34.606,0.481,-35.885,-18.051,28.863,-3.105,6.032
44.887,-36.62,-43.144,-32.553,-42.854,-46.849,13.465,-3.239,-7.991,-5.643,-2.08,-10.765
51.307,30.704,26.437,-112.818,10.235,11.484,35.197,51.618,-2.266,-8.974,1.705,-3.995
53.759,93.455,-40.015,-31.734,10.594,-37.696,-15.332,-6.422,11.334,4.613,-17.54,0.972
53.529,2.091,-1.756,-11.628,22.897,-55.03,19.443,4.885,-11.458,16.698,-19.513,-31.042
53.934,4.849,1.016,-21.48,44.269,-24.135,39.345,10.814,25.06,-8.877,-26.624,-19.412
50.658,36.556,-58.861,14.385,1.812,-2.428,1.387,11.458,-4.294,-13.231,-6.71,10.037
51.528,79.192,-62.683,-26.158,-6.204,-37.63,-6.598,17.783,-3.947,3.099,-14.054,5.494
53.002,44.623,14.641,-48.202,37.194,-14.381,12.816,8.663,-6.178,20.499,-3.879,-29.694
54.679,29.769,43.254,-24.283,64.46,-32.829,29.666,9.378,8.725,20.468,-16.176,-43.472
56.538,70.106,15.034,-13.323,13.235,-34.251,19.155,30.771,-17.547,-6.008,-3.937,-3.569
54.802,123.048,-7.895,-15.603,-28.418,-12.799,-32.466,-13.416,-4.517,-8.229,-29.655,-5.965
53.333,109.093,-11.873,-70.996,22.932,-25.588,9.682,-24.082,-15.909,-7.149,-0.986,4.476
54.998,67.451,30.262,-19.142,24.645,-42.469,68.832,10.165,-22.987,-9.89,-13.825,15.522
53.899,50.671,32.109,-17.082,9.994,-45.257,52.064,19.955,-23.6,7.113,-8.113,-4.052
54.716,46.881,-24.665,33.599,12.309,-44.427,26.391,20.432,-28.391,-12.642,-30.964,16.631
46.405,0.813,-55.401,-25.336,-16.797,-23.312,10.593,2.448,-10.638,2.377,-20.734,14.243
48.328,29.526,-90.167,19.537,-10.467,-39.535,-0.281,-27.773,-18.85,11.45,-24.045,-1.102
46.418,5.429,-89.8,30.118,-28.16,-41.84,5.164,-49.08,-15.651,24.738,13.602,1.072
44.496,-28.948,-42.093,-27.791,-29.285,-32.655,17.319,-7.289,-2.398,-0.181,2.475,-2.799
52.1,30.992,28.225,-102.087,10.389,18.139,35.526,45.376,4.246,-5.863,-1.822,-1.344
53.563,87.091,-53.019,-24.323,13.145,-27.524,-20.74,-6.325,-1.632,2.015,-23.444,4.322
53.868,5.582,16.096,-33.305,21.831,-35.494,38.582,3.463,-0.581,22.873,-7.77,-24.491
55.738,29.844,37.07,11.142,25.243,-53.76,63.04,-3.07,-2.916,-0.326,-8.749,-16.499
55.331,13.156,29.335,8.473,34.855,-41.887,63.66,12.489,15.405,-12.69,-3.772,-2.947
55.158,27.11,23.824,-0.234,24.187,-34.077,48.008,15.953,0.618,0.737,7.602,-16.099
55.12,0.519,31.676,-1.462,38.756,-44.29,56.478,16.155,-8.826,5.871,-17.172,-8.278
54.117,3.9,33.112,-7.992,41.835,-46.198,68.49,12.31,-0.694,0.849,-14.228,-12.79
54.892,21.718,14.802,-14.797,31.82,-38.822,55.792,23.142,-5.683,-0.545,-13.94,-8.281
53.715,29.764,31.669,-21.292,42.967,-46.748,70.985,8.114,1.746,9.582,-14.363,-13.645
54.413,25.202,9.229,-12.636,30.723,-50.622,39.624,0.128,-1.254,22.455,6.763,-14.462
54.256,31.508,12.162,-16.007,25.919,-28.706,36.459,23.368,-8.452,-5.428,-11.672,-6.342
54.565,57.326,6.282,-32.297,29.027,-41.3,45.383,-7.634,-18.72,5.745,-7.665,-1.04
55.335,38.153,6.259,-15.653,31.415,-45.249,44.276,-4.144,-2.703,6.821,5.533,-14.494
54.345,13.08,9.31,-15.494,38.287,-44.095,41.747,16.428,-1.249,1.0,-22.422,-3.018
51.015,34.877,-9.816,-89.422,21.842,-14.295,28.9,11.087,13.248,-10.117,-21.842,-18.496
50.39,84.492,-21.071,2.107,8.724,-11.024,-44.855,9.319,12.074,-25.374,-31.096,-27.524
54.269,79.903,23.913,-24.242,8.2,23.201,31.042,-10.983,-30.529,35.677,4.474,-13.944
52.008,82.021,125.018,-20.474,64.502,-15.643,16.918,12.983,-11.389,-4.365,12.81,-36.806
55.038,47.102,-13.579,34.553,11.535,-40.599,30.088,-3.216,-7.564,4.044,-35.697,-15.034
52.069,53.655,60.164,-4.682,22.891,15.823,51.38,59.796,-10.253,-23.308,-12.658,-12.887
52.915,56.592,-9.785,4.946,12.845,10.863,36.024,-6.136,-20.808,-5.936,-33.2,9.943
51.071,58.765,-35.881,-56.457,34.429,31.676,21.483,-21.425,-9.703,30.519,-10.027,-18.357
49.118,51.84,11.761,-15.932,2.507,9.202,-54.886,29.101,-4.772,-27.411,-30.013,-21.757
54.175,48.709,14.864,0.742,6.217,0.935,29.569,4.168,-21.877,21.121,-10.786,-15.251
51.933,59.648,41.834,-16.298,34.324,-4.749,9.796,-15.691,-26.494,-2.982,-15.676,-12.331
49.798,46.275,-40.994,-26.735,47.535,-49.669,12.566,-36.842,-18.288,1.309,-4.884,-12.409
49.587,40.851,-1.103,18.493,72.106,-33.468,-53.521,-22.75,-7.939,-0.801,-12.444,-13.547
48.505,-5.828,-40.639,15.825,41.833,37.147,18.744,3.483,-8.962,-3.959,-55.897,7.902
49.338,85.107,-31.077,-105.026,44.525,32.398,19.142,-56.851,-7.927,35.867,-30.103,1.918
49.482,69.201,-13.591,-14.98,24.355,-2.851,-54.832,21.309,0.886,-9.582,-28.543,-24.511
54.058,74.534,24.315,-22.754,11.114,28.57,34.193,2.679,-29.136,38.22,6.249,-19.635
52.536,71.76,111.355,-13.453,59.663,-14.465,-10.579,7.135,-15.542,-12.372,14.53,-18.888
54.341,58.548,53.524,37.485,40.624,-16.552,15.588,-5.034,-4.139,-0.172,-44.476,-22.261
51.246,42.979,52.954,-15.304,30.433,17.312,46.926,69.231,-12.774,-18.38,-17.547,-8.872
52.013,68.896,5.196,-1.88,18.531,30.125,32.082,-11.437,-16.547,-10.799,-22.872,2.588
50.478,59.548,-18.949,-53.877,48.252,33.941,18.603,-30.487,-16.023,41.772,-14.03,-17.68
49.105,56.606,14.264,-8.403,3.285,14.211,-48.113,24.858,3.559,-38.85,-23.968,-26.552
55.261,48.024,33.742,-30.854,3.504,0.539,34.221,-2.701,-19.759,30.935,7.945,-17.427
54.618,33.263,25.673,33.609,-15.391,-27.584,57.472,10.48,-40.962,-2.926,-35.848,3.51
49.802,10.461,7.766,-56.791,3.559,-14.778,25.114,-5.293,-24.649,-0.476,7.948,-18.201
52.499,21.488,15.344,-18.959,-16.602,-32.896,33.131,10.444,-26.066,-2.058,-30.615,-19.75
50.546,42.976,-46.342,-28.824,29.429,-27.492,29.636,-28.11,-27.099,0.949,-39.475,-3.773
51.17,-3.185,-16.236,15.638,39.671,2.429,43.962,22.723,2.386,-7.566,-19.888,2.613
46.477,17.901,-46.205,-110.13,9.476,1.4,20.086,45.411,3.398,-16.439,-18.755,11.729
50.286,39.741,-58.455,6.945,-5.791,3.238,7.916,5.472,-10.706,-17.197,5.758,4.653
50.242,60.68,-72.121,-18.756,-3.693,-45.459,-0.66,3.748,-18.883,18.62,-19.367,6.126
49.127,37.593,-69.291,-1.76,-11.836,-15.87,6.35,-19.487,-10.037,7.977,-3.073,1.73
46.228,-14.269,-52.63,-32.946,-24.703,-28.666,10.574,2.3,-14.438,8.537,-14.228,-1.911
49.501,29.303,-57.547,-2.7,-1.569,22.958,9.356,12.181,-5.441,-24.6,9.529,1.897
48.189,34.108,-53.417,-42.282,-4.388,11.615,16.087,10.256,6.025,-26.967,-6.142,-7.268
45.636,-8.421,-15.577,-32.956,-25.879,-33.078,5.833,1.575,-2.341,1.18,-9.882,1.962
51.202,50.107,-58.172,16.657,3.193,-40.654,-7.222,2.706,-10.913,-13.016,-22.878,7.015
46.359,0.11,-30.15,-26.73,-26.162,-36.886,10.597,-3.838,-1.534,-9.909,-0.108,2.091
48.64,49.235,-70.34,-24.446,-2.153,1.293,4.293,22.055,-0.695,-14.257,-28.022,6.817
52.697,101.318,16.852,-31.299,63.94,-11.717,-50.633,11.131,0.695,-8.477,4.054,-47.265
52.444,135.197,79.903,7.084,80.534,-26.02,-40.729,-27.855,-21.303,15.262,-8.017,-33.642
50.902,123.833,50.957,0.642,47.493,-8.467,-64.169,-36.302,-11.379,-19.607,-16.679,-8.886
50.583,61.978,133.403,17.519,64.896,-36.399,-38.329,-5.634,-3.977,-8.549,5.83,-51.897
52.611,62.345,75.482,-10.201,37.623,-13.711,-2.599,-6.948,-2.537,6.026,-32.637,-33.216
51.862,55.503,-43.737,5.153,-9.933,-3.665,-0.889,4.743,-8.59,-5.873,-23.374,11.321
46.304,24.379,-53.096,-32.131,-18.866,-43.736,-3.194,-3.347,-25.859,8.954,-7.274,13.926
45.652,5.606,-40.039,-50.071,-32.743,-31.896,-6.72,-1.686,-11.04,15.074,-14.165,10.403
49.033,38.089,-81.515,19.485,-15.289,-45.391,0.543,-30.308,-17.833,17.038,-22.616,5.733
48.713,15.961,-72.941,1.592,-29.698,-56.157,-0.839,-30.72,-14.429,43.021,-8.394,7.335
48.211,63.203,-74.014,-45.691,-3.928,-0.127,1.768,-46.792,6.071,-11.25,-32.159,13.729
53.009,51.258,-42.611,-33.991,38.618,9.974,27.672,5.698,-12.626,14.145,2.475,10.08
50.784,17.405,8.701,-73.02,22.044,-11.794,36.025,21.788,-12.341,-5.24,-14.339,-3.524
50.316,28.252,-26.184,-69.775,12.861,-12.991,-1.426,15.371,-15.098,-18.664,-26.645,-3.311
44.781,-30.787,-25.172,-30.712,-27.451,-26.348,21.345,-4.056,-5.848,-10.191,-10.193,-6.042
49.984,22.89,-58.353,19.25,-0.711,20.745,14.884,-1.22,-9.497,-24.922,-1.671,8.147
45.069,-8.058,-59.108,-10.303,-21.307,-21.083,13.246,-24.487,-26.808,-3.034,-3.008,1.404
44.985,-34.36,-36.439,-69.83,-28.551,-16.923,-4.854,25.495,-2.199,-7.747,-15.764,8.582
47.542,10.504,-74.985,-21.02,-14.944,23.459,11.8,-9.565,-0.506,-36.36,-15.282,1.287
45.821,-19.924,-46.62,-83.148,-33.971,2.038,2.189,17.807,-5.475,-28.445,-33.996,10.455
44.924,-35.096,-52.64,-36.088,-44.948,-26.427,3.478,-1.734,-11.925,-13.241,-13.671,-1.088
49.732,7.556,27.658,-130.598,-3.962,-14.526,40.338,19.737,-6.597,-3.197,-16.777,16.267
54.567,45.422,-0.453,-24.908,7.818,-21.472,19.24,10.112,5.505,-17.727,-15.338,-18.486
51.177,19.979,-68.035,-0.038,6.166,-11.617,-5.904,-7.867,3.529,-20.31,-28.678,1.492
54.152,51.647,-6.851,-11.633,-12.081,-9.406,22.616,-18.889,-25.192,22.566,-23.53,-14.685
53.499,44.077,12.537,-45.686,20.839,13.567,54.455,-5.114,-2.597,-6.711,1.327,-16.962
53.871,-0.283,37.137,1.669,19.555,-32.167,53.218,4.175,18.109,5.613,-25.934,3.05
49.152,15.644,-82.864,37.283,-4.379,-25.315,7.596,-24.232,-14.317,-9.701,-22.563,-14.56
48.784,13.471,-65.1,-3.668,-20.318,-20.96,10.713,-37.642,-18.746,11.246,0.208,5.935
48.846,-31.306,-19.262,13.206,-11.312,-41.228,35.405,31.698,-28.398,6.606,5.306,8.835
51.634,12.648,-3.779,-56.811,11.649,34.028,6.381,22.852,-2.206,-3.994,-29.721,-10.844
51.378,-10.239,32.995,-48.072,36.79,-17.877,49.499,32.522,-3.73,-6.338,-3.915,-6.862
54.303,42.135,1.335,-27.255,5.119,-56.716,12.129,8.677,9.195,15.254,-9.353,-44.134
52.677,62.712,-0.391,-9.044,-31.419,-21.24,-33.964,-9.281,25.244,5.27,-34.045,-18.775
50.68,23.956,-65.174,17.519,-2.856,-0.036,-1.486,-5.171,-16.353,-24.989,-19.412,2.233
45.008,-11.983,-62.844,-20.632,-17.529,-13.718,3.135,-17.843,-16.675,-12.913,-1.934,0.948
45.77,-3.026,-36.912,-37.926,-29.149,-14.946,8.7,24.368,-13.818,-9.84,-3.631,6.708
48.677,30.021,-74.649,20.294,-20.161,-48.311,6.735,-27.008,-23.258,8.814,-32.434,7.144
48.279,13.818,-70.128,13.524,-23.535,-42.332,-1.09,-26.661,-17.551,34.909,-14.828,7.095
44.806,-29.934,-32.489,-44.481,-40.932,-27.322,13.655,3.011,-1.211,-8.472,-8.844,2.224
52.119,36.596,24.221,-111.019,-9.198,33.758,42.474,33.177,-31.967,-28.902,-13.236,11.641
54.633,54.261,-16.704,-16.111,19.116,-39.059,-2.153,-29.342,4.587,-6.586,-21.666,-2.31
55.062,34.177,-1.774,-20.937,35.012,-36.648,34.393,12.125,25.297,14.533,-3.882,-17.83
53.119,27.986,-0.595,-5.457,36.452,-34.035,35.316,7.303,-5.566,-2.945,-30.102,10.978
48.564,27.221,-41.366,-31.931,0.91,-21.853,5.27,5.537,-6.113,-10.831,-25.517,21.251
48.521,41.054,-14.726,-89.575,-20.071,-14.55,9.431,50.973,4.064,-18.287,-19.266,2.541
53.485,22.541,17.727,-24.537,39.256,-37.591,1.563,5.834,2.512,18.296,-14.444,-36.129
54.406,28.09,20.073,-16.286,14.989,-32.197,13.787,-20.678,22.302,14.1,-0.223,-25.44
55.992,57.057,24.282,-5.737,-3.709,-24.847,38.089,28.599,-37.189,-19.024,-5.724,-1.089
53.879,106.192,24.72,6.997,-18.107,-8.111,-29.852,-16.887,-9.165,-18.908,-25.191,-17.371
54.104,66.869,30.705,-42.183,22.162,-12.618,15.424,16.291,-27.732,-2.198,-2.139,5.456
55.506,59.326,17.171,-1.833,15.931,-53.215,60.272,0.123,-22.208,16.545,-5.357,25.874
55.231,28.444,39.328,-13.305,21.543,-51.397,51.665,4.899,-0.407,10.841,-3.512,-16.074
55.814,39.595,-0.535,13.939,25.185,-38.327,39.487,-3.311,-14.443,-11.594,-30.076,1.846
49.596,1.724,-11.478,22.619,-4.484,-40.367,31.822,21.864,-29.727,-5.17,-22.419,22.767
48.676,25.116,-85.036,14.36,-6.669,-5.054,10.153,-32.098,-10.625,-2.199,-0.391,-2.223
46.221,10.394,-86.109,1.981,-20.124,-3.253,14.059,-32.101,-6.711,-8.231,6.55,-1.63
44.332,-25.318,-31.015,-67.766,-41.286,-22.251,10.311,-0.446,1.566,-4.211,-5.437,0.637
51.95,13.211,20.015,-84.319,25.703,2.163,44.159,35.956,-16.308,-0.996,-5.125,2.007
52.549,32.323,-26.994,-43.896,7.278,-24.829,-22.565,-0.612,8.985,0.633,-11.2,-9.352
54.25,1.4,28.687,-34.253,24.33,-37.079,42.438,8.076,-9.055,23.385,-5.94,-27.938
55.725,31.664,24.744,4.626,17.718,-57.862,55.525,-1.961,-10.463,5.128,-10.171,-11.902
55.435,22.163,10.469,-1.188,32.609,-37.386,55.673,8.131,4.502,-4.499,4.517,-3.005
54.299,4.056,32.917,-9.662,36.617,-47.056,63.711,9.452,7.142,6.139,-14.878,0.336
55.486,17.807,24.955,3.359,23.694,-53.233,49.983,2.182,-2.607,5.084,-2.283,-14.634
54.444,14.79,9.218,-21.576,39.811,-45.651,56.959,21.776,1.692,1.398,-17.021,-1.042
53.991,30.703,22.461,-6.587,52.874,-56.068,64.025,14.853,-10.07,1.531,-18.384,-17.467
54.009,16.158,23.965,-9.417,35.236,-43.935,61.361,-1.731,-1.979,2.855,-20.139,-8.361
55.136,25.322,13.748,-19.259,32.064,-40.088,42.883,3.71,7.648,15.299,6.764,-16.346
54.231,26.611,22.101,8.566,15.744,-44.391,42.224,16.577,-15.491,1.547,-13.213,-7.842
54.849,21.358,23.66,-27.503,17.107,-32.941,44.352,14.409,-2.344,8.354,-15.934,-3.07
54.959,36.568,16.424,-28.436,33.782,-49.094,51.424,-6.717,-7.845,11.186,-9.926,-2.828
56.135,15.486,7.506,-13.727,45.356,-49.652,32.868,11.249,12.746,18.571,-16.899,-11.168
55.855,26.346,-0.073,-14.377,25.299,-55.761,34.774,2.921,-0.105,4.561,-5.016,-1.27
52.99,1.135,-11.73,22.917,21.323,-37.271,42.787,9.094,5.539,0.605,-30.89,1.689
52.807,58.09,-27.649,-44.598,25.795,-6.344,13.636,1.141,1.616,29.071,-24.691,-11.694
50.224,88.169,-15.006,8.496,13.388,-7.919,-57.931,5.686,9.006,-30.684,-24.185,-22.065
53.107,93.482,27.213,-43.476,16.107,47.826,36.288,-25.039,-26.88,27.8,0.534,-16.151
52.637,53.249,53.691,-9.825,35.332,-2.174,15.217,3.023,-14.562,-4.012,-35.3,-13.576
51.739,54.913,60.97,-4.75,34.108,13.227,44.619,59.55,-18.672,-27.254,-10.644,-15.635
52.36,55.931,-1.743,-1.414,19.349,19.759,32.257,-0.158,-16.811,-22.15,-34.461,1.176
50.994,60.861,-30.328,-39.148,34.35,28.633,25.42,-26.263,-10.398,38.542,-2.256,-13.578
50.024,83.364,21.014,26.475,3.071,-1.127,-50.482,-2.666,-5.956,-29.526,-14.744,-26.861
52.104,63.838,23.981,-33.398,15.186,43.038,35.126,-14.38,-22.777,23.178,-7.493,-10.766
52.064,71.535,34.675,-4.859,34.922,5.832,8.872,-5.703,-22.663,10.508,-22.485,-13.428
49.767,32.171,-17.041,17.941,58.144,-31.427,-43.014,-12.569,-0.415,-6.051,-14.139,-11.902
48.222,7.238,-23.175,-2.092,41.76,47.239,22.826,1.089,-6.963,-12.358,-55.814,9.199
46.634,59.699,-9.286,-140.083,51.954,46.783,32.981,-51.571,16.154,-31.707,5.474,-8.416
49.61,72.834,-21.1,-14.531,19.557,1.619,-54.259,23.331,-0.288,-14.881,-27.233,-23.282
53.438,89.746,28.394,-26.901,17.684,39.612,29.906,-7.205,-28.747,33.318,7.343,-14.166
52.49,51.001,63.805,-15.483,37.33,-0.15,14.403,-1.876,-15.789,-5.461,-36.915,-11.957
51.376,46.608,55.696,-25.723,26.149,16.059,46.135,63.25,-16.435,-19.332,-15.035,-18.145
52.599,56.396,1.622,-0.57,11.912,15.743,28.168,-0.416,-21.08,-11.114,-29.554,9.134
51.214,55.635,-38.798,-43.342,19.08,7.552,16.493,-26.339,-15.881,39.806,-4.676,-13.984
50.401,82.213,20.343,42.493,4.718,-3.995,-61.244,-3.034,-4.23,-23.571,-16.503,-27.967
53.525,44.448,14.664,-14.794,12.126,7.406,31.091,7.772,-20.617,36.517,-1.786,-13.706
49.306,54.796,87.309,-12.0,42.851,-10.454,-13.625,6.836,-40.617,16.777,8.843,-20.847
52.781,33.476,-10.939,16.672,-8.123,-29.514,33.744,6.877,-25.671,11.641,-9.31,-12.056
50.258,34.613,12.492,35.074,58.557,-45.146,-36.266,-17.12,-23.216,0.454,-37.521,-21.816
50.529,17.536,-38.973,-2.118,26.175,16.266,33.765,-3.888,0.702,4.192,-14.917,2.032
51.518,55.374,-35.571,-62.923,31.902,19.657,8.439,-5.213,-9.038,56.766,-2.643,-14.841
50.26,72.298,-21.12,-8.474,6.413,-5.397,-42.549,23.574,2.327,-13.629,-36.695,-26.938
53.542,84.206,37.995,-41.801,5.021,43.136,36.136,-16.754,-27.065,22.493,6.708,-21.074
52.102,60.616,92.274,-36.718,50.251,-23.99,24.139,17.7,4.23,-11.231,9.057,-38.564
54.748,59.422,14.955,31.714,20.838,-18.49,26.686,-9.946,-6.302,1.887,-39.839,-16.107
51.518,46.26,37.079,-35.243,4.318,14.036,58.83,56.934,-17.059,-19.678,-25.553,-4.233
52.587,52.511,-5.287,2.657,15.838,15.114,32.07,-0.65,-17.172,-10.377,-34.652,3.022
51.558,47.67,-23.964,-46.25,45.88,23.867,17.948,-18.82,-16.042,36.845,-10.402,-17.817
49.601,44.845,-13.701,-20.555,-3.555,-9.22,-25.094,30.801,1.802,-23.106,-37.814,-33.404
53.678,44.769,14.098,-6.599,6.126,2.55,27.576,9.028,-20.934,33.284,-12.222,-7.819
52.411,54.985,24.726,-11.531,32.27,3.67,22.987,-10.415,-18.595,7.407,-13.311,-19.277
49.905,61.679,-33.925,-9.784,49.475,-32.181,1.357,-37.387,-24.389,-5.017,-22.645,-17.296
49.967,1.655,-13.779,-20.799,39.677,39.698,29.908,5.342,0.765,1.644,-35.628,6.453
43.731,-37.868,-79.714,5.188,-5.625,-81.227,-1.284,8.446,-16.01,17.541,-21.311,26.142
50.306,62.864,-50.63,-89.835,27.007,27.21,14.334,-40.36,-12.018,45.001,-28.869,-7.887
49.965,67.92,-25.781,-22.683,13.716,-4.877,-48.552,14.546,6.254,-13.76,-29.21,-27.237
53.969,73.591,25.995,-32.545,8.099,32.473,38.291,-5.68,-31.662,25.396,11.152,-11.181
52.767,54.957,102.949,-33.768,49.822,-22.18,20.962,11.098,-5.18,-6.526,13.108,-41.906
55.272,53.282,-4.029,39.132,5.87,-36.761,18.039,-5.724,-6.847,0.831,-32.06,-16.376
51.849,46.374,33.288,-38.37,14.553,19.355,54.531,54.243,-21.765,-26.282,-19.923,-14.871
52.68,45.324,-8.962,-19.099,3.117,18.571,40.394,-2.252,-13.785,-26.931,-33.669,3.683
51.433,56.812,-25.793,-53.86,40.368,28.049,22.576,-25.207,-2.349,31.052,-5.451,-19.897
49.534,26.839,19.257,-44.014,10.826,-17.072,-29.036,23.419,1.722,-8.854,-15.772,-25.196
49.476,81.224,84.34,-55.262,25.598,6.197,7.995,-10.698,-21.538,-20.882,-16.094,-10.581
49.592,47.528,89.855,-22.173,58.908,-4.262,-23.622,7.45,-31.343,19.32,7.948,-17.064
51.699,19.996,20.345,-1.652,-8.075,-27.908,33.323,-5.793,-34.253,-7.852,-19.309,-10.402
49.957,44.667,-49.249,-34.977,29.827,-3.159,30.245,-36.811,-23.623,-19.426,-28.584,-2.285
52.178,5.038,16.672,-33.484,31.084,9.086,45.153,15.938,-2.128,-13.915,-0.559,7.663
49.981,-1.485,-59.23,6.167,31.96,-38.433,18.861,-2.371,-9.733,-31.034,-21.384,0.094
44.211,-52.283,-64.047,-19.661,-1.984,-21.903,10.642,-5.858,-0.941,-12.106,-16.249,5.998
46.019,32.83,-100.386,-21.43,20.221,-33.757,9.846,-31.717,-17.945,-13.591,-13.904,3.965
42.605,-52.372,-44.437,-9.179,-33.602,-47.373,0.957,-8.598,-8.494,8.573,-2.226,7.915
42.176,-46.559,-55.993,-29.59,-28.162,-16.671,-0.013,8.094,-0.069,-18.824,-4.302,2.536
47.179,33.75,-102.704,-29.643,28.865,-42.152,-3.093,-19.801,-37.041,3.529,-18.748,2.216
45.289,4.892,-100.377,-26.616,20.427,-49.581,-15.202,-54.01,-19.734,2.323,-6.883,6.495
53.81,-12.216,15.418,-35.026,27.542,18.681,57.674,5.424,-2.206,3.641,27.791,-1.538
55.973,60.248,34.959,-16.576,-23.274,-25.812,3.453,18.585,2.145,-3.841,-20.371,-17.133
55.491,41.522,41.927,-13.489,15.071,-19.154,35.455,24.845,-27.721,-1.699,-12.091,-5.002
52.424,-9.865,-8.933,44.562,21.423,-38.983,75.534,-10.022,-42.085,-10.109,-33.122,27.655
49.034,20.16,-84.647,10.647,33.67,-59.504,42.097,-10.356,-20.494,-25.418,-26.266,17.52
43.921,-59.838,-30.349,-17.55,-21.992,-27.183,15.574,-4.268,-10.782,0.027,-10.821,16.303
44.098,-65.957,-48.144,-54.16,-17.093,-23.342,2.531,7.197,-2.117,-20.105,-18.372,13.133
44.129,-58.591,-64.724,-19.63,-28.519,-56.149,-3.658,-23.26,-11.681,4.469,-24.763,10.808
47.647,48.78,-103.96,-21.104,13.631,-39.962,9.083,-9.456,-22.951,-9.957,-16.043,-5.236
45.639,25.776,-107.649,-7.683,-2.661,-42.871,1.714,-37.748,-9.887,-17.942,-20.935,2.153
54.295,17.419,7.277,-45.788,17.801,-34.994,32.651,-7.122,-6.988,26.482,11.649,0.195
56.337,53.641,16.145,-3.289,7.191,-19.949,11.506,-0.397,-14.675,-11.987,-26.468,-11.787
53.558,25.859,59.881,-36.069,24.149,3.008,19.038,11.684,-12.638,-1.222,12.122,-27.227
55.727,60.672,43.152,8.233,24.438,-34.561,53.041,1.453,-50.565,-3.706,-15.509,9.837
52.003,-14.655,-3.256,47.934,15.305,-59.44,86.468,-10.349,-35.261,-7.195,-23.462,31.58
48.466,11.968,-70.938,25.715,16.889,-62.53,40.421,-30.319,-16.845,-11.188,-10.718,22.81
44.27,-33.929,-43.155,-21.223,-15.605,-45.108,-10.908,-8.714,-14.843,4.444,-1.659,9.829
47.44,56.461,-85.309,-18.06,34.236,-18.059,-0.815,-6.524,-22.951,-20.13,-13.192,-0.413
45.301,3.949,-77.805,-21.575,23.089,-38.495,-29.165,-52.564,-23.691,0.475,-7.559,8.223
53.232,-10.621,-21.035,-26.957,45.258,-19.649,10.16,-25.496,-6.977,15.991,20.054,-2.583
55.734,19.092,23.095,-28.099,23.768,-29.12,52.493,21.022,-27.416,-28.778,3.036,0.157
56.249,39.074,24.789,2.583,31.997,-54.963,37.389,23.217,-17.816,-3.018,-3.695,2.731
55.196,28.983,16.213,-24.264,13.946,-33.107,41.152,24.443,-23.361,1.914,-7.309,-2.078
53.021,-7.55,-12.542,45.403,19.006,-45.298,72.867,0.764,-33.191,-6.276,-26.034,30.716
47.395,8.459,-46.38,-8.123,24.779,-33.265,53.035,7.362,-8.12,-51.279,-5.631,16.673
47.535,9.194,-82.402,-2.934,-10.984,-21.029,3.151,-11.411,-15.757,-14.752,-11.515,4.152
45.996,10.762,-72.537,-78.87,17.762,4.286,-7.192,30.915,-7.198,-46.671,-19.809,-1.433
45.915,21.377,-109.94,-33.56,9.227,-38.379,-5.407,-34.792,-5.153,-17.201,-12.585,4.28
53.79,28.723,0.509,-83.061,24.002,9.719,20.866,12.335,2.255,4.26,29.712,-17.553
55.848,38.92,1.531,-38.304,37.544,-45.699,38.424,31.025,-26.933,1.449,-5.97,-22.095
56.514,78.466,-8.872,-26.82,28.088,-42.885,50.463,18.79,-48.058,-9.571,-1.385,28.97
56.123,78.127,-24.87,-41.935,40.476,-51.811,51.49,22.226,-49.695,-13.136,-2.094,37.482
55.218,65.622,-32.476,12.56,43.592,-26.323,51.417,-11.202,-59.694,-17.902,-38.379,37.869
52.192,35.023,-34.667,-66.657,36.95,-11.315,22.68,26.548,2.571,0.075,-27.572,-8.469
50.821,50.047,-41.0,-21.567,-7.359,-23.803,-17.782,-5.446,10.51,-4.658,-25.2,-12.099
52.559,60.237,9.005,-28.241,8.323,8.912,31.369,-9.309,-12.683,14.81,-6.046,-15.542
51.175,60.657,47.858,35.798,26.141,9.379,1.772,-14.081,-15.349,0.623,-66.932,-16.684
48.8,63.425,54.953,12.378,47.542,29.672,42.526,47.811,-20.842,-17.914,-18.371,-20.016
51.329,59.769,-8.148,7.773,5.342,-7.349,26.458,-0.989,-28.882,15.407,-32.356,2.316
49.529,52.866,-54.344,-18.783,22.118,32.142,16.38,-20.863,-10.604,48.059,6.879,-15.546
43.868,62.255,-25.94,-37.652,34.809,-7.211,-38.905,11.623,-8.582,-12.436,-35.67,-28.642
51.737,52.275,-5.522,-5.672,7.286,-3.576,30.985,7.846,-23.229,27.114,-30.116,-14.285
49.731,56.691,42.445,-8.63,43.583,3.195,23.412,-15.338,-15.401,1.852,-39.931,-14.274
45.474,46.619,-4.576,-22.851,78.38,-20.453,-17.401,-19.05,-28.977,20.686,-33.325,-8.61
49.994,15.325,-31.649,-20.567,31.478,36.666,48.014,-15.882,-11.516,17.606,1.764,-0.367
43.925,-27.663,-76.301,40.018,38.842,-45.689,35.048,-10.692,-7.084,-20.713,-14.011,8.552
41.159,6.485,-116.299,13.162,21.986,-56.875,7.454,1.945,-24.586,-17.761,-12.932,16.58
46.548,57.633,-39.451,-107.859,34.283,81.758,42.615,-51.746,8.897,5.45,-32.819,-5.869
45.509,71.142,-16.595,-25.465,45.136,3.873,-35.012,12.743,-0.391,-14.926,-35.915,-30.051
50.377,54.838,37.775,-51.607,25.576,60.805,43.869,4.105,-14.627,18.746,0.431,-25.211
49.354,63.209,116.212,-22.29,72.144,-23.004,-11.933,24.905,-3.261,-2.25,8.663,-36.295
51.958,55.9,-22.474,63.941,10.68,-9.405,22.539,-18.24,-14.62,9.766,-34.264,-9.891
48.974,68.934,53.958,28.949,50.244,10.057,36.136,43.53,-24.821,-12.663,-25.914,-15.817
51.666,65.651,-7.069,-1.13,5.569,-23.41,27.048,-5.184,-22.158,6.763,-41.785,4.48
45.842,40.842,0.433,-90.812,35.295,51.398,47.703,-14.904,-10.486,-10.684,-28.761,-2.924
44.053,64.781,-12.774,-27.282,32.719,-8.244,-47.183,9.247,-17.038,-4.686,-36.039,-29.741
51.873,67.834,-6.126,-2.614,3.787,-7.956,27.677,-0.193,-22.35,37.231,-28.482,-6.673
47.985,21.614,41.35,-24.197,29.017,2.685,10.679,0.566,-23.79,5.4,-39.751,-9.6
44.864,42.711,-7.479,-19.759,79.845,-7.508,-8.666,-15.574,-31.657,26.097,-44.643,0.926
49.264,42.402,-58.885,30.119,23.884,-25.831,14.329,13.783,-20.04,24.913,-52.737,11.556
47.709,47.448,-11.123,-121.331,32.911,83.043,35.643,-24.984,-16.242,15.529,-16.54,-9.084
51.11,35.582,-28.059,-28.448,-16.423,-22.817,-10.333,-4.63,-11.222,-9.071,-14.02,1.801
54.509,39.603,7.611,-50.856,-7.913,-3.267,17.576,-17.333,-15.71,12.243,7.268,-10.804
55.49,34.819,31.833,9.427,18.299,-37.485,44.934,14.013,-11.739,-0.281,-25.901,-2.625
53.627,6.515,5.489,-9.824,0.65,-29.203,3.828,-2.814,5.997,4.255,-7.416,-20.978
54.85,47.461,16.798,-13.703,-2.509,-10.608,26.843,13.969,-14.252,-8.848,-22.827,-26.638
55.208,59.368,-1.524,-36.685,-11.746,-42.062,26.195,1.115,-24.159,6.88,-8.769,9.542
55.649,52.763,32.279,-7.191,2.693,-28.941,35.668,6.379,-0.845,-3.117,-17.677,-12.883
51.913,1.505,-16.035,-24.124,-13.519,-30.117,4.227,8.891,-0.164,4.253,-24.25,13.813
51.643,33.708,1.143,-81.306,-1.691,9.571,30.491,-3.144,-4.972,-19.732,-15.274,-4.096
53.729,32.245,5.568,-43.045,-10.401,-4.917,27.478,-16.986,-2.695,-0.365,8.017,-14.281
55.19,50.953,32.231,-8.001,8.218,-47.279,67.909,4.72,-39.662,-11.171,-0.615,14.405
55.123,52.125,19.757,3.714,5.582,-30.324,56.594,-6.69,-17.089,-24.364,-6.81,-14.418
53.434,3.438,-17.56,14.35,12.956,-50.038,20.25,8.441,-0.806,3.441,-39.3,15.249
48.402,7.295,-50.018,-25.954,-12.048,-45.478,11.883,-16.207,-16.548,-0.726,12.776,9.577
48.426,3.353,-36.125,-39.575,-0.628,-46.539,22.827,0.963,-26.475,-6.795,3.382,24.371
52.442,31.703,-5.5,-60.506,11.621,-12.522,18.467,-18.116,-22.332,-0.242,-6.755,7.611
52.711,29.277,-15.631,1.296,-8.179,-25.627,-3.253,15.82,-15.915,-12.945,-20.553,-4.634
53.804,32.968,10.498,-68.975,-8.128,13.701,30.333,1.746,-9.791,13.751,8.021,-15.174
55.389,30.204,32.935,7.727,-4.869,-32.795,35.02,13.071,-0.378,-5.821,-21.321,-4.986
53.526,18.435,18.571,-37.047,-6.838,-27.896,-6.71,13.473,-10.843,-15.117,-9.893,-22.918
55.867,50.734,16.456,-25.618,1.394,-17.265,28.583,6.424,-13.838,-6.053,-12.547,-22.137
55.083,43.518,21.351,0.411,2.502,-28.877,49.776,14.497,-41.251,-6.649,-22.788,-10.088
54.087,40.414,4.153,-53.316,-6.216,-18.148,29.957,3.803,-18.794,-1.283,8.444,1.404
54.307,45.238,-4.48,29.485,-17.135,-53.084,17.55,-36.363,-0.897,15.212,-4.016,11.093
52.964,21.344,-39.266,-15.665,-0.394,-12.328,-2.0,1.227,4.17,-22.04,-23.787,-2.885
53.775,48.963,-8.988,-64.851,3.775,3.411,31.134,-3.208,-16.828,-7.577,-0.239,-13.789
55.282,56.384,27.885,-8.733,-3.449,-30.395,53.646,11.371,-30.13,-3.336,-7.781,10.758
53.955,38.186,6.549,-44.066,1.091,-2.473,39.313,5.968,-16.356,-8.455,1.947,-7.451
53.939,78.655,-5.433,-6.761,17.92,-49.189,42.171,19.627,-33.849,-8.069,-16.401,20.055
54.981,83.146,11.997,-40.338,19.865,-10.132,26.438,-4.468,-26.694,17.138,-8.625,0.404
55.908,26.296,20.881,5.144,-7.068,-41.596,47.412,20.481,-10.738,-10.564,2.085,21.084
54.56,38.184,4.923,20.946,-12.363,-34.41,41.924,22.034,-33.791,2.874,-21.898,29.268
52.894,62.917,-2.138,-70.606,15.662,-24.993,44.08,-13.33,-31.566,1.447,-7.19,14.603
53.729,28.387,-33.063,31.67,18.229,-36.599,15.041,28.053,-17.324,-3.475,-17.586,20.491
55.309,41.219,6.343,-21.8,7.405,-26.894,36.403,0.91,-8.978,4.398,-3.642,18.342
55.583,41.359,16.727,4.802,2.923,-35.691,41.438,5.502,-30.925,-1.435,-7.293,-5.594
54.783,-4.211,30.716,-0.209,45.471,-61.788,70.427,19.035,9.171,7.113,-12.879,17.793
55.053,28.48,25.845,-3.981,43.516,-37.561,89.5,25.117,1.01,-4.61,1.437,32.608
54.189,23.853,19.27,-15.197,53.576,-55.46,83.517,21.385,-11.415,-5.328,-5.425,23.683
55.747,30.892,14.174,3.736,40.887,-60.737,62.392,-3.241,0.432,-1.169,-17.682,25.336
54.036,-4.23,26.519,-27.509,30.401,-35.682,56.102,16.863,-1.696,-1.726,-18.914,-22.168
55.152,-1.672,28.331,-11.547,39.085,-22.477,51.706,10.817,5.939,-18.41,-13.363,-22.497
55.688,12.762,23.306,15.234,36.885,-57.298,47.447,0.09,-5.512,14.297,-15.475,-24.766
55.597,26.604,3.692,16.886,44.749,-48.228,30.899,1.798,0.661,1.095,-24.016,-16.231
52.103,61.462,-58.883,-8.722,6.344,-34.164,2.308,17.329,-5.212,-0.81,-14.312,4.016
49.567,44.947,-70.678,-11.876,-11.33,-33.109,4.512,-15.001,-15.46,5.818,1.927,0.304
52.576,50.374,23.268,-110.71,-6.213,10.527,32.332,18.925,-20.161,-18.233,-8.555,11.835
55.635,101.397,-18.216,-3.545,-8.916,-28.608,-18.396,-35.615,-15.638,3.197,-24.783,-12.925
54.62,30.376,-6.749,-43.586,23.55,-33.022,19.583,-9.586,-5.865,-1.389,-3.745,6.623
55.494,48.176,17.878,-6.979,28.039,-35.494,66.641,-3.624,0.574,-6.287,-11.604,7.861
55.97,20.468,22.082,4.493,40.451,-41.023,39.618,-7.054,9.035,10.569,-22.169,-11.133
52.403,1.101,-8.135,-49.698,57.814,-55.342,39.567,27.097,32.466,12.033,-25.152,-19.589
55.66,54.53,28.723,2.431,-14.698,-23.347,41.987,-2.622,-22.203,-9.097,-14.521,-7.021
55.32,70.898,-10.358,-13.841,6.894,-41.213,-16.801,15.627,5.957,-3.831,-20.781,-32.103
54.64,77.318,11.893,-42.71,13.379,-18.244,3.419,-6.677,-18.46,33.252,-10.081,-7.291
55.836,113.094,4.648,-36.825,29.917,-36.334,20.462,-16.788,-9.133,-0.929,-12.647,9.941
56.398,35.238,18.183,2.713,29.972,-54.257,58.957,-12.578,-7.117,-3.912,-6.879,3.617
54.927,15.986,34.03,7.985,42.043,-46.789,56.981,-7.435,21.685,22.212,-20.511,-8.943
55.21,25.851,-2.209,11.277,54.507,-43.53,35.989,4.958,27.201,6.662,-13.5,-9.946
53.916,7.411,31.505,-34.132,48.869,-32.422,46.964,-5.893,12.544,19.636,-11.328,-16.529
55.842,34.276,18.751,-5.175,36.31,-57.951,50.46,9.872,14.382,5.647,1.156,-16.737
54.866,50.636,-7.577,-22.101,29.332,-43.54,17.629,14.765,12.339,19.552,-21.317,-40.039
52.625,57.587,-30.717,-25.975,5.846,-39.339,-8.111,6.268,-14.306,-1.478,-17.769,0.243
55.15,81.712,-0.142,-54.306,3.321,-1.396,9.517,-7.485,-12.002,-0.36,-1.602,-8.454
56.225,59.349,20.5,0.476,11.227,-44.485,57.676,5.971,-30.7,-3.94,-7.622,13.918
56.802,53.736,19.868,-18.128,25.03,-45.923,54.314,-0.778,-13.536,-4.62,-10.881,9.197
56.426,30.61,30.943,-18.221,45.664,-49.106,59.143,1.975,-1.441,-9.07,-10.044,-13.983
56.861,15.889,16.294,-8.064,50.489,-54.855,48.496,11.109,3.746,10.035,-9.245,-0.116
56.522,28.171,34.034,-11.798,50.291,-53.114,66.261,31.961,-12.576,8.176,-9.266,-4.037
53.898,48.179,-17.528,-2.368,26.706,-38.119,18.706,12.323,-10.369,-4.594,-22.437,3.173
55.152,56.657,11.339,-41.943,10.392,-31.298,6.627,-25.898,-23.766,11.816,-1.955,-13.374
56.94,28.947,38.652,-9.523,25.542,-44.383,42.519,29.118,-17.061,-1.902,-14.709,-15.347
55.775,57.246,16.528,-18.797,34.139,-39.486,41.884,7.533,-2.319,0.07,-9.173,-29.563
54.641,57.98,-13.384,9.531,24.129,-35.232,31.752,7.051,-8.651,-4.086,-26.291,-6.19
53.513,53.335,8.618,-93.216,23.736,-27.976,44.55,11.772,-13.487,8.814,2.335,-5.64
56.826,69.673,15.931,-19.492,26.426,-42.633,45.13,5.485,-6.941,0.629,-15.263,-5.899
56.019,32.638,24.88,-5.455,43.091,-41.362,15.659,10.741,21.185,10.764,-32.068,-36.25
54.294,19.518,-16.589,-2.958,39.648,-40.701,17.475,-0.245,20.861,16.642,-4.144,-17.869
55.624,37.598,32.697,-47.529,35.442,-21.856,46.358,20.956,-9.63,8.11,-1.548,-12.891
56.601,58.194,23.515,10.505,19.748,-39.4,45.036,-1.118,-19.595,7.324,-10.973,8.373
53.014,46.537,-33.08,-15.059,3.761,-7.575,11.07,20.077,-7.809,-14.264,-2.353,6.839
52.933,69.255,22.259,-81.68,7.171,-26.204,40.334,11.7,-36.26,2.253,0.583,8.124
55.78,55.409,24.297,-7.242,21.568,-32.604,44.035,-7.119,-36.558,-0.59,-19.631,-0.718
54.604,19.396,33.734,-71.73,54.818,-48.911,49.464,14.549,13.429,7.365,-4.909,-21.064
56.769,42.367,7.552,-10.511,45.046,-49.418,65.047,9.913,-9.327,-1.321,-15.919,0.704
56.537,63.592,-0.884,-18.755,43.247,-61.252,78.789,11.753,-27.608,-0.578,-5.372,25.463
54.207,84.777,2.889,56.199,50.385,-30.813,56.799,19.979,-31.281,-17.678,-42.126,22.604
35.184,-41.379,72.473,-27.549,83.657,-5.304,-11.486,-4.972,-19.099,-2.401,16.208,18.871
27.895,13.407,-33.407,264.276,84.602,5.021,-52.31,114.852,-23.317,-43.611,-97.848,26.044
