0.0,171.13,9.469,-28.48,57.491,-50.067,14.833,5.359,-27.228,0.973,-10.64,-7.228
35.439,46.002,26.077,-198.319,-0.477,241.495,53.355,8.501,-11.254,77.675,35.16,-11.689
43.186,17.757,-33.158,35.656,-37.43,-18.848,4.379,8.057,6.376,6.188,-14.474,-4.399
39.186,-19.399,-26.885,-24.774,-37.823,-37.985,32.87,14.033,0.837,7.644,-5.687,18.54
43.142,4.348,6.209,-86.068,-40.069,1.422,15.992,-3.624,7.426,26.235,-35.995,-1.974
44.446,4.998,-13.688,6.866,-32.537,-7.645,2.113,-2.173,20.196,8.204,-15.236,-22.605
43.499,2.852,-27.976,26.018,-25.65,-1.936,10.697,-30.17,34.424,3.817,-0.084,-31.692
41.544,-45.051,-8.526,-31.198,-20.145,-51.822,11.673,7.005,20.504,14.246,-7.998,-5.256
44.428,15.503,-52.692,43.618,-40.322,-15.467,-13.031,-29.267,21.074,-11.557,-31.116,-1.848
39.265,-100.651,6.022,-16.89,8.096,-46.036,36.476,9.645,20.978,12.934,-2.026,-18.916
47.039,8.41,12.992,7.798,-0.35,17.623,-0.875,2.164,26.382,7.975,6.392,-11.635
42.191,-3.286,-17.37,-27.081,-44.04,-26.723,7.483,-17.516,18.917,15.042,-19.055,-12.571
42.375,-1.298,-28.165,66.392,-26.204,1.894,-0.666,0.887,21.488,2.611,-4.925,-18.589
40.172,-1.6,-13.869,34.187,2.087,43.646,8.558,2.242,44.863,1.507,-31.511,-26.168
33.413,-66.433,-27.531,5.553,-1.078,-19.126,-0.35,5.793,23.282,11.563,-22.972,2.695
27.137,-57.456,-52.535,-41.912,24.303,-40.699,-2.037,-7.366,32.192,7.291,-2.024,-1.503
31.764,-182.814,-91.584,-56.235,7.089,-3.652,18.466,24.462,9.141,53.305,-22.084,6.672
30.229,-152.035,-114.378,-82.733,-2.823,-20.265,10.947,-2.708,31.958,-3.141,-2.217,1.802
39.935,-104.945,-3.069,-49.23,-21.792,-10.46,73.742,-10.033,5.272,24.376,29.537,21.378
46.895,-6.092,17.486,-23.5,-16.353,-3.421,21.581,22.076,33.661,-11.673,-17.284,-25.486
43.094,-24.031,-8.694,-0.32,-6.816,-15.096,32.047,22.66,21.262,-7.073,-43.479,17.707
42.638,-20.669,2.582,-74.539,-15.574,-9.397,29.631,31.434,23.142,3.871,-19.471,9.711
44.582,-10.231,-20.016,33.943,-15.535,-51.779,-5.691,-3.658,22.54,29.289,-27.09,-20.171
42.03,-16.994,-32.156,9.8,-17.679,-20.692,12.738,-9.838,37.155,2.607,-9.319,-25.261
41.377,-15.796,-33.258,-15.779,-28.667,-36.299,1.136,-22.608,18.015,4.946,-7.735,-12.015
43.24,10.384,-18.474,81.221,-18.694,-57.706,-7.185,-39.996,-4.881,3.302,-28.933,-8.776
43.917,-43.339,-2.956,-19.274,11.727,29.01,0.035,9.13,22.488,1.123,3.6,-17.65
40.177,-56.09,-36.239,-5.979,-8.963,-29.588,11.122,24.301,18.492,-9.034,-15.991,-8.749
37.223,-61.334,-34.217,2.55,-15.539,-44.374,-2.228,23.123,7.971,15.857,-9.463,-18.807
37.192,-35.633,-23.162,7.071,-0.122,-3.938,4.528,6.181,34.695,13.41,-13.413,-10.163
32.361,-86.099,-37.076,-51.925,14.453,-23.719,-3.045,-11.994,14.376,24.64,-19.908,-1.65
40.79,-40.481,47.696,82.389,8.921,18.721,49.878,-3.147,-10.023,19.558,-6.243,-23.189
34.973,-70.902,49.643,10.928,-15.12,-29.851,45.337,-8.279,-18.579,3.714,-8.918,-16.853
34.794,-70.156,58.956,27.484,-21.049,-32.362,36.037,6.09,-32.235,-1.058,-21.597,-12.026
48.642,-0.594,-38.018,74.25,25.078,97.018,26.994,-6.847,8.576,16.962,67.25,-19.869
44.56,-61.257,1.713,14.813,-5.203,-60.996,35.143,20.389,7.361,0.718,-6.134,6.046
48.029,5.169,-54.485,-49.091,27.18,4.951,5.975,47.668,41.214,-37.99,3.851,-29.091
50.294,26.503,-52.478,130.896,6.769,-71.744,-18.301,-20.374,-3.236,-22.292,-26.794,6.36
45.342,-25.84,-65.105,-59.804,-6.394,17.541,7.693,21.56,29.072,-23.859,12.14,-19.317
45.689,66.863,-45.553,5.156,-5.751,5.709,12.963,-60.273,7.132,-16.674,-12.95,-35.021
44.796,35.275,-42.844,13.399,6.576,-30.484,9.432,-55.885,10.092,39.324,-41.695,-24.845
42.044,-31.154,19.717,-23.605,7.215,-20.207,1.104,31.724,21.149,-9.474,-42.805,-3.067
49.354,51.953,-85.833,-71.057,29.879,-41.087,7.646,19.613,25.269,-24.566,13.356,-17.954
46.097,63.002,-49.88,35.098,0.923,-34.837,29.721,-55.618,17.625,4.762,-9.869,-11.958
50.282,26.776,-54.019,147.264,-4.224,-61.132,-23.119,-14.894,4.972,-12.702,-30.894,4.065
42.566,31.475,-72.911,34.675,-2.973,32.639,21.332,-37.425,21.4,5.425,-32.515,-7.05
42.275,2.281,-41.042,8.537,-17.005,-11.259,-16.305,1.245,27.456,-11.388,-37.153,-16.768
38.297,60.886,-122.763,53.195,9.015,-65.304,12.918,-119.487,-1.037,32.105,-32.92,9.425
40.85,-41.734,-168.118,39.229,17.123,18.705,-8.249,3.002,40.046,-65.559,-4.316,-11.611
29.784,-87.057,-36.398,-50.7,7.15,-39.024,6.938,33.503,34.597,15.675,-8.435,-5.556
49.072,2.209,-73.079,160.105,-5.455,-36.154,-7.1,-23.485,-20.607,-7.155,-30.057,6.738
42.329,33.37,-123.187,37.542,7.617,-42.865,30.67,-95.334,-33.225,-0.75,-39.65,10.989
40.056,-114.985,-3.625,-9.415,-25.286,-51.663,72.368,-20.108,-0.842,11.692,-8.936,34.544
45.663,-25.568,20.197,-104.272,1.126,-12.535,28.342,105.576,21.982,-17.333,8.268,-17.872
47.238,77.97,-31.191,19.81,9.024,-37.68,23.58,-19.539,1.514,18.638,-39.083,-0.034
46.718,3.781,-31.648,27.028,2.968,46.548,25.735,18.159,14.081,-22.394,-63.732,10.353
45.863,-33.444,-70.766,-53.869,8.916,-6.079,12.164,24.247,33.965,-28.146,4.934,-9.18
44.416,42.281,-45.018,-16.228,-2.868,-4.545,12.842,-35.671,30.519,-39.982,-28.759,-16.323
42.157,10.571,-27.212,-58.535,-3.655,4.925,16.816,-1.942,33.911,-24.609,-42.254,-23.774
40.059,-25.094,-27.385,-25.38,-11.827,-28.508,8.634,9.532,39.318,-15.364,-14.249,-10.61
50.774,44.827,-46.389,142.837,-2.149,-35.021,-26.272,1.811,-12.304,-17.951,-40.58,0.98
35.972,-37.302,88.358,3.867,54.512,-37.163,20.797,-4.52,15.922,11.414,0.067,-5.592
46.316,29.007,-46.215,-91.146,45.082,18.581,15.868,57.474,31.442,-27.369,28.005,-19.903
44.55,33.33,-73.072,40.239,21.058,-58.892,16.4,-74.199,-1.423,33.325,-39.594,-11.353
48.453,24.47,-71.755,177.98,6.033,-75.617,-34.853,-15.617,5.02,-24.747,-36.252,3.825
38.15,46.777,-83.307,27.141,22.789,-36.507,-6.87,-65.692,-7.591,51.871,-39.161,-6.364
31.74,-112.91,-55.164,-50.936,-1.131,-46.097,-18.566,9.424,11.33,12.819,-2.276,-6.661
35.412,-107.901,-161.746,38.025,24.161,21.342,-15.756,14.475,34.437,-41.33,-17.056,-3.806
25.516,-124.222,-130.395,-0.568,-21.127,-75.337,-31.313,-32.722,8.446,15.344,-17.918,-3.908
50.173,92.081,-46.569,18.089,47.439,60.322,-11.396,73.808,-7.325,-9.857,73.651,-20.063
46.31,37.481,-4.369,23.307,9.191,-4.815,-48.325,5.629,4.816,-10.992,-27.904,-3.69
46.371,82.626,5.787,-19.63,51.055,14.53,-45.502,66.663,7.913,21.831,23.487,-14.881
52.095,68.276,-47.832,4.777,6.436,5.888,-11.916,22.901,-12.221,2.945,-39.838,-9.247
48.468,72.049,-22.015,165.911,19.069,-79.629,-53.846,21.738,-2.346,-39.661,-7.205,-2.289
36.614,150.787,82.488,-14.804,54.656,22.496,-42.926,-47.931,-12.19,-36.846,-11.318,-1.749
39.934,47.688,35.087,-59.332,43.597,26.656,-60.278,-32.51,8.032,-8.343,-48.82,3.186
48.116,-41.916,-85.899,53.745,13.419,25.364,16.548,-3.964,19.594,-20.002,-59.813,4.11
42.607,-53.363,26.811,-138.366,20.735,54.932,51.323,49.773,13.567,-5.625,-46.056,-0.098
47.916,52.957,-45.177,196.213,22.449,-64.058,-51.721,3.638,0.491,-35.535,-37.087,7.59
35.133,2.554,53.08,-78.296,52.648,0.156,-4.695,13.799,2.426,3.866,-8.09,13.967
50.405,47.445,-16.524,-55.814,42.628,42.422,54.42,23.857,-16.943,-0.476,30.726,-9.984
48.136,46.636,-29.775,68.903,-27.851,-2.591,-28.816,-14.5,11.3,-16.98,-40.322,-18.009
46.585,44.405,-8.403,96.45,30.916,48.524,28.486,12.647,-21.316,-15.168,-38.009,-11.056
47.592,68.214,104.742,32.694,64.924,40.59,-42.448,3.882,-47.59,7.969,-3.058,-9.961
49.479,142.078,49.25,89.909,93.688,-30.09,-86.836,16.089,-11.755,-8.768,-20.666,-8.154
47.628,78.865,65.734,-47.916,85.215,42.263,-53.223,-23.965,-5.452,48.122,-20.105,14.335
50.095,30.849,73.3,-24.029,85.932,-16.282,-28.639,-1.856,17.214,19.971,2.832,-0.467
51.666,21.858,-63.581,110.078,15.475,-62.296,-32.796,-25.272,-0.731,-10.464,-31.124,6.975
41.62,-18.666,-66.305,-33.504,-27.021,-23.178,-5.313,3.001,11.452,-24.788,-17.653,-17.762
44.033,29.246,-88.481,21.054,-0.015,-43.353,21.434,-55.851,-21.353,32.675,-35.246,18.05
51.648,48.156,-49.47,17.876,4.148,34.966,-11.482,-1.508,3.535,-7.14,-16.038,-13.704
49.356,73.753,-9.901,149.713,32.934,-60.119,-53.554,15.191,0.341,-24.678,6.113,-0.437
43.728,-20.307,-85.565,-27.532,-4.075,-26.853,-16.186,23.588,30.966,-53.983,8.957,-19.419
50.312,45.759,-37.954,-42.115,-21.643,8.859,-21.457,-14.829,10.392,14.299,-5.926,-17.915
53.695,33.339,54.373,21.216,18.931,36.666,48.498,17.658,1.67,8.996,28.578,-18.765
50.749,26.081,30.098,59.596,7.462,-24.619,52.514,5.003,-24.091,4.684,-54.0,5.808
48.392,51.769,-46.859,179.576,7.445,-70.654,-46.315,5.742,-0.899,-38.857,-39.535,0.21
34.968,63.327,99.546,22.464,57.536,-31.403,-35.913,-3.543,-6.475,-10.683,16.642,12.346
40.565,95.434,29.613,-2.359,65.743,35.217,13.249,-82.332,-5.752,-14.495,-14.775,10.646
44.744,59.759,71.412,-126.78,16.922,3.673,-22.551,12.108,0.582,14.61,-20.704,-7.152
47.871,75.15,-65.463,120.088,-25.034,-0.474,-30.594,-34.244,14.658,-21.025,-26.615,-25.265
51.317,108.928,-29.106,98.904,0.351,-6.462,-18.022,-19.657,27.852,18.337,-53.801,-10.347
45.952,22.113,20.079,47.706,35.932,82.573,-16.392,65.678,11.449,-17.552,-34.674,2.315
46.126,48.005,31.509,-43.96,62.788,80.871,-57.899,-22.586,-4.385,21.602,11.509,-0.736
48.314,45.879,3.143,-20.409,50.508,3.815,-72.104,-12.2,10.028,11.811,-27.905,-3.361
48.588,19.369,-58.44,-17.21,-5.833,-37.885,-25.504,2.616,19.577,11.908,6.217,-6.339
54.177,51.426,-49.379,58.293,49.481,-3.753,-11.004,-1.718,-8.651,49.31,-14.001,-10.972
52.375,105.527,-68.286,-42.972,89.695,6.821,-3.633,27.51,-6.233,18.19,-29.142,-20.425
53.531,93.855,-25.629,-11.036,-7.275,33.908,-17.55,15.813,-15.905,16.223,-31.749,-24.926
53.12,62.044,19.18,-86.92,26.097,-7.378,20.316,13.686,-4.782,5.945,-9.786,-10.351
54.488,104.755,36.213,45.141,38.752,-33.965,31.321,-3.047,28.174,3.639,-27.542,35.816
50.833,41.24,-36.537,120.809,11.29,-73.827,-14.68,1.588,-1.422,-12.967,-6.578,12.592
40.628,60.139,41.499,-7.741,48.933,3.853,-16.147,3.173,6.818,11.096,-28.616,26.228
46.322,52.51,-17.146,-51.663,52.099,74.29,8.024,-30.693,21.759,53.925,-22.766,22.757
55.005,76.826,23.13,10.284,42.85,8.827,25.146,17.285,29.221,5.698,16.958,9.757
49.281,37.41,-31.27,165.01,35.718,-67.32,-50.615,-9.059,3.185,-30.604,-42.855,9.464
41.081,38.011,49.494,-62.911,32.313,-7.711,-29.325,0.364,0.451,25.116,-15.854,8.19
41.987,-13.647,-66.305,-58.397,-44.074,-63.971,-20.2,4.844,21.75,23.838,-0.741,-3.156
53.804,59.502,-27.396,-68.172,32.404,-35.14,31.609,5.701,6.203,-6.675,-13.926,-20.249
52.904,61.165,18.747,46.642,49.964,-32.613,52.628,19.491,17.582,18.905,-56.319,-2.72
49.201,35.779,-49.111,27.092,16.026,-10.561,-39.314,-42.238,4.012,14.857,2.401,-21.804
48.261,78.033,-53.988,31.973,43.77,39.728,-41.663,9.203,31.452,-45.163,-36.375,-20.211
43.339,105.602,110.202,-101.1,68.21,26.507,-47.29,24.903,-3.394,-4.13,-38.043,4.726
45.932,5.525,65.28,33.319,98.083,56.609,-31.813,57.595,-1.054,-0.248,-0.787,-0.037
45.832,69.973,103.135,-115.611,65.45,41.201,-42.479,21.857,-12.144,-10.523,-18.704,-18.91
49.373,13.148,-50.965,108.393,30.079,41.609,-24.822,-12.367,2.086,9.567,6.459,-12.273
50.4,57.842,-27.462,-40.487,7.966,52.442,-5.111,9.48,18.111,-23.838,-37.943,-9.168
46.347,0.78,-77.626,97.0,-38.742,-30.603,-17.283,-17.207,-8.524,1.899,-15.714,-14.958
54.947,72.954,-15.209,-34.724,9.409,-1.719,25.704,18.213,7.053,6.767,8.017,-0.238
53.673,137.272,17.762,17.239,-10.146,-5.867,20.46,7.328,-1.065,-15.165,-47.335,8.092
53.996,131.474,65.452,10.576,25.428,4.989,19.074,22.745,-5.598,26.854,25.755,2.807
51.477,55.336,3.039,123.882,45.516,-43.408,-48.274,-7.169,-5.313,-33.096,-47.715,21.816
48.002,58.829,-0.417,-136.978,14.239,-5.131,-40.189,86.18,26.458,-36.11,44.166,-26.675
52.578,115.93,-56.874,-25.533,-77.269,-54.736,-68.532,-7.343,12.721,5.106,-6.694,-34.334
50.443,147.158,-54.447,24.747,-39.438,-10.354,-66.664,5.565,-11.325,7.863,-53.48,-41.876
45.148,121.142,-93.197,-41.021,28.178,-26.679,-12.911,-16.103,-36.252,65.769,-45.211,-17.281
52.493,104.121,-30.552,75.838,33.393,-70.6,-66.033,56.126,-2.577,-22.902,-12.742,7.742
41.312,266.208,28.548,-31.198,91.643,-12.936,-56.774,-35.983,10.309,2.885,-18.308,-17.798
45.688,188.052,76.883,-82.983,63.844,-5.679,-48.681,-67.773,-13.031,40.387,-10.317,-21.208
52.892,98.685,26.242,-47.139,0.311,-6.189,-17.618,-12.412,-5.944,27.719,-15.896,-11.26
53.475,81.014,-1.447,8.238,-8.188,-33.856,5.437,2.694,-9.775,-0.501,-25.447,2.106
49.453,3.223,-27.36,66.118,13.116,-35.535,-16.26,-0.572,16.474,10.785,-52.304,-22.559
38.564,-22.202,-22.301,-27.937,-1.886,-40.365,15.522,5.722,16.075,13.024,-29.139,-0.763
52.614,99.315,20.253,20.491,28.063,69.957,25.661,23.108,-35.726,-8.884,8.938,-9.952
48.869,114.936,-56.689,-42.259,75.137,28.164,-29.634,5.652,-30.799,-1.508,-82.251,5.553
52.151,24.996,31.037,35.036,93.596,37.813,3.262,5.893,2.346,-21.034,-9.688,-8.212
52.437,18.774,23.438,-134.672,30.708,22.56,14.345,67.117,19.939,-10.493,-1.195,-16.344
54.976,85.736,12.631,-26.944,-19.976,-28.806,-35.189,-23.223,-17.957,18.358,-7.628,-41.366
54.273,69.244,12.902,31.342,-18.502,-6.246,-14.538,20.074,-25.065,-1.396,-48.356,1.434
53.547,34.78,25.662,-29.199,-8.081,3.752,-26.085,13.777,-10.434,-3.793,-4.476,-38.313
54.693,48.154,19.163,-9.005,18.661,-15.081,3.73,16.367,-13.723,5.578,-15.567,3.6
52.329,28.431,16.352,-6.352,38.252,-27.46,12.762,-10.926,-11.273,1.098,-20.851,19.697
56.229,83.531,19.298,-2.089,2.471,-49.375,-31.947,17.561,0.424,-9.693,12.869,-10.376
52.539,41.41,-20.661,26.339,-8.617,-15.551,-1.581,-1.884,-13.187,1.316,-38.178,-14.752
44.82,31.646,-51.408,11.416,9.027,-34.786,-0.045,-59.824,7.364,29.489,-32.251,-18.042
54.594,73.695,9.864,45.435,7.156,-53.934,-47.378,8.384,-1.985,-20.521,-18.534,-10.591
50.327,35.75,-61.235,-29.785,12.515,-4.369,19.361,-1.78,8.349,-25.742,-29.68,-6.706
50.351,39.978,42.419,-65.337,8.229,19.347,23.766,-12.91,34.897,19.581,-5.148,-44.589
53.667,42.57,55.807,9.144,26.909,-39.413,31.603,-3.042,27.488,10.087,-18.71,-40.95
55.728,46.355,43.225,59.381,19.966,-47.67,21.657,-9.954,-15.401,-12.646,-21.414,29.671
52.36,60.595,91.239,-14.694,21.459,-21.812,54.945,10.45,-2.076,-2.055,-9.309,8.883
54.587,76.145,85.55,-0.761,27.887,-9.824,-10.47,19.452,-7.618,-5.044,-7.167,-12.925
47.076,47.849,-7.368,126.921,37.806,-35.61,-7.341,-49.289,2.399,-24.734,-33.16,-14.991
43.716,-11.02,66.648,-191.855,-5.292,-3.33,16.213,47.547,-1.844,13.908,1.749,-18.243
51.662,98.224,81.527,-18.057,55.323,35.413,-27.821,27.984,6.387,-33.534,-29.599,-12.162
55.008,73.038,-18.37,61.58,-16.968,-22.191,-49.805,13.34,2.21,-7.332,-32.229,-10.257
49.509,16.385,-51.257,-77.658,-32.705,2.092,-12.039,-11.522,10.642,24.289,8.436,-18.976
52.426,10.704,42.025,-23.956,5.176,-13.118,66.732,28.77,-15.717,-15.691,-18.323,-3.566
52.17,35.031,21.863,42.237,11.768,-21.287,40.659,43.41,9.06,-6.069,-29.274,0.2
56.014,64.674,9.0,13.263,27.85,-60.645,-11.758,1.622,-5.984,-12.926,1.453,14.089
54.353,87.74,-19.77,-15.979,18.834,-21.424,5.017,-16.967,1.267,0.196,-33.068,34.343
50.745,85.381,-37.551,34.0,-40.215,-10.566,-27.599,-19.24,18.778,-16.568,-58.192,-13.667
43.779,-47.386,-104.445,-32.235,1.497,-25.705,-3.9,-2.52,40.127,-37.847,-12.01,-13.891
40.366,-22.097,-10.983,-56.636,-32.479,-24.537,7.292,14.781,19.513,1.727,-8.836,-13.99
56.556,71.348,29.771,40.957,2.262,-45.041,23.04,14.078,-16.899,-10.607,-2.226,23.414
50.543,66.67,80.213,59.083,-0.626,-11.165,55.172,25.092,0.446,-24.371,-42.02,18.142
47.18,-2.02,-70.222,-22.838,38.924,30.273,25.21,-10.022,33.241,-36.921,-5.385,-3.758
40.901,-35.089,-51.072,-21.349,2.065,-39.141,-8.389,14.546,20.497,6.781,-7.653,-22.127
54.25,57.892,-13.098,66.355,12.549,-24.185,-28.497,-7.004,3.487,-12.793,-33.378,-5.789
49.87,59.185,-17.077,-45.806,35.544,34.813,-14.0,14.569,3.378,29.791,-35.076,-5.664
48.949,73.999,12.209,-45.323,25.866,84.689,37.258,-1.05,9.845,-8.397,-42.131,-18.24
48.244,37.119,-129.31,-67.704,45.044,-6.263,8.472,26.336,3.998,-34.047,33.052,-10.597
49.298,5.547,-37.593,23.418,-16.873,15.588,-23.691,0.009,-10.753,-18.632,-54.985,-5.042
55.389,39.827,11.525,60.044,29.962,12.154,18.912,-20.446,-1.593,-1.335,-27.227,8.049
50.781,70.847,23.379,-64.719,42.279,43.435,35.807,-33.174,-1.364,-6.747,-17.497,-18.218
53.163,31.595,35.021,-36.086,25.322,26.832,4.912,4.584,0.573,19.09,5.752,-25.983
52.235,51.468,30.825,23.869,35.951,-31.018,41.971,-7.375,16.912,5.544,-44.191,-20.436
55.823,77.306,35.349,44.412,11.416,-51.099,18.133,20.562,-19.873,-23.311,-2.089,20.132
51.659,6.948,10.1,-58.643,-9.1,-46.375,28.624,15.742,-0.685,11.376,5.41,-15.929
49.572,35.35,-3.556,78.209,24.512,-48.981,45.659,-22.82,16.966,5.798,-29.172,-5.56
44.668,-36.369,-97.846,-21.939,-21.094,-23.195,-0.246,-22.723,36.1,-48.654,-1.649,-22.877
46.192,132.279,-68.305,-104.976,69.861,-23.223,22.2,39.095,12.94,-16.012,-0.217,-17.656
55.571,41.054,14.18,39.743,26.843,-61.581,-11.506,-23.559,-0.385,2.417,-19.339,8.112
50.701,106.786,53.089,48.112,87.332,-40.615,-38.118,53.494,6.625,-7.278,-7.217,23.117
50.181,66.188,-120.746,-73.991,15.459,-56.289,-10.081,15.048,12.519,-13.103,6.244,-11.545
52.786,60.933,-21.4,-67.476,36.6,-46.502,10.332,-3.837,8.991,26.69,-3.076,-10.528
50.751,55.444,-29.373,88.551,16.795,-28.95,7.346,-30.24,37.73,4.018,-57.689,17.61
53.294,53.486,-26.725,69.846,41.47,-79.317,-35.749,12.864,-3.144,8.684,-2.145,2.93
53.29,41.586,89.067,35.503,29.575,-33.031,38.337,20.734,-4.725,7.872,9.927,5.352
51.424,55.629,74.933,44.293,10.144,-17.55,28.259,10.834,-22.909,-22.105,-41.48,26.813
46.127,-10.461,-64.823,-64.404,57.498,-19.521,-27.396,63.752,5.138,-8.686,-15.604,26.614
50.208,18.276,98.627,-24.318,30.115,39.798,56.976,64.515,-16.588,-18.261,17.345,-15.065
52.12,119.822,148.759,18.582,-10.322,-22.845,58.403,7.22,-49.299,-21.644,3.553,14.915
55.211,27.73,-19.526,54.493,12.483,-48.006,-22.401,2.708,-22.292,5.023,-40.142,6.565
50.246,80.855,-27.181,-91.94,37.522,-29.731,25.694,-22.797,-17.387,51.946,-22.116,13.983
54.021,84.033,53.221,-35.283,21.473,-14.576,48.919,37.512,13.849,7.28,-6.552,24.642
56.681,92.043,18.485,-3.38,13.443,-10.583,-14.297,14.712,3.159,27.102,1.532,2.628
52.388,118.368,-14.484,29.643,-37.192,5.754,-49.136,-32.281,15.338,6.421,-65.127,-18.119
49.618,14.659,-51.943,-51.988,4.629,24.88,10.731,17.935,30.675,-55.628,-18.921,-13.193
41.739,-11.767,-20.886,-63.257,-6.65,-4.665,12.38,3.015,26.326,-9.923,-48.143,-20.987
39.493,-15.703,3.62,-12.312,9.285,-63.411,0.609,-24.814,19.447,8.257,-6.43,14.775
52.368,50.519,21.827,44.329,66.777,65.962,9.725,31.391,26.599,-2.087,45.816,1.194
47.994,8.74,-72.329,-38.818,27.242,9.244,13.909,3.242,25.767,-24.091,-14.057,-19.824
42.369,29.949,-85.68,22.491,8.567,-72.82,10.304,-74.259,-7.999,28.532,-21.365,-9.88
52.024,47.489,2.795,20.027,52.429,92.261,35.088,26.749,17.614,6.815,21.07,-23.156
48.446,111.489,-5.065,-58.458,69.008,41.384,23.635,-17.66,-16.817,25.509,-31.38,-15.742
49.894,32.787,26.573,17.949,70.583,-2.729,48.995,-34.536,-33.127,5.387,-6.11,3.194
49.364,-4.768,-23.674,-33.149,34.926,-31.67,28.485,30.769,10.342,-38.102,-17.037,-3.093
50.496,85.901,94.017,23.873,45.395,17.169,35.525,34.171,12.664,-8.646,13.938,23.281
48.319,12.961,75.912,17.846,56.28,-33.009,20.137,-2.867,-25.063,3.897,13.145,7.09
49.139,58.473,91.611,56.508,52.043,2.842,22.926,15.775,17.154,-13.978,-32.772,-6.56
49.371,70.172,106.667,43.883,82.205,13.45,26.8,2.422,35.237,14.388,-33.597,-15.959
45.241,52.511,90.556,75.424,87.739,17.422,-8.479,6.235,7.888,-3.418,-42.725,-20.385
31.388,54.297,91.543,63.713,91.166,-18.709,-23.018,-3.695,12.891,-5.281,-38.598,-20.988
37.242,-6.577,140.429,-255.024,39.68,-29.03,39.896,35.957,-9.331,55.411,68.286,-20.625
54.056,113.829,-3.114,1.62,-5.409,-12.459,-58.362,-11.183,11.764,-4.088,-38.551,-21.453
43.223,130.884,-56.098,-16.806,52.302,-20.689,-23.304,-46.051,1.095,-19.0,-2.294,-24.177
40.57,167.783,-31.364,28.164,54.275,-6.368,-54.633,-57.46,-4.658,-22.614,-34.949,-16.435
47.86,-43.108,-34.917,-86.622,31.728,40.745,33.066,8.264,21.258,-23.883,9.573,-20.986
49.163,-52.274,29.286,-31.2,59.107,-21.026,38.912,35.756,27.001,7.491,17.108,-14.835
48.77,6.133,-1.929,-3.373,46.284,-31.014,25.926,21.611,23.083,0.255,-21.3,6.187
47.864,47.992,-9.33,176.303,58.331,-99.076,-52.458,-17.308,-8.145,-33.965,-30.764,14.978
38.261,127.012,-54.726,-33.21,93.495,-11.364,-5.375,-42.794,-15.751,-0.698,-13.035,8.573
46.74,36.214,26.178,-116.593,67.308,89.893,82.733,31.768,7.596,-0.191,-1.582,-7.626
48.311,27.787,-35.339,117.526,-39.165,9.35,-19.034,-16.088,-8.668,-9.58,2.643,-22.962
46.782,29.852,-35.113,29.108,-9.12,106.325,-12.113,13.162,22.368,-39.399,-48.635,-31.424
53.179,111.079,-13.337,62.872,20.599,-13.899,-28.894,31.141,-21.336,15.109,-20.06,-29.569
44.482,128.663,18.452,-14.452,127.07,11.106,-0.213,-79.651,-50.886,9.536,-65.244,7.772
47.719,67.519,67.5,-44.129,63.876,89.903,-42.419,8.271,-10.166,-22.804,-30.127,-0.406
56.318,38.183,16.661,23.055,10.837,-43.333,6.493,-26.362,-1.034,2.851,-6.432,-6.385
53.366,33.183,33.328,22.712,-14.781,-18.862,44.066,5.491,5.961,-9.679,-37.116,8.631
49.893,5.796,34.03,3.327,-4.454,14.064,38.082,49.61,19.696,-8.114,-59.42,2.251
49.886,41.004,-43.618,-34.097,-32.217,12.684,-28.409,-0.375,11.384,0.675,-30.735,-18.112
54.825,67.342,-18.069,-38.521,14.047,-11.8,22.913,5.268,15.809,-4.429,7.585,-6.821
51.519,36.904,5.004,78.642,32.463,-16.915,32.452,0.095,33.381,5.611,-75.474,19.679
49.571,60.535,-31.908,159.056,26.314,-45.367,-54.341,1.945,2.252,-23.748,-11.418,1.915
38.443,19.662,81.273,-20.413,62.901,-29.679,-22.558,-1.973,11.289,15.211,5.621,32.446
41.064,2.037,-2.078,-27.256,23.0,-12.86,-17.678,-3.171,7.999,18.685,-37.911,27.948
41.803,18.671,-44.794,-4.303,10.159,-1.366,-78.615,-80.547,7.206,26.671,18.934,-6.157
47.789,-47.939,-20.172,-72.64,29.13,42.739,7.97,26.545,10.713,-13.841,-30.96,-4.366
50.473,-14.782,24.255,3.299,32.35,57.316,36.815,28.029,4.342,4.286,-6.439,-2.121
48.416,39.576,-34.423,140.784,35.225,44.577,-21.177,3.136,5.428,-10.797,14.423,-11.239
36.931,-1.325,100.579,-13.592,36.633,-12.866,-38.783,-19.807,-25.364,-9.678,13.501,5.455
38.699,43.812,84.046,27.897,59.983,4.837,-26.618,6.975,-7.536,-35.755,-35.733,11.954
47.915,51.265,19.659,-112.95,46.525,101.099,73.987,49.262,-18.483,-1.887,20.98,3.743
48.021,47.618,-28.756,-18.932,49.261,-1.992,25.146,-24.523,-11.141,9.901,-73.955,1.06
46.283,-6.008,-18.86,-11.105,31.152,80.296,2.474,39.189,41.438,-29.739,-63.229,-12.473
48.983,69.415,-47.712,112.037,1.202,-13.38,-16.057,-23.508,15.706,21.794,-51.593,-7.436
47.108,2.179,28.724,-37.033,34.391,45.02,3.852,24.121,-18.906,21.233,-27.582,-15.863
48.982,100.528,57.828,53.266,47.089,88.113,-44.231,16.112,-3.949,-18.675,14.381,-15.549
52.556,94.716,53.683,-80.773,4.748,58.097,31.716,-5.44,-0.214,-0.289,-9.253,5.392
56.998,96.225,49.233,38.562,9.317,-21.308,55.607,15.068,-7.085,-3.521,-27.099,24.185
54.821,87.23,37.252,2.326,-25.809,-44.475,29.168,-9.7,-6.605,9.816,-5.59,-15.392
55.028,100.679,-19.628,-10.426,29.293,-33.901,-10.835,45.542,-24.449,-6.689,-33.881,-21.71
52.016,82.278,4.978,-69.123,-6.569,10.081,4.984,47.711,-19.823,-10.289,9.038,-17.082
54.887,63.844,-22.85,-38.503,17.435,-34.678,19.548,-9.732,-10.302,-12.45,-18.373,-16.028
53.841,90.05,53.163,-32.626,-4.308,-27.212,23.65,15.635,-26.334,-6.654,-5.33,-18.987
53.167,154.66,28.349,51.972,29.285,-9.434,-55.993,21.229,5.417,-10.612,-48.004,-6.728
45.206,8.013,-16.242,41.812,34.52,43.24,-39.343,-0.818,-1.027,-10.529,-69.034,7.745
43.498,-9.067,-126.423,-10.181,-0.813,-19.054,-19.499,0.667,39.57,-61.073,2.287,-19.527
45.638,2.612,1.746,-14.166,18.103,-3.942,-33.346,14.235,-12.592,13.189,-9.212,-5.682
53.055,57.619,35.732,-0.649,-21.862,18.42,12.72,5.322,11.368,7.777,27.184,-40.291
53.067,94.034,2.151,30.862,-13.075,3.604,-25.612,-23.626,21.445,-8.702,-51.878,-20.913
46.579,126.76,-91.382,-72.426,59.339,-49.73,3.941,-36.068,3.131,-2.406,-11.656,-27.28
47.065,9.026,-9.352,39.551,24.684,3.273,-61.334,30.155,16.714,-24.53,-40.933,-10.784
45.249,-2.527,-58.322,-67.998,16.741,9.822,-2.485,-15.938,18.97,-47.841,1.127,-8.644
48.408,36.965,-32.96,-73.426,36.131,30.514,-24.994,54.533,-16.403,-18.023,10.487,1.662
50.323,104.809,-43.968,-78.427,28.712,-29.208,-1.619,-53.537,-23.83,5.734,-2.701,-1.034
52.887,62.406,7.086,4.006,26.513,-13.189,5.826,10.204,-22.81,-0.881,-52.294,23.896
49.435,28.027,-26.879,26.747,-0.314,-16.265,-43.536,-5.69,-25.455,6.175,-14.887,-25.435
49.055,84.387,-16.337,-99.943,67.873,-22.316,46.821,-73.355,-19.699,6.353,-28.902,-28.32
50.481,32.348,22.935,-16.863,7.39,16.991,-7.149,34.394,-8.321,6.534,-22.47,-19.917
52.762,53.776,55.353,-61.701,31.226,-13.187,32.042,-9.679,-32.022,57.911,-6.457,-16.86
55.488,85.99,122.906,33.408,3.627,-34.798,36.159,16.797,-32.838,-12.617,-5.938,-11.832
52.495,99.182,111.729,18.214,48.415,-21.499,-17.846,-14.292,-5.723,1.924,-13.186,-2.682
49.437,58.64,49.42,13.773,52.404,-19.22,-46.534,-12.862,19.097,5.007,-23.42,-10.614
47.037,8.989,-18.583,54.936,41.583,55.666,-23.442,-3.637,8.401,-18.904,-53.885,3.036
46.09,46.63,-66.105,-77.941,37.211,21.484,8.691,0.426,8.065,-12.835,14.044,10.395
54.1,87.735,-57.292,-17.478,21.071,-29.815,3.441,-12.013,-12.774,12.307,-17.312,-0.644
50.937,92.538,11.669,-103.184,16.562,5.266,35.675,-23.013,-13.447,19.777,-16.965,-0.106
55.274,52.689,21.277,42.68,42.421,-58.46,-38.548,-26.719,-13.242,-25.855,-7.13,19.323
49.534,-32.387,-84.595,-53.193,28.977,-74.463,-10.358,-5.236,-15.229,-7.252,-12.507,-7.085
52.028,42.535,1.804,-67.743,-2.723,-18.283,-62.157,41.436,-4.296,-14.973,11.391,-35.831
48.551,44.26,-93.354,49.269,-43.386,-41.431,-66.548,-38.731,33.45,20.342,-25.826,-22.839
43.873,71.754,-72.545,-84.242,5.76,-31.173,-36.602,57.796,7.104,-14.085,4.823,-26.716
46.987,117.822,-91.645,-40.249,30.799,-14.518,-27.672,-46.069,-15.995,63.485,-43.101,-8.018
46.687,-40.955,-27.032,-40.273,14.551,-13.664,-15.069,4.014,-22.183,-7.014,-4.892,22.532
55.19,70.696,-8.573,27.813,12.195,-69.679,-45.611,4.15,-4.578,-14.234,3.399,0.676
53.195,98.322,103.686,7.873,75.084,-8.602,-9.372,33.23,22.609,-30.552,-0.73,31.46
47.706,153.565,14.089,53.693,105.613,-35.307,-57.817,57.841,-48.343,4.992,-36.118,5.438
51.862,80.504,61.281,-92.692,43.43,49.302,-20.657,1.559,-11.725,26.875,15.764,-24.383
56.372,107.765,47.183,-13.78,-9.501,-25.944,-19.67,-10.482,24.414,17.012,-22.52,-27.305
54.001,67.139,19.955,35.168,1.181,-33.432,-25.557,-30.013,16.129,23.953,-20.518,-25.714
53.761,101.562,48.069,-56.918,49.075,-43.621,-23.116,-12.105,5.646,19.676,4.952,-42.467
56.122,139.244,73.4,3.412,26.882,-8.431,-36.275,-1.017,9.95,-16.322,-5.938,-38.219
53.817,127.911,5.331,68.148,27.754,-19.195,-43.866,11.264,-0.54,-3.798,-49.937,-9.465
56.07,36.336,40.704,-26.636,19.881,38.306,38.954,40.606,-0.178,-14.592,28.755,-12.247
56.255,98.387,45.485,-9.616,0.209,-15.731,13.657,-8.169,-13.25,5.775,-17.108,15.638
55.329,97.792,-9.448,60.472,-11.841,9.153,-20.419,-19.213,10.322,-22.97,-50.828,0.944
52.785,69.005,15.952,-105.089,-2.283,45.942,0.595,18.917,19.134,-12.261,-11.307,-5.744
54.399,61.67,7.195,-8.811,34.952,-42.821,-10.506,-15.972,8.305,4.598,-21.38,1.325
54.35,48.358,39.504,2.529,37.144,-33.391,25.869,-10.091,10.396,13.767,-16.406,33.655
53.242,35.219,53.323,-15.443,22.07,-35.969,23.742,10.717,6.713,4.218,-0.789,31.919
57.019,93.32,53.383,-2.212,19.129,-52.921,-52.065,16.744,-8.705,-20.069,7.604,-5.252
56.082,68.754,19.303,-14.314,-17.783,-52.411,32.49,-19.389,-23.131,2.889,-10.593,-9.095
53.42,48.115,41.013,43.581,35.137,-27.786,59.818,-12.395,7.993,-13.813,-36.712,1.479
55.851,76.336,28.022,25.552,5.346,-55.692,-41.326,7.918,-2.708,-11.627,-4.949,-9.219
50.75,32.439,-5.877,-95.305,19.426,14.803,29.222,21.836,8.648,-20.698,22.454,-17.204
47.048,41.785,-2.503,-19.863,-29.722,-22.024,-15.984,-21.441,28.398,1.661,-32.146,-25.573
44.074,2.255,-22.701,-3.409,-7.056,-45.977,24.461,-23.758,-7.634,33.656,-20.918,-8.76
55.013,45.802,22.972,60.717,22.012,-14.207,35.078,-2.504,-11.867,1.355,17.622,17.964
52.181,62.125,66.249,18.35,-17.759,-31.907,64.025,15.018,-16.565,3.188,-20.52,20.691
50.797,87.034,27.936,-84.464,-0.922,-9.227,0.136,-1.728,-1.375,24.977,-7.933,-25.452
48.598,51.206,-37.774,134.364,-2.734,-19.725,-12.229,-19.976,-3.609,-11.691,-85.049,15.266
52.243,28.702,2.44,-96.099,-20.972,68.818,19.294,37.522,17.004,-29.953,42.069,-42.153
55.016,108.133,100.983,20.561,27.688,-0.479,-12.689,7.1,-2.186,-21.368,-26.626,-9.466
55.346,69.341,-11.994,56.381,-16.253,-32.457,-38.259,4.132,4.899,-16.844,-34.099,-6.262
49.127,10.155,-46.417,-71.149,-33.598,-11.757,-11.927,-10.405,10.322,21.031,9.698,-17.959
52.422,19.116,46.87,-26.498,0.898,-17.189,66.542,30.599,-18.91,-18.88,-18.111,1.062
51.569,36.586,25.757,17.472,3.954,-13.275,43.189,43.12,11.929,-10.406,-30.321,0.127
56.709,64.991,36.306,22.114,20.479,-54.258,-5.591,-7.013,-7.927,-8.616,4.502,7.199
53.496,74.73,6.542,42.594,5.54,-10.433,-3.831,17.448,-7.747,-24.519,-44.261,13.779
43.821,-49.372,-108.896,-24.142,-1.354,-26.852,-2.172,-14.457,36.856,-43.866,-11.953,-18.009
40.698,-10.526,-26.111,-35.655,-32.612,-2.053,1.918,8.05,27.496,-18.701,-27.594,-10.717
53.907,73.849,43.338,78.379,22.136,0.345,19.561,20.162,-10.188,-13.005,30.065,3.89
49.466,10.976,-76.208,-11.972,33.222,-2.003,24.375,-15.093,23.46,-29.487,-31.407,-6.93
41.301,-49.732,-28.498,-24.012,-10.327,-29.911,6.312,10.475,36.703,-16.588,-17.757,-8.996
40.594,-37.716,-31.521,-48.042,-9.696,-33.18,7.532,14.24,10.954,7.843,-29.702,-12.978
53.935,56.652,-9.46,65.057,20.06,-16.166,-28.67,-3.327,6.039,-12.41,-24.669,-6.387
48.914,61.989,-0.711,-23.36,50.987,47.326,-23.52,8.254,-1.428,28.248,-42.039,-7.059
50.933,50.889,-19.19,-18.517,19.449,58.874,34.617,35.321,-2.963,-10.566,-8.444,-13.908
47.753,48.239,-44.194,-63.586,50.738,45.605,39.124,-32.66,-5.196,-8.481,-19.928,-7.594
55.209,36.162,0.197,59.205,20.021,-25.714,9.24,-16.575,0.28,-12.356,-67.419,19.13
53.784,42.889,31.324,16.374,30.578,-7.136,58.673,-21.123,-11.367,41.563,-5.134,-12.154
54.237,22.359,68.231,-6.855,27.775,-35.095,42.658,39.098,4.148,2.352,0.789,-16.921
51.932,29.047,60.643,43.816,22.202,-31.045,32.923,6.709,19.637,6.057,-33.901,-14.807
54.332,73.028,42.953,37.781,30.654,25.666,26.154,28.632,-11.582,-10.066,57.586,7.602
51.393,10.77,13.505,-58.277,-3.317,-43.959,24.948,14.014,-1.846,-2.527,3.122,-10.263
49.229,38.264,13.156,89.781,26.328,-60.114,29.275,-26.49,3.356,16.522,-26.376,1.317
45.394,-39.277,-85.061,-2.026,-11.408,-20.727,0.002,-15.378,32.492,-45.086,-3.385,-23.037
42.915,30.971,0.272,-93.624,43.939,-39.591,-7.712,79.908,3.384,-0.403,11.669,-20.211
55.472,52.664,-5.94,35.307,5.491,-63.309,5.999,-5.375,-9.669,-0.695,-17.799,9.517
51.257,65.636,-17.7,-4.318,27.317,-49.115,14.048,59.069,29.965,-2.936,-24.826,29.19
50.43,67.723,-115.777,-72.968,17.84,-61.398,-10.245,17.112,7.484,-16.953,-0.855,-8.613
51.933,68.126,-20.852,-21.414,17.717,-15.641,19.347,4.001,16.379,17.048,-37.205,3.12
46.579,94.375,-56.079,-57.944,38.422,-41.746,21.732,10.32,2.728,-5.543,-8.448,-34.314
50.502,63.454,-4.615,6.959,37.636,-37.598,20.615,70.764,-15.906,48.339,-29.562,0.475
55.635,36.814,-7.949,26.863,36.728,-47.813,-34.432,-25.637,-6.479,-6.513,-7.692,1.528
54.709,45.395,55.566,-41.737,34.398,-38.009,12.122,51.462,13.599,5.717,16.28,20.694
54.599,90.083,20.708,58.652,23.392,-10.459,23.979,-11.286,20.062,4.961,-51.89,27.458
41.027,-38.404,-87.794,-16.886,15.511,0.629,15.353,29.952,28.203,12.365,-25.904,22.332
34.107,-153.166,-106.99,-46.501,-28.089,-61.312,-2.47,19.767,30.919,3.198,7.446,5.81
53.361,62.815,-12.049,-41.749,25.519,80.218,26.405,22.081,-6.945,16.581,26.871,-7.86
53.545,88.793,29.355,-41.558,13.787,-15.455,36.49,-23.869,-6.172,54.612,-25.686,11.834
53.542,91.706,20.192,-29.631,32.239,-34.043,37.164,-7.643,26.385,10.708,-17.865,-10.96
52.965,92.415,52.589,-23.76,3.521,-20.616,29.007,16.487,8.449,17.58,-6.268,-17.837
56.18,92.641,27.573,21.778,1.019,-46.793,-27.103,24.816,0.521,-16.327,-18.389,-3.514
49.143,13.312,-39.24,-54.143,-2.269,9.526,2.174,33.15,15.134,-30.405,-35.098,-11.786
44.083,26.565,-21.89,-29.34,-3.138,27.347,25.446,1.705,36.902,-27.792,-41.7,-26.665
40.66,-37.489,-13.165,-49.15,-16.999,-29.046,15.875,18.902,21.842,13.896,-12.672,-10.296
52.11,46.962,9.853,49.75,62.025,65.606,6.578,37.598,30.739,-14.228,35.846,-4.826
50.167,11.52,-47.353,-47.909,27.642,4.875,30.056,-11.944,23.963,-24.082,-29.608,-11.346
43.286,-15.122,-44.921,5.474,28.051,-12.74,49.037,-21.874,41.799,-40.659,-22.484,-20.212
54.472,53.325,6.99,64.698,39.088,-15.078,10.651,4.883,6.831,7.93,-12.71,-9.396
48.648,96.991,-2.443,-74.374,75.727,20.273,31.455,-19.256,-11.838,12.699,-25.803,-11.781
49.542,36.68,28.091,22.07,69.241,5.65,63.061,-38.586,-36.266,-1.281,-6.002,1.613
49.756,-0.983,-16.037,-47.196,28.904,-29.678,28.404,33.506,7.042,-40.562,-11.704,-3.611
48.71,90.037,79.498,-40.525,76.545,-20.962,40.37,0.696,5.365,26.871,-27.358,14.267
48.648,-6.67,70.479,-5.944,29.076,-18.238,25.905,-10.044,-34.115,6.058,8.092,20.157
49.268,0.114,-9.311,-29.662,16.125,-27.982,27.411,16.629,18.069,-46.689,-20.212,0.509
52.71,52.278,38.89,-36.302,39.369,16.407,52.988,-23.356,-13.356,58.236,-10.006,-0.628
53.213,27.659,46.477,13.904,13.591,-27.461,28.84,-27.497,24.877,15.438,-28.885,-28.526
52.553,25.235,71.974,-31.117,23.575,-6.996,56.792,33.846,-12.718,3.038,20.396,-17.769
53.223,49.351,50.894,52.229,-1.149,-12.511,35.566,-6.782,-11.607,-0.878,-56.39,-1.371
46.933,-31.897,-59.697,-64.342,-24.086,-28.783,-19.347,-4.501,26.452,-25.482,7.813,-29.897
47.411,30.151,-2.583,-72.247,2.844,-16.05,-31.769,10.863,13.276,-0.335,-3.927,-31.594
48.814,-1.574,-17.541,-5.361,11.019,-27.735,2.531,-25.115,2.497,20.838,-25.374,9.596
50.252,-20.697,9.992,7.079,28.476,-59.599,18.657,-5.623,19.876,17.874,-3.355,-4.775
50.636,-47.521,25.242,21.292,39.316,-34.876,20.33,10.967,-1.736,-5.196,-20.357,23.228
53.135,29.326,-15.671,78.62,16.354,-63.739,-16.724,-14.484,-10.919,-1.117,-23.24,5.751
44.314,3.175,-57.868,-7.037,-14.078,-3.122,-37.252,-65.777,20.998,-4.886,-16.108,-13.142
45.913,-48.646,-3.11,-93.302,18.849,20.482,8.028,19.696,11.752,5.179,-31.51,-4.278
46.431,-7.9,-60.892,20.577,13.981,-16.564,-16.781,-25.484,20.501,10.945,-9.989,-10.277
45.227,-68.974,9.388,-87.249,24.454,13.068,11.665,16.387,23.304,-17.988,-51.635,-4.19
46.489,0.786,-127.088,-78.767,17.654,-36.053,5.654,-3.974,28.181,-61.086,35.751,-31.939
49.37,-40.794,-21.072,-26.446,5.21,-16.615,-13.669,2.933,-11.671,-13.266,-9.548,-15.927
51.499,-9.489,11.425,-9.53,44.405,-16.822,6.825,57.987,-3.778,1.909,-17.499,4.531
47.295,-32.035,-36.062,18.87,27.676,-37.009,-20.684,-17.071,37.727,-3.787,-20.282,-5.958
47.154,36.522,-73.03,-54.09,40.133,-17.894,9.145,-47.435,24.169,23.502,-11.768,-6.844
47.718,23.261,-50.443,-41.362,-5.845,-4.544,-43.945,-22.921,30.849,8.057,-2.622,-15.809
48.828,48.577,-19.929,-46.553,-20.277,-30.487,-64.431,-34.572,17.646,15.086,0.237,-13.463
53.969,9.147,-18.564,64.342,6.181,-69.236,-28.747,-27.238,-1.983,3.408,-17.355,-10.281
48.236,5.28,-58.565,-11.722,1.759,-46.855,-29.285,-28.634,-24.834,20.284,-16.013,-28.193
49.18,18.909,-84.261,-17.521,38.44,-4.241,2.046,11.32,11.391,-32.223,2.123,-27.834
48.628,4.834,-48.469,40.385,-0.767,66.257,-6.584,8.606,-0.955,-31.958,-39.387,-20.47
46.97,-42.278,-71.463,-64.668,3.533,-14.252,-0.752,-0.92,31.128,-49.124,6.922,-38.812
47.172,-11.544,-3.921,-61.96,2.406,9.932,-11.797,-4.331,25.847,-3.385,-23.993,-38.146
50.019,51.461,-27.319,-3.241,49.25,-40.759,17.977,-45.026,10.291,20.721,-27.088,-24.573
47.066,-19.36,-12.082,-8.142,36.71,-23.497,5.72,4.884,22.729,4.783,-21.813,-24.19
45.475,24.026,-25.305,-42.848,-2.029,-17.993,-9.022,-4.582,11.519,24.422,-33.196,-9.526
45.955,24.415,-18.214,-74.749,-0.143,-31.266,-18.45,3.065,11.282,26.664,-2.063,-14.826
53.809,38.842,-6.698,64.209,10.615,-77.793,-19.14,-30.714,1.579,-14.166,-5.762,-7.611
48.271,-5.479,-6.162,25.198,11.237,-27.84,16.984,20.725,21.591,5.729,-56.009,11.017
44.117,-15.572,-6.167,-118.065,18.288,8.568,49.225,-11.576,12.893,-4.225,15.574,-3.602
49.739,-35.949,-37.664,-18.346,35.953,-37.433,25.965,-16.599,31.815,-27.336,-15.945,-11.898
48.365,11.261,-3.353,10.663,43.16,-20.462,42.084,-30.067,-16.605,42.341,-54.68,-3.509
53.486,25.333,9.155,71.369,31.727,26.799,39.779,-20.925,-4.289,12.106,5.127,-2.007
50.517,22.243,-22.232,-3.456,-6.341,-19.547,-15.329,15.172,-5.979,5.264,-17.055,-12.45
50.487,35.535,-20.315,-8.152,-26.956,-15.813,-32.112,-26.171,20.187,-2.242,-36.817,-15.081
53.186,66.749,24.664,-1.814,20.549,-2.261,14.33,22.105,16.981,20.45,-15.111,-13.888
53.385,32.734,14.023,11.67,26.295,6.626,-5.712,-34.186,3.363,4.898,-6.444,-3.284
53.186,44.078,-17.952,29.89,-3.49,-26.836,-14.947,-13.574,-3.607,3.366,-30.799,5.547
51.057,12.285,-14.727,-26.488,-21.958,6.386,-8.226,12.699,7.432,-3.443,-26.267,-15.108
52.566,23.172,67.214,-75.48,-1.458,19.233,47.272,11.113,14.202,9.331,-10.277,-15.405
55.463,48.749,19.359,46.364,6.345,-58.525,-2.574,-8.144,-11.652,-11.668,-19.123,11.658
52.219,-15.47,14.765,35.877,9.238,-18.247,35.789,-15.203,23.613,3.497,-33.449,2.354
49.524,-4.957,11.215,-69.989,-15.232,-21.654,38.174,19.705,6.529,-13.552,-24.872,-2.546
50.805,42.407,17.801,-66.199,-3.157,-24.504,13.282,23.314,-11.623,-4.68,-20.087,0.477
50.349,20.287,-42.072,2.598,54.111,-34.883,-3.898,-15.204,-22.185,-0.562,-29.418,13.3
49.194,-0.604,25.867,-114.995,0.277,-2.556,-8.169,44.716,-3.883,-11.733,-12.123,-0.858
50.26,2.063,26.995,-37.244,4.033,-21.468,-33.465,-20.872,13.329,41.119,-25.405,-38.608
52.822,12.143,34.356,-34.589,16.999,-17.817,9.268,-6.437,21.811,0.976,-17.949,-27.658
51.532,4.76,36.243,9.497,3.907,-32.098,-8.212,51.408,-12.218,2.9,-22.679,-28.907
48.764,-3.296,-13.615,-9.601,36.976,-32.747,-9.415,-29.121,-2.138,63.841,-31.33,-2.364
47.712,-47.768,-39.508,-86.943,-2.465,-37.383,-3.79,9.061,33.681,-24.072,-6.92,-6.868
54.5,43.164,33.508,-28.692,25.975,54.171,32.798,-7.237,4.393,6.325,28.24,-13.901
52.867,16.691,31.894,63.185,-2.189,-11.044,36.328,8.558,-6.39,-4.508,-64.744,4.384
47.809,-51.252,8.244,-70.884,32.006,-3.852,24.704,-0.73,25.283,4.642,-4.961,-1.526
46.746,-4.499,-49.803,26.84,15.303,-54.676,-3.741,-25.09,4.489,-12.273,-1.865,-24.332
52.453,62.61,52.434,-97.701,5.791,55.394,18.615,45.215,-0.803,-6.961,7.723,-40.271
56.79,107.933,24.626,21.75,4.038,-1.268,-17.37,-9.665,-5.479,20.538,-35.28,-18.125
52.209,87.063,4.232,-48.83,4.896,-3.392,5.534,0.409,-20.773,9.834,-30.405,-13.33
53.342,43.167,41.96,-7.856,21.063,-9.012,31.037,7.681,11.64,8.697,-12.429,-6.624
50.582,-1.772,28.723,51.344,22.314,-19.509,56.427,20.869,10.684,-12.852,-50.318,26.375
46.505,61.144,-33.335,-68.668,34.665,-38.717,22.951,54.081,15.669,-21.853,10.218,-28.983
50.494,20.634,-2.869,-7.367,44.059,-15.881,2.165,1.901,45.471,13.363,-32.21,-6.079
55.181,75.567,-3.109,-3.848,7.224,7.029,-9.115,23.765,5.696,10.212,40.818,-25.7
53.346,89.989,-16.172,-4.036,-40.616,-22.285,-26.672,-41.693,12.202,17.945,-28.093,-28.695
53.045,99.762,7.634,-61.72,31.469,1.202,45.876,-29.029,-20.792,6.552,-30.525,-9.541
49.125,24.823,-39.313,36.927,0.587,-6.092,-44.679,-33.875,3.574,0.773,-49.479,-19.167
50.111,-3.044,64.063,-94.044,30.836,34.571,52.711,30.889,12.406,1.572,-1.414,-3.4
56.58,55.31,51.406,36.386,20.599,-25.58,24.8,11.181,-9.037,-7.696,6.189,-1.706
49.116,-20.618,-62.149,-21.542,0.077,24.138,17.03,-18.563,13.127,-44.296,-13.074,-24.557
50.393,19.126,76.825,-126.547,14.314,21.464,44.982,60.367,22.65,-13.023,3.509,-16.475
55.783,39.568,52.71,58.249,11.503,-28.114,35.92,-18.432,-0.978,-5.802,-36.368,-0.363
47.833,-12.279,-46.324,-4.784,-3.018,-30.628,-19.134,1.232,12.503,8.021,1.33,-12.47
51.455,38.841,28.89,-56.029,6.75,10.158,-11.372,0.345,3.409,-2.778,27.606,-11.01
55.754,93.067,47.56,-19.6,9.54,-23.569,-19.935,-21.09,16.178,12.0,-23.382,-6.27
49.3,55.427,-28.428,-2.388,16.314,-24.671,-21.494,-28.905,-6.469,13.493,-49.126,-4.745
50.045,54.95,-4.318,-125.957,-2.549,0.205,-49.462,12.221,27.512,-2.215,-9.935,-27.706
53.284,113.635,-18.351,-34.101,-24.818,-12.531,-45.627,-25.692,43.556,8.512,-16.789,-31.799
52.522,96.066,4.84,24.549,0.798,-33.204,-30.955,16.082,5.04,34.194,-33.842,-20.997
53.063,48.193,27.583,-0.615,40.02,-12.977,34.99,-4.898,-34.857,48.965,-32.931,4.935
51.875,40.026,-38.422,1.097,14.554,-29.762,-31.496,14.327,-9.696,7.055,-13.584,-4.744
49.888,-25.168,3.417,-10.893,23.9,-12.422,33.801,16.459,7.695,12.136,-32.398,18.886
47.954,-29.928,15.881,-8.436,-2.767,-32.585,-1.163,-16.739,-24.391,0.483,10.239,-1.454
51.705,58.397,36.455,-23.39,-17.356,-17.632,-12.301,13.05,-4.783,-8.998,-5.726,1.555
49.436,62.085,-43.225,4.766,-11.891,-16.857,-26.504,-16.207,7.055,-2.926,-17.157,-1.931
48.723,0.488,33.416,-146.314,49.515,-10.925,7.25,13.251,11.206,2.14,11.299,-5.468
51.535,34.311,2.405,-82.336,2.57,-15.569,-36.243,35.306,6.665,4.525,-0.59,-24.774
54.248,102.741,5.333,-49.341,-19.293,-11.479,-76.567,-10.763,26.438,12.64,-11.518,-36.225
54.944,29.22,20.84,-1.908,10.689,-30.698,-20.626,-14.477,11.892,13.158,-5.353,-19.69
54.932,9.561,6.743,-21.852,8.304,-35.299,-3.214,13.008,23.009,-2.329,-22.898,-33.108
51.444,34.598,-9.432,-0.279,25.18,-44.119,-42.644,20.661,32.075,-7.933,-13.355,-30.111
47.277,30.496,31.668,-29.243,97.62,-34.586,-20.796,23.683,-21.516,2.007,-9.237,-8.525
41.992,99.957,13.534,-26.337,25.954,41.895,-16.224,-90.347,-34.707,-2.875,-53.327,-6.944
45.375,13.167,-31.083,-67.945,-14.538,7.828,-43.004,10.576,10.63,-1.145,-4.492,-12.515
45.335,117.227,-66.247,-77.57,45.998,-17.616,-89.36,62.644,15.784,5.431,20.171,-0.16
46.071,38.547,-39.264,-7.429,72.289,-30.266,-68.103,-10.598,10.235,24.891,-27.512,-3.307
42.624,-10.603,-57.709,13.255,75.609,-9.875,-42.993,-14.743,22.085,-17.866,-32.638,23.869
41.136,75.525,69.694,-43.996,70.636,15.495,42.749,-9.58,-8.164,-42.625,22.375,32.253
47.813,5.663,-30.974,-91.544,35.509,-46.583,-14.239,70.3,-10.164,18.846,23.417,3.434
48.307,65.238,-55.245,-24.94,11.62,-25.047,-71.875,-12.311,-13.856,-3.839,-23.647,-1.0
45.744,37.131,-59.612,-2.756,22.494,10.07,-47.038,-45.117,5.548,9.161,-10.807,-0.084
48.169,10.256,-12.653,-20.739,58.874,7.81,-21.72,5.764,-6.137,-8.924,4.012,-22.904
46.298,-6.484,-16.7,-2.162,77.188,-42.331,-20.545,10.11,-9.873,-7.36,-17.655,10.745
43.669,28.877,2.617,-79.911,94.857,-36.618,10.797,17.144,23.649,1.98,-1.965,-5.902
45.946,26.897,-19.696,-31.953,60.018,-19.834,24.611,13.16,-12.125,9.042,-24.054,-9.617
43.57,38.757,-7.257,-38.24,67.899,-39.912,10.234,15.948,4.874,7.507,-14.789,-4.879
48.929,19.31,-81.639,102.463,-2.102,-44.29,-27.686,4.681,-6.751,-11.752,-11.521,2.306
49.529,21.303,-70.661,49.805,-20.656,0.513,-2.515,-4.047,8.078,-10.65,-11.458,-2.191
46.51,83.024,19.651,-57.047,68.869,25.637,-35.946,18.189,-32.961,14.604,-12.822,10.978
48.173,12.383,46.323,-36.002,61.451,9.169,-24.682,-14.918,3.324,9.731,-3.295,6.824
49.372,11.591,43.359,-7.938,40.717,-19.82,-4.648,-17.048,32.504,9.966,-22.387,19.564
47.805,-12.806,21.401,29.22,13.572,-19.309,3.658,15.623,31.768,-6.64,-34.988,-16.46
43.945,-11.585,39.782,-70.797,44.097,2.981,-24.025,-4.032,6.163,17.356,-24.993,3.571
44.399,-5.296,-45.746,1.839,63.359,-16.362,-53.475,-37.684,-23.324,15.294,-20.448,-1.834
44.486,12.992,-34.82,-55.606,43.095,-4.761,-54.229,14.878,5.456,-21.805,3.749,-5.469
46.74,101.117,-44.778,-59.05,-5.673,-0.842,-72.514,-14.9,-5.234,1.298,1.093,-38.769
48.875,58.752,18.642,-56.553,23.96,-25.729,-51.662,-16.843,-7.053,7.664,-12.907,-41.607
48.548,3.522,-49.863,14.625,-17.413,-46.247,-34.603,-32.628,0.321,23.078,-5.976,-24.996
45.865,-33.025,9.098,-13.836,50.613,-27.481,-20.855,-23.895,-22.692,17.602,-24.582,-7.816
46.175,-22.44,16.977,-16.797,78.669,-49.229,12.101,35.1,8.409,1.306,0.64,3.914
46.46,-3.819,-4.228,-16.426,65.129,-45.252,-4.489,-9.968,-9.71,6.589,-2.208,-0.255
45.119,9.217,-5.049,-7.678,36.002,-50.497,-20.707,30.873,-28.933,-7.975,-9.474,-16.737
44.225,8.873,-16.228,-26.671,40.597,-28.289,-31.857,10.375,-5.721,9.001,-17.442,-25.288
45.344,46.677,-14.44,-86.967,30.71,1.157,-34.842,3.463,-15.645,-11.742,6.803,-36.541
47.796,58.451,-5.975,-36.074,21.031,-29.107,-43.31,-1.431,-27.313,-3.234,-13.448,-40.202
50.02,83.602,28.323,-105.142,14.294,-18.177,-28.953,-9.24,-26.764,8.255,10.513,-28.125
55.135,62.062,12.476,41.79,23.418,-42.697,-49.404,-7.11,-11.119,-23.829,-20.787,-1.855
50.116,30.91,31.943,-94.222,21.555,-4.136,-30.566,12.167,-8.658,-13.042,-7.873,-8.287
53.18,36.791,-4.62,84.483,34.6,-64.117,-40.537,-11.95,-16.987,-9.663,-48.976,8.422
48.849,78.329,18.35,-38.113,25.238,50.137,15.032,30.088,-9.017,-10.298,-22.276,0.498
54.248,70.486,49.918,21.523,68.877,-15.787,-34.238,17.006,25.731,-10.439,-3.837,16.14
54.042,54.671,-1.982,68.329,47.869,-52.582,-33.292,-6.362,1.345,-4.494,-15.06,7.777
51.721,60.484,-17.759,-50.017,-9.329,-4.918,-4.619,24.511,18.997,-27.013,0.374,-27.298
50.858,72.972,-61.581,-1.092,4.167,-22.796,-24.824,-7.686,-18.737,-0.326,-50.492,-17.88
52.929,94.423,6.459,-41.305,-15.411,24.48,-15.415,-7.792,7.364,0.541,-0.74,-48.501
52.696,55.567,-3.667,20.687,37.661,-3.799,-7.978,1.707,11.073,-5.456,-49.713,-5.995
53.267,149.101,55.334,19.344,32.332,19.991,-82.059,4.068,-31.383,-7.411,-0.587,-12.64
56.001,122.991,16.067,25.339,19.766,-48.717,-56.073,36.91,-0.505,-25.424,-15.525,-1.323
52.966,127.617,4.202,-0.872,42.615,-42.504,-35.983,26.784,0.79,27.419,-8.677,19.596
53.835,81.953,-15.047,-14.928,52.311,-17.817,1.102,-40.316,-0.139,26.615,-21.745,4.2
53.002,15.624,-34.544,95.028,34.89,-59.888,-27.591,-28.661,9.027,-7.784,-36.051,10.033
47.484,-68.367,-7.496,-40.851,75.995,-37.861,16.467,-20.921,22.992,18.87,2.828,-2.34
50.628,-27.22,14.729,-51.671,54.967,-40.032,-14.166,8.778,45.485,6.82,-5.981,2.805
49.857,-0.191,-10.342,3.388,54.96,-58.635,-12.232,-24.525,40.945,19.297,-32.437,14.42
48.192,12.355,-76.443,-3.61,77.334,-69.691,-21.545,-54.762,11.575,15.141,-12.365,-0.805
50.382,41.618,-39.437,24.844,29.092,-8.936,-41.837,-19.134,-4.923,28.459,-26.869,-29.417
50.083,-1.169,-75.882,134.998,6.595,-68.828,-38.823,-34.906,-1.4,-11.364,-44.451,-2.161
44.697,94.628,-98.36,-46.843,22.349,-64.543,-17.805,-34.413,-5.942,40.27,-13.578,-17.169
44.152,-9.901,-59.955,-2.507,-17.093,-18.485,2.493,31.345,3.539,14.789,-41.004,21.067
53.918,82.026,-33.054,-25.697,2.481,-0.751,13.869,29.217,8.221,-2.091,15.432,-10.557
50.694,90.54,-31.639,47.188,-12.623,-11.038,-1.181,-23.549,15.904,-1.325,-51.902,-12.204
51.939,74.273,84.046,-22.992,34.021,24.935,26.598,3.251,28.717,0.975,23.774,-23.52
51.162,63.024,-15.202,136.142,30.229,-48.312,-36.973,17.765,-0.358,-19.905,-22.405,10.022
43.053,25.851,42.79,-97.287,0.336,9.385,-3.145,8.326,-16.248,21.813,-24.227,7.438
44.153,31.774,-36.257,-89.436,-13.909,14.337,12.401,-30.191,10.574,-17.281,-32.293,2.27
42.79,81.35,-105.686,-42.001,27.916,-65.593,-14.274,-39.278,7.354,28.408,-10.047,-15.115
47.956,46.218,19.165,-149.317,16.032,15.281,2.121,10.917,31.147,4.75,-29.372,-8.702
52.38,51.124,-29.648,73.73,29.259,13.186,-37.737,25.794,6.944,-17.479,24.346,1.735
50.795,140.42,-14.177,-20.977,13.897,40.612,-88.48,-5.859,35.786,-27.111,-10.229,-13.546
53.465,158.994,-19.551,-103.716,-8.2,45.945,-53.234,5.057,38.702,-13.904,22.843,-34.439
56.183,93.716,21.484,7.891,19.57,-42.059,-5.855,-12.687,40.674,14.436,-19.869,-11.837
55.115,60.968,-23.196,-20.712,24.491,-53.531,24.307,15.393,12.433,16.223,-11.169,5.788
55.116,64.491,5.482,18.976,37.512,-19.301,26.555,5.029,32.005,10.384,-29.947,14.343
53.192,44.095,36.289,-56.169,51.534,-12.156,33.615,30.654,52.881,11.052,-14.351,5.218
55.437,46.114,64.262,-13.286,33.586,-30.137,43.357,4.802,40.576,15.94,-5.847,4.84
55.365,58.601,40.44,6.398,31.435,-37.733,37.767,28.888,-3.316,9.694,-13.099,32.924
53.786,63.949,62.169,-57.638,13.828,-9.051,30.268,9.946,17.192,16.948,-18.388,-1.398
56.31,87.491,76.798,-14.776,39.336,-9.781,21.607,-0.568,38.746,18.934,12.124,-30.291
57.184,77.206,30.309,18.68,4.114,-52.31,23.626,-5.328,41.848,14.068,-20.546,-22.019
54.415,86.98,15.923,-25.112,-3.031,3.531,-3.484,5.725,31.048,-19.925,-12.067,-9.748
54.593,87.179,22.787,-5.91,10.829,-37.858,6.973,-3.062,7.401,10.089,-16.457,-4.864
53.912,76.098,21.618,-26.957,25.777,-10.156,-6.506,-11.425,26.513,22.354,-46.243,12.445
51.409,56.207,12.777,-8.659,37.12,-22.518,-3.179,-13.656,59.044,1.274,-22.83,-10.02
50.071,32.208,28.858,-8.572,29.573,-36.818,19.155,-5.898,57.698,21.368,-12.57,-11.019
52.857,39.646,-37.749,-56.478,-11.004,-23.592,-3.634,20.764,57.856,6.221,3.055,6.499
53.977,91.127,12.85,-9.881,2.415,-37.642,11.375,8.17,44.38,18.674,-13.095,14.105
52.413,101.282,33.293,-72.476,0.129,-4.939,-15.524,9.866,44.378,-9.216,-4.715,-40.549
55.984,137.048,51.08,-6.082,1.928,-37.54,-1.576,-6.916,35.156,27.079,-20.034,-42.198
57.896,73.221,46.351,7.834,20.645,-46.914,-24.626,-0.516,25.679,3.426,-5.735,-12.273
52.217,75.613,-10.694,52.675,-11.364,-16.224,-3.646,-15.524,18.118,13.331,-59.76,-8.056
42.028,-54.007,-3.954,-30.282,-12.391,-29.62,-3.432,8.37,17.554,14.482,-9.646,-20.879
50.449,26.386,72.961,-5.842,19.12,55.351,78.268,12.086,-0.853,-4.828,10.337,6.358
51.297,64.454,87.464,19.932,5.086,-16.989,63.532,15.389,-7.619,-12.401,-26.494,16.098
50.263,78.741,63.821,-73.805,12.806,36.807,-26.001,21.405,21.13,-24.589,2.471,-28.366
49.044,56.951,1.062,108.399,12.32,-0.417,-32.903,-28.272,-11.055,-11.142,-78.729,18.296
43.631,7.836,64.576,-170.622,20.395,-3.273,47.85,-8.969,7.161,13.665,34.666,6.01
52.831,26.381,78.509,-3.065,38.33,-28.133,90.069,4.01,9.96,7.269,-33.227,34.227
52.667,24.134,1.49,28.95,-8.162,-10.627,55.879,17.227,4.635,0.415,-24.094,17.94
53.483,63.337,40.321,-4.93,-7.093,4.162,22.411,0.649,-27.125,0.982,-12.934,-17.733
54.138,41.178,28.215,13.327,7.751,14.621,11.193,-14.106,-9.011,-44.044,-25.721,-9.776
54.401,59.245,0.668,-68.582,-9.68,-18.554,14.303,20.161,4.31,-19.655,4.194,-15.685
52.996,90.308,18.668,-61.134,14.082,-34.089,-2.783,-12.859,16.536,-17.459,-0.089,-16.497
56.805,93.286,74.404,1.865,8.083,-7.709,41.109,12.898,5.07,-26.548,-11.284,11.927
57.125,91.054,46.855,-5.15,17.97,-6.046,-0.87,-1.323,-14.52,1.455,-20.586,13.773
55.836,95.287,40.018,-20.768,7.099,-14.082,-8.834,22.652,6.263,-6.578,-26.151,12.726
54.625,107.891,26.369,-11.673,-12.87,-3.271,-13.562,-1.723,19.809,13.769,-38.964,-6.543
53.827,99.699,-8.479,-32.206,13.766,10.624,-14.575,-47.214,23.678,18.412,-30.133,-14.44
52.967,105.919,49.809,-4.25,50.675,-13.005,-29.306,-7.025,48.69,13.853,12.512,-48.746
56.554,96.812,74.269,13.708,38.092,-1.722,-3.171,18.285,5.765,31.422,19.812,-14.823
51.566,56.408,-11.249,13.922,20.651,-7.084,-19.026,-7.547,20.828,31.291,-48.031,-10.144
51.165,15.164,45.377,-36.778,17.115,19.896,51.823,12.227,-9.986,-8.479,5.021,24.953
53.509,42.178,50.623,-25.68,32.393,-14.757,38.939,14.165,15.126,-4.481,-19.991,18.772
56.977,75.964,28.805,5.468,16.176,-39.945,-23.199,3.957,-8.471,-15.645,-21.034,-11.927
54.53,51.464,47.258,-33.423,32.178,-16.967,3.628,16.11,7.496,-0.992,-7.174,-4.558
54.421,64.284,27.796,19.748,25.354,59.701,20.392,-0.367,-23.41,37.469,-29.228,-10.939
50.377,39.117,-37.518,-89.03,48.373,-17.81,9.148,-19.73,-26.402,5.225,4.721,-17.349
57.655,46.388,40.674,-1.745,24.742,-49.684,4.386,-12.979,-4.764,12.072,4.809,-16.232
54.412,15.864,-8.718,95.643,-6.618,-13.611,14.613,-6.478,9.297,-5.286,-69.284,6.406
53.108,93.57,-33.971,-74.127,48.119,16.99,36.975,-57.779,-11.284,-10.144,-21.589,-15.562
53.743,54.732,29.526,-42.247,18.655,32.152,18.837,3.853,13.005,-6.455,0.79,-27.458
54.331,7.989,60.184,-30.547,38.351,-21.08,6.668,24.624,-23.725,-9.034,8.032,-22.221
56.922,45.316,37.362,30.43,27.122,-45.29,-2.647,-10.734,-16.69,-11.042,-15.167,2.632
53.196,47.093,13.449,-49.674,17.147,-25.623,31.833,6.369,7.36,14.871,-24.909,-31.539
52.282,61.778,26.75,3.849,27.729,-41.834,5.683,-11.706,10.953,12.364,-14.849,-58.693
53.138,89.165,27.412,0.874,21.13,-34.972,6.374,-2.766,-9.773,4.961,-12.584,-53.617
53.383,84.028,16.775,-11.587,59.889,-29.786,22.005,15.592,-10.794,9.331,-40.941,-15.79
50.182,61.864,-111.948,-71.078,12.733,-65.436,-15.873,22.172,9.954,-6.201,2.413,-8.705
52.638,83.665,-12.456,-58.811,20.95,-30.521,29.391,5.728,6.324,25.168,-20.174,-2.428
49.535,30.357,-13.68,-4.773,16.41,-17.383,3.669,44.043,22.351,7.572,-23.455,19.639
49.543,5.252,43.258,-81.372,9.536,-20.561,25.216,38.82,14.77,25.696,24.714,-1.906
54.325,53.06,-10.809,70.543,23.842,-44.968,-9.011,0.558,18.204,-7.441,-50.662,15.854
43.135,-10.08,-35.475,-1.061,-10.345,-19.702,-6.443,6.36,27.37,-12.052,-28.11,0.778
47.76,26.51,-45.346,-72.412,70.121,32.342,36.553,-39.537,10.674,-6.699,0.633,29.113
50.917,11.797,-14.481,-32.67,49.352,-36.296,-14.719,57.786,-18.448,-7.758,8.316,40.336
51.963,17.937,-19.915,-71.451,18.082,-49.627,30.722,-42.791,6.699,3.523,-18.058,-0.805
53.875,56.856,86.724,11.879,22.458,-33.502,18.955,-1.101,-4.494,5.271,-5.458,10.832
54.586,20.913,-42.498,51.513,30.732,-64.741,-31.785,-2.66,-14.725,9.784,-26.954,7.64
50.075,67.733,-47.699,-81.717,55.11,-14.891,8.607,-28.005,-5.193,8.25,-38.159,-0.253
54.281,62.503,5.438,-4.683,22.062,60.754,-11.064,23.55,14.048,-7.553,33.16,-16.258
51.337,17.529,-55.949,-88.272,-9.862,-5.619,-6.472,-7.743,19.797,-34.226,17.657,-41.952
52.843,77.898,-25.066,30.035,-7.765,-23.941,-27.417,-8.787,14.032,-2.509,-40.661,-17.86
42.998,-34.68,-50.583,-79.735,-18.919,8.511,-4.317,14.84,20.24,14.848,-31.365,-7.945
39.906,-29.844,-13.159,-49.299,-9.327,-31.715,12.306,20.915,24.243,15.231,-10.804,-1.925
49.482,24.16,21.254,-52.123,44.51,95.428,34.158,48.541,35.585,-8.771,-29.411,1.696
50.3,19.34,-50.332,-60.509,41.79,0.357,38.842,-9.312,28.608,-26.324,-5.19,-15.931
48.484,36.581,38.07,-107.355,28.455,28.1,57.484,20.446,43.027,-21.751,-12.849,-27.027
56.31,62.918,32.929,20.682,25.737,-20.407,7.212,1.534,16.399,9.521,16.258,-14.492
54.047,65.775,64.505,12.602,19.451,-41.967,55.255,40.805,12.012,13.168,-21.347,-21.023
52.572,99.863,16.218,0.522,16.397,-23.198,36.072,-8.724,-22.202,5.276,-33.143,-15.566
50.771,26.695,10.88,27.982,42.104,-23.235,69.291,-30.387,-25.004,11.79,1.785,-9.991
52.27,25.559,-20.192,-15.564,40.176,-5.274,38.117,2.333,-2.731,-9.944,-19.218,-2.717
50.952,19.558,46.425,29.374,14.728,-27.511,54.433,47.42,17.225,8.155,-11.896,20.695
50.606,22.741,82.837,-57.018,37.004,-5.624,25.055,1.583,-6.513,4.912,-7.823,13.946
49.399,-43.117,-47.003,71.9,-13.643,-62.133,21.066,-0.773,13.071,25.574,-10.149,8.448
51.176,51.872,-6.204,-42.511,25.912,4.285,49.277,-35.733,-7.838,35.307,-43.891,1.21
52.145,61.366,60.317,-27.984,30.978,13.195,36.41,-5.718,14.654,9.506,-10.284,-31.069
51.839,-22.617,59.137,3.187,4.086,-51.187,49.956,21.896,6.335,19.203,-0.974,-14.893
53.632,30.367,-11.824,69.101,20.058,-79.028,-7.106,-26.345,5.425,-0.045,-4.639,3.801
49.821,-19.41,-34.025,-45.96,2.957,-47.903,8.535,2.858,15.891,-4.073,-0.234,-11.987
50.869,30.614,11.589,-35.448,32.044,-47.316,-17.113,12.884,27.012,4.598,-2.318,-14.156
51.866,50.234,15.515,-29.941,28.499,-18.118,-6.163,-7.547,11.427,-0.353,-23.123,-28.28
47.828,40.905,-25.406,-26.808,41.488,-18.845,-4.808,-44.975,-3.143,38.159,-30.661,-22.407
51.071,16.035,-56.26,78.633,39.84,19.505,1.522,1.005,-0.359,-3.986,-0.195,-13.127
48.682,8.824,-38.164,-119.487,46.973,-6.921,33.786,42.61,9.962,-5.868,-8.23,-10.513
52.396,42.83,35.483,3.885,12.509,-17.551,61.636,-16.967,-14.321,15.554,-23.851,-14.514
49.479,-10.749,22.238,-0.331,17.25,22.438,44.183,10.365,-0.206,24.039,-22.38,-9.487
52.289,42.922,-45.934,90.796,13.199,-72.82,-25.035,-5.376,-5.288,-19.687,-22.203,2.799
46.835,-3.171,21.523,-127.613,18.474,-16.98,23.222,46.527,-0.751,-7.249,7.076,-21.985
53.906,43.801,25.453,-12.581,41.568,-39.373,12.388,14.336,3.968,12.905,-6.027,-2.954
48.55,11.161,-70.334,-55.912,31.542,-27.883,15.355,-38.711,29.558,-24.748,3.379,-14.404
48.677,-35.758,-33.056,-28.785,4.292,-36.366,22.536,2.868,40.814,4.579,-15.699,-6.74
52.962,18.509,-50.695,67.208,27.246,-69.693,-11.513,-21.538,0.657,-8.032,-26.817,0.37
50.745,49.229,-0.39,21.932,46.984,18.13,60.618,-1.53,-27.631,39.691,-41.386,6.024
52.242,47.367,79.589,-5.989,46.888,-31.946,57.343,27.804,-8.048,36.492,-7.227,0.033
51.031,54.712,30.769,-9.519,17.82,-5.979,50.613,-28.971,-25.42,28.274,-40.46,-11.012
51.584,40.179,-33.228,117.606,12.351,-70.246,-14.963,-19.544,-2.356,-24.07,-31.113,8.499
46.795,6.655,-39.574,-121.39,41.574,0.604,28.34,-15.462,6.012,20.153,-3.161,1.497
50.072,-36.522,41.351,-27.391,21.625,-17.679,18.069,9.004,1.975,2.146,9.666,-23.001
51.984,51.075,21.853,-17.383,23.679,-21.209,16.942,2.369,8.136,-19.212,-25.913,-34.138
50.569,0.043,2.811,-8.115,19.453,-42.826,29.933,29.986,15.204,14.1,-9.779,-22.517
52.27,59.251,64.992,-15.043,28.074,-23.935,40.043,16.454,10.082,6.475,-5.145,-11.808
53.308,45.162,7.591,79.146,33.391,-63.597,-17.99,-10.714,-8.262,-6.914,-26.351,-2.154
50.989,25.846,2.167,-73.732,51.002,-22.92,27.849,23.509,8.549,16.53,7.524,6.08
51.912,37.488,25.686,-39.895,40.021,-18.997,38.43,-22.331,2.445,3.733,-26.787,-20.823
49.596,-9.061,40.386,-29.583,22.374,12.77,50.689,8.007,-2.354,17.39,-4.0,-22.294
55.842,60.148,26.326,27.151,13.096,-47.918,-1.17,-18.106,5.368,-5.858,-2.529,-14.523
50.382,48.77,-3.995,61.874,41.529,-34.701,55.891,29.392,1.294,15.734,-56.805,-8.122
47.27,87.878,-42.78,-52.802,42.519,-6.604,19.201,-15.535,-23.995,20.363,-51.018,-14.45
48.766,108.196,23.642,-44.273,39.156,10.214,67.347,-47.003,-13.37,30.299,-50.32,-2.585
46.413,26.219,-92.557,-58.089,39.93,-26.591,7.992,9.948,-25.288,44.957,-21.967,7.863
50.323,2.969,0.407,15.6,-4.919,-5.536,57.554,26.454,26.085,-5.792,-45.366,27.032
53.438,21.558,-15.546,62.678,28.359,24.176,18.211,-18.981,5.562,5.085,-2.59,-7.309
48.191,79.27,20.476,-17.546,58.444,17.378,44.219,-39.615,10.35,22.022,-37.103,-4.047
47.883,38.691,70.918,-72.636,72.076,22.83,1.688,20.206,-2.786,25.698,-22.932,-4.807
50.138,44.583,-34.878,16.899,23.826,-33.062,12.357,2.41,16.655,1.004,-41.268,-26.715
50.487,33.149,-44.7,138.821,7.253,-75.107,-17.907,-17.652,3.566,-18.882,-26.519,3.7
45.312,-37.887,-42.357,-98.347,-0.768,14.117,14.678,35.997,23.666,-3.426,8.595,-14.343
47.182,24.625,-29.11,-52.178,0.464,-36.932,-36.807,-2.311,5.9,-5.677,-0.979,-13.144
49.061,39.18,-32.985,18.945,24.07,-17.26,-12.165,-51.442,-14.662,35.478,-37.596,1.139
45.764,26.018,-37.236,26.108,19.948,-25.903,-0.729,-37.81,-1.98,42.215,-28.717,-21.857
43.021,19.814,-31.922,-7.99,26.505,-5.449,11.82,-22.881,12.814,-38.762,-59.943,-24.331
51.722,47.536,-83.0,-57.617,7.598,-11.099,5.519,27.643,4.942,-28.396,21.581,-24.428
52.377,78.129,-24.721,1.791,14.313,-27.213,20.38,27.33,4.8,12.688,-25.219,-10.22
47.223,52.683,-42.18,19.031,3.82,-31.471,24.782,-23.166,12.003,-11.671,-17.918,-3.32
56.475,69.615,24.736,18.349,22.632,-56.36,2.942,1.747,0.372,-6.058,-8.708,-12.161
52.466,154.652,-23.673,-55.233,26.616,-31.194,4.309,-4.878,-16.751,-7.042,-14.815,-26.907
54.381,113.125,8.146,52.193,45.298,-21.802,51.021,-7.085,-22.617,49.322,-51.778,-10.075
51.653,27.839,43.196,15.321,16.987,-11.9,54.671,32.216,13.75,0.774,-29.894,10.562
55.58,31.229,5.552,36.254,15.979,-35.725,17.317,-20.076,-4.746,2.98,-28.408,2.691
50.399,40.531,-0.749,-70.066,12.58,-1.17,49.479,54.738,-6.451,-4.922,28.669,-11.882
53.202,38.812,39.623,24.157,18.969,-42.715,49.606,5.987,18.451,4.706,-26.314,-20.494
51.063,12.576,-0.887,6.721,32.045,-19.444,18.465,40.624,19.627,0.564,-23.843,-26.498
49.41,21.004,-62.072,128.977,10.238,23.01,0.311,-2.409,5.681,-5.209,16.789,-2.856
47.624,-15.002,-80.16,-29.859,-3.444,-1.508,16.574,-8.156,38.419,-45.426,17.939,-18.478
50.051,-26.524,67.664,-21.56,2.583,-0.667,45.278,5.242,8.451,20.34,-7.507,-45.277
51.685,6.992,10.613,32.18,50.977,-56.699,28.273,-40.198,1.217,10.023,-16.62,-23.252
46.59,-31.729,-99.365,-19.588,-17.397,-12.396,-28.852,-41.195,31.054,-39.377,-4.892,-19.667
46.902,-46.625,9.559,-33.252,25.205,-16.48,9.72,1.003,8.93,-1.732,1.368,-18.095
51.836,28.641,-20.363,116.464,29.737,-48.814,-38.741,-27.919,-3.205,-23.167,-43.44,4.475
43.262,-56.238,85.955,-44.866,59.937,4.644,-10.953,9.486,0.053,-11.827,7.924,-9.646
50.245,53.231,-109.293,-64.552,14.257,-57.514,-10.651,15.959,21.026,-34.201,16.119,-19.862
50.153,64.335,-45.983,-51.152,43.411,-41.151,11.46,-3.733,0.249,13.413,-17.706,-30.787
52.068,47.781,8.368,-16.415,37.769,-29.954,13.025,-5.096,-0.991,-2.356,-24.156,-25.207
50.896,52.07,24.557,-34.284,11.951,-14.526,33.157,10.099,5.194,-16.646,-5.77,-10.359
51.145,22.255,26.79,11.35,2.519,-27.812,29.109,-1.999,-34.618,-5.484,-28.614,-14.696
47.161,64.942,-49.842,-28.262,20.62,-21.864,-4.581,-1.416,17.908,-1.082,-18.107,-1.385
52.505,52.893,-44.506,93.732,8.8,-48.692,-35.497,1.33,-2.518,-20.149,-25.127,-0.522
43.299,36.811,-47.105,-10.895,-6.217,-30.932,14.926,-8.741,12.907,-11.696,-23.872,4.864
42.008,29.036,-80.87,-34.117,9.771,-10.235,-8.827,-3.686,19.091,-21.358,-21.648,0.315
44.701,76.341,-67.956,-23.036,50.674,-66.792,25.72,-52.44,11.273,37.068,-11.094,0.814
48.916,59.109,41.49,-95.347,14.338,-25.563,47.778,27.63,-1.179,7.314,-1.912,16.744
48.388,88.003,-9.83,-46.068,-3.174,-24.532,16.853,17.134,32.921,-20.136,2.737,23.531
51.954,48.948,4.488,82.81,42.602,8.822,-10.727,-7.366,-4.139,11.85,2.383,7.764
46.273,39.455,90.471,3.377,27.559,-29.238,46.918,30.269,-15.739,-4.232,3.058,52.501
47.851,91.194,88.378,18.723,47.632,-30.081,43.435,-0.682,0.463,-17.004,11.437,49.835
46.346,83.044,20.19,-3.991,45.645,-48.037,21.575,-1.35,45.575,38.87,-16.359,24.337
46.962,52.762,42.136,22.217,46.067,3.268,38.126,8.964,54.961,6.524,-66.755,12.05
38.812,-22.105,11.577,-33.601,21.102,-28.29,0.84,30.328,12.094,-5.361,-8.677,13.305
42.535,110.476,103.887,-43.852,58.915,13.379,-65.65,64.412,31.354,-36.459,15.816,-36.293
45.377,184.956,125.264,5.366,37.104,7.743,-81.061,-37.773,-13.567,-7.367,-6.423,-18.156
42.968,85.54,99.908,116.679,53.576,-24.303,41.781,1.356,-16.293,20.824,-72.752,19.027
28.035,-24.812,15.619,21.445,28.358,-6.609,-9.945,-25.996,-24.324,-26.397,-24.543,31.227
30.99,23.479,110.733,-146.478,30.662,4.169,-23.13,44.937,-12.918,12.416,48.372,16.995
38.957,98.967,60.526,49.691,45.695,28.952,-103.42,-49.982,-4.989,-4.251,-59.037,-3.854
30.824,-38.822,34.91,-38.117,-18.407,1.526,14.848,-5.663,-33.438,6.728,2.48,15.35
47.875,94.84,115.499,22.519,40.396,75.947,45.376,27.559,-10.262,-14.177,37.213,14.472
37.538,-0.404,40.66,81.958,49.528,-17.66,-33.04,14.315,2.095,-1.943,-31.798,15.859
40.652,88.88,70.346,-18.058,22.923,36.796,-59.133,8.865,6.958,-10.926,34.229,-26.971
39.729,120.383,31.373,48.629,12.437,2.372,-85.464,-30.714,-5.049,-14.554,-41.375,-15.549
34.729,7.337,29.069,17.506,59.049,13.18,-11.98,-19.914,-18.218,-11.165,27.09,42.104
36.842,25.464,22.524,21.682,9.944,1.54,-19.189,-5.932,-1.179,-20.976,-8.214,-3.926
46.422,72.727,126.195,15.023,22.208,44.347,86.998,9.468,-26.971,-20.949,28.625,21.318
46.3,95.346,97.134,87.376,20.328,-5.052,42.636,-16.105,-7.484,-6.746,-39.1,28.3
37.404,43.571,77.564,-116.104,-5.542,-4.12,-23.705,27.757,-12.184,-23.748,13.658,3.786
43.242,104.045,52.498,38.312,6.225,-20.903,-58.495,-41.639,-16.23,-3.077,-6.652,-5.441
36.81,37.346,-2.462,105.716,20.753,-5.121,-42.869,-35.298,-5.711,-36.686,-43.474,11.482
31.848,-21.772,-43.174,60.619,8.492,-6.48,-46.924,-7.104,-0.856,14.412,31.1,-19.101
40.263,37.305,13.967,32.963,50.642,49.932,-75.031,-38.18,-9.727,-10.503,2.902,-3.848
41.144,48.443,57.807,34.516,69.428,16.174,-47.865,-9.493,-12.224,-28.844,-16.173,12.49
47.84,150.66,58.012,54.244,-3.823,0.784,-62.423,-25.789,-4.13,5.088,-33.369,-6.238
37.352,22.005,-0.461,17.729,24.55,12.791,-50.868,-34.035,-15.73,20.328,-46.776,2.839
36.477,-33.131,100.497,-125.638,36.563,-25.196,18.607,7.723,-24.128,10.528,33.943,4.067
39.686,52.684,82.729,129.33,44.295,-10.781,-4.35,56.725,-20.779,-27.062,-53.162,28.274
27.856,-34.063,21.906,31.096,-7.868,20.012,-10.195,-6.33,-36.552,16.402,-17.984,4.92
34.24,-7.253,83.606,8.967,25.424,12.381,-48.817,-1.705,-15.248,-4.492,9.454,-21.671
37.831,56.501,158.206,-111.883,127.787,21.036,1.509,7.29,23.084,10.415,15.407,-10.772
47.15,88.974,133.63,63.134,105.779,-8.689,6.338,-29.792,32.888,11.466,-43.951,3.751
45.762,29.725,54.755,76.381,76.099,19.108,1.273,-0.018,27.225,-9.862,-38.979,2.985
39.608,24.19,49.818,-64.118,58.33,-14.465,-36.866,-7.256,45.454,11.826,8.035,-9.955
39.171,27.276,37.145,81.545,62.614,1.311,-33.47,-10.497,23.253,0.513,-80.614,7.825
29.934,-73.484,9.336,-18.573,-31.448,13.362,6.126,15.887,-28.946,-16.442,-1.742,4.416
33.14,-29.548,68.788,-138.507,7.284,12.461,12.292,42.316,10.562,-12.81,9.753,-13.964
35.656,191.563,-71.467,-46.376,47.613,-12.116,-26.396,-68.408,26.154,-15.316,-9.345,21.096
41.025,10.473,81.786,-73.241,51.616,17.778,-12.204,41.554,28.841,-4.004,-1.586,-8.278
40.379,16.357,-8.685,-20.52,2.393,-19.126,-15.152,-29.197,-4.362,7.977,-18.459,-7.526
42.118,13.91,73.342,-76.559,21.025,-28.515,25.279,31.955,12.103,-1.79,18.744,-9.56
42.957,53.308,52.791,121.515,46.325,9.57,-15.182,-16.317,-5.589,-18.948,-70.409,12.328
39.335,16.054,23.174,-82.027,4.042,18.127,-39.241,6.908,22.737,-14.295,18.452,-40.045
42.128,82.94,2.701,7.75,-13.584,0.502,-75.084,-7.112,18.327,-3.878,-43.967,-31.106
26.992,-11.87,-52.169,19.3,0.823,32.09,-52.185,29.823,25.91,-14.841,-70.138,-8.479
19.41,-6.412,23.963,-91.452,2.96,20.513,-21.302,-79.957,-26.531,27.855,-50.396,14.417
13.723,132.938,12.277,-51.562,-18.874,-23.338,-18.392,11.132,-3.279,2.164,1.982,-17.044
27.847,35.992,67.434,-141.101,13.126,79.894,-4.266,-42.799,-39.721,68.306,-33.221,5.353
38.608,56.601,138.259,-167.914,56.528,-6.567,-5.692,28.808,-28.983,-18.971,49.345,-9.024
47.11,221.381,245.054,76.778,127.178,-16.52,79.479,18.173,-22.823,-22.396,7.179,39.971
50.174,106.718,157.846,35.193,71.666,-20.912,56.197,-6.672,-30.788,15.649,1.469,42.097
50.702,98.857,142.665,17.236,68.026,19.717,11.395,6.058,13.647,-1.763,-21.961,17.683
50.856,77.463,138.354,15.502,60.776,-20.507,10.486,9.553,36.586,9.89,-13.314,-37.286
50.85,104.89,142.146,48.755,52.7,-22.392,27.178,7.108,32.457,10.938,-24.778,-38.357
52.721,92.199,115.758,22.212,28.981,4.801,-13.81,0.861,-1.008,-3.012,-0.066,-14.366
51.377,89.589,106.999,48.344,22.425,-24.717,-22.574,-5.1,-4.822,1.996,-8.089,-16.131
49.621,118.478,120.565,6.119,21.584,-25.041,-15.543,-6.748,11.46,1.544,-2.586,-46.036
50.049,112.071,130.325,34.814,47.58,-24.123,-14.056,-3.055,28.678,15.908,-27.409,-40.999
46.986,134.528,65.177,8.334,49.895,-1.196,-90.665,-51.966,20.772,8.748,-33.405,-19.532
44.283,41.022,68.01,13.837,47.813,-18.95,-0.797,4.025,23.691,-3.442,-31.278,-19.482
42.711,58.814,83.411,-58.443,46.48,-15.11,4.894,-3.473,18.453,10.664,5.433,-18.968
48.143,89.525,131.81,-18.577,42.684,-17.995,9.329,4.445,2.479,-3.865,-4.113,-21.827
45.901,81.518,71.997,153.704,23.899,7.36,-18.819,-12.41,-5.631,-11.067,-94.389,-7.034
25.794,8.52,55.495,1.018,-1.805,-28.238,-14.869,14.086,-25.344,7.061,3.138,12.263
31.227,-5.74,35.286,-55.784,6.248,6.524,2.877,-13.329,-3.124,19.313,6.221,-11.141
39.768,33.756,42.147,-36.157,30.322,31.283,-21.446,20.833,10.948,2.128,-30.774,3.605
39.951,40.186,13.005,-19.658,61.457,-5.822,-34.812,2.475,13.354,17.05,-3.976,25.605
40.869,22.864,25.767,27.15,29.487,-32.127,-37.683,-13.637,-4.907,1.228,-32.417,6.256
39.294,6.755,66.732,-109.568,69.523,-19.555,-19.113,33.634,30.265,3.48,12.455,12.99
38.786,32.5,20.026,-10.772,3.854,-25.268,-71.368,-37.516,-23.208,-6.366,-9.69,8.059
41.625,51.957,45.27,29.324,47.075,10.226,-43.435,-14.42,15.594,-33.397,-13.115,-0.003
42.385,45.391,59.945,24.093,74.842,19.063,-39.206,15.54,21.238,-12.221,-34.597,13.343
40.961,38.651,63.046,-79.892,81.953,61.923,-26.772,48.19,19.315,-27.748,-25.74,13.327
43.353,24.557,33.642,-37.874,69.173,-9.132,-33.871,-10.019,24.269,13.24,10.059,12.83
48.156,68.898,113.351,-12.024,47.432,-6.21,7.978,20.989,6.652,-2.452,10.212,1.877
50.034,137.828,122.412,39.608,22.55,-20.734,9.358,-0.549,10.526,-4.881,-9.979,-24.987
49.992,127.5,127.137,55.548,35.781,-33.125,30.173,-3.886,10.501,14.073,-4.246,-2.848
44.928,106.692,55.691,161.991,26.037,12.599,7.437,-23.609,2.058,-14.976,-91.391,11.677
33.963,-12.055,55.544,102.259,47.947,34.484,-24.775,34.492,3.219,5.979,-8.417,-28.699
23.97,52.047,41.098,-37.768,-13.475,-15.797,28.823,0.843,4.344,-20.002,-4.866,-3.172
27.905,-20.444,45.58,-18.803,19.165,4.235,-22.338,-21.524,-18.767,10.929,-24.901,2.188
31.293,1.995,0.706,47.59,17.248,61.629,-55.139,1.028,-12.206,-15.991,-33.923,-0.518
37.669,32.66,124.051,-204.36,5.514,43.935,60.554,59.636,-9.732,-10.826,13.109,8.636
47.711,140.956,65.166,58.961,7.385,-4.586,15.239,9.187,-42.556,-13.335,-45.341,30.83
43.302,37.175,74.894,5.52,59.956,-30.756,1.003,-1.79,4.566,-7.817,11.031,12.503
47.332,51.798,125.874,-35.695,-0.773,-17.301,34.217,30.724,-14.372,17.756,-3.444,-23.736
47.369,93.592,68.826,82.414,-4.536,-0.55,39.248,-23.119,-0.64,-2.376,-65.085,-7.844
48.355,105.764,106.107,4.859,10.49,56.137,61.656,47.171,2.426,0.094,21.003,-27.481
45.584,130.962,75.334,130.463,2.246,23.395,25.821,-11.896,-15.53,-25.395,-90.447,15.313
28.965,-55.515,-6.153,-27.512,-12.525,-28.308,-31.557,-0.775,-26.616,-14.717,-8.821,3.109
28.313,-42.053,-1.693,-41.662,-4.101,-29.92,-33.962,3.015,-23.286,-18.886,13.303,1.273
37.922,15.381,82.407,-60.683,49.176,-3.07,-8.308,-29.028,24.078,13.84,-20.426,-32.19
48.394,140.539,138.664,11.913,40.37,21.111,12.074,-13.289,-21.836,-40.01,10.138,-24.45
44.25,61.076,62.792,99.588,49.638,3.167,-28.948,13.984,-15.759,-29.419,-56.595,18.771
40.813,105.983,69.873,-96.902,26.158,3.846,-26.701,14.337,-0.071,-6.302,26.131,-6.271
46.879,108.897,72.682,39.254,30.464,2.772,-21.177,-13.119,-36.777,-9.758,-53.86,35.638
42.69,8.945,72.232,-28.799,100.483,3.653,-28.764,-0.725,37.839,1.736,5.828,-22.872
43.493,-2.071,83.867,8.672,105.157,-24.275,-27.929,-9.03,35.512,13.33,-23.445,-26.873
41.753,70.061,67.606,-17.923,70.714,11.055,-40.77,8.575,-15.345,-0.113,19.81,-4.834
44.899,84.958,61.37,-5.058,74.447,-27.47,-42.871,-25.861,-13.822,-11.378,4.399,2.75
48.247,173.345,203.429,76.838,84.95,-24.158,-29.301,-0.621,-23.782,-6.991,6.253,3.455
47.597,150.545,81.657,-0.371,25.396,-34.562,3.857,14.952,4.81,15.046,-0.166,5.371
49.344,166.768,77.06,-1.699,12.661,-9.535,-40.977,-20.616,0.38,-1.069,-12.972,-5.178
48.045,137.713,61.228,32.995,12.676,-8.995,-20.227,-2.348,-1.058,3.669,-40.529,17.258
43.484,49.356,32.371,-12.782,56.569,-10.199,17.645,-56.831,16.006,58.517,-49.08,-21.261
44.084,-13.3,99.768,-24.816,79.983,-36.497,39.477,41.963,41.898,16.092,-20.786,-42.849
38.284,-59.973,72.074,22.855,60.037,-0.141,48.854,31.248,37.029,12.698,-35.412,-25.556
37.865,-48.711,74.742,-19.015,42.342,-12.682,5.472,-24.754,17.744,40.608,-12.623,-42.097
41.854,-14.988,82.645,-4.538,98.791,-31.628,14.484,9.874,51.25,4.889,-1.345,-42.782
42.455,-21.413,80.462,28.635,87.287,-22.636,8.239,-3.06,24.102,-3.695,-39.372,-34.295
37.5,-92.048,80.02,13.912,69.61,-24.188,4.216,9.329,10.858,-5.27,-22.166,-23.121
36.341,-74.715,50.63,3.794,65.255,5.814,23.265,19.491,36.801,-16.086,-35.026,-37.822
34.742,-86.375,45.636,11.594,56.091,-33.502,25.312,0.657,31.337,5.243,-8.526,-35.457
34.628,-73.893,-2.345,55.096,45.151,-14.561,-34.035,-1.381,36.285,5.277,-32.86,-24.393
31.826,-57.687,-28.386,21.703,27.091,-75.354,-64.946,-44.784,27.756,23.574,3.21,-16.018
32.073,-2.046,9.668,133.132,29.422,-34.165,-61.603,76.894,16.452,-28.035,-43.525,-27.697
39.58,89.882,71.752,-146.086,55.042,73.645,-7.556,22.873,2.874,25.76,54.087,-27.601
49.371,185.156,58.228,30.186,89.271,-23.206,-49.52,10.595,4.568,-9.843,-11.284,-15.006
46.735,141.42,34.692,153.452,78.292,-6.378,-48.509,-40.341,-16.066,-18.652,-74.291,-3.843
38.048,42.663,104.255,-80.559,60.762,17.228,-6.673,-29.431,-45.119,7.44,-4.894,4.649
41.725,-16.718,58.009,11.827,60.145,-6.582,4.116,-7.359,-10.695,-22.101,0.006,25.839
41.581,-16.608,108.636,32.286,37.33,15.318,26.651,43.681,-31.565,-29.746,-13.49,26.661
36.379,2.192,31.762,17.605,78.446,-22.38,-39.113,-10.977,6.414,-18.099,16.3,39.235
36.668,-21.903,28.961,7.671,14.948,5.807,-8.267,16.065,-14.819,-13.1,-25.881,19.653
31.627,-59.412,-8.19,-20.127,16.969,-34.417,-48.112,-3.671,-17.973,-11.73,-3.14,8.801
39.286,52.472,53.859,-32.044,33.696,20.296,-13.197,2.211,-2.05,-27.244,15.833,27.337
42.466,67.352,75.056,79.839,6.879,17.275,-43.562,16.238,-36.66,-26.642,-61.256,0.343
33.064,-4.797,4.749,-73.691,1.768,-10.814,-38.462,9.311,-9.707,-10.736,4.464,4.447
37.025,-16.247,57.906,-32.643,45.633,2.145,-32.912,20.18,-0.334,-5.133,-2.096,-14.003
40.091,74.668,116.17,14.249,84.995,27.38,-29.394,-6.556,15.07,-18.003,-21.416,-18.332
41.562,21.869,75.553,-2.722,14.457,-15.098,-19.617,4.476,-13.492,9.382,-6.78,-36.163
42.44,28.739,54.22,78.034,30.275,-6.504,-18.686,-22.329,-11.26,-10.514,-37.203,-17.827
31.477,-52.039,20.343,61.18,46.657,-12.538,-22.37,-17.262,7.023,-0.814,-38.706,-9.124
23.553,-14.952,6.669,-20.328,17.118,-29.087,-24.591,66.767,3.7,-19.898,-5.207,-1.99
30.202,-11.243,10.543,-149.507,46.128,44.334,14.145,4.116,7.664,37.284,-8.344,11.748
43.892,1.316,99.164,-87.676,76.329,-5.962,29.073,20.425,12.493,7.896,5.245,13.132
43.353,16.356,39.062,-67.852,69.913,6.506,-15.143,13.969,34.414,-2.33,-12.311,21.409
33.289,-90.984,-55.046,-37.665,22.774,-32.764,-61.27,31.75,13.4,-3.472,-7.039,10.372
31.07,-105.198,-42.57,36.342,4.022,8.901,-19.119,3.135,-28.064,-22.208,-32.935,22.78
22.185,-114.765,-16.318,-11.741,31.716,-33.808,-12.839,-3.436,-31.592,-26.1,6.107,33.423
29.782,-49.658,12.812,-138.549,32.062,42.258,5.195,15.662,-32.364,-20.068,6.004,-1.641
36.54,-3.009,10.905,-65.213,40.988,-18.968,-36.121,-11.08,6.168,0.221,-2.041,-20.359
38.221,-26.375,18.803,-31.13,1.931,-11.613,-38.052,-13.311,-17.896,-5.718,-13.212,-14.793
38.216,-39.297,-5.172,19.617,12.864,-16.687,-32.823,0.154,16.123,0.31,-25.186,-15.218
32.986,-31.572,-1.442,14.742,-8.873,-8.575,-42.432,-24.588,-24.902,-21.323,-3.838,18.314
30.202,-45.15,5.472,19.609,5.09,8.796,-62.979,-6.207,-17.676,-22.393,-9.878,6.983
29.904,-18.262,70.143,-97.687,23.567,-8.297,-55.726,1.912,-23.041,-3.942,24.075,8.027
42.627,51.78,2.61,-19.388,33.264,9.566,-77.712,-20.903,-14.7,-2.259,-2.653,4.73
44.869,1.876,67.927,-99.495,58.574,-5.363,-40.542,7.057,-7.186,6.616,-2.928,0.467
45.194,-7.953,111.899,37.369,74.217,9.563,-13.882,-0.509,-14.503,-20.681,-35.492,3.563
45.079,-5.489,120.592,16.613,87.502,37.931,-2.057,20.507,-22.836,-34.278,-18.962,-7.774
45.663,83.761,99.723,48.89,78.062,43.846,-51.177,-30.714,-24.385,-27.582,-11.583,-10.066
47.098,77.193,164.336,35.621,72.923,68.936,21.758,5.415,-55.836,-22.246,20.851,-3.097
45.995,50.619,148.389,118.486,76.967,22.828,-34.964,-24.815,-39.484,-28.845,-64.527,-27.79
47.657,94.713,162.546,-7.355,90.983,48.984,-23.525,51.066,-25.783,-12.263,43.455,-35.565
47.534,92.626,122.969,85.534,78.8,11.322,-53.391,-57.177,-16.592,2.69,-63.856,-16.984
40.544,-43.339,43.437,52.666,92.837,1.012,-79.408,-1.214,17.447,-10.202,-32.744,-10.743
29.994,-20.921,1.688,-8.888,24.381,-35.481,-33.657,-16.447,7.532,-7.03,-4.582,-3.955
31.274,-35.698,-15.119,171.753,21.988,-31.636,-66.771,9.089,-13.163,-6.025,-42.633,-19.545
35.446,50.16,14.523,-97.929,10.443,65.745,-50.99,-35.604,-20.348,22.412,34.981,-6.404
47.239,21.79,71.269,-40.336,62.746,34.568,-30.19,-8.549,9.097,-8.869,2.145,-4.771
44.133,52.824,4.916,115.81,90.418,-6.331,-52.246,29.218,10.241,-21.269,-55.134,2.889
43.069,43.928,191.352,102.202,88.552,-14.288,16.155,-21.677,-38.604,13.475,31.27,-3.442
40.061,40.797,47.259,76.171,82.54,-38.907,-16.12,-2.306,-18.186,-26.973,-30.152,15.03
35.015,-81.816,10.994,106.32,43.722,-41.977,0.815,52.361,-22.15,-10.129,-8.078,-7.94
40.496,66.519,141.968,52.13,104.741,70.705,30.631,-29.716,2.359,22.318,51.94,-13.125
38.371,15.039,139.929,147.486,82.697,-4.392,18.516,0.254,-18.476,-10.066,-71.002,16.375
36.332,28.147,95.714,-187.913,49.392,-5.985,59.093,22.364,-16.48,0.588,19.06,-14.532
43.505,84.172,83.445,58.527,50.884,-8.109,-27.395,12.906,15.799,-1.242,-23.654,-18.619
22.147,37.015,-85.706,203.295,28.636,-24.398,-91.727,61.113,-1.629,-32.313,-57.034,-15.043
10.309,22.182,-3.898,-23.894,41.973,-5.946,-13.694,13.433,-58.978,20.626,10.06,-13.014
8.052,65.645,-41.969,74.817,17.645,-78.128,-13.538,94.856,-17.046,-31.852,10.814,-17.587
