18.996,-197.467,-187.473,-64.573,49.908,-20.41,17.441,57.826,-10.877,41.844,-13.636,-6.227
28.309,-222.919,18.404,-134.992,88.601,68.677,9.964,-16.653,-29.965,62.443,14.843,-1.744
33.408,-228.536,57.042,2.031,86.013,-22.996,-32.589,-6.283,-5.776,-18.04,-6.225,1.084
34.803,142.386,-127.86,396.689,21.698,-86.434,-115.022,-8.775,-38.38,-22.376,-86.481,-7.557
22.473,-171.789,-61.256,-2.617,91.485,92.988,-35.002,83.914,-27.347,69.963,-51.16,-0.089
26.386,-237.552,-29.912,-115.97,78.365,48.467,6.685,-14.594,-34.707,62.58,15.791,-7.021
30.416,-233.55,-0.686,-16.511,81.71,-34.748,-40.334,4.878,2.99,-16.123,-8.256,6.225
49.244,93.775,0.801,32.41,57.742,93.595,1.128,-85.339,-8.507,-21.453,76.292,-10.983
48.678,61.556,81.185,22.848,98.141,-18.88,-27.964,-3.7,24.332,-6.165,-19.309,24.728
46.301,-5.015,18.671,-20.39,83.886,-35.144,-21.83,-12.06,24.571,-3.011,-5.325,24.291
47.895,-9.81,66.176,-19.922,73.62,-16.503,12.708,43.493,7.074,-26.154,-4.258,25.327
44.646,10.697,4.784,-60.67,84.769,-31.064,-11.285,-23.568,20.582,28.541,-19.341,9.767
44.767,-44.962,-19.01,-0.8,78.584,-36.04,-27.995,-3.781,14.137,1.597,-7.823,22.935
37.184,108.636,-116.104,347.225,25.227,-56.161,-84.207,-52.291,-37.386,-15.951,-61.671,4.799
29.701,-222.296,20.278,-132.163,74.947,59.408,20.618,-3.41,-23.664,61.224,24.556,-11.333
26.067,-170.065,-44.013,166.776,90.225,-26.854,-58.601,139.278,12.011,-23.022,-56.039,1.181
27.042,-209.306,-9.235,-140.359,72.985,79.746,9.569,-10.254,-33.732,74.458,21.361,-0.931
31.321,-231.081,5.088,-9.046,71.458,-25.598,-28.928,-14.831,-3.432,-14.471,-10.654,2.646
41.144,64.737,-127.84,282.68,19.142,-37.233,-89.772,-80.922,-43.977,6.804,-128.212,8.789
17.968,-169.111,-103.482,-148.029,74.16,-66.508,9.867,-50.396,-10.918,9.378,39.015,3.236
36.115,-215.309,77.547,4.419,79.577,-14.638,15.446,13.252,11.032,-7.856,-22.378,-7.946
35.163,-128.411,2.993,-63.358,111.996,1.724,-15.093,17.151,16.13,-47.422,-11.968,8.583
46.941,-19.303,-23.601,3.487,72.297,32.572,50.197,11.945,2.031,-17.894,51.317,-19.974
47.052,9.653,-3.183,-76.764,117.84,-40.988,4.574,24.674,-27.136,-10.9,0.255,0.048
48.916,9.362,24.414,17.791,103.138,-50.339,-6.231,-13.21,-37.836,-10.122,-11.432,-2.396
42.529,21.535,-23.522,36.423,130.047,-4.978,-59.968,-87.283,12.852,-11.481,-39.593,12.314
44.608,14.734,-1.326,-17.326,82.781,-17.897,-53.025,-42.893,-22.128,18.491,-37.342,8.926
44.172,47.353,-76.494,100.813,65.475,89.706,-31.239,-20.536,27.809,-62.037,-91.936,3.365
29.757,-218.25,28.388,-103.146,79.847,27.185,-3.09,-7.516,-11.575,41.458,21.01,-2.412
37.622,-96.017,40.23,-67.061,106.526,-14.641,-54.242,39.466,14.452,-45.166,-4.179,-7.109
44.771,4.398,9.924,-102.992,74.761,24.862,-23.811,-16.13,1.412,-9.333,21.846,-28.257
48.847,3.896,57.735,-15.711,56.278,-35.108,-22.99,7.309,-4.577,-6.651,8.127,5.88
47.388,68.054,-41.232,31.703,10.956,-10.433,-60.897,-27.867,7.414,-35.864,-43.136,-4.581
49.279,2.044,5.776,37.213,67.946,-2.518,-63.278,-17.127,-12.466,19.767,-19.274,-23.353
45.199,51.616,-45.843,-33.089,51.594,-36.11,-82.766,-2.106,8.038,13.539,-19.854,-13.45
50.418,188.985,3.342,58.878,-30.75,-46.143,-46.324,-26.198,-53.79,10.166,-31.465,7.032
43.039,-14.483,-46.623,72.817,60.42,-1.285,-39.635,19.948,8.275,1.01,-75.235,10.707
25.406,-206.548,-31.595,-94.404,56.738,7.957,2.696,-45.773,-37.526,50.471,-4.437,10.502
38.538,-26.716,-59.129,-86.549,74.435,18.098,-36.336,-19.608,3.952,-38.482,-1.582,12.424
48.201,24.924,35.561,33.789,88.581,-30.787,24.582,-18.122,-26.128,24.125,1.701,6.482
46.939,-7.982,20.125,-48.299,105.101,-34.625,24.21,20.313,-33.098,-22.803,5.985,8.266
48.27,-6.857,23.445,9.936,88.717,-62.605,-15.416,-14.214,-20.95,7.097,-17.807,15.054
45.256,-30.035,28.618,8.406,114.276,-15.273,-21.611,-25.702,13.076,-12.136,-42.938,36.195
47.843,13.806,-9.198,-23.384,70.203,-12.0,-58.811,0.047,-21.157,2.588,-0.053,-21.196
45.516,102.254,-73.801,100.673,19.018,73.537,-68.81,7.331,-13.821,-70.516,-92.205,-12.535
43.497,57.987,-28.812,14.779,35.898,16.325,-41.84,-31.005,-42.424,57.684,-53.219,-5.546
39.14,276.586,-31.035,-42.148,35.248,-24.418,-29.769,33.694,39.558,-58.879,14.65,8.418
41.328,-24.989,-48.038,23.281,61.058,-2.642,-45.249,-73.665,-18.215,69.918,-66.312,18.28
35.098,-192.288,29.735,-30.684,82.863,-15.698,-27.213,44.7,7.041,-10.898,-21.972,5.374
45.657,2.965,-19.034,-65.616,94.073,33.267,-5.387,2.712,19.383,2.513,31.112,-9.11
47.158,3.925,24.433,-23.474,73.657,-16.354,-10.571,31.51,-21.129,-19.02,-8.759,13.82
48.502,72.594,-38.165,-27.736,32.699,-7.616,-33.745,-50.282,-5.421,-19.323,-17.832,7.51
45.69,-49.612,10.728,39.402,119.628,-33.986,-7.831,-19.244,-0.487,-6.647,-41.32,17.075
42.491,2.494,-27.298,-81.385,81.534,-12.002,-23.071,0.463,-12.027,-44.298,24.558,-28.384
48.801,84.582,-38.558,135.379,24.32,-37.296,-56.199,-68.117,-36.842,33.784,-86.847,9.414
31.906,-244.319,9.048,-53.367,70.419,-9.738,-7.777,7.526,1.381,10.541,-7.481,-2.106
30.206,-225.339,-3.079,-23.082,65.722,-48.443,-33.216,6.177,3.236,-27.694,24.514,3.967
35.787,-96.706,-8.651,-65.752,102.897,25.911,-23.372,42.502,27.323,-73.875,-27.238,-1.421
42.88,-25.641,-40.151,-120.588,54.885,53.922,25.911,-39.175,-6.51,-24.992,3.378,-25.997
47.048,8.441,6.94,-93.321,29.317,-20.895,1.157,33.601,-0.7,-26.413,4.695,7.395
46.882,-5.303,-1.179,74.784,82.101,-39.281,-33.202,8.33,-39.921,-27.368,-45.918,-5.902
45.098,-12.778,-13.851,-74.374,94.059,39.405,-29.451,29.68,5.401,-30.784,-15.003,-14.529
45.886,-1.197,-31.129,9.819,95.065,-10.452,-40.095,-0.159,-18.333,-7.74,-24.309,-20.722
44.534,111.553,-37.264,29.506,61.819,55.896,-78.974,-25.02,4.737,-24.14,-87.592,-4.313
43.068,19.968,-58.54,49.918,48.857,31.427,-41.716,1.045,-30.745,38.194,-35.654,-6.805
36.525,-19.866,-35.934,48.242,70.184,-4.175,-8.844,-142.742,-42.685,59.333,-39.875,8.221
41.142,-29.133,-20.847,-158.49,74.236,39.417,-4.951,-3.206,-11.104,-32.477,12.3,-17.409
49.326,29.294,46.498,2.603,73.323,-12.704,-15.365,0.676,-16.016,3.633,-6.534,-39.561
48.033,20.108,1.74,65.864,76.314,-4.279,-30.093,-41.751,-32.76,-34.998,-54.716,-18.606
44.048,-5.622,1.776,-94.134,114.1,6.165,-32.396,-16.339,1.931,-28.95,-15.692,-3.304
45.668,80.686,-49.587,4.242,62.877,104.138,-15.14,-65.561,-9.521,-51.023,-18.659,-4.676
46.74,29.705,4.986,24.884,62.824,14.977,-17.285,30.62,0.613,-15.801,-22.974,-8.585
33.853,-137.245,-75.28,-31.668,90.442,30.287,-40.419,-14.853,33.947,-62.495,-45.587,26.361
38.914,-56.418,36.753,-203.645,84.836,37.272,25.892,38.546,3.6,-52.935,1.104,-1.15
42.718,166.864,-53.3,-6.028,52.794,-13.403,-35.9,32.365,-23.833,0.608,-22.788,-4.772
47.414,-2.006,36.465,-64.468,61.553,-7.583,-19.691,45.976,5.656,9.541,-2.454,28.853
49.05,14.165,18.248,4.321,81.634,17.632,-17.18,-21.634,9.734,-21.031,-40.231,7.491
46.557,-3.067,7.663,-45.354,102.208,-8.975,-0.297,23.874,0.439,2.49,-2.438,-9.987
48.23,141.634,-26.826,-6.476,40.491,82.046,-38.151,-76.851,-19.566,-22.999,-44.765,-1.479
39.293,-2.53,-70.772,108.747,32.295,-1.7,-51.13,24.596,0.348,-32.998,-86.116,2.832
37.143,62.69,3.122,29.943,64.217,7.877,5.111,-158.965,-44.295,34.729,-49.854,4.343
32.595,-220.778,42.391,-38.368,66.366,-34.65,-10.948,11.773,8.32,-2.413,5.745,-4.882
38.354,-31.675,-36.736,-42.355,85.248,9.853,-49.9,-11.049,18.774,-44.715,-21.172,1.52
44.662,26.908,-16.523,-85.657,77.387,47.39,-7.35,-29.403,-21.319,8.996,-24.993,-3.479
48.061,70.723,-52.646,5.84,21.033,4.524,-44.05,-24.441,12.2,-39.549,-22.774,6.867
50.193,49.221,19.582,15.52,46.448,-2.174,-56.321,-31.299,-23.325,-46.952,-28.937,-35.651
48.945,147.42,-43.53,-49.698,-17.044,2.924,-86.515,6.417,20.218,-26.933,38.108,-17.906
49.459,101.022,-42.797,1.253,16.866,-21.997,-82.081,-36.162,-11.116,3.931,-28.945,-14.924
43.211,4.969,-25.077,-33.943,97.063,-29.824,-31.995,-31.949,17.378,17.115,-6.81,12.365
46.616,-22.076,71.578,-112.415,82.307,-40.873,-15.96,37.221,4.726,9.576,24.74,14.64
51.992,54.597,-8.994,-58.586,8.126,-34.297,-15.527,2.111,-6.516,-11.598,-2.068,-15.138
52.97,70.997,24.625,-20.348,1.688,-28.632,-2.723,8.641,3.017,-2.184,-10.482,-50.923
53.124,158.0,98.906,-5.495,47.761,-17.53,-38.465,-5.606,-9.13,-16.283,-9.272,-38.914
53.384,117.276,67.358,7.319,48.379,-31.085,-79.801,-10.032,-32.884,-26.649,-9.356,-16.579
52.585,126.646,71.352,59.202,56.834,-65.88,-18.861,-56.114,-51.374,31.497,-14.427,-9.567
50.977,119.134,150.541,25.979,112.793,-31.858,7.869,0.268,1.24,-10.856,-6.858,9.138
50.812,140.791,165.015,35.255,129.533,-40.122,9.233,7.28,25.282,-4.897,6.777,9.623
52.427,107.742,121.178,20.897,101.495,-24.302,16.897,-13.154,-7.746,17.078,-8.823,28.211
47.261,13.383,13.906,107.778,98.137,-0.001,13.056,-22.467,-23.87,-25.967,-96.673,39.7
40.023,-4.564,10.34,-61.199,28.448,51.176,23.562,80.796,50.675,-9.07,23.489,-21.578
41.128,43.145,63.852,4.712,52.066,-19.122,-20.578,-60.351,-1.742,43.139,-25.963,-5.266
43.473,-170.39,70.261,-5.418,66.627,-34.275,15.057,-17.035,-12.842,18.094,15.299,20.871
46.187,-35.737,89.502,-16.459,94.342,-23.283,-19.464,20.2,36.779,-26.494,16.23,17.547
46.245,10.17,66.023,37.221,65.412,-14.199,-43.53,3.904,1.348,-28.764,-17.374,17.986
50.308,172.8,37.59,63.209,10.221,-59.849,-55.541,-41.849,-26.08,26.961,-7.912,-17.716
46.285,133.226,95.463,53.213,76.913,-11.478,-57.37,-40.029,33.324,1.714,-19.674,-15.136
44.657,35.271,119.351,63.513,77.923,-2.805,-40.391,-51.388,-11.033,-2.732,-21.854,-1.716
43.561,-121.932,104.128,-57.913,76.427,-45.97,26.949,32.921,-7.104,4.296,38.296,11.066
48.733,-65.895,27.488,-32.53,49.978,-47.692,29.508,10.696,21.412,14.117,9.133,21.547
50.53,-0.23,31.787,-11.915,22.711,-36.106,25.488,32.489,12.663,-13.499,-10.086,-12.039
51.52,34.549,7.746,-37.586,-14.165,-36.612,-30.742,-1.521,-32.6,-19.24,-13.554,-50.739
52.183,45.458,23.067,-0.159,-8.547,-18.512,-2.589,-28.227,1.02,-8.194,-26.289,-37.508
50.863,94.041,8.558,-29.539,41.727,-34.456,-17.09,14.737,-5.785,-18.248,-10.76,3.56
50.662,55.082,54.139,-49.879,74.636,-36.155,-24.437,5.394,19.657,9.724,8.528,32.284
52.907,182.443,7.009,23.233,10.367,-20.159,-64.06,-2.485,-25.81,-10.71,29.668,-15.12
50.372,86.568,18.383,-8.467,14.369,-21.907,-61.787,17.249,-22.485,-5.181,-4.933,-2.541
50.38,114.816,0.807,-2.669,56.732,-23.504,-17.955,-37.072,15.484,-7.648,-13.187,20.251
50.812,42.724,50.48,-20.821,71.569,-23.739,-2.222,16.884,26.364,-12.391,-1.983,30.012
48.204,57.01,5.35,-28.268,-39.255,-10.513,-28.238,-9.348,13.311,-0.466,-36.493,-51.558
42.964,-4.34,25.285,38.969,16.736,-7.181,-31.398,-22.526,1.929,-8.674,-31.031,-30.513
41.516,-28.426,70.884,-0.831,71.144,-38.278,-44.386,-37.266,-4.817,21.927,-2.026,11.996
44.265,-119.05,106.687,-16.846,67.19,-13.191,10.735,15.611,-5.796,-5.917,14.181,1.682
46.525,-12.981,108.601,10.733,79.705,-30.206,-5.023,52.007,13.303,-12.054,-14.522,1.763
51.305,143.11,16.669,62.608,7.419,-39.331,-69.045,-57.144,-48.408,20.276,-43.806,-15.347
46.926,121.886,36.553,-44.714,-1.846,-26.664,-77.144,-14.086,20.927,3.641,9.698,-36.925
47.053,-31.591,-8.588,4.015,-2.538,-66.351,-2.16,-36.576,7.065,3.491,-25.142,-16.451
44.456,-124.998,23.453,-4.538,29.821,-41.857,54.803,-18.076,12.983,31.177,10.597,10.018
47.885,-100.405,41.731,-18.259,26.496,-20.673,68.323,22.983,32.733,-16.537,-8.378,1.889
49.298,-36.843,6.67,-20.115,51.186,-21.258,59.609,22.493,18.047,-32.365,-18.136,-2.709
49.641,-16.715,-27.748,23.321,36.038,-59.502,8.033,-42.715,9.834,26.36,-29.268,-3.255
49.88,-7.576,-4.4,-60.541,31.063,-22.696,24.059,-10.935,-5.395,7.669,2.671,3.075
52.524,22.832,46.796,-6.808,16.458,-41.337,52.119,15.14,11.091,6.531,-17.586,11.377
51.945,42.781,58.558,34.544,34.766,-34.676,-6.058,-14.112,-9.302,-6.553,-18.665,-9.933
49.306,21.468,47.993,8.273,70.592,-1.349,-47.654,26.808,-29.906,-15.479,-33.15,20.558
46.173,177.005,-30.382,66.038,62.291,48.138,-47.964,38.499,-10.717,-51.203,-36.137,-11.173
49.254,106.298,71.947,-61.679,66.931,58.109,-38.505,8.084,-41.646,33.875,41.324,-46.248
49.96,69.876,21.53,68.74,56.322,-17.161,-70.288,-21.073,-23.829,-3.497,-36.208,-22.765
48.297,80.779,29.511,-87.053,105.311,-2.31,-26.25,-34.273,-29.445,4.438,-0.606,-14.267
50.236,37.374,28.984,13.808,81.954,-58.525,-15.071,-8.325,-34.625,9.992,10.356,29.803
50.353,11.933,-10.149,-30.18,50.084,-53.985,31.182,7.816,-20.078,4.351,6.737,18.268
48.935,23.844,-23.635,58.141,61.746,-18.126,8.799,-6.43,-1.872,-19.783,-64.64,28.043
40.473,100.75,-45.129,274.572,10.615,-84.172,-54.598,-87.361,-44.936,3.545,-49.095,6.908
27.337,-218.316,-13.909,-62.782,54.857,-9.663,-1.405,-17.163,-33.64,38.72,3.277,14.391
45.441,-45.093,-58.862,-33.422,-9.966,-16.105,-24.626,26.615,9.473,-51.029,-15.098,-3.619
47.107,-25.948,-14.268,-104.312,29.302,-4.176,12.913,5.142,-19.273,-16.391,3.812,-9.401
51.617,15.335,39.079,-19.077,12.484,-36.346,44.745,12.81,4.036,0.275,-16.524,12.927
47.267,9.588,-51.931,92.303,-21.14,10.36,-2.418,-23.808,-33.143,2.803,-52.768,-29.075
38.429,-22.614,-106.342,76.535,-68.496,-55.148,-8.089,-69.828,-56.454,28.724,-26.578,-15.147
47.736,80.712,-63.12,-63.919,-5.031,34.062,-40.701,-21.691,14.547,8.793,31.378,-28.051
50.276,90.814,-17.739,-25.456,4.76,-4.283,-58.95,-29.543,-14.546,-16.85,-22.304,-48.071
42.574,-38.075,-45.049,63.414,61.187,-20.908,-54.296,-20.284,-24.663,-2.708,-31.952,4.697
52.089,99.591,18.917,63.929,42.572,-27.343,-59.107,-73.608,-50.526,39.734,-35.011,8.849
46.974,72.689,22.954,76.265,118.853,-17.444,-34.884,57.59,8.307,-5.704,-36.844,10.29
49.995,62.407,41.386,-3.423,68.945,36.3,-37.156,4.038,-43.93,21.549,15.72,-32.375
47.472,-6.277,58.362,-18.728,142.05,-47.805,-4.512,0.536,5.324,-2.492,0.428,6.683
48.94,16.306,76.628,-11.416,122.597,-37.735,-8.734,-6.693,16.143,-4.316,-1.93,17.503
48.109,-28.774,-35.015,43.327,48.539,-40.551,29.139,2.612,28.79,4.298,-63.581,28.823
44.704,30.697,-35.096,-8.118,35.366,47.928,-3.613,-4.591,-29.049,18.844,-42.513,-10.72
35.119,-219.476,32.262,33.768,69.528,-22.687,-6.093,17.929,10.693,-8.507,-7.971,-3.033
32.167,-218.231,6.921,-4.969,63.361,-18.087,-24.908,12.572,9.895,-14.821,-11.234,4.569
49.973,62.137,-9.024,-45.744,59.931,112.627,-22.997,23.947,-22.695,-19.323,0.654,-10.155
48.197,-53.79,-49.852,29.675,47.591,-112.442,-3.437,9.103,-36.66,7.763,-22.226,12.329
45.784,-53.369,-72.569,-13.679,55.773,-71.885,25.046,-75.565,-37.973,46.665,-21.558,2.815
44.917,-106.079,-6.326,-30.713,-8.281,-42.258,4.287,11.048,-1.607,-3.244,3.002,-16.623
47.201,-84.385,-62.004,41.763,13.756,-110.48,-3.737,-31.607,-37.736,11.067,-8.651,-7.966
48.006,-82.441,-30.099,48.593,7.265,-103.652,26.854,-41.882,-37.357,21.497,-0.966,0.931
45.147,-57.082,-43.242,52.092,48.813,-38.654,63.235,-81.66,-10.705,-21.756,0.272,-25.72
46.74,-21.636,-63.243,11.336,74.245,-81.657,27.249,-81.417,-24.019,49.184,-18.26,12.743
46.069,-56.533,-13.183,55.675,30.595,-75.682,51.401,-81.811,-8.023,44.691,-16.68,27.455
45.707,-50.469,-20.035,44.526,49.113,-59.474,60.675,-73.641,5.882,18.917,6.808,19.404
45.969,-6.596,-43.912,58.134,57.191,-86.816,51.473,-88.881,-19.438,25.095,-26.843,21.756
48.178,18.236,-8.321,-83.747,53.505,-19.383,15.415,2.454,9.654,-7.06,8.16,-2.247
55.012,86.527,-19.171,56.922,31.67,-47.287,-49.009,-11.274,-15.194,-0.371,-9.318,-0.648
51.015,50.722,24.698,-33.471,38.388,-22.391,-18.095,-11.849,-37.466,-12.35,-0.283,-19.831
51.3,32.441,8.316,16.113,71.177,-54.43,-2.83,-23.45,-43.951,5.779,-14.329,0.778
48.92,67.655,-62.344,-11.646,147.889,-49.455,10.726,-14.465,-36.366,-9.479,-33.554,14.646
42.469,-17.802,-22.347,32.386,102.575,-62.328,11.79,-110.092,-41.535,25.378,-8.545,11.848
42.881,107.076,-61.761,7.694,94.323,-70.008,-56.852,-44.953,10.946,30.011,-30.68,18.154
40.029,99.954,-66.48,-5.197,60.685,-78.49,-44.052,-76.135,14.173,34.81,-10.719,25.131
47.338,-81.787,-70.64,104.863,-1.607,-125.285,12.756,-47.567,-31.636,29.554,0.42,15.407
41.423,-77.747,-53.816,28.223,19.556,-85.111,30.229,-84.848,-6.168,63.932,-16.034,9.222
53.502,54.873,21.654,-22.391,78.226,-24.822,62.416,-3.681,0.381,41.24,6.272,-3.089
54.966,65.591,0.74,59.285,55.989,-78.467,-10.785,-15.516,-5.714,7.806,-20.406,-5.73
47.816,-27.805,-65.701,53.871,39.996,-78.544,-2.397,-4.695,-0.351,0.683,-7.179,1.028
50.501,50.347,19.489,-34.324,105.938,20.919,48.998,-30.278,-15.671,18.042,20.407,-1.71
51.009,26.557,-19.353,18.147,74.624,-58.811,16.595,8.643,-5.762,11.752,-30.878,19.913
48.235,-86.922,-40.81,62.061,2.333,-111.194,18.374,-35.838,-38.037,14.238,-12.532,2.643
43.837,-43.713,-70.541,40.21,39.272,-76.152,51.567,-79.916,-39.896,24.516,-29.43,-7.37
46.062,4.231,-79.96,4.438,69.731,-18.996,22.923,-72.408,0.356,8.417,20.832,5.746
47.012,20.25,-41.668,15.807,49.161,-71.869,24.877,-28.316,-0.85,48.306,-18.628,42.474
44.491,-34.637,-75.383,69.854,61.601,-68.809,39.438,-104.729,-17.148,44.915,-44.916,26.193
21.737,89.316,-138.359,319.635,33.415,-177.949,-53.257,76.58,32.085,-80.55,53.937,-28.786
48.371,46.464,-34.823,-30.153,41.308,-6.493,-39.156,21.733,-3.779,-7.444,-34.123,-0.48
42.457,20.356,-27.926,-131.618,97.241,3.966,0.438,28.857,-9.592,-35.611,-31.709,0.222
42.63,-19.136,-34.074,29.868,77.81,-59.447,-3.879,-93.842,-48.56,33.537,-26.843,19.709
42.931,102.282,-102.049,-9.872,69.718,-90.507,-39.141,-31.827,13.37,34.434,-27.381,32.367
41.027,83.226,-71.947,11.089,38.943,-89.12,-32.272,-88.822,9.986,52.139,3.501,16.803
47.049,-77.402,-85.264,86.683,3.813,-126.863,23.056,-53.057,-22.05,8.806,-16.774,13.387
43.103,-101.331,-35.182,17.013,3.808,11.415,67.439,-22.524,14.83,-74.922,-25.473,27.768
45.76,-10.58,-67.226,44.197,38.918,-69.681,65.822,-88.951,-23.723,29.505,-23.702,28.227
49.934,47.567,-2.2,-113.783,13.696,-1.414,22.762,17.612,14.136,-14.107,34.175,-9.463
56.213,122.309,-16.558,11.764,-3.135,-60.08,-53.893,16.207,0.886,-2.085,-3.697,6.844
54.704,125.872,-24.785,-43.343,3.695,-16.684,-46.766,-28.314,-5.191,13.457,-16.811,-11.614
50.673,76.106,-39.205,10.444,41.842,-24.111,-35.839,-47.421,18.381,1.922,-45.035,22.005
46.905,-18.853,-6.617,-34.834,82.042,-26.868,-20.427,21.769,18.1,5.708,-18.618,11.587
48.614,-31.107,-38.787,42.99,46.382,-101.726,-13.974,42.976,-4.157,2.593,-37.492,7.816
44.467,89.984,27.145,-33.987,70.759,-32.997,-7.065,-40.827,-10.153,51.967,-21.571,34.157
37.29,70.698,-38.928,212.984,95.959,-52.675,-41.049,-12.631,-4.108,-8.881,-98.328,63.908
46.133,103.77,13.446,51.463,89.041,172.893,27.913,-69.472,-21.296,43.769,87.219,-29.313
40.478,-14.406,21.977,15.805,49.488,-45.848,-9.499,-84.513,-51.032,70.421,-24.657,21.064
29.671,60.026,-75.616,170.808,43.095,-132.905,-49.173,-81.084,-29.302,-4.869,-39.587,9.079
42.797,95.385,51.157,-76.496,91.439,98.28,12.556,-92.998,-40.062,70.615,71.889,-7.909
46.449,107.822,-2.779,59.424,63.8,-74.91,-45.705,25.758,-14.437,39.778,-37.713,8.338
47.091,-79.642,-63.719,107.181,-11.106,-121.31,16.552,-31.766,-24.725,7.576,-19.337,27.018
41.319,2.085,6.729,67.129,74.144,11.363,33.747,-82.991,6.789,-66.895,21.366,24.085
33.847,147.033,-57.442,143.505,67.757,-100.842,-79.383,-45.623,14.005,-12.026,-39.239,30.834
25.47,266.87,-35.416,138.323,67.44,-57.693,-57.053,-99.154,8.025,24.933,-57.98,5.927
46.158,97.204,2.467,171.19,30.007,-5.75,-23.688,-124.118,-56.774,39.195,-43.459,9.53
35.496,-99.883,-165.334,289.07,-4.133,-164.905,-54.51,68.168,-22.121,3.065,-50.575,8.075
39.229,-9.087,22.298,81.927,76.177,-20.616,-5.935,-99.291,-53.896,108.174,-10.321,7.565
28.757,66.513,-84.629,281.324,91.513,-29.819,-60.208,24.88,-3.813,-82.491,-16.681,1.974
49.843,-47.063,13.379,30.816,26.256,-103.749,-4.472,12.336,-21.584,32.343,29.53,-3.0
45.497,27.481,31.288,82.975,106.136,-42.181,-3.741,-16.76,20.453,15.052,-37.259,-4.87
45.025,89.951,-2.449,0.371,67.665,-34.483,-21.125,-30.941,-0.958,59.296,-11.207,29.58
36.848,92.88,-50.439,166.392,95.872,-38.54,-43.351,-10.548,14.61,-8.034,-104.945,45.574
36.227,158.283,100.848,-181.491,140.434,91.275,40.184,-126.349,-13.495,12.223,-28.247,-15.625
45.864,30.894,40.866,32.753,106.487,-45.828,17.645,-6.791,3.303,3.116,-12.037,-19.997
41.446,-14.6,9.433,44.097,48.646,-49.928,-10.876,-63.032,-41.086,61.958,-23.81,15.569
29.167,50.165,-63.87,184.914,59.899,-138.575,-43.996,-57.965,-9.213,11.328,-42.495,-16.54
45.175,49.531,54.377,-34.642,73.804,-18.636,-11.605,-59.932,-47.467,106.773,4.507,2.958
46.895,65.698,38.845,43.3,70.528,-60.698,-45.291,14.402,-17.71,40.146,-43.721,5.324
46.325,-77.063,-72.346,104.155,-7.103,-134.194,5.838,-26.889,-17.979,6.665,-4.8,14.041
39.66,-22.686,-1.152,45.714,70.959,-81.668,-0.545,-70.362,-17.754,34.045,-13.693,40.889
35.185,56.976,-16.088,98.113,72.292,37.65,-19.505,59.964,37.396,-120.149,-61.619,28.484
26.718,253.904,-5.954,119.839,90.091,-80.119,-45.209,-124.423,-1.764,38.634,-33.087,-0.363
45.704,84.942,-4.022,182.761,33.041,-14.349,-23.84,-132.264,-52.717,35.12,-60.453,7.541
36.094,-87.235,-167.591,309.167,12.301,-71.87,-36.956,63.374,-23.924,15.35,-5.235,-0.394
38.839,-21.414,17.735,91.946,82.888,-29.958,-17.436,-102.454,-53.01,101.136,-15.39,15.622
35.535,-93.865,-176.241,301.018,3.756,-155.038,-50.474,73.908,-17.679,6.169,-54.75,10.013
49.478,-28.05,1.966,54.062,24.231,-79.209,-21.079,24.129,-28.407,7.708,-21.454,-5.175
43.208,36.381,-7.135,-4.259,67.564,-48.379,2.783,-108.259,-29.407,67.468,-16.468,16.755
45.134,50.644,64.029,72.136,74.684,-10.28,44.818,-71.679,-2.396,-44.944,17.257,48.886
37.004,93.977,-21.505,232.215,93.405,-41.406,-45.976,-3.7,-9.233,-23.542,-94.76,43.04
48.979,130.923,17.76,104.664,50.262,8.063,-16.717,-77.346,-49.641,68.772,-30.894,13.533
40.231,1.686,25.063,22.314,59.563,-40.51,-11.864,-103.519,-47.446,69.564,-17.267,22.191
29.616,66.345,-76.821,197.44,59.524,-123.172,-47.684,-54.74,-12.313,-5.193,-41.486,6.62
41.803,86.496,61.056,-79.504,117.065,134.99,32.533,-83.607,-19.752,64.851,101.973,-16.831
46.551,80.654,27.575,43.722,59.034,-66.894,-42.001,29.446,-23.653,35.36,-33.157,2.054
47.161,-82.485,-61.029,116.79,-11.247,-106.51,18.28,-31.229,-26.513,14.224,-5.723,24.634
41.332,0.737,8.852,77.735,67.77,-22.136,22.23,-95.515,-5.558,-19.685,23.027,29.746
32.694,144.237,-72.598,160.975,74.629,-107.359,-71.683,-58.753,14.995,-21.656,-47.286,36.707
25.599,277.855,7.824,94.198,71.033,-93.459,-41.306,-88.62,-0.368,54.982,-30.712,-5.682
46.242,90.093,2.13,164.16,26.016,-25.06,-27.236,-120.485,-56.108,34.174,-56.182,11.527
36.365,-93.431,-165.97,293.022,2.158,-142.609,-45.497,63.399,-27.804,6.613,-48.433,6.92
40.104,72.071,-12.835,8.603,100.15,86.932,3.98,-36.172,-45.187,125.545,2.017,3.772
47.176,-9.436,-31.479,28.29,59.365,43.913,29.424,-0.134,-36.691,91.833,92.907,-15.284
44.717,6.55,48.095,50.883,92.848,-16.523,0.225,30.617,21.513,-18.726,-44.258,-9.151
44.507,94.532,2.839,-0.04,69.326,-37.135,-21.219,-32.462,-19.564,74.637,-6.946,36.89
36.372,95.885,-57.082,185.478,88.757,-35.337,-51.531,-12.21,17.246,-10.986,-111.824,45.671
41.642,114.237,83.794,-107.039,99.22,278.552,64.686,-62.956,4.111,-45.206,10.256,-38.311
45.387,4.432,50.774,37.599,88.37,-23.767,-1.074,32.306,23.18,-20.733,-25.625,-10.411
40.714,4.006,13.64,41.474,51.846,-26.641,-14.158,-79.89,-53.821,80.385,-14.767,24.261
29.301,70.526,-85.002,200.84,68.776,-127.877,-53.48,-44.768,-11.699,-0.542,-39.587,-8.171
33.487,44.483,121.215,-250.994,113.368,154.019,68.711,-44.391,-4.057,-25.302,-22.543,-23.005
46.666,85.211,21.592,44.431,67.526,-60.318,-46.474,20.28,-18.889,31.597,-36.113,-0.244
47.001,-61.808,-93.793,106.869,8.78,-116.502,9.254,-24.946,-15.093,5.429,-19.737,20.988
39.833,-29.695,-12.66,-8.828,68.635,2.274,32.158,-9.177,20.78,-68.475,-12.016,19.121
38.131,118.841,4.224,48.038,72.472,26.49,-25.851,56.682,45.97,-105.475,-5.309,24.84
31.954,265.387,6.059,28.435,74.088,-0.475,-38.947,2.175,-20.061,-20.147,-40.674,5.597
42.21,141.398,15.229,-47.561,73.381,112.117,-31.833,66.461,-55.05,83.155,-42.492,-22.346
45.684,74.638,-1.268,-85.745,81.276,54.371,-22.359,-6.236,-31.004,74.131,25.101,-32.446
49.673,26.041,75.92,-4.98,83.505,-26.722,-9.072,-10.594,-1.428,-3.048,-4.135,2.176
51.486,35.88,25.065,-5.414,58.989,-7.103,-7.993,-35.064,5.13,20.935,-61.507,29.493
50.311,36.802,20.81,-46.142,9.303,-29.899,46.98,8.835,35.572,2.113,-4.518,-6.8
51.789,75.537,36.496,-0.969,34.15,-49.583,21.07,-8.441,16.174,21.588,-26.921,-22.083
47.277,91.494,20.461,-5.358,72.148,-10.381,-11.456,-35.427,17.126,-41.225,-1.765,-0.428
43.217,129.256,23.84,70.295,103.556,-71.096,-41.756,36.766,-20.374,35.558,-28.234,59.222
30.189,137.435,36.596,47.704,76.924,9.318,-6.493,-45.033,-8.488,-24.243,-67.271,4.72
54.501,90.555,16.744,71.096,43.816,-56.414,-57.74,-8.051,-22.487,6.452,-9.887,-11.134
41.484,-33.773,-23.765,32.481,62.665,5.92,-29.557,52.76,4.983,-24.975,-45.961,24.271
45.45,114.729,12.695,-49.882,78.497,10.125,-10.811,-60.097,-45.872,68.103,-43.197,18.669
44.534,169.823,-3.737,-32.238,99.333,-38.885,-16.972,13.32,-26.593,-56.057,23.897,4.549
49.232,16.4,73.095,-36.6,80.58,-28.783,-9.583,26.924,1.336,26.398,9.371,2.241
51.822,47.37,30.368,5.952,59.277,-32.06,55.416,0.158,-2.761,9.361,12.262,-9.495
52.223,134.194,34.484,0.883,36.368,-39.407,0.569,1.621,13.183,12.594,-17.016,-28.439
47.69,-14.68,-62.459,92.014,26.621,10.284,22.035,-32.341,-34.606,33.899,0.207,12.844
40.561,-12.665,30.839,77.666,67.25,-70.296,5.077,-89.925,-31.994,27.101,-6.169,39.595
36.799,192.627,-54.338,80.389,73.051,-106.932,-84.185,-39.832,-0.89,-9.854,-8.194,15.785
31.881,215.03,46.474,32.365,82.365,23.932,-22.001,-17.827,9.651,-30.09,-49.038,2.896
53.699,86.598,11.536,69.094,52.594,13.246,-14.386,-23.886,-18.161,43.701,44.766,0.849
52.57,85.355,44.711,-35.011,22.145,-8.286,-47.16,12.103,8.99,-36.489,29.454,9.44
50.288,-0.756,-56.809,77.574,-13.918,-75.911,-8.649,3.558,-5.442,-5.36,-48.323,21.34
40.886,33.552,-24.362,120.153,42.144,-25.971,-26.272,19.637,-15.908,-7.887,-34.288,22.836
45.877,156.406,-21.837,-86.701,114.141,73.24,7.579,-47.488,-38.093,40.887,7.255,-5.131
49.586,105.076,-75.635,-41.323,27.881,-40.656,-10.807,-8.101,-13.501,18.604,11.158,-1.835
51.333,102.897,-35.242,-66.428,44.005,-32.304,-25.259,10.471,39.607,1.227,3.596,49.44
52.165,75.833,-9.417,-15.642,46.392,-31.142,12.336,-33.406,5.35,19.887,-24.559,16.21
50.662,64.765,-12.21,5.671,35.202,-42.234,35.998,-17.715,22.991,13.563,-39.667,-20.679
46.744,58.363,-49.237,-76.655,24.039,-4.78,8.365,-59.343,18.381,-17.487,-19.315,-3.456
45.052,72.819,-32.545,97.837,44.937,-51.567,-31.773,51.698,2.429,2.835,-74.932,35.917
52.972,65.247,-25.479,107.392,54.784,-60.629,-48.181,-11.454,-21.166,2.388,-38.278,14.998
45.022,91.673,5.749,-43.119,65.895,-16.391,-25.232,-14.346,-13.934,5.765,-0.49,19.556
46.623,118.342,-26.159,-5.86,44.175,-26.752,-47.182,0.028,-42.571,38.082,-26.893,-7.214
45.562,116.624,24.553,-70.166,86.582,13.93,-16.137,-80.742,-57.812,79.645,11.084,-8.459
49.991,64.689,48.908,-20.023,101.415,-57.967,-24.403,-17.353,-18.861,33.924,5.611,-4.005
51.918,35.648,1.113,-43.777,27.759,-65.08,8.605,-15.302,-38.13,25.641,-17.37,-2.142
51.34,50.835,20.568,-8.581,24.112,-61.964,36.198,16.104,14.049,-2.955,-11.813,-14.299
51.54,103.695,78.132,6.749,68.026,-54.644,29.361,-6.595,-7.843,40.391,-18.534,-15.435
52.076,82.473,96.514,18.829,68.774,-15.34,8.923,9.465,-4.5,11.89,-3.375,3.164
54.003,93.506,66.891,37.25,71.218,14.365,-3.37,3.845,5.544,-5.453,35.264,-7.584
51.595,11.182,-7.086,30.053,48.358,-76.308,20.875,15.435,-14.561,32.834,19.694,-7.824
50.747,47.894,12.243,-46.485,85.402,-32.06,17.702,25.102,-3.518,-18.432,-13.25,-25.99
52.693,49.89,-6.733,-18.676,45.702,-46.891,28.947,1.055,22.219,18.499,-9.631,-2.575
50.309,-7.826,-32.723,41.161,30.891,-73.433,6.034,24.641,6.093,5.2,-65.482,18.185
44.128,135.0,-3.379,-22.035,117.967,-11.184,-34.335,-35.196,-26.319,92.371,-31.701,35.928
32.11,177.528,55.868,-12.618,83.595,-23.25,5.437,-30.722,-5.333,-19.174,-21.431,2.8
53.7,38.174,10.162,99.825,74.985,-81.616,-22.317,-37.426,-20.177,9.838,-9.8,13.085
48.093,31.074,17.311,16.679,97.103,-51.733,20.925,-26.448,-35.593,-2.348,13.154,22.454
49.778,35.148,33.677,56.999,81.196,5.153,-21.965,-22.907,-1.406,-46.768,-45.903,0.876
46.613,64.269,-17.504,-15.993,109.942,-51.089,1.594,-31.216,-4.817,64.417,-15.888,15.181
46.486,-33.008,-61.222,18.247,47.049,-101.333,27.186,-60.23,-49.544,28.633,-19.143,11.038
45.18,0.303,-11.123,-59.757,45.008,-11.073,-4.045,98.848,0.449,-11.879,-29.817,-4.785
49.13,-47.084,-61.069,73.37,29.882,-102.775,18.955,-3.888,-30.341,26.818,-3.126,8.711
43.607,-21.11,-28.574,7.867,71.732,-62.803,2.351,-42.598,-1.587,23.426,0.118,14.528
41.82,-13.953,-66.939,-4.998,64.925,-4.778,-18.994,20.717,21.213,-70.68,-55.351,16.883
45.849,28.212,-17.886,-35.11,48.216,-23.597,-12.903,-34.993,-26.944,46.864,-2.314,-1.193
46.421,0.571,-18.105,96.081,52.624,59.144,-9.312,-35.022,1.015,-58.493,-75.49,1.858
51.813,-2.141,18.817,17.443,45.42,-93.602,14.656,12.346,-10.006,18.324,29.897,8.362
49.82,96.057,-27.156,-7.433,137.621,-64.978,-10.884,10.567,-28.353,-25.066,6.045,20.297
50.477,83.159,0.027,-79.294,102.428,-45.37,3.532,-23.653,-40.982,-9.089,15.774,-2.289
53.092,69.708,18.746,13.342,47.014,-46.335,36.144,5.35,-36.125,9.336,-8.084,-22.192
50.728,-29.141,-31.799,-3.735,34.547,-111.87,9.375,8.134,-19.097,1.598,-19.528,-8.805
44.242,6.829,-101.089,68.295,51.822,-81.422,21.119,-12.312,10.448,31.279,-57.356,3.17
44.654,56.42,-70.315,-13.517,34.135,-54.022,18.836,-25.101,-14.125,67.264,-35.6,23.276
41.58,33.615,-28.063,23.262,49.64,-99.173,19.716,-44.363,-17.665,47.8,-17.729,25.427
37.103,180.825,-46.906,109.006,57.598,-114.291,-9.12,-51.595,22.21,0.835,-20.071,1.139
54.331,50.728,23.56,100.905,68.309,-47.505,-7.456,-33.347,-17.352,15.88,-4.371,11.048
47.824,3.83,63.641,11.538,93.483,-30.851,1.111,29.709,-9.89,-19.468,-18.577,19.551
49.629,37.527,39.851,-0.185,70.47,27.63,-28.197,4.356,1.652,-19.683,-22.146,-9.782
43.456,46.482,21.787,-74.337,97.359,-39.868,16.755,-8.698,-29.729,-15.908,-4.682,3.077
46.265,-28.257,-83.611,18.157,40.503,-94.894,5.317,-49.972,-46.774,33.459,-22.372,5.178
46.777,37.254,-30.677,8.076,47.514,-12.579,-26.377,75.012,7.531,-7.055,-25.314,-6.44
47.5,31.618,-56.277,54.894,63.625,44.436,16.553,6.783,-28.827,85.981,47.049,9.417
42.406,34.278,-85.85,51.846,55.452,-64.22,-34.917,-75.325,-41.965,32.197,-56.734,17.703
40.283,40.135,-78.799,-0.139,38.032,-18.668,-52.504,-41.397,-10.883,44.294,-68.441,17.482
28.061,92.015,43.149,2.056,57.834,3.327,31.33,-7.579,-11.736,-25.223,-40.098,-16.974
49.562,6.403,88.023,29.563,109.558,-19.546,13.409,-4.433,-10.383,10.523,18.111,14.278
50.058,45.999,69.502,33.43,101.165,-14.946,0.215,9.939,10.382,-20.592,-21.457,27.481
48.822,47.839,42.168,-63.698,89.093,-31.65,-11.658,4.019,-7.277,-1.064,4.482,-6.777
53.879,23.162,-10.825,-29.863,8.901,-70.125,-2.33,8.449,-12.3,-9.06,3.155,-10.06
54.091,56.861,32.62,-27.779,23.02,-25.508,0.495,10.939,7.287,1.145,-12.418,-35.645
54.072,73.84,43.181,-20.22,-1.317,-29.29,12.204,8.57,-23.664,-7.453,-10.872,-35.105
55.394,108.652,32.242,-13.345,15.904,-23.903,-0.096,-0.116,-2.731,-9.611,-15.24,-27.866
55.555,71.022,10.333,57.729,46.804,-52.942,-18.584,-29.629,-17.482,-1.913,-16.393,-7.967
53.006,64.523,88.803,-23.155,64.205,-42.808,49.039,28.25,-19.814,-6.78,-3.169,2.523
54.091,90.268,91.61,5.702,74.293,-32.3,48.142,18.281,27.95,-5.513,-2.643,8.49
55.281,105.537,60.438,16.121,95.516,-33.272,29.357,1.079,-14.083,-8.01,-2.322,23.735
50.464,31.038,35.261,78.28,101.49,-17.823,19.524,-31.538,-23.323,-29.022,-55.928,36.409
44.951,128.641,-19.215,-23.596,89.637,-44.889,-23.618,-31.942,8.926,31.12,-14.114,18.064
46.703,55.361,-13.549,-27.962,44.624,-11.639,-0.628,-112.83,-14.737,47.063,-81.42,23.877
47.908,-18.183,1.004,-28.756,49.373,-16.797,45.822,-14.748,54.176,-12.452,17.739,1.259
49.292,18.476,-22.122,32.632,45.728,-57.513,21.922,-30.341,8.683,37.801,-42.019,14.813
53.919,75.818,-17.993,78.645,8.745,-54.297,-36.974,-29.372,-12.69,3.074,-41.839,-4.512
47.654,53.448,29.638,-44.953,6.3,-21.762,9.381,-13.012,43.17,6.229,-16.7,-9.904
49.776,18.521,-10.398,-13.754,35.988,-7.106,20.436,-27.759,16.438,7.114,-70.332,17.025
45.48,-35.57,20.163,17.441,20.867,-30.053,3.359,-18.631,16.388,-10.978,-27.836,-13.274
45.905,-26.741,-24.414,20.533,114.026,-69.425,39.422,-60.111,-34.024,34.641,-12.155,10.607
45.215,-80.049,73.998,-23.011,62.881,-31.871,31.391,24.137,23.6,4.09,1.274,9.559
48.316,-33.587,38.78,-49.173,79.905,-37.029,48.613,17.472,33.38,2.046,-20.13,7.762
51.286,12.28,45.626,-18.803,41.356,-40.109,27.953,28.963,21.947,-7.12,-17.688,-14.86
52.722,-2.638,-9.607,-15.919,0.357,-84.053,-7.818,10.755,-33.355,-2.302,-6.059,-20.077
52.536,68.338,16.378,-25.036,-34.23,-34.109,3.929,-4.323,1.954,8.252,-7.886,-43.168
52.485,29.338,-3.69,6.095,13.387,-42.708,21.819,-7.341,-4.262,5.268,-18.458,-16.369
51.63,61.712,-20.828,-37.853,26.27,-34.744,3.238,15.533,-4.666,-14.142,-15.378,8.523
53.333,66.073,3.048,-47.375,55.23,-47.969,8.901,-3.3,23.219,27.926,-0.949,21.983
55.687,125.993,-13.309,20.669,18.342,-25.005,-54.528,30.398,-12.087,0.767,26.787,-8.139
51.732,81.131,9.102,-8.323,7.997,-27.064,-67.372,19.279,-15.199,-8.723,-6.151,-4.931
52.06,113.444,-5.656,-30.113,42.815,-16.919,-21.2,-14.044,15.45,-19.513,2.809,15.963
53.181,86.923,-18.407,-45.76,115.464,-54.787,-6.747,-7.734,-4.997,12.893,-9.074,19.935
54.107,97.859,47.62,2.201,81.12,-42.482,-1.448,5.63,9.342,13.602,1.452,35.074
53.293,85.766,36.099,23.914,72.948,-41.652,8.909,-14.326,-0.465,4.957,-27.662,30.95
49.376,66.487,29.23,4.721,24.135,-27.206,-54.328,-0.096,3.283,5.417,-26.205,-29.805
45.569,48.622,-13.132,-3.263,70.191,-29.764,-14.398,-66.946,14.873,-4.141,29.041,7.834
48.812,-60.681,-72.832,41.104,16.345,-130.707,18.028,-23.058,-26.248,14.187,-7.257,5.424
46.778,-89.311,26.229,-56.136,30.45,-40.973,69.71,39.752,41.478,0.988,-10.991,1.521
49.643,31.462,-32.534,20.4,39.007,-9.996,42.915,-7.618,41.149,-15.008,-24.858,-1.617
50.597,34.158,-15.906,-26.719,15.881,65.241,-7.99,31.714,28.416,-51.226,-27.399,-28.234
47.721,21.914,-31.511,14.909,-0.077,-21.17,-1.754,-61.817,9.11,16.41,-41.194,-8.029
47.946,-45.621,-33.676,-18.816,73.229,-11.537,72.147,-62.829,-3.991,-13.434,27.422,0.442
48.832,-95.118,22.225,-0.914,14.064,-35.361,39.944,3.696,8.263,5.469,0.549,21.399
51.509,-40.522,-28.961,12.443,52.36,-70.991,31.122,-3.156,-6.863,-7.391,-12.835,-1.737
50.389,-17.957,-19.063,23.119,36.169,-67.501,8.583,-32.604,9.169,17.797,-18.698,-3.018
52.09,-25.738,-9.33,-25.685,35.313,-90.63,19.049,-1.189,-11.967,7.777,1.109,7.818
53.457,35.884,54.308,-5.347,31.469,-49.08,58.593,31.497,7.645,-8.176,-9.476,10.543
53.301,21.698,27.515,24.289,18.454,-38.574,11.711,-13.759,2.415,1.803,-23.37,-11.192
52.305,13.974,22.761,-21.327,35.798,-56.536,13.873,-26.87,-48.788,23.782,-8.488,9.695
52.254,53.179,13.082,34.379,29.707,-25.361,22.782,18.388,-1.698,-17.102,-41.928,13.163
50.697,86.857,-46.36,21.854,61.223,51.877,-11.94,30.866,0.957,-29.423,-35.049,-4.395
51.297,81.048,16.639,-60.43,38.36,46.684,-21.996,3.562,-40.013,-10.863,7.239,-54.047
53.979,102.381,54.911,-22.539,21.977,-13.919,-66.339,-19.998,-12.578,-3.063,3.113,-50.479
53.601,122.49,15.805,34.466,87.459,-31.871,-43.349,-8.913,-49.101,-5.248,-30.724,-11.07
51.315,86.545,42.139,-55.326,117.638,-24.146,14.419,-3.877,-30.627,-4.07,-2.68,16.058
51.414,45.223,32.481,13.912,83.583,-57.383,-3.179,-7.895,-30.797,5.697,6.184,28.557
52.173,77.177,38.567,-26.846,97.139,-37.832,24.002,7.405,-6.938,-19.73,10.732,20.682
52.466,109.03,62.29,-0.381,76.399,-42.454,-7.519,-10.332,5.285,6.714,5.363,40.731
51.547,2.424,-40.44,59.364,30.419,-52.593,5.117,1.773,-23.245,28.897,-0.374,21.198
43.842,-8.72,-88.443,33.723,59.057,-54.51,39.691,-110.26,18.767,25.23,-15.843,16.63
41.174,-69.074,-79.706,31.749,55.035,-96.442,34.75,-69.968,16.699,50.092,-8.382,5.74
51.769,43.117,-44.718,126.743,15.909,-62.829,-34.426,-43.456,-15.628,-10.914,-59.004,-1.856
42.936,-67.385,12.726,-26.757,41.35,-37.595,44.942,10.819,3.588,8.389,-1.595,6.039
45.829,-57.501,-70.805,104.717,41.056,-42.219,24.196,-11.966,-16.877,13.964,40.442,-14.62
42.95,-41.898,-58.813,35.17,96.343,-48.025,30.046,-95.337,-36.198,37.733,-12.993,7.836
46.2,-11.168,-68.172,-33.775,49.211,38.038,24.928,-14.321,13.597,-51.768,20.043,-18.083
50.876,-29.828,-36.38,-7.574,42.03,10.878,39.73,0.036,-31.289,3.105,44.685,-7.173
51.609,1.655,30.306,-29.685,5.26,-39.346,56.225,15.71,3.486,0.08,-6.923,14.221
49.649,13.23,-33.317,50.55,-3.259,-11.809,11.046,-49.168,-40.28,5.332,-56.745,-27.313
43.041,-63.098,-35.178,65.868,-5.382,-71.048,28.681,-63.102,-35.047,37.176,-18.08,-15.606
51.787,97.305,-32.582,-32.165,27.956,-28.088,-12.026,-24.589,16.25,36.192,-5.44,7.496
50.26,60.401,-38.988,42.571,24.308,-15.892,-5.838,-26.25,-3.53,-12.054,-61.907,2.3
53.078,45.094,-19.105,52.54,55.776,72.226,-4.878,-26.731,11.515,-26.989,57.948,-14.207
49.187,54.388,-11.437,31.942,83.248,-13.658,-6.252,59.333,18.473,0.24,-35.468,4.231
51.887,66.531,15.106,-36.275,66.56,23.019,-20.416,27.377,-40.107,20.682,17.84,-35.722
50.863,46.781,35.076,-13.384,136.188,-52.299,35.735,-5.354,2.396,-8.495,-5.005,0.379
49.403,33.725,25.807,52.948,107.991,-41.224,3.374,-35.051,4.552,23.711,-43.697,31.701
49.825,94.407,-30.278,-11.789,52.657,8.004,-22.553,-26.712,-19.64,37.604,-6.602,-3.413
47.243,-70.573,-84.717,94.692,19.806,-26.893,40.458,-52.232,-22.951,14.383,29.936,3.986
42.579,-93.619,-47.717,38.717,14.206,-51.823,70.342,-47.468,1.972,2.131,11.497,21.025
44.507,-19.317,-72.885,46.468,30.732,-86.311,58.357,-99.365,-22.965,48.154,-32.632,40.597
40.82,-67.702,-108.617,36.348,30.754,-88.186,5.669,-91.167,15.876,47.695,-32.334,28.772
50.658,40.366,-35.793,-52.173,37.872,84.12,-2.747,28.406,-4.654,-40.869,-6.122,-25.023
48.564,-58.191,-51.841,23.359,42.998,-107.163,3.189,7.894,-33.994,12.102,-26.593,11.626
46.203,-54.134,-66.874,-12.191,59.559,-69.22,35.799,-65.045,-39.346,47.175,-22.251,10.403
44.731,-127.442,-0.217,-34.855,-5.545,-38.198,14.248,22.185,3.118,-15.801,1.198,-8.278
47.222,-82.901,-61.768,39.387,13.394,-110.285,-5.889,-30.293,-34.982,11.915,-10.63,-11.815
47.726,-80.324,-46.197,54.311,13.425,-66.768,28.265,-44.399,-35.263,13.884,20.381,-9.484
43.575,-144.097,36.19,-16.673,10.152,-36.054,52.481,6.364,12.719,3.52,-9.642,-9.416
45.079,-67.209,-37.47,47.287,49.443,-18.6,69.301,-74.352,-1.64,-40.392,-1.23,-28.408
46.588,-19.485,-64.252,-4.692,83.314,-15.784,47.372,-80.577,13.532,-28.621,31.164,-5.07
46.747,-50.624,2.491,59.566,22.329,-74.855,59.19,-59.295,-26.497,39.339,-7.012,32.938
45.987,-48.107,-13.206,37.605,31.908,-88.38,38.279,-38.229,-18.117,41.526,-16.851,36.855
45.654,-5.378,-55.092,49.521,59.959,-78.561,39.228,-83.236,-13.004,22.541,-34.291,24.49
46.636,2.855,-6.929,-111.112,47.933,-8.677,18.458,3.615,17.766,-37.075,25.054,-7.431
54.625,87.625,-26.409,46.159,33.674,3.279,-43.903,0.129,-10.522,-3.382,12.579,-6.227
50.857,62.16,32.426,-29.805,38.97,-24.413,-15.798,-16.096,-38.802,-8.559,-0.522,-23.682
51.186,36.504,16.188,16.23,71.29,-52.911,-2.473,-27.451,-49.863,1.904,-15.081,2.479
48.76,70.943,-64.527,-12.024,145.855,-53.98,5.432,-19.735,-32.153,-16.157,-31.671,13.463
42.843,-35.273,-22.913,28.012,97.575,-76.689,14.509,-98.675,-44.838,34.237,-26.151,14.43
43.434,111.022,-81.5,1.269,86.62,-74.971,-57.113,-34.7,14.772,43.057,-26.381,24.5
39.902,97.613,-59.264,8.725,51.056,-89.002,-42.483,-94.23,20.335,56.244,-8.21,24.065
47.144,-81.923,-76.571,107.75,-1.258,-122.04,15.215,-57.354,-30.344,21.292,-12.402,18.57
42.088,-64.631,-57.279,56.075,14.92,-70.105,37.381,-92.489,0.339,45.87,-18.841,27.232
52.691,66.219,13.505,-45.758,84.467,-7.128,67.097,-22.122,5.33,42.396,3.363,-1.733
55.031,59.588,-5.5,62.627,61.255,-61.257,-7.345,-20.148,-8.653,6.45,-7.936,-4.545
47.864,-29.835,-64.31,55.035,34.515,-101.911,-5.518,0.439,3.338,-3.664,-22.752,7.779
49.985,41.239,19.742,-49.337,102.419,34.196,55.173,-26.08,-9.9,0.424,27.49,-0.876
50.913,22.369,-32.351,11.785,53.576,-66.576,33.651,11.188,-1.859,14.338,-40.451,22.052
48.068,-82.518,-40.905,61.731,0.303,-113.531,18.245,-39.279,-31.818,15.812,-15.402,4.819
43.295,-61.426,-68.306,33.207,32.454,-84.49,50.84,-72.99,-42.323,32.958,-35.61,-9.099
47.149,25.085,-55.955,-12.753,64.689,-67.874,12.936,-32.034,-3.348,55.953,-23.358,15.603
44.315,-15.085,-65.928,69.449,52.206,-78.408,48.333,-94.794,-11.441,45.003,-37.072,23.84
47.148,45.441,-22.363,-70.885,54.464,9.768,-16.333,26.975,8.867,2.325,-48.384,2.224
41.827,20.729,-12.535,-133.917,95.486,-4.047,1.206,25.628,-14.07,-22.047,-24.789,-0.679
42.589,-11.512,-30.615,33.679,76.104,-56.704,4.158,-87.778,-46.214,39.766,-31.143,19.513
42.963,108.313,-92.286,3.213,54.682,-89.829,-37.408,-38.136,19.031,47.032,-28.44,34.65
41.039,95.504,-85.813,7.774,39.22,-109.749,-21.088,-74.536,20.251,51.061,12.424,18.636
46.838,-93.195,-76.447,83.0,4.86,-130.152,29.363,-62.552,-26.203,10.673,-11.95,12.667
43.042,-82.617,-52.462,46.69,15.341,-26.525,75.137,-57.19,17.793,-25.878,6.431,24.568
44.889,0.14,-78.163,35.086,38.996,-73.573,66.483,-88.314,-18.646,31.119,-23.73,39.045
49.029,43.149,-5.595,-123.639,8.319,5.417,16.952,23.842,10.204,-29.642,37.695,-5.807
56.338,118.931,-6.037,9.168,-1.447,-59.094,-52.827,14.158,-4.864,-1.155,-10.746,-2.145
54.785,136.865,-13.961,-48.55,6.586,-26.012,-54.358,-20.304,-2.41,9.777,-2.713,-24.255
54.024,82.167,-55.941,-22.454,3.192,-82.207,-39.907,22.851,33.648,-0.147,-3.644,20.691
50.934,60.82,-48.785,1.852,30.714,-25.127,-22.016,-67.284,15.87,2.738,-42.376,19.039
49.51,-41.796,-52.562,5.616,22.826,-92.731,-13.506,-7.665,-6.981,1.612,-19.357,1.23
47.753,-38.334,-32.203,25.749,21.123,-103.781,-0.44,20.333,-8.045,-2.973,-19.336,14.857
44.636,47.661,-12.561,70.435,62.887,-19.065,-14.532,12.811,-35.931,-11.794,-50.896,1.099
45.673,96.422,28.91,-76.17,97.735,57.209,2.8,-88.002,-19.998,44.014,11.053,19.138
50.539,70.802,35.424,-15.143,77.504,1.607,-11.259,2.205,-4.656,46.368,-14.965,18.489
52.265,104.354,20.975,86.419,63.963,-38.747,-51.814,-39.791,-32.548,21.966,-44.909,5.385
46.207,131.943,-28.281,-32.247,78.211,-30.219,-16.452,-63.471,-24.705,4.451,-28.134,34.697
48.899,15.938,50.465,-25.969,122.147,-16.434,19.257,-1.428,-20.015,24.945,10.564,13.095
49.423,57.914,69.443,47.422,109.931,-13.442,-0.876,0.12,-13.403,-2.988,-41.533,28.523
45.398,-17.067,-47.074,13.796,17.886,-96.47,23.395,-21.145,-39.935,40.599,-7.957,18.924
46.167,103.989,-39.843,22.565,42.107,5.246,2.065,46.274,6.425,14.76,-3.113,4.553
50.85,-32.623,-37.821,16.087,24.384,-87.565,9.885,7.417,-24.514,25.95,13.378,6.835
48.401,-1.153,40.395,51.608,92.708,-19.889,22.192,-32.545,-5.682,-23.952,-40.978,1.326
50.494,66.152,40.532,1.688,95.394,-10.77,0.44,3.71,-5.419,27.881,1.943,19.382
53.045,137.897,37.978,59.058,46.651,-52.168,-51.245,-26.058,-25.41,21.359,-37.185,7.551
45.428,46.358,-101.884,53.351,69.333,56.46,-6.778,-7.692,-10.085,16.242,-123.619,41.339
43.795,117.443,38.569,-151.576,81.625,39.359,44.867,-83.178,-33.546,28.148,-2.913,3.585
51.743,74.068,116.676,12.301,108.828,-38.269,4.278,-13.103,-9.459,-14.489,3.156,20.669
49.559,12.484,-32.976,47.227,29.56,-63.718,22.218,40.53,-10.513,1.909,-57.588,19.403
45.946,-78.58,-62.683,71.018,-12.736,-138.327,-7.583,21.909,-19.349,13.479,-13.107,22.402
45.18,26.667,-73.8,42.673,17.248,-24.664,22.868,11.879,-29.0,9.721,-62.863,-4.028
46.014,54.4,-46.168,-110.932,64.772,58.897,38.036,-66.664,0.849,22.892,22.71,-8.152
50.974,68.881,35.395,-9.881,84.008,2.596,-10.551,1.519,-1.495,49.683,-9.712,20.827
52.593,127.444,23.407,61.594,41.178,-42.791,-66.926,-34.416,-32.963,24.222,-39.708,0.209
45.772,89.862,8.705,-22.798,65.173,-8.775,-3.019,-121.706,-42.647,18.759,-51.174,32.719
50.394,64.771,-18.028,-33.624,103.473,-6.04,2.043,0.498,12.357,-35.791,5.858,31.883
44.207,-26.169,-65.063,28.799,11.897,-96.301,13.395,-22.821,-32.135,34.802,-28.583,15.034
49.759,108.883,29.942,-0.105,57.182,-9.918,18.919,16.054,3.735,35.026,-1.617,-0.539
45.985,100.61,-38.003,60.867,41.724,4.582,-70.346,-11.248,-44.187,-2.824,-46.269,-2.771
50.622,-11.983,-68.706,20.394,29.791,-43.562,0.969,5.47,-14.865,52.089,45.979,12.015
49.696,11.264,40.93,-20.735,90.155,-28.277,4.374,11.223,21.65,-10.501,-10.547,4.761
51.695,89.282,50.259,3.861,100.128,-9.682,7.56,29.791,-4.834,20.531,-18.099,11.37
49.38,46.219,12.665,24.769,106.304,-59.027,-23.771,-7.204,-24.885,19.462,-4.286,37.182
52.527,138.979,21.327,40.908,73.227,19.455,-45.193,-25.42,-11.639,0.479,18.389,-10.433
48.259,12.135,-117.195,88.264,-5.608,-82.29,-32.028,30.191,-25.883,-18.533,-47.485,2.778
46.729,121.753,-8.713,-104.549,21.403,4.671,42.564,-95.361,-38.081,15.914,-10.286,4.233
50.522,68.197,-37.524,-43.166,-4.972,3.404,2.938,-48.973,12.041,-3.406,-5.723,-3.172
50.07,21.842,-2.45,-28.536,44.67,-42.466,20.358,14.021,-7.79,4.969,-4.753,14.204
52.447,16.448,-21.774,-2.109,34.147,-60.3,35.947,36.478,-21.876,-25.41,-43.002,8.744
42.427,-5.352,-75.586,-51.775,46.15,-57.768,-15.575,1.304,-19.123,63.793,-10.058,10.576
42.514,38.687,19.461,-9.408,63.726,-51.725,-8.923,-100.204,-29.162,75.173,-9.752,26.166
43.956,49.801,95.065,70.463,87.322,-72.879,16.873,-67.238,-44.67,25.78,-5.506,64.139
43.934,64.058,60.128,76.486,106.479,-72.193,7.492,-61.366,-41.406,22.713,-19.972,62.444
49.427,99.273,119.286,25.245,104.928,-3.793,19.096,-25.598,-12.96,35.157,0.311,38.473
45.705,56.366,35.448,111.458,117.801,-32.274,-9.41,28.507,-4.901,-27.551,-51.519,31.931
49.787,121.44,-12.285,91.185,34.961,5.314,-37.467,-77.124,-66.391,47.322,-40.237,20.444
38.001,29.309,-87.059,156.431,63.327,21.442,-38.94,57.183,-12.7,-35.597,-105.154,30.812
28.373,74.2,126.954,-333.326,99.124,68.439,33.022,12.596,-23.524,37.572,-27.966,34.309
51.228,51.43,0.546,-93.925,25.927,-44.972,-8.515,0.304,-19.559,15.711,-19.927,-6.38
51.222,52.627,-20.128,51.683,37.957,-36.257,-22.955,-27.203,-0.819,6.755,-26.279,14.047
44.064,70.378,-74.016,-16.434,24.817,-91.25,-66.669,-38.917,0.19,16.006,-1.553,19.857
46.764,-88.621,-61.175,110.683,-8.966,-113.28,19.062,-31.859,-28.519,16.24,-2.821,24.348
41.052,-0.806,23.945,72.943,70.728,-57.502,8.396,-86.984,-25.494,13.927,2.468,37.209
48.45,107.346,46.024,1.359,87.576,17.288,-50.575,-11.28,-17.267,57.473,-48.414,7.749
50.19,131.195,16.765,71.407,7.952,-14.889,-37.22,-80.579,-53.754,36.829,-52.063,6.452
44.865,-20.978,20.008,-73.086,79.531,-5.469,-15.66,13.493,11.691,-26.072,-1.716,19.477
36.149,-95.202,-165.397,280.626,4.914,-149.041,-51.578,63.989,-15.928,5.867,-42.499,7.11
47.558,103.047,63.175,-92.557,80.197,-0.261,3.901,0.314,-42.324,96.89,31.55,0.022
49.015,35.516,-59.571,76.902,-5.328,-24.69,-9.512,5.918,-7.087,-21.274,-97.981,3.022
45.815,-20.321,-55.9,-74.286,39.97,157.144,64.94,-52.573,-14.328,21.088,20.853,2.606
49.25,3.46,-40.464,26.387,48.181,-22.604,-5.633,18.764,23.427,-3.537,-44.358,-5.96
44.364,46.027,-57.565,-24.657,21.484,-60.745,9.504,-8.635,-2.219,84.473,-16.914,27.625
41.573,31.279,-26.662,32.893,43.417,-102.872,17.397,-58.762,-15.067,62.011,-18.189,31.452
48.117,82.033,90.645,5.811,106.105,-31.819,37.256,-47.03,0.396,57.015,-5.95,18.098
47.415,26.067,99.853,92.587,121.792,-16.868,21.785,-9.079,-25.585,-15.002,-62.378,15.106
48.803,116.821,-8.441,113.798,33.936,-9.467,-33.299,-90.967,-56.255,35.511,-54.035,17.199
37.045,24.787,-81.81,180.812,65.86,0.409,-42.536,64.438,-5.553,-21.507,-102.443,31.592
28.27,43.032,165.686,-366.011,110.261,39.105,51.256,-8.491,-36.736,21.393,4.257,20.221
43.614,157.16,-56.03,47.511,70.818,-2.438,-59.361,71.76,-22.519,21.798,-69.59,5.495
50.188,118.941,53.742,-58.882,65.554,57.381,-25.338,-4.946,-42.643,71.901,-9.304,-1.07
47.821,66.262,-58.097,26.576,38.863,-49.057,-52.098,-66.788,24.118,11.536,-9.971,13.031
52.568,62.99,1.248,19.319,38.795,-53.162,-32.37,60.093,6.839,-10.482,-27.348,17.467
46.417,138.318,98.41,-73.813,73.788,119.54,-7.106,-8.372,-33.577,58.262,57.357,-38.008
50.218,54.753,111.022,36.969,81.246,-30.275,-2.969,-22.914,-24.304,16.409,-20.862,16.539
51.983,160.179,37.779,-29.388,36.769,-29.295,-67.346,7.406,41.793,-11.47,19.83,-12.542
51.473,146.274,70.983,23.195,33.222,-8.428,-41.166,-38.605,-29.442,7.543,-26.157,-1.643
51.302,101.072,107.918,16.174,73.945,-16.802,0.394,12.317,-10.574,-8.438,-2.688,17.416
53.15,64.651,31.988,0.624,42.497,-1.141,2.99,-8.175,-22.225,31.715,-27.13,23.381
54.011,70.339,31.708,-37.427,7.399,-20.444,-0.198,6.55,-5.944,1.286,-0.293,-27.502
54.665,140.741,107.364,9.41,63.069,-20.751,-19.626,-7.064,-11.837,-14.236,-4.798,-16.918
55.79,88.308,43.365,46.679,62.82,-33.211,-18.111,-14.416,-13.946,8.07,35.107,-4.571
53.28,105.778,129.133,10.647,103.533,-31.944,9.103,7.826,-5.333,-8.617,-1.837,11.397
51.268,78.916,122.858,18.715,128.731,-27.012,20.251,-11.381,-24.918,-14.562,-12.941,25.512
44.555,-59.08,-52.457,68.505,31.026,-117.919,47.891,-66.287,-36.695,24.14,-33.227,16.569
45.329,164.265,-33.779,-34.781,47.291,-64.407,0.775,16.896,13.128,49.052,-17.371,12.738
50.389,-53.641,-51.398,53.171,29.068,-90.518,33.33,-44.205,-23.147,29.26,19.122,10.338
48.732,-3.109,78.791,4.638,77.002,-32.524,53.814,27.155,34.19,-24.228,-15.381,8.951
47.012,53.802,117.707,14.797,106.122,-19.221,-33.035,64.388,14.29,-36.91,-8.725,19.301
52.969,85.228,-7.039,84.625,45.419,24.16,-35.006,-9.669,-14.786,12.346,26.499,6.903
46.32,94.888,69.941,-24.622,30.442,-12.604,-56.36,-8.575,-7.238,-20.143,7.378,1.669
49.093,-6.105,-10.769,54.929,25.503,-105.851,-3.235,5.459,-4.421,-10.585,-0.754,-1.579
44.989,24.676,82.145,13.911,164.998,-10.526,62.205,-27.947,5.325,-50.5,-2.845,-11.761
46.132,-8.058,152.531,58.981,112.841,-41.954,-1.697,-16.273,18.153,-4.248,6.96,2.637
46.732,12.335,42.862,21.275,72.365,-8.963,9.865,58.978,-12.66,-7.679,-37.818,-7.456
53.08,5.499,-7.649,-21.286,-6.205,-84.279,-15.364,19.971,-39.744,-5.512,-0.112,-21.304
52.955,60.739,25.719,-10.638,7.016,-20.499,-5.796,-8.189,-3.619,-4.501,-23.095,-37.516
52.039,88.768,-3.346,-29.824,39.144,-33.646,-16.486,7.088,-4.357,-22.576,-16.966,11.269
52.854,92.901,40.061,-27.495,85.711,-48.918,-18.568,-0.273,16.65,18.788,9.563,30.028
55.44,133.405,-5.768,20.823,25.56,-13.601,-55.778,31.515,-10.828,5.071,35.771,-6.923
51.704,92.415,21.233,-15.717,9.907,-22.884,-69.65,24.941,-20.608,0.847,-4.837,-3.467
51.588,95.523,-19.686,-34.873,54.225,-13.894,-18.548,-6.282,8.931,-21.299,-4.657,15.624
51.929,64.518,76.791,-17.891,84.363,-37.328,-6.152,12.044,17.663,-14.648,5.338,34.624
47.933,7.567,3.469,-28.791,14.34,-34.491,29.413,0.0,22.102,12.819,-8.406,-1.498
49.111,125.414,54.242,6.215,71.504,-73.458,4.489,3.91,13.027,32.202,-18.413,-22.525
49.097,-39.082,-83.662,39.507,11.421,-127.94,-0.599,-11.854,-22.482,10.278,-8.152,22.432
44.662,-41.086,34.475,1.322,56.791,-16.394,35.854,-1.208,20.875,-22.752,-17.94,5.426
44.243,77.245,76.318,52.116,159.305,-83.737,-7.154,-79.203,-30.408,22.463,-7.701,16.49
45.708,42.228,208.952,28.921,142.301,-13.076,21.8,20.09,-5.105,-34.346,-3.6,19.925
46.759,21.211,171.088,-18.245,90.061,-3.223,19.807,40.53,-4.825,-27.961,-15.025,15.207
51.134,-46.519,-32.2,26.133,27.688,-69.278,28.644,-2.112,-30.21,28.741,10.227,0.272
49.174,51.285,47.255,1.76,27.684,-26.986,40.277,30.044,45.329,-19.551,-6.347,-38.302
47.876,15.704,-50.259,-2.773,38.916,-76.953,13.449,-45.64,1.921,29.966,-20.036,11.226
48.405,-80.679,28.723,-21.624,27.415,-34.507,40.149,18.939,-5.438,5.818,3.045,12.894
51.473,-26.573,-21.706,6.81,37.338,-75.795,36.286,-2.139,-21.03,-16.809,-22.219,12.356
51.479,-0.418,15.604,4.892,32.585,-47.589,32.563,-16.167,-7.787,13.581,-4.865,28.48
52.359,-11.377,14.247,-19.426,38.486,-31.557,36.445,6.982,5.393,-5.648,0.885,26.613
52.699,20.44,64.568,0.219,40.179,-39.334,31.288,6.862,8.941,4.355,-15.754,16.895
51.825,54.454,65.162,-5.169,74.263,-47.738,-24.379,-35.334,-52.501,11.553,7.035,22.796
50.947,96.41,64.253,64.892,70.126,-22.415,-18.702,17.024,-5.718,-17.456,-46.412,10.273
49.785,123.491,-33.592,57.831,79.665,68.061,-18.95,18.534,-26.304,20.202,-13.678,5.784
51.992,103.934,48.211,-44.332,58.207,35.444,-48.919,1.539,-38.465,-2.304,44.288,-48.634
52.086,104.563,52.418,60.789,58.18,-4.482,-65.035,-31.24,-31.326,-10.294,-46.498,-10.929
48.124,96.961,64.694,-89.444,103.236,-27.29,8.023,-22.659,-49.949,-10.732,4.188,12.172
50.906,50.772,36.346,23.867,87.632,-44.263,-1.057,-12.031,-40.683,7.544,10.012,31.859
51.011,61.501,50.093,-41.184,77.314,-45.877,34.537,22.79,-15.294,4.937,5.216,26.143
53.126,15.571,-9.315,20.658,29.345,-80.802,-10.612,14.936,-21.946,9.094,0.109,15.368
48.925,96.188,43.136,6.69,88.009,-15.453,-16.438,-8.107,2.837,-50.586,10.024,7.029
51.1,77.129,135.955,-9.916,117.742,-17.386,-25.701,3.682,-0.731,-4.758,7.759,30.862
53.97,57.828,4.413,94.269,50.986,-69.861,-28.976,-24.181,-1.388,0.612,-23.593,11.057
47.637,38.757,124.295,-11.786,118.48,-25.498,-1.94,-7.165,43.728,3.402,6.227,11.697
49.791,-17.759,-14.018,24.437,44.752,-102.45,5.508,17.802,15.722,1.887,-15.912,3.57
43.861,46.702,69.994,3.942,117.471,-38.971,-16.363,8.643,-6.977,-39.569,-18.399,10.832
47.198,52.694,131.932,-25.99,103.674,-16.248,-42.485,14.212,5.371,4.802,12.723,-24.418
52.181,90.407,28.67,5.333,52.215,-0.393,-33.628,-32.597,16.855,0.23,-27.875,8.177
49.819,-21.154,-16.249,-58.915,35.914,13.781,23.75,5.273,-22.64,-10.2,-14.567,6.021
50.642,25.524,22.701,3.773,16.927,-27.966,38.969,24.804,-1.18,-7.175,-43.245,7.158
39.81,9.134,-93.643,56.864,-68.52,-72.811,-11.976,-40.978,-56.64,41.785,-5.42,-13.119
48.677,124.387,-54.698,20.443,11.24,7.745,-31.629,-7.973,-15.6,36.89,-59.903,6.109
52.046,61.121,-12.299,69.7,68.117,82.29,-16.095,-34.677,-16.911,35.376,75.275,-6.216
48.233,63.412,23.704,44.698,117.901,-4.555,-26.857,65.846,12.361,-8.875,-35.264,10.146
50.672,56.751,33.786,-3.782,73.728,28.721,-32.6,7.267,-39.616,20.761,11.962,-30.978
48.634,58.907,66.575,21.317,156.817,-72.445,34.56,-23.172,-0.277,23.717,-9.423,-11.445
48.852,51.739,112.439,1.434,123.197,-39.795,27.611,2.5,23.974,2.458,-7.553,-2.262
51.713,8.092,5.159,-5.358,63.595,-72.429,49.073,-29.591,12.093,32.621,-22.462,14.399
52.272,38.797,41.166,9.972,89.451,-34.89,39.708,-21.97,10.498,1.681,4.17,-0.9
51.064,-19.883,4.612,34.126,52.293,-101.987,22.159,-4.609,7.295,16.711,12.67,16.651
47.746,81.844,128.092,29.973,146.752,-19.69,1.951,10.284,29.044,-43.651,-3.835,12.589
47.525,27.923,129.101,-29.588,111.331,3.632,22.46,-20.272,-0.687,10.347,-25.168,32.416
44.063,97.312,116.486,6.379,117.183,24.63,-29.555,9.613,38.1,-31.529,-9.061,3.206
46.976,55.529,69.203,-69.353,59.852,32.59,-5.158,-52.294,-34.29,48.905,-50.965,17.558
49.212,-1.32,9.231,-26.133,13.805,-25.314,19.733,0.302,15.282,-6.023,-15.919,-10.049
47.49,-39.842,-12.048,19.366,51.52,-29.582,41.309,-11.427,39.077,-13.796,-48.526,10.654
46.796,-2.241,-60.783,-4.656,72.659,-38.141,42.074,-87.623,0.466,3.717,26.352,5.974
47.347,-48.212,4.45,47.666,19.527,-89.295,38.992,-76.886,-26.609,62.944,-19.567,44.177
46.898,-22.479,-24.891,8.305,48.296,-101.387,19.967,-18.509,-21.165,45.961,6.659,32.812
44.114,-57.209,-53.772,78.588,51.87,-87.257,31.929,-105.948,-18.657,55.438,-52.481,29.693
52.579,66.447,-35.084,125.834,19.573,-41.423,-37.361,-24.604,-17.236,-14.936,-49.061,7.777
41.352,-15.389,-6.496,-31.333,24.649,-35.596,13.4,13.16,-14.583,-7.916,-1.927,16.772
39.897,93.824,-88.623,11.471,30.98,-70.598,17.395,-71.071,-10.288,2.33,-7.308,-5.21
46.003,91.727,-90.554,-58.411,148.694,-19.432,1.55,-44.753,-33.064,14.034,-14.945,14.106
42.992,-37.551,-22.99,26.771,97.5,-76.81,15.202,-97.406,-42.75,42.862,-24.978,12.735
43.464,107.714,-76.293,-3.125,86.526,-82.395,-44.833,-33.676,12.281,36.708,-26.665,24.183
41.535,88.674,-35.292,1.419,51.549,-91.905,-41.07,-68.803,20.207,47.151,10.011,18.482
47.046,-88.07,-74.125,106.644,-0.32,-124.265,23.218,-64.952,-29.122,13.236,-19.562,18.643
41.853,-88.859,-50.673,58.057,34.473,-49.977,65.417,-88.775,16.115,10.616,8.829,14.029
43.836,-19.17,-79.598,49.614,59.673,-75.941,50.156,-111.418,-0.539,43.223,-29.898,20.444
40.121,-97.386,-77.434,60.708,52.553,-91.751,39.65,-82.656,12.193,55.906,-46.938,7.102
51.595,47.691,-60.183,115.899,31.45,30.625,-13.438,-39.479,-3.162,-1.279,-6.399,-13.47
42.821,-62.001,21.061,-22.317,43.839,-35.975,60.708,12.714,5.739,11.732,-3.473,-0.748
45.525,-58.559,-72.156,98.83,43.189,-37.037,21.48,-13.346,-16.403,9.476,41.276,-15.662
42.676,-36.506,-57.945,35.275,93.862,-40.641,39.708,-97.211,-33.701,26.609,-4.88,5.451
41.15,-97.087,-101.743,75.907,56.041,34.315,45.23,-64.147,2.473,-57.217,-9.164,-17.965
47.739,-90.955,-39.893,62.825,-2.714,-121.33,19.352,-41.688,-41.007,15.912,-11.964,-1.815
43.595,-55.39,-59.247,24.847,27.578,-77.415,53.505,-71.46,-44.101,29.326,-43.112,-6.414
46.533,-0.028,-62.597,1.357,70.237,-71.252,24.557,-70.566,-18.172,49.632,-7.187,6.728
46.324,-20.27,-17.232,24.729,23.948,-76.635,35.98,-49.808,-21.931,34.325,-13.962,39.289
45.579,-8.855,-50.588,34.616,51.426,-86.442,29.253,-60.172,5.667,47.638,-2.755,29.732
42.952,-53.393,-91.264,98.455,64.043,-83.978,27.092,-114.46,-10.014,48.106,-48.591,22.03
50.212,39.963,-64.96,132.122,32.919,25.571,-16.769,-27.376,0.332,-16.336,44.886,-7.907
38.899,104.72,-109.83,31.917,18.449,-74.531,-13.003,-42.632,-17.408,-1.321,-9.669,-15.881
47.282,91.842,-74.454,-54.692,154.27,-15.827,8.146,-24.389,-39.989,24.702,-0.584,16.409
47.95,55.354,4.266,-42.785,74.059,-40.809,-20.008,-19.885,-13.225,-3.668,-1.75,6.349
46.858,79.676,-48.319,10.394,60.19,-15.67,0.669,21.028,9.44,-47.568,-6.801,28.538
41.472,43.033,-48.42,31.027,45.335,-90.149,3.303,-79.961,-18.645,52.647,-21.79,23.731
47.483,-76.88,-77.406,96.037,10.845,-99.102,31.13,-54.502,-22.232,14.049,5.0,15.66
41.701,-100.972,-55.958,39.752,12.561,-46.723,70.675,-58.354,10.222,-9.473,13.984,19.082
44.581,-24.115,-73.243,38.807,36.774,-72.409,60.267,-87.25,-32.532,42.036,-30.326,31.259
33.511,-50.912,-158.578,206.156,45.027,-98.169,-32.842,-4.477,1.083,48.481,-83.522,23.648
16.205,195.355,-79.371,201.849,38.054,17.881,-32.952,-10.962,-35.355,-20.191,-24.799,-1.816
