0.0,171.13,9.469,-28.48,57.491,-50.067,14.833,5.359,-27.228,0.973,-10.64,-7.228
46.112,30.553,-33.696,14.121,-11.984,33.988,-0.323,34.306,-28.332,-3.508,32.301,1.489
46.182,97.727,25.955,22.583,-2.795,2.948,-2.601,22.144,-4.848,-9.669,-14.644,4.094
46.31,116.866,22.437,27.114,-1.56,22.271,-13.057,29.332,2.934,-15.944,-7.443,-8.89
47.233,185.739,66.84,-10.289,-18.854,-18.518,-2.493,17.654,-12.0,-4.574,0.178,-8.022
46.112,172.907,74.456,26.28,7.918,-8.148,-7.634,-5.821,-18.519,-5.156,-31.139,-3.855
47.677,83.277,2.006,42.583,5.918,-17.361,-52.798,56.859,-2.164,-45.5,5.099,-1.073
42.728,200.354,67.568,16.33,24.34,30.359,-25.09,38.692,-8.475,-5.537,-30.027,-9.987
45.93,117.347,77.073,-84.733,1.753,38.276,15.46,5.872,-43.922,64.543,-27.145,16.606
50.297,40.76,33.018,-15.063,3.498,-12.606,5.498,51.999,-8.312,-1.063,8.827,21.144
49.231,20.56,18.676,-61.473,-13.534,-38.298,2.943,25.15,-7.864,-19.32,6.405,16.414
48.276,87.087,17.127,-12.023,-26.065,-19.572,-25.966,-9.759,-31.793,-12.255,-1.119,27.193
46.923,30.368,-16.042,8.265,-12.736,-44.916,-30.63,57.511,-10.729,15.013,11.175,22.374
44.135,128.738,35.09,-15.724,31.467,-31.919,-29.313,-19.575,16.773,9.972,-7.741,-23.094
43.777,132.668,68.437,5.295,36.408,-30.846,-25.281,-6.547,22.63,-3.572,-6.519,-23.516
50.338,50.761,31.044,-7.792,-16.734,-28.838,-11.533,64.729,-13.343,9.895,14.681,-0.21
50.209,57.592,17.381,-28.469,6.494,-34.399,-3.84,49.0,9.735,-24.969,5.957,14.353
49.241,74.967,29.373,-32.119,6.276,18.455,6.621,13.51,-19.273,38.727,-3.412,14.349
47.255,19.746,6.812,7.873,23.297,-51.473,-45.243,21.112,13.199,-1.29,2.044,-10.356
44.888,-22.177,2.661,26.175,36.531,-61.099,-42.304,24.846,-3.616,3.559,-1.76,-18.699
46.362,-15.016,-5.675,-33.755,-12.048,-68.112,-29.84,28.002,-10.222,-4.144,-4.211,11.25
47.024,14.804,8.531,-40.034,-6.52,-52.524,-26.77,68.115,-4.977,-5.36,-14.011,2.581
46.351,98.673,53.818,-84.844,3.544,31.205,-3.024,-5.584,-17.223,31.953,-25.204,22.241
48.775,105.6,13.094,-4.687,-11.327,-33.233,-20.163,6.492,-26.944,-13.94,-3.777,52.091
47.411,114.58,47.304,-21.771,9.107,-20.987,-6.425,14.241,-6.574,-15.372,13.143,21.74
49.309,127.376,76.462,-4.952,15.298,-26.635,-4.99,-7.554,-14.84,-3.735,3.59,16.105
51.012,122.537,95.217,-8.183,31.518,-36.562,-11.231,-2.687,-9.608,2.701,3.598,3.863
52.625,124.339,105.605,4.898,47.072,-36.755,-17.954,-2.331,-2.723,-5.411,-8.21,9.072
51.929,143.757,104.012,38.732,50.7,-20.688,-34.319,23.971,-2.914,-2.107,-16.284,-5.046
48.744,126.408,81.9,-38.27,-1.447,1.446,5.878,-1.119,-33.032,47.072,-24.481,9.977
50.995,30.094,27.292,-21.703,0.224,-13.726,15.359,42.646,0.559,-30.924,13.317,16.688
49.595,20.952,19.65,-64.779,-14.206,-36.588,2.675,26.032,-7.799,-19.176,8.796,14.932
52.305,74.596,36.652,30.455,2.167,-25.791,-11.94,-3.011,-15.674,-10.965,-11.93,19.654
54.185,104.13,20.001,31.863,-13.962,-21.223,-16.767,39.462,2.989,-24.085,-28.119,-1.07
47.354,133.296,59.818,-27.161,16.781,-26.722,-21.37,1.778,9.047,11.975,4.322,-17.715
51.468,200.836,119.131,18.342,20.338,-27.684,-12.082,13.4,-4.802,1.851,-11.293,-26.463
52.877,140.086,87.453,-4.456,10.129,-3.559,-0.224,-30.789,-29.836,20.441,-16.818,9.817
52.644,65.105,39.648,9.828,-4.409,-23.605,-2.853,-0.51,-5.962,-13.468,-9.216,14.077
52.614,80.743,27.359,41.151,-0.776,-31.713,-26.071,50.464,3.03,-37.587,-0.825,-14.624
49.885,188.893,86.894,68.447,25.616,-25.508,-16.728,8.936,5.148,-6.168,-28.202,-24.372
52.802,61.417,2.486,-21.316,10.319,-36.06,22.17,3.83,-40.206,-16.51,8.362,3.683
52.517,72.606,48.566,-3.107,-3.309,-13.204,6.799,5.741,-16.714,-4.773,-14.361,29.525
52.972,99.028,16.482,49.473,-9.723,-33.384,-27.667,35.196,6.382,-27.821,-6.591,-7.682
51.433,200.816,119.034,17.797,19.761,-26.595,-10.899,13.919,-4.855,2.167,-11.107,-26.853
52.484,143.846,89.077,11.151,14.584,-6.066,-2.947,-18.005,-27.128,23.424,-14.622,-0.019
51.11,25.892,7.382,-48.743,-6.048,-39.947,2.552,5.883,-12.464,-0.656,12.597,9.404
51.805,92.322,44.248,1.444,7.896,-23.419,-13.235,38.043,-4.731,-16.34,-8.586,7.021
50.92,46.848,0.784,-5.765,-22.744,-17.46,-4.725,1.932,-24.216,-4.48,0.037,0.878
51.614,70.16,35.474,24.447,29.7,35.847,-21.723,26.467,-3.167,6.444,2.252,-2.77
52.223,92.006,14.181,39.724,-5.751,1.249,-16.073,39.747,1.666,-23.509,12.86,-7.861
51.339,199.362,116.948,18.188,18.634,-22.067,-9.676,12.525,-7.229,0.949,-9.73,-25.688
52.86,140.582,83.482,1.857,11.45,-2.565,-0.847,-27.815,-34.544,21.886,-22.059,7.825
51.735,84.286,17.808,16.399,-6.304,-43.91,-26.357,-12.923,-7.529,6.832,-6.472,11.038
52.955,82.724,27.392,38.3,-1.534,-32.733,-24.351,51.133,2.519,-35.683,0.491,-11.591
48.302,166.17,90.972,19.865,30.906,18.832,-13.962,30.266,6.078,-16.041,-33.789,-26.378
54.747,79.234,-19.675,-16.724,-17.242,-43.596,-0.197,-4.538,-42.702,-2.412,-6.72,7.064
52.431,52.222,-12.279,-17.456,-23.413,-33.144,6.512,14.121,-22.494,8.1,-3.14,1.226
53.521,69.864,-8.088,8.494,-34.969,-15.955,9.053,10.688,-11.399,-10.256,-21.635,-0.068
55.008,89.748,9.127,10.22,-22.766,-26.199,-4.001,27.444,-1.324,-17.883,-30.393,8.412
50.765,82.89,-29.419,-49.893,-30.25,-15.741,-6.411,2.736,2.143,2.832,-1.812,-3.132
54.091,142.015,29.054,-15.622,-36.925,-33.804,4.105,14.655,-4.922,-5.225,-11.333,-12.19
54.084,124.105,20.22,-5.684,-19.869,-35.656,10.134,18.397,-27.915,13.517,1.778,-4.398
52.761,69.83,-29.03,-44.909,-15.83,-65.895,0.759,24.86,-20.224,-24.514,6.859,-1.222
53.833,103.312,8.605,24.655,-0.604,-44.187,-5.392,20.499,-11.637,-14.494,-21.758,9.565
53.126,99.591,-58.552,-46.861,4.501,-57.891,-5.671,20.573,-1.094,-19.407,5.812,2.991
52.113,101.345,-15.1,-17.9,-30.461,-37.534,24.256,-7.698,-29.487,-1.125,-11.338,11.683
52.805,68.612,-2.391,1.383,-33.358,-10.177,14.553,14.939,-6.26,1.859,-9.861,8.361
52.643,103.2,-20.829,41.152,7.304,-0.192,-6.456,29.094,-11.157,-22.71,19.468,2.875
53.142,142.74,25.439,-17.325,-23.82,-9.769,-7.022,24.06,-10.474,10.021,11.162,-16.162
52.838,121.989,42.346,3.244,-14.076,-14.653,15.352,-21.361,-25.03,19.635,-18.533,1.18
53.4,113.023,-8.752,47.696,-5.001,-64.088,-18.981,27.854,-25.076,-22.537,-9.122,10.831
49.295,130.44,24.745,-20.42,2.613,24.57,-6.313,26.352,-3.516,10.021,-37.295,-8.87
52.908,66.687,-32.679,-38.836,-5.776,-52.46,9.556,16.396,-13.408,-16.951,17.89,1.658
52.774,65.887,10.208,3.247,-37.222,-37.484,22.49,4.177,-10.085,2.043,-8.826,8.507
53.563,113.898,-14.103,52.388,-2.24,-60.737,-20.385,21.708,-13.916,-24.042,-16.534,13.244
50.927,142.986,52.901,-63.839,-6.505,1.939,-4.106,17.693,-5.092,7.829,-15.213,-12.985
52.851,137.195,29.885,-4.754,-13.993,-14.005,-2.789,8.952,-28.489,30.168,-18.026,-2.895
52.479,137.443,31.886,-17.708,3.51,-45.196,10.183,17.156,-30.75,-0.152,-3.443,-3.901
52.178,72.146,-41.906,-41.135,-7.665,-62.602,-6.847,30.86,-20.985,6.812,16.774,-6.504
53.573,117.933,0.196,36.924,11.893,-18.847,-1.975,32.793,-20.535,-4.675,11.839,13.987
50.459,94.357,-27.487,-41.204,1.429,2.492,8.65,9.429,-14.268,11.501,-17.476,-1.027
52.216,59.09,-12.806,11.594,-9.924,13.465,8.76,32.725,4.571,11.193,-4.212,-10.41
53.526,113.177,-15.621,52.981,-0.963,-59.735,-19.581,22.843,-14.78,-23.251,-15.788,10.84
51.056,141.498,48.984,-59.265,-4.535,2.115,-3.011,18.216,-11.524,10.424,-15.18,-13.695
52.751,124.303,36.602,4.314,-13.44,-14.561,11.04,-12.712,-27.383,22.15,-21.234,-2.818
53.392,113.191,-10.119,48.772,-4.963,-64.669,-19.593,26.663,-24.592,-24.094,-10.305,9.46
49.417,130.368,24.67,-17.849,3.24,25.86,-5.961,26.252,-3.004,9.81,-34.983,-9.819
53.112,66.287,-33.329,-32.757,-14.418,-44.915,0.366,21.704,-17.464,-21.53,11.956,-7.39
52.746,66.686,5.039,9.593,-34.8,-20.427,15.197,10.718,-4.11,2.266,-22.877,-2.206
53.433,112.818,-15.443,56.657,-0.397,-57.021,-21.143,20.736,-16.027,-19.1,-8.44,11.399
56.914,90.766,10.265,-14.874,5.09,-6.434,-15.374,0.554,-7.415,30.808,13.548,-2.486
55.787,102.497,50.512,53.365,21.306,-48.517,33.338,43.924,-1.05,-3.256,2.316,26.603
55.632,56.094,10.396,-31.64,15.305,-35.432,5.929,22.873,-0.625,5.301,-18.839,-0.058
55.107,97.23,32.796,1.086,31.155,0.988,-3.129,8.146,-22.894,24.132,-39.529,-0.428
55.993,84.449,6.971,10.05,30.984,-40.84,-16.076,-2.958,-21.723,-7.569,-21.68,27.817
53.391,107.16,-60.278,-51.028,-3.924,-48.221,-16.313,2.419,6.103,-19.186,-5.295,10.403
56.647,59.823,14.596,46.962,36.467,-25.881,31.448,26.448,10.333,-4.238,-22.665,9.078
53.966,54.825,39.214,-54.589,-10.581,-33.436,28.693,-6.162,-10.642,5.148,-25.138,20.636
56.371,41.504,21.781,52.663,13.267,-26.376,36.027,-11.131,-26.189,25.015,-21.565,9.333
55.509,67.602,3.584,1.502,31.503,-64.553,-0.031,-37.823,-14.823,-14.218,-2.581,20.245
55.759,55.787,86.792,18.161,75.877,-35.983,0.775,38.531,-5.324,-2.018,-4.499,20.228
55.428,80.72,12.141,21.55,35.611,-55.622,-23.549,70.284,2.769,22.743,12.72,16.792
54.084,133.294,11.577,-11.378,30.265,-2.384,22.649,-39.042,-15.438,32.854,-43.7,27.736
56.164,67.082,5.442,36.865,-10.087,-66.835,-28.315,10.477,-9.155,1.342,2.29,-12.915
57.178,65.156,27.17,41.826,-3.548,-27.252,17.826,2.958,0.178,-15.261,-29.999,18.096
54.269,80.97,-10.271,-25.195,4.6,-30.601,-7.138,29.302,17.055,-36.558,-10.407,-7.279
55.978,104.599,-15.246,9.96,20.519,-22.029,-34.28,12.622,-11.931,19.47,2.413,7.489
53.49,56.59,8.716,-27.152,36.293,26.6,-5.423,30.527,22.963,-23.019,-60.043,36.149
54.059,67.591,21.108,-27.443,30.761,38.86,14.772,34.452,-17.559,20.241,-1.455,6.883
55.472,36.484,26.673,29.925,28.575,-10.422,60.899,1.412,-18.033,27.146,-19.637,36.387
53.881,29.523,-0.464,17.757,4.876,-2.218,12.435,5.064,-8.553,-14.065,-5.919,3.583
55.443,110.773,-4.291,-3.561,23.32,-1.485,-21.307,14.649,-16.415,10.254,-1.87,-2.106
52.843,68.009,13.52,-38.334,38.985,16.514,-17.116,43.81,0.403,19.826,-17.898,17.07
55.649,109.368,-21.434,-5.235,12.48,-11.259,-68.753,-16.062,3.171,10.65,-14.991,-12.933
53.112,126.566,1.187,-40.037,22.82,-12.058,-9.553,11.323,-48.349,12.127,-4.789,1.05
56.587,70.329,39.787,27.764,40.443,-18.811,-22.616,26.379,-19.562,12.896,-25.086,0.942
55.942,105.911,26.37,-6.383,28.012,10.64,-3.929,21.34,-12.6,10.879,3.262,14.218
54.088,72.116,10.006,-30.832,13.899,-1.296,-6.053,47.512,-17.065,1.412,-16.894,22.886
56.071,65.017,14.131,-15.1,32.588,-6.06,17.987,11.187,-15.213,25.781,-31.091,18.785
53.074,32.501,-11.589,-2.332,28.664,-25.142,3.976,15.438,15.148,1.086,-28.354,-0.861
51.703,95.886,-42.235,52.931,17.351,9.21,1.687,39.516,-4.052,-28.243,37.521,10.592
52.811,93.632,41.591,15.348,58.445,47.191,21.069,43.925,-13.13,34.888,-11.846,17.351
54.669,51.944,-11.359,-43.33,-13.091,-27.863,-9.457,14.736,-10.647,-12.072,-15.94,-18.272
54.45,89.175,-4.004,-26.217,8.142,-21.907,22.621,-25.066,-31.275,15.068,-17.355,-5.02
53.701,116.091,5.91,-43.585,29.55,0.905,34.501,-30.384,-27.941,4.599,-47.34,11.268
52.402,7.851,66.136,8.233,80.361,-46.7,3.09,10.741,11.173,11.277,11.744,20.847
57.041,33.143,6.618,-25.015,12.089,-28.006,28.306,16.572,23.015,12.158,-11.741,33.375
56.484,54.841,7.391,-29.696,4.414,-26.028,27.643,16.721,-12.059,12.649,-8.919,19.982
56.415,70.05,2.129,-2.945,24.484,-22.611,-13.889,15.099,3.826,2.344,-2.329,12.223
55.95,72.464,-0.993,-24.689,18.413,-17.167,6.168,-35.54,0.884,-10.274,-14.438,19.039
56.302,43.821,13.691,3.018,29.139,-23.038,7.79,18.245,23.32,-29.055,-12.79,-7.477
55.222,102.647,-28.094,14.09,38.054,-11.087,-24.702,7.811,-19.671,10.756,-19.118,17.933
53.395,102.604,-15.313,-78.228,35.485,1.162,-36.262,11.345,-3.089,6.053,-21.161,17.301
56.336,83.735,10.885,-2.009,-4.997,-19.859,-30.043,48.055,-38.233,2.232,8.459,8.129
54.108,90.305,-0.496,-17.997,35.751,-17.786,-8.78,11.51,-22.193,15.21,-13.383,21.593
56.256,91.999,24.56,15.26,32.974,-37.11,9.267,5.585,-19.036,-3.047,-41.493,40.186
55.356,85.917,31.644,18.15,32.404,-47.101,-17.299,49.396,5.976,-2.785,-17.35,5.433
56.591,73.238,-2.727,22.352,18.021,-43.929,-11.724,-5.219,-2.868,19.703,-17.674,-6.138
55.487,78.36,7.877,-47.614,44.131,-20.181,0.561,-8.972,-15.385,3.926,-16.152,3.679
54.11,79.895,11.265,63.21,33.474,52.462,1.668,-0.616,-4.871,12.865,-18.258,-22.764
55.383,70.708,15.685,-0.083,59.067,20.516,9.345,33.545,14.665,25.694,8.998,20.983
53.833,116.299,-21.803,-34.353,11.763,-37.824,28.146,-3.646,-24.172,-12.052,-3.491,-11.215
57.358,57.269,16.038,14.777,16.279,-46.405,-11.349,20.044,13.577,-4.296,-8.346,0.823
55.175,76.044,-0.835,32.873,42.203,-43.846,-1.973,5.151,-14.357,5.018,-41.313,26.989
49.942,110.703,-15.91,-29.325,10.993,-14.485,-61.923,-28.454,-8.224,42.33,-16.745,13.828
53.089,110.82,-43.172,-22.568,22.167,-16.29,-28.943,-49.58,8.019,0.499,-40.357,18.537
54.851,52.851,6.94,-9.931,62.056,23.261,25.087,26.374,1.471,23.279,8.451,21.763
54.07,56.718,35.62,-34.618,1.264,-10.583,53.965,-24.734,-18.316,14.967,-27.691,8.22
55.963,96.463,-24.011,-44.675,23.592,-0.722,-12.424,4.622,-1.021,-16.264,-2.59,-0.463
56.139,48.302,98.325,20.613,114.37,-26.645,24.77,-0.473,30.038,4.631,-2.867,18.628
56.59,83.326,71.695,21.216,63.66,-24.802,2.546,2.762,8.068,2.508,-18.119,16.474
58.084,75.737,47.103,13.609,54.425,-10.617,-11.571,11.511,-2.359,6.635,23.562,-12.249
57.333,56.894,53.647,1.886,85.283,-23.813,19.17,-1.944,2.959,10.061,-42.601,31.245
54.884,73.35,30.264,-41.314,34.992,-8.754,9.623,6.42,-0.042,-14.763,-27.824,-3.77
54.655,76.444,-36.431,-40.283,22.83,-59.172,5.082,19.407,1.577,-8.989,1.981,-10.515
55.598,67.41,5.698,-26.649,46.503,-10.706,23.274,8.185,15.779,23.152,-20.611,14.05
51.323,47.454,-13.125,-29.784,-4.437,-20.955,0.6,-13.001,14.493,9.02,-20.875,-8.487
54.556,68.883,-54.649,32.883,22.109,-25.227,-56.334,-51.769,42.476,12.314,-24.44,-2.713
51.647,57.377,-86.076,17.259,13.222,0.211,-39.051,-26.477,45.529,-39.018,-2.474,-12.724
54.636,111.901,-22.25,-7.888,12.101,18.805,8.207,33.332,-11.403,-26.422,48.971,7.457
53.125,29.461,59.241,16.959,69.684,-33.396,-38.876,44.125,-0.7,-8.39,-2.185,-6.217
54.755,40.849,33.36,-5.523,45.488,5.721,34.227,-27.127,-28.966,21.3,-11.122,6.575
55.176,84.279,-6.96,7.353,16.312,-34.867,-38.282,12.042,-23.867,11.408,-8.764,-12.36
56.527,70.818,25.974,30.902,11.98,-10.167,9.853,3.931,-13.09,7.209,-26.969,-27.579
54.491,24.284,6.407,-28.585,41.949,-46.477,13.189,21.561,-5.34,8.572,-1.472,-3.299
56.397,33.968,27.893,56.668,31.459,-26.318,42.025,-3.762,17.204,-9.955,-28.722,0.428
54.994,104.902,-33.125,-9.872,9.47,-4.932,2.213,20.152,-26.794,3.004,33.492,17.047
54.41,60.363,50.286,89.752,71.898,-26.873,10.874,37.074,11.684,-5.182,-23.546,14.987
52.196,83.8,-21.342,-48.027,30.948,-10.709,-26.371,16.836,-11.594,24.874,-5.801,-11.199
56.476,79.554,-33.184,6.369,-5.349,-11.972,7.326,-11.764,4.486,11.529,9.666,15.819
54.075,89.001,-8.374,0.382,13.692,-29.807,14.23,14.532,5.602,-0.234,-13.228,-2.178
54.981,37.486,-0.918,23.822,32.847,-57.158,7.622,3.375,16.835,5.994,-19.44,-31.055
55.99,59.875,0.405,-11.215,23.476,16.784,-3.559,49.765,-0.707,-24.994,-15.467,16.599
53.845,109.76,23.449,-70.953,53.95,-3.824,-19.132,11.601,-23.923,6.842,-21.406,2.444
57.567,54.483,29.404,25.997,48.273,4.774,-8.807,11.447,-9.426,24.425,-18.031,-2.684
54.907,133.364,-36.583,-38.947,9.639,-32.052,-35.349,-5.884,-5.217,37.683,3.182,2.031
55.554,74.229,29.638,2.077,48.403,-36.685,-17.934,37.08,-16.446,14.302,-9.236,7.949
56.328,109.673,-11.645,6.475,7.53,-50.54,-58.454,-21.042,-11.78,23.13,1.999,5.91
55.916,78.863,6.438,11.913,43.01,-49.99,-4.786,-17.433,-25.824,-2.306,-8.928,40.197
54.435,94.07,-48.347,-38.816,5.421,-22.505,-16.483,10.546,10.617,-11.534,-25.828,-5.475
55.847,63.723,0.8,15.498,20.882,-12.577,11.917,17.888,-10.723,8.516,-25.159,0.166
52.899,78.371,-8.643,-66.25,-20.26,-15.193,-17.714,-4.696,-8.642,-4.699,-19.992,8.974
54.986,56.099,-30.808,-11.6,54.671,-27.231,-8.77,54.065,-9.698,1.256,-15.785,-8.472
56.013,85.487,7.845,2.344,40.064,-39.256,-4.219,-18.873,-24.14,2.148,-4.178,14.73
51.377,47.626,-26.372,19.917,44.443,-17.722,-26.312,13.029,24.987,-1.264,3.473,8.553
55.971,100.249,-21.871,24.26,7.549,-26.469,-53.151,9.621,-0.958,1.934,1.55,5.285
53.157,103.966,-9.412,-43.392,-27.463,-26.786,3.89,-11.026,-20.273,-1.957,-11.119,16.2
54.992,73.948,-15.15,-36.402,1.142,-7.362,-16.625,-16.676,-1.14,-1.998,-17.047,14.44
55.558,51.9,-10.856,17.5,13.761,-21.431,-16.991,-2.539,5.456,-15.758,-30.265,3.122
55.055,74.219,1.337,23.37,34.247,-18.641,3.884,-13.285,-29.587,3.41,-6.497,15.663
53.94,37.086,60.404,-39.535,42.716,2.088,-30.01,37.456,-14.959,17.505,-9.502,-6.251
55.064,42.798,22.067,-10.609,29.328,-18.505,-13.804,31.143,-14.006,0.616,-23.921,8.898
53.704,51.131,-1.961,-30.162,-0.278,-26.662,13.005,-19.174,-23.711,6.047,-5.681,4.134
54.933,46.14,15.46,7.956,39.133,-15.083,12.722,1.152,-5.342,-35.245,3.921,9.049
54.255,-29.932,67.478,5.281,62.308,-35.302,16.605,2.427,11.707,-2.251,6.57,-5.726
55.78,51.715,3.018,-26.607,14.448,-39.129,-2.958,22.138,18.339,-26.875,26.973,-19.142
55.766,55.24,51.703,-1.016,69.356,-37.079,0.748,10.814,-15.622,3.842,-6.945,-5.73
54.414,74.245,-18.702,-24.934,-20.329,-49.543,-8.815,16.11,2.699,-13.949,-6.061,-6.916
53.468,109.994,-9.159,40.111,20.103,-26.927,-8.698,19.237,-14.897,-8.619,16.864,10.298
52.978,66.612,8.836,-62.47,21.887,5.664,43.932,8.075,-16.074,21.441,-17.626,13.704
53.7,76.154,-0.073,-34.592,9.018,-36.93,0.793,3.751,-21.522,12.686,-21.254,-3.32
56.086,49.154,7.727,50.288,11.777,-42.805,-7.662,-1.891,-0.841,33.523,-44.094,-9.204
53.867,14.029,-15.727,35.527,33.323,-45.994,10.029,-12.473,4.713,21.858,-4.668,17.897
53.192,23.797,10.288,-56.159,14.951,-16.943,-4.228,22.269,10.541,-21.649,-15.891,-3.886
54.399,79.819,-19.782,-23.02,22.412,46.363,-17.733,11.637,-8.404,-17.146,35.39,-1.692
52.805,150.019,-24.755,-47.467,62.311,-23.027,-5.804,-65.932,-21.761,36.192,-28.815,14.529
56.114,34.406,29.595,-26.709,65.16,-4.693,-6.114,5.646,32.008,-5.93,-11.332,12.591
55.433,71.16,-27.983,6.105,-8.995,-83.348,-18.843,15.727,-6.493,15.124,13.323,1.629
54.63,88.504,-13.707,19.703,-1.452,-45.842,-18.322,2.694,-18.205,-8.415,-13.434,-4.262
54.291,91.998,-27.955,-16.659,-1.952,-38.91,-13.118,5.398,-26.437,-3.851,5.573,-1.422
55.747,3.819,25.211,-8.83,59.047,-34.906,17.175,9.65,41.67,6.366,-16.846,-3.259
54.682,103.299,-29.889,17.375,5.97,-68.163,-12.594,10.449,-22.838,-14.418,-2.051,25.876
52.799,115.541,-15.738,-3.696,11.212,-21.51,-81.017,8.848,15.045,-17.97,-3.893,-0.879
54.093,36.752,-40.05,-72.581,24.511,-29.167,22.891,-10.056,14.244,-6.318,-41.357,12.112
53.64,37.175,-23.056,-73.152,-6.787,1.912,-3.231,12.547,18.85,-25.929,-10.737,-16.392
54.484,76.893,-21.469,-30.024,12.677,-24.643,11.305,-66.925,-8.622,19.485,-0.419,16.675
55.937,78.363,-1.886,-22.517,42.722,-38.605,-22.165,65.492,22.785,8.175,3.071,-12.114
56.227,57.55,-1.735,-7.265,47.454,-56.13,-12.214,-33.344,-9.238,3.655,-12.783,8.598
57.075,82.403,56.624,1.759,74.05,-24.6,3.387,-9.399,23.664,-4.207,5.04,27.335
57.428,67.328,28.595,20.616,12.43,-34.336,-22.947,25.733,2.518,9.272,-24.322,-17.04
56.26,129.126,1.771,-15.447,16.185,-2.999,-20.682,-10.889,-15.774,-2.661,-25.499,-18.973
54.62,92.831,-10.983,-29.833,17.63,-14.287,-18.857,-9.171,-10.715,4.512,-4.508,15.926
55.183,107.802,-12.514,-2.722,11.437,-71.174,-24.376,1.008,-23.373,-18.143,4.783,34.048
55.622,45.12,73.862,11.051,46.642,-22.161,-24.528,-1.26,-5.067,-1.454,-16.524,-28.932
55.607,80.881,-12.378,-30.553,0.604,-15.75,14.695,33.31,-6.592,-8.123,-23.132,-3.194
52.795,83.086,-16.82,-46.843,5.075,-30.206,14.527,11.638,-11.024,14.769,-9.343,5.651
56.061,64.847,20.807,-44.727,33.871,-16.389,11.817,3.051,19.905,30.233,-13.992,0.72
55.586,47.503,25.031,25.894,13.075,-80.973,11.138,-5.261,14.51,25.112,-9.178,-11.853
54.933,49.105,36.821,25.111,-11.34,-16.927,31.33,31.673,-0.803,10.437,-22.163,10.009
55.198,89.837,-26.449,-3.454,10.213,-72.825,-11.603,-7.35,-17.135,-15.338,-2.884,23.883
53.465,40.37,51.13,62.576,64.942,-23.875,-15.489,49.764,-17.157,2.655,-30.348,-3.426
54.168,98.88,0.355,-25.29,5.852,25.677,-55.395,-32.815,1.496,19.739,-5.127,-13.048
57.074,46.077,38.138,16.793,39.173,-26.376,9.778,4.744,-2.091,14.786,4.572,16.39
57.064,75.692,62.833,90.725,75.358,-33.314,27.368,-43.243,5.318,3.576,-24.991,42.838
53.769,34.043,-23.048,-64.981,22.575,-46.839,8.686,2.95,6.087,-8.716,-30.557,10.985
54.46,100.325,-19.167,-41.056,20.768,-9.606,13.946,44.922,-25.319,9.688,-8.307,20.43
57.837,57.41,30.662,-11.718,51.965,-30.195,20.34,27.35,4.772,25.474,-9.954,16.195
54.844,110.477,74.568,43.732,23.033,-10.841,-15.934,17.534,5.54,-14.293,-29.994,8.268
51.055,64.396,-12.17,-27.383,20.45,-39.729,19.996,-11.409,0.209,25.256,1.292,17.579
54.774,37.227,55.428,-39.909,67.056,-25.177,42.483,1.725,27.122,23.037,-14.082,22.444
55.236,70.79,13.969,-51.3,32.002,-20.939,14.697,-7.303,14.559,16.622,-5.552,2.386
56.069,53.612,21.679,38.716,7.81,-55.325,25.657,-2.246,2.149,-14.928,-27.034,14.418
52.788,95.025,-35.727,60.302,13.315,-42.16,-12.236,19.297,-11.062,-21.051,15.708,10.824
48.554,87.389,21.615,-45.272,31.755,-30.276,2.831,5.762,-5.109,7.733,-19.343,18.525
53.661,33.031,45.354,-93.996,21.976,21.289,-22.506,-3.098,2.307,-1.92,-19.172,-0.633
54.475,135.923,-10.674,-39.839,21.1,-39.282,-13.73,-17.087,-11.769,26.087,-3.41,12.337
56.966,77.134,50.106,0.242,51.753,-12.977,-12.068,-12.74,-9.102,5.036,6.415,-9.195
57.065,64.351,42.414,37.914,24.179,-17.858,7.693,19.664,-17.181,15.677,-10.331,12.387
55.642,95.351,-4.657,-2.899,25.564,-40.096,-24.166,-4.583,-19.346,-10.008,22.973,22.82
55.964,68.912,80.455,1.967,64.463,-44.994,-5.096,-10.449,9.872,18.748,-23.614,9.43
55.875,88.253,-35.007,-1.74,-7.434,-27.568,-41.287,20.018,-8.135,10.524,-7.811,-26.357
56.868,69.648,34.597,11.055,18.518,-17.002,22.618,17.776,3.936,17.636,-20.537,-2.675
55.297,32.811,17.246,-34.698,36.663,-25.934,7.795,16.259,10.942,3.138,-29.798,-10.904
53.138,57.541,-37.325,-23.795,32.207,-47.285,-16.736,-33.079,5.161,43.372,-14.362,-1.426
55.975,26.998,30.017,38.893,58.202,18.55,51.679,24.668,40.186,-16.046,-42.174,11.088
56.154,77.56,13.938,26.755,3.276,-35.831,-22.379,0.241,-35.433,-6.688,-12.858,-2.402
54.013,61.135,26.869,10.702,35.202,49.174,8.798,9.69,-7.473,18.861,-48.572,-19.961
53.39,0.707,22.75,-37.458,38.433,-6.08,-14.37,55.948,-10.203,18.736,-5.874,0.652
55.759,71.42,14.443,9.96,13.261,-36.936,-4.279,-12.419,-1.097,19.871,-19.529,-17.056
55.424,51.818,21.488,4.835,5.801,-4.904,28.773,-12.545,-15.438,16.727,-41.367,-9.266
56.006,88.974,-22.808,-37.151,26.707,14.655,-15.876,18.725,4.034,-14.611,-0.827,6.379
54.082,91.364,35.548,39.938,75.061,-28.731,-27.169,37.653,-32.164,60.636,-18.471,-9.787
53.169,59.083,-47.614,-53.607,-9.84,-56.912,-7.617,15.053,-14.929,-11.374,1.594,-11.063
56.342,67.656,-17.158,8.514,-41.408,-4.077,-4.157,16.873,-3.985,-4.795,-33.159,3.722
53.768,86.728,-52.673,-11.664,-19.521,-73.525,-2.407,12.363,-14.109,-1.22,-5.909,1.855
56.298,118.345,-29.82,-15.653,-4.946,-18.735,-18.166,30.914,-10.33,10.482,-9.056,13.696
55.668,112.001,-51.601,-26.073,15.51,-43.112,8.47,-38.245,-17.919,-2.479,-25.587,8.996
54.963,92.693,-51.677,-8.393,20.532,-45.543,-19.619,42.424,-6.07,-11.531,-8.954,-25.571
54.569,125.905,-46.653,1.41,23.343,-85.248,-3.229,30.776,-34.101,-14.266,1.24,21.252
54.413,66.717,-21.572,-4.66,16.792,-26.355,1.12,27.734,-5.582,34.874,-55.892,17.142
53.965,87.07,-21.495,-38.759,-2.469,-54.05,-20.388,9.648,-9.951,-18.827,0.694,-8.742
54.41,71.098,-19.195,-40.38,-17.032,-43.962,-12.067,4.814,-11.358,-10.528,-4.066,-9.175
53.675,124.032,-23.604,42.76,20.465,-63.07,1.964,8.735,-31.906,-29.188,-3.816,30.989
52.826,99.753,-20.012,-53.641,14.884,4.376,17.917,-19.737,-12.44,29.586,5.078,7.124
56.505,36.966,34.244,33.393,41.971,-28.24,34.599,-0.393,16.779,22.45,-19.663,9.341
57.712,113.384,30.632,-10.475,32.483,-30.763,-2.798,-24.569,-25.194,-20.398,-12.511,-1.59
56.014,104.687,36.17,-23.115,14.688,-39.674,-17.715,28.53,-7.82,9.275,4.818,-11.25
57.541,60.663,48.391,-4.292,27.554,-25.016,-18.796,21.671,-25.74,19.793,-10.813,6.901
56.28,91.672,-2.478,19.783,-12.489,-33.463,-12.708,-7.838,-25.381,-9.365,-3.866,-9.467
55.464,80.983,7.641,-36.021,23.605,-21.874,13.8,-6.928,-37.209,20.18,-27.229,5.808
56.39,93.912,6.956,-8.586,24.913,-8.354,-14.149,-10.306,-27.914,-20.842,0.159,-5.145
55.227,94.955,25.837,5.204,3.711,-21.8,-19.477,1.184,-13.997,-5.179,-10.785,-8.297
54.338,73.461,-22.173,-35.168,-13.075,-62.536,-4.5,7.565,-24.348,-7.499,-2.193,6.989
56.383,59.893,32.109,7.191,28.165,-53.997,14.291,26.917,22.038,11.445,-27.809,-10.075
57.564,102.751,16.73,-7.364,46.83,-15.919,24.726,-23.687,-32.314,-7.863,-7.429,-0.539
55.886,69.214,24.564,-30.825,9.687,-23.316,-25.349,17.916,-3.51,-10.023,16.848,-9.216
57.394,64.571,46.606,-9.792,14.485,-10.661,-6.282,5.649,-30.203,13.808,-17.289,11.605
56.989,60.701,79.754,-0.972,54.367,-20.324,7.26,11.644,-4.773,15.575,5.822,-29.521
57.277,117.617,70.005,36.715,30.483,-32.684,25.702,-7.522,-7.022,-10.251,-45.144,28.91
56.765,104.886,33.586,-23.124,43.701,-23.361,-9.172,-10.648,-23.485,-13.111,16.888,-11.578
56.329,98.886,3.582,-16.026,39.044,-17.666,-46.357,-1.486,12.562,0.889,-25.625,-0.673
55.116,80.661,-2.899,-9.238,2.413,-45.276,-7.673,-0.169,-10.771,6.815,-11.943,-2.209
57.296,83.691,-1.117,-5.79,26.298,-1.856,-27.73,28.136,6.37,6.044,-9.768,-28.847
56.407,127.482,-3.798,-26.705,30.725,-4.207,-26.392,2.741,-25.305,-9.808,12.7,0.955
56.292,105.141,30.216,-3.609,3.699,-48.34,-38.433,32.926,2.181,11.388,9.303,-19.763
56.568,88.981,21.063,-24.034,30.989,-11.439,-56.475,38.467,-10.831,10.673,-25.737,3.709
55.66,102.187,26.892,-39.907,-0.024,-12.242,35.331,-60.961,-33.367,6.254,-7.538,10.893
56.861,103.289,6.728,-17.549,40.525,-38.133,-16.867,-21.943,-23.825,-16.807,0.296,-3.831
55.264,46.212,-4.2,-27.622,2.549,-34.64,-27.349,5.032,-12.637,25.364,-2.1,9.88
54.833,51.369,-20.531,11.582,-21.489,-27.889,0.679,-11.057,-6.444,19.99,-23.782,-8.661
54.07,65.521,-21.912,-37.4,-17.293,-55.83,0.13,-1.544,-24.374,-7.681,-2.602,-7.477
56.528,36.285,56.005,5.894,21.952,-36.835,60.653,2.502,-20.356,6.757,-12.561,22.172
57.317,119.613,1.137,-25.507,33.857,-56.709,-19.576,-25.486,-32.547,-11.799,-0.43,-5.543
57.333,87.692,29.614,-20.167,37.731,-32.96,-29.206,-27.25,4.44,8.558,-10.554,-8.099
55.905,74.748,34.414,-16.348,30.01,-31.373,2.222,4.035,-15.315,4.398,-16.452,10.963
55.94,62.817,24.376,-17.528,41.418,-23.748,-21.639,-9.587,-21.021,9.533,-11.932,13.87
56.233,99.026,-4.064,-14.981,35.457,-16.459,-21.354,-11.937,-21.786,3.372,-9.384,10.432
54.14,100.013,-8.753,-23.152,-6.179,-30.603,-0.208,-4.407,-20.427,1.435,-12.666,0.259
54.872,57.12,39.781,-1.24,-15.175,1.174,53.393,5.438,-15.496,14.001,-23.076,31.105
54.678,78.459,18.697,-24.698,40.029,33.098,15.397,27.629,-4.768,-30.511,-22.434,-4.998
55.541,99.865,31.91,-29.678,31.233,13.377,3.6,5.19,-18.295,17.55,24.635,3.195
57.743,52.068,76.538,37.592,56.774,-31.654,17.242,-11.647,-20.412,18.998,-15.718,24.429
55.869,64.459,45.372,-16.887,-12.583,-34.666,45.776,16.923,-19.127,2.653,-4.969,16.38
58.233,100.481,50.902,-0.99,-7.396,-15.826,35.04,0.377,-31.485,-7.617,-7.532,5.832
56.408,102.416,13.628,-9.627,41.083,-24.654,-8.948,9.205,-14.245,-23.654,7.86,-0.962
54.82,99.907,37.13,5.199,6.688,-13.629,-8.721,8.622,-18.705,-0.527,3.684,9.114
53.85,67.04,-40.576,-25.568,-10.995,-72.906,0.33,19.236,-18.753,-1.436,8.641,14.952
54.026,81.173,0.876,-17.038,-13.87,-39.713,7.684,5.386,-19.495,4.514,-7.143,6.03
54.837,36.054,10.137,-27.847,8.222,-13.613,-4.45,-17.164,-14.483,15.666,-20.863,3.323
58.376,94.235,43.147,15.483,46.925,-46.844,46.592,-2.12,-27.688,-7.441,2.271,9.841
57.597,83.173,63.686,6.302,11.937,-25.984,-2.456,16.277,0.885,7.067,-8.228,-10.197
57.335,96.318,8.87,-18.559,10.795,-13.85,-33.674,-9.624,-14.899,1.333,-11.531,1.073
57.828,103.727,47.657,-9.995,25.756,9.258,-19.598,-3.754,-12.535,-15.772,-22.771,0.481
56.881,83.108,51.213,16.726,36.727,15.741,-7.369,-5.66,-11.491,-2.405,-31.191,-3.168
56.434,96.714,22.619,-21.314,44.727,-14.366,-10.194,-9.756,-19.081,-3.437,11.672,-5.25
54.941,100.163,15.291,12.682,21.858,-37.954,-60.266,-28.749,-11.286,6.292,-13.759,14.647
54.3,76.306,-40.829,-45.098,-1.253,-44.779,-6.717,-1.309,-15.155,-13.383,-4.067,-7.849
55.924,45.1,32.3,7.552,18.314,-28.975,28.234,44.905,-14.23,3.724,-11.225,16.581
57.579,92.337,55.515,6.677,44.045,-26.407,28.494,-20.404,-36.017,-8.322,-12.334,-2.849
57.132,100.876,32.49,-42.63,18.566,-32.531,-37.794,40.862,-9.958,-10.465,5.463,10.442
57.132,102.269,6.153,22.587,19.067,-42.997,-36.734,-20.716,-16.622,25.165,-7.999,-3.058
56.02,87.892,5.876,-10.412,-4.662,-9.409,-11.907,-4.501,-18.816,10.207,-15.065,11.088
56.254,102.961,16.258,-40.875,-7.057,-20.657,-1.008,-24.793,-4.019,3.357,-9.771,3.791
55.957,140.572,-28.183,-15.247,29.657,-59.417,-5.612,25.109,-28.276,-29.645,0.309,3.177
55.858,97.532,45.656,-6.975,62.056,-28.891,-62.705,27.937,-1.906,13.671,-4.697,-6.541
54.118,63.778,-42.724,-46.16,-37.993,-24.564,-14.83,-4.208,10.015,-20.442,-10.544,-10.926
53.951,86.254,-38.554,-13.878,-26.084,-79.094,3.024,8.25,-16.836,-2.68,-9.01,-4.812
54.629,76.575,-23.276,-20.675,-7.136,-34.45,-1.379,-8.297,-24.554,7.219,-4.399,0.971
57.433,33.639,43.298,6.937,18.207,-41.927,51.498,10.009,-17.901,3.816,-4.807,19.354
57.664,108.238,-9.919,-28.566,33.549,-49.488,-6.359,-23.052,-26.41,-3.232,-4.225,-8.143
57.462,81.526,6.904,-23.362,18.732,-26.508,-15.399,-0.84,4.938,11.821,-17.366,-13.903
57.011,50.042,30.594,-11.39,21.731,-45.426,-0.004,17.55,-3.502,11.599,-14.324,19.609
57.047,80.74,44.038,9.095,37.827,-11.663,-27.399,-0.361,-16.952,17.769,-10.231,-5.8
56.688,104.787,16.004,-20.764,41.439,-18.433,-10.059,-22.029,-26.806,15.478,2.99,5.021
56.982,57.346,42.015,15.624,63.902,-18.961,-13.377,15.027,-12.147,25.432,-27.385,10.326
55.794,107.07,-11.771,-35.341,18.772,-39.319,-23.612,4.174,-1.332,18.293,-3.675,-17.145
55.756,75.171,-5.464,34.526,9.49,-32.212,-8.751,-1.304,-14.852,14.401,-29.283,-4.523
56.21,60.265,26.857,-34.529,48.176,-16.393,-14.054,4.113,7.026,-4.229,5.974,4.621
53.296,65.117,-34.525,9.705,38.524,18.663,-18.069,-18.308,-4.988,1.12,-47.576,5.02
54.18,35.727,-2.412,-5.968,49.069,-19.883,-4.635,28.113,25.605,-4.668,9.4,8.763
55.983,91.427,-9.219,2.128,21.306,-20.277,-38.965,6.57,-7.631,-3.466,7.647,6.506
52.924,87.741,-32.021,-44.275,29.158,13.988,-26.121,-43.267,-17.919,0.666,-8.693,-1.551
52.083,66.718,-79.064,-47.431,-9.231,-77.575,-18.653,25.637,9.808,-18.399,3.254,10.406
56.307,76.065,20.075,-7.533,24.327,-12.826,-0.156,46.917,9.826,21.711,-0.76,-7.642
56.403,63.884,2.438,27.459,22.119,7.479,17.585,-4.665,4.316,3.094,-8.253,10.519
56.225,115.955,-27.832,-18.587,20.679,-41.017,-29.656,8.124,-10.179,12.056,-11.167,-3.362
53.347,52.956,36.933,67.306,81.225,-39.743,-38.868,22.849,2.065,4.385,-29.322,3.552
54.958,61.29,-3.194,-0.56,26.535,-27.568,-57.492,-18.774,-3.363,24.015,6.042,-14.62
54.24,67.869,-8.513,40.812,3.815,-4.159,-70.626,-5.063,18.365,-1.95,-18.849,-35.703
55.467,108.21,8.602,3.085,22.623,28.703,-26.034,-7.237,-3.107,12.351,22.144,-21.708
52.114,110.113,-8.735,-27.033,6.462,-26.889,-5.655,-4.619,-30.554,26.583,-13.244,-1.458
55.727,117.01,-3.782,-10.908,21.368,-23.484,-6.299,21.36,-32.792,-2.149,21.397,22.189
56.721,67.669,63.166,19.414,67.793,-37.648,-23.232,35.445,7.824,0.051,-5.249,16.122
55.304,84.919,-23.602,-45.791,2.288,-38.232,1.807,5.998,-17.163,2.226,-17.639,-3.393
54.8,93.669,0.973,-65.332,24.069,-17.008,11.957,-24.427,-14.357,0.358,-33.072,-21.978
55.007,59.592,-15.09,68.459,7.746,-35.669,-32.22,-15.104,-8.735,18.374,-42.381,-27.663
56.154,61.602,3.443,-12.257,35.627,21.444,-13.286,10.592,32.618,-21.651,18.456,-34.708
53.1,48.271,4.057,-6.722,32.428,42.89,-21.593,2.217,-4.384,9.238,-56.82,-5.268
51.582,72.107,-0.138,-77.191,17.89,8.349,-11.317,5.907,-0.741,-11.137,-11.119,-5.872
56.837,38.387,4.265,4.144,51.815,-13.127,5.646,19.064,4.686,9.611,-27.002,1.083
56.742,73.459,5.314,-12.601,36.312,15.911,11.828,33.705,-12.99,9.742,-30.202,-13.935
54.837,53.46,31.681,37.33,26.225,-13.216,-25.595,15.364,-9.384,19.472,-45.555,1.0
49.354,-3.968,-36.125,-24.287,-50.383,-53.178,0.218,20.818,-6.257,12.713,5.319,-6.525
53.249,79.67,-50.635,-44.465,-29.077,-59.135,-5.774,16.004,-21.228,-12.463,5.738,5.049
56.525,97.633,1.829,2.178,20.3,-20.492,-7.831,40.277,-10.054,38.029,-9.973,-2.554
55.484,132.057,-53.228,8.511,9.763,-25.865,-37.589,8.602,-8.841,17.922,-21.936,-25.03
56.621,84.704,20.457,8.939,29.763,-26.947,-6.483,-5.276,-18.415,-6.384,-23.465,3.486
53.092,112.155,-24.282,-14.687,35.432,-48.678,-55.425,-1.846,-10.324,-0.451,-36.403,-7.692
54.596,102.244,-32.855,-24.475,1.53,-48.669,-32.512,-3.197,-26.665,1.53,2.666,14.969
56.732,78.537,-6.744,-10.069,3.06,-0.009,-65.392,-35.95,0.829,-12.879,-21.225,-25.986
55.534,106.358,29.642,-20.432,1.442,-25.422,19.777,16.727,-7.942,0.533,-13.258,12.229
55.895,91.098,43.106,17.781,32.622,-21.937,14.236,13.138,-19.264,30.671,-14.701,6.551
56.42,137.631,1.293,-15.888,5.968,-50.77,-24.137,13.332,-4.242,-26.712,3.462,30.519
55.872,51.767,55.248,13.268,38.032,-17.874,-36.725,-31.24,-11.057,-2.779,-9.441,-4.51
55.117,89.163,-48.02,-25.242,-25.813,-51.096,-42.84,18.664,20.365,-13.126,19.293,-10.461
55.177,119.681,-20.351,0.767,1.566,-23.404,-11.503,26.655,-12.782,20.151,-20.56,-12.328
55.054,61.514,7.061,4.055,11.541,9.543,14.716,-8.568,-29.772,19.399,-41.866,-8.385
52.969,71.746,25.018,-74.256,-19.687,-7.524,8.584,11.076,-9.111,15.899,-23.535,2.933
53.706,113.1,-40.545,20.347,15.362,-13.195,-14.175,20.819,-21.113,-0.613,-10.322,24.599
52.735,111.555,-15.481,25.897,5.346,17.978,-66.921,-3.648,6.344,-22.768,-14.502,3.361
51.929,54.875,-12.435,0.666,46.84,28.833,-11.93,20.022,3.263,13.975,-29.673,5.391
55.919,91.441,0.062,23.603,13.826,-16.36,-44.607,6.735,-6.179,24.411,-5.211,-13.654
52.295,84.352,-5.456,-20.974,-30.173,-37.79,25.234,-13.073,-27.118,-0.053,-11.582,11.011
54.898,91.75,-34.74,17.6,11.354,-25.036,-42.13,1.436,-5.017,-2.874,3.362,18.959
53.199,90.873,-5.947,-60.274,38.166,23.881,-18.499,-25.835,0.683,4.703,-6.304,5.898
56.416,88.496,-5.374,34.952,39.342,-24.315,-52.769,-24.462,7.332,9.627,-48.631,-3.41
54.055,86.882,-23.325,-36.205,1.991,-1.726,-17.43,-10.171,-5.932,13.699,-5.346,-4.154
55.497,119.167,-23.586,-17.734,16.547,-17.022,-6.594,16.139,-8.53,11.656,-13.612,3.298
56.181,69.598,-4.13,14.079,-2.13,-23.624,-42.372,-1.782,1.234,-7.006,-28.122,-25.699
56.439,65.296,32.467,-6.409,36.109,-56.6,9.418,-37.635,-19.415,-5.068,3.506,18.968
55.752,57.382,17.349,14.512,39.308,-7.689,14.898,-15.59,14.633,-9.98,-35.374,27.09
51.649,87.999,29.1,-62.046,16.68,-4.106,-13.757,13.817,-3.948,10.328,-9.266,3.244
52.273,65.905,-54.074,-56.565,-28.597,-67.476,-5.925,18.654,-17.074,-25.413,-4.806,-6.534
54.667,95.016,40.569,-51.209,22.109,-14.418,5.83,-16.094,-23.277,3.281,-8.816,6.614
54.375,140.266,-67.464,-49.67,3.997,-38.4,-10.5,29.509,14.112,-16.454,16.073,6.178
56.041,76.786,6.487,5.322,33.303,-30.333,-4.153,29.899,-25.631,27.503,-19.565,-11.444
53.483,60.734,-29.717,-33.992,13.82,-27.971,-26.798,1.157,-14.734,24.749,-29.76,-0.956
49.698,2.557,-21.132,-56.137,14.153,-26.764,12.932,-1.162,-12.356,36.899,-15.44,-20.898
56.535,91.011,24.332,1.344,17.443,-49.369,-41.916,5.111,2.829,17.574,-14.023,-11.821
55.872,64.916,27.794,33.007,50.211,31.212,-7.161,-8.799,4.125,9.193,-32.541,-26.316
53.253,79.548,14.761,-72.458,7.266,33.367,-16.848,-1.233,-3.737,8.743,-9.266,-16.988
54.369,59.263,13.79,-16.657,7.312,-45.676,28.632,6.722,-14.138,9.8,-12.005,18.078
53.426,35.417,-18.889,24.397,10.415,-53.729,-27.077,21.695,-3.696,18.178,-12.1,-15.678
57.416,58.863,39.358,18.635,14.562,-8.529,25.407,8.846,5.514,22.034,3.618,-14.416
56.885,100.18,17.879,4.038,-1.893,-5.803,-21.626,-17.062,-7.813,-19.801,-6.163,-0.499
56.505,94.486,55.685,6.275,14.489,-38.342,-62.811,-3.303,-23.773,32.583,-0.078,-29.866
55.095,73.295,-10.001,75.919,22.571,-41.047,-26.405,-8.762,-0.508,-6.817,-42.481,-0.218
52.82,120.771,-24.228,23.663,55.951,-54.282,-38.313,27.779,-25.584,-6.475,9.084,-15.69
53.365,96.9,-58.978,-50.747,1.474,-64.863,6.418,24.57,-12.245,-28.458,7.038,-7.286
57.297,65.541,26.58,15.86,38.543,-27.661,15.83,-5.889,-4.456,8.311,-21.398,1.26
56.57,77.196,3.22,-10.434,34.945,-17.562,17.178,-49.771,-8.025,18.68,-29.721,-9.587
54.789,91.08,-24.73,11.433,11.354,-73.408,-15.169,-8.086,-15.38,-23.113,-7.58,22.546
55.236,44.263,67.175,-12.446,95.21,-14.58,-14.033,-9.825,6.537,-1.967,5.126,19.044
55.639,107.886,-10.717,-42.831,17.543,-33.036,-35.963,22.439,19.527,-8.73,-5.645,15.58
56.072,127.392,-28.947,-40.229,22.343,-25.449,-37.464,-28.566,17.822,16.296,-12.414,17.148
54.605,83.983,30.514,8.11,42.718,-37.186,6.018,42.501,-6.726,11.501,-18.431,13.485
52.394,88.568,-25.319,-46.186,0.111,-27.987,4.316,-5.806,-32.096,49.774,-15.701,10.602
55.967,64.061,24.417,-19.116,32.148,-46.73,-34.245,5.277,-13.937,-1.12,-10.668,-7.749
54.192,58.287,13.587,5.113,88.382,-27.164,-2.595,51.605,-6.567,-3.71,-19.176,24.158
53.973,88.513,-50.456,-60.354,9.612,-50.296,-18.364,3.951,2.456,-8.809,-17.221,-5.248
54.274,79.457,-20.624,-22.766,-13.39,-56.126,-16.714,-7.064,-31.39,6.304,-2.615,5.818
55.75,95.143,-16.754,-11.265,-11.157,7.946,-34.152,9.74,-0.15,-9.494,-12.587,4.401
53.138,6.124,-21.416,-6.865,22.943,-20.209,-7.454,2.735,16.306,15.005,-13.38,-1.444
54.63,101.268,-29.592,12.537,2.206,-54.54,-41.321,6.542,-13.342,-23.54,-23.905,28.603
55.156,50.243,54.641,-7.919,49.609,23.98,-14.878,55.394,-7.459,56.997,-24.763,7.43
52.083,75.762,-22.124,-83.172,16.622,-4.569,-31.509,-6.892,2.212,2.35,-13.477,0.983
54.019,71.818,-2.359,-37.217,-17.291,-40.812,2.882,-20.516,-24.552,8.904,-8.892,6.133
55.04,59.359,-11.246,-19.324,16.83,-40.892,-19.335,18.819,-7.597,12.083,0.92,1.084
57.284,79.333,31.966,-7.586,52.592,-47.834,3.111,-7.888,-7.299,5.52,-9.986,29.243
53.714,23.396,-21.486,-44.627,71.152,-33.014,-24.343,14.119,27.341,8.97,9.9,19.755
54.771,57.939,3.575,-8.831,24.137,-24.556,-21.642,54.056,-1.748,3.371,-5.641,29.917
54.622,78.144,1.926,-54.329,7.318,11.543,-3.748,-8.92,9.212,14.314,-27.201,-4.217
54.682,36.161,30.279,-1.885,-10.223,-18.455,15.297,-5.572,-29.977,22.035,-33.633,-11.227
55.677,72.593,-2.065,7.832,30.154,-50.461,-7.091,-33.528,-27.18,-10.739,-24.046,22.864
53.862,58.043,1.423,-36.483,32.441,-29.508,-36.663,10.159,-0.918,12.017,-4.555,-0.281
54.824,135.819,-27.985,-84.899,29.263,13.013,-35.154,-22.38,13.791,2.637,-19.483,4.696
54.949,134.477,8.581,-25.391,62.468,-31.079,-9.395,21.034,-9.181,-15.232,-4.244,-7.888
54.595,112.659,13.602,-25.259,57.6,-29.248,-2.667,-27.246,-15.444,15.902,-26.002,0.877
54.871,112.405,-3.74,30.183,18.842,-55.98,-18.258,9.55,-19.122,-20.315,1.977,24.741
53.996,89.298,25.642,-40.361,62.158,11.096,-54.536,-0.044,16.456,12.028,-41.369,-10.743
54.856,103.724,-38.538,-40.129,9.234,-18.086,-23.648,6.563,-3.676,9.011,-2.6,-14.118
54.699,89.389,-11.683,-19.259,-11.076,-23.827,-28.804,-2.692,-22.005,16.519,-24.967,6.075
54.839,53.301,7.039,-35.285,-0.677,-10.508,-10.019,-26.009,-21.44,-4.873,-27.828,-16.338
55.475,36.277,16.413,-24.368,72.351,-22.473,48.259,-6.651,19.198,10.436,-3.574,3.316
53.547,106.384,-34.096,-59.288,25.199,-18.007,-12.478,13.209,-5.02,-30.451,-29.28,16.509
55.377,70.737,54.177,67.137,70.394,-22.679,-32.747,18.365,-8.498,3.029,-41.859,4.719
54.461,102.312,-25.41,7.815,25.746,-38.455,-30.069,16.247,9.577,-20.68,0.796,-0.023
56.874,95.314,2.207,14.874,24.017,-29.788,-65.409,26.536,15.936,30.529,-16.621,-7.437
56.251,99.894,-9.483,4.165,10.013,-6.781,-32.041,-1.549,-18.47,15.939,-22.372,-12.294
53.458,106.02,-41.659,-34.565,8.789,-45.203,-0.746,10.016,-51.372,-0.734,2.06,-13.045
55.712,55.967,-1.363,44.531,-13.725,-21.659,-26.984,7.618,-22.183,19.303,-6.253,-37.099
55.438,144.01,-41.809,-0.089,14.934,-67.153,-15.443,25.807,-18.128,-30.962,2.377,23.778
55.724,131.056,13.145,-10.766,49.017,10.69,-68.831,-30.344,6.011,10.638,-22.1,-15.731
52.149,94.158,-32.639,-16.136,28.443,-34.19,-26.069,9.755,-39.677,13.827,-6.516,-42.595
53.912,113.961,22.687,-44.276,33.272,26.047,3.487,-35.064,-11.264,21.549,-37.739,20.144
56.895,87.621,16.333,-17.522,21.459,-12.623,23.468,0.154,2.966,22.795,-21.397,12.846
56.68,90.879,4.441,-36.492,11.396,5.397,-14.422,14.944,-12.519,22.205,-38.977,0.799
53.599,106.335,-28.993,29.318,2.713,-72.992,-7.464,11.507,-17.571,-22.383,-8.321,21.139
56.218,77.194,66.503,36.852,60.034,11.143,-38.955,30.918,-18.401,-1.096,-20.112,-29.173
55.195,84.251,-32.843,-40.972,24.588,-57.917,-36.478,-22.951,-3.914,17.462,-13.609,-0.564
57.223,67.018,20.558,-1.702,44.059,-11.272,0.052,21.003,8.175,6.793,-20.482,20.489
55.526,99.009,26.44,-47.814,31.481,-10.662,-9.62,-10.631,-31.974,13.299,-28.859,-20.49
56.626,157.711,7.51,3.452,16.444,-21.139,-64.65,-12.083,14.796,0.512,15.004,8.625
57.292,106.222,23.289,0.333,41.969,-12.044,-26.834,-34.414,6.57,43.408,-17.188,0.093
56.846,123.389,-3.359,-20.511,39.646,-67.921,-8.985,23.488,-9.255,-18.819,6.538,18.304
57.308,102.77,60.169,18.615,53.894,-7.085,-11.641,-8.621,-2.97,23.556,-27.761,8.846
55.461,82.798,-29.75,5.756,12.574,-49.916,-38.017,32.517,-11.455,-3.227,0.019,-11.449
55.277,119.06,11.371,-11.826,17.604,-20.186,43.556,-7.981,-6.451,20.658,-19.093,8.847
55.888,70.05,-15.508,-4.748,11.478,-32.343,-30.719,-24.638,3.026,23.167,-13.362,-4.05
55.962,75.601,22.538,-28.614,-3.729,-2.503,1.697,10.925,-6.47,-4.365,-23.57,-13.602
55.106,41.722,33.518,-81.31,19.109,-18.571,20.843,-5.515,-13.216,-2.106,-7.989,11.994
57.384,133.286,2.649,-23.127,-14.807,-39.143,-29.204,21.104,4.11,-10.354,20.371,19.184
56.64,79.572,95.628,69.681,33.943,-47.714,12.517,11.251,-1.508,-2.985,-33.058,7.47
53.242,69.683,34.364,-14.706,42.909,-18.604,4.882,1.717,41.0,-8.251,-23.139,-20.253
54.461,71.411,-11.369,-85.213,3.719,-51.197,3.433,6.774,11.638,-6.713,-7.487,3.537
55.291,133.564,-14.065,-47.93,2.312,-34.788,2.454,-30.658,-9.687,20.311,-8.431,14.058
55.225,107.168,-34.455,-2.975,22.495,-52.602,-13.478,13.98,-26.05,11.824,-16.987,-16.353
54.605,110.563,-36.128,19.495,6.754,-42.396,-8.68,14.399,-28.906,1.475,10.739,19.016
55.654,99.592,50.989,20.357,34.169,10.743,-40.489,4.62,4.684,22.203,-22.395,-19.668
53.852,19.769,15.393,-18.755,53.307,-6.459,-32.856,28.196,9.513,0.846,-7.638,6.804
54.344,120.655,-11.592,-34.061,-21.313,-9.239,-19.313,-4.954,-14.216,12.928,-25.933,12.942
54.776,38.889,15.961,-45.202,20.48,-24.154,28.391,-18.796,-19.061,22.439,-4.067,8.951
55.837,58.739,10.395,49.515,-15.651,-35.658,-16.726,-20.921,1.752,-6.184,-28.178,-32.17
54.797,125.607,-28.311,-42.589,-4.586,-16.833,-6.964,-47.432,-9.895,2.497,-0.508,14.735
55.279,106.642,-13.698,-4.179,-9.482,-72.674,-18.998,3.751,-24.057,-19.605,3.175,16.658
57.659,106.465,89.34,23.941,41.9,-9.859,-18.312,3.074,-5.964,12.136,-18.487,-2.718
55.619,24.54,44.44,38.195,46.283,-22.994,-1.462,7.228,8.43,-12.286,-14.66,4.318
55.273,48.832,25.747,-23.608,49.493,-26.39,-12.243,51.747,10.085,-3.528,6.158,5.087
56.775,139.52,7.284,-21.887,19.612,-7.438,-58.852,-7.545,7.441,7.256,2.42,18.972
55.449,64.201,-8.523,-14.899,19.963,-42.834,-17.101,35.049,-11.198,11.334,0.412,12.377
56.852,90.781,36.836,-11.321,15.721,-32.769,-9.144,-12.945,-48.445,-13.485,12.922,17.893
58.233,101.132,67.877,6.025,62.402,-17.654,1.653,-5.477,2.311,2.887,-26.456,16.889
55.365,99.871,-10.588,-22.273,29.378,-26.226,-6.564,20.831,-4.504,14.184,-19.723,-3.387
54.698,114.201,-46.799,-27.419,26.313,0.377,-13.595,-10.969,-1.878,-8.077,-47.813,8.003
55.532,139.56,-33.818,16.242,2.937,-39.282,-54.649,16.095,10.929,-35.791,-28.621,35.666
55.48,65.705,5.5,51.795,44.458,-15.576,-59.658,-34.15,22.111,14.557,-26.595,-7.268
54.907,19.345,54.381,-28.115,61.746,11.466,-10.783,43.488,22.188,1.801,-3.6,3.352
53.381,102.501,-61.361,-58.382,7.248,-58.97,4.552,50.805,-8.983,-33.729,8.132,-7.628
56.464,103.335,6.219,-15.79,13.381,-12.766,-27.595,18.309,-11.873,36.02,-22.493,-13.193
54.713,75.582,17.989,-51.528,-0.462,8.972,10.57,-26.865,-7.172,-1.559,-38.9,1.472
56.614,69.036,-4.975,-8.727,35.144,-56.54,1.225,-28.41,-9.325,-0.347,1.663,21.195
56.803,65.96,102.899,3.423,92.631,-28.512,23.733,5.301,22.406,-28.938,-6.934,23.636
57.167,58.047,62.744,8.781,50.492,-12.545,-6.49,-12.856,-13.825,-5.133,-21.953,-7.262
54.947,65.532,13.386,-15.739,51.067,-26.507,-12.949,45.189,-3.0,10.359,-18.249,6.855
55.959,111.719,-40.511,-3.776,10.494,-0.665,-31.001,-12.771,-3.045,-19.582,-17.371,13.579
55.122,103.126,-13.196,34.871,18.726,-35.463,-28.573,-5.633,-17.06,-18.149,-31.27,2.895
54.741,95.802,32.065,-40.874,37.36,51.415,-12.871,11.076,-13.585,37.092,-19.39,-0.395
56.636,91.585,-12.994,-2.529,29.692,-26.876,-16.842,22.423,4.681,15.056,-17.422,8.25
55.725,130.498,-6.565,-28.23,28.329,-7.839,-55.264,8.053,-17.458,-9.121,-13.402,20.513
55.145,86.8,-19.449,-26.153,3.596,-31.759,-34.058,-13.559,-15.688,16.45,0.835,14.088
57.053,71.405,16.654,-9.132,34.837,-47.988,-3.512,-10.706,-17.767,8.365,-24.118,26.717
55.587,82.478,19.446,-6.713,15.71,-12.694,21.25,6.028,-4.63,14.813,-30.354,-2.609
55.621,113.43,-30.966,-16.327,9.083,-21.347,-9.789,-18.378,-12.419,-7.199,-1.817,-1.458
56.673,44.959,33.338,-23.903,39.175,-23.543,20.816,11.43,22.766,1.107,3.063,-5.92
56.171,55.596,19.84,62.785,23.013,-47.684,43.279,-0.049,-0.33,-1.224,-45.228,43.918
54.408,35.529,20.775,-42.029,18.814,11.303,16.59,54.406,-7.574,33.05,-13.843,10.48
52.621,92.352,36.316,-41.254,29.28,2.833,-6.807,24.48,-35.56,34.224,-25.595,0.943
54.112,85.09,11.49,-47.32,18.338,24.158,-28.061,36.522,-14.533,22.734,-40.797,10.593
55.101,108.634,8.345,-65.222,-5.447,-20.557,-18.189,1.751,2.724,5.332,-10.654,0.003
56.939,67.829,26.151,-8.542,16.57,-9.902,2.424,3.472,9.234,26.401,-17.702,8.762
55.242,85.657,-24.883,-9.328,11.614,-5.594,-9.607,4.998,-12.261,-18.322,19.983,16.497
56.454,92.571,71.062,-7.713,57.396,-5.369,-27.392,-10.941,25.408,-22.455,-22.324,-6.359
53.832,69.95,12.547,26.881,4.721,-52.876,-34.195,-11.673,11.658,26.553,6.211,-22.382
54.422,60.363,17.355,32.154,41.442,-10.459,11.157,12.802,-4.679,20.8,-32.227,33.793
54.333,84.066,7.106,-36.772,18.811,-17.922,18.564,8.889,-17.842,33.725,-12.158,6.549
55.773,46.446,32.796,-40.997,2.382,-28.815,9.49,-1.042,-7.534,-7.091,-1.554,-0.54
54.469,120.242,-39.361,41.231,6.821,-28.784,-23.278,18.704,-14.762,-8.407,-26.102,18.71
54.711,70.161,33.477,34.946,63.469,3.215,-9.054,2.439,-29.609,55.796,-26.998,21.548
54.529,95.57,-4.579,-84.167,23.047,16.762,-44.473,-18.426,-29.506,-2.753,-6.976,3.231
56.98,35.771,39.775,6.508,39.986,-32.58,-13.164,53.138,14.668,-12.317,8.896,4.899
57.187,58.185,54.745,-6.875,60.989,-27.477,-14.254,-0.84,-14.417,24.326,-9.231,-8.587
57.415,95.521,49.637,-9.798,65.416,-36.757,-17.511,-12.373,21.663,-16.741,0.465,17.579
57.911,78.41,24.518,38.252,10.513,-58.749,15.03,17.674,-10.29,4.052,9.78,30.929
55.458,98.286,17.226,27.696,35.61,-40.764,11.687,12.356,-21.149,-14.738,10.837,24.717
55.377,30.154,54.065,6.114,95.98,-46.74,-7.708,-10.329,7.624,31.688,-0.884,3.574
55.436,62.506,47.098,33.419,57.057,-26.914,12.402,6.714,7.435,-2.243,-20.505,9.979
56.722,32.074,29.96,-6.189,34.61,23.909,9.889,-8.531,16.184,0.007,-14.947,-19.128
53.911,97.304,-31.193,34.505,5.419,-72.224,-25.667,7.571,-16.657,-27.016,-6.626,19.735
52.528,93.573,0.155,-53.407,53.208,9.521,-43.516,37.803,-2.391,4.056,-23.913,-5.899
55.482,95.3,-16.456,23.871,55.417,-8.65,-69.182,-24.099,-16.988,26.051,-3.522,-15.84
52.642,81.827,-71.81,-40.07,-4.37,-64.075,0.544,21.658,-13.452,-21.951,-0.201,0.637
54.344,88.325,6.877,-59.568,26.618,-19.134,41.177,-45.816,-35.417,10.686,-20.975,21.967
56.679,61.369,12.882,54.739,14.968,-31.142,22.811,-17.625,10.902,-1.409,-55.616,13.841
53.749,68.215,-34.111,-5.884,-19.853,-46.162,-58.539,-27.826,3.29,4.785,7.164,0.236
54.502,89.897,-34.182,19.68,6.586,-62.812,-27.795,-0.756,-25.424,-18.606,-11.374,20.256
56.341,76.511,77.259,4.276,48.497,11.906,-17.369,-4.45,-9.94,-2.213,1.953,-22.668
55.05,44.421,18.999,61.403,54.195,-10.948,4.032,27.609,25.351,-28.389,-30.782,14.739
53.532,113.571,-52.738,-55.777,40.959,-21.163,-14.816,-2.795,-37.688,21.025,-16.213,-5.394
56.289,127.067,-17.373,-40.498,-25.384,-21.414,-25.888,14.725,-19.082,1.016,-11.032,17.791
54.848,38.692,-0.049,-39.373,4.647,-16.13,9.761,-27.986,-7.852,9.064,-9.322,6.37
55.165,84.366,-28.766,1.92,-23.072,-43.396,-6.501,8.524,18.678,-9.201,-20.042,17.193
55.982,149.031,-38.869,-14.062,21.566,-68.569,-13.625,24.75,-9.903,-28.023,7.822,29.12
56.187,69.282,3.457,-9.624,-7.214,-28.062,-15.233,-12.395,-13.333,33.101,-17.48,-12.488
55.807,85.287,-13.56,-48.827,-18.24,-22.741,-20.724,-17.854,-20.642,-0.127,-14.24,-20.075
57.296,68.072,39.943,16.644,-16.465,-34.178,0.948,2.687,-26.27,19.526,-23.139,-5.791
57.026,54.563,-5.067,23.615,23.451,-29.47,22.55,12.671,20.575,19.378,-8.566,11.94
57.058,55.402,41.265,-6.176,47.368,-25.0,-1.231,25.861,-4.43,-6.17,-16.729,-5.213
56.993,71.769,37.338,14.872,61.205,-10.335,-3.578,21.78,9.63,-6.586,-17.444,27.302
54.391,62.82,-14.083,-14.727,2.64,-20.721,-10.885,20.995,-14.544,-12.331,-28.672,0.324
53.974,75.528,-48.84,-50.558,8.462,-47.611,-2.537,-13.224,-7.978,-12.97,1.144,0.325
55.656,34.4,29.975,0.012,31.436,-6.196,34.701,2.178,15.986,23.489,-14.607,8.333
57.255,103.489,28.991,-17.013,28.082,0.146,8.513,-12.918,-21.031,-23.352,16.18,-3.546
55.753,99.884,37.923,-21.764,20.303,-28.166,-14.289,25.809,-5.334,14.376,14.454,-12.274
57.454,62.519,48.765,-1.925,28.827,-26.678,-15.938,16.239,-32.474,36.414,-11.786,8.694
55.95,78.476,2.116,18.084,-6.792,-55.002,-7.225,-10.018,-17.961,16.27,-7.207,-7.357
55.421,82.642,6.056,-36.721,23.217,-18.577,12.196,-10.345,-36.83,13.304,-29.724,4.076
56.857,101.178,9.943,0.332,30.948,-31.428,-17.212,-24.811,-34.094,-23.554,-18.737,-5.684
54.851,92.573,29.093,0.203,4.169,-30.733,-20.695,-2.709,-15.945,0.672,-10.098,-3.789
54.008,73.791,-25.584,-45.935,-17.359,-61.746,-2.068,4.893,-24.714,-14.503,-12.617,4.117
56.431,54.657,27.153,11.192,29.235,-40.267,13.439,30.923,21.659,18.297,-20.454,-11.334
58.201,96.431,23.348,-3.823,50.655,-30.327,22.242,-28.529,-33.217,-7.059,-25.116,5.922
56.385,65.865,27.724,-29.897,15.724,-20.966,-19.02,18.179,-5.11,-6.009,20.728,-5.12
58.008,57.727,68.504,15.411,17.545,-25.763,11.247,14.323,-22.779,13.349,-15.294,2.685
57.61,67.84,99.223,2.72,62.422,-36.145,12.01,26.116,7.69,16.961,17.044,-26.123
56.586,79.387,-0.916,28.101,-0.263,-70.57,13.003,0.863,-9.331,21.86,-6.578,29.597
57.023,106.774,37.832,-14.142,44.434,-37.9,-10.417,-16.847,-24.404,-15.253,-1.943,-10.996
56.2,105.185,4.248,-17.757,35.426,-24.302,-41.919,-12.024,9.551,-7.016,-28.33,9.175
55.088,78.489,-9.791,-6.185,0.127,-23.948,-8.408,-5.084,-12.776,10.665,-1.563,-10.099
56.404,77.935,2.388,-19.781,27.028,-0.137,-24.199,25.592,11.92,-1.193,-9.695,-32.283
57.125,131.99,0.809,-27.049,31.745,-28.857,-35.933,-1.454,-21.564,-18.151,1.908,5.424
56.377,106.362,23.691,0.444,-0.305,-38.731,-37.397,16.282,-10.964,7.142,19.748,-15.127
56.801,82.647,17.916,-13.152,36.325,-13.225,-56.708,38.968,-9.774,-5.635,-30.307,9.083
56.019,101.715,25.073,-33.043,5.577,-17.586,33.129,-52.882,-30.744,14.407,-13.439,8.223
56.822,100.169,8.176,-13.506,40.506,-43.547,-16.455,-28.372,-20.3,-19.589,-7.634,-1.238
55.246,59.765,37.886,-14.358,28.94,-21.66,-36.672,-9.767,-17.089,3.018,-20.699,9.429
53.279,65.294,-52.486,-34.137,-22.453,-53.902,-5.526,23.411,-20.136,-13.554,7.771,-0.243
53.58,80.122,-1.14,-36.686,3.681,-31.172,14.394,-5.522,-23.045,9.094,-12.447,-12.964
56.192,38.111,62.272,7.71,17.793,-43.146,59.799,8.807,-21.202,3.005,-9.74,22.164
57.58,117.38,-0.527,-27.131,33.844,-53.169,-19.159,-24.032,-33.759,-11.742,-1.16,-5.817
57.34,82.568,22.703,-15.845,33.618,-25.389,-25.924,-14.468,-9.242,11.048,-12.019,-7.322
55.685,71.754,41.937,-1.339,36.233,-34.556,-21.742,21.825,-30.581,2.298,0.007,14.872
55.613,76.303,13.12,-17.297,31.539,-25.872,-25.499,-13.353,-29.023,9.626,-9.616,10.159
56.339,103.365,4.205,-11.429,43.867,-17.982,-21.521,-20.98,-16.934,16.073,-10.942,9.182
54.125,89.249,-17.978,-37.521,3.226,-20.707,-2.006,-6.248,-13.377,4.469,-12.288,-3.187
55.334,40.786,54.241,28.845,-8.763,-39.744,59.964,20.14,-19.149,3.371,-24.151,35.039
54.803,74.394,16.058,-20.274,43.196,27.597,12.487,31.459,-2.771,-30.693,-26.391,-5.735
55.404,100.397,37.391,-30.468,29.88,13.116,7.862,7.562,-17.616,15.02,22.927,3.857
58.029,57.837,73.927,40.411,53.01,-44.403,19.664,0.656,-17.801,16.81,-15.983,26.1
56.532,73.183,48.274,-6.292,-11.472,-45.361,25.119,15.301,-20.164,7.484,-5.226,-4.495
57.385,93.965,39.725,-27.902,-1.425,-19.633,22.553,-2.083,-30.007,-2.492,-3.396,5.589
56.334,102.906,13.222,-11.502,35.639,-19.711,-11.231,6.583,-15.649,-23.297,9.367,-3.292
55.025,101.356,40.389,4.36,7.163,-10.705,-10.093,10.13,-17.885,1.636,3.239,5.903
54.419,73.188,-21.263,-26.755,-9.019,-62.464,-2.656,10.172,-18.653,5.996,3.765,11.864
55.383,28.161,17.163,-15.249,10.053,-14.533,-6.05,-1.195,-11.83,15.432,-23.931,3.384
58.444,99.199,50.917,17.607,53.974,-44.193,46.425,10.691,-28.271,-7.593,3.506,1.464
57.098,75.471,88.616,3.792,21.525,-27.084,52.827,0.68,-8.099,-0.449,-16.441,20.738
57.909,100.176,22.568,11.347,-2.669,-39.129,-41.254,-1.623,1.87,-2.584,-2.609,2.378
57.316,96.589,9.169,-21.967,6.113,-13.246,-41.558,-8.413,-18.106,3.998,-8.22,-1.482
57.688,102.135,49.192,-20.212,28.601,7.549,-17.186,-5.076,-6.533,-14.228,-20.355,0.512
56.56,82.22,43.993,9.405,41.968,13.858,-10.593,-1.585,-7.91,-9.67,-34.114,0.131
56.166,105.619,15.348,-16.133,34.461,-8.018,-18.461,0.778,-19.318,-2.362,8.622,-1.018
54.561,73.507,-37.053,-40.075,-1.613,-44.101,-7.519,0.375,-15.323,-14.083,-2.118,-12.48
55.681,42.468,33.747,8.667,13.092,-32.529,25.213,47.608,-15.51,5.055,-14.016,16.592
57.682,90.387,52.318,13.246,46.543,-26.694,32.649,-21.248,-36.358,-5.48,-10.169,-4.016
57.306,98.11,32.271,-37.199,21.988,-30.523,-39.049,45.978,-15.549,-4.299,8.153,14.043
56.993,95.374,5.457,16.301,11.965,-38.836,-32.621,-17.83,-24.383,33.809,-16.45,0.421
55.979,96.507,10.243,-9.274,-3.976,-8.514,4.879,-5.644,-24.525,1.23,-18.682,19.644
55.142,103.633,-4.417,-23.784,-9.709,-27.772,5.557,-5.021,-10.216,0.464,-3.409,21.832
57.063,91.78,13.504,-18.44,-0.901,2.411,-23.963,-24.643,15.792,-20.851,-19.742,-7.865
56.382,111.561,2.012,-17.573,37.363,-49.798,-10.179,-20.417,-21.158,-27.468,6.351,-1.822
55.185,132.032,27.238,10.862,47.128,-22.493,-66.248,-27.685,17.002,-9.193,-12.957,9.897
55.407,97.473,27.799,-20.711,-1.333,-24.951,-32.167,-22.546,-2.635,-4.865,-7.875,-8.591
53.809,78.072,-52.04,-19.611,-26.472,-74.724,-1.195,4.737,-11.732,-4.976,-8.592,-4.967
54.221,79.23,-29.409,-19.34,-11.855,-35.574,0.353,-2.053,-20.302,4.116,-2.671,-3.94
56.475,35.451,41.199,-7.588,20.542,-50.265,57.835,6.387,-9.177,13.823,-1.38,21.3
57.101,113.355,-14.906,-18.276,26.093,-53.987,-12.019,-13.293,-27.934,-10.336,-4.607,-8.956
57.333,72.174,12.996,-15.324,9.315,-33.229,-5.699,-11.217,-4.089,15.848,-4.699,-3.553
55.748,80.894,37.967,5.624,19.849,-46.235,-4.587,26.359,-31.479,-7.629,1.557,2.976
55.728,73.572,30.2,-14.094,40.809,-22.921,-18.275,-10.693,-26.777,18.346,-13.665,9.869
56.129,97.082,-0.644,-12.183,42.157,-17.647,-17.522,-20.899,-22.911,18.489,-6.923,15.249
54.253,88.859,-20.132,-19.733,7.538,-30.803,-1.554,-6.568,-9.9,6.266,-11.844,2.289
55.829,75.644,23.204,8.342,-15.254,-11.342,15.093,6.364,-8.993,-6.639,-8.796,9.162
55.456,124.126,-4.408,37.576,18.065,-24.51,-6.092,3.832,-14.249,-33.824,-0.117,-4.051
56.908,140.5,48.423,-13.852,-3.057,-9.705,-17.577,15.889,-6.433,5.999,3.16,-22.647
56.079,125.674,46.097,7.25,-4.984,-23.636,-4.934,-15.465,-27.656,10.639,-6.881,2.755
55.71,82.182,16.53,6.871,-17.438,-36.604,11.59,-4.84,-0.698,8.145,-3.294,-3.756
56.031,131.679,4.702,11.743,21.024,-45.526,-12.721,10.807,-30.178,-35.45,-3.077,-3.223
54.166,144.033,56.66,-11.023,13.045,3.326,-3.198,12.935,-18.851,7.365,-23.369,1.451
55.203,81.327,-10.669,-14.402,-14.42,-53.547,-0.862,3.888,-28.551,4.432,8.253,5.897
55.291,85.151,1.924,2.763,-32.065,-27.319,10.352,1.932,-8.874,-1.087,-10.531,14.741
56.094,126.748,-18.023,28.771,6.594,-46.039,-8.571,-11.258,-29.727,-23.785,-11.557,4.366
57.0,128.868,31.511,-26.495,-15.779,-7.405,-21.828,9.278,-14.96,-6.19,5.479,-13.85
56.902,110.682,32.901,7.116,-7.94,-36.528,-12.085,4.206,-28.178,18.18,-1.535,-2.47
54.945,70.042,-11.193,-27.663,-19.188,-52.077,-7.761,6.653,-3.07,-4.218,-2.477,-7.036
55.572,125.542,11.432,17.243,16.955,-34.709,-8.168,9.537,-21.425,-23.093,11.779,1.057
54.131,83.414,-10.313,-34.197,6.497,-29.959,-9.338,-5.602,-14.973,2.176,-0.781,-12.775
55.354,72.9,20.024,-37.247,-7.71,-23.877,2.793,9.873,-9.504,8.367,-16.539,-8.841
55.628,128.064,-0.076,32.559,14.997,-29.201,-3.331,4.402,-19.635,-27.462,4.288,-6.344
56.898,147.054,50.46,-16.752,-9.335,-19.284,-10.274,13.163,-5.427,-4.639,0.513,-17.247
56.147,129.858,34.773,3.863,-4.427,-29.028,-21.842,1.802,-26.829,12.064,0.225,1.958
55.701,95.778,18.855,-11.38,-25.254,-43.749,1.938,2.813,-16.926,1.409,-24.507,5.119
55.773,136.875,-0.474,16.862,13.307,-46.671,-19.257,11.772,-31.817,-39.484,-4.82,0.329
53.646,116.098,57.156,-23.503,21.664,15.588,-17.551,10.744,-4.089,-5.982,-22.314,-0.618
54.512,64.987,-19.794,-31.221,-16.101,-54.197,2.942,9.077,-27.351,-24.33,6.911,-8.855
55.023,47.652,40.15,-14.854,2.283,-39.952,33.433,11.963,-8.667,7.417,-11.331,9.923
57.24,116.26,6.203,3.583,13.908,-42.604,-12.991,-27.693,-32.127,-19.129,-0.29,-7.867
57.248,113.222,18.538,-34.682,-9.843,-46.564,-26.927,-1.352,-16.03,-10.926,-6.614,4.657
57.359,103.709,35.773,15.029,10.687,-38.116,-18.374,-18.054,-14.787,6.948,-5.309,5.173
56.073,107.161,13.875,1.222,29.472,-18.795,-17.781,-19.743,-22.74,7.193,-13.056,11.727
54.114,100.966,-58.206,-47.502,-3.114,-52.447,-2.85,12.392,-6.341,-15.609,5.839,11.441
54.18,87.461,-1.497,-19.566,-11.096,-30.618,2.984,-4.978,-16.556,2.895,-14.154,3.099
55.657,70.671,15.167,8.422,-25.283,-9.447,16.592,16.422,-3.123,-4.919,-6.51,6.547
55.16,114.097,-3.32,23.649,20.715,-5.791,2.097,14.831,-12.61,-32.497,10.681,-2.669
56.88,138.48,50.907,-10.213,0.153,-5.523,-14.266,19.778,-8.334,4.22,7.855,-17.114
56.383,120.176,48.486,10.917,-1.259,-24.263,-5.281,-8.081,-22.179,13.606,-9.255,-5.893
55.787,90.311,19.658,10.732,-23.693,-25.627,7.188,-4.667,-0.572,6.308,-19.385,1.27
54.931,92.13,15.532,-36.42,-32.812,-24.343,15.861,-3.308,-13.918,6.513,-9.113,-4.522
55.933,130.316,10.673,3.045,7.534,-20.999,-6.495,28.74,-24.401,-20.093,4.422,-2.505
54.875,149.045,60.804,-15.152,15.769,-1.99,-5.066,4.719,-16.641,7.389,-19.341,-2.122
55.353,78.448,-12.066,-27.914,-21.31,-65.08,-1.347,8.547,-27.032,-10.491,-4.73,8.615
54.388,63.496,16.437,-23.186,-5.873,-39.886,27.749,5.158,-17.74,4.593,-9.469,10.02
55.307,80.874,10.955,-1.974,-28.183,-29.362,13.121,6.118,-5.803,-1.699,-17.231,13.924
55.915,125.759,-13.098,22.809,11.49,-24.304,-0.693,-2.267,-28.503,-31.741,-1.261,0.886
54.892,102.698,48.087,-74.219,-8.439,-13.076,-9.427,14.98,-17.834,-1.742,6.159,4.043
56.941,104.422,28.345,9.649,-7.17,-30.608,-14.932,-4.573,-26.76,14.731,-6.543,0.163
55.581,125.095,19.102,4.62,14.576,-24.894,-6.008,18.204,-19.455,-18.202,13.276,-1.613
54.544,95.938,-2.402,-38.172,5.152,-31.743,-9.764,-6.137,-23.328,9.918,1.899,-7.747
55.106,73.014,8.531,-33.36,-9.066,-39.745,-10.545,1.296,-12.881,12.095,-2.393,-5.965
56.899,87.16,23.424,6.327,-5.227,-43.89,1.315,19.679,-1.469,-0.283,-20.4,-11.707
56.344,133.797,6.362,22.614,13.515,-38.775,-4.2,3.019,-18.376,-34.527,-3.194,-6.559
53.413,121.264,77.005,-6.682,45.185,-42.806,-39.284,-7.619,-10.306,4.739,-10.319,-20.863
57.247,141.398,53.92,-18.051,-8.752,-28.123,-13.741,11.472,-6.586,-5.271,2.265,-15.177
56.428,128.735,44.539,0.295,2.398,-26.024,-24.105,-2.964,-24.523,3.334,-2.939,5.894
56.127,98.722,20.499,-15.189,-22.185,-47.341,-2.225,4.635,-19.439,2.648,-18.821,3.678
55.846,126.994,4.386,16.475,11.12,-46.443,-19.607,5.136,-29.704,-34.669,-2.592,-0.021
54.294,101.274,64.044,-33.741,21.962,8.638,-25.755,10.596,-16.226,-8.869,-17.587,-1.561
54.309,69.718,-20.753,-25.513,-13.143,-56.128,8.309,19.149,-29.328,-24.974,9.923,-11.022
54.581,76.684,19.506,-31.983,-4.215,-35.582,5.792,-2.702,-24.432,8.007,-4.758,-11.99
56.297,35.414,60.449,-2.76,27.067,-32.779,48.756,19.1,-6.388,9.506,-10.643,8.052
57.802,120.767,9.443,-6.475,21.911,-42.98,-21.723,-15.074,-29.819,-15.209,-8.566,-7.15
57.659,101.533,40.374,-32.506,12.949,-26.367,-30.806,-4.509,-9.715,3.51,2.338,1.669
58.126,94.578,45.214,19.415,14.792,-38.166,-2.175,-11.949,-14.402,7.653,3.234,12.363
56.423,76.968,23.191,-8.58,19.479,-28.272,-24.708,-5.417,-26.985,13.06,-13.8,16.956
56.608,95.06,24.292,1.753,32.913,-32.328,-13.019,-0.418,-19.594,9.649,0.493,1.876
53.392,56.996,-23.05,-24.08,11.862,-30.629,-7.582,11.212,-6.307,-19.366,-10.945,-0.389
49.383,62.53,-18.698,-21.145,-49.126,-31.27,-2.572,-6.69,-16.372,-10.572,-6.875,10.999
47.23,28.602,-2.328,-0.913,0.975,-64.868,-31.401,63.489,9.2,4.018,21.433,2.236
44.125,126.003,63.827,0.92,36.103,-30.726,-34.125,-2.288,19.609,-5.716,-4.866,-19.131
46.978,92.263,82.728,-51.067,22.184,-4.295,-10.23,18.208,-9.625,22.889,-15.579,6.741
50.997,20.791,3.746,-48.337,-8.15,-35.015,-2.264,5.717,-5.999,-24.099,11.452,9.534
50.939,96.308,32.42,5.472,5.644,-30.323,-8.625,41.95,-3.621,-14.357,-0.677,16.129
49.114,75.209,32.197,-34.774,6.566,17.214,5.68,11.934,-20.373,39.115,-4.724,14.81
47.21,23.143,7.462,7.845,23.012,-49.364,-45.517,22.125,12.654,0.463,1.835,-10.214
44.994,-27.417,4.51,25.713,37.653,-65.286,-43.641,24.784,2.063,-7.804,-14.834,-19.248
45.673,-9.622,-7.855,-31.411,3.708,-4.737,-17.297,22.152,-15.015,21.022,25.611,3.424
46.913,16.796,9.184,-43.166,-10.348,-50.302,-29.346,72.063,-2.613,-16.889,-19.732,1.701
46.711,96.685,51.558,-76.903,2.633,36.722,-3.458,-0.611,-20.107,33.242,-20.752,23.231
48.752,105.516,11.366,-2.893,-12.174,-31.863,-19.504,4.911,-26.624,-12.283,-4.306,52.404
47.228,113.185,36.019,-11.25,11.514,-18.784,-8.124,9.702,-2.265,-15.448,5.829,20.977
47.075,127.955,61.458,-26.644,-0.197,-34.852,-14.667,9.563,-25.419,7.221,-0.559,30.191
48.881,128.386,79.563,-15.813,9.982,-18.221,-1.406,-0.477,-17.13,-0.929,-1.284,23.565
51.023,127.523,101.492,-4.717,41.707,-34.385,-14.444,5.178,-8.537,7.965,-4.864,-0.084
45.243,99.279,79.893,12.059,22.449,-5.495,6.438,-50.29,-33.566,45.443,-37.93,14.256
40.733,99.984,30.33,52.611,71.028,-57.686,-23.281,7.908,-1.993,-0.043,-23.888,-8.631
44.557,-43.569,25.989,89.796,33.558,-56.127,-15.579,-13.442,-37.9,17.193,11.804,9.994
47.925,40.421,11.681,-3.394,12.209,-19.455,-16.558,-23.949,-2.765,35.354,-13.135,14.59
44.208,21.955,-38.26,44.207,-7.81,-17.186,-17.982,7.857,3.68,-26.442,-0.889,-23.359
49.614,-3.634,32.899,33.635,0.729,-34.202,-11.87,3.373,9.718,-26.946,-3.284,-5.516
42.071,63.852,40.052,30.44,91.658,-33.859,-11.067,0.579,-13.147,-31.293,-0.157,6.581
46.035,-38.253,43.731,91.434,15.38,-50.205,-15.516,-12.62,-28.921,12.407,1.939,9.133
48.947,-32.731,18.89,-25.505,-32.225,-33.653,1.984,-27.999,-13.117,-0.262,-1.882,15.332
50.01,-7.343,25.073,17.169,3.531,-27.981,5.935,23.855,14.995,-6.361,-29.743,-11.303
47.828,-48.146,15.06,18.713,22.677,-15.116,-6.182,17.415,-3.334,-16.398,-24.759,0.206
40.108,106.722,41.696,36.076,72.676,-37.595,-44.613,-5.142,-21.776,-11.392,-14.972,2.319
47.654,52.048,68.789,-40.117,31.594,58.075,-10.552,50.809,-15.928,4.547,42.834,-8.738
51.003,78.364,36.671,-52.955,-23.948,-19.502,-3.316,29.048,-18.815,-14.264,14.999,27.907
51.372,97.704,34.003,8.975,-32.141,-21.712,8.967,25.595,-23.265,-3.569,-12.44,22.65
48.589,77.915,19.801,40.899,-1.285,-25.354,-11.008,64.041,8.274,-45.62,-14.349,-3.783
41.525,116.04,102.649,35.86,24.6,-40.835,4.325,0.473,-26.311,17.355,-11.667,2.684
49.399,58.22,60.514,-25.802,27.292,23.285,-16.459,59.676,-16.544,1.252,35.821,-0.19
52.811,132.385,97.223,8.077,31.582,4.099,12.214,30.553,-6.863,14.394,-1.819,-10.433
51.203,58.349,-8.336,32.652,-0.047,-33.786,-12.136,20.815,13.728,-28.615,-11.306,3.151
51.208,71.563,-18.701,34.22,3.784,-30.873,-5.885,20.539,0.484,-29.062,4.129,19.274
48.482,62.674,18.041,-21.287,-21.296,12.562,-29.158,32.775,-28.371,-9.149,-34.616,8.415
49.808,62.91,0.043,-16.993,3.826,24.067,-12.161,26.796,-20.12,8.381,-14.711,20.093
49.551,50.014,8.992,-26.389,-18.51,15.992,-15.47,23.193,-31.874,2.069,-17.058,-0.536
50.864,31.703,-3.803,-9.726,-12.936,13.782,-1.026,24.499,-14.088,1.342,-15.856,9.072
51.075,41.71,-14.403,4.666,-32.384,-14.921,-32.83,28.016,-10.284,-42.809,-4.382,-2.584
51.173,79.474,10.009,34.717,-11.628,-21.769,-9.931,39.386,-8.401,-32.673,-8.346,14.699
52.407,66.829,16.618,-22.499,-18.328,-38.29,-16.885,54.451,-9.887,-21.359,29.069,-5.243
46.208,160.274,-2.297,115.1,-22.678,-17.866,-43.888,-18.716,-16.959,-21.007,-56.641,1.238
28.879,81.583,5.523,21.339,-45.702,-50.891,-42.263,0.379,-23.97,-7.763,-15.809,4.183
20.451,86.797,10.297,-4.775,-44.845,-17.26,-41.27,-5.63,-19.874,-6.887,-13.943,-1.711
10.202,117.172,-20.273,113.513,-4.456,-50.346,-35.528,53.879,-18.405,-20.923,-17.754,-5.666
