38.44,46.589,19.516,103.256,72.047,22.581,-28.53,3.216,-24.245,22.013,-5.703,9.492
31.165,50.433,93.11,107.492,56.857,-71.018,-19.0,17.143,-7.607,-14.309,-5.018,0.473
39.537,89.715,-49.121,13.376,0.792,-16.404,-4.364,35.757,6.313,-29.996,15.158,1.335
35.495,162.526,-10.49,-4.752,22.163,-31.254,3.119,6.845,-3.158,13.455,-8.34,4.856
33.633,143.958,18.446,0.045,13.191,-72.372,14.097,40.432,11.326,-8.466,-6.818,5.348
33.847,179.157,23.588,5.087,30.933,-32.505,-8.526,17.229,0.245,-11.346,-14.298,-4.955
31.184,171.99,53.099,12.256,42.054,-31.357,-4.792,9.749,2.945,11.267,-26.353,-7.273
31.728,162.208,35.564,11.198,54.251,-26.117,-27.254,10.047,-6.275,-1.912,-1.466,-11.873
29.027,209.562,45.231,14.719,57.221,-16.727,-15.791,-3.616,6.752,3.151,-24.296,-12.795
31.716,184.172,75.793,69.456,53.081,-46.122,-34.745,19.044,-16.319,-19.481,-7.669,-14.783
26.345,199.886,57.72,-22.362,70.555,-28.685,-36.339,0.284,-13.474,-5.587,-7.091,-15.127
28.929,174.208,25.528,-7.037,61.034,-18.642,-45.19,-5.972,-1.009,7.965,-11.813,-12.544
26.572,196.775,22.63,14.041,53.853,-23.95,-28.856,-1.629,-5.798,0.953,-14.387,-7.41
28.19,209.502,36.621,-3.932,61.684,1.939,-22.259,-0.888,-5.863,3.201,5.482,-20.379
27.403,183.255,34.451,-10.873,64.977,-19.697,-45.078,4.953,-0.603,-13.838,-19.082,-9.434
27.131,208.345,43.011,16.996,68.899,-0.447,-18.82,5.367,-5.116,-2.945,-5.394,-8.742
28.684,196.632,36.354,-21.116,41.272,-0.781,-34.637,31.26,5.572,13.245,-0.273,-14.509
26.839,203.916,35.246,-3.393,61.325,-23.477,-33.326,-13.706,-7.934,2.465,-14.564,-2.963
29.62,207.834,45.481,-14.269,72.198,10.467,-31.441,-0.585,-13.85,5.96,-9.458,-9.084
29.419,142.935,58.866,0.299,102.995,-18.826,-20.128,-9.747,-5.666,26.176,-20.971,-16.731
27.359,158.258,25.24,-6.405,77.836,-31.156,-43.087,-0.726,-5.892,-5.596,-1.635,-2.948
26.769,193.96,33.182,-40.536,63.247,-28.707,-32.72,-0.896,-18.778,9.016,-13.408,-10.108
28.405,202.293,5.843,2.099,60.45,-15.322,-26.223,-0.45,-7.837,-2.406,-18.234,-5.183
26.231,173.746,20.502,-17.772,77.384,-27.159,-26.698,4.379,-6.408,2.895,-2.898,-14.665
28.49,204.783,39.826,9.502,81.136,-21.753,-34.229,10.023,-10.183,5.67,-0.652,-13.424
31.251,162.687,26.821,44.129,83.252,13.926,-18.167,7.72,0.486,12.145,-31.597,-4.311
27.655,198.53,10.561,58.461,77.985,1.223,-43.331,10.635,-15.116,-2.064,-15.467,-3.998
28.28,177.633,-13.079,18.564,52.46,-0.517,-21.325,7.242,-3.133,4.022,-6.075,-9.088
27.375,199.912,28.393,20.502,87.135,4.294,-28.74,11.401,-12.921,6.848,-20.342,1.293
24.36,201.972,46.266,-0.062,47.185,-29.741,-16.811,6.678,-16.313,-7.678,3.909,-8.949
26.996,163.212,-0.697,2.07,52.539,-12.826,-34.707,7.871,-7.751,16.971,-10.623,-2.518
28.632,205.567,41.926,19.642,86.101,12.095,-27.108,-5.361,-9.671,13.741,-20.233,-4.801
24.127,185.06,18.761,-39.599,57.7,-21.536,0.111,6.037,-20.285,1.471,0.142,-19.617
29.634,153.435,15.951,-14.605,87.439,-26.501,-7.19,6.707,5.372,19.911,-14.137,-28.794
33.87,92.139,-16.184,-37.498,41.865,-15.868,-20.324,2.057,-8.387,16.409,11.439,13.984
34.959,16.383,-8.936,41.106,37.53,-33.304,-5.167,-15.862,-17.552,29.997,-19.384,-3.97
33.558,60.736,-16.341,-25.848,21.66,-16.878,-6.011,-6.819,-8.198,-2.012,-39.016,9.099
38.302,-7.219,-42.827,-8.455,19.948,-18.712,2.064,8.678,-27.624,19.217,1.272,4.037
38.282,-14.199,-28.805,-20.187,23.021,-32.966,-2.689,3.03,-21.665,2.709,-9.559,-4.098
36.223,16.156,-24.83,-30.656,19.394,-24.996,9.738,-28.478,-20.098,2.461,-18.62,4.829
36.761,-21.828,-23.28,-6.365,24.108,-5.389,16.425,-11.321,-6.739,-10.414,-11.686,-1.362
36.283,-12.919,-15.421,-39.952,22.95,-19.18,22.884,2.414,-10.488,-10.367,-4.149,1.183
39.167,-14.607,-28.2,23.312,16.649,-13.973,5.547,7.39,-11.126,11.401,-7.969,10.091
38.626,-8.899,-17.701,-4.989,31.315,-1.99,1.61,21.3,-23.751,1.159,-4.785,-2.552
36.089,27.918,-42.485,-35.976,47.108,-16.209,13.106,-15.236,-20.266,14.311,-22.331,1.171
37.319,16.752,-27.102,-58.634,24.095,-28.712,16.281,8.236,-3.684,11.323,3.594,9.313
38.165,-9.233,-22.018,5.746,13.663,-28.296,4.098,-28.03,-14.064,14.959,-12.032,12.286
42.581,-6.57,-8.185,0.72,9.425,-6.091,4.77,11.007,-2.77,1.034,-2.238,-2.355
43.18,-18.981,11.587,12.672,22.619,-15.397,-4.273,7.505,-12.91,-1.356,-4.682,-18.892
43.983,12.14,29.214,-39.842,31.578,-17.729,15.229,-8.604,-2.262,7.342,-5.855,-17.604
44.354,-3.064,22.956,-6.798,16.591,-42.188,4.921,-1.81,11.198,-3.801,0.733,-7.845
44.234,-2.711,46.411,-10.134,14.575,-27.598,-2.51,-3.531,10.372,9.2,-4.17,-20.719
45.294,1.626,19.171,-3.125,2.968,-15.336,1.838,0.956,-2.064,-7.044,-10.002,-19.51
43.903,10.15,40.881,-21.279,6.647,-12.801,-4.894,-2.165,0.888,-0.234,-17.912,-26.917
44.859,19.845,41.751,-33.105,17.013,-23.692,-1.058,-7.797,3.755,1.13,-5.359,-25.119
45.525,10.85,47.931,2.803,13.908,-27.616,-15.002,-3.401,-2.568,-6.075,-5.812,-5.754
44.456,-3.241,43.336,-13.047,22.726,-32.058,-20.28,0.596,-4.143,9.995,-12.61,-17.892
44.656,14.646,26.935,-32.135,4.286,-23.469,-5.851,4.492,-14.632,-10.718,2.236,2.04
46.569,37.853,28.425,-3.488,28.525,-22.566,-0.11,-2.846,-1.428,11.814,-5.12,-14.517
49.092,74.729,48.185,-8.868,14.244,-9.04,-13.723,-26.757,-4.576,11.024,-4.102,-44.06
48.147,42.513,67.403,-9.193,21.898,-27.298,-29.665,-7.783,1.285,6.528,-8.838,-44.924
48.254,43.629,56.916,-0.014,16.742,-30.544,-34.235,-13.291,4.686,14.753,-9.867,-45.843
47.841,34.001,64.434,-1.509,41.898,-40.013,-38.142,8.236,14.865,8.532,-11.465,-46.018
45.292,33.742,32.067,30.014,31.568,-15.706,-34.046,3.2,10.502,0.592,-45.816,-29.747
47.424,62.884,55.212,-37.242,-14.202,27.135,18.911,17.554,-48.647,-7.745,23.506,-10.418
47.988,77.688,46.653,5.491,16.157,-27.522,-30.658,-3.227,-12.089,5.595,-15.522,-42.802
47.143,42.656,48.85,-40.112,9.404,-14.441,-7.567,5.166,-22.602,-6.252,-0.001,-9.646
47.897,39.631,30.865,6.588,7.074,-23.703,-38.085,-2.986,-9.337,-7.328,-19.234,-3.357
41.025,47.779,-41.205,-32.812,28.524,-41.821,-4.102,11.045,-1.484,-2.357,1.361,7.589
45.169,46.071,7.949,-19.555,20.547,32.408,3.652,16.117,-18.324,14.734,-24.407,1.236
45.754,64.748,48.812,-72.527,17.62,42.29,7.491,0.037,-31.512,20.267,12.945,3.056
43.966,58.076,-15.288,6.595,26.377,-28.802,8.942,13.948,10.879,6.662,-18.544,5.321
44.256,23.491,13.981,16.539,28.032,16.489,8.185,21.809,11.554,12.787,-31.863,-19.535
42.347,44.849,14.404,-68.912,16.332,12.819,1.553,-1.328,-10.885,15.373,-9.732,0.468
43.189,41.192,4.192,2.037,18.587,-24.771,-6.663,18.289,-5.683,0.814,-18.849,7.703
45.704,51.26,13.31,-48.305,20.89,32.482,15.968,-5.587,-3.21,-11.801,-10.933,-6.371
45.939,2.728,32.637,2.632,25.95,-32.47,-6.647,22.45,-5.208,-10.39,-8.601,-6.192
44.082,6.462,1.736,-12.209,3.545,-35.487,-11.201,3.535,-17.939,8.667,-5.363,-5.087
43.475,22.362,17.592,-37.814,16.113,-28.958,-11.299,9.035,-21.119,-2.981,-5.847,0.301
43.47,-2.911,7.363,-21.009,5.416,-31.054,-9.706,-2.955,-12.988,-10.693,-1.427,-9.035
43.252,16.53,4.057,-21.033,26.4,-35.817,-11.311,-2.631,-27.282,-6.133,-14.985,-14.455
42.316,24.881,5.762,-27.124,26.193,-27.809,-6.089,15.022,-25.136,-10.793,-10.017,-2.702
41.075,21.628,-34.612,-46.229,26.537,-45.174,-6.438,21.152,3.537,-4.08,6.146,14.292
43.137,29.142,5.17,-23.93,23.534,-22.622,-11.147,8.057,-20.662,17.507,-1.172,5.351
42.68,35.576,31.225,-22.674,18.213,-23.04,-3.44,-0.315,-16.143,-0.189,-0.751,4.896
45.555,14.493,17.508,28.258,20.679,-19.42,7.792,20.027,5.089,11.823,-17.401,-17.796
45.846,14.508,72.476,-17.343,38.668,-1.7,2.495,7.258,4.816,11.012,8.313,-22.56
45.217,40.588,-28.046,27.883,26.723,-31.567,-23.888,24.627,4.844,-2.188,-22.069,0.818
43.035,56.472,-18.036,2.896,22.867,-25.638,-5.592,20.535,-5.066,15.146,-9.204,-3.611
40.447,73.465,-19.885,-50.189,31.633,-25.605,-10.48,5.176,-1.902,10.823,-21.7,12.68
45.649,26.607,8.611,-13.483,36.344,-9.667,-3.995,14.172,-8.708,2.308,-15.937,-0.427
44.034,61.082,35.793,-24.191,38.937,-11.407,11.228,-17.087,-17.734,0.98,-11.792,-7.56
45.497,28.612,-7.105,-6.797,14.645,-14.968,-21.458,-18.128,-7.4,-2.288,-16.521,1.233
43.609,25.561,23.329,-66.781,23.17,-16.63,-12.377,-5.73,0.711,3.725,-16.227,0.212
44.303,34.316,32.753,-17.802,0.188,-22.741,-4.919,1.838,-32.472,9.866,0.014,4.398
45.266,46.114,34.592,-34.03,13.61,-28.667,13.637,6.968,2.733,-10.155,0.488,-15.256
46.908,43.896,34.267,-5.225,-4.298,-32.774,-24.139,-0.009,-18.993,-5.506,-14.155,-27.126
46.69,25.781,38.237,-10.074,20.867,-25.217,-10.992,-19.584,-21.114,3.371,-5.124,7.413
47.543,22.671,44.366,8.102,21.572,-24.96,-24.779,14.936,-19.93,-12.96,1.012,0.461
45.363,47.127,12.595,-11.634,31.197,-20.316,-11.998,-5.395,-4.968,0.132,-6.28,-3.478
43.808,35.542,4.252,-24.434,18.338,-31.127,-3.667,-14.23,-11.014,0.765,-2.524,-2.533
43.631,32.17,-7.143,4.834,6.436,-39.544,5.71,5.914,-2.676,-3.71,-2.222,-1.808
43.175,17.643,8.874,-5.987,32.173,-13.308,-10.46,2.996,-3.721,8.207,-1.828,-2.34
42.639,-0.701,-36.356,-9.359,12.153,-9.345,-1.445,-4.341,-7.025,-4.827,-4.217,4.156
42.996,-13.572,7.48,-51.779,13.395,2.885,10.247,16.123,6.957,-3.764,-17.814,-3.342
45.298,42.53,-8.104,-24.451,22.194,-18.401,-12.564,12.05,-9.217,9.944,5.166,-8.238
45.98,42.01,19.748,-3.004,35.795,-10.438,-6.344,6.052,-5.317,5.809,-12.204,-7.521
45.388,50.488,36.266,-50.192,30.915,-38.269,3.515,2.483,-4.557,12.023,-2.57,-11.933
48.231,60.075,58.729,2.099,36.088,-36.519,-23.744,-1.665,6.74,-0.668,-10.215,-46.737
48.055,44.141,46.358,-6.189,18.277,-40.452,-19.187,-8.462,2.48,-4.345,-3.247,-46.764
49.188,21.683,35.642,-12.564,-1.687,-34.573,-19.341,16.289,-10.797,-6.523,-2.35,-33.472
47.464,35.715,39.662,-1.843,13.744,-32.287,-16.722,7.146,-19.014,2.226,-4.249,-33.29
48.411,53.58,56.529,-21.686,11.714,-34.96,-6.52,6.265,-11.986,1.098,-6.592,-38.141
47.313,40.311,35.967,20.705,19.066,-28.391,-8.401,3.408,-5.392,-2.217,-26.896,-18.992
46.75,57.274,34.227,-50.193,0.151,-7.688,14.036,3.071,-36.274,-7.319,1.48,-0.161
47.886,61.313,50.912,-19.617,17.725,-16.36,-13.567,2.316,-15.628,-14.945,-14.069,-22.637
47.081,73.033,58.763,0.052,38.861,-27.977,-22.733,-11.956,-15.845,-1.284,-17.488,-41.914
47.153,22.542,34.53,-23.963,23.146,-37.048,-13.03,1.011,-8.604,-0.254,-2.82,-14.197
48.595,29.366,30.811,-14.298,13.488,-22.679,-23.737,-4.02,-12.427,3.597,5.608,-4.962
48.022,16.515,42.845,-7.372,18.869,-35.285,-27.599,12.166,-9.198,3.093,-3.729,-4.935
48.599,23.01,49.908,-14.223,35.359,-20.022,-21.553,-3.863,-4.21,1.298,-8.153,-5.451
46.622,13.915,12.015,24.612,23.84,-33.96,-15.667,25.222,-4.561,-5.178,-26.461,0.416
45.667,46.353,2.502,8.331,21.044,26.888,-2.191,25.495,-3.092,7.511,-33.907,3.68
48.539,49.043,37.429,-25.569,22.439,12.704,-0.28,1.723,-24.53,11.668,18.012,1.426
50.367,31.297,72.315,-14.025,39.452,-19.747,-14.834,-1.896,-3.543,6.195,-3.477,-2.513
48.732,28.799,36.769,50.557,37.703,-40.633,-27.351,18.496,9.859,5.379,-42.119,-2.966
44.682,37.648,-4.624,-2.679,16.286,7.21,7.186,22.831,9.621,7.988,-27.505,-12.5
43.966,65.926,-3.71,-55.73,15.094,22.961,0.238,-14.829,-14.604,21.613,-11.534,1.321
46.218,54.977,35.531,-53.018,15.218,-20.871,-5.484,-20.37,-11.671,7.72,-10.536,11.93
46.535,37.296,1.569,12.011,2.12,-28.701,-11.212,10.993,6.89,2.412,-21.448,8.094
46.002,51.475,2.872,-34.966,7.275,-22.907,5.507,2.46,-0.962,-2.864,-8.245,-7.065
45.919,46.536,18.583,-19.489,32.763,-32.632,1.696,-9.585,-16.62,9.091,-11.007,-7.168
43.967,24.401,22.081,-20.216,17.498,-37.055,-4.615,14.676,-18.362,-7.077,-5.507,1.02
44.319,42.81,15.611,-19.407,19.194,-35.249,9.238,-1.995,-27.186,-3.346,-2.204,4.582
46.738,30.513,18.166,-14.185,18.347,-7.76,1.907,14.297,-20.1,-6.911,-2.186,-10.466
46.825,17.64,27.796,-3.11,32.089,-19.48,-2.832,-3.566,-14.708,5.235,-3.916,-15.456
47.161,22.062,36.446,-28.918,44.826,-25.995,-9.73,5.626,1.626,2.063,-8.778,-11.764
46.479,23.032,34.615,7.404,32.379,-28.321,-4.69,10.631,-7.918,10.215,-14.448,0.205
42.566,42.393,-16.34,-42.945,28.886,-22.605,-10.42,3.675,-4.03,6.455,-15.783,7.418
44.871,30.827,-7.51,-5.242,36.902,-7.638,-4.991,11.177,0.892,15.173,-26.187,-6.561
45.561,20.597,50.048,-26.034,30.383,0.3,6.437,4.664,1.3,6.963,-5.968,-10.651
45.5,12.39,18.253,-0.69,36.333,-42.176,1.835,9.885,-1.131,-0.509,-1.988,-9.693
44.631,17.752,4.826,-8.205,24.968,-43.348,-5.366,12.941,-7.93,-1.227,-11.814,0.168
45.881,11.075,44.364,-32.403,51.554,-33.641,4.279,12.846,15.183,18.281,-8.006,-9.022
45.575,18.644,42.499,3.246,33.777,-30.668,-1.906,-3.863,-10.825,3.05,2.894,-7.602
47.27,27.409,13.665,5.062,25.561,-13.18,-4.946,3.735,-9.273,6.23,-6.96,-8.058
46.516,41.251,21.549,-16.116,32.001,-14.69,-5.15,13.307,-4.034,8.685,-15.378,-3.194
45.598,27.582,21.653,-33.768,19.853,-29.325,-0.574,-10.481,-4.31,-0.329,0.162,0.637
46.423,7.157,26.745,6.31,4.618,-26.205,-25.13,-0.546,-1.051,5.522,-16.248,-33.497
46.289,-0.319,44.78,-38.777,27.402,-21.215,-18.455,0.297,-15.666,6.901,-2.735,0.565
46.947,16.731,38.848,-12.425,28.099,-31.453,-2.0,14.234,-7.753,-4.818,-6.983,-3.784
46.669,42.218,28.036,-15.049,32.841,-29.478,-2.533,-12.565,-0.18,1.864,-10.368,-1.026
46.464,12.108,14.938,-7.708,16.478,-28.835,-0.803,12.136,5.934,3.211,-0.18,-17.238
45.566,40.315,37.753,-25.729,42.027,-33.304,-9.348,-5.958,2.421,16.92,-15.669,-16.543
46.175,45.942,35.629,-21.291,37.378,-26.783,-12.266,-6.046,-0.79,11.679,-17.123,-9.534
44.975,22.729,9.295,1.767,24.891,-33.7,-10.603,-10.498,4.007,7.073,-20.663,-11.801
45.841,63.494,-51.56,39.245,0.939,-38.426,-32.404,46.013,4.92,-8.087,-5.14,11.839
43.27,58.227,-16.064,-77.14,32.343,0.611,-4.767,1.541,4.031,23.392,-15.723,3.446
50.237,43.128,22.579,-38.988,30.308,-23.338,-5.825,-0.409,-17.926,6.2,8.135,3.392
48.521,36.85,24.617,64.353,8.902,-25.946,-9.608,0.464,-11.522,5.23,-24.661,17.871
48.054,28.372,18.833,-4.048,31.327,10.57,-12.423,8.073,-2.531,-8.376,-23.467,4.8
46.572,23.734,-22.701,57.426,5.4,18.71,-5.866,13.551,-6.541,-0.107,-27.777,4.498
45.862,20.322,-3.412,-21.849,20.529,7.539,-3.578,3.611,-6.681,7.628,5.072,8.283
47.37,6.984,55.673,-87.657,32.747,1.304,7.747,-5.095,8.406,-0.85,-7.468,-6.378
48.15,26.832,7.646,74.706,17.385,-1.637,-12.087,-24.14,0.245,-16.068,-38.4,9.315
48.343,27.379,37.315,-21.19,24.316,3.867,2.547,3.702,5.082,5.44,3.274,-10.013
47.64,30.933,5.114,85.099,-5.514,-14.466,-14.148,6.727,-21.349,-25.239,-44.274,14.291
45.562,6.867,-26.919,59.794,4.429,1.409,-11.575,15.041,-6.682,-3.561,-29.994,2.766
49.942,52.99,52.254,-20.901,21.565,8.042,-8.487,8.249,-10.343,13.258,13.597,-13.006
51.396,48.882,39.25,-2.026,21.202,-26.17,-13.369,-4.087,-18.453,-13.971,-4.525,-1.794
50.499,55.656,40.526,-2.282,11.926,-26.772,2.267,6.889,-13.547,-11.315,-7.952,-1.369
48.043,45.385,26.993,17.094,4.602,-15.016,-7.621,3.15,-18.382,-4.871,-44.399,2.899
45.18,11.28,-33.82,80.298,-0.048,23.614,-6.798,13.776,-6.502,-9.22,-54.961,5.2
45.399,25.322,-13.452,70.083,20.972,63.877,3.348,0.314,-17.042,17.484,-35.485,10.358
46.838,44.02,-15.77,3.931,21.967,62.484,-3.868,20.826,-3.049,19.257,-6.819,5.412
43.65,50.318,71.02,10.417,26.547,-5.05,-12.772,-12.189,-5.58,-2.236,9.154,-5.65
43.326,-3.261,94.797,4.296,65.717,-10.306,-31.632,-23.461,-2.257,15.075,-11.666,7.229
44.5,17.888,109.474,16.822,57.932,-28.597,-16.326,17.862,-11.12,-10.726,16.501,11.127
49.058,-0.722,39.677,6.554,39.09,-26.522,-10.009,4.44,5.973,4.742,-6.246,-30.215
48.695,24.672,47.047,-6.236,26.962,-4.895,-7.638,1.598,-1.965,0.974,6.867,-14.552
50.579,59.553,62.487,0.23,16.615,-5.985,0.741,12.946,-13.199,-8.911,1.6,-17.729
49.752,59.293,63.548,-13.018,6.223,-22.852,-13.889,-8.017,-12.366,-7.213,-7.458,-18.59
49.188,61.495,85.974,-10.669,22.844,-30.734,-0.147,-5.689,-2.61,-2.267,4.586,-29.336
49.832,45.132,89.297,11.048,34.841,-22.557,-15.012,1.9,-4.891,7.669,-19.976,-24.311
46.036,-3.036,54.277,4.194,32.623,-33.698,11.24,3.68,-12.542,-7.227,-7.114,3.667
48.685,55.243,48.658,-35.87,-1.453,-2.665,15.015,2.668,-4.552,-20.894,-4.229,-4.025
49.757,50.577,74.62,-9.675,11.216,-17.846,-9.543,-6.902,-9.291,2.364,-10.562,-25.35
49.591,24.316,72.22,-19.652,15.815,-29.912,-8.581,9.352,-12.688,-7.221,0.269,-13.114
50.874,65.276,63.198,-5.091,0.619,-25.796,-23.721,-0.37,-8.367,-4.753,7.022,4.388
49.434,64.162,59.384,10.941,10.096,-31.146,-41.118,-27.141,-12.213,7.488,-6.934,-1.741
49.035,56.298,71.793,-0.275,10.938,-28.91,-38.322,6.63,-3.294,-10.276,6.832,-3.792
48.211,61.967,36.008,-1.877,-3.174,-19.824,-31.821,-2.558,3.902,5.153,-32.796,-4.5
42.667,39.101,-11.494,-21.512,21.666,-30.478,-6.283,7.033,1.264,-4.862,-12.689,1.802
44.912,27.554,22.3,-70.89,28.783,-5.196,-4.606,10.46,-1.363,13.853,-24.085,-4.321
47.576,71.385,53.792,-88.277,6.482,40.512,8.028,12.789,-9.521,20.362,2.019,-5.965
51.308,64.559,73.925,-1.043,8.055,-34.494,-33.016,-2.387,-7.332,0.274,3.362,0.604
50.573,63.104,56.474,3.708,4.948,-18.065,-22.396,-0.958,-10.218,-1.632,-8.403,7.521
45.426,6.073,14.047,4.776,39.046,-15.65,-14.617,23.098,6.925,9.67,-25.036,-4.657
45.818,8.133,8.167,-23.19,28.781,-6.578,1.942,-0.374,-0.349,14.06,-33.526,-8.235
44.72,35.506,23.025,-54.145,28.71,13.357,1.698,-12.594,1.692,16.939,-3.194,-2.328
46.011,21.13,19.069,11.38,36.281,-27.254,-19.044,15.683,4.17,6.623,-19.361,-5.874
46.219,11.416,24.896,-63.488,15.125,3.303,11.879,-1.529,-3.582,21.792,2.585,-7.886
47.992,19.469,43.276,-9.158,14.378,-9.959,-9.274,6.805,-1.16,1.86,-3.334,-8.758
47.365,21.394,47.769,-21.067,42.884,-18.394,-2.913,-1.158,5.98,0.142,-18.348,-12.32
47.251,29.736,39.491,-1.533,34.594,-43.573,-15.661,5.033,-2.371,-5.572,-4.421,-10.0
46.722,21.175,31.567,-10.298,18.715,-27.874,-14.179,3.994,8.789,-12.036,-9.226,-20.631
47.153,20.749,26.147,-10.294,13.355,-32.042,-7.275,17.551,-0.73,3.31,-1.481,-17.84
46.521,11.46,43.241,-4.56,30.185,-26.734,-6.746,-2.288,6.873,2.326,-16.701,-19.529
45.748,13.218,26.643,-9.285,34.283,-14.289,-18.845,4.805,5.534,-1.061,-21.128,-22.585
42.151,47.96,-13.466,-33.196,14.273,-36.387,-4.447,22.878,14.969,2.258,-12.754,0.081
46.989,6.081,32.676,-9.155,48.351,0.576,-17.033,1.23,2.459,42.751,0.737,-18.733
46.31,3.485,42.121,9.004,46.762,-4.625,-4.808,13.139,13.975,22.555,-2.166,-27.347
47.046,28.784,60.264,-8.77,39.199,-1.722,-0.046,13.191,8.926,-3.52,-19.298,-9.736
47.076,16.024,31.539,-3.183,48.453,-17.761,-12.983,-1.517,5.537,10.787,-3.061,-23.657
47.455,10.305,61.386,-20.335,38.72,-17.004,-4.158,-0.053,0.483,26.337,-13.526,-19.405
47.41,9.497,65.56,12.209,51.9,-20.639,-9.941,-0.801,-2.166,10.291,-19.925,-3.903
48.39,10.934,43.415,1.241,21.773,4.97,1.296,-6.756,-10.856,5.604,-6.304,-12.524
47.748,6.147,60.802,-4.006,8.426,-23.157,-11.227,-7.063,-16.89,-8.48,3.328,-13.327
49.273,46.621,51.3,-7.908,20.579,-19.162,-2.996,-5.392,-15.973,-5.792,-7.095,4.124
49.631,70.321,62.056,19.78,7.354,-24.357,-11.608,-19.97,-12.899,-2.15,-9.917,8.605
47.98,34.675,69.182,17.846,24.323,-29.704,-12.394,-3.145,-1.069,-3.413,-18.507,-23.328
48.865,43.783,57.064,2.545,28.131,-24.762,-30.502,-18.91,1.317,14.999,1.108,-9.854
48.79,-9.373,58.899,-0.74,33.364,-32.006,-32.865,-5.937,-16.456,-3.449,11.101,-17.111
49.469,26.579,81.634,10.278,49.941,-42.687,-35.396,-1.905,6.166,7.477,-15.089,-38.486
47.831,19.729,35.883,5.356,33.268,-34.86,4.257,1.527,-1.094,5.537,-5.475,-1.519
46.695,-5.365,23.411,-6.842,30.4,-28.15,-1.467,8.279,16.1,13.194,2.373,-10.847
46.385,-1.464,29.782,-26.941,28.013,-39.941,-17.374,-2.053,3.993,2.605,-0.478,-14.664
47.454,10.379,30.204,-15.255,32.044,-27.798,-2.479,3.752,15.54,6.118,-11.896,-13.095
45.992,18.081,26.312,-26.806,13.729,-29.949,-8.582,-13.124,2.25,1.815,-5.204,-10.608
46.119,12.74,8.657,-17.4,30.534,-35.765,-10.259,-2.081,-1.843,4.226,-10.628,-12.964
48.398,33.681,-0.533,-14.06,32.571,-15.763,-12.294,10.74,-10.027,-1.437,-25.922,4.884
41.754,100.033,-32.432,-6.032,1.125,-29.541,-40.558,23.552,-3.054,2.217,0.488,10.945
42.877,104.926,-49.051,-10.8,-6.728,-28.248,-24.461,22.549,-2.754,-1.427,-1.313,7.298
41.647,130.955,-48.3,-62.286,-7.881,-28.028,-25.458,14.25,4.6,19.919,-3.0,10.812
41.413,127.691,-51.776,-22.114,1.469,-29.89,-44.94,3.918,-1.487,27.133,-19.581,9.606
42.871,108.606,-56.188,-12.133,-5.273,-34.651,-29.322,20.208,-2.989,-4.934,-2.489,6.295
42.266,115.277,-59.292,-29.535,-12.614,-29.867,-36.571,12.564,8.032,4.103,-2.859,5.752
42.475,105.49,-44.002,-53.423,2.698,-13.865,-29.377,2.281,2.895,25.699,-9.238,20.027
43.158,71.562,-41.142,-65.235,10.134,-22.104,-4.335,7.748,-8.897,37.734,-1.187,21.61
44.367,39.466,-55.707,11.002,7.428,-73.457,-30.023,35.138,5.693,-10.419,-3.208,5.461
46.287,55.227,20.001,-30.93,37.46,57.284,-10.393,12.254,-8.451,35.521,-42.755,-4.554
48.974,30.051,38.112,-38.523,30.034,1.314,-6.873,4.342,-5.091,5.949,-7.552,-15.797
47.938,49.559,1.272,21.018,35.456,-48.435,-25.94,36.975,11.531,9.797,-12.386,-8.699
44.962,117.64,-51.051,-15.417,16.867,-39.976,-33.133,11.452,-2.547,4.155,-7.797,14.456
42.542,125.3,-39.409,-36.181,5.975,-33.672,-35.931,-0.007,5.927,5.729,-15.674,11.471
42.976,114.214,-41.818,-45.236,7.647,-19.424,-39.686,10.287,10.374,8.238,-11.641,15.062
43.269,107.059,-37.286,-56.993,6.426,-12.202,-4.708,1.521,-2.33,31.47,-7.395,14.017
46.898,80.716,-18.436,-10.89,37.179,-35.326,-22.013,34.37,-1.473,19.043,-8.764,12.098
45.583,106.837,-17.311,-23.339,28.436,-10.901,-23.858,14.298,18.198,43.196,-16.866,-0.532
45.857,63.029,-39.7,-2.258,26.81,-43.282,-32.02,10.581,9.573,10.927,-10.039,5.092
42.938,50.983,-55.451,-28.446,-1.831,-36.95,-24.314,16.211,7.402,8.409,-7.6,14.965
44.109,67.852,-40.076,-11.018,22.896,-24.573,-13.873,6.487,3.568,13.846,-11.891,10.018
42.696,40.284,-63.573,3.002,5.949,-65.925,-12.081,32.149,-0.84,-8.41,-5.691,14.422
48.9,53.109,6.988,-38.29,19.011,-4.278,7.065,23.723,-8.593,18.754,5.445,-0.638
48.415,87.162,18.464,-66.118,18.245,2.425,3.367,-11.754,-1.911,23.258,-22.797,-1.231
48.447,83.809,16.951,-3.267,25.078,-26.042,-8.165,24.686,-6.678,-6.329,-24.485,15.432
48.866,79.223,17.818,4.697,41.229,-2.217,-12.337,57.503,11.148,27.929,-22.142,-14.66
51.124,79.586,30.496,-19.01,18.014,-17.176,-0.888,-5.22,-11.074,15.922,8.097,-8.016
50.414,53.634,29.637,-4.648,22.22,-26.476,-4.695,14.206,-6.324,-10.595,-11.935,-0.444
49.769,59.515,38.018,-20.519,23.698,-4.682,1.936,-1.417,-11.427,23.779,1.776,-14.492
47.833,103.919,-9.126,29.506,6.828,-26.334,-33.959,43.364,4.556,-0.085,-15.462,0.75
42.615,120.638,-25.832,-7.281,0.483,-30.09,-11.763,20.405,-4.143,13.499,-10.895,-9.689
41.58,126.549,-16.78,-35.365,4.984,-21.415,-29.096,-11.21,-2.308,16.902,-3.832,8.199
44.149,96.682,-11.219,-32.048,17.328,-15.821,-9.024,-2.686,3.013,14.892,-16.145,1.439
42.328,126.803,-31.568,-32.304,-2.37,-35.673,-23.924,19.643,20.745,5.84,-4.424,-3.504
44.618,99.585,-27.68,-29.802,23.607,-50.696,-15.339,8.041,2.384,12.933,4.833,4.564
44.489,71.643,-19.617,-32.684,15.048,-27.121,-17.819,5.931,1.211,15.229,-8.482,-4.49
43.646,93.295,-20.063,-28.395,26.701,-38.479,-31.558,15.762,12.145,1.005,-13.875,6.052
43.645,91.762,-45.278,-34.86,11.431,-20.872,-22.209,1.659,3.325,15.839,-9.721,9.004
45.457,71.423,6.264,-61.272,32.251,1.584,-0.553,-5.014,-11.024,13.362,-9.386,3.569
46.291,78.268,-8.885,-28.609,31.462,-30.794,-12.246,-4.446,-8.799,1.649,-21.263,6.703
50.293,61.647,28.035,-13.782,44.337,17.809,-12.563,14.089,-5.487,26.511,-7.075,-10.504
51.878,80.202,61.631,-6.519,18.364,-14.443,-25.17,19.164,-2.02,19.708,0.855,-35.993
50.916,69.86,46.569,20.162,16.911,-42.922,-23.752,6.974,-18.739,-4.802,-5.36,0.292
48.654,64.14,30.688,-38.124,39.192,-21.246,-4.758,2.826,-6.864,-3.404,-9.141,6.067
47.473,54.069,21.801,-17.98,23.596,-31.418,-17.954,1.587,-5.628,18.048,-10.545,-4.98
49.966,69.822,49.672,-22.097,13.946,-22.494,-3.277,6.73,-13.755,-8.827,2.729,-16.178
50.667,63.545,44.604,-3.479,9.455,-12.81,0.648,-12.762,-16.126,14.674,-9.237,-4.03
47.885,30.795,26.091,7.156,4.723,-27.333,-4.322,-5.081,-17.014,-2.898,-4.252,-2.27
46.613,13.719,20.496,-32.088,-9.444,-15.341,-8.381,-8.276,-6.945,6.638,-3.236,-8.662
50.187,88.286,26.44,-36.485,18.033,-2.554,-10.284,18.852,13.254,-15.525,4.597,-6.454
50.162,82.208,48.559,3.781,24.232,-25.69,-15.9,-6.441,0.192,12.915,-11.73,-22.231
49.908,72.183,32.138,-22.5,24.162,-25.549,-13.955,-1.666,-12.93,0.331,-8.162,-8.106
47.52,64.96,3.213,-9.847,31.868,-32.352,-29.607,31.408,10.858,-2.726,-12.054,-14.125
46.172,86.433,-3.188,-37.102,19.162,-20.216,-8.404,-2.023,-1.639,4.729,-22.622,2.434
45.674,66.059,17.785,-59.83,5.71,-7.518,5.007,-0.635,-15.897,13.826,-14.775,1.093
46.603,67.067,8.688,-18.325,6.021,-30.826,-5.098,-4.341,-2.192,6.22,-10.735,-1.802
48.463,37.721,53.792,-46.834,13.469,7.933,4.252,-9.786,-14.914,10.17,-8.462,-7.139
51.297,43.4,60.58,-27.538,35.088,-26.622,-12.706,18.22,2.316,-1.118,-1.967,-10.351
51.243,70.121,55.447,25.13,51.733,-18.378,-34.376,-26.569,-8.064,-1.697,-11.689,0.797
51.924,85.26,57.29,-1.093,37.022,-20.843,-5.578,2.925,6.682,-2.176,-3.038,-13.124
50.032,78.556,36.646,33.829,21.964,-23.203,-8.5,-22.851,-4.894,-2.822,-11.638,3.37
51.186,81.023,65.943,-15.465,41.434,1.384,10.288,9.326,5.754,0.704,4.701,-14.514
48.81,43.747,48.952,-4.998,46.84,-16.762,3.735,3.536,9.596,-3.579,-21.377,1.752
49.227,40.876,56.845,14.253,31.758,-28.663,13.971,-17.679,-2.366,8.017,-17.063,-5.073
49.789,53.324,33.639,6.622,34.747,-23.864,5.645,-3.167,3.803,-10.47,-10.335,9.289
47.227,48.739,13.354,21.63,40.312,-20.593,-17.015,17.706,3.972,8.891,-8.072,11.724
48.029,87.038,35.936,19.499,12.829,-6.035,7.087,11.722,-15.232,-1.458,-2.209,17.033
45.881,70.937,6.56,33.639,29.096,-34.896,-9.163,10.496,-1.527,6.51,-8.788,20.496
42.482,69.618,-0.671,-16.034,9.335,-41.733,2.027,8.635,19.811,11.164,-3.743,10.019
47.668,71.319,24.773,-1.042,32.053,-5.033,18.666,24.584,5.949,-5.524,0.782,15.033
45.005,79.881,-5.487,24.032,5.891,-24.667,-4.193,32.572,-5.717,17.508,-19.062,16.933
41.426,64.083,-0.109,-19.633,32.221,-38.135,15.738,16.972,-4.322,18.067,3.616,22.443
46.033,50.797,23.456,-14.485,19.553,-16.839,36.733,18.926,-13.686,5.407,4.31,28.294
45.444,64.925,28.496,5.071,28.451,-25.984,15.824,23.504,-11.774,1.941,-20.141,11.877
43.173,87.965,6.045,33.236,17.632,8.227,4.936,21.167,3.69,8.668,-34.937,11.883
44.015,60.346,36.157,-21.867,19.441,12.017,39.47,4.419,-20.641,18.794,4.72,16.275
43.683,43.669,13.423,15.095,31.839,-43.547,3.375,48.585,6.595,-6.188,-9.479,6.368
42.602,70.084,-16.856,-32.415,28.224,-37.473,13.859,-3.009,0.672,12.3,-3.679,13.261
46.044,27.348,28.125,-3.082,50.114,-17.992,8.118,3.917,-7.71,15.911,-3.872,1.431
45.158,45.159,48.759,-1.06,49.207,-36.525,10.538,22.132,-10.316,-3.452,-0.722,10.913
47.704,91.492,59.199,-8.182,7.029,-11.71,16.954,2.042,-19.065,1.951,9.594,1.373
48.912,139.723,41.815,34.868,-1.258,-16.45,21.378,-6.995,-11.277,-5.126,-41.77,-7.342
41.433,57.391,8.203,-17.883,36.126,-39.35,-0.134,19.009,5.117,10.373,-10.639,3.582
40.657,64.603,-2.313,-36.289,21.77,-26.81,-10.682,-9.08,-11.3,11.661,2.533,17.813
42.223,42.611,0.986,-12.934,43.2,-45.254,-3.127,5.076,19.34,7.352,-7.93,-7.311
49.747,107.559,49.366,-52.349,24.708,24.27,42.691,33.988,7.054,6.273,12.122,28.212
49.786,133.105,14.62,70.544,4.101,-12.422,34.076,4.328,20.36,-19.562,-55.829,13.898
48.337,197.841,17.862,-7.121,-31.559,-48.577,11.52,10.962,28.703,-5.675,-0.586,-1.383
49.207,83.311,14.802,29.442,6.38,-21.822,19.004,0.335,5.283,7.384,-30.239,-6.851
49.055,103.055,29.151,22.875,-2.156,-28.363,20.467,-15.92,2.08,7.55,-20.393,-3.027
46.732,42.605,18.316,-3.188,13.345,-30.597,11.212,11.919,-18.022,0.11,-10.271,20.119
46.208,76.237,34.953,-3.062,1.669,-25.098,19.708,7.911,6.876,8.784,-4.255,22.064
45.923,74.379,20.302,52.361,4.503,-30.889,17.906,33.878,-4.12,-2.34,-10.565,16.604
45.643,79.532,11.659,-23.693,21.103,-3.873,33.536,9.103,-6.985,9.391,-8.673,17.994
43.787,72.233,-35.445,1.166,11.439,-31.833,8.383,14.463,-3.057,15.465,-10.405,13.69
47.261,82.069,40.967,-64.818,12.594,5.398,40.391,4.88,3.319,6.716,-28.686,-2.293
48.439,82.789,38.23,1.802,14.772,-2.891,28.864,14.829,0.081,0.848,-2.155,14.558
44.683,47.226,25.904,-21.435,20.154,-25.609,20.815,3.692,-4.685,14.712,-19.646,-0.11
47.626,61.46,58.02,-48.337,27.753,6.381,26.605,11.649,-6.779,2.242,-21.156,-0.125
47.668,111.639,65.723,26.339,4.833,-23.357,14.223,-2.072,-19.642,-1.576,-20.409,10.316
46.12,85.597,36.803,8.27,18.988,-23.568,4.183,-1.45,12.403,0.256,-4.578,4.395
45.371,62.74,54.501,-4.748,-2.831,-42.035,52.651,20.174,-12.174,-5.226,-2.485,28.333
46.236,69.141,42.117,6.057,-0.425,-30.174,15.297,-8.697,-7.293,7.815,-13.088,17.049
48.045,51.51,5.55,-3.672,5.84,-19.487,11.976,3.351,-9.915,-9.327,-4.987,20.359
44.899,72.197,16.771,17.702,11.392,-47.273,19.335,9.676,-29.848,-2.322,-6.6,19.866
44.616,65.195,13.701,0.656,27.401,-27.944,22.991,9.736,-14.394,8.561,-11.207,19.684
43.716,59.346,-0.682,-27.962,18.317,-33.921,10.117,19.219,-13.385,-4.14,-5.867,10.438
44.157,65.527,16.557,-28.972,17.743,-34.531,15.921,-1.291,-9.849,3.902,2.634,22.184
45.468,53.531,13.658,-2.965,15.095,-27.477,12.044,13.151,-11.354,0.34,-34.185,4.52
41.058,72.358,-35.563,-18.709,13.966,-24.558,-23.779,22.954,4.059,-1.075,-2.414,7.312
49.578,119.342,46.783,-13.358,7.365,34.324,31.454,18.526,4.63,4.631,4.956,-20.864
49.61,113.22,65.34,4.388,8.85,-15.273,30.752,12.115,-18.211,-3.925,-5.561,24.769
47.015,87.561,48.248,43.13,13.351,-29.397,14.956,14.69,-23.552,2.028,-22.691,20.539
50.504,100.635,57.022,1.09,12.296,36.768,31.726,20.123,-13.739,3.259,-4.591,-17.116
49.486,88.634,51.079,10.797,28.152,35.191,18.067,13.928,1.379,-7.232,-35.127,-12.364
47.781,93.733,46.455,-56.971,21.586,22.673,16.731,24.537,8.476,17.358,-8.931,-11.831
45.368,78.828,27.187,-23.334,31.393,-44.897,2.936,3.539,-9.77,3.659,-3.627,-1.192
46.814,102.372,13.26,5.558,15.194,3.979,0.925,6.273,-3.552,1.197,-38.321,1.193
47.559,73.371,33.374,-0.064,12.633,11.122,30.483,11.18,-8.734,11.869,-13.024,7.617
44.179,73.251,4.594,-31.696,25.454,-11.585,-2.296,8.806,-3.129,16.199,-24.576,9.696
45.111,60.247,19.718,-55.034,4.528,3.391,14.079,-3.322,-11.27,21.427,-19.762,16.171
44.822,39.03,-5.739,3.115,13.68,-18.135,-9.196,14.912,-7.332,-1.448,-30.584,20.862
45.928,37.033,2.016,-36.318,11.002,3.203,6.975,39.169,-7.295,43.025,18.635,-5.603
45.739,30.501,6.452,-24.897,21.719,-34.95,-1.842,-5.196,-7.776,11.855,-11.181,-6.495
48.698,74.388,50.915,-85.42,26.121,-32.396,18.964,18.9,-5.555,4.351,10.436,3.959
52.154,107.339,79.791,1.951,30.338,-15.899,30.087,0.362,3.64,-17.016,-12.052,16.332
51.568,98.119,86.46,7.343,13.032,-19.357,10.811,12.419,-20.894,-18.325,-17.006,-3.361
50.242,84.497,73.535,1.308,5.996,-19.942,-9.165,-6.395,-30.53,4.216,-15.19,-8.772
52.331,91.187,54.876,-23.19,39.013,-18.94,-15.778,-0.082,-5.832,-5.551,-3.572,4.873
52.608,68.667,58.941,-3.657,51.416,-23.204,-24.009,-16.188,-9.98,1.064,-10.684,-3.54
52.367,74.737,58.109,-6.267,42.196,-25.056,-29.058,5.735,-2.583,-9.396,6.571,-7.815
52.692,86.721,46.709,2.886,27.32,-28.984,-23.648,-5.722,-4.463,3.527,-4.411,-8.726
49.834,54.711,29.17,-1.844,4.444,-16.292,-26.314,16.571,-18.851,-3.564,-27.759,-4.22
46.955,57.095,-35.588,-16.129,17.217,-55.136,-11.845,24.622,2.108,-8.816,-4.692,-2.835
45.914,57.743,24.222,-32.91,51.866,-18.667,-0.072,-7.627,-5.421,16.83,-12.54,-6.24
52.212,107.77,58.303,0.232,10.132,-5.072,23.001,21.975,-5.501,-3.255,17.032,22.85
52.937,121.513,76.585,8.142,27.225,-18.522,17.774,-18.821,-8.98,4.063,13.01,16.391
51.923,84.3,65.752,10.028,10.84,-30.435,-2.369,-20.748,-6.197,-3.148,-10.088,-7.638
52.529,55.731,56.08,3.772,32.116,-43.973,-4.597,1.726,-0.906,-3.352,-9.434,-8.028
50.928,63.467,72.569,-18.64,31.961,-28.118,-3.087,5.893,-13.755,8.818,-3.955,-0.912
51.604,47.686,52.346,-4.595,30.889,-32.185,-27.743,-4.498,-10.238,0.733,-1.955,-2.671
50.91,44.05,54.956,11.225,30.217,-20.236,-17.89,-19.907,-12.693,6.466,3.368,8.531
51.065,26.32,36.041,-7.859,28.154,-32.023,-12.681,-7.894,0.777,-5.189,1.6,-6.829
52.187,67.496,73.013,-24.57,33.149,-16.882,-9.044,11.772,4.064,-13.159,-2.182,-11.999
52.392,77.925,60.345,-13.703,26.081,-26.332,7.88,5.807,3.864,1.271,-1.549,-5.027
49.706,48.798,59.01,-19.827,23.788,-29.36,20.99,-0.599,-7.133,7.437,-9.882,-11.4
51.771,71.164,74.867,1.46,31.838,1.896,15.941,5.072,8.457,-17.683,-10.401,-12.84
50.783,46.132,46.832,-5.697,11.162,-46.611,5.845,10.362,-11.085,5.629,-4.912,0.416
49.988,56.909,61.858,0.219,30.371,-31.467,-6.588,-12.108,-7.236,-1.145,-4.587,1.24
49.917,34.304,59.595,2.273,38.153,-27.179,-6.2,9.078,1.861,0.233,-1.017,3.96
47.088,43.113,-9.342,-8.297,30.209,-38.049,-0.025,4.668,-6.875,-0.327,-8.151,11.474
46.468,28.923,26.01,0.666,24.437,-26.06,19.981,26.02,-1.741,1.844,-12.746,9.269
44.932,71.098,13.725,25.707,27.477,-37.271,10.449,1.578,10.646,7.12,-10.468,10.332
43.046,90.176,-29.472,-28.329,11.28,-32.436,2.201,9.538,8.257,4.534,-12.552,14.331
42.094,75.097,-11.133,-30.446,6.203,-27.07,7.12,9.218,0.616,18.924,-6.677,13.133
42.585,62.579,3.815,-31.842,11.534,-23.226,5.219,-10.552,-15.327,18.506,-16.484,23.75
46.678,57.229,16.989,-45.956,27.475,-8.782,6.562,4.608,-3.141,5.181,1.05,7.287
47.01,53.511,31.851,-16.838,32.009,-32.284,7.54,7.895,-19.61,0.534,7.204,17.323
46.293,79.521,46.051,25.652,8.596,-17.514,8.119,5.281,-1.936,-9.845,-9.56,-5.129
50.014,103.959,38.406,18.642,6.221,-17.039,23.193,8.482,5.912,-9.687,-0.371,-0.321
44.942,98.026,-0.881,44.187,14.898,-8.699,3.122,31.61,-3.798,4.989,-34.471,7.682
42.697,87.058,-48.592,-18.295,8.002,-28.22,-25.279,9.12,2.147,8.791,5.427,8.219
46.019,71.982,4.281,-34.431,25.045,8.688,-5.436,17.537,4.122,13.316,-28.156,6.333
50.097,110.039,64.947,1.57,6.715,-11.609,25.759,-4.272,-1.715,0.989,-1.012,-10.592
49.757,98.845,60.888,26.078,16.458,-33.259,18.422,-9.444,2.293,1.571,-2.091,27.686
49.625,100.063,64.524,4.44,1.728,-17.388,32.606,9.039,4.676,-1.558,-11.026,-6.184
49.012,67.983,70.637,6.325,19.854,-11.043,27.979,19.973,0.934,12.513,-11.156,-15.932
47.57,93.102,56.22,24.373,16.576,-15.691,18.874,-4.698,-5.877,7.286,-14.651,-0.454
47.333,70.479,20.132,-21.38,16.974,-35.862,10.072,23.981,-6.215,-7.449,6.418,14.889
44.251,94.348,16.999,-27.756,33.794,-34.189,-2.236,-2.224,0.637,5.907,4.084,35.22
45.054,89.258,24.803,-20.539,42.536,-31.912,12.676,18.249,-12.469,0.777,-14.518,23.424
44.809,86.434,-0.2,-17.45,34.879,-18.955,1.933,3.186,-15.136,23.089,-19.593,26.566
44.567,74.285,-24.731,-10.476,29.164,-25.669,-32.771,26.401,6.583,8.616,-6.489,-4.107
48.848,117.981,55.959,-64.682,-9.815,22.786,31.952,22.578,1.208,4.479,-7.979,-8.741
51.258,95.015,59.045,24.125,-10.883,-35.552,19.156,-1.919,-10.389,3.86,-10.697,-17.154
47.635,56.467,1.93,53.965,-2.179,-33.295,5.898,6.599,-11.93,14.832,-24.224,-2.261
47.766,102.968,70.899,9.795,-9.704,-9.714,31.708,13.435,0.004,-19.167,-0.495,-17.022
49.487,69.095,30.729,-10.925,-6.766,-27.936,10.829,29.768,-6.942,-18.354,-8.26,-1.508
47.847,96.486,14.333,29.681,-2.998,8.637,-3.219,19.219,0.324,4.846,-42.7,-3.938
47.176,72.56,62.196,-50.208,-3.221,-7.966,32.272,0.737,-10.633,16.559,-11.857,0.346
48.073,105.165,6.539,58.552,1.516,-39.536,23.757,16.227,13.771,7.249,-16.951,27.272
44.173,90.029,0.1,-44.062,16.225,-19.583,5.379,-8.589,-3.163,29.728,-7.522,25.875
45.378,99.243,-13.185,-17.781,18.805,-30.522,-1.521,20.98,6.709,4.902,-21.629,14.621
45.691,86.665,-26.227,-13.926,21.093,-15.661,-16.211,23.851,-8.664,20.784,-7.28,11.186
49.251,115.877,60.066,-64.209,9.746,24.616,34.207,11.578,-4.858,20.497,-11.051,10.161
50.662,110.372,62.669,24.931,3.465,-8.767,19.613,-3.81,-13.123,1.843,-25.018,-3.005
48.823,59.76,79.583,6.532,23.941,-20.529,30.567,11.474,-20.134,8.269,3.431,2.821
47.994,38.219,24.527,-5.721,22.903,-21.485,7.77,14.796,-23.079,10.063,-8.484,21.955
47.444,55.136,43.078,-13.995,35.112,-33.073,-1.506,2.023,1.25,1.235,0.265,9.816
47.293,61.355,64.745,15.212,27.831,-41.226,10.999,3.623,-7.112,-2.848,-6.52,17.138
47.249,41.87,36.572,9.331,21.988,-50.6,7.571,13.481,-5.354,-4.115,-2.357,11.947
46.239,59.303,-5.911,-10.213,36.739,-33.287,2.198,1.41,3.651,1.795,-8.939,9.658
45.233,71.44,41.541,-3.153,49.088,-34.187,0.632,17.286,-9.546,-2.45,1.94,13.322
46.959,66.156,20.83,29.111,7.723,-26.59,11.749,8.973,-12.54,3.403,-28.808,11.166
48.82,56.623,36.909,12.664,22.426,-2.969,0.487,8.482,-11.543,1.559,-5.786,7.014
47.209,94.204,22.187,25.529,19.332,-22.049,7.24,23.551,-4.492,17.939,-25.088,26.341
46.599,68.129,22.701,-19.129,32.409,-2.951,6.93,10.355,-3.059,29.376,-0.43,18.395
48.848,47.057,18.223,8.071,22.284,-14.763,22.393,26.283,-1.31,-6.72,-18.844,17.134
45.57,58.964,30.928,-6.082,32.905,-2.278,20.183,20.594,-11.939,23.635,-42.699,5.332
47.736,67.74,15.528,17.868,34.022,-9.987,9.887,34.7,-4.34,0.836,-22.626,2.906
47.626,85.205,21.719,-4.302,22.583,29.172,29.043,11.357,-18.671,27.842,-27.921,3.899
50.83,94.988,54.105,12.83,8.869,10.12,16.662,18.441,-10.691,-3.343,-13.63,-7.138
46.434,93.974,-3.841,20.157,6.632,-39.594,8.202,15.836,-12.138,0.402,-12.724,4.552
50.515,118.804,44.288,25.861,4.695,-20.078,9.772,6.364,-1.212,15.369,-21.454,5.627
46.688,114.139,10.408,2.903,11.217,-29.718,6.971,22.955,1.738,18.381,-21.14,3.243
51.205,108.0,-16.101,52.736,6.583,-24.868,-11.498,-5.298,7.869,9.936,1.171,13.023
46.339,90.931,-5.126,-27.719,30.516,-35.413,8.483,-10.551,6.839,13.664,-19.063,12.729
47.314,76.502,-8.556,7.361,34.484,-19.78,-21.913,29.526,-0.699,5.481,-26.63,3.829
50.256,95.769,54.226,-60.621,26.333,16.027,-8.487,-24.28,-12.467,26.116,-9.023,-19.627
48.309,69.315,-2.951,11.983,22.582,-16.667,-17.054,43.585,0.604,-0.279,-23.8,-5.157
46.713,85.755,-6.699,-6.26,28.934,20.614,-24.382,27.551,2.802,17.69,-29.164,-5.389
50.997,79.124,43.068,-52.301,21.253,17.112,-18.984,3.281,-21.466,20.06,9.601,-8.217
50.943,84.355,41.735,45.295,18.908,-18.499,-38.89,19.712,-17.377,11.56,-41.58,6.688
46.391,52.992,31.986,-78.824,12.307,8.107,4.48,-18.433,-7.769,19.117,-14.587,6.866
48.67,39.455,17.134,21.078,25.534,16.028,-13.002,8.579,-9.395,-8.839,-37.062,6.413
48.422,59.671,50.887,-84.671,22.928,50.09,-2.01,10.76,-16.933,-6.015,-3.145,1.721
51.126,34.071,66.952,7.593,31.192,-20.969,-9.363,-8.471,-14.898,5.32,-5.038,-2.292
51.46,30.866,46.709,12.561,17.086,-14.449,-22.142,11.337,-15.914,-12.213,-11.695,2.715
49.935,40.713,24.7,50.157,9.952,-2.543,-23.805,-3.64,-10.756,0.7,-48.817,-8.704
49.179,34.108,48.769,-58.463,33.025,39.936,-2.714,16.658,4.805,3.651,5.731,-25.726
49.696,30.512,-4.034,32.024,-3.004,-13.37,1.238,-6.039,3.97,-0.446,-50.443,1.655
42.611,-41.32,-46.664,52.234,-18.683,-64.338,-7.004,-6.549,-7.123,3.274,-27.612,8.539
47.362,54.33,62.04,-112.891,30.135,34.753,10.702,11.047,-7.616,-6.442,1.709,-2.35
51.618,97.818,62.386,7.813,27.609,-29.341,-34.843,-14.638,-7.532,-3.822,-10.143,4.328
49.184,53.405,40.561,-8.896,29.551,-37.9,-41.247,-3.559,10.078,11.875,5.022,-5.555
48.901,51.025,28.03,-12.286,4.135,-31.441,5.408,7.841,7.126,0.164,-8.996,4.514
49.215,79.822,67.345,11.847,-0.096,-39.696,-5.403,-17.826,-20.117,7.442,-5.753,17.2
51.536,106.447,66.216,22.797,16.41,-27.032,-42.002,4.998,-0.132,-4.103,-13.358,-19.85
49.93,45.101,52.022,-8.0,16.311,-25.296,-23.242,-0.942,-3.472,5.468,-6.183,-23.823
49.015,47.392,49.647,-8.53,24.765,-25.87,-29.013,4.498,-3.25,0.214,-13.008,-14.866
48.184,59.785,28.513,-28.363,26.693,-36.072,-24.097,-3.176,15.725,15.466,-4.067,-11.163
48.521,77.265,12.075,1.172,-5.742,-27.915,-20.741,8.82,-0.172,6.453,-14.443,-0.492
43.736,23.775,-21.191,-9.328,14.226,-14.111,-1.258,14.333,-4.715,6.722,-14.89,5.633
44.182,40.07,49.115,-114.167,22.78,-10.795,20.817,-22.518,3.435,15.374,-3.617,-1.144
50.18,50.904,72.132,-25.631,36.625,-1.73,22.342,3.971,21.108,-2.196,-22.499,-7.886
50.679,81.329,66.508,23.473,16.352,-33.061,-20.128,-12.498,-10.58,6.696,0.145,-1.947
50.184,76.337,54.053,10.977,36.616,-46.634,-25.84,-12.433,-9.013,0.298,-9.95,-8.146
49.887,57.481,47.694,11.801,19.599,-28.175,0.926,9.038,-11.772,-5.909,-16.469,-13.396
48.683,44.015,35.809,-10.912,20.43,-22.617,-5.847,9.043,11.548,7.168,-5.029,-11.572
48.64,25.682,28.932,-0.558,36.389,-32.491,-16.246,12.377,26.347,7.842,-19.497,-18.281
48.138,40.864,25.75,-4.338,38.151,-19.897,-17.969,-11.582,16.79,16.377,-11.886,-5.737
48.769,43.109,29.112,-2.249,30.992,-35.265,-28.755,9.41,16.359,16.09,-7.15,-11.609
47.425,9.487,8.225,-1.293,33.734,-47.986,-15.878,17.222,15.209,9.534,-12.011,-16.207
45.964,-12.77,5.67,-30.5,3.376,-26.616,-9.56,-0.636,6.832,11.908,-7.38,-19.568
46.814,19.438,16.341,-12.612,-15.035,-34.453,-2.202,13.117,-9.391,-6.747,-0.642,-2.508
47.718,40.667,36.707,-47.24,47.63,-26.862,-11.38,-5.837,8.695,8.226,-14.54,-21.14
47.619,66.567,18.382,-16.138,8.331,-30.487,-16.836,31.666,7.396,13.573,-5.722,2.616
48.109,64.26,23.401,-13.661,20.26,-12.309,-19.858,-6.382,7.386,19.27,-12.701,0.203
47.556,49.25,22.846,-23.917,27.885,-28.482,-41.203,5.795,14.713,14.19,-5.008,-11.589
47.706,49.682,26.172,-0.382,24.702,-27.097,-28.42,12.123,6.535,9.029,11.749,-13.792
47.116,0.835,22.171,-10.119,22.672,-45.538,-39.901,1.176,6.955,-0.458,-10.713,-12.836
48.298,29.753,12.619,-3.787,34.616,-32.778,-20.995,14.336,15.046,18.414,-2.445,-12.199
47.886,56.496,18.626,-18.555,23.951,-14.601,-8.053,11.135,-1.738,9.595,-13.926,-4.314
47.536,60.699,28.767,-41.296,35.343,-33.679,-0.727,-1.185,6.299,19.715,4.847,-7.867
51.848,72.328,54.942,3.863,20.502,-12.407,10.823,0.131,10.207,3.357,-8.44,-14.191
50.647,29.999,61.238,-5.751,43.244,-18.306,-13.1,-17.769,-1.004,11.11,-8.539,-19.929
50.661,72.414,65.625,4.459,17.835,-25.246,-1.769,15.254,-4.087,3.098,3.598,-14.372
50.109,80.48,46.282,8.67,25.602,-30.344,-2.382,4.049,3.37,2.397,5.023,10.652
47.318,88.225,32.683,-6.449,2.556,-22.589,-9.658,32.962,5.512,-2.007,-28.543,4.252
43.517,100.868,-10.59,14.786,23.518,-46.864,-19.763,31.851,-3.906,0.504,-13.682,14.89
45.792,58.754,-11.309,-12.604,16.584,-21.246,-5.671,18.966,-7.256,6.493,-0.685,9.448
50.829,88.042,60.824,25.003,21.094,-12.086,31.602,4.397,4.794,13.874,2.639,10.762
51.435,98.731,48.084,22.168,-6.684,-38.386,-3.289,-11.136,-19.062,10.83,-0.412,3.612
51.114,91.65,61.067,-11.401,26.587,-9.491,-30.257,4.407,1.058,7.405,-26.436,-27.363
48.659,88.273,1.197,53.095,13.96,-40.175,-40.308,28.753,-1.147,-1.96,-20.749,-7.782
50.395,72.01,44.091,-6.346,21.614,-27.602,2.014,8.783,15.098,13.407,1.099,1.452
51.333,40.196,14.374,-1.921,11.589,-25.213,-7.834,21.601,-4.041,-3.073,4.978,-7.18
49.758,93.088,83.124,6.991,50.139,-39.912,-8.417,-1.265,6.112,2.547,0.936,0.75
50.285,57.506,27.795,9.968,20.709,-29.33,2.135,9.076,-7.166,11.379,-4.707,4.55
50.998,68.212,46.63,-7.756,21.199,-14.349,-15.965,2.049,6.463,30.778,-21.126,5.486
52.034,54.707,63.226,-12.321,16.643,-14.038,-9.491,10.343,-10.119,-9.16,7.505,-15.627
50.483,40.644,28.361,58.155,14.341,-15.608,-18.502,1.281,-3.121,-17.01,-52.908,6.393
51.2,60.33,27.508,16.563,16.63,-12.961,-23.703,3.22,4.095,15.81,5.168,-9.244
49.274,35.274,27.439,-8.373,22.832,-23.196,6.447,16.125,-18.472,7.667,-4.528,-6.145
50.313,58.085,27.572,8.345,13.735,-11.614,-13.125,3.799,-9.53,1.708,-14.208,3.055
49.132,56.083,63.463,-36.878,25.126,-21.805,3.25,5.853,8.588,8.478,-2.933,5.941
49.062,33.36,16.721,59.012,27.194,-3.072,-6.999,-4.095,-13.434,-9.314,-50.035,14.386
47.442,30.472,-17.308,30.971,9.552,26.162,10.672,0.673,-14.492,16.637,-22.828,13.917
48.248,101.938,64.156,34.354,24.877,60.571,42.59,22.851,7.359,-26.808,-15.835,-9.85
48.843,39.908,9.577,23.963,-2.548,17.675,2.946,26.837,-19.406,-8.842,-15.296,2.622
46.314,18.29,30.025,-48.628,13.023,46.687,24.032,13.477,-15.497,0.927,2.773,-7.625
51.125,58.751,32.633,32.512,42.062,18.453,-5.928,-6.313,16.215,-13.62,-24.942,6.514
51.076,63.692,39.629,-4.995,14.86,35.68,2.456,8.876,5.044,22.833,22.736,-3.212
49.599,88.395,82.661,8.932,34.444,-32.752,-10.537,14.592,6.767,7.75,-3.045,-7.21
48.775,43.512,14.519,15.72,15.309,-6.908,-24.573,-1.403,-1.438,15.068,-28.543,1.828
48.95,25.247,15.581,9.876,15.482,-2.989,-13.387,-4.945,-10.044,13.385,-1.987,1.995
50.117,6.905,36.036,-53.812,33.684,-4.515,-17.866,5.991,11.779,2.9,-6.381,-22.504
49.401,20.844,4.179,49.591,36.306,-11.011,-19.251,3.501,-2.299,-12.195,-55.257,-3.94
50.935,51.131,35.106,-27.105,21.404,12.501,5.476,23.292,-2.281,12.926,13.288,-7.323
48.305,38.993,26.356,23.188,36.066,-25.94,-35.048,25.812,8.216,9.131,-19.092,-12.795
46.447,39.61,30.042,-31.65,33.78,-10.249,-15.356,11.34,7.938,14.038,-7.81,-15.52
48.049,53.941,33.098,-3.8,20.062,-13.057,-12.458,-12.151,-6.943,8.947,0.174,-4.865
48.112,21.619,27.53,-20.449,34.05,-32.083,-19.079,-0.831,3.305,1.3,-0.626,-2.414
47.943,41.683,44.793,4.681,53.685,-24.407,-33.004,-7.313,20.93,-3.592,-16.966,-8.066
47.413,54.32,31.748,17.92,27.341,-10.798,-2.437,-6.472,-4.067,7.584,-22.789,3.774
47.191,54.989,26.549,-3.232,40.252,-23.108,3.22,0.791,2.743,15.533,-17.516,11.96
48.698,93.249,53.543,15.781,15.256,-25.729,3.801,-19.454,-20.379,8.444,2.694,2.014
48.423,70.089,57.114,-10.312,26.342,-27.755,11.233,-15.898,-11.08,8.887,-18.744,-2.713
48.247,58.457,40.094,-10.723,36.02,-36.478,13.29,-0.437,13.256,5.898,-4.827,-9.98
49.053,84.42,71.138,13.316,27.005,-35.822,1.905,-11.822,-15.767,7.268,-8.858,-2.902
49.46,67.805,52.651,25.235,29.218,-30.5,-10.881,-10.675,-7.496,5.855,-14.003,-4.825
49.35,56.082,41.385,-14.599,25.556,-30.916,-2.283,9.14,-0.018,2.854,5.767,-8.145
49.266,72.864,48.617,5.605,22.603,-24.11,-0.28,-8.129,-13.858,15.759,-9.089,-7.139
48.475,68.883,26.881,-11.972,17.59,-23.422,1.803,3.206,-3.258,-5.388,-17.047,-0.924
44.968,29.078,-22.028,-0.438,-10.246,-25.074,-6.292,-6.607,-11.894,10.826,-38.327,13.011
47.382,42.895,18.752,-21.765,38.398,28.367,6.543,7.409,-3.936,18.604,-4.779,5.157
46.485,25.442,27.36,-39.283,27.85,-20.721,4.208,12.811,-5.72,-1.89,-9.797,10.27
48.676,33.79,49.941,-4.728,33.948,-23.239,-5.936,7.733,-3.739,13.819,-1.241,-4.473
49.021,48.22,35.141,-23.482,27.294,-27.921,-4.681,-6.37,-1.599,1.034,-1.0,-4.338
49.434,53.74,51.953,-3.091,18.124,-28.457,-12.012,-0.485,-5.87,3.158,1.145,-0.544
49.767,45.422,53.308,-9.056,23.265,-36.487,-28.041,-0.925,2.881,-3.663,-1.219,-8.148
50.579,38.217,65.674,-5.759,64.128,-41.034,-34.106,-1.83,16.489,5.301,-5.809,-17.327
50.604,46.102,59.772,4.677,43.295,-46.97,-16.518,2.017,11.027,11.388,0.059,-9.639
48.857,68.36,50.657,-17.496,19.613,-22.074,-20.535,-6.362,-9.708,-5.71,-5.748,3.664
49.835,54.216,46.356,14.489,18.7,-36.111,-7.969,6.029,-12.9,-0.395,-9.752,-3.86
50.068,58.369,63.246,-15.813,34.981,-22.613,-7.796,1.894,6.772,6.321,-1.819,-17.339
50.628,40.271,48.487,7.132,56.908,-35.032,-26.356,15.192,4.247,11.518,-11.92,-17.662
46.358,50.316,32.144,-23.086,44.909,-28.02,-6.709,15.976,11.697,24.216,-7.006,3.845
45.841,61.296,7.884,-41.115,30.104,-29.056,-5.467,4.801,-0.124,19.495,-12.437,24.737
51.881,85.353,50.851,50.728,35.523,-13.115,3.624,-5.255,1.611,5.017,14.532,16.745
49.675,56.747,53.442,15.975,36.837,-27.104,2.612,7.607,-4.338,11.491,-17.679,0.583
50.861,91.301,66.811,29.884,1.313,-28.51,11.266,-4.137,-18.653,3.035,-7.671,-5.885
50.674,76.042,55.233,4.314,18.583,-35.324,-11.926,-4.192,-17.205,0.414,3.218,0.732
51.086,90.496,71.855,11.022,3.138,-26.297,8.533,-9.673,-20.754,-0.625,-17.344,3.141
48.044,3.428,41.109,-24.043,47.154,-27.768,-27.645,-3.685,-39.283,-5.785,-6.785,-12.677
49.878,66.56,43.914,-8.047,26.02,-25.99,-1.488,10.151,6.636,0.415,-3.319,-13.176
50.052,93.153,64.38,28.218,15.794,-41.409,3.409,-17.365,-13.87,1.534,-6.398,-13.408
50.794,61.424,53.272,10.555,16.683,-20.255,-5.877,-2.285,-11.906,-2.696,-15.502,-3.737
50.318,79.163,42.537,24.545,16.757,-25.596,-5.508,-3.86,-14.618,7.426,-16.812,-6.903
49.288,43.74,24.902,0.001,20.944,-30.612,7.306,0.464,8.727,7.578,-12.412,-12.298
49.884,72.661,24.252,12.611,2.247,-23.623,9.427,-26.632,-10.332,9.961,-11.728,-6.998
48.355,49.798,29.196,-34.579,36.833,-21.941,4.114,-5.995,0.412,3.938,-8.745,-8.519
48.533,47.446,32.997,-11.47,36.012,-32.256,-8.791,11.998,-7.183,3.863,-8.422,-27.187
48.514,52.488,29.412,15.118,32.911,-54.31,-6.328,0.33,7.26,2.701,-6.413,6.39
47.953,47.366,40.014,-24.535,33.121,-23.33,-1.11,-5.09,-7.74,0.653,-14.466,-7.334
48.043,32.327,43.27,2.632,20.469,-47.913,1.061,4.495,-3.644,5.222,1.512,-4.235
46.334,19.081,34.864,-12.494,29.503,-36.053,-4.051,6.178,-5.358,9.338,-11.282,-15.186
49.137,39.06,30.481,10.708,33.484,-42.212,-19.563,0.777,-7.857,4.809,3.28,-0.111
48.769,54.577,47.197,33.574,8.34,-42.193,-13.255,-3.645,-3.253,-1.389,3.938,-4.333
47.853,42.921,18.323,-21.313,40.262,-32.058,-23.428,4.315,2.701,12.292,-2.285,-4.797
48.816,51.189,32.25,14.039,27.29,-35.551,-6.696,1.148,-5.924,15.517,5.338,-4.791
47.688,46.653,25.854,-12.345,15.391,-31.042,4.679,-0.989,-8.537,6.446,-18.407,5.294
47.138,35.542,37.587,8.713,20.369,-40.811,-12.086,-4.248,-6.855,-0.78,1.055,0.896
49.062,54.047,23.991,-4.217,20.424,-19.898,6.458,4.108,-3.645,-3.193,11.142,-2.511
49.088,52.514,20.168,4.287,21.753,-41.128,5.32,-4.03,-0.285,-0.539,-3.397,-9.805
49.506,59.028,14.05,-1.356,32.652,-22.254,-5.509,-0.702,-6.021,7.778,-3.903,-4.528
48.353,82.146,13.452,17.628,10.456,-39.852,0.07,15.995,-8.876,3.977,-9.006,1.217
44.953,70.338,-36.03,-26.37,-1.647,-41.041,-7.776,3.987,-11.445,25.584,0.442,9.943
45.758,66.701,-29.566,-25.657,10.115,-45.637,-4.475,8.302,-19.651,-0.451,-1.951,26.051
45.458,59.783,-7.938,-35.526,34.476,-42.92,-17.801,-6.688,-5.315,-6.771,4.495,14.915
51.965,80.271,41.809,-31.182,30.921,23.647,11.456,9.503,6.956,2.296,16.097,17.881
52.308,81.244,52.436,34.751,17.627,-29.661,-35.684,-12.815,-1.57,-1.022,-15.216,-6.913
53.261,107.323,70.581,8.351,5.757,-32.555,-37.519,-4.108,-0.205,4.393,-3.154,-28.397
51.9,60.022,60.707,4.603,-3.576,-29.315,4.959,-2.722,11.033,8.127,-9.747,-38.247
51.444,106.419,44.962,-1.312,-28.077,-24.433,-0.93,-7.311,-23.052,-8.197,-10.203,-5.703
50.89,81.777,47.023,-30.836,36.195,-17.894,-13.17,-12.736,1.157,12.957,-13.691,-23.848
51.643,57.836,57.741,-6.734,9.725,-29.338,-15.148,8.84,-3.694,1.58,-5.174,-31.486
51.473,64.506,60.121,2.671,2.615,-25.1,-17.756,-7.126,5.665,-4.45,-14.971,-52.863
50.868,58.85,52.395,-17.325,26.842,-27.541,-7.93,-6.941,-8.276,0.701,-16.833,-51.201
48.8,44.712,18.742,26.873,17.866,-20.168,-36.321,0.643,-7.0,5.838,-39.769,-36.596
44.675,45.418,-25.577,6.615,22.445,-6.376,-6.829,0.79,0.501,11.523,-10.487,-1.835
45.023,34.289,45.385,-115.881,26.504,-20.11,7.031,18.642,0.939,14.665,2.458,-1.608
50.519,52.015,38.859,-32.888,17.52,-32.733,0.819,0.545,-0.58,0.601,-1.503,-14.625
50.48,42.334,25.158,-4.988,28.065,-31.326,-11.95,1.045,-8.174,-10.833,-15.362,-4.364
46.965,4.756,0.716,13.176,23.76,-26.384,-29.257,6.529,5.151,-3.3,-29.457,-1.819
41.044,-7.106,-41.262,-33.402,6.753,-16.345,-12.694,-15.233,-2.451,10.503,-19.197,2.488
42.705,-3.122,29.117,-126.151,19.884,-1.731,0.064,46.369,17.858,-5.54,-15.377,-4.516
50.008,68.055,38.166,-24.248,36.873,-3.985,-6.599,3.065,-1.134,5.929,3.311,-11.725
45.904,64.873,-17.07,-4.227,12.25,-21.021,-8.113,28.477,-5.559,-3.112,-31.597,-0.305
47.078,58.026,-7.062,-10.605,38.861,15.385,5.246,12.414,3.166,40.199,-26.575,-0.982
47.585,54.17,-0.141,-18.309,13.292,-3.561,-11.041,7.181,-5.008,12.806,-0.758,2.319
41.181,73.033,-35.655,-37.256,-4.582,-32.576,-10.85,2.766,6.201,10.632,-15.889,12.172
46.584,33.703,-15.982,-47.356,2.992,-40.395,7.6,7.531,-15.468,15.551,8.943,-7.134
48.453,49.882,13.574,-12.674,13.75,-23.827,-0.643,1.942,-6.09,6.819,-12.365,-4.451
48.922,53.191,21.645,-12.772,21.826,-20.289,0.974,1.257,-0.083,-1.46,-9.552,-12.306
47.432,48.37,12.631,-30.952,17.243,-41.351,-12.322,-3.688,-1.869,-5.312,-10.113,-7.764
46.374,74.35,-22.732,-17.28,36.769,-40.361,-34.171,28.125,0.637,-11.831,-4.07,10.321
44.496,67.218,-45.545,-28.363,35.136,-33.478,-25.651,-9.813,16.848,15.093,-27.016,8.924
43.949,32.478,-52.222,-19.989,19.674,-19.577,-15.841,23.099,7.385,4.535,-7.859,11.085
47.206,34.158,3.826,-25.534,22.521,-36.984,5.818,12.73,4.014,7.355,-10.991,6.736
46.682,69.482,-5.723,-29.089,14.554,-37.485,-10.198,29.458,11.35,-0.564,-7.459,4.417
46.755,46.729,-8.14,18.25,39.277,-36.902,-23.624,15.054,8.098,13.35,-11.858,4.258
47.998,63.178,2.412,-43.35,17.281,-53.832,1.271,24.762,16.208,11.254,6.643,-2.274
48.376,74.418,16.931,-14.755,35.96,-36.371,-3.273,6.195,5.899,11.748,-17.874,-6.544
48.428,46.318,10.245,-23.205,31.989,-31.995,-8.625,0.798,-11.24,-0.391,-5.435,-1.285
47.725,57.662,27.529,-9.109,17.106,-36.565,-11.454,7.817,-7.003,10.158,-4.834,7.498
46.973,19.986,-16.385,1.257,22.462,-30.649,-11.758,7.538,4.003,1.782,-16.886,4.083
46.725,18.699,25.39,-74.187,49.028,-24.112,9.065,-5.396,24.061,13.177,-3.76,-11.376
49.759,72.001,27.336,-40.297,47.658,-23.466,-11.372,7.839,-1.805,3.175,-9.128,5.699
49.836,67.45,20.412,-0.769,20.259,-19.853,-7.579,-8.496,-6.814,2.663,-22.893,14.78
47.817,54.959,-3.259,-73.125,-0.645,-7.98,6.35,35.571,-5.965,14.189,21.334,15.214
50.349,91.372,36.321,-54.099,2.723,-27.858,-18.054,-10.932,-14.212,11.803,-1.91,-0.479
50.899,101.802,39.745,-6.146,3.414,-21.433,-22.793,-8.914,-12.848,1.53,-8.739,5.934
49.082,88.036,17.376,3.106,-12.059,-20.589,-31.435,-1.791,-12.403,10.434,-24.14,7.931
47.226,39.445,-35.602,36.174,18.564,-45.715,-36.072,14.973,-12.803,-5.056,-12.151,20.699
44.079,49.472,-31.273,-24.689,10.348,-24.519,-9.782,7.597,-1.643,-3.634,-5.215,12.411
44.626,46.394,-19.251,-14.019,25.995,-43.06,-17.536,6.224,-3.978,-5.616,15.99,10.372
45.453,48.651,-30.269,30.635,21.65,-37.821,-24.149,17.945,-10.305,-1.254,-3.423,13.11
43.914,7.049,-36.367,7.045,-3.447,-43.108,-14.78,1.375,-11.953,23.477,8.805,13.517
43.234,48.03,-24.453,-18.632,23.496,-40.099,-23.545,9.311,-16.772,-6.98,3.607,10.554
43.462,-9.831,-43.636,8.648,-4.773,-64.883,2.285,22.25,-11.725,6.894,-8.141,3.163
41.167,5.814,-42.462,7.235,-17.185,-44.849,-9.698,-5.715,-19.436,9.962,-10.37,2.286
43.167,16.655,16.157,-22.577,49.166,-36.661,-3.148,-0.369,-11.468,-1.005,6.602,10.981
43.46,-4.771,-46.573,44.982,-9.585,-66.84,-12.224,23.317,-5.672,14.399,-7.233,15.936
43.768,14.066,-56.913,24.919,-0.626,-40.898,-17.791,-1.934,-14.202,21.395,-10.663,21.493
42.451,58.419,-23.492,-32.085,18.429,-14.756,-15.278,-7.79,-15.477,0.972,9.929,12.731
43.487,20.271,-23.989,4.175,23.668,-45.434,-20.372,23.909,0.574,-10.795,-3.052,-1.701
44.067,50.643,-13.317,-41.458,19.89,-17.289,-12.506,-3.323,-14.114,12.014,-22.177,8.068
45.109,59.532,-51.004,-11.833,15.739,-50.74,-4.4,14.751,1.466,-23.463,1.943,1.098
44.064,41.493,-54.917,-2.296,8.913,-53.706,-4.059,38.289,-1.933,-10.646,-6.166,1.167
44.038,47.879,-23.288,-40.061,32.103,-14.413,-27.186,-10.54,-9.252,3.29,4.017,6.658
43.655,46.724,-32.095,6.052,38.482,-20.569,-36.502,8.919,-16.504,5.38,-19.922,11.685
45.468,17.4,-28.789,38.676,44.191,11.544,-25.317,2.741,-10.292,21.172,-1.472,7.106
43.17,142.429,-26.366,-47.227,34.19,8.397,-18.919,11.159,25.151,-32.181,-7.518,6.666
46.819,41.307,-20.452,45.565,35.191,-24.492,-33.102,-2.735,-23.393,-0.779,-20.796,8.243
45.361,-10.397,-26.798,-22.059,-3.432,-23.871,-8.551,11.608,-16.055,18.961,14.426,28.401
45.012,21.477,-58.983,39.22,8.984,-39.048,-9.164,7.597,-8.156,-19.708,-26.347,18.789
43.285,-27.725,-67.48,39.832,-1.472,-22.979,-20.188,9.82,-6.548,11.406,-10.314,20.858
40.919,-15.224,-80.651,63.085,-16.504,-28.078,-19.511,-5.804,-5.784,16.513,-11.342,12.419
48.729,61.745,-27.689,-30.527,17.203,-11.294,-3.051,29.859,-19.046,15.706,-0.567,9.207
49.737,86.428,27.839,-74.568,29.019,-0.02,15.761,-24.85,-0.403,50.444,-6.941,1.358
51.008,83.023,12.594,2.361,52.507,-22.138,-18.334,14.293,0.97,13.469,-20.575,7.076
48.988,116.213,14.519,-50.373,43.866,-3.919,-18.072,8.542,4.644,19.032,-34.245,-4.381
50.734,96.68,36.189,-43.419,27.286,-15.297,-16.294,-7.545,-18.094,20.637,-1.292,0.69
52.507,61.79,37.047,9.08,30.796,-37.58,-2.134,1.553,-20.047,10.497,-10.473,1.931
50.568,67.523,-9.359,17.047,22.756,-32.586,-17.543,40.211,4.982,3.008,-16.561,5.924
50.81,84.106,26.898,-25.274,32.873,9.819,5.014,-0.138,-12.061,37.563,-15.187,-9.889
50.835,90.702,5.215,24.119,34.625,-40.168,-22.427,44.027,3.33,4.967,-8.887,0.998
50.932,84.055,-14.695,18.907,41.443,-20.524,-11.341,30.947,-3.187,26.072,-13.395,8.95
50.817,73.51,39.353,-35.839,43.389,-11.191,-7.07,-8.392,-7.593,27.052,-9.42,-12.072
49.464,35.651,-16.045,33.007,6.231,-21.646,-17.752,30.495,-8.81,5.83,-12.487,4.257
46.419,94.422,-57.736,3.188,14.437,-68.099,-22.605,49.838,5.045,-7.89,-2.672,3.301
48.99,71.26,38.224,-86.882,30.08,-5.188,3.477,-4.165,-17.157,32.455,3.984,-4.222
50.412,73.119,21.153,13.19,25.659,-29.332,-15.459,28.925,-6.309,12.269,-30.177,-1.242
50.011,75.686,11.857,-7.849,31.588,-7.014,-21.371,21.742,-2.065,28.587,-21.885,3.202
49.437,68.851,29.669,-27.793,26.671,-16.882,-6.908,-6.498,-15.147,17.01,-4.35,8.673
51.744,67.767,59.436,-2.447,19.756,-24.21,-2.194,3.094,-9.937,3.04,-8.451,-27.397
51.425,48.735,49.691,-5.229,26.589,-34.189,-1.864,8.062,-11.711,2.908,-6.914,-4.329
49.967,54.878,1.887,-2.553,13.093,-23.016,-17.649,43.64,3.273,3.858,-24.82,1.04
48.984,80.349,17.942,-50.078,41.644,7.824,6.278,-9.066,-6.79,28.908,-21.89,-2.022
48.19,83.805,9.223,-29.375,41.684,8.475,-10.472,23.768,3.391,29.123,-21.741,2.246
49.611,73.473,12.078,-9.406,28.681,10.972,-9.62,5.616,-11.961,24.825,-26.577,8.52
44.867,40.654,-64.511,2.531,-6.242,-63.63,-13.448,26.781,-12.12,2.375,-7.719,13.136
49.201,52.235,13.517,-59.157,22.672,4.04,1.757,-0.035,-6.924,15.956,9.344,-12.19
50.074,74.405,7.008,-3.156,27.651,-34.12,-10.061,38.518,-18.973,2.25,-21.052,5.869
49.965,88.888,17.272,-36.637,19.665,-6.611,-2.233,-6.938,-1.535,17.065,-8.037,6.011
50.615,60.625,29.253,-19.789,17.775,-37.749,2.254,4.656,-9.877,3.437,3.996,6.004
50.918,34.861,24.289,14.096,24.216,-18.034,-6.034,0.321,0.226,2.578,-28.922,-5.393
45.198,59.693,6.675,-77.825,13.098,-27.259,2.206,16.253,3.433,16.852,-5.389,4.18
49.441,68.687,27.991,-41.137,33.811,-4.793,-1.783,-7.467,-12.036,15.905,-8.129,10.841
50.227,54.301,45.234,-22.017,25.105,-21.635,4.927,-0.671,-10.076,0.828,-1.497,-0.766
50.48,58.951,17.614,8.802,22.925,-19.024,-20.286,26.206,1.116,-3.175,-27.07,2.481
46.416,84.338,-32.267,-1.589,9.624,-48.225,-41.085,19.793,3.003,0.83,-6.105,5.419
49.335,55.203,0.198,28.26,29.978,-15.246,-25.72,31.267,-3.404,7.406,-32.064,3.063
49.678,72.306,31.088,-55.065,34.55,8.276,9.317,8.821,2.094,29.87,-8.559,-12.625
50.875,66.958,14.317,12.554,34.33,-24.932,-10.428,27.089,-2.102,4.521,-21.53,-0.369
48.217,109.988,0.918,-33.235,37.624,-9.264,-10.928,-15.858,3.517,34.038,-37.971,6.786
50.59,72.357,36.627,-17.586,19.407,-23.944,-5.63,-4.974,-3.221,12.252,8.686,-2.31
51.848,61.205,30.297,-20.156,39.948,-30.237,-3.772,11.858,-7.942,-5.373,-17.942,-5.662
50.602,106.348,3.471,15.188,16.769,-33.679,-21.932,43.764,8.969,7.843,-10.26,-2.049
50.867,72.012,5.964,-8.488,40.322,-6.51,-7.311,3.69,-10.21,21.242,-12.957,-3.464
48.295,72.478,17.911,-30.396,37.809,7.424,-6.756,4.484,2.005,33.841,-42.76,7.796
49.183,75.575,52.864,-62.393,31.679,9.46,-0.736,-5.65,-10.752,28.805,-18.278,-11.81
50.848,53.498,13.416,15.807,22.286,-21.881,-13.48,15.535,-5.891,-6.286,-32.767,4.952
46.348,18.435,-38.034,-56.691,4.992,-32.319,-11.834,-16.034,5.255,10.764,-9.952,15.149
51.641,73.568,25.932,-30.623,26.705,-6.536,1.769,14.129,-14.314,3.515,10.233,-1.62
51.878,64.569,38.251,-7.574,32.756,-36.796,-3.348,-11.281,-21.292,5.616,-0.891,8.343
49.625,72.718,1.599,5.099,19.638,-29.958,-16.608,15.956,-5.634,7.862,-14.944,5.05
47.509,96.256,-34.689,-7.225,23.174,-50.816,-44.703,15.411,19.036,6.65,-10.266,5.155
50.029,82.959,34.702,-55.248,16.875,6.117,3.753,-0.795,-9.354,14.048,-4.173,3.267
52.08,66.015,30.179,-9.243,31.497,-15.069,-0.195,10.763,-8.873,9.352,2.376,11.539
50.647,68.729,52.569,-1.577,45.628,-17.0,-8.098,-0.521,-13.885,10.418,-22.717,7.35
50.133,73.26,24.055,-21.143,30.694,2.375,-1.549,0.365,-14.169,12.348,-12.141,-5.487
46.114,113.771,-34.824,-6.199,13.103,-39.158,-17.062,33.789,-2.231,-1.636,4.595,6.651
43.392,121.414,-36.706,-17.769,16.598,-51.198,-19.7,8.295,-1.477,9.084,-8.783,-0.237
43.003,139.437,-31.228,-29.484,12.508,-36.964,-24.744,3.551,-0.688,-12.933,-4.605,8.321
45.77,121.74,-31.802,-27.557,5.922,-40.27,-24.584,26.27,14.438,-0.359,6.544,7.608
43.954,162.524,-21.918,-30.343,0.635,-31.198,-31.6,3.408,12.0,1.421,-5.306,15.158
46.291,150.331,-12.635,-39.218,6.895,-33.478,-24.633,23.353,7.558,26.984,3.92,5.44
44.288,155.951,-39.942,-23.012,-2.57,-32.923,-27.642,10.009,11.236,-6.54,-11.187,14.099
51.385,98.312,24.018,-48.943,30.467,2.725,-9.377,-5.488,-16.368,20.826,1.026,2.103
49.526,95.928,-5.989,20.834,32.028,-37.121,-11.178,33.218,9.103,6.117,-22.164,1.134
46.745,108.63,-26.596,-55.856,21.093,-24.324,-18.267,0.24,15.32,21.086,-13.612,-3.378
47.177,110.108,-29.088,-24.143,21.314,-28.036,-29.005,7.237,31.047,13.04,-11.747,-7.463
51.367,93.196,43.597,-42.017,30.518,19.387,9.849,-2.365,-15.393,10.02,-1.735,0.34
52.084,74.762,52.287,-3.541,33.082,-37.275,-3.982,17.059,-3.135,-1.953,-7.554,-3.401
50.002,92.774,-7.653,44.002,23.802,-41.665,-16.03,32.556,13.922,4.448,-17.679,-12.084
47.362,109.053,-28.283,-40.812,25.92,-18.516,-20.796,7.616,18.057,22.05,5.939,-1.681
46.987,145.536,-24.348,-33.367,26.813,-30.866,-25.525,-5.844,22.896,11.388,-14.907,7.762
47.041,119.855,-29.733,-26.789,21.346,-41.212,-28.575,4.728,4.835,22.034,-13.205,5.399
48.09,104.502,39.636,-97.935,25.247,-16.339,-18.582,-38.955,-0.891,24.101,-8.367,3.409
49.856,106.076,1.055,33.577,-1.037,-27.728,-26.324,28.2,3.9,-5.946,-19.157,0.393
47.894,103.933,-38.094,-29.523,26.0,-34.17,-19.752,13.329,22.833,18.747,-4.931,0.581
47.277,134.134,-34.89,-41.785,35.286,-27.322,-24.202,4.303,10.493,7.233,-2.905,-9.662
51.637,97.12,40.379,-30.776,26.296,3.969,5.574,5.251,-10.763,31.125,3.877,5.001
50.792,123.252,-18.181,28.627,28.485,-52.225,-22.566,33.953,6.637,3.933,-13.805,2.012
48.154,95.776,-40.896,-23.918,8.412,-51.756,-20.605,28.893,17.262,3.978,-1.529,-3.177
47.061,107.924,-44.638,-9.482,14.527,-19.225,-25.453,17.656,4.312,21.499,-13.71,7.312
47.507,72.868,-51.295,5.209,10.203,-25.658,-16.822,13.047,-2.021,17.914,-5.598,10.367
49.642,64.141,25.914,-58.93,22.917,6.837,4.645,-2.626,-9.354,40.733,-2.573,-4.754
51.627,91.077,15.8,3.188,40.936,-17.229,-20.047,38.742,8.458,12.89,-17.731,6.693
49.609,107.359,-0.849,-21.381,46.646,1.826,-16.244,2.077,1.513,28.186,-25.988,9.219
49.98,90.514,24.677,-56.154,33.221,-16.748,2.239,-8.611,-12.813,14.342,-1.05,-1.714
52.089,71.547,28.297,-22.617,22.115,-31.012,7.623,5.078,-5.15,1.605,-2.253,-1.517
50.85,64.353,-6.894,16.009,33.053,-38.633,-27.84,30.415,-4.707,10.173,-16.773,-1.339
50.695,91.306,8.918,-47.642,23.577,-6.36,3.264,12.409,-16.77,17.572,-9.153,-8.522
50.779,111.432,6.395,-4.603,42.748,-32.414,-6.541,36.891,-6.952,16.434,-25.078,-1.072
50.866,101.955,-9.811,21.25,28.174,-18.651,-27.831,25.323,-7.116,18.967,-11.258,-1.03
49.513,72.422,22.186,-40.651,23.428,-9.239,9.463,-29.682,-19.593,30.87,-10.948,-5.96
49.017,40.008,-14.881,26.255,9.322,-25.238,-5.392,20.119,-11.003,-2.596,-18.273,3.009
43.52,41.81,-30.767,-4.064,5.163,-11.897,-1.097,9.765,-6.452,13.629,-27.314,14.368
48.75,73.395,7.871,-70.708,25.195,14.385,-0.46,28.472,11.787,-1.195,0.445,6.343
49.9,98.066,5.449,-21.585,32.734,5.607,-18.298,27.329,-4.279,35.859,-30.17,2.815
50.132,90.839,22.749,-37.952,27.568,-18.093,-10.15,-27.831,-16.906,23.147,-4.001,-2.529
51.136,55.706,37.957,-37.833,31.218,-25.521,11.445,1.535,-12.127,-3.673,-4.368,-5.042
49.819,63.198,-10.748,27.738,26.017,-29.418,-18.164,21.133,-7.11,13.379,-29.763,2.291
47.729,63.15,29.099,-82.4,31.907,-8.315,7.246,-20.141,-3.408,10.106,-18.158,5.291
48.829,74.517,3.014,26.594,25.515,-38.781,-12.336,44.779,-6.926,-0.446,-18.053,4.278
49.384,80.775,-0.815,5.479,37.435,-17.831,-20.423,50.32,-4.623,12.977,-3.353,-1.37
49.603,81.845,8.563,-4.894,42.426,-4.378,0.147,4.935,-15.201,33.003,-34.8,3.149
44.979,18.671,-59.088,6.345,-4.485,-69.471,-12.798,34.282,-8.898,0.501,-15.564,4.147
48.397,64.584,8.914,-71.306,27.71,16.072,3.762,-2.98,-4.328,10.95,8.517,-11.039
49.548,88.464,11.243,19.591,22.091,-43.567,-20.33,36.656,5.832,1.726,-10.622,5.426
49.258,67.189,16.872,-30.931,19.692,-13.9,-7.24,-1.602,-10.905,17.407,-15.895,0.879
48.983,65.315,29.493,-32.735,18.294,-29.637,-9.266,1.697,-6.456,6.005,-2.011,2.61
49.629,44.37,26.835,32.241,26.6,-25.01,-12.689,6.075,-5.991,20.848,-37.129,1.555
46.994,71.818,-31.336,-28.797,9.44,-26.008,-13.953,46.533,9.168,13.498,12.368,-2.775
49.323,71.289,13.31,-35.199,30.324,-2.468,-5.119,-7.177,-11.628,27.11,-10.516,2.567
50.54,49.95,40.892,-12.681,31.69,-36.03,-4.197,7.899,-7.733,10.992,-5.861,-11.208
50.725,69.665,26.101,13.236,21.11,-11.316,-18.636,31.133,-7.587,5.239,-23.556,6.943
47.184,96.524,-30.405,-3.69,24.76,-44.19,-32.098,14.608,-6.741,-3.167,-0.957,9.59
48.046,68.688,-18.642,-12.101,26.831,-5.305,-21.129,20.772,-5.637,38.484,-19.765,8.702
50.096,64.542,23.6,-43.502,20.306,7.507,-2.817,3.927,-1.386,25.247,-8.255,-7.405
49.426,75.452,11.633,19.241,33.605,-18.86,-22.334,37.467,-9.429,0.061,-22.377,3.463
49.866,87.603,-7.368,7.339,41.5,-8.457,-24.15,42.146,-3.331,15.789,-12.611,-4.039
49.413,82.708,7.125,-27.173,30.673,-19.17,-12.873,-3.236,-30.037,13.673,-0.253,1.52
50.861,61.549,34.948,-7.064,42.859,-29.207,1.85,14.585,-5.877,14.336,-4.252,-16.616
50.904,77.764,36.125,-22.455,40.04,-22.801,3.883,15.301,-22.919,5.951,-4.804,5.738
50.752,95.675,-19.629,-8.572,21.106,-42.701,-24.466,27.957,5.654,4.724,-14.252,-7.448
50.222,89.958,2.903,-27.415,28.316,-10.431,-11.721,5.314,-2.124,18.333,-17.992,1.904
49.409,50.328,-11.748,3.882,31.12,-15.768,-13.372,20.509,-2.504,29.063,-21.954,4.621
48.943,53.443,24.181,-44.382,18.586,3.081,14.621,-27.363,-3.747,23.578,-16.5,3.061
48.095,64.908,-6.86,-4.622,11.306,-41.042,-22.601,54.063,18.543,-11.085,-13.347,-1.651
46.172,101.368,-46.105,4.646,16.893,-49.931,-41.45,32.935,2.324,3.572,-12.276,2.252
47.705,26.19,-22.797,-19.865,6.985,-38.759,0.087,14.913,0.895,12.402,-13.672,1.174
52.945,86.36,38.493,-39.503,35.484,-16.769,-16.115,2.381,-12.719,-2.776,1.434,-24.304
52.731,74.241,74.774,10.113,21.593,-22.43,-15.244,-1.619,-7.493,6.268,-14.715,-16.682
46.089,64.268,-44.158,104.307,-4.597,-39.654,-40.715,74.112,5.179,-17.809,-46.301,-3.777
37.014,153.109,58.664,-140.07,2.104,7.577,12.136,-54.485,-12.312,52.273,-30.401,5.758
45.601,82.356,-31.263,-27.288,22.686,-24.819,-13.787,8.25,-0.981,17.215,-13.123,13.941
45.195,75.687,-2.698,-17.513,14.518,-33.218,-24.655,4.551,-4.575,-5.362,-3.798,1.349
44.358,70.337,-5.582,-39.428,15.637,-17.121,-32.799,-1.009,6.262,4.852,-3.892,-5.479
43.591,50.32,-2.0,-29.315,3.963,-33.587,-20.806,8.519,4.506,19.285,-10.688,-7.921
43.738,73.662,-32.517,-40.22,22.839,-17.534,-14.551,4.859,13.96,6.434,-10.429,2.921
43.965,57.942,3.488,-31.512,42.68,-16.962,-20.489,19.495,8.767,25.198,-4.088,-5.474
45.629,52.343,-19.55,-6.681,19.226,-32.289,-4.686,7.077,-17.005,6.548,-2.759,2.267
45.987,34.426,4.311,-20.798,11.377,-12.318,-8.222,-2.197,-3.422,2.932,-5.585,-6.815
47.151,21.29,0.101,-20.725,6.178,-34.692,-10.726,0.828,1.999,-1.629,1.525,-12.497
46.196,50.11,40.546,-36.677,26.19,-18.83,-0.196,-2.644,-1.761,-6.477,-10.037,-21.999
49.542,68.889,52.188,-18.817,5.721,-9.624,-15.625,-12.57,3.786,1.825,4.401,-32.864
49.707,50.647,43.253,-9.318,19.44,-43.504,-31.857,8.04,17.555,6.673,1.143,-49.704
48.233,61.089,20.664,13.548,16.731,-24.005,-34.179,3.754,10.302,8.045,-29.192,-35.761
42.828,43.95,-5.296,-16.196,1.142,-36.748,-11.993,-5.261,-2.138,3.005,0.562,-5.658
46.92,60.744,24.795,-24.756,0.088,12.327,16.286,22.835,-23.864,-12.637,6.941,0.989
48.644,66.048,51.887,-25.501,9.532,-6.367,-10.386,-8.922,-10.787,-3.044,-15.295,-16.584
49.11,46.413,60.446,-6.083,16.725,-25.75,-19.158,-6.478,-22.656,2.63,-7.421,8.002
48.102,23.653,37.602,5.451,14.288,-25.102,-20.393,-6.274,-19.58,-7.618,-20.547,4.263
40.967,-11.765,-19.014,-32.181,19.047,-46.073,1.791,20.882,-5.372,1.049,2.915,12.231
41.601,28.588,-29.309,-1.429,15.13,-36.363,3.943,2.173,-4.263,4.019,1.071,10.181
46.599,44.967,20.982,-27.933,28.6,-2.308,2.492,14.333,-13.407,0.317,-29.259,5.065
46.55,46.454,38.73,-89.693,12.839,20.871,-1.356,-10.795,-12.813,18.061,-1.168,2.615
44.062,25.612,9.877,-2.367,15.071,-15.41,-13.395,-4.663,8.014,7.294,-26.779,-3.888
45.417,32.764,4.516,-22.54,18.134,-25.4,-5.469,12.817,-3.528,4.331,-30.604,-9.036
44.015,42.444,5.845,-51.63,4.201,0.354,3.683,-5.231,-11.083,20.904,-4.185,10.552
43.847,45.55,6.948,-24.514,20.815,-32.785,6.489,-9.558,-10.414,-0.784,-11.424,19.33
42.111,49.079,-30.142,-35.02,21.426,-33.961,-14.76,0.532,5.886,7.177,1.398,-8.769
47.995,39.598,11.919,-9.297,10.528,-10.453,4.003,7.245,-10.275,8.902,1.728,-7.676
46.47,9.511,23.921,-17.891,22.97,-35.558,-0.725,-10.328,0.016,12.446,-7.054,-5.38
45.522,27.186,17.314,-12.495,18.752,-44.854,-11.171,9.381,1.414,-9.206,3.891,-0.745
44.699,19.35,30.094,-21.821,20.789,-24.256,-17.672,0.05,-18.047,2.502,-14.996,-4.834
44.859,26.876,1.355,-21.729,16.72,-34.344,-13.543,-2.213,-13.505,-12.647,-4.004,-6.199
44.678,24.986,9.992,-27.207,24.475,-20.384,-10.918,9.547,-10.181,-2.889,-10.233,-5.339
44.667,24.562,1.62,-14.969,9.815,-33.825,-2.133,-4.238,-12.129,-5.686,-5.329,-3.421
44.249,37.683,-17.789,-4.828,25.697,-26.005,-15.476,-4.966,-8.824,-5.925,-14.482,1.874
43.447,56.1,-35.9,-23.8,27.478,-38.716,-13.27,-0.535,17.45,5.132,0.471,9.188
43.947,33.808,7.739,-23.851,21.995,-30.504,-16.472,15.748,-11.886,1.197,-3.807,7.07
43.8,41.406,6.859,-35.594,6.384,-34.024,0.997,-7.159,-12.705,5.979,3.14,23.612
45.831,29.51,3.603,-4.516,9.894,-14.928,-1.742,20.032,0.778,7.382,-22.884,-7.241
44.876,31.498,59.481,-8.288,28.006,-10.782,6.967,5.697,-4.539,9.111,-1.168,-20.882
46.105,52.832,-8.429,-7.02,18.983,-27.562,3.471,-1.992,-5.144,-6.784,-9.67,3.434
44.187,51.752,-12.109,-27.146,11.943,-32.036,-7.533,3.303,-3.558,2.338,-11.571,5.454
44.654,34.503,43.204,-23.126,25.096,-10.488,0.936,0.557,-2.484,18.857,-7.027,-20.747
46.173,23.343,3.2,-25.251,15.703,-28.913,-3.634,9.237,-6.408,-2.76,-11.958,0.584
45.353,45.155,29.358,-40.616,20.355,-30.098,0.442,-6.128,0.029,-4.461,-6.288,2.963
45.719,33.745,6.883,-8.939,27.641,-18.523,-12.436,-1.381,-0.963,-4.661,-16.522,-0.857
46.606,26.131,18.319,-13.834,21.613,-19.398,-7.453,2.376,-12.444,6.089,-2.647,2.686
44.627,61.33,35.342,-15.238,-2.707,-17.317,-16.441,7.668,-29.518,-6.526,-9.233,-5.899
45.336,45.604,33.223,-3.126,27.616,-39.984,23.295,10.635,-6.823,4.868,-7.902,-2.431
46.437,23.951,44.415,3.928,13.972,-27.8,-14.918,-3.02,-26.412,6.272,-2.87,-27.567
47.819,8.378,17.52,-19.56,22.187,-28.162,-6.763,-1.578,-12.539,-2.521,-1.68,-0.992
47.883,27.036,31.318,-7.017,28.11,-15.797,-21.801,5.36,-11.001,-5.545,1.808,-9.994
47.868,42.96,21.579,-23.903,24.406,-23.044,-11.258,-4.982,5.698,9.821,-17.106,-10.376
47.305,48.532,19.663,-16.04,29.462,-32.765,-3.295,-7.806,7.073,1.081,-6.727,-13.698
46.944,27.45,16.617,-6.623,19.0,-38.834,-10.013,-3.288,10.203,5.451,-1.972,-13.24
47.486,43.72,-1.688,-26.309,9.716,-36.89,1.637,16.221,-5.044,1.82,0.965,-13.508
47.449,37.469,23.665,-19.216,26.403,-21.263,-23.839,-4.92,3.853,2.257,-15.716,-14.02
47.442,13.807,7.457,-16.031,14.006,-9.059,-3.685,-11.41,-3.678,1.629,-15.16,-3.683
44.121,3.849,-30.718,-5.118,13.075,-28.671,-0.877,-7.061,5.835,-6.893,-12.704,-1.287
41.161,3.644,-47.624,15.495,-7.543,-35.154,-12.025,23.86,-8.527,5.285,-2.004,8.572
49.154,55.628,3.275,-42.672,16.513,-13.403,-2.372,20.689,1.131,-0.523,3.323,5.411
48.543,60.519,19.503,-39.802,21.558,-13.687,-0.552,-10.714,-6.656,18.399,-9.361,-6.677
49.227,56.243,40.193,-17.722,19.652,-33.776,-9.958,-1.86,-3.351,5.569,-4.141,-1.305
48.664,46.177,15.801,37.807,21.947,-26.294,-6.503,13.819,0.265,-8.472,-29.428,7.121
49.409,29.155,25.87,-52.73,0.031,-34.814,5.075,25.92,-13.32,-1.443,2.914,5.733
49.997,97.675,4.491,9.892,41.587,-34.462,-8.645,40.326,12.406,-0.6,-19.729,9.615
49.704,98.973,22.756,-38.921,34.063,-12.914,9.868,-16.296,-10.027,29.108,-4.725,7.816
50.098,75.443,36.743,-10.682,24.046,-31.27,9.959,8.273,-0.035,-2.382,-2.514,-1.73
47.777,58.954,-2.133,80.22,27.659,-9.356,-35.719,29.327,-8.58,0.506,-51.03,11.59
50.003,46.391,14.272,-69.814,19.922,-21.678,7.834,6.903,2.74,0.504,3.008,-2.792
50.538,73.455,2.623,10.824,17.815,-21.179,-20.407,33.34,-17.319,3.161,-21.714,6.674
50.385,72.091,13.621,-27.806,25.532,-10.439,0.63,-7.799,-15.618,23.369,6.562,8.53
50.504,49.39,5.64,23.138,12.521,-8.492,-12.982,11.693,-8.85,-7.517,-34.572,11.412
48.224,98.965,-51.816,-22.423,-0.367,-34.921,-21.911,46.433,4.249,4.066,20.202,5.439
46.219,154.4,-15.515,-53.807,-4.276,-20.522,-28.078,-11.554,1.618,16.846,-13.72,1.508
48.283,120.088,-44.677,-6.157,4.396,-46.033,-17.158,31.841,12.527,4.449,2.965,5.809
46.465,107.332,-16.197,-21.841,9.068,-26.131,-28.308,0.828,-5.171,14.802,-23.642,9.464
46.812,79.062,-27.297,20.333,19.26,-13.628,-37.526,21.838,-16.777,13.061,-3.489,16.41
46.693,23.353,-50.361,32.453,-3.559,-41.996,-38.575,23.657,-11.744,18.854,2.623,12.893
43.776,63.313,-58.217,11.724,-8.95,-21.382,-34.106,45.053,-7.144,30.163,12.449,6.482
43.16,31.95,-70.349,46.374,-14.532,-18.696,-20.144,28.619,-16.21,38.625,6.553,5.261
45.645,133.553,-19.08,-61.715,17.296,69.864,-15.903,82.339,-0.862,16.716,5.773,-7.539
47.153,106.481,-22.688,33.553,25.1,-7.133,-30.896,64.517,-11.953,53.986,-13.621,4.351
50.806,77.198,20.256,-55.433,27.108,27.644,3.618,9.785,-27.21,43.723,36.318,-7.178
51.633,36.149,22.637,-14.071,-0.219,-29.032,-14.542,3.0,-23.8,4.36,-8.042,-6.588
51.77,44.147,37.642,-22.814,-0.675,-33.628,-4.814,8.768,-9.125,-3.499,-10.736,-10.182
51.42,57.208,31.548,-10.903,-4.369,-23.921,4.788,-4.206,-19.753,1.854,-18.866,-5.403
50.78,56.157,32.241,-25.997,-0.506,-29.367,13.494,2.82,-16.282,0.991,-5.341,-5.589
51.298,45.38,24.413,-17.735,2.991,-33.508,-0.584,11.311,-18.518,0.03,-1.57,-2.66
50.869,67.689,61.885,-5.421,17.683,-24.357,-10.483,2.661,-12.562,9.845,-6.575,-1.623
51.279,68.615,12.696,-17.62,-4.022,-42.282,-4.671,9.637,-3.806,-3.087,-0.593,-7.597
48.888,111.578,-7.213,45.407,11.983,-38.461,-24.83,67.896,9.54,-20.855,-24.539,-2.417
39.589,162.976,121.354,2.339,67.656,-17.273,-13.746,-15.914,0.17,20.68,0.295,-7.93
40.868,106.884,98.984,19.978,84.713,-39.1,-8.795,5.652,13.563,20.662,-13.109,-21.815
39.903,62.42,157.356,11.869,109.739,-27.36,24.726,-25.881,19.365,24.481,-10.133,-30.227
41.548,46.498,164.152,58.239,116.309,-34.839,43.354,-3.969,28.411,18.726,-11.908,-37.289
40.873,75.396,161.373,12.152,105.309,-28.679,-12.557,28.201,22.234,14.153,21.848,-16.985
40.411,221.309,123.656,74.124,49.928,-50.455,-42.783,-13.523,21.856,2.253,-13.686,7.032
35.454,163.743,102.428,53.148,47.36,4.43,-14.49,-53.925,-9.617,23.168,-37.908,19.725
36.972,147.455,56.618,6.576,8.336,8.978,-5.109,6.66,21.202,22.564,21.847,-9.236
38.64,176.266,136.555,49.956,38.035,-29.933,-23.159,6.524,14.299,22.321,-10.098,-15.605
35.427,158.025,145.486,56.084,40.344,-9.125,-12.227,2.906,9.712,-17.131,-12.296,-4.379
29.812,104.744,140.038,57.652,48.315,-19.131,-16.18,20.684,4.862,-24.304,-24.855,-9.39
26.716,113.069,119.178,-31.464,68.364,-3.867,-30.175,37.23,4.887,1.074,-8.91,-12.303
27.007,140.647,132.153,20.068,51.57,-45.653,-27.377,41.709,1.53,-10.823,8.309,-11.399
28.329,144.872,103.206,69.505,72.383,-26.241,-4.566,-45.671,1.215,5.013,-17.391,4.545
22.889,90.176,113.383,25.187,47.207,-17.547,4.114,5.747,-28.862,-1.829,-21.916,-5.772
24.039,92.491,106.981,32.19,41.765,-2.007,14.307,-5.972,-37.588,5.609,-6.505,2.328
26.059,105.932,108.369,-9.075,55.314,8.858,28.636,-27.406,-14.98,-9.784,-24.622,4.223
30.184,81.171,120.872,-36.63,50.881,12.469,4.194,-12.807,-18.22,-11.583,-27.395,8.871
