0.0,171.13,9.469,-28.48,57.491,-50.067,14.833,5.359,-27.228,0.973,-10.64,-7.228
29.707,115.141,6.942,-281.113,51.624,39.655,-1.154,-45.552,-7.017,52.023,24.078,-6.242
49.146,18.496,94.065,11.953,37.967,-1.589,-35.311,-15.443,-23.861,-7.116,-5.415,-3.53
45.217,-32.176,25.373,45.167,34.17,26.494,-33.657,-0.207,-5.855,-21.945,-65.642,26.598
43.874,159.203,20.571,-43.105,33.12,29.226,-10.438,-65.613,22.009,29.84,-36.595,1.083
46.173,-32.444,-4.042,-37.879,48.172,-40.449,-44.991,-3.648,-12.216,3.342,7.864,-4.781
45.1,-50.111,26.285,46.479,23.144,-26.154,-10.407,-7.883,-36.911,-8.309,-36.341,10.577
43.321,-70.355,1.98,-95.989,14.94,-10.813,-52.863,23.438,12.765,-10.901,9.66,-16.836
47.036,27.711,-20.71,-56.743,10.334,-25.694,-65.612,-21.321,21.995,2.331,1.873,-12.349
48.056,-21.145,13.961,0.42,20.453,-24.478,-14.779,-17.379,-21.945,13.553,-27.392,-7.923
46.667,-21.488,6.533,23.945,6.575,16.113,-16.892,24.175,-9.594,-30.455,-53.914,-5.887
47.282,79.646,17.184,-101.871,-5.118,27.833,-42.478,5.835,2.147,-6.722,9.412,-21.691
50.23,82.519,7.937,10.271,7.597,-27.046,-58.391,-15.908,-15.687,13.413,-25.808,-18.68
50.395,62.432,42.832,-32.04,59.267,-1.29,24.236,-29.3,-24.776,37.939,4.491,-16.273
46.738,10.132,14.288,130.754,16.574,-16.19,7.601,-20.049,0.331,1.873,-82.701,8.342
36.57,-60.341,-30.674,-15.236,-0.28,-0.393,16.207,-1.954,27.881,3.537,-7.406,-16.289
37.336,-7.216,-28.98,-74.885,7.733,-51.882,1.673,23.78,25.494,-5.181,7.241,-12.242
36.114,-88.552,-9.227,45.673,-2.693,-83.439,6.344,-47.605,8.49,28.605,-36.418,-10.947
44.923,-43.439,60.281,-84.073,28.415,44.224,29.374,15.096,5.788,-0.15,-21.435,-9.986
44.162,-35.655,-17.526,66.208,3.987,-47.763,-23.474,-23.249,11.157,-19.763,-0.932,-12.384
42.79,82.576,-49.904,-66.191,95.1,-41.654,58.46,-4.781,-4.011,-42.47,10.549,-31.508
48.425,-21.808,50.141,12.192,38.169,-38.391,0.068,32.895,-1.037,1.432,-0.604,10.905
44.682,-54.545,23.989,3.619,23.357,-46.034,-4.34,2.505,-0.509,15.459,-9.224,-18.816
50.208,-24.386,52.914,-0.857,37.193,-34.221,-7.513,-15.048,22.841,9.301,-11.386,-27.06
50.152,2.748,42.026,18.887,10.068,-15.258,-22.511,15.738,5.262,-1.983,-24.366,-25.328
52.778,52.751,57.225,-6.175,23.42,-15.1,8.836,-12.126,6.56,-2.176,5.138,-8.419
50.519,8.719,39.206,59.367,49.254,-18.653,28.794,-7.1,26.904,-2.271,-43.973,20.166
49.747,15.229,61.845,-43.531,50.771,16.41,39.756,16.888,38.419,13.83,8.858,-11.654
46.135,-15.64,4.973,154.666,20.204,-19.159,37.035,-25.257,7.605,-8.581,-80.875,7.344
38.741,7.278,-24.588,-139.912,41.511,12.323,19.494,98.657,38.837,-40.774,-0.354,-8.811
46.055,46.494,-11.353,-57.918,87.744,18.577,20.14,-65.859,-21.63,30.758,-36.782,2.531
43.994,-27.479,9.915,-55.56,41.836,17.43,-27.9,-11.346,1.662,-0.383,7.754,4.513
47.952,-10.274,28.367,35.016,7.245,-5.001,-3.323,-15.152,-14.143,-9.573,-43.112,1.091
43.525,29.422,-41.345,-3.196,49.678,14.36,11.669,-72.861,34.591,-11.634,-17.032,16.44
42.668,-0.771,-31.54,-30.961,73.04,4.228,32.213,-72.296,4.795,-15.973,-24.465,-0.826
41.61,-110.144,-17.646,-37.073,-0.574,-33.224,-21.175,-12.971,5.495,-3.524,16.912,6.994
42.429,-42.045,-41.085,-0.052,10.826,-26.273,-29.177,0.916,15.006,-20.895,-11.043,9.023
35.509,-121.571,-6.59,18.228,-13.761,-76.93,35.228,-20.93,11.443,29.032,-20.525,9.289
35.712,-90.502,8.057,-24.373,-6.012,-7.266,14.887,8.525,26.371,-27.129,-8.709,-7.939
35.098,-77.401,-1.33,-12.802,7.955,-22.512,-31.755,-19.278,22.909,-7.049,-10.189,-19.762
36.756,-77.286,-6.527,11.877,14.137,-10.114,8.311,-31.279,24.041,3.394,-22.943,-7.947
38.43,-50.176,9.133,-29.074,15.978,-14.773,24.717,12.384,28.611,8.342,10.529,-9.168
38.816,-26.406,-21.155,11.529,34.073,-30.792,17.737,-29.242,28.698,-0.119,-40.062,11.599
45.616,-57.495,33.739,-6.484,42.77,50.392,23.457,-15.249,5.624,-0.557,6.64,-5.894
50.031,-7.319,82.534,3.193,54.844,2.848,18.306,11.497,17.283,-24.074,1.548,-10.842
47.716,-39.024,18.704,45.808,44.94,-43.116,0.689,-33.341,3.983,10.489,-36.18,18.594
47.481,-40.224,70.171,-52.985,52.408,-10.877,15.069,18.685,28.643,-6.998,-18.801,-20.106
47.872,-39.729,40.672,39.539,42.494,-9.732,-4.182,-5.03,-2.069,1.047,-50.758,-0.335
46.461,-17.571,45.614,-41.312,30.458,21.995,-13.264,43.673,16.363,-18.957,-8.791,6.146
45.774,-4.399,2.386,26.207,-4.282,-11.006,-29.87,-18.587,-8.613,-1.204,-7.939,-6.824
40.202,-43.99,21.398,16.978,1.38,-40.046,19.817,-18.657,18.086,30.206,-7.137,1.027
37.341,-36.374,8.566,-8.004,-24.407,-22.501,17.353,-4.344,26.618,-2.399,-11.058,-16.888
41.175,3.187,37.292,-43.852,-14.556,-17.839,16.59,20.052,26.187,13.85,-13.006,-8.132
40.268,3.063,14.659,6.302,-20.774,-37.748,14.695,-10.058,30.99,10.204,-23.061,-9.551
39.19,-13.311,22.421,-20.6,-9.66,-40.088,7.603,-7.415,30.037,15.074,-8.318,-15.521
41.969,-0.237,37.81,2.755,7.866,-20.921,12.993,-3.109,21.564,4.065,-13.739,-23.769
43.959,26.109,48.927,-42.797,24.025,-11.166,-18.249,-0.323,15.377,-4.847,2.997,-42.999
48.087,45.32,38.456,-15.099,21.746,4.602,-15.664,-50.237,4.722,5.682,-34.496,-28.131
44.548,-44.056,21.712,-28.604,31.463,10.592,-20.788,-0.707,-1.069,-11.835,-11.626,1.558
48.517,6.486,26.373,-54.267,30.038,0.781,-42.632,-9.078,20.207,6.196,8.657,-21.426
46.773,-14.622,2.588,58.564,61.802,-63.726,-21.33,18.116,18.094,39.026,-34.537,-26.956
43.997,52.482,-21.123,-108.865,63.063,-29.797,20.495,-40.008,6.035,9.308,-18.208,-17.22
47.345,152.717,-13.229,-43.898,1.046,-40.36,-23.975,-2.748,39.019,14.125,-11.24,-17.203
50.095,81.849,10.63,-55.544,-22.855,-25.023,-67.821,-8.747,-14.727,15.609,0.624,-33.331
50.522,82.628,8.813,15.718,7.584,-28.236,-46.523,11.419,-5.093,10.241,-33.19,-41.222
44.876,37.552,-13.59,10.44,40.443,23.079,-0.377,-36.171,-1.509,33.756,-88.569,-2.403
39.207,-33.197,-6.023,5.165,1.13,-12.704,6.757,-9.601,34.104,9.329,-14.829,-19.888
37.433,-15.664,-11.186,-40.281,21.777,-42.735,11.859,8.335,29.606,5.443,-2.439,2.826
37.84,-50.524,-12.121,-10.088,15.289,-28.103,18.91,-36.562,25.272,22.987,-31.231,-2.414
45.439,-23.95,48.774,-102.253,35.453,8.856,-6.642,41.004,22.505,6.995,-22.662,-11.076
44.85,154.323,-46.543,-44.553,52.189,-21.269,12.359,-36.263,30.595,-18.019,-10.66,-22.804
45.171,-88.808,68.63,-0.916,67.423,-29.918,0.278,5.714,-18.183,2.319,-1.922,20.972
44.791,-34.788,76.225,-11.548,4.924,-18.381,8.444,15.768,-27.221,-14.875,-6.546,4.5
44.331,-73.113,8.291,-67.828,14.204,-32.623,-23.885,-9.38,-12.265,10.389,-1.857,-12.124
48.415,-37.678,46.555,-1.65,41.945,-8.43,15.515,12.365,3.918,-5.765,-47.704,2.843
47.465,-5.095,7.89,-23.937,60.472,51.351,35.495,-4.816,-4.424,21.913,-4.579,-14.07
47.077,83.192,3.845,-69.747,69.875,2.157,45.703,-76.872,2.922,12.22,-4.249,-16.555
44.909,29.701,-2.261,-2.618,66.787,15.682,33.373,-46.879,-29.941,16.519,-83.26,-11.661
33.17,-84.712,-26.027,-32.647,-31.13,-14.363,28.789,-0.176,25.949,-7.885,-8.995,-1.703
40.363,-42.482,-9.075,-75.023,3.625,28.152,-1.231,-3.569,27.36,-0.187,-7.729,-19.017
49.771,-3.574,45.673,50.833,38.141,-29.804,16.437,50.715,-1.147,15.207,-36.433,-4.787
44.692,68.326,-31.011,-41.096,40.607,-20.949,17.036,-45.769,-17.987,16.165,-10.49,-9.421
46.372,-48.769,44.191,-12.972,17.351,-25.978,9.171,8.981,-17.261,42.897,-22.48,15.294
47.364,-64.009,76.773,-25.109,54.186,-23.592,4.791,5.752,17.8,0.341,-0.439,3.083
47.396,-27.427,50.301,44.402,61.874,-35.877,0.842,10.246,9.594,3.412,-19.888,-5.468
46.508,-28.388,18.5,-50.868,44.682,-32.443,-6.46,-13.63,12.067,1.745,-4.439,-7.144
44.289,-51.952,-16.173,83.136,40.562,-34.719,-15.502,8.48,19.301,8.685,-50.064,4.345
35.477,-79.225,-44.605,38.799,-7.947,-48.526,8.374,-33.357,16.547,18.517,-39.748,-2.769
32.123,-95.75,-38.195,-35.532,-13.213,-25.181,-0.657,3.938,30.179,-7.137,-18.508,-12.144
34.619,-72.409,-50.143,0.195,-21.371,12.062,1.49,-20.688,30.06,-11.933,-35.864,-16.19
32.486,-130.113,-15.309,-40.418,-1.806,21.743,41.141,-12.358,21.884,-25.273,-23.007,-3.69
36.71,-76.944,-21.659,32.47,-9.455,-11.964,22.892,-24.889,29.962,-7.68,-24.271,-3.127
42.01,-37.044,21.476,-149.242,19.045,15.361,-26.83,9.482,6.377,-9.945,22.484,-14.818
45.254,86.934,-76.984,-8.156,57.011,-25.178,-31.96,36.318,-8.518,12.738,-17.106,-7.166
45.97,67.374,8.682,-88.837,57.986,0.996,39.469,-82.019,-10.595,21.092,-26.172,-20.03
44.822,35.613,-12.498,-33.547,12.803,17.337,-11.732,-71.221,-8.007,14.165,-26.568,2.48
43.318,34.736,-41.923,-19.051,46.2,-20.965,31.193,-75.323,6.78,-18.302,-11.375,17.726
43.474,-81.207,4.071,-26.031,6.03,-36.882,-0.972,-25.246,-3.219,12.829,13.412,11.943
43.882,-69.955,1.203,19.364,30.71,-32.954,5.55,8.261,18.823,-6.931,-15.504,-1.081
38.924,-36.319,11.641,-8.098,-6.057,-51.863,15.454,-14.778,3.513,12.369,-13.158,-29.561
39.509,5.248,-14.807,-10.059,0.652,-1.062,18.323,-3.128,30.108,-37.501,-39.498,-20.557
37.2,-57.278,27.029,-3.653,-15.661,-55.791,9.415,-19.475,10.422,33.386,-14.257,-28.56
40.156,-11.347,21.891,-8.172,-5.051,-16.557,13.801,-19.716,25.521,4.602,-8.308,-28.948
40.428,-19.011,22.736,17.817,-5.587,-16.917,19.209,-33.779,31.555,5.896,-6.865,-29.317
39.918,-6.132,-10.34,29.987,-3.261,-52.86,14.165,-43.901,30.014,18.998,-5.6,-3.175
39.611,-2.452,8.511,12.954,-51.386,-36.095,9.504,-22.029,1.962,3.545,-23.194,-15.482
38.964,-45.41,-3.195,12.738,-17.677,-45.64,9.985,-13.251,28.144,16.896,-29.799,-12.042
36.354,-49.773,-29.832,-19.182,-29.475,-2.586,4.985,-11.704,30.038,-10.228,-17.07,-18.038
36.961,-48.317,0.447,-68.065,-27.875,-4.147,9.426,17.247,28.97,-6.34,-11.548,-13.724
49.001,8.348,35.219,-98.654,21.914,-5.779,-32.056,15.148,-10.528,10.522,17.428,10.447
53.131,89.503,5.287,-50.499,18.682,-10.492,-50.175,-3.906,-2.7,-10.63,9.206,-9.559
53.994,97.778,-3.459,-5.832,7.983,-20.691,-52.777,-30.608,-11.745,-6.415,-19.84,-7.099
54.13,67.773,33.485,10.421,-0.165,1.701,0.948,-34.225,-15.349,-14.668,4.826,-8.179
48.212,54.406,-15.884,6.816,51.244,-29.212,-9.315,31.849,14.43,6.52,10.268,-3.961
51.766,45.075,19.545,27.648,21.537,23.575,-15.285,-10.656,-8.042,15.801,-17.855,-11.044
46.795,54.096,-41.696,-4.679,7.072,-2.291,-4.789,-35.683,-0.969,19.82,-22.716,-14.464
47.181,-9.104,-4.134,-13.713,23.293,9.764,-12.367,-26.251,18.376,20.503,2.74,0.475
50.172,16.012,14.534,-6.945,38.255,-8.763,-33.813,0.608,14.375,-14.795,3.881,-15.674
51.466,35.869,3.85,-68.674,-10.805,0.342,-50.947,14.05,3.307,-14.938,10.218,-16.499
50.637,11.449,3.24,10.902,20.154,-16.757,-26.177,-17.411,12.585,17.358,-41.533,-7.413
47.188,-12.904,-17.075,-43.696,11.36,-9.464,-1.709,-1.402,11.157,-10.814,-16.357,1.796
42.902,-41.196,-43.935,-19.842,-31.813,-40.502,4.649,3.513,25.083,13.312,-4.66,-0.094
42.109,-10.481,-19.129,-7.91,-25.639,-14.947,4.587,-19.504,15.96,-0.848,-6.103,-18.788
43.159,-38.874,-29.643,-9.077,-32.28,-43.804,-1.897,-13.796,9.279,20.69,-11.006,-15.497
41.532,-27.405,-8.862,-0.381,-22.872,-38.575,-20.241,-12.768,-2.035,11.874,-8.43,-13.878
40.058,-20.322,10.662,-19.058,-9.2,-27.536,2.937,1.142,21.896,11.014,-12.345,-19.365
41.408,-11.432,12.795,-10.387,4.961,-12.858,4.907,-5.431,24.849,11.572,-15.451,-25.106
41.504,-5.418,11.437,-10.189,-1.766,-11.712,-6.179,-15.497,19.345,7.123,-5.795,-22.274
43.576,-37.49,-24.601,-17.349,-42.567,-32.537,-2.958,-2.479,10.086,18.431,-14.504,-25.84
43.217,-4.591,1.079,-6.393,-9.405,-33.915,8.059,5.921,33.749,2.325,-12.761,-14.887
44.482,4.597,0.301,-3.81,-6.527,-36.602,6.367,-12.413,22.298,16.71,-7.371,-4.204
45.141,10.843,-6.057,-8.223,-15.079,-29.56,1.918,-11.544,29.575,9.137,-14.373,-21.916
44.881,-17.358,-8.295,-8.38,-30.126,-51.935,-4.515,-6.446,17.082,20.873,-11.843,-26.435
48.577,81.92,-47.352,-72.589,15.212,-20.992,3.802,49.248,56.599,-30.09,-5.752,0.226
51.321,-10.268,10.528,-10.9,44.932,-23.933,11.216,-24.658,17.916,30.686,-7.684,-15.397
48.879,-38.412,12.228,35.593,17.031,-53.097,-12.73,31.617,-4.492,-0.39,-32.408,4.491
42.061,-2.97,-6.255,-9.897,-18.407,-6.487,3.45,-7.071,14.051,1.826,-3.343,-17.549
42.188,-24.807,-27.338,-20.14,-32.544,-12.19,12.527,-8.621,4.988,6.94,-11.495,-10.799
41.067,-9.658,-6.214,-24.689,-36.399,-51.608,-13.928,-2.128,-5.834,6.939,-7.68,-13.181
44.228,105.579,-55.206,-52.796,30.244,-20.201,-32.909,3.076,19.115,-21.605,4.483,3.654
45.568,134.887,-58.357,-56.803,26.985,-35.97,-35.184,27.031,24.779,-5.867,5.417,5.043
50.99,-7.791,23.618,3.88,56.276,-44.875,-0.42,-29.101,11.912,20.926,-11.33,-12.046
50.105,-23.293,45.038,11.572,29.792,-29.614,-11.042,33.334,-5.339,0.579,-24.074,2.646
46.69,-2.206,13.193,-98.171,36.844,-24.837,9.449,-34.047,12.99,7.692,-16.454,-5.562
51.266,-29.841,45.665,-16.883,37.641,-22.532,29.999,-1.488,27.672,-10.642,-11.926,-9.311
48.483,-45.832,39.617,3.341,24.614,-34.055,5.987,12.023,16.15,2.953,-21.245,-20.93
45.671,-27.328,5.118,-41.7,4.505,-13.007,4.459,-19.834,7.051,14.13,-29.25,2.526
43.001,-13.926,6.457,5.177,-1.879,-45.644,1.98,-9.172,21.981,7.05,-15.373,-14.587
43.261,-44.781,-6.314,-19.227,-22.752,-26.052,11.856,-9.0,13.555,10.1,-10.611,-15.707
43.404,-29.814,-15.618,-11.676,-27.936,-20.428,1.464,-13.522,12.0,0.085,-7.492,-23.577
42.417,-38.961,-28.779,-15.58,-49.913,-26.673,5.03,-13.329,6.345,2.699,-3.894,-13.43
43.092,-31.846,-9.497,-38.171,-33.229,-3.669,18.797,3.716,17.762,-12.121,-19.968,-15.623
42.774,-15.526,-6.512,4.185,-19.817,-29.335,2.337,-9.293,5.388,-0.179,-6.888,-11.633
43.31,-26.09,-14.555,-9.217,-4.827,-19.934,4.733,-5.561,16.561,14.967,2.475,-9.967
43.909,-5.3,-19.25,-46.265,-14.958,-2.55,1.461,3.188,16.66,1.167,-26.707,-2.018
43.661,-14.368,-19.678,-15.67,-22.925,-29.954,6.652,2.415,23.169,0.316,-5.983,-20.073
43.795,-36.462,-11.38,-9.94,-12.035,-29.368,7.267,-19.357,12.152,25.176,-9.778,-18.164
44.263,-27.046,-27.473,-42.38,-28.147,-39.271,-0.406,0.417,19.95,13.961,-11.071,-19.495
45.814,-47.328,-49.557,-54.592,-6.761,-22.904,-9.757,-22.264,-0.211,10.304,-14.636,19.241
50.01,-6.23,-13.758,-79.973,1.582,-7.693,-22.52,17.357,-5.545,-16.834,-2.418,17.162
52.558,28.818,8.299,-28.122,12.809,-8.691,-37.735,11.252,4.427,-15.236,-8.113,-9.069
53.852,111.627,-1.06,-29.67,10.771,-3.867,-48.322,-13.564,0.94,-24.941,-4.526,-4.404
52.26,31.445,14.004,-38.987,8.873,12.25,-6.466,-4.708,-13.069,-27.7,8.891,-1.221
51.674,-14.603,28.017,13.289,19.126,37.179,13.772,10.821,-5.241,-3.899,12.423,-20.574
53.715,63.8,38.594,18.856,-2.921,-16.954,-32.232,-1.867,-21.021,8.74,-6.54,-23.331
49.402,167.178,-26.162,-50.994,49.838,-42.784,-2.651,-9.826,35.61,-0.678,2.983,7.439
49.857,40.866,-13.866,36.855,13.176,-17.629,-36.824,-11.622,1.989,4.268,-36.111,1.699
49.53,-37.307,2.68,-19.735,38.59,2.217,-20.421,-0.343,20.448,-0.741,-8.128,19.926
51.81,40.272,8.504,-51.207,20.51,21.654,-15.354,3.208,22.077,-9.296,-17.01,-10.727
52.491,54.917,15.248,-41.34,-16.984,6.046,-45.186,5.485,-10.22,-15.774,-2.542,-19.073
51.202,-23.57,2.39,24.363,29.333,-41.97,1.193,6.869,24.439,14.248,-26.523,9.703
47.895,-9.235,-36.731,-44.252,-8.835,-36.94,-20.917,-1.488,1.488,-9.896,4.934,-11.656
49.214,-11.105,-18.866,-37.596,11.163,-38.755,-1.825,-18.068,8.77,22.146,-17.235,-3.566
48.985,-26.796,-19.346,-6.606,3.648,-49.595,-12.521,8.226,25.88,9.454,-10.749,-0.277
46.462,-17.758,-30.066,-0.695,8.713,-37.825,-3.726,7.383,20.063,-7.28,-5.186,6.468
43.01,-26.14,1.69,1.498,-8.131,-30.115,-0.074,-19.584,8.057,7.405,-0.7,-10.883
42.259,-28.406,2.643,-13.696,-16.172,-25.984,-9.999,-21.667,2.268,8.733,-1.086,-9.919
41.982,-27.638,7.222,-14.98,2.739,-25.4,-3.786,-5.64,18.182,5.581,-7.677,-9.461
43.454,-29.804,-19.667,-30.235,-14.194,-8.237,5.096,-5.71,20.14,11.771,0.826,-18.171
43.34,-4.974,-7.729,-20.246,-27.906,-34.668,-6.77,-9.92,5.186,0.887,-9.755,-3.849
43.814,-23.125,11.655,-23.509,-13.355,-19.565,12.564,0.977,16.545,16.559,-9.417,-26.087
43.115,22.589,1.533,-18.097,-8.122,-21.277,15.773,-7.476,24.754,-9.923,-6.228,4.331
43.647,-19.52,-19.186,-12.605,-30.248,-36.372,15.055,-1.599,6.081,22.262,-9.93,-1.395
43.666,12.67,0.398,-13.588,-14.732,-40.376,1.327,-6.13,25.44,11.843,-5.222,-18.139
43.285,6.767,28.229,-14.495,1.981,-28.064,-4.133,-9.892,15.751,0.856,-13.912,-16.258
44.689,-18.762,-4.033,-6.055,-29.566,-42.205,5.074,-11.77,10.445,26.205,-8.015,-23.221
48.313,62.802,-15.436,-76.03,9.151,-36.872,2.57,73.945,20.525,5.526,7.501,-0.766
50.309,-19.158,4.524,19.943,28.262,-26.823,-7.527,-3.405,2.383,17.523,-35.534,-9.192
42.75,-11.975,5.869,5.828,-26.902,-52.267,-1.358,-1.176,13.342,8.014,-10.796,-27.387
42.525,-22.551,-16.252,-37.608,-33.441,-22.267,2.066,6.556,13.523,10.531,-2.772,-19.047
44.558,126.861,-62.566,-42.571,30.925,-27.798,14.617,-12.839,12.256,-21.665,3.197,1.777
44.95,141.495,-65.376,-79.561,18.013,-34.479,-9.669,19.264,23.061,-12.906,-3.919,11.621
49.861,-3.762,-20.55,3.493,24.006,-0.032,-9.761,2.275,8.159,34.279,-26.712,-10.5
48.599,1.649,1.09,-65.242,31.552,5.614,17.376,-27.97,-4.104,41.551,-27.463,11.063
52.063,1.271,49.76,0.995,44.913,-30.579,26.785,1.499,17.893,-2.027,-8.144,-9.056
51.221,9.312,4.204,-2.811,10.764,-23.706,14.996,0.948,0.471,16.343,-28.002,0.423
47.413,9.01,-24.508,-11.072,9.913,-0.833,-4.968,-28.671,11.095,1.069,-22.041,-8.742
43.428,-7.671,-15.673,4.666,-22.906,-36.724,-11.476,-18.335,10.678,1.697,-1.111,-11.437
43.377,-11.644,-5.997,-20.887,-15.786,-22.788,7.659,-14.047,18.328,10.726,-8.354,-12.304
43.431,-7.886,-5.241,-19.382,-21.919,-44.456,-17.491,-5.585,6.754,4.889,-7.655,-4.261
42.051,-31.606,-24.153,-18.699,-40.864,-43.868,11.752,-14.191,17.363,12.023,-6.019,-5.478
43.88,-8.28,-13.937,-13.2,-33.208,-45.859,-2.065,-6.375,-0.166,9.813,-13.861,-13.861
42.54,-10.545,-1.51,-11.04,-17.171,-44.219,8.08,-7.345,9.655,9.588,-16.284,-21.904
43.868,-22.969,-26.238,-16.973,-43.614,-30.272,13.866,-18.695,-2.077,17.444,-0.969,-14.809
43.02,-22.718,-24.989,-30.53,-24.762,-26.065,13.441,1.527,12.897,-11.609,-9.489,5.577
43.8,-13.872,-18.344,-31.757,-21.379,-10.865,21.897,6.33,11.718,-0.463,-9.811,-2.124
43.283,-29.193,-25.853,-23.323,-21.288,-56.714,-1.655,-9.222,13.476,16.125,-15.037,-13.652
51.844,43.725,-20.285,25.36,-1.694,-29.856,-6.998,-25.134,-2.62,8.443,15.044,16.296
53.438,39.093,59.415,38.46,11.057,-40.948,23.388,-20.923,-25.508,20.041,-24.239,-7.414
49.174,36.835,-1.596,9.165,22.706,14.919,-12.751,12.154,13.055,-24.671,-40.773,10.049
47.285,145.929,-59.689,-55.8,77.904,-46.59,31.014,19.564,-5.451,-13.84,-8.301,-13.156
50.732,78.267,-49.633,-14.25,17.207,-4.089,1.339,-40.079,-11.517,38.36,-12.358,-6.146
50.046,54.62,-11.874,-70.159,36.48,-40.746,-58.971,55.054,25.9,5.904,5.785,-18.478
51.827,84.33,-23.178,-20.641,37.234,0.925,-15.938,-35.696,6.951,53.158,-38.856,-3.707
50.424,30.021,26.73,-71.089,16.46,54.732,34.574,-22.14,1.348,14.874,1.261,-28.333
54.264,31.652,26.336,14.33,-4.598,-21.455,42.137,-11.528,-4.84,-12.281,1.397,-17.116
53.844,12.826,14.759,19.651,13.407,-40.065,25.458,-5.051,7.44,-11.534,-25.061,12.695
54.336,26.251,22.924,-8.279,14.798,-52.671,9.378,5.869,-4.43,19.182,-2.289,-26.887
52.99,35.919,58.269,24.793,47.638,-52.325,15.541,-19.446,-5.353,9.383,1.366,-33.927
50.581,-19.083,-30.498,59.033,-20.865,-56.431,7.534,-7.327,-5.206,11.673,-58.749,3.862
48.277,60.65,-75.178,24.486,8.094,28.862,-0.472,23.882,18.091,-21.576,21.3,-8.864
46.753,-26.373,-52.796,42.792,-40.428,-70.872,-1.41,-43.737,-16.324,59.133,-28.637,-5.601
47.283,-5.054,-46.749,52.647,-43.213,-79.289,4.992,-58.6,-20.627,43.952,-35.482,9.365
46.353,-32.194,-35.106,-22.626,-5.245,51.769,10.097,-6.175,13.826,-22.929,-42.078,6.43
51.672,76.476,-28.982,13.716,10.065,48.836,-2.509,6.192,-11.415,35.15,-23.463,-15.313
49.598,80.422,-58.443,-24.023,-2.163,15.472,14.267,14.254,-4.659,3.293,9.347,-18.266
51.563,-7.215,-28.659,34.212,1.512,-52.52,32.021,-26.46,11.848,31.124,-15.627,19.383
50.905,-6.74,23.824,-29.521,2.686,-22.546,45.327,11.951,9.131,1.583,-12.414,21.267
49.618,80.312,6.164,-89.929,46.059,-31.248,52.304,-49.687,-42.254,0.23,-6.687,-7.057
52.443,-2.877,33.596,45.805,3.589,-10.31,32.528,-1.054,-14.378,-3.5,-15.788,0.273
52.347,21.911,32.796,-78.697,-14.859,-4.791,38.419,27.82,-9.642,-22.311,3.699,25.035
55.267,51.784,13.462,-1.008,-13.516,-35.458,20.904,7.538,-7.282,-9.891,-16.357,0.901
52.265,-2.053,3.08,-15.362,35.587,-17.131,21.005,2.365,23.409,10.342,-16.438,-32.046
52.082,7.999,18.486,-18.585,29.326,-42.119,4.098,-1.02,25.987,13.648,-9.921,-43.239
49.008,27.733,21.117,83.498,33.812,-54.037,-24.206,-13.518,-7.388,12.033,-33.947,-13.49
45.713,-33.097,-66.412,61.403,-45.195,-93.201,-6.185,-45.234,-19.507,31.511,-30.721,-2.582
46.019,60.302,-68.414,-20.391,2.833,32.318,-13.84,59.037,20.029,-34.958,9.249,-5.309
48.675,22.872,-5.418,49.277,12.219,67.101,37.357,-47.532,-10.859,34.567,-28.255,0.98
51.127,22.281,-21.52,19.513,21.119,26.382,39.099,-27.523,-17.45,46.689,-14.39,-1.079
52.156,34.8,-9.511,-18.741,-9.604,9.308,25.473,-54.017,1.815,20.389,30.642,-28.825
51.675,62.836,-4.981,-20.831,4.464,-5.07,23.515,3.247,-3.947,-5.309,-42.802,0.741
50.311,-0.16,-33.524,11.479,-3.018,-59.962,12.585,-28.03,-18.995,48.217,-35.906,-7.135
51.382,84.783,-31.312,-14.134,-15.399,4.767,0.572,-8.926,-4.588,18.093,2.757,-15.968
50.573,70.609,-61.788,18.528,-9.665,-30.109,-46.705,18.979,3.931,-29.017,-30.992,-0.348
46.184,-19.677,-73.736,66.872,-29.176,-95.772,-6.787,-39.517,-10.557,39.04,-27.572,-2.656
46.145,-19.079,-64.943,47.486,-56.109,-77.928,-18.468,-24.757,-4.922,22.152,-16.15,-10.165
43.641,4.244,-42.655,-100.657,-28.266,18.505,-7.028,66.941,14.205,-30.796,-52.005,7.986
46.844,-2.711,-62.252,47.064,-61.409,-87.425,-16.255,-34.478,-16.33,28.288,-28.099,-0.386
40.641,40.747,-51.874,117.975,1.84,5.265,13.623,-5.724,11.337,-40.685,17.521,-11.129
43.315,9.025,-32.508,-24.87,-5.364,109.336,28.738,-11.884,5.673,14.171,32.112,-23.078
46.797,70.721,-75.166,31.416,3.38,9.98,-26.472,45.495,15.656,-18.707,7.411,-10.735
50.059,-10.477,-42.251,47.283,3.716,-27.264,-4.798,-3.39,-11.655,44.622,21.038,2.024
50.913,3.66,-35.508,66.751,9.702,-14.243,1.106,-10.988,2.588,19.843,-33.383,-22.753
47.433,-5.974,-72.974,65.215,-46.378,-62.045,-11.237,-31.66,-10.688,9.416,-46.184,-2.893
50.654,79.256,-72.902,-36.797,0.707,10.176,-20.314,24.507,-4.991,11.144,7.043,-6.489
49.784,97.802,-97.143,4.142,-0.733,-39.196,4.65,-19.56,-24.98,9.643,-11.802,0.426
50.879,55.788,-31.097,-14.236,2.997,-0.229,16.253,-25.965,-9.339,18.026,-42.742,8.452
48.918,57.149,-65.347,-41.676,2.69,19.514,-39.88,32.354,6.566,-19.777,-11.367,-0.896
46.581,14.04,-80.315,39.825,-21.679,11.023,-4.358,-31.821,-13.236,20.978,16.216,-0.72
46.583,-13.602,-45.08,32.659,-59.701,-73.764,-7.351,-28.104,-14.028,20.587,-39.64,3.139
47.992,58.388,-100.642,20.761,-20.95,-39.892,-32.491,13.122,-0.854,-27.542,-37.719,10.805
45.709,-26.493,-59.451,58.52,-55.03,-85.008,-9.154,-44.885,-17.955,37.297,-24.872,-3.142
41.204,50.403,-64.965,135.948,11.716,17.262,14.539,-10.552,14.382,-52.295,11.769,-13.668
42.498,0.023,-37.789,-2.516,-7.848,111.882,34.222,-18.707,2.044,5.015,29.259,-23.53
47.582,97.86,-74.594,68.165,-13.849,-68.268,-45.709,32.863,-7.755,-19.711,-42.096,8.792
46.635,-8.54,-50.722,42.998,-55.451,-72.537,2.647,-21.532,-23.853,20.65,-4.834,0.097
46.569,16.163,-47.097,38.643,-44.779,-88.376,0.95,-43.29,-35.027,39.858,-42.362,8.107
50.531,34.92,-32.819,-30.859,-20.889,32.048,7.601,2.198,-0.092,-6.4,9.477,-13.274
53.925,32.268,17.001,-19.497,-10.561,14.298,18.517,7.583,-4.896,-4.953,-8.417,-16.724
52.324,9.048,-20.471,33.8,-5.933,-51.058,14.455,2.647,-5.96,20.002,-28.542,-13.074
49.738,54.342,-11.229,-37.753,-26.688,-33.018,19.863,5.141,-14.881,-0.273,0.425,-19.152
51.684,27.415,2.176,-13.575,-1.868,-10.076,35.109,-44.088,3.439,9.269,-24.065,-11.452
51.044,35.676,5.738,-7.701,29.81,-34.79,14.458,71.803,6.772,-3.091,-15.619,-12.285
52.605,26.623,3.287,7.385,36.605,-16.814,18.399,-3.707,14.363,5.461,-18.185,1.961
49.1,28.015,-19.385,-43.602,43.007,54.848,6.809,16.481,3.107,-6.966,-33.808,5.714
52.101,69.668,-14.63,-73.99,-6.827,39.661,13.656,0.212,8.331,-6.944,29.267,-36.458
51.928,55.753,-51.263,29.429,-27.119,-29.575,-33.725,19.6,-9.628,-13.689,-55.468,-25.786
52.582,76.795,3.366,-14.797,5.045,-7.475,14.013,-17.191,-8.072,25.113,-26.518,3.733
46.883,-7.114,-64.687,56.023,-43.876,-50.277,-4.919,-32.779,-18.757,22.93,13.833,-11.935
46.75,75.379,-80.021,50.076,10.255,-31.959,-23.228,42.145,13.625,-33.107,-20.164,8.729
45.882,-27.984,-59.049,66.33,-28.723,-80.168,5.802,-48.29,-14.18,35.586,-23.618,-2.161
46.939,28.233,-44.827,57.447,-40.55,-38.129,16.277,-50.815,-20.675,29.331,-0.856,8.165
45.922,-13.138,-74.667,50.959,-50.324,-54.032,-5.363,-38.012,-16.193,22.471,-4.723,-12.099
53.461,142.443,-26.456,-43.213,-19.634,-0.089,-4.339,-35.028,-1.78,31.839,-22.283,1.428
51.259,103.905,-69.929,1.471,-14.881,-4.504,-6.965,-16.969,-15.955,41.496,-34.985,5.93
50.806,153.543,-69.086,-70.299,9.534,-36.74,16.759,14.502,-11.27,-25.657,18.331,-11.747
51.774,-12.627,-7.645,-5.101,-5.652,-67.091,31.346,-21.885,-15.662,31.703,-25.18,26.113
51.052,-14.6,15.427,15.97,14.302,-17.957,43.339,17.098,-7.015,-5.894,-34.738,31.905
49.421,18.274,-1.524,-133.265,21.967,-20.342,-17.341,29.212,7.508,-17.919,8.973,-20.752
50.936,79.378,144.291,20.618,56.232,-11.413,-33.746,-28.94,-11.719,-19.734,-1.158,5.797
54.391,20.99,31.062,8.119,-9.196,-35.096,44.558,-0.523,-8.754,0.054,-19.655,-7.586
54.674,29.368,25.72,-18.257,-14.104,-42.499,27.344,8.2,-20.661,14.642,12.54,-23.318
55.257,32.915,21.704,5.651,5.616,-24.942,27.218,-3.22,-6.746,1.651,-4.881,-0.032
54.607,56.522,53.163,-11.169,6.597,-16.517,23.063,24.006,-7.343,-0.886,4.258,-16.7
49.532,3.147,-35.782,66.235,-6.073,-38.051,17.873,-4.889,0.495,16.446,-14.951,3.419
48.53,83.356,-68.632,33.384,8.666,-44.196,-24.082,29.919,9.822,-10.006,-9.689,11.836
50.277,63.289,-44.077,-21.612,2.671,-0.91,-25.187,27.18,-2.342,-12.267,-1.419,-2.841
51.29,39.151,-3.196,-61.074,-12.063,48.069,1.22,2.853,8.204,-37.572,-6.995,-22.862
50.674,33.955,-61.132,21.895,-34.182,-10.628,-11.808,-12.148,-12.031,-0.44,-22.992,-8.367
48.197,131.446,-112.221,-67.4,52.463,-64.006,15.849,6.166,-22.095,2.279,-8.593,-20.97
51.781,63.337,-33.352,-37.059,34.156,6.554,30.233,-34.858,-19.94,39.12,-41.35,5.324
52.23,89.1,-30.123,-21.348,-13.307,-7.79,3.861,-55.295,-14.388,32.623,-3.964,-11.412
52.448,-8.916,26.518,-3.259,9.825,-10.538,54.077,1.375,9.866,-16.118,-8.518,-13.092
49.656,95.163,-60.875,-27.471,32.867,-20.193,13.728,45.693,14.376,-33.617,-19.613,3.133
48.604,23.429,-52.523,87.738,21.501,12.491,-8.256,24.0,8.293,3.256,-34.73,-12.407
45.593,-7.003,-59.335,53.189,-36.076,-8.598,14.046,-38.936,-18.576,42.044,43.859,-5.655
46.16,-20.628,-67.435,55.393,-35.517,-52.604,-2.375,-51.918,-3.571,26.918,1.006,-16.694
48.191,43.219,-95.711,18.244,-1.248,-7.018,-19.234,25.692,16.11,-10.841,-7.868,-3.905
46.653,-0.627,-71.29,61.39,-44.724,-32.495,-4.169,-43.154,-4.601,13.006,6.634,-12.718
41.017,61.318,-61.55,120.688,5.061,15.31,16.527,-3.494,10.427,-62.46,22.328,-10.452
40.978,1.135,3.506,-65.222,7.923,114.905,32.849,-14.084,0.977,-0.336,-27.23,-18.766
47.568,74.841,-67.265,38.661,9.031,-22.736,-26.997,42.715,15.647,-18.531,-6.582,2.051
49.007,46.17,-16.379,-55.532,17.79,72.088,8.313,-1.48,-1.474,24.977,19.738,-18.953
50.82,47.3,-36.799,-22.572,-0.076,3.972,-16.42,-18.352,3.753,-7.183,19.364,-7.155
50.831,108.046,-77.956,-47.599,15.067,13.216,-13.292,29.788,-2.095,29.027,-31.176,-7.418
52.491,62.404,-31.93,-61.4,39.724,5.149,16.984,-32.763,-24.19,51.604,-15.605,-25.714
52.885,5.043,-0.154,-3.56,3.925,-62.0,10.157,-3.367,-5.481,21.705,-33.477,-28.091
50.311,52.025,-44.68,13.704,-23.892,-17.886,-6.973,-44.499,-12.876,52.436,-28.642,0.149
49.107,72.078,-60.173,-37.987,1.459,9.815,12.685,-65.604,-24.287,-2.496,-10.635,-14.909
50.051,16.017,-31.74,5.362,27.424,-0.867,-11.061,-0.268,6.782,-14.452,6.64,-10.918
46.619,-5.946,-60.634,46.671,-32.798,-49.724,-4.284,-31.094,-15.909,29.726,17.949,-11.275
46.551,53.26,-86.505,-27.028,-1.325,-1.641,12.797,-58.319,4.818,-18.339,-36.444,-3.512
46.005,22.608,-69.806,-57.633,-9.069,42.027,-7.501,50.917,21.694,-35.26,-35.249,-8.058
46.282,2.063,-74.426,44.649,-44.906,-29.506,1.295,-45.701,-10.483,24.529,17.669,-2.635
40.3,61.817,-58.277,135.294,20.02,-11.659,22.883,-19.054,-0.202,-45.663,33.217,-5.833
44.528,-5.988,-54.429,32.792,-21.05,69.674,18.587,-16.008,2.261,23.063,57.016,-19.194
44.797,37.272,-35.576,-32.706,-2.225,51.404,0.159,74.717,22.928,-36.838,-40.879,1.126
45.11,2.616,-73.046,71.335,-45.689,-42.489,-7.855,-33.845,-22.049,23.794,11.416,-8.178
44.982,17.682,-70.702,63.708,-32.597,-3.042,11.713,-47.368,-18.673,11.845,21.754,1.591
45.204,-7.735,-81.099,43.381,-40.958,12.664,4.347,-7.555,0.216,-0.102,51.345,-15.119
48.087,50.203,-48.922,-57.811,-8.442,41.986,-4.152,33.893,5.517,-3.169,-9.13,-5.264
52.764,28.341,0.297,-76.57,6.624,0.427,-17.177,2.364,2.459,-2.196,20.477,-9.158
56.112,101.559,-0.955,-63.922,-14.995,-49.725,-26.531,32.104,1.404,-10.499,-13.74,-14.629
56.519,107.067,-3.285,-20.898,-27.312,-43.582,-32.604,11.309,-11.688,-6.0,-1.74,-8.171
55.727,107.314,49.275,-10.96,15.442,-28.843,-2.394,-16.961,-19.415,9.918,-8.886,-20.039
55.005,26.768,25.244,14.458,-10.266,-49.385,34.758,6.463,-18.527,16.263,-27.658,4.736
52.338,80.497,-22.616,4.548,7.405,5.837,-16.37,40.774,0.535,-13.976,-2.445,-0.5
53.955,46.428,12.639,8.66,4.276,-6.7,-7.801,7.37,-14.597,32.861,-6.963,-13.714
50.693,90.541,22.347,-72.336,26.454,15.974,7.734,-39.918,-20.295,-14.688,-18.092,-24.631
51.855,73.022,-19.062,19.67,10.414,-24.372,-2.871,17.307,5.539,-8.807,9.736,0.926
52.868,32.073,-22.145,-17.916,7.606,-2.053,-2.616,-9.561,15.046,20.39,1.967,9.896
54.271,38.67,2.083,-21.5,-2.842,-24.173,-12.375,1.181,-4.012,1.544,-27.436,-15.4
54.955,87.079,-6.017,-52.274,-43.54,-22.379,-20.496,1.56,-4.609,-17.342,-12.842,-20.427
55.115,28.241,6.335,16.237,0.116,-25.696,12.852,-0.428,2.636,0.61,-17.419,-3.443
53.82,30.721,-3.804,-16.024,7.223,-36.418,-0.965,-23.333,-3.775,42.099,-0.994,-7.243
52.355,0.909,-6.689,11.524,7.399,-51.364,6.67,7.073,7.79,1.316,-11.401,11.899
51.631,65.921,-39.581,23.347,-8.551,-43.797,-16.527,22.278,5.315,3.553,15.862,-1.822
49.411,29.502,-36.273,0.33,-45.469,-71.011,-13.581,-1.478,-6.558,21.378,-14.897,-6.971
49.789,15.071,-31.835,3.117,-38.511,-75.674,-16.322,-6.258,-13.071,23.838,-15.165,-5.413
48.947,60.967,-8.412,-43.256,-12.755,-3.343,-6.833,43.529,2.704,-1.207,-18.227,2.798
50.3,43.514,-32.879,-4.876,-22.157,-60.049,-7.636,3.632,2.847,12.879,-18.616,-3.868
45.829,86.061,6.081,-20.763,17.775,-52.263,-43.083,-12.297,19.628,13.311,-2.106,-24.165
49.278,53.33,-24.085,-3.679,-18.514,6.358,-0.991,-23.764,-4.013,28.633,2.72,-15.823
50.432,65.269,-20.764,7.665,4.611,5.018,-8.868,26.368,19.906,-22.243,-13.936,-4.908
49.327,35.231,-18.392,-30.074,-24.135,-34.61,-5.01,-16.159,5.752,10.213,-2.545,-12.809
50.04,24.073,-32.117,0.391,-31.742,-69.797,-10.92,-16.339,2.246,25.621,-18.195,-7.834
49.63,15.044,-36.04,-11.423,-42.564,-88.461,-3.327,-14.351,-14.673,27.115,-18.799,-2.362
48.853,32.782,-20.783,-49.584,-17.847,-24.938,0.502,-4.044,17.143,-4.632,-25.221,-9.607
53.004,64.757,-29.961,-32.433,11.666,6.845,4.561,47.989,3.985,-12.539,4.854,8.207
53.692,100.674,-11.925,-62.799,44.133,-17.492,22.988,-49.974,-4.257,14.809,-13.479,-2.021
55.297,27.439,15.887,-13.229,8.44,-65.331,19.804,10.124,5.766,11.105,-24.913,3.09
51.577,43.02,-37.206,42.437,-16.672,-40.565,-21.199,5.866,-9.219,-8.083,-10.733,-1.443
48.815,19.263,-36.386,10.616,-28.392,-3.275,3.476,-18.296,-7.145,25.191,34.74,-11.959
48.526,22.539,-12.953,-91.619,-32.154,-20.514,5.922,-2.692,2.036,3.79,-11.123,3.372
51.832,119.538,-44.207,-68.431,16.379,-32.04,11.711,21.785,20.167,-24.661,-4.911,-7.494
53.43,109.848,-48.797,-5.639,19.184,-70.001,-27.898,51.443,-11.626,6.2,-10.176,11.008
52.106,76.838,5.282,-54.267,37.212,-5.106,29.276,-59.075,-21.963,72.142,-12.04,-3.954
53.212,9.206,73.606,-4.524,38.316,-34.516,4.976,22.503,-2.59,-10.039,-7.474,-2.103
54.093,36.57,13.137,-17.209,-23.244,-55.059,-9.007,2.928,-25.287,11.207,-4.006,-4.883
52.663,71.492,-25.562,30.13,-0.588,-26.203,-22.006,16.643,-2.667,-13.276,-5.263,3.399
52.177,33.928,11.941,-28.827,29.821,18.743,22.973,-15.698,0.791,27.734,-4.412,11.328
55.282,15.304,31.33,-0.38,19.384,-40.848,39.286,5.035,6.133,21.259,1.859,-2.649
53.827,-14.574,34.415,2.221,18.267,-38.777,44.882,-2.802,19.379,13.491,0.813,-23.066
55.244,15.626,1.381,22.686,20.33,-32.066,15.082,1.991,11.98,23.443,-9.205,-16.576
52.904,14.355,-13.969,-7.688,5.457,-12.689,13.553,-18.472,6.366,27.329,6.044,-18.414
50.458,25.082,-28.214,21.441,-14.039,-4.859,-17.789,24.647,10.107,-23.355,-24.516,-3.983
49.22,0.222,-31.434,1.269,-43.611,-81.939,-4.344,-11.626,-12.724,28.745,-16.861,-10.276
49.292,10.726,-40.082,9.041,-38.389,-36.63,-1.348,-14.605,-8.813,17.725,19.02,-15.003
50.972,48.439,-44.78,-1.632,-14.837,13.86,-3.33,34.255,8.435,-16.751,-7.211,0.021
49.752,16.807,-34.419,10.304,-32.568,-51.248,-1.676,-14.733,-5.077,29.255,1.282,-20.219
47.849,48.503,-15.994,12.667,-8.262,-30.834,-7.682,-19.002,7.95,1.6,10.579,-24.393
48.698,34.722,-20.577,-16.558,-18.38,-1.999,6.803,-9.943,-9.38,27.453,2.5,-6.793
50.558,54.715,-25.413,6.76,8.765,9.156,-5.349,24.92,19.214,-29.401,-16.647,-0.073
49.675,19.167,-5.829,-27.391,-25.785,-27.612,1.15,-3.661,-2.244,26.274,-10.306,-20.412
49.154,20.326,-46.465,-6.977,-25.124,-9.957,7.584,-18.647,7.068,-6.077,0.935,-14.657
49.593,37.832,-24.43,1.001,-26.44,-56.69,-0.614,-3.756,-0.041,17.088,-3.814,-16.592
52.038,57.655,-25.379,-21.42,-6.289,2.052,3.902,8.744,-1.637,-8.557,-2.082,-3.289
54.979,62.597,6.701,-44.409,17.746,-19.821,-4.297,3.882,-0.377,0.261,3.245,-17.67
55.741,105.265,14.009,-14.608,-18.088,-21.294,-31.503,-11.105,-20.889,-8.626,-9.231,-26.762
56.243,71.261,23.179,-6.547,-17.272,-13.909,-9.496,-5.669,-15.393,-16.054,2.749,-16.696
53.871,4.933,36.242,36.089,12.144,-25.574,31.226,-8.691,-19.501,2.762,-13.163,11.64
54.446,8.178,37.481,-28.183,-2.393,-44.257,21.01,17.367,-19.31,16.943,-9.28,-5.432
53.689,43.706,-21.19,16.653,-0.513,-61.682,-34.977,6.673,-13.141,-23.143,-26.523,8.491
54.273,35.906,5.8,2.587,-3.952,-13.462,-17.847,-8.927,-6.324,21.235,-2.167,-28.127
51.133,86.147,3.816,-45.252,34.222,5.145,-3.121,-78.949,0.219,-6.651,-6.986,-19.068
51.667,62.973,-17.067,5.01,3.416,-4.748,-6.101,25.803,5.919,-21.18,-0.207,-1.843
53.619,8.65,11.08,-7.329,29.265,-9.627,26.061,-9.173,1.499,36.014,21.822,13.904
54.294,16.487,18.889,-10.478,2.407,-34.652,-12.048,9.185,-12.82,26.966,-13.02,-17.296
54.74,76.276,-0.739,-39.367,-37.508,-38.299,-30.631,-0.951,6.377,-7.161,-6.273,-21.34
54.914,28.238,2.947,15.876,-10.211,-40.415,2.248,3.393,-6.751,-0.027,-32.871,0.441
52.997,26.12,-17.116,-17.422,-0.641,-29.288,9.861,-27.244,-1.333,15.601,17.701,-2.986
53.373,-7.766,26.528,-15.744,29.076,-44.433,27.993,11.429,19.16,6.718,-12.705,3.558
52.169,36.03,-30.618,37.73,-0.4,-64.309,-24.093,9.625,7.256,-12.353,-27.569,7.34
49.799,15.663,-30.658,10.212,-39.792,-79.773,-14.445,-1.479,-12.346,28.619,-9.611,-6.492
48.753,3.949,-43.371,-18.8,-50.689,-73.416,-21.662,-12.319,-7.408,19.451,-19.832,-10.297
48.068,41.523,-44.092,-48.008,-27.892,-30.048,-23.19,4.798,12.333,-5.772,-6.752,-18.516
50.594,76.037,-35.467,0.787,-3.305,10.712,-12.897,41.342,11.826,-17.952,-1.446,-4.529
50.33,46.969,-39.647,-19.447,-25.112,-66.427,-7.867,-10.459,-3.574,19.763,-21.597,-0.067
48.002,55.653,-27.623,11.932,-21.609,-28.411,-15.105,3.15,16.244,-5.679,16.378,-23.02
48.378,28.078,-12.676,-16.41,-15.695,17.495,4.895,-18.343,-1.644,3.919,-9.264,-8.942
49.395,63.898,4.057,-38.211,-5.177,1.445,-6.891,54.319,11.012,-10.586,-21.609,2.102
49.111,43.556,-17.755,-30.153,-28.524,-36.929,-3.743,4.971,0.922,11.745,-7.137,-7.619
50.01,29.826,-39.292,-5.218,-34.48,-63.891,-15.439,0.101,7.923,16.165,-26.214,-0.758
49.69,20.282,-40.62,9.018,-20.795,-13.51,6.155,-16.068,6.7,11.521,13.914,-17.863
51.92,60.68,-13.521,-61.955,6.522,1.752,-1.32,67.1,5.077,-3.069,-15.75,-0.543
53.179,69.986,-12.111,-41.497,26.663,-7.592,20.737,-55.164,-14.164,26.506,-29.301,-12.956
51.617,44.593,-44.915,41.893,-19.573,-60.424,-23.893,4.926,-2.074,-16.296,-29.15,-4.259
46.305,42.757,26.684,-66.757,-16.561,-10.573,-5.698,-17.51,-5.189,8.32,-27.19,-1.264
50.192,21.664,-37.306,-18.85,-43.041,-22.756,5.769,-21.528,-6.385,17.114,14.098,-24.227
51.216,116.931,-60.656,-62.772,6.93,-37.108,8.152,26.973,9.509,-34.049,-0.986,-6.648
52.8,132.171,-45.405,-12.072,33.287,-22.88,-16.263,38.775,-13.555,17.947,-11.172,1.436
54.005,1.466,4.708,-13.522,21.786,-48.111,21.215,-14.808,11.87,38.06,-15.941,-13.619
54.361,18.725,59.073,-9.893,40.702,-44.844,33.263,12.16,18.925,-1.36,-4.422,-13.286
54.331,21.555,20.018,-23.531,-17.336,-59.125,-3.732,14.68,-17.79,6.84,-12.688,-20.228
53.728,72.164,-4.915,7.152,1.755,-20.458,-17.951,7.257,-11.589,-8.766,-21.301,-1.649
54.067,27.196,-2.493,0.195,30.814,-10.719,17.913,-21.478,18.547,19.724,12.863,15.385
55.439,28.208,19.612,-10.426,25.733,-24.615,33.024,2.062,19.785,9.184,-5.443,2.794
55.283,35.836,10.768,7.524,10.562,-25.405,29.158,-6.527,7.169,8.413,0.656,-10.444
53.313,3.55,9.97,18.354,14.61,-21.212,21.44,-0.233,17.967,-5.624,-23.9,-12.665
52.115,28.232,-7.291,-38.336,-0.192,-10.272,19.839,-5.24,4.602,11.195,-24.211,-11.27
51.915,51.168,-44.339,-5.623,-17.865,-6.797,-4.299,12.3,-0.712,-7.761,-21.332,4.589
46.87,45.185,-11.449,-9.484,-24.411,-30.053,-20.056,-8.529,0.627,-0.815,-6.43,-12.821
48.997,29.931,-24.622,-5.675,-23.043,0.043,1.995,-14.834,-5.575,28.225,11.036,-13.245
49.465,17.446,-30.991,-16.473,-46.209,-74.703,-11.677,-5.7,-7.313,23.305,-22.669,0.693
50.506,50.419,-23.097,-32.904,-11.609,2.052,3.854,26.839,6.093,-3.27,-33.367,-6.516
51.727,1.85,-2.646,-21.446,6.404,-1.231,39.537,-7.308,22.961,14.876,-2.871,-22.591
51.357,7.103,25.654,7.486,32.855,-37.464,39.712,-0.962,12.92,-7.73,-2.508,-8.309
51.785,-21.852,-0.213,7.956,-2.265,-67.23,30.141,-16.109,6.471,35.351,-5.069,-10.435
51.789,4.937,36.744,-26.032,31.693,-19.127,33.039,34.437,29.228,-18.734,-19.304,-8.053
51.628,-2.489,4.231,1.998,4.447,-49.939,28.681,-15.857,18.274,29.404,0.464,-14.411
51.335,-1.93,-12.121,5.487,-12.277,-52.071,25.481,-13.438,8.757,13.428,6.889,-5.128
50.161,2.022,-30.861,13.585,-8.691,-25.692,16.096,-26.256,10.497,8.983,-1.89,-17.43
52.152,21.737,-29.669,-4.844,3.915,9.606,15.486,10.505,21.378,-22.81,-14.9,-2.195
52.79,51.14,-30.039,-44.663,-7.096,-19.988,-12.36,18.36,5.958,-4.552,19.797,-10.599
56.051,85.149,8.106,-59.275,8.536,-26.564,-0.736,36.108,13.014,6.748,-0.566,5.056
57.2,51.29,5.386,-25.933,17.656,-48.29,-7.146,-1.701,-10.648,9.207,-12.622,25.871
56.219,61.304,7.577,-2.707,31.139,-50.231,1.563,-0.71,14.274,2.944,-1.991,13.629
56.426,23.98,26.297,-16.662,21.22,-49.806,4.145,-16.863,5.09,22.194,-14.494,7.396
56.145,16.392,38.512,-7.052,34.197,-28.292,16.066,-2.234,-9.936,9.178,-22.166,6.523
55.596,-11.851,41.379,-1.043,27.738,-27.541,-10.282,13.153,9.644,-0.412,6.842,-9.002
56.899,44.556,15.815,-19.141,15.325,-34.65,-3.623,-9.382,5.712,-2.731,-8.085,14.042
56.225,18.224,19.167,11.952,14.525,-44.368,2.684,23.638,1.889,12.156,-15.338,15.091
55.626,-4.123,40.098,-13.614,40.772,-28.076,-15.814,-1.282,8.648,21.673,1.54,0.583
56.958,43.939,17.727,-8.141,46.445,-34.46,5.003,-13.209,-14.122,-0.341,-16.429,0.123
55.403,7.88,61.438,-7.847,30.029,-33.11,11.685,-3.704,3.319,-1.525,-0.065,5.6
56.291,14.727,11.209,-7.66,20.276,-40.308,2.91,1.83,4.144,-1.907,-1.135,5.264
55.598,18.173,0.314,-39.157,27.85,-50.608,11.296,5.084,-3.978,5.122,-18.885,-4.034
54.726,37.707,10.215,-16.231,12.632,-25.218,10.884,-4.335,-1.957,15.67,-15.759,1.436
53.894,11.753,31.61,-12.555,11.358,-36.919,18.406,-6.009,3.479,19.532,-3.369,7.689
55.627,42.857,2.815,-16.804,12.911,-28.961,2.739,5.375,2.946,-2.589,0.789,4.194
53.726,52.194,31.085,-17.376,15.619,-28.947,12.195,17.014,5.643,5.327,-7.256,-4.465
55.112,36.012,3.594,-13.253,2.989,-55.144,2.58,-0.886,6.123,16.849,-11.573,-9.22
54.303,34.359,11.821,-13.316,21.746,-42.389,1.608,2.381,4.627,0.338,-15.789,-14.599
54.95,25.635,19.51,-44.92,18.03,-24.118,-4.093,14.672,7.835,-0.558,-12.027,4.117
55.184,36.035,36.091,-42.621,19.914,-23.867,14.479,-14.706,0.01,-0.187,-14.132,3.069
56.271,13.498,29.399,-5.462,43.488,-22.878,8.852,-9.709,-10.343,15.443,-26.248,2.226
55.102,-9.852,30.417,-0.376,26.117,-46.122,2.593,14.579,-8.123,3.181,1.411,-8.445
57.079,45.787,8.585,-14.685,10.8,-32.948,-0.854,2.071,-4.236,-8.934,3.871,7.165
55.092,7.563,16.757,-8.75,9.529,-68.071,-1.276,6.403,-6.375,4.582,-3.554,2.703
54.28,-4.472,36.907,5.361,15.524,-46.852,-2.145,6.399,-4.917,-9.486,-3.646,2.525
56.152,57.637,12.713,-19.876,29.133,-17.557,15.486,-3.494,-9.808,-2.446,-11.773,7.504
54.444,-8.482,33.012,-4.837,5.205,-33.062,3.314,12.815,-17.267,16.942,-7.449,0.954
55.616,30.611,8.919,-15.407,5.63,-12.07,8.434,3.219,-2.443,0.565,-1.688,2.761
56.235,61.776,-1.89,-8.162,39.518,-33.808,-0.051,-2.329,-14.017,8.69,-11.676,0.023
54.128,35.449,21.979,-21.995,17.062,-27.735,-9.73,-9.004,4.525,10.646,-10.667,-2.825
55.09,43.392,-13.711,-14.572,-3.459,-46.685,-4.677,3.181,-4.782,-15.113,-9.633,-2.045
53.338,42.317,29.752,-23.082,0.898,-29.126,-2.344,-7.064,-2.247,-1.224,-3.921,-7.419
56.833,66.194,22.888,-8.013,17.319,-48.167,9.964,7.249,3.096,14.384,-3.943,4.338
55.956,54.297,-1.319,-18.3,16.409,-59.345,11.478,3.32,-5.952,-17.037,-6.784,13.066
55.269,64.12,27.472,-16.881,41.169,-37.194,13.804,6.537,3.529,-1.291,-15.14,6.769
54.321,63.722,15.338,-18.673,14.959,-43.001,18.143,11.201,0.803,9.475,9.696,-6.392
55.781,34.0,25.661,3.847,10.331,-48.531,9.029,-9.497,-12.113,14.896,-3.073,-2.626
55.758,44.889,42.826,-2.315,21.655,-34.977,11.294,18.919,-0.272,0.839,-3.55,8.433
54.266,17.814,20.87,-1.445,13.877,-40.693,0.622,-3.051,-3.025,11.274,5.729,-9.867
56.261,75.17,18.166,-5.003,21.02,-10.031,29.227,-20.716,12.615,6.297,0.255,4.53
55.294,23.787,51.996,-8.972,26.301,-29.934,9.991,-14.457,8.079,-4.941,-7.571,4.05
55.994,31.914,1.892,7.867,7.783,-55.028,10.965,10.025,4.666,-2.489,2.599,15.193
54.23,52.989,30.903,-16.81,8.844,-42.697,36.245,10.096,-4.498,15.773,-6.99,2.257
56.26,26.569,31.368,4.709,11.055,-52.971,15.236,-15.489,5.233,16.655,3.762,0.315
56.571,48.324,19.319,-9.189,14.63,-32.942,7.612,20.97,-1.09,-6.377,-3.126,13.874
55.311,41.024,33.187,-6.532,26.739,-37.419,-1.525,-3.876,-6.303,2.745,-4.715,-3.331
54.926,37.004,11.12,-11.635,8.083,-41.587,-5.491,-8.918,-1.773,9.777,4.95,-0.363
54.849,16.934,-2.066,-20.898,20.802,-40.095,-32.107,17.134,6.145,4.856,-6.15,-0.547
55.673,51.125,13.388,-20.268,19.379,-30.443,-2.11,-3.661,21.315,5.435,2.478,6.834
55.532,38.304,19.661,-18.214,20.495,-35.884,6.628,2.545,-5.294,16.977,-0.34,7.978
54.991,11.291,19.033,4.077,10.715,-39.552,1.802,-8.122,-13.3,29.152,0.189,-8.545
54.466,-14.067,40.031,-29.351,33.183,-23.32,-2.221,-14.197,9.68,2.773,-7.891,-9.282
56.213,30.424,15.978,-18.441,23.7,-28.066,-1.906,18.181,8.729,-12.722,4.503,6.265
55.435,6.761,14.843,-0.003,16.707,-38.421,-2.307,-19.767,-10.866,13.045,-5.565,-0.891
55.061,10.123,36.314,-21.588,31.178,-30.802,-16.086,9.708,-1.404,9.844,-10.888,7.931
56.466,78.061,23.473,-11.365,51.248,-34.225,10.707,1.276,-9.989,12.023,-17.131,7.149
55.955,15.311,14.174,-4.757,26.618,-35.421,-2.567,-4.27,-13.935,23.907,-6.981,-0.65
55.162,16.546,48.201,-23.424,26.748,-25.061,9.921,9.899,-2.748,10.236,-9.222,9.222
56.659,22.504,9.605,-22.81,25.99,-45.637,-7.608,-3.453,11.123,-5.111,-7.883,-11.99
56.919,18.11,20.654,2.889,37.658,-19.594,-7.616,-2.669,10.442,13.078,-27.021,-14.501
55.863,26.08,12.691,-10.97,30.443,-30.39,-6.925,6.131,24.394,3.513,-5.066,-21.512
56.728,29.532,40.183,-1.165,45.731,-31.112,-9.913,4.913,17.253,2.801,-15.372,-24.462
57.359,40.218,16.86,1.126,32.442,-39.048,-11.424,5.707,16.024,-3.2,11.188,-23.024
54.983,28.591,28.15,-20.849,30.483,-25.551,-15.222,26.033,14.235,16.859,-0.222,-18.561
55.805,54.102,9.342,-31.656,15.173,-46.735,-1.758,19.903,-5.796,9.546,-13.385,-9.564
57.231,29.531,35.296,-32.352,35.934,-19.007,14.529,-8.127,-7.111,16.774,-13.349,10.68
57.18,33.664,28.043,0.07,48.531,-40.525,-7.688,1.932,5.935,5.642,-15.498,14.127
56.713,15.168,24.128,-16.923,9.588,-41.114,8.107,-13.317,-7.158,18.893,-2.169,1.522
57.7,16.199,13.277,-18.674,18.284,-41.605,0.215,0.76,8.636,3.382,-7.818,14.588
57.886,60.478,5.354,-23.295,69.615,-28.952,3.941,35.75,-3.066,-20.337,-9.05,-3.622
57.279,54.039,10.524,1.063,58.91,-42.247,6.469,-8.626,-9.011,9.721,-8.104,-1.779
55.456,29.174,44.86,-2.12,29.519,-20.616,19.615,9.633,-5.201,18.94,5.678,8.408
57.752,10.983,16.762,8.387,27.133,-44.829,3.948,-9.621,1.998,16.28,-12.969,15.962
56.713,12.638,27.01,-15.776,9.642,-31.618,-5.919,6.013,-11.804,10.675,-4.725,0.917
56.344,46.526,3.935,-13.809,5.869,-24.012,-0.829,1.346,-5.578,18.312,-3.793,14.538
55.307,63.778,12.522,-20.108,6.872,-28.816,3.963,-15.387,-1.388,2.261,-20.879,5.326
57.226,28.071,19.698,-3.248,34.674,-21.72,15.5,0.001,11.375,13.898,11.069,1.168
56.94,-0.644,27.432,-20.981,32.648,-49.565,5.001,9.931,1.724,7.632,-19.568,9.15
57.913,27.018,13.076,-17.595,37.299,-66.647,-6.847,21.066,0.279,9.826,1.218,14.758
56.244,36.263,40.474,-3.012,49.798,-33.889,39.214,-8.982,1.741,22.881,-13.283,21.261
57.132,20.589,37.472,-1.118,38.227,-14.267,23.472,-3.525,16.056,-6.368,-4.328,13.653
56.625,17.0,21.652,-33.673,29.743,-15.643,4.936,21.886,0.272,-7.788,-7.541,6.408
57.438,51.349,28.515,-3.134,27.34,-43.808,-0.029,-8.666,-4.923,6.47,-19.794,2.077
56.049,51.937,29.357,-23.294,15.548,-43.564,19.227,22.639,1.836,10.02,-7.72,5.004
56.517,56.562,-12.731,-21.314,13.85,-60.219,-1.421,17.697,-8.234,1.217,-10.732,5.898
55.227,68.087,16.281,-18.785,39.456,-45.144,16.548,1.86,-1.393,1.569,-8.105,2.17
55.022,61.824,9.503,-29.502,-0.134,-47.395,23.312,26.134,-3.373,19.415,-4.33,7.069
57.938,99.253,28.993,-6.745,27.203,10.507,32.514,-11.397,13.785,-17.419,-20.586,10.262
58.305,60.81,40.859,-11.666,19.941,-26.325,31.286,10.923,16.448,-11.021,-13.379,8.689
57.489,38.471,10.443,-7.567,8.139,-36.157,-7.402,-13.653,-10.758,-8.179,-10.857,11.243
58.293,65.99,39.208,-11.126,53.085,-27.573,1.279,-11.227,18.526,4.371,-0.053,-4.299
57.575,57.562,35.062,10.774,19.403,-27.433,1.099,-24.5,3.845,6.114,-16.264,-22.341
58.492,58.247,46.172,-5.695,-22.201,-33.478,6.78,6.071,-19.27,-14.018,-14.378,-13.756
56.984,58.335,24.556,4.516,16.504,-57.41,-4.674,36.84,-22.6,18.574,-4.465,-11.23
57.05,77.387,41.176,-26.854,33.992,-18.145,32.081,-23.885,-29.24,20.198,-12.533,-4.704
58.121,37.834,65.627,8.617,9.039,-34.36,25.051,-5.764,-13.195,18.946,-7.914,5.83
58.875,56.804,69.869,-13.639,7.932,-43.333,5.236,6.435,-2.616,4.745,1.507,13.36
58.824,54.471,64.721,6.957,-16.139,-48.606,24.715,3.949,-26.177,-5.767,-3.038,29.206
58.761,44.222,49.131,-11.631,-3.525,-44.267,26.264,13.7,-9.393,-8.686,-9.145,16.694
58.659,38.78,67.249,0.672,1.739,-37.998,30.587,7.017,-33.334,-5.174,-0.918,21.266
58.883,37.445,84.394,8.05,4.996,-30.412,40.104,-4.042,-13.274,7.402,-8.921,15.776
59.212,37.775,64.517,-5.84,-3.487,-30.93,23.463,13.707,-16.318,3.737,-2.151,18.381
58.98,49.274,79.215,1.654,2.274,-38.119,36.34,-1.409,-8.753,10.814,-19.869,22.862
58.923,40.739,82.012,-6.846,7.438,-38.364,29.801,20.889,-0.402,11.097,-9.595,17.88
59.327,67.3,72.261,1.86,25.973,-33.676,34.56,-2.031,-6.051,4.709,-14.36,15.152
59.26,46.716,78.831,-3.544,30.519,-39.873,14.146,22.049,1.972,11.374,3.736,13.747
59.196,61.611,41.489,1.423,34.673,-36.581,9.773,-12.277,18.358,5.542,-0.241,12.382
58.135,67.015,13.639,-8.865,40.913,-30.897,-14.424,-0.252,18.924,-5.104,-16.075,-3.545
56.577,73.109,-6.32,-25.73,25.564,-35.46,-7.433,4.213,11.622,24.119,-19.361,2.12
56.378,83.187,4.066,-29.989,29.014,-42.287,-2.129,8.272,6.954,8.201,-14.033,-22.269
56.529,84.751,-6.809,-20.136,28.17,-43.799,1.017,-1.691,1.558,7.535,-10.216,-3.278
57.94,51.349,38.688,-14.629,35.494,-18.926,22.983,-8.179,3.074,27.255,-5.1,3.458
56.995,37.426,50.043,-30.441,20.693,-1.166,14.665,-5.4,1.708,21.249,-24.975,-3.784
58.922,54.943,33.426,-18.141,29.566,-4.283,19.596,8.757,3.092,-2.981,11.449,7.729
57.243,71.993,15.982,-1.087,60.626,-37.901,16.606,-12.788,-13.315,-7.502,-9.122,1.123
55.124,3.554,43.075,0.899,6.172,-17.714,19.684,13.738,-14.14,7.47,-7.629,6.539
58.545,44.572,54.827,-2.509,30.347,-9.607,31.094,13.229,7.005,14.73,15.093,5.367
58.397,49.446,61.422,4.279,48.866,-36.769,33.262,-2.797,16.418,8.12,-10.611,15.972
57.933,20.553,70.164,-1.416,2.477,-30.267,29.323,21.392,-29.996,-3.902,-3.624,4.145
58.218,55.292,31.023,-8.391,16.432,-3.071,28.043,1.77,5.849,10.672,7.92,11.107
55.174,48.837,-1.21,-21.475,8.16,-53.305,0.446,5.672,-7.364,0.601,-9.941,-3.446
58.927,41.03,51.198,10.459,34.695,-37.873,27.724,1.264,-5.208,15.206,-6.134,13.7
57.506,26.932,50.052,9.462,43.081,-42.632,33.172,4.016,4.128,8.474,-9.978,24.384
57.881,34.857,52.507,-14.484,21.195,-29.676,25.017,5.261,-0.357,7.797,4.194,-0.512
58.391,47.616,56.859,23.509,-1.584,-31.066,-21.403,-8.536,-27.367,2.744,-16.058,-11.815
56.601,29.684,50.69,-64.462,37.469,-21.064,17.825,10.607,0.066,-1.856,-13.37,8.584
58.497,63.574,33.559,4.075,41.118,-33.124,2.605,3.28,-4.307,-13.112,-4.966,14.574
59.128,74.433,8.76,11.681,14.599,-34.598,-2.284,-1.584,-26.902,-0.358,-19.123,-4.417
56.733,63.52,-2.712,6.419,48.539,-41.073,16.255,-25.676,-22.79,0.52,-13.101,3.489
59.367,35.064,53.413,16.067,25.27,-61.378,11.534,-1.162,-4.371,22.394,-7.101,15.604
57.498,17.058,69.795,-23.505,13.553,-3.18,9.318,16.103,-24.232,-9.539,17.815,-16.563
58.169,66.941,17.392,9.878,-10.866,-32.109,-16.96,24.847,-27.829,-17.092,-19.735,-3.259
56.611,68.683,46.602,-49.2,23.718,-29.481,23.996,-33.016,-14.228,12.691,-11.19,3.731
58.643,40.807,44.649,-9.019,12.93,-38.828,22.331,9.824,-19.172,-5.732,-19.425,-14.375
58.084,52.637,46.812,-2.406,32.224,-41.116,14.597,20.844,7.575,3.053,-12.995,-17.848
56.209,76.491,40.616,-17.857,41.903,-35.714,19.133,1.395,-12.809,10.184,-13.155,6.421
56.385,65.391,2.401,-11.296,9.064,-62.797,5.735,-1.147,-3.878,-4.204,-4.196,15.472
54.409,57.781,13.329,-17.099,2.9,-42.845,22.941,31.831,3.913,7.15,9.285,-3.545
57.243,84.611,48.602,-21.642,25.521,-6.817,36.508,-9.347,5.277,11.243,-13.491,0.179
58.09,48.547,20.185,-16.083,20.295,-41.175,-7.643,11.48,2.793,-6.547,3.24,5.387
57.117,30.439,34.104,5.063,28.066,-47.489,-7.008,-8.956,5.587,13.493,-7.983,-3.308
57.121,47.386,47.682,-35.876,50.311,-28.617,2.525,23.63,29.611,-7.31,-5.281,-25.816
58.439,69.493,30.535,7.771,10.197,-31.328,-2.107,18.168,-7.06,-7.859,-5.793,-7.144
57.951,58.629,57.707,7.271,6.389,-38.359,35.495,17.127,-18.879,-0.337,-0.928,5.55
57.894,57.301,73.994,2.051,-10.16,-35.836,47.288,12.67,-28.938,6.82,-8.947,12.207
58.757,79.819,42.578,23.963,14.747,-30.996,25.78,-25.516,14.715,18.609,-23.406,16.37
56.119,3.953,37.19,-1.35,40.063,-38.793,43.333,20.653,23.914,12.489,-4.732,28.544
57.148,30.924,36.073,-24.64,39.244,-32.06,39.957,13.137,26.888,-0.739,1.674,24.797
57.694,53.368,33.298,-16.177,22.368,-36.158,53.414,1.45,14.419,13.933,-11.708,20.924
58.003,22.061,53.408,-4.719,40.92,-40.43,49.67,9.798,17.87,9.52,-16.223,14.698
58.135,25.495,60.527,-8.396,37.958,-41.266,41.13,21.496,24.416,3.633,-5.14,21.586
58.413,30.331,43.605,2.141,42.994,-40.451,49.947,32.252,23.2,2.708,-5.694,29.829
57.56,32.956,51.34,-1.937,40.838,-45.488,55.149,-6.646,17.793,21.87,-8.47,20.16
58.01,28.584,47.607,-12.131,36.905,-34.984,42.066,31.399,19.843,-2.128,-6.617,27.975
58.44,15.954,40.657,2.316,25.642,-45.021,42.773,6.563,16.487,2.363,-2.325,25.957
57.882,20.636,41.018,7.155,39.385,-48.9,41.762,-2.309,22.483,4.195,-1.043,10.504
58.371,7.793,43.395,-6.832,36.857,-32.241,21.056,6.237,20.511,2.712,-9.927,4.75
57.598,30.572,41.695,-9.729,28.08,-39.198,23.247,21.701,10.202,6.819,-14.717,-3.359
57.059,41.476,8.836,-8.731,9.447,-46.162,-9.042,3.841,-2.232,6.083,-14.739,-10.265
56.746,56.554,21.395,-41.277,2.654,-26.309,-7.511,6.198,10.432,-20.303,-4.182,-19.608
57.635,91.8,-2.488,-32.396,20.501,-47.549,-21.462,14.181,1.897,-0.817,-2.781,-31.049
58.482,121.246,2.96,-25.82,29.966,-29.787,-36.203,-6.857,1.779,6.085,-10.15,-13.075
57.393,93.708,44.953,-20.995,30.757,-31.255,-1.201,0.516,1.904,7.365,-10.158,-21.632
56.94,64.863,44.641,-6.644,11.331,-56.119,33.87,4.966,-7.349,2.526,-14.147,2.307
56.097,43.509,17.901,9.025,12.407,-33.794,35.618,9.018,4.527,-2.552,-25.222,13.243
54.775,62.641,-3.474,-32.766,3.594,-1.412,-2.066,28.901,-11.569,-19.238,-14.103,-1.239
55.876,69.715,7.822,-18.383,7.319,0.881,13.617,-26.425,-6.177,11.673,-2.12,-18.406
55.206,69.277,41.027,-8.904,41.512,-34.651,-10.115,45.366,7.553,-13.091,-18.992,-20.835
55.383,53.757,4.839,-28.012,2.011,-31.863,-6.257,-14.062,-18.6,21.186,-29.76,-22.228
54.343,76.452,4.27,-20.428,9.23,-19.055,-11.695,35.655,4.172,-7.895,-4.883,-0.384
56.017,52.265,25.801,4.548,32.161,-40.379,13.606,-9.764,-5.793,42.171,-8.023,21.759
54.924,37.604,11.829,-36.4,8.616,-9.67,-1.383,12.168,5.362,1.071,-5.238,-13.785
55.539,91.281,-1.428,-45.692,-16.316,-10.732,-8.215,3.72,1.854,-3.201,4.477,-27.033
56.429,41.432,1.032,6.29,0.61,-48.234,2.298,-12.589,-5.011,1.842,-32.006,-3.284
55.483,36.616,-3.363,-10.36,9.184,-49.391,-7.22,-2.22,-3.158,22.034,1.031,-15.095
54.548,68.012,-27.156,-11.347,-13.315,-25.663,1.617,18.294,-9.307,-7.245,9.357,-3.26
53.22,67.636,-21.864,-21.165,-24.938,-52.861,-1.534,12.129,-13.305,3.613,-3.414,-9.019
52.511,47.01,-16.156,-20.138,-33.736,-62.894,-7.697,-1.158,-10.579,9.86,-5.854,-2.47
53.601,67.626,-12.946,-27.211,-11.489,-23.997,-2.177,25.588,-5.122,3.04,-25.524,-0.085
53.257,35.474,1.683,-14.679,-29.784,-49.443,3.995,-3.56,-1.183,13.005,-12.306,-7.653
54.047,122.315,1.845,-22.402,33.815,-38.675,-9.141,-5.484,-21.127,-23.569,1.597,-3.71
52.993,62.247,5.468,-6.395,-8.766,-32.187,-6.105,-11.155,-2.546,26.712,-4.97,-16.918
53.902,65.727,2.762,-18.147,25.874,-12.13,-8.675,30.354,6.067,-11.643,-5.452,-18.563
52.312,30.55,-5.986,-17.723,-29.453,-64.225,3.188,-1.419,-9.711,19.557,-13.837,-15.701
52.753,46.19,6.475,-36.178,-4.193,-34.622,3.971,24.733,7.256,3.281,-16.182,-22.143
53.007,68.956,-10.377,-12.546,-10.09,-41.55,6.863,-16.02,1.162,15.128,-5.991,-15.191
54.256,66.47,-6.724,-41.916,27.24,-17.426,-4.922,42.585,3.929,-1.013,-10.281,-13.396
56.079,35.257,28.685,-17.573,11.796,-40.433,21.66,-0.278,-4.006,21.965,-10.778,-13.654
56.471,70.573,18.059,-19.436,10.821,-47.999,20.038,45.935,12.658,-7.867,-23.827,-2.489
53.515,78.652,-8.617,-24.147,-20.179,-55.193,-1.345,12.824,-20.969,14.436,-7.346,-13.561
53.797,98.29,-15.708,-38.658,-14.118,-60.264,-4.751,52.814,-2.571,11.044,-8.276,-14.341
54.619,127.003,-35.076,-46.418,29.98,-21.528,7.022,11.684,-21.366,21.51,-29.249,0.637
55.258,58.942,2.54,-37.369,27.405,-19.479,23.858,-22.643,-12.439,44.556,-17.881,-3.963
56.939,73.096,59.566,4.468,61.108,-28.702,38.631,9.941,-0.537,-8.395,2.398,-5.132
56.061,59.175,41.32,-3.675,25.187,-33.853,-26.328,16.228,-11.063,14.978,-14.17,-3.842
54.481,45.527,19.887,-7.839,39.482,-14.954,7.312,-37.251,-9.065,33.248,-10.78,-2.948
55.652,28.229,25.087,-10.716,17.336,-27.472,27.491,-5.352,14.974,5.631,-3.37,-9.769
56.608,41.583,7.616,6.47,8.065,-41.15,11.575,0.128,1.869,8.195,-11.397,-3.447
55.26,28.808,0.582,-21.174,11.603,-19.509,3.075,-0.516,4.065,9.64,1.737,-15.555
55.346,71.712,-24.4,-8.218,-4.94,-39.406,-0.804,5.088,-0.928,-8.52,9.523,-3.408
53.608,64.885,-16.196,-13.109,-23.398,-38.362,8.394,0.754,-22.028,3.392,3.23,-7.548
53.422,60.628,-15.708,-28.641,-10.27,-18.547,-3.161,29.417,-8.322,-4.94,-14.22,-5.139
53.035,35.732,-1.233,-26.59,-35.824,-57.044,2.909,-2.581,-7.071,14.073,-18.812,-15.158
53.467,100.609,16.237,-25.455,30.396,-28.593,-6.639,8.267,-4.167,-28.092,3.092,-31.01
53.239,43.255,-9.348,-14.384,-24.916,-68.772,-11.121,5.06,-3.38,24.418,-0.188,-12.914
54.175,72.581,-2.221,-10.07,13.849,-14.57,-17.143,21.291,0.411,-17.522,0.356,-5.542
52.855,43.814,-3.889,-12.357,-17.318,-53.633,-7.851,-4.788,-8.766,24.36,-0.452,-21.198
53.856,49.817,-15.455,-37.979,-0.829,-61.751,-1.236,7.748,-1.732,24.603,-18.548,-28.929
53.846,39.191,-6.371,-19.985,11.267,-40.327,8.188,-12.411,-3.017,13.148,-23.025,-31.906
54.039,57.778,-0.196,-47.647,-8.264,-21.426,0.628,23.499,-1.055,-4.265,-9.982,-9.772
56.006,40.13,12.468,-60.441,4.677,-27.107,-11.989,0.046,-4.989,-0.109,-5.121,-17.069
56.899,69.901,38.145,-20.009,-3.934,-30.436,-18.749,17.321,-6.911,1.198,-5.576,-44.696
57.532,79.019,20.246,-6.346,-18.585,-27.234,-7.69,-0.393,-14.636,4.498,-8.36,-6.771
56.797,42.548,43.55,0.195,1.677,-42.113,40.171,1.808,-6.006,6.766,-4.849,1.254
57.519,66.683,9.342,-0.169,17.234,-45.485,-0.582,29.592,6.124,-5.48,-21.407,10.837
55.807,64.987,27.909,-25.708,10.341,-10.244,-12.863,25.078,-12.522,19.304,11.863,-26.735
56.255,42.826,21.496,-7.071,4.17,-31.619,-6.038,-3.161,-4.687,16.741,-21.588,-21.783
54.718,65.825,-6.298,-19.97,12.083,-52.962,-20.537,13.94,1.012,-15.746,-11.207,-2.249
54.569,46.081,25.425,-16.473,36.813,-5.338,10.219,-17.882,-3.097,6.942,-25.05,21.126
56.166,40.705,24.563,-11.294,0.273,-43.23,-9.077,-2.654,-1.315,4.596,-7.267,-36.866
56.143,71.75,6.242,-12.489,-31.413,-30.81,-17.88,3.437,-16.426,-7.024,4.993,-22.532
55.628,63.92,19.826,-8.87,-9.498,-17.284,2.574,-33.845,-13.214,10.356,-28.671,-21.741
55.881,43.903,24.924,-18.262,-2.815,-39.024,10.64,-0.096,-10.012,11.476,6.685,-11.998
55.402,45.493,40.101,-17.378,37.964,-36.177,15.459,-0.439,16.246,9.827,-13.053,8.99
55.243,61.768,14.283,-11.354,17.102,-25.075,5.448,20.182,5.349,-5.704,-8.23,9.375
53.559,61.525,9.468,-10.799,-1.07,-23.344,22.917,11.31,-7.653,1.516,7.34,10.301
53.442,56.405,6.605,-18.252,-16.966,-49.169,22.222,1.501,1.157,18.901,-12.563,-0.061
54.632,55.351,2.602,-28.581,-1.06,-25.891,22.065,14.124,4.36,-5.538,-0.483,5.434
54.523,68.284,23.829,-21.9,10.214,-37.679,18.574,15.071,9.991,18.711,-2.922,-5.838
54.501,86.051,33.481,-5.769,20.791,-28.143,11.28,-16.53,11.843,26.864,-10.677,9.022
55.031,72.581,7.519,-11.427,11.845,-27.353,3.141,0.493,1.755,5.92,-1.901,5.243
54.253,47.593,-1.056,-15.467,-1.672,-59.664,18.031,11.352,13.462,26.744,-17.959,3.429
54.154,42.957,2.361,-4.744,5.448,-45.973,17.585,12.044,11.256,14.544,-13.34,-2.608
54.38,72.335,-16.235,-35.433,8.013,-15.853,-3.486,50.889,-11.12,6.254,-0.233,0.532
54.333,82.912,11.329,-36.594,30.556,-28.245,34.037,-55.482,-19.471,23.03,-14.207,-19.749
55.676,36.628,18.781,1.001,2.323,-54.266,13.808,38.628,10.792,6.262,-22.751,-7.395
53.14,63.472,-23.875,-24.611,-24.525,-52.987,-0.624,14.267,-11.621,12.376,-1.927,-7.781
54.939,123.871,-27.302,-35.769,13.704,-40.694,6.903,31.149,1.497,-17.14,-6.482,-4.107
55.442,101.088,-39.559,-30.847,5.231,-70.936,-15.136,47.391,-8.361,-4.674,-12.48,15.491
55.501,57.16,12.707,-26.613,23.479,-14.938,25.147,-32.663,-17.874,48.596,-14.213,-12.103
56.295,60.519,55.498,-4.381,48.449,-38.91,17.781,11.021,6.57,-6.563,-10.402,-10.733
55.205,69.306,-5.506,14.511,7.654,-34.07,-22.987,30.876,0.463,-12.171,-2.225,-10.5
55.486,32.225,12.679,-0.706,35.324,-22.922,15.903,-16.576,12.631,33.365,-2.247,-3.262
55.59,34.851,26.795,-34.322,27.758,-24.743,31.271,-3.99,21.195,10.847,-11.965,-9.978
55.963,40.242,44.46,-5.4,28.406,-29.66,34.739,2.944,11.927,19.084,-24.069,-10.0
54.577,37.592,18.263,-37.391,18.914,-17.014,-0.031,-9.938,22.471,-1.283,-8.163,-23.378
54.474,51.551,-14.084,-4.603,-4.297,-25.543,-6.878,25.8,11.91,-11.383,0.99,-7.286
52.345,71.958,-5.74,-36.945,-28.992,-23.168,5.961,8.713,-18.711,1.689,-14.133,2.909
52.598,60.214,-15.443,-29.338,-13.53,-35.068,5.83,-7.297,-7.77,5.049,-15.03,-9.374
52.416,65.333,-5.264,-33.643,-16.657,-26.11,1.84,13.858,-8.416,3.289,-14.128,3.316
52.222,41.41,-16.212,-18.978,-6.247,-21.959,11.339,-15.838,-4.476,18.568,-8.88,-19.747
53.003,97.807,-6.117,-27.496,15.815,-24.582,11.187,-26.236,-12.117,-7.701,-11.578,-9.082
53.189,54.017,1.611,-20.254,8.727,-15.952,-4.555,16.899,-1.071,-9.134,-4.367,-6.642
52.32,29.864,-15.714,-17.867,-25.383,-70.576,-6.312,-11.757,-7.949,9.857,-14.72,-18.63
53.317,57.98,-21.568,-28.463,-7.449,-48.195,-9.148,-5.801,-5.334,19.904,-4.023,-24.897
53.583,12.843,-6.066,-8.451,-3.449,-69.091,18.992,-8.795,-1.552,30.744,-20.692,-1.41
54.193,46.109,-0.347,-38.302,5.649,-18.873,9.785,27.029,5.998,-7.88,-13.688,-2.273
53.147,36.403,-4.047,4.317,15.01,-40.375,9.5,-7.479,6.791,13.27,-10.973,-18.793
49.569,4.103,-11.961,33.3,-28.888,-57.79,-1.478,-16.175,-2.13,13.419,-32.044,-22.579
47.53,36.044,8.711,-6.99,-44.79,-38.768,9.106,-17.052,-23.814,24.254,-22.76,-16.146
50.528,58.475,-38.477,6.089,-20.253,21.072,0.896,17.592,-3.889,-23.344,13.622,-18.688
45.014,-4.36,-26.692,26.172,-39.839,-71.618,0.438,-46.798,-20.938,47.024,-42.945,-13.762
49.049,36.833,-39.312,30.4,-72.038,-79.295,-15.836,-15.068,-23.686,23.293,-21.246,4.354
47.34,6.449,-47.245,40.426,-47.691,0.881,2.911,-10.15,1.499,5.314,19.581,-20.006
48.973,48.885,-54.415,-10.715,-9.129,55.545,3.695,28.54,8.564,-35.142,12.472,-9.722
48.505,21.659,-20.103,31.722,-58.414,-72.668,-11.913,-5.703,-18.392,28.947,-8.671,-20.914
45.956,60.899,-9.408,64.62,-16.779,-9.59,10.935,-35.751,1.569,-10.949,26.13,-12.202
48.951,27.664,-21.206,14.832,-71.089,-56.387,-16.12,-13.729,-26.715,22.374,-9.401,-18.686
49.532,76.549,-52.205,42.202,-10.495,-71.619,-43.73,5.444,-11.76,-24.98,-35.221,4.808
46.861,-22.045,-41.542,41.842,-51.695,-71.949,-2.804,-38.956,-20.867,32.758,-27.716,-6.427
46.844,26.021,-35.594,17.198,-28.85,36.998,36.832,-27.945,10.302,-40.712,16.725,-9.006
47.253,-25.477,-49.824,56.107,-29.834,-17.947,19.873,-36.242,-5.394,10.071,13.464,-12.668
52.044,54.419,-46.2,23.476,-13.472,-15.344,-1.886,-5.633,-7.849,-10.922,13.069,-4.498
45.717,-34.561,-43.012,13.392,-46.693,-94.75,-6.771,-39.446,-14.611,41.906,-23.56,-6.075
45.741,-1.046,8.903,-24.683,-46.367,-18.611,1.245,-4.895,4.711,-6.848,5.317,-35.449
49.29,2.664,-23.683,28.029,-54.058,-73.288,-13.9,-21.082,-15.184,20.545,-22.485,-14.159
44.86,-8.446,-40.685,26.999,-43.13,-14.193,15.221,-51.038,-4.421,-6.278,-6.754,-0.004
50.763,58.108,-52.48,16.873,-29.648,-12.17,-12.586,13.885,-7.527,-15.382,4.338,-5.399
45.102,-4.305,-56.863,48.218,-23.311,-16.146,26.96,-71.629,-8.61,-3.881,-1.04,-5.531
48.244,0.769,-36.745,45.014,-56.987,-64.476,-3.074,-23.057,-17.79,19.297,-14.606,-6.483
46.961,-13.645,-47.755,47.93,-58.448,-89.255,-13.143,-25.428,-16.748,24.831,-11.514,-9.139
49.757,61.739,-71.112,25.692,-16.32,-47.886,-27.566,-5.005,2.565,-13.346,-36.367,-0.142
48.687,13.762,-24.691,34.109,-62.21,-68.896,-4.608,-14.096,-13.115,6.194,-15.83,-11.885
44.641,28.407,-7.791,81.508,-11.449,-22.16,10.111,-43.052,-8.513,-7.273,17.605,-18.01
48.036,14.807,-27.979,35.163,-62.594,-56.977,-0.318,-23.014,-25.177,17.658,-17.174,-2.047
48.196,54.334,-42.377,15.989,-1.537,34.644,-12.325,24.767,13.079,-37.012,15.245,-13.47
48.134,-7.31,-21.764,24.128,-64.838,-70.959,2.986,-23.38,-27.439,16.272,-32.528,-2.139
44.171,-31.447,-7.454,-15.859,-49.48,-5.759,18.572,0.877,-3.948,-29.32,-49.128,-7.504
46.918,-9.724,-61.738,70.04,-27.532,-31.044,10.466,-42.651,2.704,20.657,3.168,-10.295
50.251,43.385,-58.248,7.784,-4.949,38.525,7.822,12.167,6.234,-24.637,19.659,-11.283
48.463,22.103,-25.045,7.245,-60.543,-71.624,-4.118,-17.241,-21.917,18.892,-16.671,-4.59
48.993,7.702,-25.139,34.17,-44.54,-45.341,11.407,-30.29,-12.578,18.89,-1.492,-13.583
45.14,-17.558,-28.527,18.902,-25.579,-21.424,23.009,-53.911,12.1,0.015,1.56,-20.249
49.604,43.096,-51.004,13.09,-13.581,23.875,8.317,16.835,4.424,-26.784,31.26,-7.24
43.842,28.847,5.319,58.14,-10.697,-71.458,-7.973,-55.063,-23.114,37.305,-38.844,-10.99
48.288,17.091,-37.531,18.838,-52.045,-65.029,-3.895,-33.281,-16.529,22.731,-9.551,-10.982
47.778,8.381,-33.974,10.653,-48.836,-1.189,6.801,-16.701,-1.601,1.712,10.923,-24.036
50.204,56.389,-82.971,25.862,-7.772,-32.176,-17.539,-0.184,6.484,-11.443,4.255,-0.988
48.48,1.683,-20.36,13.888,-58.077,-70.684,-3.194,-18.302,-20.838,23.061,-24.548,-7.116
45.55,42.829,14.157,44.736,-8.349,6.218,23.15,-23.569,8.667,-47.608,2.286,-16.582
45.313,11.076,8.617,-32.564,-26.641,43.297,12.237,1.294,4.73,-28.756,-32.948,-14.137
49.752,74.996,-48.196,41.138,2.745,-64.831,-22.345,4.471,3.052,-28.012,-30.558,5.718
47.296,-14.821,-39.806,48.379,-46.197,-80.5,1.993,-34.551,-20.628,39.995,-23.6,-0.528
47.329,19.21,-23.333,46.128,-46.684,-76.708,6.524,-43.544,-24.769,38.406,-29.993,6.254
47.591,-5.97,-55.65,46.237,-42.68,-39.525,3.677,-29.567,-3.887,18.52,4.75,-11.39
50.462,49.786,-46.972,9.366,-2.789,34.132,15.917,10.42,10.336,-22.975,21.847,-14.037
47.156,-17.489,-43.393,28.482,-59.851,-82.076,-7.891,-16.657,-19.538,27.511,-26.357,1.646
47.956,11.372,-33.66,27.477,-62.102,-80.855,-14.741,-17.272,-11.571,15.96,-31.53,-9.073
44.991,4.279,-51.853,14.63,-54.945,-9.811,5.868,-53.358,-8.559,4.774,-2.935,-4.935
51.101,48.668,-60.665,19.222,-24.944,-31.01,-16.228,-0.174,-7.84,-17.699,-4.952,-10.949
43.154,23.873,19.122,49.613,-29.741,-77.884,-5.338,-53.536,-38.233,23.207,-46.834,-8.27
48.409,18.406,-33.992,29.322,-58.776,-63.327,-7.817,-20.982,-18.932,19.225,-22.863,-3.271
46.8,-4.678,-43.935,39.259,-43.955,-19.949,4.206,-17.285,-2.192,11.3,20.761,-16.54
50.692,67.814,-72.268,28.383,-9.388,-55.233,-26.01,-6.405,-6.195,-6.694,-36.293,1.862
48.181,-0.396,-36.578,21.24,-58.454,-69.914,-8.971,-18.666,-17.214,18.418,-24.911,-10.79
42.446,-16.882,14.071,-0.541,-16.518,-0.342,2.957,2.499,6.045,-43.967,-44.54,-17.289
47.85,-0.868,-41.207,36.171,-42.921,-20.943,2.844,-23.498,-9.567,15.791,18.641,-8.472
49.068,66.649,-52.352,28.753,12.913,16.865,-12.146,7.282,15.998,-25.646,26.463,-14.741
45.862,-24.553,-55.664,41.647,-63.928,-89.127,-18.586,-33.98,-16.341,19.108,-36.808,-10.923
45.921,7.085,-37.56,38.643,-26.807,24.764,32.25,-45.367,9.248,-12.996,18.862,-24.117
46.681,-15.277,-35.168,20.518,-26.53,38.83,27.516,-20.014,18.793,-20.506,6.121,-29.539
50.906,58.145,-66.499,33.465,-2.913,-5.681,2.169,3.893,4.5,-5.479,21.082,-1.046
28.668,88.145,-168.199,411.806,-23.413,-170.092,-78.188,105.03,7.306,-57.396,14.129,-18.565
