0.0,171.13,9.469,-28.48,57.491,-50.067,14.833,5.359,-27.228,0.973,-10.64,-7.228
14.144,287.581,79.867,9.604,54.74,-23.404,-11.848,-12.829,-9.649,14.363,-19.058,-17.188
34.629,5.803,-167.776,-88.742,38.263,-17.267,-20.272,-17.295,13.689,67.933,-0.505,4.536
38.211,-96.598,-140.668,-46.165,5.92,-29.61,-7.537,10.854,0.247,29.843,13.94,-1.973
37.227,-73.284,-125.903,-79.945,-14.474,-45.246,-34.773,-5.938,35.776,4.373,-1.064,-6.0
37.211,-17.009,-133.318,-74.692,-12.287,-46.184,-46.119,8.483,39.022,0.948,-9.945,-4.05
45.183,14.119,-43.226,107.417,-1.171,-39.146,-18.497,-3.625,-43.58,16.211,0.077,-5.311
37.169,-64.378,-111.44,-64.041,-25.504,-61.519,-20.726,10.256,10.101,-3.811,-5.185,1.933
41.149,-107.485,-40.425,-6.983,30.669,-14.515,-21.139,-9.609,-3.352,26.06,4.708,-2.951
39.478,-175.739,-25.512,-31.224,38.184,-70.556,38.648,16.625,37.303,8.294,-4.658,-13.967
46.591,-20.359,-47.026,70.572,6.269,14.721,30.376,-10.845,-14.882,-9.435,19.623,-30.778
40.909,-143.195,-8.954,14.822,49.035,-29.226,37.589,18.848,0.421,20.049,-18.864,-19.736
39.089,-134.333,-66.18,-39.273,57.485,-29.905,19.646,26.93,17.354,6.14,-2.0,-24.907
39.538,-145.492,-23.876,-46.182,49.488,-74.097,47.356,27.179,7.069,18.87,8.16,-30.287
44.271,-6.686,-31.165,134.038,-28.683,-90.182,11.737,-12.374,-35.518,2.095,-55.478,-11.236
40.437,29.295,-82.315,-26.273,12.697,-43.286,-37.246,-16.061,0.969,17.459,-11.445,4.674
37.699,-29.033,-67.989,10.888,11.699,-100.644,-34.081,16.803,18.029,-0.584,-19.008,-2.164
43.096,-54.067,27.944,-98.764,31.993,74.496,57.917,21.504,3.084,22.854,-56.277,-8.877
44.108,-120.7,-10.168,69.078,24.106,-65.861,41.333,57.758,19.069,7.429,-47.141,1.099
45.816,-27.359,-41.049,115.049,35.994,-21.929,-16.432,5.448,-7.729,8.57,2.955,-26.624
42.55,-67.986,-76.975,-33.671,51.788,-24.059,-1.387,11.689,50.369,12.854,10.189,-9.654
42.875,-128.832,-14.476,2.494,32.51,-55.834,38.039,6.89,29.094,22.954,-14.521,-11.444
44.475,-53.276,-53.745,133.468,-3.738,-86.525,-25.871,-13.911,-29.732,0.55,-45.57,-0.624
33.253,-54.544,-130.785,-57.611,11.744,-49.532,-15.225,-0.023,-13.285,25.655,-8.968,-8.121
43.431,7.069,-40.729,118.48,-30.722,-81.777,-4.057,1.908,-41.617,10.065,-43.293,12.662
32.957,-29.716,-33.541,-45.673,22.998,-29.442,-7.499,-15.99,21.49,36.469,-9.556,-18.734
41.395,9.913,-90.89,167.629,-46.239,-65.57,-37.124,78.618,-26.875,21.77,-2.772,3.879
35.39,47.718,2.818,-151.413,4.485,84.829,32.529,3.634,-19.354,67.289,-40.629,6.377
45.962,12.643,-34.456,83.776,-10.435,-6.872,12.555,69.563,-34.031,12.274,-15.337,-12.956
42.119,53.094,-74.946,126.145,-10.961,-42.036,-33.19,18.332,-0.705,-52.794,-10.543,15.595
34.265,-46.078,-14.49,-126.873,-36.766,-2.613,18.42,-91.334,-39.119,29.191,-22.299,21.818
44.378,-92.182,-8.619,0.1,2.871,-4.669,27.957,4.035,14.276,-17.875,-46.133,7.383
45.527,-39.872,-13.828,52.139,22.936,72.124,16.926,8.66,-7.797,-22.13,-12.649,-5.781
47.146,-67.091,-18.53,43.26,23.133,21.416,-1.979,-2.614,7.501,-6.516,-23.431,7.304
48.028,-27.16,5.413,21.272,3.221,35.494,41.103,-34.27,-10.692,17.502,29.25,-7.295
42.834,-137.226,21.504,11.294,38.084,-33.742,-8.12,-0.918,-1.71,1.115,-23.181,-6.833
42.887,-9.733,-39.432,147.103,-6.464,-82.285,-19.397,-1.887,-46.902,-6.64,-46.7,9.282
36.696,11.148,-82.549,33.62,61.59,-39.621,-25.653,41.453,12.496,16.706,19.486,-6.58
49.916,-16.698,1.978,60.139,31.04,34.771,-15.31,-25.199,-4.754,1.973,10.525,-6.669
44.872,-83.952,-35.534,-15.252,0.374,6.693,9.876,18.04,18.878,3.699,-51.499,4.252
40.561,-47.453,-135.669,-74.621,7.736,-62.061,-27.944,13.337,9.081,15.35,-1.459,-3.354
49.781,-28.083,38.486,-16.258,14.881,-0.226,25.435,10.609,-0.076,4.199,20.577,-0.886
48.475,-7.234,17.083,64.679,-7.045,-68.771,-21.279,-14.464,-42.384,8.716,-28.724,17.283
44.33,-68.487,-6.275,-11.071,2.13,-16.458,5.79,-1.748,1.742,11.915,-17.499,9.57
46.652,-68.335,-23.604,-35.086,21.428,-21.574,-2.467,-1.529,41.663,6.023,20.486,-10.411
45.237,-97.476,-46.778,51.438,1.735,-35.046,1.489,16.56,19.316,16.618,-27.728,0.596
45.046,-90.326,25.917,-67.386,24.301,43.008,14.414,39.193,1.932,-6.764,-17.016,1.733
41.991,-114.942,-29.359,-4.352,12.72,-46.545,-3.039,14.777,4.44,1.997,-1.111,1.35
41.379,-116.884,-43.852,-39.264,7.898,-40.324,33.132,7.64,-11.873,1.362,0.956,-7.296
45.194,-22.689,-52.73,108.42,-20.941,-57.699,11.823,-9.191,-28.503,12.798,-15.369,0.967
39.439,-117.621,-88.558,-29.459,28.819,-19.672,6.372,3.983,3.502,29.224,7.585,-14.001
42.294,-33.267,-62.736,58.618,-13.761,73.993,25.982,3.749,-17.981,-41.158,-2.504,-8.718
35.449,20.841,-112.988,-57.398,-0.638,-50.156,-4.739,-2.365,-22.453,-10.703,-12.069,2.259
35.199,-19.906,-78.631,45.224,17.398,-116.761,-14.058,29.087,16.656,-0.989,-15.656,-7.99
45.255,-7.454,-13.572,110.996,-7.803,-33.23,29.899,-44.892,-51.779,41.542,-21.266,14.422
41.933,1.612,-77.546,-3.911,12.615,14.391,-6.242,6.349,1.194,50.704,-45.636,15.031
47.545,22.656,-27.77,64.587,-26.702,-69.592,-21.485,2.559,-28.478,15.164,-21.51,2.4
45.636,-49.411,34.842,-37.183,18.7,-7.825,6.128,4.722,4.921,6.949,-21.815,4.565
41.558,-63.713,-52.843,-27.772,-13.499,-14.593,4.248,10.945,-10.851,13.047,-11.099,5.04
43.394,-64.361,3.506,-82.034,-6.874,-1.337,29.682,20.614,3.657,21.385,-3.595,4.212
47.126,-22.997,14.322,26.817,28.494,43.639,12.144,1.297,3.575,-29.88,-41.062,-10.467
41.295,-89.272,-9.524,-106.927,-2.944,3.484,9.436,-6.298,-0.749,4.129,-39.359,7.706
50.667,-37.261,16.954,44.826,5.066,-41.196,3.709,-11.613,-18.012,18.836,-40.636,2.024
45.32,-132.522,-21.536,-5.228,28.793,-54.095,23.986,13.258,-12.173,4.374,-11.447,-1.388
44.224,-18.416,-51.785,118.599,-8.761,-30.923,22.061,7.492,-23.44,2.603,16.699,6.382
36.693,-60.013,-25.243,27.797,31.913,-108.502,3.212,6.806,21.4,10.618,3.599,-5.05
43.531,-58.24,66.557,-104.062,14.664,-0.948,14.087,12.211,-11.329,-8.841,-5.851,10.757
46.815,-56.811,10.571,21.382,22.393,9.529,-5.8,32.546,-0.112,-7.802,-40.652,11.631
50.064,-9.003,36.283,8.026,26.354,1.168,21.166,-6.245,15.142,17.164,20.103,-12.384
47.65,-12.919,14.966,89.417,11.047,-73.745,-5.15,-21.571,-38.45,10.093,-45.524,13.484
47.151,-47.301,33.644,1.969,31.401,43.205,20.97,12.203,13.196,5.628,1.59,-13.448
47.24,-64.513,-32.37,107.12,16.371,-10.741,-3.255,-50.522,-21.402,5.96,-8.662,-12.173
45.337,-31.239,-48.419,109.683,-18.069,-84.238,-10.891,-0.839,-30.529,0.146,-37.511,12.375
42.146,-113.94,-30.658,7.807,20.733,-2.942,50.873,20.318,-22.744,42.553,14.332,10.077
43.934,15.412,-60.855,110.156,-20.449,-37.61,20.473,25.404,-25.599,5.187,15.845,11.293
36.53,-17.149,-46.517,49.267,28.175,-54.618,6.959,46.139,32.169,21.396,10.807,-4.668
43.121,-62.036,-24.459,-17.588,49.058,5.493,43.726,54.697,-4.88,17.904,2.98,24.307
42.651,-1.401,-92.457,56.624,20.854,-23.258,-3.559,34.429,3.453,-3.31,-25.312,17.774
45.766,-18.714,12.682,-103.422,35.056,102.051,37.069,-3.17,-8.735,25.422,-4.862,-5.151
48.144,-56.977,-16.272,27.65,12.05,-7.373,-15.206,0.583,2.923,-5.428,9.508,-5.961
43.423,-101.85,-5.072,-14.699,-1.664,-14.648,20.776,19.643,-3.882,-10.136,-17.083,24.74
43.878,-100.764,-9.227,-0.648,3.47,16.099,30.211,14.065,7.163,-8.798,-16.363,-0.196
46.755,-42.683,-3.764,90.948,30.641,4.507,-23.749,15.551,-1.902,-41.486,-28.081,-7.961
46.832,-70.72,-16.997,17.328,29.978,43.944,2.665,15.637,9.814,4.37,-4.47,1.961
44.583,-79.294,19.937,-84.745,5.858,-3.427,44.872,26.881,1.803,-0.033,-21.198,-1.463
47.514,-81.797,21.749,34.319,30.4,-40.138,-10.07,-22.408,13.827,-9.178,-13.457,-11.303
42.355,-133.57,-37.244,-3.966,34.207,-47.11,15.879,-3.692,-1.212,12.794,-12.347,-23.981
44.718,-12.722,-43.366,118.315,-10.502,-101.585,-8.742,3.843,-32.992,18.674,-32.484,-5.735
40.253,-94.218,-21.242,-13.07,75.786,-56.414,-22.122,-17.53,-11.862,28.688,2.096,-12.393
45.506,-61.067,68.53,-110.929,40.911,25.397,25.48,16.229,-5.063,-13.361,-20.901,13.421
48.877,-37.859,23.624,-3.301,23.253,-9.918,-9.373,4.028,1.435,-16.307,-23.954,13.875
46.61,-30.699,49.387,-39.55,-2.193,-6.84,50.985,22.829,-13.115,-8.246,4.91,28.933
50.44,4.257,60.006,14.206,23.953,-0.397,30.973,11.665,-2.444,-7.906,-25.238,19.697
49.474,-14.55,-4.783,39.903,-5.45,-71.708,4.856,-9.139,-32.725,5.684,-15.307,5.59
43.566,-40.589,-4.538,18.623,5.371,-17.362,13.537,26.475,-5.83,4.361,-56.727,5.801
42.952,-91.047,11.519,-11.483,14.509,-1.033,19.844,34.086,-1.153,1.459,-43.615,8.672
43.458,-86.645,37.453,-35.811,-5.018,-45.415,41.31,27.816,-3.994,10.128,24.16,-6.332
49.603,-50.882,-3.113,81.462,14.93,-56.239,-23.961,-8.213,-12.169,6.192,-40.834,4.527
42.766,-104.545,-31.331,-31.933,-9.968,-42.371,35.278,4.496,-10.013,8.789,-12.945,10.912
45.643,-53.586,-41.005,119.097,-13.549,-86.834,15.955,-39.754,-41.058,15.226,-45.395,4.438
41.551,-97.049,-51.132,-46.522,38.74,-54.603,21.979,-15.362,-3.262,24.284,-8.209,5.7
45.458,0.127,-49.615,107.417,-35.882,-70.702,8.272,-17.74,-47.471,3.034,-30.504,6.974
40.826,-57.335,-53.421,-78.918,31.269,5.0,13.31,-14.054,-18.733,-15.109,-9.932,-6.01
40.022,-82.012,-42.139,3.897,27.039,-83.544,-11.466,17.378,3.663,-0.561,-16.282,-4.137
44.3,-1.347,-42.912,116.149,-27.284,-7.563,12.658,-2.546,-35.242,19.819,14.53,0.283
45.202,-21.795,-33.83,16.418,36.014,20.334,46.145,25.338,5.561,72.403,-24.708,12.344
38.552,-40.311,-5.691,-40.493,23.822,-46.374,11.461,9.319,48.815,35.421,8.405,-25.27
51.558,-23.28,-3.073,43.998,7.29,-54.136,-8.736,20.142,-17.384,21.801,-24.434,11.707
46.864,-32.484,-27.684,-32.66,27.543,3.502,12.156,-4.288,1.293,23.22,-33.339,9.219
47.572,-26.905,-2.016,5.694,20.494,16.209,-0.769,2.614,10.708,-17.636,-3.82,12.05
47.28,-15.024,7.828,74.305,12.678,-62.988,-27.654,-9.268,-24.844,3.063,-52.995,16.349
41.099,-57.616,-27.438,-107.258,16.265,-7.43,5.035,-5.409,-3.519,6.97,-34.265,0.843
49.244,-53.105,-9.453,52.309,18.318,27.316,5.876,-7.097,4.46,-19.714,5.139,-15.486
42.91,-103.368,-36.017,-4.384,19.447,-57.746,20.038,-3.48,-11.749,6.616,-8.069,-26.503
42.912,-63.854,-29.649,33.018,14.736,54.176,-5.323,31.609,-6.555,-69.8,-55.404,-7.374
35.302,0.373,-78.004,-31.366,48.299,-29.789,-33.948,5.318,-21.49,-20.711,0.928,-1.421
35.456,-30.318,-58.481,35.251,38.23,-106.744,-26.021,24.745,12.181,13.187,-23.432,-0.062
30.776,-31.233,-80.688,-68.157,25.914,-35.479,-23.054,-19.96,0.523,7.384,-9.415,3.859
48.632,-33.095,-15.4,37.487,1.758,27.291,9.645,-16.481,-23.079,12.174,27.108,-5.114
46.657,-72.417,-1.032,-28.766,14.373,12.144,2.278,24.688,10.672,-9.231,-14.878,-1.128
50.634,8.675,59.407,55.505,17.312,-59.795,35.747,12.965,10.772,15.265,-15.483,0.706
48.041,10.836,43.012,49.073,11.909,-63.761,0.65,4.876,-32.289,7.661,-44.596,19.491
48.039,-32.996,70.89,61.009,34.023,-47.442,-1.819,-3.075,0.277,10.296,-14.754,-20.022
43.77,-78.256,-60.603,29.568,-12.447,-26.516,5.923,6.469,6.318,12.623,-27.522,13.0
45.146,-104.565,9.985,-68.633,18.602,31.923,20.268,17.269,9.702,0.498,4.368,-4.531
47.285,-59.44,2.759,92.86,18.371,-61.756,-7.152,-42.918,-18.198,6.085,-22.876,-10.758
41.593,-112.5,-30.741,-19.084,63.982,-54.21,-5.615,6.205,9.299,-0.725,-2.013,-10.062
40.545,-70.541,-69.438,-29.934,42.787,-49.027,-1.127,9.603,21.783,19.362,-16.081,-7.444
45.316,-17.291,-36.884,87.675,-35.019,-68.712,12.298,-28.013,-34.502,9.295,-28.103,3.344
38.246,-65.918,-68.081,-29.872,25.592,-61.392,8.292,7.788,-5.287,-6.067,3.018,-14.806
42.219,-147.457,-58.636,-62.773,22.089,-39.059,17.068,-9.141,-19.703,28.289,1.999,-6.741
44.067,-97.28,-23.699,-9.733,18.326,-18.639,-10.855,43.537,19.565,-17.544,-16.696,-3.879
39.295,-8.583,-17.251,-50.776,55.977,-45.901,-36.331,10.002,17.263,-9.461,7.477,7.275
38.405,30.964,-42.486,34.579,18.043,-45.639,-31.581,-29.188,0.189,-11.694,-11.496,17.413
36.096,54.568,15.084,-92.264,9.354,9.925,-23.185,59.971,22.052,-11.708,-16.787,15.852
37.46,37.221,-112.045,-40.668,-46.534,-27.662,-55.187,7.076,21.276,45.887,-12.351,-6.982
35.451,-16.465,-83.991,-42.91,-31.579,13.03,-32.286,-33.709,3.011,47.374,-37.985,10.473
41.602,-25.765,-51.625,62.332,0.704,66.168,-3.472,-0.029,-28.468,10.619,38.083,-15.934
36.343,-109.062,-52.816,-20.801,10.79,-50.814,27.18,29.179,6.684,16.842,-3.955,18.48
37.379,-158.26,-82.987,-13.741,3.052,-31.478,37.539,34.412,-5.405,15.175,-9.15,18.457
44.426,-9.868,-42.637,51.825,-30.908,-12.331,3.067,6.352,-31.979,19.292,27.411,2.63
42.839,-66.529,-42.05,-19.783,-9.888,-7.983,-16.2,-4.003,8.838,5.681,-14.677,8.925
42.854,-113.981,-22.567,-2.88,14.639,-39.202,-39.393,3.834,-7.695,0.136,-6.702,0.491
43.095,-138.183,-29.623,-34.101,30.836,-57.593,57.504,25.634,0.775,-3.428,-0.052,12.492
46.588,-76.256,-1.468,-18.827,0.368,-42.206,-14.386,3.772,6.466,3.174,18.405,-16.908
46.132,-47.242,-26.054,95.621,-5.439,-84.177,-27.566,-25.927,-32.742,-7.777,-32.556,-1.193
42.715,-59.151,-31.094,-50.585,51.221,1.045,-28.416,-58.322,-5.871,-3.688,-26.056,5.058
44.819,-105.79,-32.62,42.669,8.576,26.778,10.986,-14.489,-7.925,-18.733,14.646,-4.683
44.474,-53.846,-64.602,-37.807,28.492,-0.706,0.497,-10.382,7.759,-11.185,14.734,14.849
42.807,-90.334,-10.583,12.166,25.74,-27.598,11.677,17.831,-17.709,-7.627,-21.76,17.463
45.74,-19.328,-56.959,15.748,14.043,-60.078,15.87,-32.136,-5.33,39.673,-11.654,11.573
44.462,-113.079,-16.022,-23.125,0.984,-22.446,-10.034,-9.703,1.302,14.594,-2.939,-19.347
46.792,-28.71,-57.665,68.435,34.657,-29.726,-24.661,-42.167,-2.563,7.796,-19.168,0.737
41.345,-109.371,-39.663,-83.467,23.308,-6.235,31.945,1.642,-35.685,21.945,-2.367,14.558
44.854,-121.812,-33.873,13.657,15.57,-37.731,-16.999,-5.232,22.02,-2.618,-26.038,-0.473
45.771,-48.368,-13.8,109.452,9.367,-65.611,-7.986,-42.492,-38.006,12.733,-34.055,8.48
42.058,-122.563,-3.803,-97.434,-9.782,12.185,49.666,45.335,-10.402,3.318,-4.152,6.781
47.549,10.597,-3.538,54.63,-18.4,-74.966,-0.563,-32.553,-48.477,6.415,-24.594,5.111
44.292,-74.091,-6.413,-7.4,8.47,-13.842,-19.025,-17.498,-8.392,-12.731,-13.23,6.437
44.135,-46.716,-28.726,-72.128,3.894,-10.519,24.629,-3.362,-2.941,-15.22,5.295,16.846
44.371,-24.177,-19.921,59.139,-12.415,-42.645,-8.312,9.237,-15.163,2.495,-2.185,-7.576
39.351,-28.517,-47.744,-71.418,19.054,-34.866,-13.031,-34.317,-5.216,14.159,-20.319,6.664
39.778,-66.164,-28.333,-25.044,12.286,-49.82,-2.084,-4.901,1.973,7.67,8.842,8.748
47.936,-54.918,29.555,41.294,-16.08,-17.428,37.157,-30.052,-41.645,9.696,4.734,14.154
45.042,-47.217,-24.265,-47.924,10.208,-15.443,29.44,47.413,-5.128,-35.864,-17.611,31.678
45.132,-11.095,-4.454,28.547,-14.142,-31.52,40.103,43.963,-38.738,-1.777,-19.392,34.103
46.242,-11.854,-73.048,15.766,8.002,-49.364,8.023,-14.085,4.442,8.266,-9.669,14.608
39.245,-42.705,-112.478,-43.115,5.594,-37.532,-20.631,21.376,17.431,17.016,-24.395,27.847
44.121,-1.761,-12.979,67.868,-10.797,-71.206,-14.857,-6.51,-35.973,13.584,-17.83,-5.272
43.735,-57.849,-47.232,15.674,-1.027,-23.681,-18.388,7.86,0.973,3.464,1.069,9.151
44.123,-97.171,-40.453,42.035,11.446,-19.563,-31.725,1.518,7.34,-2.213,-26.017,-0.495
45.108,-72.7,-42.068,35.993,12.864,37.653,-8.722,12.86,2.757,-14.031,-11.373,-13.988
46.681,-69.468,14.651,-2.763,20.119,-15.363,-26.236,-0.545,2.909,-4.02,13.009,-10.335
45.393,-107.247,-35.821,-2.742,17.593,-33.524,8.288,-7.652,21.634,22.868,-19.335,3.741
43.497,-28.636,-18.808,34.143,-38.527,-89.931,-4.86,-7.793,-38.408,-7.85,-14.367,-0.752
43.24,-109.707,-7.783,-22.538,12.067,-11.311,-27.606,-7.068,5.979,-10.297,-2.47,-10.889
43.122,-41.816,-63.478,1.374,35.342,-46.795,-44.45,-25.107,-10.177,-2.558,-24.705,11.143
46.507,-66.393,-23.422,57.271,6.387,16.979,14.266,-5.022,-19.348,-5.94,22.869,4.557
42.139,-144.14,-12.146,-26.956,42.017,-45.95,30.441,18.084,-21.285,6.103,16.172,8.147
44.192,-92.514,15.72,-29.688,17.124,-37.483,-16.081,2.331,-12.817,3.036,3.128,2.594
47.147,-70.144,21.165,-23.747,37.84,-26.212,-27.766,-2.404,12.358,0.07,1.869,5.397
47.551,-66.957,-46.373,7.873,26.964,-60.643,-5.195,-32.969,-1.83,29.673,-23.895,2.436
51.078,24.113,-20.991,67.173,24.703,-52.993,-1.318,-33.387,-14.564,21.944,-43.101,15.598
41.431,-102.508,-56.461,-1.434,16.144,-16.311,4.805,14.007,12.211,17.093,-31.473,5.072
44.051,-99.264,-3.924,-27.529,38.993,23.754,11.61,3.708,34.544,-2.762,9.869,-20.509
47.976,-45.614,5.747,67.86,26.219,-79.276,-32.58,-43.645,-41.419,13.326,-27.133,2.601
43.349,-133.407,1.995,-7.776,9.331,-40.381,14.435,19.188,-11.179,-19.987,-10.817,16.752
41.845,-141.958,-32.086,5.535,-6.096,-45.227,20.396,-8.965,-12.128,6.436,-3.349,13.9
43.11,-117.834,19.598,-52.272,-5.542,-31.974,10.364,47.361,-12.026,-20.196,-1.711,10.845
44.159,-84.368,54.576,-59.419,-7.059,-26.672,35.487,18.074,-21.065,-7.471,12.706,25.733
47.676,-79.909,57.86,-24.573,-17.882,-42.597,42.138,27.591,-33.152,-9.364,8.925,33.128
47.107,-63.944,21.791,51.61,-13.69,-73.89,21.124,-19.768,-31.985,-3.635,-26.919,22.397
42.328,-81.6,19.126,-8.35,23.154,-43.493,18.867,14.044,-34.55,-19.158,3.37,8.107
47.16,-24.969,-6.894,66.478,10.83,35.989,36.521,-28.49,-30.249,8.079,37.282,3.74
44.224,-59.668,18.265,-72.063,18.204,-31.05,18.375,11.82,-6.172,0.722,-8.3,16.315
46.974,-30.632,-4.581,-28.7,7.529,-35.122,23.461,17.282,-22.088,-8.592,-0.197,17.926
45.509,5.209,-22.451,34.928,1.048,-21.978,28.395,-13.028,-17.203,-35.227,-17.365,34.326
49.65,29.302,-29.385,71.685,14.218,10.535,4.011,-0.658,-13.252,12.002,22.376,8.016
44.865,-26.579,-48.126,24.977,1.016,-0.711,-17.212,9.13,7.432,14.722,-12.97,18.208
40.925,-50.726,-32.13,-47.421,-3.508,-12.239,-16.466,2.571,5.052,25.308,0.75,2.36
47.345,8.236,-11.369,52.701,-13.381,-73.138,-13.765,-10.571,-43.96,-1.748,-9.304,17.366
43.457,-80.954,-52.28,1.44,17.102,-11.26,-44.786,7.699,8.026,8.628,-17.338,4.365
42.139,-88.911,-43.121,-13.612,21.256,14.973,-13.576,10.546,17.966,20.531,-11.765,-3.326
46.326,-8.048,-37.5,96.951,-1.945,-50.628,-23.04,-9.075,-44.503,22.451,-55.679,12.194
42.483,-111.015,-29.615,-64.842,34.852,38.628,14.501,2.671,-5.522,18.773,-3.636,-5.808
44.899,-60.441,-16.114,52.675,-20.643,-73.194,0.619,-5.7,-32.714,-2.598,-1.477,12.628
42.609,-186.204,27.549,6.139,29.01,-28.689,27.808,14.78,-10.454,4.249,-6.616,26.428
41.978,-131.402,-0.646,-17.563,12.58,-15.007,11.447,41.574,-4.912,-31.283,-3.035,18.344
47.338,-20.845,-25.004,73.298,-26.432,-54.211,16.138,-12.945,-41.503,11.197,-6.718,5.215
42.852,-98.456,-0.115,-43.961,5.688,-13.582,9.117,4.535,-0.194,-3.961,-23.027,11.698
41.853,-127.372,-11.301,-33.878,15.174,-26.079,-31.651,-0.926,7.889,-6.796,4.694,1.445
46.475,-62.419,39.211,-93.933,38.627,6.432,-8.329,14.664,9.807,-30.102,-10.998,-9.037
47.994,7.283,-39.707,50.248,51.203,-56.417,-13.685,-27.713,1.263,16.891,-5.016,4.806
42.965,-84.87,-49.893,0.791,23.979,1.925,-29.753,16.922,20.669,10.467,-33.288,6.304
42.909,-62.544,-23.133,-6.091,-3.354,-13.703,-20.081,-5.704,15.413,4.029,-2.395,-12.781
46.224,-2.583,-8.41,82.747,5.738,-75.644,-30.246,-26.82,-51.355,5.589,-29.216,10.405
44.331,-84.088,17.978,-34.193,-1.793,-3.506,50.013,22.26,-24.863,7.364,7.934,21.986
47.058,-53.857,11.213,55.808,18.718,4.655,33.693,-13.276,6.241,-18.962,-10.098,21.777
47.645,-32.417,50.039,-21.248,-14.02,-9.314,51.657,48.325,3.599,-21.304,9.346,11.304
49.757,-30.945,35.964,43.726,11.316,-61.951,-8.591,-29.453,-24.533,5.545,-20.261,14.802
45.304,-116.033,-17.414,-9.905,-21.522,-39.832,18.298,9.908,-3.405,-3.28,-11.268,1.941
45.952,-14.093,-22.997,56.53,-34.098,-92.977,17.433,-6.632,-37.177,-13.148,-27.229,16.308
40.527,-112.223,-10.618,-15.097,-2.37,-24.972,1.134,-9.613,-16.992,-7.879,-14.219,3.589
39.609,-95.277,7.94,-48.667,8.291,-21.791,15.484,-0.186,-26.971,-28.414,7.142,-1.924
42.152,-72.462,45.009,-16.236,-36.541,-34.971,42.274,6.531,-31.599,-14.622,2.669,16.419
50.161,-1.463,12.563,42.287,-18.305,-41.679,53.528,-8.338,-34.664,29.675,6.822,13.07
47.278,-2.591,34.183,-7.615,-32.932,-33.026,49.728,20.499,-4.114,-9.352,0.613,20.959
48.306,-58.388,45.094,7.601,18.471,-27.315,62.686,17.796,17.205,7.943,-15.351,9.961
43.624,-100.32,42.76,-18.785,12.202,-46.901,38.268,15.55,7.248,8.14,-11.292,10.81
46.363,-88.867,58.576,27.427,8.218,8.907,53.76,2.637,-19.947,-10.893,-6.486,21.417
47.968,-82.01,-17.865,18.962,4.796,-49.229,-14.395,-7.889,3.049,0.648,-22.437,8.642
44.631,-78.9,-15.871,-4.526,19.158,-43.47,-3.689,8.882,-4.505,-4.797,-17.391,20.202
41.496,-103.379,-38.358,-32.951,-2.722,-32.28,22.35,26.381,-8.118,4.489,-12.291,13.809
43.453,-38.015,-26.607,62.532,-5.664,-50.187,-4.643,-16.387,-37.71,11.511,-2.54,-2.485
43.27,-87.518,-33.454,-26.069,15.035,22.015,-25.5,1.717,7.894,0.259,-4.165,-1.056
38.008,-52.91,-104.161,-60.798,5.885,-43.975,1.128,7.944,3.616,9.732,2.885,7.256
45.244,-86.465,-27.511,-8.503,5.245,-38.065,-29.334,-1.625,13.313,1.769,3.816,-12.334
45.566,-31.397,-30.844,98.351,-13.765,-82.711,-17.078,-13.428,-36.247,-3.718,-35.228,0.137
40.221,-100.49,-35.588,-13.817,60.749,-25.378,-33.407,-15.653,-8.666,7.927,-17.643,-1.971
40.972,-130.222,-26.526,-77.911,32.443,-50.915,27.999,-14.236,-9.897,3.024,21.612,-2.028
47.265,-13.475,24.039,79.857,3.86,-44.882,37.066,-11.265,-12.536,-0.091,21.077,-2.084
43.614,-56.45,7.335,-16.105,7.74,-4.404,10.665,-5.177,-24.477,7.925,-25.666,33.223
39.731,-101.958,-46.628,-16.665,-0.357,-90.691,-26.769,0.122,14.619,-0.214,-0.233,-4.677
40.451,-129.808,12.949,-11.624,-17.659,-44.867,26.352,15.002,-25.292,1.171,15.827,25.216
42.735,-73.183,16.456,-30.884,3.345,-0.624,41.555,15.668,-15.058,-22.018,-41.473,26.394
43.413,-99.893,-13.211,-53.401,27.865,6.641,-4.163,16.638,13.554,13.112,-11.2,4.144
46.843,-11.862,88.872,29.161,38.647,-43.577,43.861,2.251,10.39,7.51,8.3,-0.214
47.925,-8.31,-43.604,62.219,43.458,-81.721,44.745,-24.424,-3.72,37.644,-30.819,16.771
49.222,2.672,-53.276,49.32,46.139,26.554,-12.373,-21.148,9.462,-35.475,10.063,-3.435
40.677,-101.08,-27.717,-15.223,6.398,-21.158,7.269,3.829,4.017,10.401,-22.392,11.404
40.937,-129.437,-14.249,-32.328,25.931,7.523,0.929,0.969,15.485,4.639,-19.05,2.522
47.7,-10.434,-2.055,71.594,27.865,-83.368,-22.67,-6.215,-24.096,-1.508,-22.634,-4.569
41.91,-112.179,-37.908,9.526,3.459,-54.256,22.688,26.973,-32.209,3.895,-13.421,26.165
37.611,-101.287,-26.261,-14.702,0.283,-38.911,59.983,18.998,-21.634,-16.248,-13.596,33.552
42.719,16.542,-11.362,71.313,-10.264,-77.064,-18.525,50.819,-26.768,15.322,-16.998,13.045
44.062,-6.444,-52.265,67.799,-36.241,-79.251,-5.917,55.865,-19.408,9.283,-21.7,21.956
33.424,47.152,-82.551,-35.583,-30.417,-37.225,-16.816,14.756,27.602,7.899,2.212,22.466
35.426,-50.428,-91.214,-25.246,-28.134,21.435,-11.179,21.118,-12.013,67.399,-10.644,11.474
32.862,-63.869,-116.556,-88.967,-19.25,-33.182,-24.784,-19.502,28.383,36.217,-14.238,7.313
40.28,-128.313,-46.166,-26.781,-6.89,-55.261,-6.175,-15.664,-23.134,32.298,-17.311,13.641
47.403,-89.229,37.185,-81.494,16.254,38.636,34.815,46.645,10.586,-5.463,-10.805,6.425
48.29,-74.727,-17.756,40.002,3.369,-17.588,-2.272,5.452,9.28,0.104,-21.315,-1.939
43.409,-107.636,-2.873,32.724,19.527,-0.2,10.597,17.848,8.181,-2.028,-27.393,-1.566
48.327,9.758,23.943,62.111,17.305,-49.696,-8.59,-15.52,-28.498,17.707,-37.569,6.4
41.672,-54.068,-58.338,-63.479,-0.142,-40.037,15.974,-11.005,18.352,22.312,-2.202,-16.304
45.716,-76.213,6.752,-20.99,9.96,0.103,17.053,8.51,4.285,-1.078,-41.434,9.791
46.435,-61.576,-8.115,-11.089,13.829,51.287,22.15,4.738,7.126,-42.9,-38.592,-4.423
45.946,-20.2,-48.702,100.355,-26.866,-81.329,-17.263,-10.259,-44.435,-2.32,-29.774,4.803
42.826,-6.63,-23.691,5.555,70.153,-24.974,20.95,-30.832,-12.352,37.411,-16.586,12.227
45.483,-39.318,66.723,-84.065,23.493,28.656,21.179,6.867,-10.918,-19.191,-16.137,8.943
49.437,-48.698,2.753,-12.441,9.293,-44.258,14.333,9.434,13.459,-2.513,-7.234,11.527
48.934,-43.861,-3.238,13.606,11.631,-15.852,-8.468,13.855,13.756,2.137,-37.965,4.182
49.122,-37.71,64.251,-52.837,17.467,9.239,36.869,37.102,4.539,-4.595,13.424,-2.939
48.727,-2.474,38.149,66.658,16.348,-57.848,-13.827,-8.17,-27.916,7.796,-12.647,4.526
46.996,-47.521,40.298,9.731,24.899,-21.191,14.597,-8.467,8.648,10.526,3.051,-14.524
47.838,-60.379,3.686,-24.784,4.384,-26.751,-1.019,4.446,13.191,1.47,4.545,-4.432
46.16,-79.734,-48.111,11.655,-8.353,-60.494,-1.308,-3.928,1.73,4.827,-16.183,16.2
42.906,-59.683,-8.836,48.74,7.159,-8.866,-3.966,22.98,4.846,-22.534,-47.579,8.408
44.498,-73.403,45.781,-25.052,20.126,22.206,16.202,24.635,-6.698,-14.227,-21.758,13.551
41.823,-102.587,-12.325,-35.672,-0.849,-31.733,28.302,-3.176,-7.98,10.805,-11.132,9.685
46.221,-12.325,-34.3,97.484,-2.247,-75.436,13.349,0.73,-25.123,11.335,-33.164,12.629
44.076,-69.834,-23.255,11.678,35.36,-56.542,29.655,-7.691,-18.429,43.134,-3.53,24.847
45.222,-11.746,-18.622,98.561,-33.162,-85.82,14.084,-15.295,-38.519,-4.331,-29.101,28.285
40.062,67.087,-52.045,-5.762,-21.378,-45.766,5.915,-9.576,18.852,3.2,-8.902,43.486
38.654,-7.582,-48.175,50.434,1.848,-36.513,-10.672,30.079,34.628,30.619,17.226,-7.162
43.725,-67.702,38.361,7.713,48.947,42.84,68.714,30.511,5.287,5.579,-36.452,2.577
45.333,-76.611,6.424,-55.417,1.53,-4.363,20.599,10.702,-4.144,6.503,-23.963,10.736
46.714,-51.951,17.656,-34.746,3.875,-29.599,-5.05,5.043,8.061,-11.363,5.343,-1.939
49.675,-21.319,-17.004,52.9,-12.585,-67.754,2.244,5.969,-24.652,23.15,-40.445,7.773
48.089,-50.016,-3.653,-13.324,-1.633,-24.776,-0.979,2.891,-2.21,8.909,-2.817,1.747
47.592,-55.84,-7.886,12.117,35.151,27.596,-26.029,40.347,9.124,-20.927,-30.232,1.516
45.321,-56.45,-1.195,-15.633,39.724,41.698,-13.883,5.136,7.06,13.984,-19.33,2.353
48.929,-57.417,16.657,-73.591,21.08,30.572,9.754,33.747,13.484,6.266,1.554,1.717
50.026,-51.112,8.099,61.651,8.691,-74.415,-11.622,-29.158,-13.432,5.238,-31.345,-1.228
47.044,-81.075,-39.047,-14.5,33.432,-64.946,33.13,-12.442,1.85,19.872,-13.225,-7.389
46.595,-32.891,-32.246,95.49,9.685,-45.098,14.516,-33.611,-27.98,4.629,-3.647,-5.313
42.534,14.209,-26.462,-4.188,34.378,-46.897,-32.022,-14.301,30.344,7.006,-8.777,21.163
42.675,-36.956,-18.049,23.597,31.773,-63.025,-9.79,-7.481,8.459,26.458,25.202,20.85
46.136,-56.989,32.841,-28.846,33.492,-8.576,-29.34,2.862,1.012,-6.356,16.755,5.635
50.545,-27.309,8.524,32.587,12.38,9.158,-6.5,0.02,-7.524,2.44,-15.356,-2.298
48.331,-36.926,39.428,14.149,26.936,4.206,1.524,15.233,-4.001,-14.142,-17.702,9.64
48.389,-44.346,4.472,2.636,-8.955,16.489,33.484,29.813,9.922,-19.901,-40.547,9.106
49.276,-55.862,43.607,-80.415,0.7,2.036,44.362,53.219,18.791,-8.64,14.996,-0.05
50.942,-58.676,24.732,39.529,12.342,-65.349,34.413,-14.87,-15.9,27.955,-19.578,6.724
47.986,-54.44,14.228,-6.662,15.803,-32.84,12.272,18.52,7.696,-0.055,-25.965,11.732
47.683,-37.765,48.502,-34.072,11.098,-23.582,24.012,28.767,2.027,-10.311,10.325,2.171
47.272,-81.579,-27.621,18.962,-9.248,-21.368,15.663,15.804,8.711,-0.209,-30.721,8.747
45.56,-117.664,11.396,-54.073,15.474,-14.007,7.066,23.898,7.576,-3.694,-5.796,-4.172
45.694,-67.345,9.675,9.027,27.207,8.08,4.703,15.933,8.823,-36.86,-45.519,-16.698
40.491,-111.885,-59.795,-3.912,16.49,-45.234,4.852,5.894,-13.503,11.49,-6.77,-5.32
46.449,-9.284,-49.484,82.603,-26.273,-68.396,-3.159,-19.421,-46.788,17.314,-28.937,2.839
37.479,-78.105,-65.754,-7.09,8.2,-51.436,-21.493,17.205,1.596,3.348,-0.137,-12.676
41.182,-102.13,-70.47,-34.174,23.128,-65.033,-2.627,15.038,-6.356,13.083,-11.043,3.493
44.67,4.772,-32.387,117.28,-19.567,-61.93,-13.347,-19.732,-54.222,-0.188,-12.926,12.219
40.569,-28.081,9.493,-26.45,44.011,8.48,44.302,34.528,2.125,26.984,-6.286,11.146
40.049,19.02,-31.533,15.638,17.907,-63.737,-7.169,51.41,47.453,13.974,8.693,-10.253
50.878,1.995,31.15,38.104,32.153,18.695,11.344,-4.506,-12.398,34.803,28.557,-13.833
49.046,-11.077,33.202,1.057,10.275,-24.492,18.385,-13.756,-5.252,-11.449,-12.581,21.632
49.152,-60.587,15.08,-28.359,28.277,-16.498,-5.441,22.106,20.071,-4.594,-6.062,5.312
48.566,-18.82,35.006,-9.984,44.898,2.141,12.337,20.645,-9.356,28.97,-6.173,-8.118
47.811,-50.642,-16.608,10.64,29.008,0.293,8.36,9.605,-5.096,10.692,-36.16,14.798
41.252,-31.072,-37.862,-38.726,-11.878,-38.691,21.315,10.101,-4.941,-8.234,1.351,30.056
44.495,-73.511,-40.98,-1.746,-3.57,-3.523,1.82,11.453,4.776,14.611,-15.004,5.159
46.387,-11.154,-31.067,77.385,6.288,-48.819,-16.681,-3.532,-25.207,6.907,13.319,1.491
47.297,-55.776,49.644,-41.106,20.12,-8.267,19.787,22.23,7.495,-0.731,-21.042,5.658
46.465,-93.002,0.521,-25.95,10.62,-16.051,12.236,4.798,9.694,12.857,-0.359,1.051
47.987,-17.425,2.344,39.779,-7.764,-91.164,29.4,-8.34,-10.694,12.288,-27.571,10.042
44.524,-67.852,-28.324,31.468,-0.822,-47.977,-12.775,-3.253,1.081,9.594,-28.275,8.02
42.804,-79.435,-5.66,-66.207,7.134,-9.043,16.186,26.734,8.792,0.731,-7.027,16.024
45.293,3.029,-30.164,98.408,-35.659,-92.205,4.159,-7.578,-38.968,2.215,-27.413,21.892
40.896,-77.949,-11.705,-33.421,58.976,-25.71,-31.344,0.856,-8.864,23.877,-0.714,-3.019
38.167,-60.691,-34.441,23.641,61.329,-89.213,-46.208,3.333,23.225,6.495,-12.344,-6.34
48.862,-34.478,17.005,-26.658,23.444,49.635,-10.719,-3.647,-8.508,14.15,28.595,2.189
47.4,-59.962,-24.79,20.708,26.935,-47.32,-48.2,43.916,-11.098,1.017,-3.913,13.542
48.541,-40.282,41.296,3.806,13.566,0.21,21.368,9.452,-5.813,7.062,-20.338,-3.677
50.693,40.86,-41.797,39.525,8.03,-77.936,-7.23,16.018,-29.952,-10.561,-11.174,-2.285
50.325,-20.822,18.973,19.951,21.603,-17.616,9.452,23.83,-2.289,12.466,-3.461,-7.081
47.846,-64.854,1.945,-3.533,21.993,-26.257,-14.125,-13.847,6.325,-0.956,-9.871,8.646
44.65,-48.846,-2.481,55.621,3.801,-12.592,24.354,33.956,23.037,-26.352,-32.061,3.728
42.343,-52.628,42.991,-127.767,18.537,-8.488,42.468,-12.904,14.755,25.673,-8.392,3.362
48.419,-46.463,-8.51,93.645,23.947,-27.004,-5.059,-11.214,-14.016,8.239,-13.735,-3.148
39.725,-113.919,-9.562,-22.485,-9.186,-37.899,24.06,-4.463,-9.468,-3.813,-10.722,12.234
45.252,-29.262,-71.274,118.737,-1.984,-37.719,-3.472,-21.189,-37.047,8.008,1.382,7.617
40.607,-80.62,-83.712,-33.184,47.873,-60.563,1.885,3.744,26.764,25.359,-11.961,-2.318
44.712,3.375,-37.172,109.582,-37.226,-89.339,-5.165,-11.077,-49.149,-1.184,-37.514,9.471
42.437,-73.75,-37.723,-42.059,44.073,21.341,1.073,-12.44,-51.754,29.523,-2.83,3.495
41.012,-80.705,-18.678,28.175,24.698,-88.805,-45.033,-9.781,-10.819,2.173,-8.986,0.996
45.178,-1.872,-38.781,112.44,-37.396,-60.609,-10.774,4.225,-44.472,3.684,-6.434,4.396
41.295,37.178,-100.128,-27.15,-32.634,-32.175,-39.295,-7.18,21.0,29.27,-7.618,-2.059
37.743,-26.211,-95.216,-29.453,-48.873,-19.194,-38.426,22.17,3.371,41.675,-26.646,3.983
44.879,8.88,12.984,-138.487,7.67,84.58,21.192,-3.156,1.167,23.299,-57.31,2.457
47.44,-21.164,-10.269,1.029,-5.417,0.345,32.574,-3.718,-11.858,21.78,-55.519,15.163
44.097,-53.45,35.635,-120.194,8.063,9.849,24.201,2.671,-5.012,10.624,-22.814,12.038
47.518,-49.472,-25.577,96.784,20.805,-74.82,-38.157,-1.38,-28.565,11.432,-48.159,8.908
45.827,-73.62,-29.473,56.802,20.358,1.578,-27.764,1.241,11.271,-16.154,-40.349,9.725
47.304,-64.139,-22.169,29.192,10.124,0.527,-2.031,12.64,3.073,-6.688,-31.921,-6.095
43.066,-88.362,40.795,-71.658,21.134,-28.106,9.501,20.447,-7.407,-5.079,-24.187,-1.671
42.471,-153.707,-50.454,-24.827,-13.805,-48.508,14.078,11.437,-23.753,5.402,-2.417,-12.02
49.088,-64.718,-6.193,-9.249,15.84,-34.955,-11.245,7.459,28.341,-3.667,3.807,-13.066
47.012,-29.576,-3.828,82.307,2.28,-90.553,-6.47,-18.196,-17.162,9.989,-34.689,-14.42
40.192,-64.751,-13.005,-30.639,71.172,-47.908,1.452,-18.149,-13.692,2.04,-10.594,-14.538
37.777,-76.39,-49.196,-0.881,39.148,-113.616,-11.913,-11.04,8.37,11.678,-3.533,1.308
39.389,-135.389,21.804,-67.659,43.975,-24.239,-20.981,-8.788,-6.625,4.297,2.419,0.471
49.048,-38.109,-7.29,46.794,5.509,-13.75,2.625,-19.866,-28.511,19.079,15.066,6.427
47.226,-68.427,25.544,-77.257,27.845,-5.551,-11.882,10.413,-0.63,-3.772,6.399,4.275
49.663,-29.916,40.52,-18.323,6.647,-28.41,15.13,42.236,1.063,2.108,2.929,-8.834
48.257,-28.963,23.235,55.483,1.668,-80.231,-12.017,-25.535,-28.778,6.993,-26.154,12.778
43.879,-53.588,23.419,21.964,31.137,-68.858,11.519,-27.559,-13.715,20.702,-18.332,6.1
41.259,-87.504,-17.161,10.926,-8.339,-31.827,17.367,5.559,-4.575,2.96,-24.672,10.213
44.53,-112.372,-15.879,-41.004,20.132,11.386,14.086,-11.15,22.961,-4.179,12.544,-11.706
47.86,-48.658,-20.751,77.18,6.302,-73.046,-11.126,-12.005,-30.251,-1.122,-21.036,-1.492
39.577,-118.324,-6.797,-4.177,38.576,-34.873,9.092,1.098,-14.474,6.723,-22.155,-6.427
37.108,-112.409,-103.991,-42.886,21.363,-54.278,15.552,11.123,-19.278,8.066,-0.21,-1.79
44.963,-41.676,-52.989,104.192,-32.583,-84.883,-7.312,-32.412,-47.651,1.114,-52.95,6.792
35.987,-40.29,-98.285,7.305,25.58,-56.116,-2.281,37.53,-13.37,-2.512,-1.299,-27.347
32.52,-11.853,-86.164,-99.197,-2.562,-21.861,-9.561,7.619,-18.835,21.819,-31.83,7.547
37.799,-98.081,-39.793,-12.796,54.527,3.624,-16.572,3.342,-39.304,21.951,16.03,8.202
47.473,-51.549,12.271,28.11,46.115,24.939,-14.636,-22.744,-0.062,4.162,31.963,-2.422
40.006,-68.958,-28.695,22.365,-8.698,-89.361,-17.444,-14.787,-14.335,-2.892,-12.77,15.585
43.134,-90.338,-57.332,37.951,14.381,8.811,-31.213,-1.095,-7.451,18.461,-6.553,0.37
41.592,-104.828,-57.499,33.063,0.562,6.399,-6.358,2.749,4.321,5.935,-15.611,-15.779
33.808,9.046,-50.563,-103.869,10.639,-14.89,-6.383,37.747,14.159,-25.893,9.042,-16.532
41.791,-12.812,-46.281,-54.291,23.808,-13.547,-4.645,-6.135,-11.9,19.922,-1.622,3.555
40.622,-39.493,-119.726,45.532,6.505,-39.28,-23.907,-27.235,2.131,-18.285,-32.028,6.109
34.814,-124.278,-133.801,-71.806,12.981,-41.229,-15.296,-4.496,18.786,25.747,8.733,-2.236
40.604,-106.67,-11.376,-69.608,15.181,43.174,19.708,23.285,-21.727,20.202,-56.07,28.091
42.759,-111.971,-34.529,13.466,25.334,-18.904,-14.321,-0.708,-8.223,-2.676,-1.031,4.67
41.575,-140.694,-57.257,-13.129,17.218,-6.364,-9.666,6.04,3.2,-6.271,-10.363,-12.958
37.151,-79.075,-77.593,-23.919,62.355,-54.81,-41.04,-13.803,6.176,5.194,-10.731,-2.638
36.435,-51.963,-61.631,-59.47,47.606,18.625,-30.713,42.104,17.968,-25.516,-49.293,5.981
38.507,-162.234,24.636,-17.902,80.787,-37.228,26.3,43.315,8.06,17.044,-12.205,-14.045
40.257,-94.533,-99.948,-56.819,39.645,-36.91,10.203,-2.805,-5.554,14.272,-13.987,-10.358
44.673,-69.61,-13.517,-92.914,21.924,22.607,-12.696,12.747,11.815,-9.437,-11.982,-9.919
45.796,-77.425,-33.836,-24.36,20.633,-30.735,-28.962,-4.601,34.853,15.116,-12.76,1.062
42.886,-64.029,-34.707,19.347,13.636,-34.911,-15.106,12.384,21.199,0.69,-8.475,3.061
41.427,-107.446,-54.382,-16.03,25.638,-2.022,-28.328,16.596,25.036,7.678,-2.481,-6.572
43.234,-104.209,-40.049,7.077,4.949,-29.962,-21.456,-9.889,18.147,3.335,-6.203,-12.803
42.099,-64.121,-67.584,-16.808,39.214,6.645,-31.538,-8.419,15.299,-40.482,-11.447,-4.539
41.354,-102.103,-28.352,-43.339,18.633,7.567,-21.172,9.01,8.846,-8.028,-3.52,-5.559
39.292,-51.457,-89.106,-31.944,16.106,-29.805,-22.562,15.636,4.575,1.852,-6.82,-9.622
38.497,-69.28,-46.442,-55.802,14.753,-42.295,18.507,6.278,28.084,31.401,-3.751,3.724
42.035,-127.259,-28.54,-23.88,11.549,-29.431,-24.088,-16.971,-3.651,10.875,1.866,9.611
43.843,-149.683,47.918,36.404,27.927,-56.991,51.395,36.215,-1.549,-14.356,1.03,18.712
43.452,-88.271,26.238,-22.773,16.125,-35.216,38.978,57.386,-8.643,-9.95,-18.318,37.765
39.266,-93.708,-71.703,7.841,18.856,-20.308,14.73,17.477,31.233,-33.5,-42.487,20.484
37.499,65.343,-105.818,-42.283,-6.153,-30.239,-37.18,-13.587,32.216,-6.341,7.373,-2.42
39.278,-17.699,-20.704,-128.736,2.435,11.88,-3.439,-60.588,-12.592,46.847,-40.84,2.983
45.549,-80.069,3.316,-23.181,2.321,7.312,12.738,-19.769,-20.644,8.692,-16.627,7.606
47.397,-81.913,9.561,-16.905,9.768,-28.859,-22.246,-13.356,0.458,-7.091,6.689,-6.357
48.871,-85.299,26.939,33.773,2.761,-45.286,19.388,38.962,-5.098,-4.599,2.303,-2.668
43.175,-14.462,8.89,46.049,13.021,-33.175,-6.474,-1.711,7.379,-17.361,-25.09,6.888
46.031,-33.635,58.832,14.748,52.124,92.84,4.131,0.352,-12.908,-6.881,-16.529,-0.49
43.279,-68.175,12.448,-64.445,11.117,50.821,39.189,20.645,-15.089,11.029,-33.637,17.103
42.799,-108.752,-23.514,-1.207,17.919,-15.819,-35.563,-6.794,13.841,-6.789,7.456,-7.371
41.047,22.443,-35.829,14.017,48.704,-30.398,-11.04,2.323,16.825,-3.527,-23.533,-11.383
44.743,-70.76,20.363,-8.748,35.704,-25.686,-44.474,-2.335,7.337,-2.343,16.313,-7.974
46.055,-105.96,0.554,-2.58,12.831,-0.03,8.833,22.818,-32.646,11.418,-18.59,9.284
45.751,-114.797,-7.431,26.337,39.413,30.95,12.37,21.16,-7.931,-24.32,-10.552,0.85
39.121,-153.02,-34.467,0.115,31.947,-42.639,22.136,27.593,-38.75,-16.256,-17.58,19.039
40.003,66.994,-67.555,-50.222,28.634,-66.289,-52.078,2.417,9.901,-6.364,0.389,17.391
43.749,-34.194,32.932,7.955,62.606,-43.707,80.359,19.465,7.667,25.604,-18.192,10.466
44.915,-58.786,-32.7,41.558,-25.271,-113.563,-1.374,-1.884,-4.735,29.168,-17.478,20.621
46.719,-65.78,13.772,10.296,9.607,-45.422,-6.199,-3.208,3.752,5.673,3.165,0.659
46.026,-76.757,-37.494,1.382,5.84,-34.842,-27.287,-1.235,19.554,3.619,-14.818,-9.816
48.861,-56.36,3.965,14.769,24.319,-28.32,-24.029,-14.543,16.663,7.413,-10.444,0.697
45.552,-63.481,9.403,-6.468,1.487,-40.809,27.855,3.559,18.706,4.352,-17.028,-19.831
45.05,-57.631,-47.971,0.802,41.861,-21.009,-19.723,-26.977,-2.869,18.608,-37.176,2.336
39.711,-98.747,-37.121,-3.862,37.26,-18.145,9.662,25.395,12.989,4.698,-16.261,-5.886
38.254,-89.132,-103.495,-47.984,18.903,-28.3,2.992,19.428,12.107,15.567,0.188,-9.719
45.23,-66.682,-16.524,-45.391,35.045,63.698,-8.666,7.479,23.235,25.365,4.573,-13.605
43.052,-55.296,-5.828,14.091,42.936,-0.702,5.733,4.366,11.065,-15.926,-42.703,9.701
43.882,-152.219,66.767,8.093,33.8,-52.347,74.199,13.911,0.721,-3.879,3.657,7.946
44.453,-108.104,10.75,9.658,31.289,-49.31,50.103,26.066,0.052,-1.195,-17.682,9.166
42.226,-122.008,1.948,17.076,10.308,-30.664,54.28,30.736,-29.234,-6.105,-13.733,33.905
46.061,-108.566,21.294,0.174,-14.864,-23.416,33.72,23.951,-28.902,-3.276,1.919,35.806
46.157,-84.843,89.533,40.516,-1.346,-30.0,42.17,27.757,-45.502,-24.52,3.869,46.042
45.411,-65.616,-3.085,-15.688,25.546,-26.872,7.607,38.566,-41.83,-9.144,-2.436,23.505
41.501,-139.054,75.649,4.154,41.867,-43.47,60.777,12.701,-2.065,9.009,8.646,12.594
44.766,0.555,-31.7,33.19,48.357,-52.364,13.049,15.501,22.767,-21.362,11.699,20.883
41.259,-16.154,-34.431,-51.696,22.357,-43.35,-0.315,3.109,-2.959,20.859,-15.248,18.192
48.75,-51.507,-33.545,7.28,27.126,-24.241,17.132,-27.035,-8.251,9.896,-9.357,24.369
45.687,-101.746,1.162,8.923,32.296,-25.53,-7.37,-0.15,12.808,11.939,2.191,4.017
43.843,-117.857,71.425,22.407,51.507,-45.289,52.41,20.837,-7.046,5.666,12.263,23.169
46.103,-81.914,6.806,-8.878,53.095,-8.471,35.7,25.563,18.726,-24.01,-16.729,8.624
45.674,-79.971,-24.319,57.8,-1.0,-94.243,-13.845,-17.057,-17.289,32.403,-31.629,16.198
39.587,-112.098,-77.184,-41.644,25.653,-21.144,-2.888,14.129,18.219,-4.892,-16.29,-13.985
38.461,-110.522,-90.122,-60.508,-2.599,-24.586,-12.665,-4.421,23.659,7.959,-4.141,-1.52
41.045,-43.938,-104.096,45.99,21.525,-41.42,-8.126,-18.642,29.256,-7.655,-9.861,-5.36
34.525,-61.211,-105.171,-31.098,37.49,-56.864,-10.952,23.443,28.471,6.694,-4.26,-19.661
34.934,-73.964,-146.049,-54.712,13.876,-48.983,-23.631,18.175,18.472,24.721,-1.076,-6.244
36.649,-151.408,-42.061,-51.946,36.502,21.995,2.91,-9.562,-25.464,34.232,-9.013,-13.49
35.849,-111.449,-22.47,-8.995,66.494,-24.586,-26.16,10.502,-13.934,-33.09,-9.217,-14.514
41.229,-48.401,-68.411,-82.987,29.605,6.635,-0.338,6.242,-20.321,17.794,5.5,-0.382
40.409,-16.15,-81.137,2.546,19.136,-52.395,-26.201,-17.13,-3.69,-11.148,-10.841,4.439
42.768,-106.105,15.762,26.7,29.236,-50.449,-5.586,20.78,-12.268,0.821,12.168,4.342
44.233,55.151,-54.555,6.771,9.72,-50.002,-20.147,-0.962,1.535,-30.079,-2.522,19.304
42.573,-68.705,-16.313,-7.122,10.829,-25.434,-7.873,2.86,11.519,10.737,1.115,4.881
40.402,-69.823,-43.27,-10.521,0.292,-38.131,-10.628,-0.948,10.151,-11.686,-17.379,3.216
42.577,-107.369,-45.85,-30.271,31.873,-42.235,-1.706,8.481,-35.71,-14.539,9.456,-16.774
43.217,-105.607,-11.749,-27.575,13.804,-38.286,-13.631,-8.297,-21.004,1.681,7.024,2.469
44.12,-114.018,-12.431,-21.655,-8.797,-46.672,-1.115,2.01,4.63,7.135,1.911,0.063
43.477,-91.679,-51.389,9.173,-20.814,-33.824,-17.834,-8.885,6.982,-6.474,-18.853,-6.368
38.246,-157.111,-71.683,-40.687,3.956,-40.533,-15.827,-7.538,-12.847,8.011,-22.586,0.871
43.122,-93.081,4.854,-77.403,12.107,6.456,-10.623,19.212,2.227,14.888,23.561,-4.254
45.11,-56.963,-32.113,1.401,14.405,-22.853,-37.133,3.476,8.473,-11.571,-31.847,-4.008
40.428,-69.818,-81.643,-30.132,13.138,-40.395,-9.074,2.105,3.413,7.219,-23.949,-3.467
37.525,-47.982,-25.283,-135.186,-12.152,-30.454,-24.278,-27.545,10.882,16.45,9.082,-14.053
45.493,-49.891,-22.07,10.662,33.468,-23.644,-38.016,-39.46,-5.482,-9.21,-3.188,-9.948
42.254,-67.596,-52.354,-31.284,-3.883,-32.342,-23.557,-13.122,14.484,17.611,-8.002,-2.752
43.122,-40.587,-30.857,-85.838,22.317,-12.598,-35.955,34.597,33.052,-18.629,-7.22,-2.214
47.502,-24.496,-22.052,-7.158,40.639,-37.0,-25.8,-54.978,9.925,0.728,-12.989,-0.21
46.829,-68.257,30.704,-13.764,76.978,-25.225,-33.188,3.129,27.394,2.219,-2.019,2.343
47.284,-41.712,-11.354,-18.83,34.067,-20.363,14.878,-13.965,6.83,21.931,-7.186,-15.398
47.815,-84.262,79.119,-0.722,35.507,-43.692,39.452,28.881,12.884,-3.009,-9.906,8.167
45.207,-84.161,-17.345,2.702,-1.053,-51.805,-11.046,11.67,4.544,-2.247,1.578,-1.569
45.525,-125.366,17.362,-54.858,23.799,-46.897,44.597,18.239,25.793,0.365,-10.47,-7.524
45.056,-89.031,-25.613,25.492,8.442,-43.3,1.803,12.127,14.052,4.092,-27.596,1.673
46.005,-77.45,-13.133,-34.879,19.626,-9.64,-21.989,-0.271,20.993,15.546,13.931,-13.139
47.672,-102.239,22.76,-21.121,21.173,-28.784,43.968,22.327,21.162,18.859,-4.892,0.927
47.197,-99.375,-22.778,49.219,-19.27,-92.088,50.688,-17.664,-37.425,28.223,-13.502,39.233
48.223,-95.076,27.712,-18.076,8.467,-10.649,20.526,9.393,-10.068,-11.869,-6.775,6.858
46.12,-87.533,22.196,7.323,-15.881,-37.603,54.423,34.227,-33.962,-20.737,-5.192,41.584
42.699,-99.345,-35.443,1.482,-11.734,-50.2,42.684,50.748,-22.543,9.016,0.782,39.975
39.35,-75.047,-21.716,-15.461,22.902,-36.474,44.069,30.738,5.947,2.517,-25.888,9.266
42.898,-27.726,-41.368,-30.471,-14.323,13.538,19.02,-24.64,-41.706,0.773,-15.317,12.68
39.846,-96.507,-55.463,-50.591,-7.831,-48.913,14.502,13.359,-34.669,-7.073,0.125,-1.242
39.967,-92.873,-43.052,-15.507,-5.272,-23.549,-16.188,19.443,-8.051,-9.247,-7.76,5.321
42.314,-130.97,3.57,-21.991,17.959,-19.128,6.696,5.983,8.975,8.441,9.341,-3.844
43.157,-55.729,-12.61,-22.233,15.206,-29.99,-29.469,3.117,6.359,-4.538,-7.923,-2.96
45.609,-66.314,4.728,-20.447,13.008,-23.505,-46.218,-9.631,7.901,-3.167,7.618,-15.731
47.089,-85.053,-17.69,-34.996,-1.585,-33.889,-7.865,-27.612,7.064,7.778,0.906,-4.623
46.858,-89.89,-2.149,11.509,3.464,-25.155,16.315,4.549,12.002,-12.995,-8.506,-15.624
44.169,-25.713,-32.463,93.164,24.489,-4.174,11.042,-15.13,-17.01,-5.2,-17.006,2.489
45.645,-37.262,69.529,30.949,45.698,44.703,55.926,12.283,16.12,4.402,35.326,-7.473
45.485,-123.547,2.443,17.19,7.64,-45.155,27.74,24.131,-25.749,7.398,-6.072,6.766
51.147,-51.008,49.577,44.536,11.192,-26.882,5.201,-24.363,-12.076,18.951,-17.02,-7.31
44.189,-65.992,-20.563,35.31,34.427,-8.073,-7.757,-6.691,-5.447,-33.459,-30.743,-15.846
45.87,-44.43,-26.634,26.13,32.652,46.596,10.4,-22.268,-8.092,-9.05,8.269,3.834
41.821,-136.018,-0.067,-23.607,40.033,-6.687,-15.313,3.72,7.16,-5.833,-29.838,0.31
38.802,-50.698,-79.537,9.534,59.434,10.089,-3.351,22.594,27.411,-36.38,-13.223,-11.818
41.185,-134.603,-18.853,-33.224,39.947,-15.483,-17.142,14.742,-13.809,5.189,-3.879,-2.676
41.998,34.003,-74.153,-21.199,11.994,-39.633,-43.419,16.547,36.756,10.101,-0.459,1.704
43.298,-35.451,17.208,21.403,42.878,-50.817,30.04,-0.534,20.666,15.931,-28.291,19.351
38.264,-58.162,-105.526,-62.482,9.144,-46.122,-43.263,61.564,20.953,-7.207,-19.209,5.351
43.227,60.909,70.515,68.379,-65.671,3.232,26.246,27.958,-78.111,-27.661,9.338,23.291
42.374,135.277,44.087,-5.78,-33.184,-38.437,19.126,-21.831,-32.089,-26.111,10.513,15.748
47.006,-55.576,15.79,-16.723,-43.614,-43.795,21.134,8.119,-59.386,14.944,7.922,25.568
46.821,-75.813,39.303,23.001,-45.114,-36.915,34.956,10.888,-61.516,-20.467,-8.444,35.041
48.797,22.608,17.835,37.108,-34.641,-0.216,60.121,19.961,-78.595,-37.921,1.828,30.989
45.42,-14.208,32.329,75.475,-68.521,-33.559,64.74,33.258,-68.206,-21.919,-26.599,55.528
42.732,-95.525,-23.103,-31.482,-14.001,-37.902,38.347,-1.632,-63.394,-4.773,14.601,17.948
45.852,-88.338,41.08,38.305,-39.078,-43.825,61.741,33.305,-45.004,-22.543,-6.284,51.028
46.312,31.753,48.035,91.405,20.111,-84.929,47.504,-11.386,-37.648,8.402,-23.462,21.604
43.248,-69.71,113.764,37.275,75.567,-64.219,103.484,8.404,2.096,4.262,-0.399,-15.667
41.282,-126.723,-22.784,45.809,40.324,-85.905,38.714,32.618,4.76,-3.496,-14.503,5.324
41.815,-118.433,1.242,-22.253,17.183,-4.599,79.519,3.828,-31.573,31.519,4.08,25.084
44.253,-17.106,-31.413,145.784,2.615,-35.22,57.478,-21.211,-25.454,7.834,-20.361,3.608
36.963,-45.64,-102.703,-66.703,18.284,-33.559,-8.072,-8.705,11.4,33.667,-10.419,-2.943
44.271,15.55,-40.252,123.612,-33.878,-67.069,-6.32,-17.363,-55.771,-0.202,-24.118,5.043
33.934,19.033,-81.959,-26.55,14.121,-44.909,-29.979,-4.713,-31.772,-10.221,-15.433,-0.008
32.454,-29.95,-59.152,4.825,20.417,-72.241,-23.595,36.295,19.316,3.44,-12.372,-6.539
42.493,-78.41,143.537,38.521,65.687,13.665,94.78,17.445,10.67,44.891,38.889,-18.542
49.628,-37.226,24.557,37.4,36.655,12.569,35.471,42.009,12.253,-12.981,27.629,5.864
46.918,9.317,-17.35,-15.397,2.071,-58.213,55.905,29.769,18.779,15.325,-2.505,51.739
44.438,-22.274,-38.357,-23.103,40.9,-55.097,-4.351,18.618,56.124,21.733,-8.711,-6.582
47.261,5.156,-21.32,53.785,-23.393,-88.296,-7.016,-4.222,-15.243,12.278,-20.243,-5.266
42.367,-60.905,-56.496,-41.269,29.75,-39.332,-6.407,-8.41,30.91,28.278,-16.428,-18.081
42.54,-105.787,-30.017,-18.642,29.771,-26.104,22.852,30.33,17.445,27.157,-20.666,-11.739
38.867,-105.602,-16.681,-23.45,47.615,-50.784,-22.197,5.378,39.525,10.125,-7.586,-9.578
39.245,-136.143,35.532,3.113,59.143,-58.004,16.154,13.127,30.455,7.924,-3.998,-16.217
45.218,10.11,10.888,104.084,15.927,-85.693,-19.559,-5.198,-25.659,3.98,-35.018,-21.857
39.49,-81.102,-69.658,-24.86,4.467,-8.727,-21.207,-16.19,2.87,32.641,-10.251,1.885
45.846,45.687,-62.567,69.661,-36.739,-13.693,4.415,24.634,-39.574,14.85,22.448,-3.122
40.687,-42.832,-21.02,-15.886,19.887,-39.283,-33.574,3.789,8.794,10.077,-3.63,-6.422
43.274,17.977,-89.911,-9.609,21.136,1.674,-7.048,10.666,18.908,17.543,1.631,-3.212
44.795,25.064,-55.801,91.552,-49.491,-37.811,11.153,7.438,-36.715,9.348,6.667,5.247
40.201,-60.635,-63.576,-65.139,22.293,-34.348,-24.883,-12.976,2.867,9.355,-10.515,-5.159
41.15,-95.649,-48.094,-49.096,47.207,-59.296,21.452,-6.634,31.573,22.835,-22.355,2.179
40.35,-109.904,-35.638,-25.002,46.123,-101.265,8.818,-3.074,35.221,4.383,-10.071,-21.48
45.06,-43.857,-11.843,4.784,46.903,40.023,9.663,44.938,17.98,-50.81,-42.932,-25.453
44.151,-19.582,-18.762,-52.32,36.766,-22.807,53.547,-39.525,5.08,49.55,-27.302,5.398
42.343,-71.234,25.997,36.567,15.451,-70.066,85.585,31.257,19.995,1.574,-6.328,21.362
43.156,-68.18,100.236,40.619,-10.433,-42.43,118.008,30.243,-12.06,-6.492,-13.573,31.903
48.952,11.096,-3.272,76.165,-14.992,-64.455,59.835,6.231,-51.274,21.872,-27.586,39.086
47.482,-37.205,31.471,55.775,-52.912,-2.904,32.4,9.335,-70.534,-9.959,-34.566,42.071
42.603,-83.821,-22.717,-17.48,-35.747,-8.942,38.958,23.759,-28.652,14.718,13.553,42.296
44.419,-32.325,69.347,19.923,-44.161,9.221,84.627,43.446,-50.224,-20.743,18.149,48.093
47.057,30.682,17.957,75.622,5.568,-60.797,10.711,-2.368,-60.676,15.093,-3.196,26.228
44.594,63.014,48.761,58.27,-64.674,-28.297,-6.796,16.534,-69.643,-22.373,-17.405,13.311
45.448,-2.141,-51.13,37.874,-87.56,-4.976,-4.798,-4.318,-37.589,-27.314,14.256,-15.419
47.238,3.323,-15.864,63.368,-50.003,-67.327,4.121,-23.366,-62.331,9.001,-25.986,1.201
41.832,-42.382,-17.521,28.542,-58.017,-35.55,-12.14,11.336,-39.581,-2.842,-16.843,-18.215
44.86,-18.465,-28.21,-9.587,-33.66,32.479,-1.155,27.507,-19.741,-7.342,-15.752,-31.46
45.851,38.175,-7.309,-15.522,-58.89,43.018,0.51,3.92,-13.916,-30.759,-23.567,-16.805
41.255,31.263,-43.738,9.4,-63.41,-15.611,-32.632,11.324,-19.073,-6.773,1.792,-18.33
43.339,76.777,79.91,33.224,-67.198,-31.077,15.224,0.653,-64.217,-20.126,-10.941,-7.546
47.364,-29.589,-35.781,104.982,-2.823,-57.632,-22.172,-5.74,-51.306,8.553,-16.584,9.649
41.812,-57.065,55.692,-37.371,-23.684,34.552,86.819,23.832,-35.227,-7.685,-19.609,38.98
43.679,4.686,68.339,24.327,-33.193,-30.732,70.192,11.087,-59.293,-19.927,-25.952,53.851
45.966,-45.814,38.129,54.012,-58.351,-18.609,73.029,2.201,-69.667,-2.046,-15.596,48.21
43.967,-4.322,86.736,53.145,-59.568,-29.89,90.716,9.183,-62.889,-23.923,-4.914,57.55
42.049,-21.262,56.6,12.891,-27.796,-61.918,101.289,37.049,-7.569,-22.766,5.452,51.483
46.168,-28.392,21.361,81.137,23.857,18.379,49.893,-27.293,-29.536,-2.379,13.873,15.176
41.259,-78.229,-33.077,-11.124,15.501,-50.702,26.263,32.253,-30.066,2.035,0.406,1.277
39.505,-104.195,-78.153,-38.844,-21.367,-52.299,18.753,18.981,-38.404,-11.185,-7.641,8.081
44.936,-25.963,-56.523,92.627,-40.588,-87.787,-5.191,-35.145,-50.507,1.24,-47.208,8.973
35.265,-50.062,-90.156,-16.354,19.819,-24.882,-4.634,34.127,-7.13,-7.946,-23.914,-23.412
43.504,-69.259,-81.186,8.174,50.484,7.4,8.438,-5.631,-26.236,9.097,10.182,5.497
45.189,-22.688,-51.724,97.139,-41.033,-83.878,-3.353,-15.08,-46.889,-9.192,-36.802,8.835
39.639,-38.758,-63.832,-80.964,8.971,-28.019,-1.05,-1.56,4.24,11.12,-2.095,-4.538
42.099,-69.97,-80.648,-39.922,-5.039,-45.257,-10.091,3.894,23.108,19.433,-0.456,2.917
41.709,-27.312,-29.804,-36.618,31.063,-53.543,30.719,11.375,40.248,15.989,-5.891,16.091
44.528,-3.47,-6.92,-72.514,28.136,-37.111,35.714,21.586,21.663,14.389,-7.587,21.349
48.017,-13.278,14.877,-9.438,44.429,-13.049,25.747,-14.737,-6.726,-9.274,-29.636,29.767
50.988,33.577,49.495,12.527,47.151,38.159,9.442,44.622,0.521,-65.992,-14.781,10.673
48.351,38.96,42.09,51.125,-2.896,-22.51,40.335,19.184,-57.666,-12.422,-33.511,41.107
44.863,-67.236,-41.106,-42.269,-10.967,-19.553,14.533,20.401,-9.679,3.181,-33.491,11.49
44.49,-79.819,23.695,-65.87,41.698,9.483,4.685,-4.39,1.568,12.771,-20.276,13.849
46.808,-18.77,-18.482,101.619,16.962,-62.942,-43.338,-12.308,-48.124,-8.301,-10.845,9.687
41.99,-73.681,11.431,-93.093,28.08,6.779,8.157,-27.856,-21.634,2.187,-16.65,8.667
40.787,-128.349,-5.015,-9.478,5.404,-32.18,6.767,7.498,-15.726,-4.075,-14.832,4.344
44.267,-79.116,9.958,-54.519,1.872,32.74,37.39,13.28,6.221,-31.566,-24.393,-8.083
43.57,-98.139,111.24,21.318,28.497,-46.53,31.574,16.819,-29.007,-14.06,3.184,18.821
48.199,-66.921,35.081,56.204,-40.625,-28.806,56.186,31.801,-47.657,-10.09,-3.506,14.927
47.501,33.758,58.306,-4.215,-55.892,-26.201,26.371,-7.49,-49.963,-8.993,-28.804,-10.744
48.415,18.821,68.451,18.398,-25.912,-8.678,-30.753,-35.991,-67.549,-4.349,-16.79,-13.903
46.909,-33.733,84.728,16.496,-2.934,-13.141,-22.304,13.993,-57.242,-21.309,16.298,-8.471
47.295,36.49,89.06,-1.95,-35.052,-29.485,-51.815,-10.027,-78.552,-21.457,2.473,-1.407
49.327,-13.498,16.922,75.072,-36.185,-48.108,33.695,-17.614,-70.011,8.184,-30.425,24.585
48.37,11.765,23.009,41.125,-36.779,-23.138,60.928,24.307,-75.613,-2.391,4.163,31.883
45.56,-74.253,42.715,1.516,-27.013,-28.213,40.272,4.85,-47.729,-9.552,-15.739,21.909
49.485,31.91,8.431,62.294,-15.685,-38.208,39.909,-12.697,-60.404,8.433,-15.701,20.529
42.429,-43.825,33.822,8.291,-40.453,-38.456,58.602,19.315,-39.889,0.139,1.135,32.942
40.15,-117.017,-72.575,9.082,-48.858,-61.921,-2.791,40.557,-24.673,-7.69,-25.695,6.208
45.718,-38.33,-24.902,92.334,9.534,-81.127,8.09,-12.477,-30.594,10.911,-52.063,23.841
36.214,-117.336,-121.395,-48.22,-6.193,-61.375,-7.719,15.425,0.667,-0.178,-7.955,1.281
44.217,-19.9,-58.89,95.388,-7.607,40.967,37.046,-27.953,-45.558,9.222,33.097,8.318
46.774,-79.849,20.691,53.796,7.969,-13.938,58.831,9.585,-45.863,9.478,18.473,29.329
45.26,-6.616,-16.627,96.487,-25.123,-91.261,7.534,-31.148,-52.959,-4.871,-32.987,31.091
39.7,-27.469,-45.689,-54.071,-3.618,-39.911,22.618,4.69,-16.186,1.781,-1.215,41.45
40.986,11.471,-34.538,-36.968,-22.833,-37.999,2.82,8.645,3.044,-4.94,4.679,46.061
42.06,18.45,28.856,-12.123,6.151,-62.835,23.153,23.096,13.119,-20.211,-5.664,14.634
45.696,-39.244,57.988,-46.32,40.185,14.006,33.024,-20.189,-17.674,37.128,-29.151,34.885
48.972,-46.347,58.336,-11.605,5.309,-12.199,22.167,30.37,-17.012,-5.465,-1.671,9.083
49.562,-56.791,23.871,-16.2,-0.494,-23.956,-6.529,6.424,-18.116,-4.578,3.992,-5.024
51.137,-30.388,40.365,-4.667,16.794,-10.818,23.548,-20.056,-37.903,-12.084,-17.381,5.101
49.274,-66.667,36.44,57.073,-16.954,-45.059,35.16,16.913,-43.424,-14.903,-8.077,26.174
47.848,-16.852,19.133,70.255,10.737,-52.877,10.416,-43.614,-49.706,29.832,-38.407,12.602
41.395,-101.648,-24.891,-25.89,-1.006,-33.688,27.838,8.682,-39.456,-5.697,-3.187,14.122
41.6,-116.446,-22.742,-1.806,22.334,-18.349,-1.251,24.578,-17.213,5.021,-32.448,8.298
43.545,-129.723,-16.351,-37.525,20.742,63.899,17.559,32.543,7.597,-6.063,-32.105,-7.971
43.644,-104.83,44.6,-112.422,-6.141,-18.882,20.175,40.546,-19.002,4.794,-6.046,-12.476
47.907,-37.659,28.457,0.573,-12.027,-0.264,34.157,-5.199,-21.161,-33.547,-31.066,-29.665
46.135,-18.743,56.989,27.732,-8.192,-25.615,6.861,-8.335,-19.374,4.53,-2.581,-38.124
44.912,8.958,36.917,55.128,-26.293,-33.664,-15.834,-25.72,-9.16,4.504,-8.662,-39.401
46.052,11.947,-27.036,89.118,-8.899,-7.406,18.364,-19.954,-35.984,-3.564,22.824,-0.777
43.725,8.91,-45.365,-32.53,11.163,-26.041,-1.191,-28.58,25.324,28.14,0.667,4.692
43.463,-3.953,-8.282,27.02,-54.552,-32.677,-11.533,-0.941,-10.389,-3.546,-12.383,-41.978
41.074,5.329,24.068,-32.034,-69.994,1.822,2.798,-11.341,-31.491,-17.822,-13.976,-20.939
44.802,-38.222,46.551,-81.748,-23.152,7.794,20.224,14.836,-32.629,-8.264,-37.749,-3.604
45.339,-73.345,-4.352,94.745,-41.059,-42.289,33.775,8.827,-63.907,-23.411,-22.28,38.096
49.717,49.209,37.946,66.22,-46.58,-29.272,24.311,-6.407,-64.259,9.663,-13.579,0.073
41.712,17.846,132.401,52.239,-17.738,-44.696,104.036,25.504,-41.829,0.308,2.184,40.916
41.862,-67.436,14.41,26.302,-32.37,-49.901,53.696,33.017,-39.606,-3.07,-8.822,27.436
46.453,42.137,-8.236,91.873,2.468,-53.7,31.722,41.501,-32.424,47.264,-22.911,17.03
44.835,-27.818,-40.665,-16.243,-20.753,-19.525,-7.655,70.871,-17.799,0.255,-29.091,23.979
38.31,12.136,50.504,-3.722,-30.825,-35.237,47.354,10.594,-56.747,-8.668,-4.478,57.164
38.36,-43.691,88.189,22.66,8.297,-14.037,94.739,21.206,-24.111,20.873,4.004,46.154
37.033,-73.37,74.446,70.465,33.343,-56.637,73.139,47.256,15.681,-3.402,-13.51,20.549
33.041,-54.975,56.052,30.469,59.781,-48.99,40.675,42.013,35.741,1.35,-4.575,13.048
31.955,-90.813,29.405,13.335,78.487,-50.99,10.642,12.754,43.143,15.546,-13.878,-1.672
27.833,-89.097,10.429,19.823,74.606,-50.084,-19.609,18.985,35.709,10.172,-17.312,-0.091
24.865,-109.915,35.78,71.691,54.025,-26.709,33.797,57.926,9.297,21.597,-17.829,8.188
20.546,-114.202,9.404,-44.598,56.754,-24.144,61.702,-0.518,4.8,29.484,-12.804,-6.106
21.549,-140.858,10.928,66.546,88.222,-39.841,23.301,69.94,0.562,-0.987,-36.19,-16.076
17.344,24.262,-44.188,-108.072,80.893,-31.697,-19.147,35.502,10.661,-11.114,21.417,4.863
29.041,-37.347,-115.352,-123.209,49.793,-19.336,-15.986,10.732,11.615,51.078,12.936,1.446
35.831,-33.675,-74.592,-134.381,26.953,-35.463,13.582,-23.879,-0.258,10.332,-4.36,2.557
42.583,-36.204,-3.873,7.224,16.99,-38.845,46.5,22.853,-12.793,-7.708,-4.182,3.332
42.783,-39.655,-22.749,-45.587,26.352,-26.43,31.626,-0.259,-22.972,22.55,-13.637,14.591
44.755,-68.416,-20.979,-22.25,11.583,-6.924,42.565,22.378,-10.401,22.049,-35.814,11.311
43.724,-85.696,1.379,-18.862,-7.74,-42.956,36.763,18.952,-29.57,-4.354,-6.431,0.602
44.671,-95.986,2.558,11.917,16.361,-21.641,31.884,1.315,5.844,16.872,-7.229,6.558
43.514,-108.893,-16.513,-20.041,16.243,-20.322,5.091,1.004,19.015,-1.465,-4.084,-2.154
42.664,-85.46,-16.598,-3.1,9.206,-26.33,-6.641,8.596,7.844,-18.886,-13.837,8.439
44.194,-68.899,2.123,-35.707,22.217,-17.188,-24.939,-25.088,8.248,1.04,17.069,-0.585
47.123,-75.174,29.957,10.686,39.412,-36.259,-23.157,-8.645,13.522,4.171,-19.472,-4.896
46.321,-71.9,14.752,3.039,43.138,-12.063,5.272,-9.835,31.138,-4.209,-10.829,-4.06
43.657,-62.876,20.884,67.512,7.13,-32.494,34.742,-6.252,-13.153,-4.926,-25.924,18.746
43.985,-59.519,40.924,40.026,34.441,34.349,27.177,-2.381,6.724,-25.231,8.281,-2.479
35.253,-62.329,3.565,5.474,-46.958,-52.954,22.745,11.899,-32.245,-11.268,-0.957,-9.738
39.679,-87.59,4.258,100.818,21.497,30.046,15.221,18.253,-5.61,-3.936,-10.132,4.739
28.476,-179.446,-7.581,-16.38,16.174,-45.291,7.939,6.242,-8.625,-9.311,-1.829,0.275
26.972,-184.215,5.325,-46.228,40.131,-36.552,1.919,1.504,-16.567,-7.147,-1.882,-3.576
28.338,-190.588,-1.51,-13.762,26.86,-41.87,9.315,6.979,-12.698,-9.862,-0.222,-1.667
27.119,-182.254,1.451,-12.024,36.583,-32.311,3.054,15.125,-16.81,-7.923,-2.795,-2.434
24.76,-169.819,-32.253,-11.927,44.459,-51.95,-13.397,20.263,-7.363,-7.181,-13.845,-1.357
13.764,-31.859,-118.918,68.728,23.342,-64.688,-48.741,110.31,14.433,-22.51,-15.182,-16.428
