13.235,-79.136,-48.517,-58.378,99.006,-40.303,30.783,-0.031,-18.825,22.602,-5.537,4.362
8.19,11.591,-108.495,37.267,42.51,-127.73,-21.9,117.144,22.558,-80.181,32.623,-22.94
18.624,-168.181,-124.954,-94.557,37.199,-64.287,40.441,8.842,-15.16,2.086,7.462,-9.287
21.394,-166.88,-78.048,-76.819,3.14,-52.75,46.112,2.223,-32.092,-5.724,-2.754,-15.334
25.053,-155.548,-45.483,-79.616,-20.803,-46.338,33.365,10.245,-8.819,2.933,5.78,-10.173
31.067,-80.353,-31.083,-97.788,-5.151,-36.983,27.389,15.685,7.664,2.37,8.004,-1.924
18.657,86.822,-119.09,258.412,5.707,-159.022,-51.245,83.509,18.033,-80.987,35.141,-20.323
40.906,16.373,-35.899,-91.082,0.26,-44.214,4.031,12.937,7.258,16.375,3.753,4.973
45.821,65.1,-48.194,-84.047,13.819,-41.723,-14.291,24.253,12.355,7.088,2.744,7.636
50.262,57.464,-23.465,-34.407,14.028,-19.889,14.695,-11.584,-3.329,3.679,-10.581,14.183
48.26,24.925,18.041,-13.196,37.771,-39.021,2.044,14.117,17.748,-5.53,-12.839,-0.095
51.087,21.901,9.222,-15.874,5.484,-25.571,9.949,-16.201,-2.25,-2.169,6.568,5.439
50.417,-23.406,26.271,-17.205,-3.319,-43.225,12.161,14.921,-10.641,10.385,-8.37,-1.371
50.256,4.157,59.789,-19.145,-2.014,-34.243,25.245,9.29,-33.291,0.931,3.123,16.45
51.279,30.611,30.183,-28.711,-0.07,-27.116,-5.019,17.545,-12.25,-13.507,6.512,17.676
50.812,62.164,44.311,-0.236,2.048,-31.57,14.783,5.042,-14.532,1.229,-17.675,18.423
49.866,10.879,19.943,-26.65,-13.447,-14.814,17.192,13.262,-24.447,-5.609,-3.569,2.996
49.115,27.728,42.39,-11.264,-11.621,-32.501,26.039,1.739,-32.342,2.178,-5.888,-7.678
48.839,8.449,46.992,-19.554,-13.328,-31.465,12.124,6.436,-41.227,-10.008,-5.346,-6.896
48.46,18.957,48.637,-19.566,-5.796,-31.217,22.366,-5.861,-40.716,-6.406,0.971,-7.512
50.416,28.087,17.003,-20.052,-12.165,-35.246,1.982,6.728,-17.727,-8.987,-1.931,-12.535
49.066,68.326,39.524,4.522,-4.83,-24.474,-11.11,1.479,-7.742,3.095,-19.02,-10.853
53.195,34.75,7.443,6.199,23.758,28.27,-32.793,8.131,-5.047,-16.142,-8.207,-10.775
51.617,-11.181,19.847,-14.185,30.961,-15.991,10.379,25.066,-14.223,10.108,-11.434,18.189
49.06,7.349,18.934,21.993,11.031,-9.858,-4.954,7.674,-22.046,-4.593,-7.642,5.067
44.869,18.347,53.77,-13.448,25.614,-32.204,3.287,-3.094,-2.741,0.604,2.673,6.352
47.737,36.439,33.094,-45.78,13.613,-21.119,11.941,11.287,6.908,-5.515,-9.946,12.355
52.934,31.531,39.281,29.548,-2.254,-43.52,-7.972,-22.672,-19.774,27.218,-13.314,3.582
49.469,65.727,34.35,16.066,20.709,-25.091,38.688,-12.78,-7.351,-14.332,-11.191,3.207
49.342,20.174,32.97,-14.932,19.426,-13.932,9.116,24.454,-14.128,12.782,-9.297,2.479
50.397,54.618,8.329,-12.085,9.426,-42.153,-19.662,4.782,-13.04,23.628,-13.859,6.133
48.098,-22.412,3.249,-33.533,5.234,-45.4,-8.038,-0.987,-28.061,11.217,13.792,5.681
48.763,4.311,6.187,-17.644,18.62,-52.562,0.567,13.417,0.919,-19.054,-2.118,3.801
49.817,-14.839,43.69,-5.301,17.883,-12.374,3.944,26.397,-11.787,2.461,-15.794,4.041
47.576,-8.045,17.862,-29.135,28.245,-29.227,-10.79,0.935,-20.889,10.54,-0.738,12.018
48.448,15.408,17.065,22.794,22.365,-46.289,0.875,10.449,-5.575,-16.525,-23.596,-3.26
44.424,12.562,8.442,-10.963,19.627,-39.31,17.21,-2.087,-33.826,18.538,0.982,17.277
43.111,1.534,13.235,-29.354,23.743,-22.882,25.463,5.741,-8.995,-8.063,-7.529,2.083
44.404,54.163,-0.166,-32.331,23.73,-31.475,11.922,-11.495,-20.847,-21.887,-5.013,23.138
44.287,14.677,-28.006,13.168,-9.204,-38.344,-17.225,-45.52,-21.986,23.341,-20.269,27.959
45.857,57.469,-7.792,-24.487,-20.348,15.784,-4.662,0.984,-11.716,-54.075,-29.511,-8.352
41.838,81.45,-20.753,-4.564,-7.751,-75.047,-7.492,-13.227,-25.958,43.742,-16.17,17.806
39.496,-35.327,-33.968,-64.626,0.521,-35.384,-34.721,7.008,-4.486,0.407,0.396,8.342
42.992,25.03,-37.944,-48.836,13.977,-54.547,-32.917,6.148,12.143,-27.727,12.949,-19.467
43.984,85.578,-44.395,-33.66,73.877,-24.126,-16.807,-14.472,21.077,-41.815,-1.785,-3.731
42.939,-3.615,-20.983,21.031,2.145,-34.253,-29.472,-31.352,-13.999,17.639,9.111,0.796
39.884,-26.287,-13.951,-27.176,0.297,-33.507,-12.399,6.226,0.497,-2.954,-1.757,-6.561
38.665,-33.817,-0.779,-44.308,2.756,-20.537,-10.409,-21.324,-10.677,11.31,-16.614,-9.568
39.665,-51.92,14.665,-26.326,-1.204,-32.717,-11.708,3.415,-16.284,-3.47,2.81,-4.822
38.334,-26.446,5.062,19.162,-14.766,-54.62,-13.131,9.42,-20.282,5.697,-10.58,-10.275
36.721,-27.19,-6.312,-38.138,-8.876,-31.736,-16.963,-8.371,-12.206,-1.686,-5.942,-15.462
47.384,0.465,35.222,36.538,18.697,-12.79,-6.412,47.788,-24.842,5.319,-13.019,-2.914
42.822,13.119,-33.542,28.072,32.61,13.125,-46.616,-12.454,-14.225,18.578,-52.304,-7.246
43.212,19.471,-18.714,17.148,-8.206,4.007,-56.507,-17.422,6.105,13.364,-44.132,-13.837
35.109,-16.883,-33.379,-31.856,12.631,-36.143,-15.481,-6.084,-33.355,-5.717,-9.071,-10.478
41.96,161.781,-51.944,-44.936,-21.286,7.562,-57.207,-58.51,27.101,-15.409,5.466,-0.821
44.326,46.98,-12.398,-25.314,2.04,-26.587,-75.565,-35.348,16.283,1.314,-10.849,-10.164
42.807,-13.279,17.33,47.835,56.945,-46.689,-3.891,50.375,4.351,2.289,0.443,4.494
38.51,-45.191,-13.244,46.293,23.302,-82.411,-65.36,-19.463,11.383,15.193,0.585,21.38
36.642,-73.069,-51.771,33.653,12.248,-23.353,-40.95,-0.221,-2.766,-3.033,-0.361,-1.659
38.863,-29.707,64.024,37.688,0.034,-40.409,35.848,-25.856,-54.317,23.099,10.22,41.238
38.192,-29.204,-46.129,16.244,-21.794,-18.199,-24.695,0.946,0.95,-29.949,-25.142,-8.307
38.481,192.392,-74.189,-20.307,47.927,-59.772,-38.231,12.565,5.772,-48.674,8.094,11.179
38.544,35.69,-13.286,-16.45,24.19,-38.902,-37.055,-78.948,-15.064,86.411,-17.828,-14.0
40.587,84.999,-31.171,-64.348,51.043,-19.087,-29.457,46.848,45.337,-53.633,-3.343,-27.872
40.077,-39.578,-48.962,-3.596,-1.327,-48.606,-49.158,-44.514,-15.301,18.506,5.908,11.969
39.578,-42.067,-11.542,-36.426,22.506,-31.344,-18.332,5.309,-15.081,-13.598,1.493,33.061
39.385,-56.752,9.716,-17.423,16.38,-38.563,-18.186,4.002,-12.518,-5.978,5.459,15.14
40.275,-64.307,11.631,-17.702,10.052,-16.446,-18.385,29.865,-14.118,-7.528,-21.322,7.536
38.775,8.847,8.954,-41.62,25.324,4.531,-15.276,14.468,7.423,-32.177,-20.469,7.955
36.265,18.461,40.902,-22.83,20.844,-20.901,-11.755,-7.035,-12.89,-8.107,-11.355,24.811
37.598,-11.806,36.664,-27.237,17.051,-23.481,2.23,-2.725,-20.331,-0.067,-2.528,1.205
39.569,-32.601,51.136,-3.628,47.208,-47.706,-4.357,18.511,10.372,-1.549,4.727,-6.259
38.748,19.91,58.857,-0.333,54.024,-23.022,-21.477,4.61,-16.727,1.506,-15.113,15.669
39.028,18.992,14.556,-13.607,37.835,-26.555,-25.114,-16.944,-3.119,-2.338,1.052,21.495
39.729,6.202,13.539,-41.564,30.202,-23.796,-14.021,0.799,-5.245,-5.978,2.077,25.071
39.9,14.241,15.943,-28.121,29.69,-26.627,1.034,-7.511,5.104,2.945,-6.909,19.542
39.852,10.227,14.388,-6.016,15.19,-47.932,0.997,4.779,-0.878,17.474,-12.569,23.311
38.72,-4.269,31.69,-20.101,31.7,-31.891,6.047,7.268,-7.997,14.876,-11.759,22.95
36.932,6.534,51.317,1.658,24.799,-42.824,-0.713,21.591,-10.568,0.432,2.243,10.077
34.761,14.341,55.18,19.785,42.229,-18.991,-17.464,7.007,-19.452,-2.598,-8.927,13.541
33.514,21.784,58.602,8.965,33.075,-28.928,0.275,5.717,-18.578,-4.682,-16.526,33.49
32.799,22.435,49.346,-1.135,37.037,-5.933,10.07,-4.157,-19.719,-8.142,-15.67,26.851
33.738,16.489,44.915,-25.597,60.669,-14.638,-38.463,-12.601,-11.877,24.584,-5.203,15.755
36.459,-22.547,11.234,-56.773,33.882,-49.781,-20.81,-14.88,-3.954,9.019,1.221,13.46
38.93,-5.182,43.37,-16.738,30.716,-39.356,-21.216,3.6,10.093,1.706,6.434,12.773
39.923,-4.51,30.152,-21.275,17.576,-32.242,-32.159,-0.376,-7.278,3.502,-8.379,13.6
39.296,19.607,33.84,-11.064,44.068,-37.914,-37.166,-28.806,-8.613,1.696,-5.821,7.068
39.586,30.936,33.508,-13.718,45.932,-37.491,-32.558,-13.202,-3.109,-4.941,-10.383,19.687
39.374,6.851,24.005,-23.504,25.669,-40.562,-26.828,12.021,-6.199,-6.128,10.068,15.894
40.472,33.783,36.985,-12.574,36.811,-21.041,-28.688,-1.363,-13.676,-2.042,-3.671,18.322
40.047,29.614,22.114,-34.02,19.149,-23.452,-18.965,-0.538,4.289,-11.797,-0.057,14.967
46.284,-32.845,36.634,74.007,18.516,-28.382,-20.791,36.116,-35.264,-5.437,1.348,-2.702
45.089,22.956,39.773,-4.339,43.192,28.873,-1.152,37.192,-14.9,19.789,-30.002,18.656
40.949,17.158,17.824,12.873,23.576,-44.791,-7.263,-22.989,-4.475,12.099,-5.953,27.669
47.001,-17.197,42.297,13.337,8.907,28.226,11.259,45.248,-14.416,9.469,-14.29,6.429
44.049,-30.308,53.338,-31.098,-1.355,-21.179,9.37,32.03,-12.978,8.133,-0.496,1.946
43.094,-23.538,7.414,53.513,3.997,-47.746,-16.382,14.921,-7.615,-4.366,-4.743,10.072
38.756,-4.649,33.932,-34.189,18.864,-0.558,1.737,-14.947,-5.493,-0.811,-29.579,17.554
37.588,35.172,-26.965,-28.217,43.676,-8.316,14.664,-38.933,26.092,-47.267,-18.028,22.22
38.041,-53.199,1.355,-13.011,15.246,-36.076,-14.902,14.569,-11.013,9.985,9.107,4.233
40.787,-21.541,40.343,-36.894,12.331,-12.432,-2.769,-17.16,-26.319,-7.272,-30.701,22.195
42.791,94.853,-4.663,-47.597,59.249,-29.916,2.267,6.728,-16.503,-44.738,3.872,24.329
43.984,36.728,-11.686,-17.89,17.73,-23.836,6.571,-25.548,-34.298,-8.92,-16.505,41.575
43.304,12.852,7.155,-22.883,11.954,-54.022,-15.518,-41.797,-28.428,21.678,-15.815,25.992
46.316,-29.457,14.54,26.278,16.273,-54.914,-35.534,-10.496,-28.254,9.245,-4.041,10.983
45.391,-61.528,-3.011,-22.632,-2.133,-26.752,-7.729,28.654,-31.13,-17.385,13.338,27.78
44.914,-30.662,6.334,-35.821,-13.421,-27.661,-0.32,22.181,-31.644,-2.73,2.555,27.21
43.311,-20.077,12.55,-11.546,12.112,-23.175,-25.896,30.474,-15.402,1.559,-11.603,0.407
40.355,29.269,72.128,-10.739,52.559,-22.338,-41.293,9.021,-18.589,-6.929,-5.883,5.728
40.742,51.095,70.387,-7.448,31.781,-16.052,-20.092,-1.779,-33.098,-13.447,8.142,16.51
42.268,31.396,89.718,-9.406,39.811,-10.928,-24.943,-18.669,-34.95,-2.344,-6.075,15.278
41.957,38.672,102.093,-3.997,45.287,-32.835,-16.116,-8.128,-25.741,-22.756,6.093,17.351
42.8,6.873,65.705,9.582,38.235,-26.634,-21.771,-1.764,-20.105,-8.285,-0.451,19.752
42.204,-50.255,25.362,-5.699,10.48,-22.357,44.577,-2.15,-5.11,14.225,-10.972,20.458
43.403,-83.83,10.065,-12.764,-5.455,-22.463,31.337,-8.444,-5.514,-0.844,-10.628,9.341
41.347,-99.142,7.039,-18.309,-22.851,-26.906,3.783,5.711,-11.342,-2.863,-7.882,1.566
40.035,-80.078,15.185,7.073,-11.084,-25.397,7.68,27.991,-0.631,-20.166,-10.29,9.556
34.835,-94.362,12.577,-15.27,-15.834,-30.59,13.414,-0.724,-6.23,-1.105,-5.323,3.592
40.255,-6.004,52.796,-134.232,19.032,-0.468,-20.01,73.423,-0.153,-9.649,0.099,1.983
48.301,30.681,-14.232,58.326,20.523,-5.579,-81.536,-78.645,-8.929,-5.537,-41.71,9.766
45.061,-36.481,19.533,-44.256,60.89,38.172,2.773,11.775,19.13,-32.254,-16.193,29.844
44.798,-23.888,-14.04,-13.962,-3.989,11.799,-39.169,-24.163,-5.078,-3.659,-38.529,-9.531
42.223,-69.944,14.359,-29.105,10.109,7.132,8.532,6.096,-11.16,-19.925,-44.483,6.279
40.537,-33.445,-34.121,23.726,-13.297,-24.344,-10.184,-58.581,-18.852,24.154,18.32,6.131
45.257,-15.443,-12.55,3.384,8.611,21.127,-51.285,-7.073,21.346,-14.851,-15.562,-8.295
45.929,66.301,-11.337,0.863,19.345,-62.255,-59.493,58.109,-9.097,9.887,20.3,-22.046
44.284,-2.17,-41.125,4.062,11.525,-23.841,-61.733,-18.409,18.871,-8.757,-32.266,-7.854
36.447,-19.337,-1.202,38.981,-1.537,-77.025,-11.565,-53.757,-15.604,34.267,-4.295,-4.181
42.733,-58.748,23.744,7.625,25.316,21.817,4.928,32.317,-6.758,7.942,-44.633,-3.333
38.337,14.153,3.393,-17.0,-0.178,-19.049,-22.051,-32.168,-3.794,6.724,-45.27,-4.836
38.084,99.554,-46.698,-39.657,37.62,-21.856,5.111,-33.83,24.812,-36.23,9.659,6.058
35.191,44.717,-26.304,46.881,46.055,-22.656,19.809,-65.09,10.101,-20.205,-31.777,3.583
29.446,-45.849,19.328,4.907,27.904,-57.551,1.962,-13.886,10.513,15.21,-8.313,-0.192
28.013,-73.556,14.113,-14.837,19.982,-27.231,4.243,7.234,-10.671,-0.176,-1.529,12.074
26.829,-35.77,20.459,-9.225,-0.329,-28.71,-0.713,3.227,-6.535,-15.714,6.048,0.267
27.649,-34.31,36.943,-7.391,8.257,-32.538,6.157,-2.362,-10.695,-11.329,0.594,7.058
28.61,-39.4,42.973,6.002,14.829,-13.056,1.569,-10.219,-16.359,-15.597,-3.898,23.736
30.559,-24.69,95.895,-116.836,17.588,-7.838,-0.648,53.624,-5.614,-1.59,5.423,9.152
32.258,116.834,84.264,12.944,-5.624,-30.919,-35.254,-11.665,-12.97,6.667,9.854,-15.554
34.896,72.471,111.473,19.731,48.977,-49.805,9.233,14.417,-16.236,1.417,2.728,-12.05
35.478,114.206,106.126,4.716,54.8,-21.003,-13.787,-18.583,-15.565,5.51,-5.867,-13.033
36.626,100.661,108.59,4.092,39.355,-18.411,-10.277,-5.123,-17.15,3.058,2.435,-9.156
38.854,82.325,110.587,-1.589,59.086,-27.564,-24.16,-4.788,-12.551,-8.928,2.516,-8.75
40.697,104.985,77.722,7.351,52.268,-38.939,-45.122,8.079,-13.9,-7.453,9.37,-2.219
40.258,104.36,88.319,-5.15,58.179,-25.371,-38.692,1.176,-21.743,-4.178,3.213,-9.692
38.965,95.57,88.528,24.407,69.126,-25.163,-42.649,6.648,-13.777,-5.585,8.006,-4.905
36.906,99.424,86.948,5.713,75.319,-37.918,-39.596,-5.857,-24.721,-3.215,10.899,-5.609
40.515,54.136,10.902,-20.606,25.942,-10.677,-11.937,-12.516,-29.162,44.959,-24.091,3.05
41.91,45.628,-42.556,-12.316,-4.448,-27.315,-50.109,31.646,-5.969,13.574,13.347,-15.52
37.634,71.493,-14.659,6.645,-5.936,-22.311,-26.915,13.894,1.47,-7.134,-4.094,-10.932
35.667,121.965,8.663,-33.372,16.784,-5.924,-31.082,65.006,-0.933,2.465,4.133,-21.218
41.094,-21.029,-30.248,53.997,28.372,9.063,7.834,30.41,3.613,-0.07,-11.388,9.811
35.001,1.738,-46.426,-44.479,8.612,-9.311,-8.367,56.749,-7.428,-23.272,-1.81,9.18
34.059,41.227,-50.633,-27.389,-19.495,-0.469,-25.652,-21.158,-12.709,12.957,-17.764,-9.499
31.095,63.975,53.961,-16.852,29.361,-20.721,-48.337,-27.31,-19.003,9.854,8.745,10.194
33.004,68.495,61.365,-39.16,32.849,-18.022,-48.401,-13.9,-22.743,-1.892,-5.249,7.565
35.367,106.94,65.764,-30.035,56.684,-27.262,-40.373,3.977,-13.686,-13.994,5.864,17.4
36.783,145.201,60.578,-35.722,63.436,-26.618,-52.561,-5.566,-20.208,3.259,1.281,9.895
40.579,145.9,62.461,-23.352,74.917,-13.771,-48.779,-27.814,-36.426,13.549,-13.004,21.911
41.923,102.032,37.635,13.588,83.845,-32.11,-49.389,6.28,-10.013,-6.164,-0.921,9.733
38.251,76.021,59.285,0.614,75.041,-39.882,-38.03,3.117,-1.097,-9.942,8.09,12.609
38.878,92.105,81.79,-15.826,64.791,-24.443,-26.392,0.727,-19.253,-4.889,6.203,20.866
41.587,137.421,95.842,8.238,58.391,-27.741,-36.861,-8.129,-28.283,-17.153,14.738,2.825
42.459,122.179,83.874,-21.207,49.038,-28.816,-43.89,9.048,-28.221,-7.981,11.025,19.071
43.488,123.645,86.537,-0.521,58.015,-27.995,-68.576,-11.536,-21.165,-4.241,-8.658,5.243
42.655,118.603,70.939,-9.252,36.046,-25.099,-61.328,-3.867,-20.408,-3.142,0.161,5.742
41.962,142.248,91.126,1.937,48.436,-19.354,-52.844,-23.458,-23.858,3.891,-5.068,7.439
40.826,115.226,62.001,-11.227,38.775,-17.633,-51.703,-8.631,-7.398,-2.192,-2.783,4.63
46.485,41.026,45.207,-87.86,35.905,19.451,-29.027,-11.61,-9.936,22.176,-28.416,6.388
46.393,32.631,-11.919,-61.497,-8.685,1.273,-60.324,-13.406,11.713,6.506,-23.648,-3.115
46.112,34.399,-7.206,5.011,35.516,-8.801,-63.301,41.275,-3.802,9.081,-3.325,-16.488
45.661,-1.844,-4.894,-35.324,18.522,-5.459,-32.479,37.181,-15.461,-11.983,-14.655,0.152
45.252,13.47,32.75,-46.752,40.983,-1.795,-13.899,-64.065,-29.061,35.405,-23.484,1.838
45.376,-31.699,12.313,30.671,5.596,-23.263,-30.954,42.395,-16.126,-17.673,-25.977,-14.268
44.004,11.002,11.608,-4.254,3.925,-10.832,-33.066,16.401,-12.086,21.39,-10.31,-6.568
48.383,-15.709,11.352,-8.523,36.24,24.681,-39.368,-13.812,-1.334,6.201,5.91,-8.345
47.778,48.835,-0.757,-49.195,17.255,-13.594,-9.723,12.259,-29.441,7.705,7.245,16.271
48.124,81.874,20.088,2.699,22.886,-46.921,7.725,15.339,-28.865,-3.553,-16.091,3.412
45.577,92.753,4.599,-34.414,30.685,-35.185,-11.08,-11.322,-30.029,18.347,-7.649,2.791
47.048,60.71,-10.546,-34.745,9.363,-31.321,-22.753,3.618,-21.89,14.902,-10.89,-26.971
46.952,87.05,0.109,-20.078,8.289,-39.518,-25.27,28.626,-15.186,-2.664,5.109,-5.887
47.113,44.398,-8.014,-38.335,5.479,-14.022,-17.934,-0.14,-18.198,23.162,-3.258,-2.471
48.475,1.588,17.144,-8.962,3.482,-29.392,-18.219,5.655,-9.752,8.71,-6.331,1.075
45.912,-10.959,16.227,-0.246,11.017,-37.922,-16.304,-2.617,-4.77,13.281,-14.018,-0.086
47.316,14.07,15.871,-44.564,-5.685,-10.545,10.843,-0.458,-16.974,-2.029,-0.998,0.239
47.913,7.529,13.823,-7.185,-0.953,-42.768,25.622,-4.512,-11.554,4.219,-0.46,3.074
48.262,20.647,29.599,-36.317,7.145,-35.218,24.359,14.224,-11.142,-6.151,-1.761,11.696
48.481,11.01,57.254,-25.573,12.996,-34.466,25.875,9.645,-15.419,-1.544,-2.935,-1.432
47.814,35.55,33.48,-4.007,13.919,-33.679,31.486,-5.18,-5.768,0.222,-8.5,1.18
47.83,5.856,64.573,10.82,36.214,-41.592,33.26,13.433,13.165,-2.287,-9.661,-12.764
47.369,22.104,56.643,-4.874,18.244,-26.615,34.406,16.536,3.383,-0.591,-9.233,0.135
46.993,25.896,39.161,-22.703,23.871,-35.613,41.693,7.923,15.691,-4.869,1.21,21.783
47.749,14.691,32.775,-4.922,15.21,-38.87,34.843,23.072,9.756,0.761,0.554,12.6
46.288,22.512,35.302,6.935,-2.351,-28.516,14.257,-4.619,-7.333,1.862,-2.343,14.021
45.933,18.952,41.996,-21.344,5.0,-27.572,33.077,13.978,-7.06,-1.84,-2.179,19.631
48.21,11.885,32.227,-41.009,-7.009,-26.078,26.251,27.215,-6.058,-7.299,3.79,10.347
50.895,-35.944,24.836,-11.297,17.686,-23.674,-13.74,-2.045,-32.323,6.286,2.565,5.327
48.913,6.868,13.508,-39.737,14.077,-16.342,6.441,-0.469,-6.565,7.045,-12.585,5.613
49.754,21.122,16.841,-8.964,17.284,-26.39,19.53,2.181,6.885,6.464,-3.01,-5.313
50.082,18.305,14.366,-16.017,10.64,-54.019,19.988,-10.194,-8.971,26.453,-7.21,3.803
50.392,31.218,16.225,-9.561,36.366,-40.983,18.127,-2.918,9.209,-4.783,-6.317,-2.173
47.987,17.091,50.256,16.311,26.792,-45.884,25.207,21.99,-17.099,10.835,-16.911,0.573
45.131,45.071,60.541,-7.025,35.585,-38.052,23.497,-11.338,10.159,6.392,-2.899,-3.066
46.87,29.186,38.257,-28.378,17.093,-14.398,20.079,-0.725,3.85,3.972,-13.993,7.309
50.362,153.105,27.388,-16.502,3.904,-10.727,-5.042,-20.814,6.413,-12.579,-4.57,-12.946
47.892,9.135,11.351,23.347,-3.724,-33.659,13.494,24.624,-13.927,14.099,-3.944,12.923
47.868,60.51,18.064,14.146,15.472,-10.975,37.181,-39.061,-15.251,-4.567,-3.073,3.008
47.064,42.18,4.583,-33.721,37.472,-20.61,23.513,-0.947,4.5,-1.836,-0.024,-4.243
45.547,-17.848,34.295,20.572,-1.592,-58.224,18.463,15.035,3.482,13.549,-14.532,-19.195
43.826,-4.702,51.873,-24.505,1.786,-38.807,4.846,12.689,-5.564,-1.646,-7.888,-3.511
44.501,14.314,55.596,-39.277,15.909,-24.42,9.421,11.917,-6.67,0.476,0.801,6.849
45.797,44.388,44.456,-4.012,13.131,-24.154,8.524,8.769,-4.29,7.015,4.158,-0.358
46.456,12.086,36.26,-3.668,15.865,-25.97,-7.611,7.915,-0.601,-5.945,-3.694,-0.136
44.81,24.88,65.481,-24.088,25.156,-26.834,27.028,3.948,-9.472,-11.295,-0.18,18.516
44.629,5.236,53.805,-16.125,29.82,-29.831,29.404,9.591,1.726,-13.16,-5.84,18.938
47.4,11.645,68.163,-26.847,24.652,-9.087,2.284,-3.547,-6.919,1.12,-3.016,-5.136
47.123,3.107,39.02,-15.755,53.101,-33.721,6.757,8.908,-14.664,-4.802,-4.862,20.064
48.529,10.85,47.01,-10.31,47.904,-22.258,-2.355,-17.023,-9.791,4.226,0.386,13.234
48.355,16.544,53.907,-5.942,41.248,-38.85,-7.979,-13.129,-19.475,-3.531,4.805,13.769
49.633,12.67,53.413,-18.185,25.788,-36.577,3.56,1.367,-14.824,4.281,-5.089,14.102
48.932,-15.144,74.474,3.697,54.225,-34.189,15.687,8.946,-20.449,-14.741,1.731,13.891
49.163,-8.092,50.019,-0.727,17.793,-27.798,31.441,3.986,-33.517,-16.585,-7.332,21.932
49.74,-2.815,40.488,-18.362,38.995,-33.246,27.08,-0.624,-9.474,-10.635,-1.352,13.619
50.455,8.66,27.212,-31.26,35.176,-44.554,0.545,28.996,-30.13,-3.793,13.825,19.686
50.784,44.507,8.561,12.577,28.369,-31.336,30.854,10.717,-11.626,-10.352,-16.83,8.281
50.523,-12.089,27.652,0.805,35.125,18.226,-11.362,2.449,2.997,-0.968,-25.833,-6.06
50.261,-8.017,50.184,-64.16,20.584,-8.959,-5.177,16.052,-20.987,5.045,-16.579,3.272
48.978,-18.791,3.3,-7.321,33.408,-31.66,-0.393,-17.824,-20.524,-42.105,-2.563,4.538
51.56,-21.347,42.576,20.211,27.626,9.11,-33.393,-13.786,2.085,-3.155,-5.632,-14.368
48.645,17.915,0.597,-6.189,39.653,-50.954,9.228,-26.765,-22.86,9.746,-11.756,-9.384
49.035,-16.962,17.53,-10.689,22.003,-15.783,-6.119,-6.148,-23.345,-8.161,-23.37,6.164
50.026,7.44,21.871,23.66,1.329,-21.6,-17.86,-17.128,-6.685,5.777,6.131,-1.364
48.7,-20.38,35.191,-18.973,3.042,-22.796,-9.686,4.144,2.83,-3.823,-10.058,-8.089
48.014,67.461,21.56,32.639,55.324,-27.946,2.113,-32.126,5.031,-33.373,-8.56,-1.032
44.196,-6.275,56.612,-6.741,10.519,-34.519,9.314,15.18,-10.299,-8.573,-3.207,10.943
48.337,-12.761,47.499,-32.016,36.222,12.342,2.03,6.364,-10.592,1.361,-25.466,-0.339
47.305,10.94,6.383,-17.42,29.126,-40.197,-5.497,5.047,-24.634,-38.651,-1.737,-1.676
48.933,28.166,1.806,-15.909,30.137,-30.368,-7.111,-60.353,-18.738,11.282,-32.41,6.83
47.844,-45.999,15.961,-28.438,17.423,-20.323,-20.042,3.853,0.307,-10.894,-7.492,0.177
45.881,12.009,28.823,-3.782,27.369,-30.959,22.39,-22.448,1.032,-5.946,7.152,-2.913
46.788,-9.881,58.628,-9.439,10.682,-42.308,10.673,2.617,-1.45,10.395,2.36,4.758
47.806,5.982,62.391,-6.491,6.688,-40.824,-4.188,4.226,-5.51,3.155,-0.226,2.529
48.415,-19.404,52.944,-5.184,33.218,-28.644,-27.013,-7.8,-17.854,2.534,-1.974,11.12
48.729,-11.726,61.901,-10.915,24.603,-35.561,-2.852,12.092,-5.684,4.776,-2.476,1.903
48.848,6.218,40.323,-18.179,-6.911,-37.83,18.11,6.42,0.371,17.592,-0.379,-16.368
53.831,79.077,1.801,-19.062,39.502,-30.32,-28.487,58.189,13.063,-26.88,-1.397,0.528
53.039,20.516,0.036,17.381,-7.648,-20.396,-38.917,-42.765,-7.186,14.165,-0.632,13.6
51.048,-12.906,-6.793,-5.461,-5.156,-27.963,-20.085,-7.096,-10.904,2.979,-4.015,-8.098
51.026,36.219,-26.575,-37.563,20.831,-38.977,6.505,8.121,-20.515,-4.386,-6.774,-1.839
53.731,30.216,-10.566,-17.694,-8.572,15.147,-47.906,-9.06,4.188,-22.563,-13.745,0.168
49.231,-29.292,-5.539,-24.628,3.066,-22.042,-23.2,22.525,-4.071,-9.306,0.83,-6.695
53.485,-10.877,15.619,5.149,20.727,-31.463,-9.016,24.743,-23.369,7.9,-28.431,-9.359
50.545,20.54,-22.757,-23.527,38.043,-41.108,-14.405,55.74,-11.466,2.998,0.574,1.322
49.405,-2.038,-46.201,-35.842,11.886,-56.365,-13.39,-7.292,-18.106,11.547,-0.852,39.554
50.81,-25.121,-6.647,-9.271,1.893,-5.697,-13.269,13.115,-6.819,0.141,-15.068,-1.192
49.49,-17.188,-7.458,-47.497,8.151,-21.873,-8.662,3.829,-5.359,9.339,-20.996,7.199
49.86,-12.726,3.2,-36.459,-24.603,-36.382,0.443,1.811,5.807,-2.36,-6.163,-17.468
51.037,70.401,-16.665,-5.633,-8.563,-38.724,24.23,-47.754,-6.924,0.716,-14.401,6.058
50.324,8.566,5.583,-14.398,-12.948,-31.388,39.366,-5.184,-7.61,5.805,-19.158,18.611
48.525,19.104,-8.445,-22.845,-10.537,-45.968,8.65,1.01,0.97,19.869,-16.95,-5.98
47.516,7.568,3.681,-16.794,-9.269,-36.597,13.013,3.768,1.406,-3.271,0.336,-3.284
47.303,15.073,10.533,0.724,-15.349,-31.904,16.462,-3.406,-4.133,-5.085,-14.816,-6.507
48.049,-12.131,2.968,-13.545,-19.307,-18.367,21.709,18.741,3.729,-2.112,-6.732,0.782
49.337,-17.937,9.908,-29.584,-9.295,-32.209,16.02,-3.167,0.505,10.046,2.409,-2.538
50.865,-0.624,24.482,-33.933,-10.002,-43.252,26.8,19.479,-2.934,-5.014,3.758,2.163
51.714,12.694,20.775,26.436,-6.119,-26.892,6.249,14.162,7.057,-2.65,-16.298,-2.486
47.915,26.535,4.049,-46.127,-2.039,-29.956,9.486,-3.819,-4.069,11.176,1.38,5.875
50.235,24.687,28.517,-22.016,5.687,-26.433,3.938,3.414,-4.214,6.487,-3.176,15.989
51.527,21.112,16.657,-16.291,0.426,-25.183,-2.471,5.514,-2.595,2.987,0.527,10.226
50.752,9.302,33.646,-30.343,8.233,-31.546,16.064,23.736,-6.106,-7.314,2.559,-3.12
49.209,46.724,26.712,-11.061,5.643,-23.639,19.506,-13.905,5.333,2.541,-25.992,6.364
48.978,30.159,8.738,-16.26,-0.52,-31.054,13.537,15.827,14.122,7.144,-5.456,-0.004
49.257,47.088,32.67,-13.161,-3.446,-48.589,19.922,4.46,-2.817,14.604,8.59,4.064
50.137,42.707,46.343,0.928,13.708,-26.389,17.574,4.119,6.364,7.16,-8.095,1.954
50.483,36.028,24.9,-30.857,4.549,-27.799,13.918,-9.995,-2.033,10.278,-4.978,3.374
52.045,39.927,33.438,-13.058,7.028,-39.186,-4.842,0.54,4.431,5.112,-6.284,-5.412
53.711,70.745,29.812,48.508,9.197,-26.022,-6.75,1.443,0.816,6.067,-20.924,-8.606
53.229,29.417,32.434,-18.259,-0.192,-15.09,19.778,-0.276,-17.947,10.471,-10.713,6.32
53.41,76.13,-8.875,1.071,28.388,-25.334,11.859,-42.268,-22.215,10.985,-16.193,13.107
50.383,47.534,-12.281,-33.173,23.251,-33.165,-6.133,21.227,-9.754,-5.525,-10.081,21.484
45.491,147.839,47.739,21.079,41.955,-52.122,-1.67,-41.587,-56.362,-0.678,10.036,2.32
46.011,51.025,-15.729,29.038,6.524,-33.453,-26.396,101.837,-26.758,15.571,-2.742,12.474
43.041,83.364,42.535,-92.041,33.51,-9.559,22.858,-21.813,-29.422,67.17,4.919,19.814
47.277,57.268,34.216,-5.916,10.432,-30.94,6.341,10.985,-11.299,3.582,-7.723,10.353
46.883,52.268,24.713,-22.973,5.943,-44.696,-16.779,3.544,-8.512,25.258,-11.177,7.96
47.906,48.016,30.562,-5.671,25.377,-25.855,-2.781,25.958,-1.41,0.142,-4.354,11.335
50.141,69.839,-1.254,-40.347,2.552,-22.025,12.812,-12.576,-1.372,12.444,-2.28,9.695
49.819,65.785,-12.268,-25.152,23.486,-35.863,27.508,-16.746,-5.332,-15.824,-19.684,6.285
50.938,0.66,22.163,-21.313,16.783,4.554,1.43,21.291,-3.716,8.423,-4.619,15.66
49.104,66.412,9.167,-21.564,35.591,-31.197,29.993,11.249,-5.88,-11.515,-1.573,8.995
47.393,11.332,21.594,10.403,18.014,-44.28,22.48,-17.458,-8.146,7.195,-0.053,-6.295
46.727,3.133,34.522,1.252,18.774,-51.208,46.172,4.04,-6.35,-4.101,2.23,8.496
44.623,-16.414,25.118,3.917,20.765,-26.664,33.357,-5.327,1.982,-24.998,-21.46,11.696
42.251,-47.725,48.45,-50.321,5.699,-35.395,27.111,22.585,-0.211,-3.788,9.194,-7.258
44.339,-6.591,45.507,26.047,11.264,-19.045,-8.626,7.36,-15.348,-16.907,-8.725,18.784
46.998,20.448,36.483,48.369,24.249,53.031,-8.036,3.905,-18.402,-29.935,-40.755,14.657
44.402,41.914,14.372,-60.792,19.822,34.144,-39.866,24.015,-5.696,26.209,-24.743,-18.162
39.166,-49.742,-27.444,82.584,23.935,-45.361,-35.219,-18.995,-35.68,64.125,-33.516,-5.57
46.3,46.064,90.666,-54.83,37.128,62.988,38.889,8.893,-11.426,19.923,-2.89,1.498
43.872,22.145,34.064,-41.636,75.711,-41.81,-15.218,23.874,-36.466,26.367,11.597,11.487
47.235,-53.143,56.654,-5.023,38.449,21.881,4.41,8.663,-12.078,11.146,-6.625,2.156
45.701,-34.751,40.071,24.663,22.683,-31.669,-24.446,10.428,-6.666,-2.911,16.247,-4.397
45.358,26.451,75.486,24.094,48.095,-26.323,-14.22,-10.297,-43.058,-16.611,27.828,9.651
47.744,-24.976,49.719,13.097,39.58,-14.211,13.211,-12.328,-12.604,2.214,-2.986,11.181
48.737,44.312,0.03,-17.472,49.748,-30.194,20.238,-43.363,-14.057,-4.379,-13.67,9.225
47.648,-50.363,52.715,-13.108,7.947,-36.99,31.287,2.992,-11.839,-3.761,-0.906,20.54
48.081,-44.442,36.488,-23.975,1.539,-3.286,38.945,-6.833,3.224,-12.015,-24.923,5.514
47.826,-80.541,28.422,21.341,14.35,-23.323,24.796,-15.459,-25.017,12.217,1.183,15.437
43.827,-46.984,38.602,-9.913,-10.936,-46.849,44.048,35.068,-10.583,-20.058,6.726,22.818
42.987,-58.113,-17.722,-1.797,5.808,-41.208,8.258,4.961,-32.97,13.088,0.923,14.402
42.288,-14.775,-3.75,-61.453,12.828,-20.363,18.751,2.895,-0.253,-28.762,-7.755,17.038
41.495,-7.304,54.788,23.517,68.045,-75.904,-19.172,-24.361,-15.417,21.829,-15.737,-14.401
39.333,-35.636,-19.92,147.952,36.721,10.686,-24.78,14.15,4.686,-22.578,-75.417,0.325
25.386,-111.874,73.32,-112.894,76.07,0.217,-0.572,-7.685,-19.25,9.785,6.775,7.283
32.731,-115.6,61.047,-19.321,59.943,-32.6,-1.709,-2.8,11.909,1.189,5.976,8.236
34.934,-137.948,66.919,-7.542,74.374,-32.114,-34.466,-9.558,0.821,-3.944,0.848,-0.535
36.298,-146.0,61.222,-27.917,83.253,-22.578,-48.261,-13.751,15.852,-11.974,10.039,-9.468
38.131,-110.033,75.598,3.86,78.649,-42.521,-29.1,17.368,3.191,-2.035,-2.96,13.897
37.633,-65.975,72.06,-6.957,78.233,-26.081,-9.911,-4.123,8.832,-10.883,1.988,14.533
41.594,-30.888,-18.049,-35.517,39.731,-30.612,-12.223,19.317,12.462,-22.47,-12.914,-10.558
38.689,-88.425,10.154,-10.049,26.259,-40.959,11.834,8.371,11.286,4.862,-3.909,7.348
37.671,-118.238,6.358,-17.074,2.956,-44.161,6.753,15.105,4.87,-0.508,-0.003,10.223
36.499,-112.895,0.59,-22.556,-0.337,-39.195,9.53,19.106,13.913,7.944,3.786,4.886
36.32,-80.663,16.364,-0.363,8.131,-28.385,-3.82,-14.687,13.911,3.486,-13.017,2.768
31.741,-88.668,38.944,-23.421,21.384,-43.338,-5.199,11.023,7.474,-5.049,15.862,11.143
33.857,-76.538,42.343,-17.325,20.887,-37.215,-9.948,-12.343,-10.326,-7.021,5.622,6.588
36.35,-64.403,55.669,-51.041,6.115,-32.66,9.851,6.345,-4.638,-5.968,8.076,-2.388
39.647,-46.965,24.836,-7.603,-32.763,-43.249,28.231,1.308,-17.449,2.897,-12.293,1.456
40.087,-44.049,17.353,-3.502,-20.115,-23.907,15.032,-12.825,2.118,-3.063,-7.253,-3.322
39.616,-30.735,24.616,-34.627,-20.644,-29.621,5.514,4.502,-3.169,-3.371,-7.327,-10.639
40.072,-31.248,6.029,-3.727,-17.547,-25.885,-5.958,-18.599,-10.532,1.613,-13.818,4.45
38.627,-66.58,14.812,-30.632,-20.241,-36.054,-12.525,1.434,-7.905,-1.7,3.037,-2.933
47.479,12.52,4.859,57.983,20.554,-13.36,-19.768,26.181,-14.32,14.985,-29.75,-9.895
46.343,-4.63,3.071,-1.543,15.348,-11.546,-63.777,12.162,-7.39,46.018,-15.232,-21.278
43.858,-28.609,-7.413,-32.644,4.264,-3.466,-40.526,20.442,5.368,-16.781,-14.064,-8.146
42.606,53.302,-21.424,-36.738,-16.376,-57.844,-28.508,-14.073,-17.806,15.993,-3.495,14.9
43.504,17.591,-14.065,-22.433,-7.977,-5.324,-35.044,-14.733,-9.524,4.753,-24.591,4.89
41.633,60.915,-31.553,-31.076,44.681,-16.557,-12.904,-22.279,-24.243,-23.403,-2.6,1.811
38.367,-34.652,25.939,-29.083,7.319,-19.849,-27.546,-5.423,1.527,-4.3,-5.463,-6.39
40.292,-37.299,-4.457,0.009,-6.794,-72.228,-43.237,-5.663,-3.176,-3.668,-0.907,-3.367
44.716,10.15,41.218,-41.64,18.769,10.623,-41.204,-2.078,-27.733,24.391,-38.495,8.948
43.518,66.258,-18.246,-28.573,21.418,-30.208,-19.16,-66.427,-28.295,-3.893,-15.537,3.719
44.277,47.977,-13.188,-52.831,17.261,-35.738,-46.849,43.427,-12.743,-5.251,2.054,-5.338
46.901,-9.61,22.129,2.365,32.373,19.948,-20.243,11.152,6.641,9.332,-30.713,-15.237
43.546,-16.685,-11.593,0.436,-16.977,-39.947,-23.603,-12.22,-4.026,-14.726,12.403,0.939
41.831,90.603,25.919,1.718,18.901,-18.305,27.876,-16.074,-11.054,-58.734,3.549,34.586
42.298,8.908,7.375,-12.103,21.192,-60.77,-3.981,65.851,-10.921,-19.664,9.218,7.415
43.509,-9.974,27.709,-31.17,30.464,3.219,9.36,-26.573,-23.288,37.17,-44.354,13.968
43.464,-46.598,38.182,-1.695,27.513,-16.314,22.799,55.274,-0.523,7.938,-4.228,9.512
43.055,-27.702,27.708,-30.115,9.542,-11.717,-19.575,-7.233,-17.84,15.894,-7.547,29.555
44.057,-16.836,8.44,-2.879,13.69,-23.79,-1.558,28.547,-8.749,-6.15,5.629,3.5
43.157,-12.872,15.997,-19.09,4.023,-28.299,11.887,19.043,-12.555,2.294,-3.069,8.167
41.497,6.219,29.773,-18.928,-15.453,-32.291,10.798,-0.691,-1.669,-1.386,-0.896,6.721
42.07,-18.003,30.636,-12.433,-26.814,-34.917,44.996,29.056,-25.173,-9.552,-14.16,31.815
41.236,23.228,16.763,-22.092,-39.353,-35.958,15.596,0.383,2.365,6.178,-1.244,-4.244
45.57,12.379,17.408,-23.458,12.308,-0.244,-24.247,-7.508,2.649,22.27,-0.997,-4.616
50.416,85.749,26.049,0.691,19.225,5.345,-50.673,-7.761,11.993,-5.458,-7.25,-4.597
50.576,40.583,33.755,58.46,46.166,5.869,-16.154,8.39,-12.371,-14.561,-28.125,25.624
44.505,52.415,-7.855,-8.358,42.154,-34.571,11.632,-47.706,1.328,-2.282,-4.457,-22.827
45.428,29.726,-11.956,-32.23,25.233,-41.412,-17.693,25.218,-2.785,-30.497,10.718,-10.19
46.083,-18.088,15.144,18.683,6.448,-54.348,-34.714,-7.058,-7.661,7.462,7.859,2.354
45.206,-35.154,4.446,26.382,19.721,-22.546,-17.209,-1.077,-24.177,4.601,-13.418,6.714
47.174,17.716,18.333,2.464,37.64,20.02,-36.099,66.618,-2.027,-19.321,-1.569,-19.209
44.875,-20.993,13.089,-2.719,40.302,-20.654,-24.557,-25.957,-21.953,37.614,-19.27,11.796
44.285,-45.34,8.187,-13.814,8.332,5.224,-23.506,6.444,-16.117,-28.618,3.556,17.395
42.856,-14.666,14.666,-9.553,-5.225,-37.121,-17.427,40.075,-10.113,-13.009,3.945,6.043
40.418,17.269,12.656,1.318,10.205,-46.419,6.663,9.343,-5.24,6.865,-3.834,16.541
39.092,-8.335,33.206,-26.51,5.069,-32.748,23.147,-9.527,-12.475,10.527,-6.565,25.159
42.178,-50.661,-19.795,-2.695,12.279,-28.272,-6.601,-0.825,-4.803,3.532,-5.071,9.076
43.467,-35.119,10.429,-30.814,6.687,16.805,20.353,38.627,-0.79,-21.7,-25.475,29.539
40.427,-7.731,-2.262,-32.149,31.066,-26.525,12.232,-15.134,-5.129,-16.097,8.074,-6.718
40.794,-31.284,23.345,5.823,1.575,-41.642,-12.406,-11.602,-26.344,-0.012,-14.174,1.207
39.536,-63.499,21.913,-7.389,-8.256,-29.319,21.025,0.542,-27.976,-1.619,-0.667,27.921
42.13,-16.101,18.459,-24.815,13.857,-1.368,-0.543,11.081,13.128,-7.396,-21.979,5.822
41.211,-27.016,7.203,13.58,18.352,-37.913,9.19,20.09,7.001,0.514,-5.723,19.338
37.282,-40.047,18.474,-2.896,9.526,-34.277,1.51,22.506,-26.061,-8.844,-5.986,31.615
36.173,-31.228,11.753,-29.721,1.613,-26.217,-6.81,7.262,-21.836,-6.766,1.762,11.76
38.218,-1.143,39.649,-44.586,-14.968,-32.307,7.897,26.516,-24.807,6.95,8.33,29.836
40.609,26.74,41.425,-34.633,-22.876,-25.752,8.055,-3.561,-9.243,8.713,-0.14,13.083
41.637,10.361,67.762,-2.585,19.912,-38.802,31.556,15.495,-13.006,5.6,-7.75,31.891
42.712,18.46,53.02,-15.127,-5.094,-37.695,11.85,-6.669,-23.316,1.658,-2.98,-3.09
45.023,-16.622,8.849,-10.19,11.349,-5.319,-15.52,14.151,-18.009,4.625,-21.966,6.553
46.682,-37.501,-12.114,21.783,25.555,-35.444,-27.426,12.624,-21.985,13.413,-6.43,-17.269
45.058,-32.311,20.362,-66.581,11.168,-12.943,-5.821,14.558,-15.769,7.182,-19.426,5.828
45.44,96.743,9.305,-21.541,3.507,-8.331,-1.077,-4.581,17.837,-43.325,-12.88,-7.277
43.956,15.971,50.142,5.677,-22.579,-26.646,48.885,14.194,-35.659,-7.76,10.98,46.483
44.581,-0.784,45.544,5.785,4.376,-21.283,10.057,28.101,-14.135,-3.082,-4.506,18.274
43.433,29.972,28.355,-30.674,-11.448,-37.774,-19.558,1.555,-6.326,1.763,8.219,2.266
44.843,3.858,7.809,-19.689,5.226,-43.045,-8.335,12.598,-30.683,-2.269,-3.006,26.236
44.325,73.057,22.377,35.685,46.237,-48.599,46.621,-30.195,-16.473,3.64,-9.069,23.375
44.931,120.453,45.729,14.275,23.593,-40.958,9.116,-37.52,-21.579,-9.826,-4.952,6.677
45.687,-16.583,7.872,-16.991,7.888,-19.693,-10.382,9.147,-10.214,5.477,-1.161,10.217
44.971,5.079,6.762,-22.691,-11.129,-33.965,-1.053,-6.888,-6.185,1.471,-9.851,-4.626
44.316,-2.983,18.949,-25.39,-13.183,-41.105,-2.053,-5.474,-8.406,-2.476,3.977,6.522
47.211,103.744,14.487,7.932,12.835,-0.045,-20.909,-31.142,0.965,-30.993,-16.565,-3.034
45.03,0.246,29.118,5.795,5.822,-54.912,4.1,10.464,-1.637,2.721,0.149,-0.938
43.204,7.724,11.08,-10.841,-18.043,-44.522,-3.443,-0.787,-17.59,7.383,4.204,16.941
42.958,72.482,5.155,-1.642,15.198,-47.816,-11.132,-45.966,-3.087,13.854,-9.47,17.903
40.109,-8.221,3.676,-10.015,-11.224,-35.883,20.2,-2.656,-0.724,-3.599,0.085,17.131
39.355,-6.785,21.655,-4.166,7.63,-41.791,5.924,-1.426,4.534,-7.441,-2.463,9.286
38.851,-28.336,17.036,-22.954,18.169,-40.386,4.849,0.354,1.103,6.776,-10.653,27.294
41.424,4.391,0.666,-32.459,23.875,25.138,-22.33,11.44,13.685,-24.874,-26.094,4.208
42.31,3.117,-42.002,17.492,-0.175,-21.547,-43.26,-28.146,7.933,-4.712,-23.445,26.663
41.825,-4.417,41.013,-35.992,14.34,-43.273,-18.621,-17.501,-27.607,12.445,-24.239,0.054
42.838,-15.67,26.887,-66.062,1.799,-7.04,-12.949,-18.53,-14.77,31.391,-29.143,8.004
38.664,-8.796,-21.937,4.142,4.136,-49.631,-10.346,-26.747,-17.389,23.734,-10.413,4.849
43.349,-45.581,17.299,49.212,37.675,9.725,10.586,11.948,9.917,9.323,-29.748,5.191
37.801,-64.317,-49.203,-5.48,12.568,-44.641,1.153,1.367,5.202,1.229,1.471,10.756
39.21,-26.729,4.44,-74.684,-12.623,-10.449,16.26,0.652,-15.299,4.206,-23.277,9.19
40.208,-2.728,13.919,1.412,-11.416,-11.294,15.724,13.755,-6.008,4.729,-19.18,-11.03
38.28,-10.778,52.981,-42.366,-10.024,-20.82,30.183,8.87,-8.334,-0.674,4.114,11.956
44.94,12.3,34.073,43.952,3.818,-13.617,-7.592,9.497,-19.184,13.311,-9.923,-2.454
45.003,19.553,32.292,-16.814,38.847,15.584,-4.163,-13.434,11.883,-3.131,-42.805,-11.561
43.335,3.023,38.091,-16.973,-7.353,-16.372,-7.54,9.219,-19.541,-1.228,-7.952,-5.535
43.628,-9.921,39.645,6.962,7.002,-27.918,11.906,23.611,-6.994,1.289,-9.429,4.23
42.741,-6.751,14.81,-24.392,2.217,-25.703,14.428,4.056,-7.659,-8.599,5.947,29.237
43.162,27.687,16.993,-27.372,20.556,-30.749,-12.143,26.098,-7.119,0.194,2.905,13.777
44.928,-12.819,7.774,-15.398,7.023,-17.448,10.818,19.358,-7.894,0.56,-10.578,4.384
44.005,2.862,34.933,-15.644,6.89,-11.805,3.637,24.47,-7.911,0.939,-7.972,10.506
42.794,50.666,26.513,-27.096,-5.323,-19.853,5.274,-29.563,-13.635,28.647,-32.338,13.83
43.013,18.6,32.077,-24.897,32.161,-5.4,5.279,30.991,0.244,-6.227,-15.883,24.104
42.838,2.294,43.094,-17.439,25.867,-3.218,-6.836,-4.911,-17.303,21.447,-21.464,3.521
42.221,17.901,38.428,4.705,1.885,-44.819,-6.299,-23.252,-4.063,28.652,-9.991,2.823
43.574,-6.549,2.765,-17.138,2.313,-41.744,-3.446,15.701,0.78,-1.084,4.46,8.993
43.584,21.191,7.487,-33.102,9.742,-29.033,-4.683,10.079,5.044,13.03,-12.354,19.622
42.59,-4.252,49.391,-7.93,31.66,-34.637,20.184,26.158,1.723,2.08,13.356,21.686
41.992,36.028,50.621,6.314,-19.273,-30.407,-7.298,9.452,-11.886,-3.544,4.425,26.351
43.087,99.448,0.847,-28.392,3.644,-9.396,18.383,8.341,1.174,-40.174,-15.741,16.155
41.506,12.883,7.306,-14.548,-1.469,-22.886,-9.2,9.799,-5.512,34.685,-30.993,7.729
39.575,-17.546,-16.712,-20.609,-7.715,-22.12,-8.888,11.249,2.103,11.085,-0.005,-3.952
40.211,11.032,23.462,-48.354,-7.534,-12.122,-10.235,-8.424,-17.72,25.367,-6.333,-0.039
41.854,24.006,19.785,-19.385,-12.93,-20.071,12.277,-3.131,-12.396,7.274,-10.074,3.659
42.585,3.422,21.581,-30.206,-16.771,-36.578,7.915,12.066,-14.805,-11.128,7.787,1.066
42.395,21.379,40.226,-19.759,28.681,-21.327,-7.529,-0.074,8.687,11.649,-2.313,1.096
43.216,-7.835,16.991,-21.179,35.112,-28.038,-38.812,-15.081,0.796,1.077,-10.61,8.131
43.0,-12.231,30.143,-4.699,30.218,-26.119,14.442,8.998,-1.23,0.387,-1.704,22.634
48.088,24.481,0.776,43.63,11.752,12.662,-48.902,-20.396,3.096,-11.369,-7.407,-24.042
45.907,-33.328,2.848,-13.528,16.043,-13.586,-5.921,20.445,-12.53,11.868,-33.215,16.33
39.169,51.163,19.935,10.357,21.126,-47.761,-0.2,-17.89,-9.005,7.001,2.354,6.575
37.853,35.071,22.57,-13.859,2.023,-48.556,-37.182,3.675,-13.087,7.609,2.783,-7.144
42.415,17.082,22.153,-81.746,9.484,31.593,-31.565,-7.784,0.15,1.584,-44.156,-1.218
42.282,-23.024,-26.656,-5.576,2.772,7.516,-44.774,19.915,10.264,-14.362,-9.34,-9.844
42.904,19.757,-43.948,10.374,17.704,7.678,-28.789,-39.553,-23.001,23.647,-25.093,-3.544
37.492,87.926,-26.381,20.851,23.323,-49.531,-38.018,-39.354,-8.007,-24.956,-28.87,-14.632
39.658,22.136,7.652,-36.904,21.192,37.079,-3.441,-54.755,-19.194,-11.261,-4.975,-0.311
40.449,-87.629,0.32,11.313,13.982,-17.816,0.008,26.765,1.175,-5.403,-12.06,-7.954
41.995,-46.185,-3.723,-49.555,2.581,7.364,-5.653,19.824,14.697,-1.728,-23.347,-15.959
39.831,-65.614,-2.32,1.321,-14.593,-53.231,-17.81,-6.073,-3.8,3.825,2.323,-17.911
41.212,-7.507,-5.388,-49.903,3.427,7.321,-29.989,7.602,16.501,-26.993,-3.738,5.311
40.87,57.605,-51.293,-44.34,16.332,-31.638,-19.299,18.746,-6.496,-10.831,-5.761,-16.507
40.771,70.387,-60.577,-33.996,44.718,-18.98,-7.83,-37.385,-0.305,-14.166,-33.163,3.905
40.259,24.184,-32.923,-0.03,11.855,-54.531,-21.945,-30.15,-25.595,9.914,-19.218,-12.071
40.35,-42.406,6.077,-2.696,27.57,-36.066,5.492,12.989,18.359,-13.462,9.488,9.945
39.444,-28.957,-16.646,-23.692,23.471,-38.463,-28.833,12.327,6.576,20.262,-5.889,3.851
40.164,52.711,-1.727,-58.22,25.973,-4.907,-33.847,-0.095,7.755,-16.267,-10.846,2.815
40.648,26.89,2.465,17.705,-2.801,-29.663,-6.137,4.714,-8.249,6.211,-3.062,19.737
38.507,13.567,4.27,-38.443,10.207,-43.916,-24.119,-7.921,3.72,5.819,-2.098,18.854
39.95,-1.95,4.362,-32.511,16.989,-36.605,-28.591,-18.335,8.271,7.243,-3.735,22.815
39.631,-2.238,-22.809,-6.997,8.876,-39.675,-36.731,5.152,14.176,-7.014,-15.933,12.201
37.378,15.928,0.965,-27.105,15.711,-42.682,-26.493,-25.915,10.068,17.887,-13.104,10.869
37.708,-1.972,-15.263,-16.471,20.225,-46.637,-30.496,-25.717,1.866,10.811,-6.359,-0.223
37.158,38.993,10.249,-11.146,-4.49,-37.686,-3.974,-18.093,13.702,2.169,-25.494,-1.127
37.853,-9.687,-5.868,-31.46,5.866,-46.822,-19.755,-16.825,11.701,23.979,-1.936,-1.451
39.039,9.096,-0.534,0.171,1.426,-25.593,-4.991,9.845,10.745,-9.196,8.268,-1.041
36.787,-3.599,-3.929,-29.506,20.819,-35.528,-17.147,11.327,-0.82,-0.628,-3.919,13.611
36.331,-15.088,6.621,-30.384,22.415,-31.736,-30.746,-0.892,-5.847,2.915,-3.85,7.712
47.997,50.402,13.725,53.282,33.313,12.762,-35.017,19.257,-15.102,7.587,-21.783,-8.953
45.443,24.082,-25.793,-6.73,9.192,9.902,-87.387,20.48,10.698,-2.766,5.221,-22.219
43.556,5.901,-31.117,4.916,22.89,4.358,-73.29,18.853,8.596,24.67,-25.854,-8.115
38.706,2.266,54.259,-109.716,24.751,25.299,35.963,-10.783,-10.423,14.083,-27.8,16.656
40.05,75.921,-32.689,3.664,1.628,-19.794,-0.887,-28.959,-15.537,-32.75,-12.859,-10.92
37.651,-0.868,39.324,-33.904,2.666,-23.615,7.079,-7.887,-29.731,-9.153,-4.197,12.792
42.273,9.47,29.267,-29.3,30.912,-6.066,-18.41,18.109,-20.937,8.41,-6.664,9.517
48.699,7.275,36.395,49.952,33.126,6.534,-29.44,10.101,4.371,-16.806,-15.565,-15.398
45.117,41.871,2.537,-28.572,38.496,-16.584,-34.079,36.806,-13.9,-6.972,1.978,3.805
45.895,11.694,49.943,-21.204,30.617,28.786,-24.573,5.283,-8.542,9.17,-24.642,-1.346
44.702,-24.778,26.656,-32.844,13.161,-19.421,-6.139,10.829,-6.752,7.688,-14.508,7.597
44.777,78.729,25.148,-20.768,40.023,-18.178,-3.841,-29.785,-16.39,-26.748,3.507,24.251
45.094,8.073,23.288,-3.55,10.833,-47.515,-9.992,12.863,-9.389,-1.68,-2.375,22.29
43.82,12.656,53.274,-20.239,11.502,-35.407,-15.201,16.531,-14.39,9.156,2.774,-10.996
44.843,35.708,38.99,-5.688,15.62,-26.17,-35.539,5.098,-27.35,1.362,20.56,6.399
43.673,38.146,50.238,16.751,27.816,-30.361,-33.636,-19.163,-20.925,-4.575,-6.737,3.833
43.898,-7.241,-12.749,-33.105,6.89,-30.149,-17.684,4.528,-28.4,-15.516,3.479,-1.469
44.655,-39.12,-15.721,-34.559,19.646,-24.378,-31.949,-1.283,-23.493,1.319,-3.262,3.08
44.802,-21.42,28.023,-9.83,36.823,-25.342,-33.839,-0.919,-18.536,1.605,-15.54,17.812
43.429,-8.876,12.415,-3.958,10.987,-29.331,-27.903,18.237,-13.63,1.601,-10.091,-7.997
42.046,-4.381,-20.93,-15.738,5.938,-36.573,-35.796,1.897,-10.904,3.799,3.336,-6.17
43.15,-5.699,-0.438,-20.015,-1.459,-13.243,-18.926,-1.665,-7.824,-0.631,-13.175,-0.732
40.071,4.695,0.982,-32.121,-20.071,-24.246,-12.46,-2.71,-20.842,-4.582,4.706,8.15
40.498,-8.917,18.57,-34.272,1.159,-19.396,-5.407,-5.969,-11.304,0.295,0.631,2.411
41.262,-9.769,25.048,-5.343,6.638,-20.986,-13.594,-22.522,-10.979,-5.559,-9.629,9.158
41.873,-8.198,30.988,-14.207,3.982,-31.953,16.673,1.485,-13.234,-6.439,1.356,35.932
44.274,9.589,16.665,-25.555,1.961,-13.754,-8.196,-30.662,-25.044,1.706,8.488,3.287
45.983,-36.141,32.783,-50.766,8.848,-16.884,13.481,14.298,-22.749,14.538,-15.156,4.502
46.344,-40.455,-12.709,-15.046,-3.631,-32.941,-15.325,21.061,-5.557,2.931,2.654,-3.077
48.083,-11.213,-8.46,-41.355,8.396,-7.345,-29.283,0.25,-6.698,14.246,5.927,12.337
47.36,-7.559,-1.725,-37.505,9.677,-26.139,8.895,2.672,-5.076,-14.827,-2.144,10.174
37.588,79.098,-73.591,258.174,3.871,-8.105,-50.932,92.293,3.005,-43.171,-94.588,-7.265
4.693,138.559,45.772,-25.713,15.706,-27.73,11.799,4.325,-75.155,-9.393,-4.893,-12.081
