0.0,171.13,9.469,-28.48,57.491,-50.067,14.833,5.359,-27.228,0.973,-10.64,-7.228
48.764,94.001,-37.41,-5.966,11.529,68.595,-1.918,37.647,-13.869,61.794,110.315,-6.326
51.358,108.054,-27.335,-33.183,-4.531,-39.014,-27.663,24.055,-9.122,-9.889,-0.013,3.964
48.957,63.38,-74.94,48.819,6.393,-22.909,-36.714,7.242,-3.616,-12.252,-73.829,23.164
39.032,-7.249,-161.015,60.405,12.891,-19.15,-15.026,-42.536,-7.812,32.062,-59.216,12.442
46.48,41.423,-130.403,64.922,-17.116,-28.982,-40.743,3.314,-0.726,14.174,-20.704,0.507
38.892,-5.345,-168.857,66.121,24.448,13.465,-5.824,-41.499,6.215,13.347,-41.553,13.152
42.845,-1.382,-154.018,74.542,-4.653,-102.454,-33.282,-10.221,8.911,8.423,-53.151,27.28
39.499,-15.751,-147.743,91.584,18.034,-68.023,-20.585,-36.565,-8.289,21.6,-49.708,19.122
46.688,40.995,-122.086,59.347,-18.074,-49.572,-39.846,16.186,-4.69,6.642,-19.149,9.843
39.766,0.028,-158.18,85.658,15.461,-23.944,-6.574,-39.744,-8.24,21.825,-53.874,23.246
42.207,7.971,-169.451,92.832,2.181,10.309,-18.547,-7.133,17.483,25.044,27.582,2.053
39.114,-4.442,-152.906,81.163,22.84,-15.561,-12.049,-40.047,-5.664,27.577,-47.055,15.584
46.001,46.984,-118.505,52.064,-21.06,-60.905,-40.091,15.814,-4.638,2.239,-31.586,13.165
39.193,-1.087,-157.115,90.24,22.202,-42.869,-11.851,-41.784,-8.817,21.628,-48.61,23.967
42.785,4.099,-147.646,74.457,-12.965,-98.161,-36.711,-2.362,10.14,7.936,-50.805,20.223
38.575,-5.208,-146.472,89.948,26.458,-30.741,-16.805,-36.775,-12.354,26.143,-45.533,10.367
46.799,42.511,-117.799,49.306,-25.501,-85.772,-44.608,1.954,-7.378,-11.913,-46.062,11.475
39.661,-6.41,-145.012,89.297,25.029,-33.299,-15.466,-33.423,-20.204,21.138,-47.593,19.575
42.977,1.143,-155.703,82.158,-10.218,-106.695,-38.929,-5.865,8.272,9.827,-47.71,18.396
38.632,-5.522,-157.987,76.589,28.49,-39.794,-11.474,-41.861,-7.398,29.977,-43.252,10.587
46.112,42.677,-126.725,56.451,-19.432,-69.837,-45.744,16.258,-5.785,-4.204,-39.115,5.311
38.747,-1.383,-157.896,82.989,17.841,-48.718,-14.653,-39.334,-10.479,26.833,-50.892,10.632
42.723,9.743,-166.131,81.58,-14.384,-26.767,-26.21,-10.417,10.412,17.516,16.697,1.827
36.607,-15.632,-159.441,-0.38,36.707,56.182,5.293,-25.031,21.113,-29.437,-52.671,7.895
46.644,47.211,-121.865,59.715,-13.943,-88.206,-40.565,11.55,-6.273,-3.85,-44.215,14.443
39.002,10.919,-151.01,82.859,27.928,-35.591,-9.2,-38.897,-7.372,25.38,-45.089,20.335
43.153,16.505,-148.5,91.53,-10.99,-98.253,-38.289,-10.184,6.377,21.613,-44.288,10.309
38.706,-10.465,-155.823,79.143,22.636,-32.721,-14.036,-33.749,-11.508,21.918,-49.52,13.836
46.608,50.118,-120.133,52.343,-18.288,-68.841,-47.375,17.897,-4.731,8.762,-20.461,8.584
38.845,2.358,-159.176,76.156,23.464,-12.99,-9.241,-42.915,0.442,3.275,-40.603,12.798
43.245,10.557,-153.521,58.622,-15.485,-109.713,-42.079,2.554,15.766,8.642,-43.357,10.02
47.894,81.399,-40.423,-88.835,7.739,84.497,12.617,40.727,10.96,-27.029,21.146,-10.89
52.082,111.468,-42.748,-10.783,-16.009,-33.477,-12.241,27.735,-15.643,8.701,15.338,2.478
51.556,114.851,-29.24,-13.242,1.744,-52.612,-27.584,21.923,-10.18,-9.356,-3.389,9.338
44.202,22.506,-134.659,86.807,-17.006,-52.086,-31.084,-10.026,-6.291,22.914,-51.882,5.922
38.305,-5.58,-163.396,62.152,29.768,-1.942,-4.099,-43.377,-0.446,23.634,-35.007,10.878
48.259,66.057,-102.802,32.006,-25.452,-82.04,-40.474,12.232,-7.636,14.997,-18.519,9.153
43.844,46.073,-65.077,-6.622,-30.225,9.874,2.073,3.908,-11.3,-7.318,-49.511,33.215
44.06,-7.706,-67.302,-52.0,-3.686,15.898,-43.888,26.42,25.101,7.034,-41.866,0.873
50.66,112.054,-4.197,-34.07,-31.307,-29.408,-28.101,-16.129,-29.64,29.742,1.174,7.83
52.379,38.714,-26.125,-10.012,5.108,-30.988,-14.488,-4.599,-8.765,22.479,-10.339,8.766
49.75,6.92,-18.383,19.596,-0.993,-27.173,4.469,6.675,16.944,1.558,-35.029,2.312
47.872,21.132,-36.651,-17.573,0.503,-47.009,-8.845,-9.459,-37.452,14.443,6.102,16.383
48.679,34.67,-16.707,-26.998,-23.433,-22.318,21.583,-11.933,-41.835,-2.948,-7.441,29.21
47.849,169.143,-77.347,-43.985,-29.003,-20.591,-22.188,-19.319,16.902,-25.915,-20.879,27.661
50.795,16.207,-16.734,-5.424,-12.507,-28.933,12.311,-3.433,-30.846,6.048,19.362,9.582
49.47,105.734,-16.396,-28.617,-33.988,-39.774,-26.522,60.503,-24.614,-13.727,2.797,7.506
25.147,117.922,-154.438,370.387,-22.272,-229.313,-79.74,63.768,5.843,-70.357,25.35,-13.318
49.19,10.548,2.723,-29.281,-0.461,-43.708,2.923,23.953,16.599,15.262,-10.149,9.712
49.478,42.733,-74.291,47.493,-0.571,-35.291,-28.808,-3.639,1.539,17.041,-30.699,25.028
47.45,37.324,6.131,-71.928,6.402,60.001,22.956,-29.307,6.106,-22.566,6.088,4.261
49.896,25.149,16.054,-4.557,12.94,-24.544,-0.414,1.537,28.04,0.422,-11.528,5.373
48.338,51.139,-76.334,36.502,-18.999,-36.864,-16.168,1.746,-24.996,7.785,-2.054,8.339
47.5,11.235,16.418,-87.762,-2.381,23.896,7.767,-1.111,11.148,6.256,-17.626,-7.192
48.601,6.569,-38.241,1.909,-23.863,-64.24,8.867,11.873,5.918,9.401,-28.911,27.823
44.669,-5.563,-46.686,20.315,-5.047,-15.425,1.614,11.022,24.423,-8.454,-46.773,24.395
49.69,26.928,-33.635,27.287,4.227,31.195,16.539,5.236,7.19,35.266,37.281,-3.824
50.436,17.377,-19.838,0.976,-14.25,-50.089,-2.408,-15.416,4.551,44.744,-5.49,-0.782
48.38,25.371,-22.899,6.691,18.268,-29.148,-25.002,-14.571,35.65,9.61,-32.296,-1.95
46.365,35.757,-117.256,45.44,-16.461,-77.445,-36.129,14.624,-2.938,-10.735,-44.583,11.898
50.33,28.259,15.635,2.175,6.78,-18.203,18.756,-5.843,-1.572,39.849,17.447,-1.366
50.005,11.318,-21.851,-1.078,-21.134,-62.164,-3.223,0.75,25.657,17.151,-27.698,1.573
51.496,101.226,-32.871,0.556,-7.739,-53.769,-16.197,12.418,0.139,-0.347,-0.096,3.959
53.561,84.138,-12.667,-12.994,-1.669,-38.543,-3.379,0.58,-4.666,11.695,0.311,10.864
50.687,59.544,-58.592,38.24,17.547,-21.107,-24.26,1.187,-3.052,-6.918,-59.489,20.651
40.105,9.744,-69.686,-114.96,9.536,13.944,20.049,18.589,-0.016,-25.208,-31.754,20.214
42.004,8.508,-27.506,-72.494,-49.96,-29.686,16.381,29.08,-18.153,-10.269,0.188,40.129
47.977,59.079,-57.968,-2.956,-32.15,44.071,7.893,12.439,-7.789,-15.818,-21.732,27.647
49.108,33.266,-2.192,-1.887,-8.084,10.767,12.987,-4.833,-6.115,-8.249,-4.199,12.589
50.132,12.589,-23.369,5.421,-35.076,-44.685,-0.604,-19.144,-25.777,3.468,-18.113,10.107
48.143,32.199,-28.267,23.911,-3.68,-14.277,-21.512,12.962,-27.995,-0.391,-39.357,20.159
50.144,43.025,-37.06,-3.083,-0.287,19.392,5.334,2.821,-14.39,42.426,32.312,-3.192
50.284,72.118,-37.48,-24.824,-31.143,14.831,7.003,-47.86,-3.455,24.693,-22.993,18.061
47.438,9.081,-46.154,27.325,0.498,-6.12,-13.45,-5.783,35.358,0.088,-69.098,14.055
50.862,68.033,-43.592,-3.512,-19.659,-55.939,-38.351,29.053,-20.346,14.169,-9.26,8.017
47.237,44.41,-45.019,2.364,-7.091,-1.407,-15.115,-1.314,-6.276,29.034,-34.24,28.729
47.204,40.878,-44.647,-80.393,-19.694,83.165,4.508,23.35,0.634,-13.301,-6.695,11.088
48.621,144.475,-25.686,-46.615,-68.148,-15.06,-4.608,-2.992,-26.555,-5.78,-3.061,7.556
50.03,64.057,13.597,-10.351,-13.171,-11.758,3.077,-54.498,-12.873,15.496,-25.839,14.704
48.1,-2.834,-14.137,-2.154,2.72,-14.931,0.782,20.273,13.223,-3.451,-26.581,30.748
41.969,10.189,-78.283,46.041,-0.781,-28.801,-4.601,-35.607,-30.71,17.656,-45.692,27.318
44.544,14.776,-39.798,-68.4,-26.194,81.372,15.479,29.211,-7.956,-47.74,-30.77,7.916
48.941,40.663,7.099,-28.56,12.42,21.372,18.029,-16.903,-2.717,49.808,-2.88,-4.681
47.915,21.0,-39.647,59.475,-2.117,-24.0,7.73,-8.338,15.519,10.949,-51.83,25.47
49.323,15.988,-61.025,60.379,-1.12,3.921,6.903,-13.985,-1.631,32.493,-7.122,17.192
50.921,31.601,-19.96,-10.441,-17.072,-50.889,-13.961,-9.291,11.905,28.587,-23.271,0.611
48.385,18.319,-87.594,24.964,6.321,-84.595,-23.672,-12.561,4.122,2.558,-26.107,4.829
49.441,29.739,7.421,-30.586,18.584,12.428,3.859,-17.301,11.514,13.893,12.551,-6.558
50.588,29.37,-14.844,-2.201,-28.917,-47.817,-2.699,-2.724,17.293,13.862,-27.431,2.05
52.639,82.975,-10.497,-16.88,21.573,-3.237,6.326,-4.474,4.55,1.446,29.129,1.748
53.952,84.24,2.299,-10.822,13.672,-40.409,8.349,20.56,-4.631,5.105,3.866,13.631
51.781,75.498,8.744,-25.971,-13.127,-18.561,13.214,-16.598,0.522,23.238,-22.538,-10.302
51.68,51.048,22.512,12.515,5.766,-60.328,26.575,-11.182,14.371,27.53,-16.045,12.434
48.23,40.118,-69.574,36.206,-26.206,-83.629,-20.618,-7.386,-1.224,-1.814,-33.306,11.533
42.984,34.992,-75.402,7.674,-28.853,-41.562,-14.953,-44.774,-4.713,19.434,-18.204,-8.915
45.691,21.578,-103.088,16.965,-15.451,-27.635,-11.823,0.393,2.479,14.862,21.914,4.426
46.588,83.076,-68.027,-27.049,-61.19,7.346,-14.041,5.785,-4.626,-18.834,-8.772,-0.891
51.608,137.569,-7.173,-40.896,-42.433,-1.505,-13.308,-42.808,-8.965,30.977,4.625,3.762
52.052,69.966,-25.974,18.393,-21.996,-27.993,-2.775,-1.036,-24.992,2.789,-19.612,26.72
48.347,97.15,-49.988,-10.156,-12.145,-8.191,1.361,-69.825,-16.549,3.309,-57.574,28.576
50.869,48.455,0.353,-8.291,-32.726,14.675,16.413,-33.11,-14.607,4.243,14.067,-9.992
49.96,26.693,43.829,16.482,-21.847,-13.489,34.543,-16.341,-12.884,-35.666,-26.715,18.206
51.44,38.543,10.467,4.264,-21.45,-18.69,34.124,21.678,-13.871,-7.531,23.56,15.607
48.79,87.773,-12.134,27.542,-55.393,0.637,-36.164,-40.635,-26.822,-0.355,-45.994,-7.038
48.415,76.533,-13.926,-78.455,-27.584,25.902,27.329,-40.739,-20.248,-36.211,-3.542,-13.815
49.43,40.427,65.381,14.732,-55.079,-22.541,59.206,17.234,-51.092,-20.637,3.428,22.381
50.404,86.962,68.718,0.842,-35.263,-14.364,29.714,5.237,-43.752,-12.88,-11.172,22.733
51.325,64.681,6.901,-12.97,-21.66,-16.017,11.396,-15.689,-10.53,-4.931,-6.223,14.304
50.934,92.682,23.504,2.973,-26.074,-16.748,-22.862,2.425,6.335,-1.97,-15.451,-18.666
51.604,80.928,11.428,-10.685,-34.41,-21.356,19.643,-24.97,-10.698,27.105,-10.77,1.142
50.419,56.056,-4.046,32.705,26.896,-20.242,-1.319,-21.152,29.662,-11.743,-40.408,28.577
47.212,39.508,-97.014,38.677,-18.384,-82.543,-24.799,-4.029,-3.072,-1.973,-42.879,16.934
40.835,6.692,-114.825,13.04,10.471,-21.896,11.174,-48.624,8.572,-19.412,-18.87,8.069
45.941,64.05,-34.566,-100.102,-34.799,50.145,2.888,26.223,15.78,-20.389,-6.183,11.031
48.483,40.605,-7.45,16.429,-3.777,4.75,14.178,-17.088,15.052,9.568,-45.428,5.834
53.036,109.327,3.958,-15.416,-34.968,-15.526,-12.456,11.039,-30.763,18.082,22.862,-5.297
51.63,16.565,9.84,-6.904,-7.35,-73.82,31.794,6.026,11.505,30.258,-13.145,3.047
51.408,48.158,39.179,-4.712,3.812,-37.133,60.778,0.844,21.438,-4.826,-13.139,25.965
51.45,84.898,17.01,-45.532,-11.673,-5.339,15.046,-0.965,-12.852,-12.749,-3.029,17.942
51.518,87.945,18.619,6.54,4.938,-51.581,7.329,13.752,3.164,31.832,-20.194,15.619
51.95,83.616,-18.684,-36.435,-46.737,-46.917,-10.72,-0.369,-28.085,20.542,-12.918,2.635
50.495,86.657,3.127,1.969,-23.011,-5.205,12.844,26.0,3.463,-24.184,-2.313,4.88
52.503,60.77,-9.885,9.921,-1.831,3.535,26.543,-4.617,2.257,25.41,0.101,13.066
48.468,26.051,-9.681,22.558,31.875,-6.402,11.949,-17.486,35.882,-10.21,-48.13,-5.636
44.283,14.275,-111.918,43.393,-15.684,-61.098,-7.96,-21.146,2.851,15.261,-27.1,15.577
41.299,8.804,-108.842,19.712,22.169,-31.298,9.569,-39.869,-12.34,20.712,-19.98,11.111
43.879,28.642,-12.961,-179.405,-24.564,17.347,13.915,35.647,9.841,-29.696,-4.031,5.627
51.551,60.991,29.196,-21.984,-9.548,-26.141,20.057,2.242,3.84,5.17,-27.019,20.094
50.629,45.281,20.218,-40.342,-33.796,-28.655,4.936,24.087,-31.249,-1.354,-5.558,-1.487
47.528,19.414,39.685,-99.129,-19.336,13.461,18.563,4.548,-7.132,-15.045,-11.529,-16.64
48.754,-28.762,-33.426,43.586,22.505,-72.501,13.579,-5.121,16.029,15.625,-29.342,14.653
40.938,-15.142,-68.894,-2.969,19.063,-2.556,12.863,-19.297,14.085,-33.532,-41.176,1.852
49.007,51.929,-55.076,23.11,-35.092,-46.5,-15.017,8.326,-24.923,-2.096,-30.652,22.915
51.199,60.552,10.173,-14.377,11.32,-37.975,3.748,-0.314,-3.659,8.454,2.727,18.786
51.35,30.136,-9.606,3.55,-31.152,-50.724,1.733,-7.987,-26.945,2.547,-17.907,-1.176
47.898,27.746,-17.465,29.198,17.958,-36.541,-13.557,5.96,-0.66,5.724,-47.506,7.549
48.401,20.919,0.552,-37.734,-11.716,41.587,32.209,-10.342,-4.236,-25.812,8.852,-12.384
49.241,13.243,30.241,-25.558,41.786,-49.023,13.531,-12.502,12.528,13.989,-7.759,-0.054
50.028,4.739,52.192,1.636,20.106,-43.099,17.704,2.464,15.239,12.011,-16.814,14.324
49.607,29.936,-37.59,9.843,9.861,-34.399,-8.17,7.87,26.135,-4.282,0.314,18.497
48.995,93.002,-4.069,-66.386,-39.445,-1.982,4.718,8.358,-13.64,-5.677,-15.801,23.837
50.215,75.352,17.543,-34.674,-19.096,-13.707,19.836,-9.711,-24.577,14.304,-17.746,24.831
51.216,47.464,10.033,-14.64,-19.276,-17.171,27.662,-7.736,-26.196,5.367,-9.866,4.281
49.254,19.167,2.632,24.595,5.352,-26.495,-5.121,-6.847,-13.695,7.839,-49.766,-22.264
46.547,-5.511,29.282,-119.757,-12.886,24.364,17.776,28.048,-2.98,-36.951,-7.018,-23.522
48.28,-14.274,-26.5,16.066,-0.372,-14.395,28.25,-2.313,-3.346,-11.934,-6.698,6.311
43.693,30.01,-48.803,-38.696,2.048,1.959,21.845,-15.764,3.595,-21.022,-14.046,14.938
48.321,61.442,-5.934,-45.617,-37.164,23.217,13.795,10.24,-31.443,-8.173,-9.943,13.318
50.296,31.989,30.271,-15.156,-12.099,-37.373,-0.952,0.682,-44.2,2.048,-0.887,-9.214
50.281,57.061,-8.755,-23.281,-26.93,-21.543,11.649,-11.171,-24.491,7.304,-4.995,17.055
51.075,83.124,0.933,-4.073,1.312,-9.768,4.423,-17.633,-19.283,-5.494,-5.432,2.247
52.473,69.026,-27.395,-4.616,-18.5,-55.674,-11.212,-6.768,-18.598,11.178,0.248,2.693
49.941,45.191,7.814,-2.8,-6.715,-10.232,7.827,-18.26,-20.661,-29.777,-5.835,-3.857
51.327,55.054,-26.795,-27.033,-23.293,-53.499,7.001,3.946,-21.267,1.668,-6.109,3.393
51.452,85.048,24.924,-31.412,-13.47,-21.944,-4.91,17.21,-14.273,-8.946,-8.681,-15.132
52.679,116.594,16.845,-35.523,-10.711,-25.815,-3.013,8.597,-2.631,-4.211,1.687,9.142
53.504,101.32,-28.533,2.598,-13.656,-31.225,-14.043,0.075,-4.175,7.329,-8.688,15.789
52.665,81.272,-12.836,-34.8,1.496,-34.574,8.313,-43.113,-13.418,-2.298,-11.465,5.97
53.57,74.389,23.699,-8.162,-16.059,-38.133,-17.38,-7.381,-18.432,14.03,-4.304,10.249
54.037,82.261,3.157,-16.454,-11.104,-28.673,-18.205,-11.127,-2.666,3.582,-10.932,-2.457
52.244,78.576,-31.596,3.624,-5.207,-40.148,-18.753,-18.541,-10.41,6.263,-27.952,-1.131
52.644,119.311,-29.948,-39.819,1.826,-11.241,9.691,-38.666,-8.906,-0.239,-11.965,-12.418
51.62,42.651,20.861,-46.567,-19.106,-21.483,24.053,2.353,-1.117,-5.196,-16.487,3.433
52.296,54.561,48.977,-12.145,-7.711,-27.966,43.495,19.326,-7.341,-11.015,-23.01,5.397
52.388,54.958,28.853,-37.365,0.39,-31.4,24.166,-0.241,-1.646,3.98,-14.617,11.754
52.052,41.749,32.031,-10.031,17.621,-31.634,29.275,10.027,14.929,11.348,-8.67,14.407
53.423,61.453,4.244,-26.06,-12.465,-5.468,-4.177,-14.01,7.466,-8.585,-7.575,-10.141
52.196,2.941,-0.441,7.538,2.424,-61.126,29.948,-2.516,21.716,19.151,-29.779,-2.679
51.211,5.331,14.863,-25.885,23.66,-40.655,27.072,6.221,32.31,15.377,-11.925,-5.327
51.296,36.086,7.825,9.396,2.223,-36.528,13.909,2.648,21.497,-11.468,-8.591,-2.793
51.007,58.285,-37.554,-13.216,-9.883,-7.739,14.62,16.206,-0.84,-12.376,-2.618,12.966
51.326,93.608,-6.874,-55.518,-38.226,-25.562,17.986,22.601,-8.875,-10.222,5.002,-0.156
52.302,89.63,2.509,-2.071,-10.836,-26.633,-0.357,-17.719,-12.226,10.942,-18.416,-6.113
51.782,74.329,-37.335,-1.272,-22.425,-11.148,-9.016,-0.236,5.724,-9.546,-27.107,-8.771
50.273,65.941,0.145,-35.948,-33.746,14.998,-0.331,10.873,3.162,-18.469,-42.321,0.149
51.456,182.814,-36.849,-55.31,-48.612,-26.037,-25.311,-0.653,22.845,-2.419,1.585,2.276
53.038,105.988,-2.881,-14.285,-36.833,-14.484,18.106,-46.468,-25.324,41.23,-22.415,12.1
51.561,47.115,-4.967,2.863,-5.931,-42.441,-25.849,-8.265,-5.847,15.446,-8.243,-14.449
51.993,68.608,-2.165,-29.385,4.624,-6.581,31.304,-26.532,-5.378,5.666,-14.316,-19.064
50.478,44.691,-6.014,-12.189,-14.142,-28.542,-10.182,9.914,13.134,-3.836,-23.177,-10.876
52.771,58.607,-15.86,-33.284,-6.772,-29.168,-10.139,-4.113,-8.169,9.439,-8.169,10.509
52.607,111.509,-37.509,-9.155,-21.111,-6.995,-20.93,3.639,19.541,-12.227,-21.059,4.299
51.848,97.075,0.403,-7.187,-34.216,12.788,-11.442,-12.007,-3.198,1.363,-15.993,-12.558
50.821,56.585,5.546,-69.91,-21.654,-21.876,6.884,0.552,13.137,-11.656,-17.842,-2.143
52.872,87.74,-8.292,-30.006,11.432,-40.794,-3.817,41.241,15.526,-2.182,-4.414,-1.391
51.623,51.982,-10.418,-31.406,3.03,-23.872,16.226,-20.089,11.265,28.336,-8.794,-2.164
51.986,42.359,31.731,-12.418,24.353,-61.944,-5.058,1.644,26.985,31.173,-14.357,-16.597
51.523,63.982,-41.188,4.602,-7.493,-79.036,-8.946,12.326,-12.161,10.197,-16.017,11.689
51.48,88.245,-8.104,-51.877,-4.932,-21.74,18.885,16.94,16.329,3.052,7.55,8.949
52.234,79.349,4.239,2.374,-23.294,-45.759,-4.345,-14.322,-6.917,2.342,-21.481,-4.593
53.111,74.926,6.945,-28.741,-43.499,0.899,-15.735,-2.4,-10.159,0.948,2.949,-27.411
53.57,80.334,24.385,-13.744,-21.906,-35.444,-27.82,-10.408,-16.099,5.724,-8.093,-38.262
53.793,82.345,6.684,-19.936,-13.277,-29.486,-15.51,-4.115,-4.457,-1.913,-14.791,-12.488
53.475,82.131,8.758,-30.074,-3.407,-30.414,2.572,1.925,-0.151,-4.977,-2.262,-8.054
52.401,50.099,11.361,-11.926,6.684,-30.63,9.8,1.196,24.934,-5.092,-14.967,8.227
51.098,65.683,-45.3,3.445,-21.452,-45.313,-17.93,17.097,-4.109,4.312,9.033,4.032
49.911,70.883,-3.2,-59.552,-36.904,-15.437,3.291,3.714,-6.058,-0.874,-16.306,-2.828
52.573,53.865,-7.076,-26.418,-29.091,-6.423,-16.245,-16.634,-21.528,5.793,3.865,-29.425
53.465,79.455,28.231,-20.354,-21.207,-20.509,-8.314,1.579,-22.943,-9.069,-8.72,-31.22
53.94,90.788,38.876,-16.541,-20.641,-27.074,-12.792,-9.628,-17.192,3.988,-6.891,-29.09
54.858,89.309,-1.645,-33.098,-10.124,-50.356,-13.462,9.552,-0.38,-4.687,-11.365,-2.522
52.704,59.341,7.442,-12.648,3.332,-32.506,24.07,-2.718,20.888,7.295,-31.092,18.899
51.082,40.662,-40.197,1.241,-19.59,-85.448,-0.087,-3.92,-14.36,2.207,-20.478,14.427
50.778,70.633,-2.079,-43.083,-22.539,0.414,-4.326,13.667,2.422,-2.802,-15.985,-19.674
53.3,67.648,-0.564,-26.206,-37.311,-3.552,-10.332,0.121,-16.29,24.808,6.577,-25.293
53.933,84.261,33.318,-26.256,-17.397,-27.039,-22.131,0.337,-17.193,2.185,-10.911,-38.925
54.484,93.172,-22.31,-8.999,-16.902,-39.618,-23.871,-8.429,-2.551,2.06,3.59,-1.704
54.092,115.67,4.409,-26.354,-5.648,-18.085,-15.022,-21.965,-3.554,-8.411,-2.935,-16.282
53.583,59.03,15.445,-6.36,-25.464,-43.167,22.129,-1.345,3.947,19.323,-6.327,4.742
53.342,58.055,24.53,-24.212,6.148,-49.762,9.385,12.249,2.423,12.8,-15.384,13.822
53.206,68.159,-2.517,-33.916,20.478,-33.041,-14.604,-4.32,34.612,16.756,-8.374,-10.82
53.592,63.925,3.854,-32.455,15.151,-35.463,6.84,0.802,28.138,12.112,-9.682,0.355
54.259,83.801,0.991,-7.533,17.179,-45.184,-13.124,0.884,20.448,19.23,-12.705,-1.915
53.399,77.23,-17.492,-2.012,-9.031,-11.03,-3.225,-6.046,-5.347,10.756,-12.329,22.827
54.267,82.49,6.056,-14.851,0.625,-23.754,-18.568,-25.018,-5.11,16.38,2.026,-9.3
54.076,70.254,-8.16,-23.673,0.878,-24.36,-31.213,-14.533,-8.14,4.741,6.763,5.153
52.978,52.308,21.59,-30.674,-1.605,-19.432,-5.724,-8.934,-8.088,-8.138,-9.177,17.718
54.231,88.432,-14.248,-33.419,27.066,-30.021,-21.698,-27.846,-10.343,-2.168,-0.021,-3.381
54.563,100.15,17.918,-7.662,-12.182,-28.481,-34.898,-4.062,-14.859,5.936,-5.134,-3.652
54.067,69.32,2.966,-35.982,-24.82,-25.471,-27.888,5.933,-0.077,9.919,-1.618,-3.264
54.636,100.379,12.205,-29.231,-5.391,-27.903,-21.102,7.731,-15.579,11.537,-6.869,5.622
54.961,83.666,-25.306,-26.334,16.851,-33.482,-13.79,-28.416,-15.705,8.427,-7.843,22.749
54.534,69.36,4.378,-19.667,11.543,-20.629,-12.662,-26.604,3.033,-4.348,-21.999,30.122
52.999,41.011,-6.446,-38.407,17.815,-24.14,-32.235,-5.936,2.734,-15.082,-1.77,10.609
53.834,56.147,5.88,-37.613,-10.296,-31.388,7.144,-1.478,3.511,13.149,-8.791,0.829
54.789,82.306,27.16,-22.665,-2.977,-36.21,-3.443,16.936,2.163,-2.123,-4.181,8.284
54.41,60.113,-2.537,1.537,-4.826,-26.332,-35.094,-25.929,-16.953,3.707,-22.122,1.122
52.235,26.929,17.27,-16.997,8.695,-48.887,-37.662,-25.727,-13.211,4.069,-9.331,15.749
54.992,69.131,-8.466,-10.141,4.408,-47.384,-27.371,2.488,-1.735,1.301,12.067,20.027
52.168,32.342,-6.379,-6.268,6.22,-30.466,-11.877,-19.797,2.9,33.521,-5.746,22.335
53.315,112.632,-3.526,-23.548,-7.731,-17.578,-18.919,-14.128,19.203,-8.659,-10.98,10.404
54.336,66.622,6.2,-18.641,-18.584,-51.587,-16.632,0.43,-14.006,6.986,-17.155,-7.686
52.596,55.393,19.532,-9.625,-21.85,-13.661,-3.395,-3.821,-16.52,-5.762,-9.56,-6.189
52.794,95.782,4.827,-50.194,-34.652,-47.465,-14.949,18.814,-11.19,4.102,-11.499,-2.241
53.665,104.951,-29.017,-23.315,-16.586,-54.951,-1.932,-33.847,-16.73,-9.901,-11.446,16.227
53.591,68.853,-3.435,-17.523,-19.296,-13.99,0.506,-13.526,2.256,-9.142,-22.881,-1.439
53.556,65.646,11.285,-50.221,-9.962,-44.652,9.193,18.949,14.449,12.066,-3.072,9.188
53.192,70.817,20.587,-25.155,-12.389,-29.212,8.299,-3.485,10.703,1.654,-4.509,2.943
54.008,74.169,-6.724,-12.451,-26.561,-46.832,-14.01,-1.469,-22.45,4.946,6.831,-5.224
53.952,98.042,30.158,-12.208,-13.73,-37.73,-4.895,-9.961,-15.093,8.636,-4.933,-8.289
53.376,47.613,5.791,-7.389,-22.163,-28.909,-18.01,-16.189,-16.015,-7.657,-4.385,-0.752
54.286,65.849,-9.969,-16.011,-10.123,-24.4,-32.245,-2.75,-7.645,-0.726,13.111,0.193
54.191,68.738,26.847,-17.016,-6.515,-27.979,-2.281,-4.571,-7.743,1.012,-4.1,27.384
54.172,36.756,17.174,-15.356,-17.78,-30.23,-34.449,-6.42,-20.591,-6.144,13.263,-12.677
54.156,50.754,11.53,-27.137,-3.959,-23.534,-20.338,17.266,-3.502,-3.491,-10.425,9.28
55.118,88.466,8.409,-14.228,7.824,-22.398,10.92,-18.458,2.154,-8.128,-3.958,24.487
53.964,25.029,18.118,-25.69,16.223,-25.797,-3.078,5.05,9.073,-4.507,-11.325,30.94
52.948,9.689,-1.371,-15.292,5.493,-32.631,-3.611,-13.648,-9.185,-5.714,4.105,18.984
53.239,46.861,-1.116,-15.163,-0.396,-31.144,-38.783,-30.042,-10.265,4.883,-16.277,-0.573
53.947,63.812,1.725,-46.001,-14.498,-25.681,-24.194,11.439,-11.934,5.396,13.55,4.791
54.531,74.479,-1.681,-19.087,1.752,-31.676,5.064,-2.978,2.57,-0.775,-6.961,28.321
53.737,63.65,-2.345,-6.398,15.63,-29.0,3.753,-21.995,12.517,10.561,-20.456,35.112
52.591,56.799,-20.522,-13.195,-12.609,-23.039,-3.212,-4.703,-2.305,-7.336,16.824,1.001
52.748,64.863,9.712,-16.317,-18.238,-33.34,-12.007,-2.361,-9.319,-10.805,-5.548,0.247
52.746,39.307,-17.332,-17.173,-31.256,-24.426,-27.592,-11.385,-15.536,-4.776,5.772,-19.148
52.875,56.276,7.459,-32.366,-30.662,-19.971,-16.016,-24.139,-22.656,-7.176,-2.561,-39.097
54.365,81.708,29.109,-33.327,-17.672,-35.083,-29.059,7.302,-16.331,-6.4,-7.085,-26.795
54.372,98.607,-4.693,-23.206,-15.064,-24.066,-14.913,1.402,-14.763,8.999,-20.662,-1.715
53.917,79.523,3.787,-16.399,-10.607,-31.39,-14.345,-3.132,-5.026,-1.109,-9.626,-12.405
54.008,86.797,6.89,-13.731,1.741,-36.573,-2.421,-12.762,4.948,8.185,-11.949,-7.883
53.57,58.616,23.446,-7.382,12.951,-43.738,-8.701,0.988,13.629,13.748,-12.64,6.72
53.521,39.472,-8.007,-21.908,-11.03,-55.587,-4.356,-7.864,-3.741,1.892,-4.443,-3.711
53.814,63.983,3.873,-22.653,9.203,-36.957,-7.606,16.821,25.844,8.495,-14.349,-6.495
53.953,82.362,1.581,-17.694,11.086,-36.647,-8.59,-19.136,16.853,13.356,-15.612,8.631
54.076,90.426,12.69,-22.563,4.746,-42.225,-16.847,-7.216,9.348,8.392,-15.801,16.733
53.859,60.086,-11.366,-7.345,-7.722,-27.053,-6.252,-8.89,-5.347,14.186,3.425,16.233
53.298,69.354,18.873,-18.619,1.877,-8.727,-11.843,6.346,2.945,-3.214,2.227,-13.518
50.871,123.543,58.116,-6.819,60.238,-26.62,-53.018,-11.93,-3.809,-9.839,-4.777,22.923
47.856,61.824,-9.12,56.937,26.558,-30.059,-27.426,11.135,-21.904,-9.719,-3.286,29.532
41.851,54.572,-38.171,36.03,17.26,19.931,14.967,8.876,-11.28,-13.305,15.92,19.843
35.932,97.795,-14.18,66.129,54.334,-53.557,-6.413,-56.472,-42.533,2.384,-25.08,27.083
45.236,88.685,-79.417,82.088,9.869,-65.77,-55.701,38.69,-12.233,-10.957,-19.806,11.818
33.424,149.009,-70.521,89.555,41.365,-78.153,-36.878,-43.894,-27.713,-8.135,-27.61,22.818
38.182,97.012,-140.716,82.605,18.446,31.709,-11.924,45.307,-0.089,25.542,52.244,5.256
33.645,200.67,-50.548,19.715,16.773,-71.117,-22.286,-13.293,-5.473,19.389,-7.658,9.91
31.937,170.983,27.96,-29.785,23.468,-12.242,-11.399,-7.955,22.609,3.719,-16.12,22.212
49.811,71.914,62.764,28.836,54.943,-6.874,25.621,25.839,-12.808,29.814,43.632,27.065
45.518,55.26,-25.666,63.221,20.575,-34.902,18.496,22.302,-5.757,6.323,-16.341,31.763
49.096,84.631,-18.187,-52.64,17.487,70.188,17.352,40.18,5.26,-14.31,42.12,-3.354
51.65,112.588,-28.762,-18.137,-0.832,-27.481,-13.905,24.261,-15.311,3.457,5.489,6.043
49.276,69.658,-77.185,45.168,3.571,-24.785,-25.777,-12.371,-11.596,-18.93,-65.305,21.239
41.437,-17.445,-107.237,55.056,0.355,-54.972,-0.536,-59.052,-19.727,27.974,-25.437,14.466
46.732,31.295,-111.891,59.59,-19.381,-81.897,-34.559,-10.179,-3.667,-4.954,-51.18,14.114
42.946,10.45,-92.198,9.708,-5.112,-37.76,-12.521,-35.265,-7.497,31.355,-17.985,9.742
46.642,74.043,-72.445,-54.975,-34.348,50.373,-23.492,-31.568,13.435,-27.233,-10.676,-13.863
47.342,43.308,-44.621,47.794,-31.545,-12.439,-34.96,-40.551,-31.528,6.825,-64.208,3.899
49.59,55.992,-19.647,-15.772,-15.658,37.563,33.891,-35.804,-18.731,-14.278,22.84,3.977
49.51,32.99,-17.82,-39.495,5.229,-27.285,-31.949,-5.65,-12.333,10.615,1.857,5.548
49.788,27.774,-34.422,-1.465,-19.651,-7.314,-34.987,-23.018,-14.498,5.929,-29.734,-7.905
49.733,69.086,18.724,16.4,-40.11,-38.084,20.616,-26.573,-30.817,-1.716,-20.44,33.82
50.722,22.968,-18.429,-4.35,-11.09,-52.463,9.701,0.929,-22.324,-1.335,14.847,7.346
50.443,124.688,-23.976,-39.66,-12.946,-34.64,-44.088,28.891,23.709,-2.497,6.033,0.614
49.55,39.381,-14.213,-14.058,-18.741,-55.393,-4.917,-36.203,0.947,35.067,-13.006,12.694
49.986,41.67,-59.06,19.712,-12.917,-53.033,-28.492,4.905,2.084,10.76,-44.497,20.357
49.098,52.683,5.762,-35.258,5.906,19.479,7.738,-27.173,9.9,7.281,6.44,7.896
50.361,30.523,8.791,-6.455,1.013,-10.817,8.869,3.522,6.086,-10.806,-14.785,24.276
47.886,37.856,-28.325,-34.838,-9.776,-12.796,-26.77,37.368,14.823,-4.864,-26.301,8.231
49.943,40.682,13.783,-23.216,3.95,-13.797,12.435,-2.535,-4.362,21.719,-6.283,-0.769
50.252,26.525,-25.932,-31.534,-14.526,-63.702,5.464,-1.313,31.009,10.301,-17.792,10.01
48.038,19.393,-18.288,1.916,-1.643,-22.617,-9.81,3.749,31.379,-13.339,-27.61,-0.44
50.196,38.926,-28.354,-8.64,5.75,24.907,24.212,-12.582,6.903,18.859,0.648,0.792
47.988,11.401,-3.628,-21.717,16.849,-24.737,9.32,-7.122,29.702,-4.162,-34.168,4.708
50.466,26.266,-15.888,2.527,-13.49,-51.508,2.465,-17.894,1.007,25.884,-13.743,10.119
48.716,66.713,-72.178,4.749,-25.042,-68.878,-37.776,19.661,12.029,-4.267,-16.073,10.702
50.201,39.799,11.255,2.571,1.222,-34.276,14.623,-19.518,-10.367,26.616,-8.552,15.773
49.847,23.335,-27.531,-5.519,-8.675,-61.456,11.384,-7.2,20.3,23.39,-6.539,21.018
51.196,78.785,-11.576,-14.381,-7.605,-52.008,-14.898,21.469,7.077,-9.07,4.179,5.933
53.012,72.896,-10.681,-15.563,3.176,-41.668,-2.128,13.598,-4.171,3.833,5.089,13.539
50.947,51.82,-41.556,-0.977,15.799,-31.231,-32.165,-10.295,1.85,-10.335,-34.149,15.643
43.74,24.691,-28.539,-97.073,-20.228,-10.223,-4.563,19.418,12.841,-16.349,-14.799,11.304
47.385,79.089,-4.49,-69.922,-38.805,2.497,16.473,20.708,-13.868,-20.516,-3.573,26.801
49.954,180.551,-54.142,-56.785,-37.98,-16.513,-25.575,-31.48,22.454,-8.291,6.567,16.167
47.814,15.503,-76.23,18.759,-28.923,-60.574,-27.299,-12.507,-3.398,-5.131,-37.915,14.303
49.197,80.06,-39.592,-60.772,4.239,-8.357,-18.835,-54.259,-7.225,0.38,-24.712,9.679
49.421,33.85,-23.624,-16.885,0.902,-29.95,-32.7,-11.599,5.423,-3.853,-2.857,18.858
51.371,32.204,-13.036,-0.45,-5.086,-18.575,0.31,-14.501,-2.389,10.735,-9.292,5.652
47.366,17.946,-51.097,47.432,-6.011,-31.471,-16.798,0.037,-16.414,-27.65,-34.065,7.018
49.137,184.092,-82.91,-72.159,15.123,-20.256,-5.733,14.604,4.359,-16.497,5.452,9.618
50.411,43.251,-26.12,-1.425,-15.487,-47.023,-21.725,-29.583,-26.6,40.736,-27.519,13.584
49.726,52.52,-50.769,-2.013,-29.529,28.881,-11.369,-0.916,-21.009,5.288,8.172,-2.989
49.663,54.776,2.705,-29.444,-40.132,-2.708,-17.832,-26.817,-24.204,-8.493,-0.447,-16.71
49.394,27.33,-25.449,-33.329,-40.338,-72.555,-12.171,-9.026,-17.748,5.611,-13.172,5.031
48.82,25.307,6.123,-0.642,-12.582,-30.462,-0.389,-7.259,-16.497,-0.028,-4.074,20.371
50.449,66.085,-41.523,-10.662,-30.41,-3.965,-17.436,-11.599,-10.029,0.037,-0.798,1.751
49.69,52.615,1.426,-35.952,4.788,-25.267,-2.16,-10.872,2.22,-3.961,0.457,13.067
49.576,26.585,-19.02,5.72,-9.047,-25.302,1.959,-10.681,20.454,9.198,-10.085,17.253
46.536,-5.397,1.344,-21.417,-18.112,-24.538,6.575,17.933,-2.874,-21.929,-24.54,23.711
48.727,66.681,-5.338,-68.345,-40.436,10.386,-4.132,14.427,-8.924,-15.059,-11.929,18.776
50.301,46.76,14.89,-9.359,-4.532,-44.951,12.331,-24.95,-9.744,31.687,-5.497,4.012
50.945,20.994,-12.683,-8.362,-14.772,-60.512,4.1,-0.126,13.885,18.176,-20.538,2.27
47.302,11.682,-27.634,35.34,-6.146,-20.414,-9.257,-7.348,24.808,-17.739,-47.837,15.713
50.261,33.699,0.169,-10.723,-2.075,26.543,27.213,6.047,6.345,12.729,19.96,4.726
49.5,24.688,-24.163,-25.261,-16.275,20.034,21.05,-11.726,18.178,6.213,13.164,-1.403
48.964,24.825,-4.632,-16.572,10.876,-46.981,-9.407,-9.442,15.525,19.954,-3.737,-2.597
50.584,46.244,-39.127,-13.072,-26.45,-62.664,-28.368,4.523,-1.907,5.54,-3.736,-2.023
50.892,34.506,22.921,-17.955,9.526,-16.727,5.012,-10.95,-0.581,10.568,-0.512,3.374
50.875,15.056,11.379,-16.082,7.181,-34.245,1.252,4.628,12.308,9.427,-21.525,12.941
51.033,52.852,19.476,-58.484,12.094,-16.31,-12.101,41.916,8.969,-20.919,-1.416,12.65
53.604,102.162,-3.851,-16.69,0.131,-49.775,11.182,9.289,-14.404,0.436,-3.84,0.78
53.201,104.359,-1.895,-6.03,-3.345,-47.595,-28.581,21.682,-21.953,-10.691,3.458,-15.226
52.383,73.228,29.416,-11.102,-3.217,-30.637,20.991,-15.797,4.064,22.128,-15.17,-1.722
51.36,26.727,28.888,-2.04,14.432,-41.663,21.451,5.199,-3.151,12.793,-16.09,29.943
50.605,65.128,13.115,2.965,-21.584,-35.115,-2.441,5.553,-12.003,-28.385,-6.505,-3.552
51.523,80.775,-5.903,-24.374,-42.479,1.21,20.123,0.72,-14.124,0.625,0.476,13.204
52.391,151.141,0.355,-39.396,-28.766,-8.75,-9.35,-44.319,-8.685,10.062,-12.459,7.104
53.31,88.964,5.655,-11.898,5.254,-32.554,-0.612,32.825,1.696,8.692,-19.109,34.025
51.695,83.422,-7.102,26.82,-18.043,-9.248,-1.715,-41.766,-22.418,19.51,-30.534,16.599
53.194,92.568,11.203,-3.89,-43.839,-21.261,11.255,-23.018,-16.216,17.597,-11.926,-1.366
51.138,39.641,42.288,17.38,-9.568,-38.22,31.226,-18.733,0.307,8.183,-32.299,14.531
51.255,27.31,29.862,-16.555,-21.483,-16.303,28.055,33.898,1.573,-21.956,-8.045,16.861
51.245,116.179,18.213,-2.149,-47.893,-8.294,-11.559,-30.239,-20.011,-2.074,-20.142,-10.798
51.252,55.6,9.049,-47.63,9.168,-22.349,-17.759,36.17,-32.085,-3.075,11.536,-13.038
52.364,44.509,6.837,-6.739,-44.826,-43.614,11.902,-3.392,-31.208,9.206,-16.984,12.612
52.457,76.31,34.217,-16.517,-30.532,-22.059,15.522,8.447,-2.065,-6.979,-2.472,16.779
52.058,64.987,19.645,2.105,-23.158,-19.233,13.998,-10.644,-10.586,3.293,-9.397,21.951
51.003,66.945,54.914,-7.639,-24.174,-35.682,10.506,9.256,-18.428,6.288,-9.807,5.99
51.528,66.212,21.27,-5.973,-13.228,4.558,24.639,-15.545,-2.425,14.56,3.455,7.162
50.237,50.279,-29.88,6.824,-25.794,-78.969,-5.37,-4.432,-13.825,8.478,-10.446,13.366
48.401,72.691,8.81,-12.802,-36.382,-26.861,7.732,-8.599,-28.92,-15.248,-1.16,3.306
51.423,137.366,22.312,-29.323,-34.383,-15.299,20.134,17.395,-23.605,-22.566,10.661,31.555
52.338,95.864,1.267,-6.928,-51.917,-51.751,10.215,4.662,-11.771,0.288,-4.74,22.894
51.179,66.505,33.568,3.339,-3.224,-24.534,12.161,5.343,-0.256,-1.451,-23.058,21.592
51.455,104.456,18.405,-75.292,-35.165,7.093,3.974,0.692,-12.57,-18.294,-6.583,-6.356
52.453,84.105,56.267,-5.451,-44.641,-22.767,-17.992,6.57,-38.589,-13.673,-5.006,-17.412
52.608,71.984,43.459,6.106,-31.281,-25.557,16.768,-21.806,-14.866,12.478,-11.631,-4.399
52.492,74.002,35.957,-11.113,12.746,-37.837,6.781,-5.527,26.015,7.443,-6.348,0.263
53.162,67.929,9.251,-3.399,-20.681,-46.499,1.033,11.351,-5.77,10.49,7.056,15.901
51.928,95.4,27.894,-12.657,-12.941,-34.726,-8.359,17.801,-30.867,2.649,-4.461,1.58
52.548,123.563,0.365,-26.196,-25.051,-19.514,-1.806,-30.36,-14.189,-8.319,-10.203,10.339
52.697,83.021,34.843,8.809,-8.35,-14.375,-0.705,-9.295,-10.325,-3.657,6.506,-4.434
53.391,72.111,26.762,-6.407,-4.507,-12.466,18.607,-9.517,-17.179,11.449,-16.966,17.517
51.973,37.235,34.351,22.941,46.117,-49.306,27.834,-12.61,9.373,-1.956,-11.204,1.092
50.034,34.354,-8.16,3.524,-24.76,-54.29,33.596,-5.756,-19.377,12.673,-5.02,21.964
49.823,82.804,19.001,-33.57,-24.295,-30.017,27.472,1.37,-17.39,4.51,0.892,16.8
52.662,115.789,13.172,-28.527,-35.094,-22.81,4.003,-2.326,-21.064,-1.12,-14.406,22.615
52.122,41.458,32.701,-20.776,-12.872,-11.054,-3.622,-9.738,-7.793,4.396,-12.349,12.317
53.46,71.218,7.006,-21.468,-43.5,-7.115,-5.506,-3.276,-13.521,-5.459,6.264,4.086
52.002,65.388,25.37,-8.385,-33.079,-17.548,-8.45,-7.256,-6.868,-2.801,-31.845,-10.805
50.764,17.534,27.56,-40.897,-17.54,1.986,15.444,-1.185,-16.68,-14.925,-18.177,1.592
51.415,6.84,45.261,-4.788,-9.739,-32.703,12.269,5.856,-8.915,-3.923,-18.28,0.107
50.626,48.381,21.236,-5.147,-17.682,-33.623,-1.668,-4.914,-26.447,1.234,-3.199,6.605
51.412,67.801,15.186,-55.986,-11.879,-16.23,-8.492,13.437,-5.822,7.271,0.745,25.783
52.373,46.804,27.302,-22.183,-0.228,-39.914,-15.541,-2.261,-0.551,25.118,-10.451,4.581
52.464,59.624,3.113,6.858,-8.454,-16.523,-2.866,-38.376,-2.548,-8.153,-21.213,6.463
52.449,112.429,4.873,-15.36,-11.304,-12.704,-11.793,-48.116,-5.635,-22.479,-10.222,-7.585
51.336,93.003,10.704,-47.584,9.305,-30.902,-13.512,7.629,-18.389,-18.91,3.13,-18.295
52.499,29.165,7.3,10.103,0.4,-41.505,1.83,-17.73,-8.844,26.959,16.584,-2.166
51.308,20.136,36.178,-13.17,7.487,-28.287,5.422,5.161,3.916,-9.087,-3.2,8.888
51.218,51.732,52.584,-5.694,-26.723,-30.291,-16.912,-10.124,-37.167,6.295,4.958,-6.259
52.643,62.349,19.607,3.796,-8.781,-9.948,-2.257,-24.081,-14.558,-10.839,-8.084,-1.389
52.106,4.158,23.004,-4.313,-22.727,-30.412,-1.341,-6.377,-21.082,1.524,0.638,-16.954
51.08,12.737,36.245,-1.016,0.628,-18.889,-12.892,2.262,-16.323,-14.538,-21.165,-3.923
52.645,30.424,3.57,5.869,-17.93,-17.565,0.731,-26.666,-29.784,0.023,8.707,-16.087
51.451,17.681,55.178,-1.327,-1.684,-24.09,-1.713,-4.225,-23.449,-15.658,-13.094,-3.401
51.16,30.484,36.999,-2.502,20.716,-32.858,-7.131,-18.866,8.205,6.28,-7.211,-3.291
51.044,4.91,4.125,-2.71,-2.876,-25.472,-8.674,-3.663,9.725,5.229,-3.835,-8.72
52.158,54.768,4.978,-33.245,-3.37,-22.785,-12.658,-5.387,-12.051,-3.626,6.021,-13.333
52.589,30.225,1.149,0.128,-19.486,-36.348,-15.569,-6.478,-22.75,0.151,3.382,-0.443
51.798,24.881,9.375,-11.521,-14.108,-13.92,-20.926,-11.658,-5.529,-1.002,-1.651,-12.278
52.52,36.195,18.883,-16.406,-33.186,-35.17,-12.591,-3.853,-23.275,0.07,2.618,-6.778
51.227,38.472,29.861,-14.937,-5.249,-13.664,-20.064,-14.623,-11.069,-13.552,-2.695,-5.049
52.473,31.414,11.891,-8.623,-10.786,-20.861,-13.104,-12.774,-25.548,-1.184,17.309,0.488
52.823,45.102,8.85,-19.684,-14.766,-48.721,14.517,6.162,-15.422,-5.339,-12.69,-20.629
52.969,98.143,35.495,-17.466,-9.832,-38.918,1.366,17.463,-4.189,7.638,2.798,-3.604
53.371,109.253,-22.608,-0.2,-23.353,-43.157,-6.283,3.402,-8.037,15.699,-5.154,19.376
53.077,97.468,-2.97,-25.62,5.24,-35.972,16.937,-41.935,-15.762,-3.673,-19.145,9.25
52.897,55.243,0.804,-30.58,-7.522,-24.752,0.026,-4.531,-23.659,0.841,-3.546,-0.048
53.691,78.821,16.859,-15.715,-8.81,-39.132,-26.766,-9.057,0.147,11.047,-8.173,-6.658
54.105,75.643,-5.257,-17.072,-9.459,-31.077,-18.549,11.355,-14.276,21.675,-0.361,-4.209
52.532,66.213,-24.781,-3.182,0.068,-42.112,-17.526,-29.096,-13.954,16.52,-20.021,-1.87
53.11,110.079,-18.252,-36.812,3.685,-11.787,8.229,-33.785,-12.432,-12.941,-4.198,-4.566
53.494,57.128,14.263,-16.109,-10.289,-9.817,30.926,-2.311,-12.486,6.221,-11.801,-2.268
53.081,63.112,41.712,-6.909,-19.45,-30.086,42.574,11.506,-23.496,-5.831,-12.786,-1.496
53.087,55.33,19.393,-19.454,2.621,-28.02,28.408,2.088,-13.887,2.425,-14.049,17.725
52.759,44.852,31.695,-9.314,14.908,-53.151,28.743,13.153,10.389,10.821,-11.151,18.606
53.867,75.994,1.411,-22.293,-11.619,-6.915,-8.384,-25.164,8.831,-7.962,-3.723,-12.232
52.905,22.749,7.873,-9.923,14.914,-41.753,21.542,4.473,23.329,9.548,-15.141,-26.881
52.075,46.088,5.854,-18.328,6.621,-33.954,16.732,2.349,24.157,3.07,-20.305,-4.373
51.594,65.05,-19.721,-19.882,-7.06,-7.695,8.99,6.997,-10.667,0.043,-5.941,18.429
52.201,107.102,-5.737,-43.164,-37.836,-30.923,18.344,13.383,-15.902,-7.735,-2.057,-3.52
52.953,78.219,6.112,0.527,-10.37,-41.91,3.573,-11.491,-5.394,-4.309,-19.821,-6.43
52.128,62.513,-0.376,-37.852,-13.625,-20.406,-14.752,25.773,-1.911,-3.107,-25.097,-0.65
52.034,90.305,-14.289,22.345,-18.29,-45.59,-10.658,-20.009,-4.238,-1.259,-9.411,-2.203
50.976,128.747,2.935,-62.563,-35.866,-28.75,-21.074,43.33,18.117,-19.365,-0.491,-6.637
53.277,103.25,8.569,-18.459,-28.505,-16.299,11.53,-27.717,-26.364,36.862,-16.63,3.205
51.863,45.531,5.807,5.495,-13.74,-57.369,-22.901,4.89,-22.659,2.398,-15.986,-7.361
53.014,73.293,0.422,-22.476,8.883,-14.969,30.443,-14.364,-13.149,14.458,-18.737,-7.577
51.125,44.27,0.754,-9.076,-11.889,-67.34,-22.359,3.424,-8.714,11.951,-5.059,2.449
53.401,60.144,-13.431,-32.063,-1.472,-25.946,-4.794,1.918,-15.403,8.142,-3.338,13.673
53.232,114.164,-32.065,-13.184,-24.764,-17.33,-13.501,1.35,11.319,-10.215,-17.947,1.765
52.384,79.765,-0.881,8.979,-29.913,-20.905,-10.374,-20.711,-4.967,4.684,-11.624,-4.643
53.486,113.357,-20.086,-34.845,-14.436,-28.014,9.456,-60.929,0.392,1.256,-13.553,9.515
53.244,93.558,0.034,-20.085,1.545,-38.045,0.392,42.555,7.968,-7.426,-10.865,-3.519
52.587,52.079,-6.207,-23.122,2.136,-32.851,13.761,-8.991,9.522,29.314,-9.201,-4.551
52.38,42.546,37.986,-8.951,24.029,-30.662,3.81,4.37,29.686,2.517,-5.687,-22.939
51.971,64.274,-34.27,-13.217,-12.649,-76.367,-10.56,11.357,-21.088,3.974,-17.523,2.112
52.189,102.27,0.346,-34.05,-9.363,-41.053,17.479,4.18,6.491,1.405,-9.192,6.741
52.6,88.083,24.464,-0.047,-17.182,-51.526,2.087,-1.251,-16.66,-3.674,-25.279,-2.38
52.712,74.814,16.243,-40.957,-38.591,0.705,-10.795,2.191,-16.208,-2.4,-4.862,-22.769
54.335,88.435,32.777,-10.2,-12.151,-28.473,-17.688,-2.686,-8.263,-0.442,-9.08,-32.081
54.28,87.46,1.485,-20.901,-12.952,-49.855,-9.275,-2.997,-12.879,-5.592,-4.744,12.587
53.403,63.055,8.108,-2.962,-5.538,-48.32,19.954,-8.531,-1.065,15.753,-15.249,15.229
51.602,73.574,-38.874,-15.401,-30.993,-65.717,-16.795,13.599,-1.57,-11.877,-11.914,4.661
51.277,79.272,0.203,-44.777,-20.973,-20.705,-0.87,-1.516,-14.675,-1.017,-22.749,-4.333
53.544,75.745,9.576,-29.576,-32.803,-7.805,-16.446,-8.604,-17.438,-0.577,11.81,-29.916
54.195,71.762,9.749,-18.382,-3.935,-23.91,-1.819,-2.431,-2.855,-14.269,10.451,-3.879
51.264,57.344,-19.485,-33.531,-11.901,-23.481,2.538,21.829,-10.28,-12.291,-17.817,8.341
52.089,89.765,-2.635,-27.39,-7.912,-9.007,-6.148,-2.745,-14.852,7.558,-21.062,-21.172
53.265,73.225,0.956,-16.759,-42.49,-12.895,-7.548,-13.734,-11.969,14.86,-1.066,-22.383
53.468,78.545,23.61,-33.021,-27.419,-27.902,-20.474,5.536,-17.359,-6.756,-13.164,-29.968
54.564,84.551,1.335,-25.784,-14.431,-22.779,-12.813,3.206,-5.099,-10.468,4.375,-13.321
53.597,76.542,15.272,-15.249,-9.336,-29.42,16.136,-6.044,-5.666,3.225,-8.174,7.749
53.891,71.745,16.351,-28.943,8.004,-33.599,3.509,5.948,5.177,13.93,-10.257,-5.898
53.971,113.949,-3.333,-12.34,-12.185,-37.181,4.111,-18.341,5.611,16.615,-11.477,11.814
54.21,82.241,-18.865,-25.157,-2.175,-31.322,-6.923,-10.636,18.362,6.963,0.56,4.799
54.016,90.986,11.722,-27.203,9.544,-22.741,-11.148,5.613,24.211,-3.034,-10.519,-9.644
53.69,76.44,-1.945,-11.951,-1.835,-5.72,-5.707,-3.975,-4.241,1.54,-18.991,21.66
54.651,88.36,14.389,-14.075,-2.293,-33.29,-17.198,-8.751,-2.961,13.567,-2.445,-13.669
54.154,64.231,2.454,-26.983,-8.399,-40.694,-17.311,-3.272,-8.952,-2.169,-10.124,-1.506
53.884,52.72,5.667,-29.622,11.703,-32.462,-33.248,-23.966,-4.513,-5.236,-12.228,8.208
53.963,66.761,31.813,-10.077,-1.564,-42.735,-30.982,-11.481,-16.937,-3.125,-2.707,8.342
54.513,67.429,-9.935,-17.922,40.323,-22.709,-45.303,-38.427,-18.059,-9.839,-12.281,-3.47
53.618,98.751,26.818,-20.019,-14.412,-26.175,-16.583,-8.017,-3.74,-24.125,7.954,1.043
55.078,96.491,19.24,-12.071,-12.772,-29.813,-34.071,-21.259,-14.161,11.99,-8.735,-7.26
54.743,82.478,-15.612,-27.469,29.488,-32.298,-12.967,-23.405,-0.27,-4.431,-8.833,10.045
54.004,44.699,18.593,-42.028,-6.445,-31.084,10.624,9.23,3.456,9.896,-3.11,3.321
54.755,64.392,26.81,-16.931,1.559,-49.52,-40.002,-9.796,-12.39,10.779,-15.24,0.725
54.247,88.938,5.992,-20.998,-15.968,-21.692,-9.666,-25.344,-12.962,-2.884,-19.559,-7.699
53.998,46.704,0.883,-25.415,0.133,-26.27,-23.224,-14.202,-23.179,-3.031,-13.934,-3.839
54.329,69.37,-12.84,-32.968,2.741,-18.6,-18.561,3.564,-0.248,-7.696,4.635,11.663
54.502,68.059,-4.873,-8.022,-0.901,-34.625,-24.072,-27.786,-0.977,10.446,-11.862,12.812
52.054,45.527,-16.577,-16.148,18.338,-39.465,17.417,20.175,1.795,-7.927,-8.602,-0.029
53.748,130.61,-1.786,-31.92,-11.527,-17.357,-7.315,7.951,25.227,-2.925,-1.478,7.594
53.933,88.826,-3.851,-29.702,1.251,-23.871,-14.276,-23.924,-0.86,3.142,-13.493,5.231
53.083,59.101,20.345,-3.966,-20.573,-38.418,-13.887,-11.734,-30.728,1.154,-19.148,1.338
53.103,87.806,3.693,-59.418,-42.965,-37.57,-6.675,11.526,-12.708,-3.533,-12.787,-7.543
54.146,120.781,-40.118,-29.326,9.368,-39.931,10.036,-20.08,-23.802,12.094,-1.303,10.752
54.05,80.353,8.919,-0.446,-10.758,-24.095,4.887,-13.92,5.14,-2.417,-22.308,-0.817
53.481,58.881,10.949,-43.022,-3.965,-37.373,9.67,7.46,8.704,9.692,-4.568,5.717
53.262,54.733,14.951,-23.599,-2.929,-26.568,-13.086,-11.969,2.343,-5.088,-10.754,1.691
54.322,63.793,-9.775,-31.55,-11.898,-47.962,-47.737,1.445,-15.108,-2.925,-9.927,-13.62
54.271,72.957,7.948,-23.442,-0.284,-20.138,-38.048,-0.016,-5.995,1.257,-11.09,9.622
54.495,59.182,23.226,-26.212,-22.498,-34.388,-24.363,4.237,-20.377,4.021,14.682,-13.162
54.542,64.311,7.948,-20.814,-6.251,-53.539,-15.747,7.422,-13.572,10.394,-2.887,-0.867
54.911,84.181,14.061,-16.115,15.942,-46.483,-23.588,-8.429,-5.246,8.954,-3.178,17.604
54.482,43.63,9.403,-17.872,12.853,-43.412,-15.768,-1.437,-6.16,19.116,4.884,18.639
52.574,25.844,13.299,-38.789,2.445,-36.176,-18.407,2.067,-6.717,3.217,-6.674,16.189
54.164,42.169,8.607,-15.395,-0.837,-31.119,-42.448,-20.789,-13.961,-3.857,-5.54,5.163
53.713,48.858,20.828,-39.734,-14.872,-26.971,-15.136,8.48,-21.169,-4.67,1.081,5.367
55.819,93.632,0.769,-26.066,-5.645,-47.809,-21.248,7.691,-6.216,-8.624,2.206,17.067
55.552,96.542,3.137,-8.275,15.567,-28.251,-18.288,-25.443,-2.896,4.21,-14.652,18.896
53.047,66.239,-24.222,-27.638,-14.396,-56.6,0.448,-13.223,-23.642,6.556,-4.424,9.408
53.212,64.169,21.14,-33.268,-19.316,-19.278,-12.932,5.538,-9.53,1.663,-7.012,-7.691
54.398,53.2,6.751,-24.137,-23.331,-37.656,-32.038,-2.6,-6.571,6.085,2.932,-26.577
54.749,96.754,32.467,-22.256,-29.714,-28.243,-18.272,6.424,-13.998,-1.103,-1.846,-1.285
54.922,85.986,-0.48,-20.978,-10.507,-58.623,-26.457,-2.605,-17.608,7.607,-4.717,4.274
54.73,102.526,7.238,-31.458,-6.591,-31.88,-5.92,-5.206,-3.334,-3.043,-11.579,3.95
54.185,88.08,5.463,-18.735,-4.744,-37.187,25.972,-0.831,12.764,11.894,-12.17,15.212
54.051,71.262,2.321,-4.545,8.239,-27.558,2.774,2.671,18.938,12.128,-3.376,13.234
54.016,65.398,-9.373,-33.867,-7.973,-41.599,-7.319,5.463,-4.124,1.488,-3.511,11.478
54.923,71.063,11.109,-18.664,20.423,-35.217,-12.079,-9.124,12.421,15.905,-2.208,0.099
54.481,79.226,-14.919,-13.794,-1.865,-53.075,-0.293,1.489,-17.689,2.885,-17.317,6.957
53.118,78.223,-38.321,26.933,-3.92,-34.998,-37.603,6.727,0.118,-5.178,-31.766,8.78
43.068,47.879,-101.691,-38.784,-19.674,-35.23,-44.809,-29.865,44.359,7.486,-27.028,6.207
47.277,133.039,-87.446,-53.615,-9.172,-36.93,-53.67,-13.413,63.806,24.334,-17.51,14.301
49.089,118.731,-36.066,-47.597,-20.194,-9.259,-7.155,5.51,1.014,23.217,-7.369,11.403
50.329,79.712,-19.64,-3.564,-34.687,-26.454,-39.023,1.476,-22.498,-8.265,-5.025,-17.589
48.97,83.286,-51.889,-45.967,-6.047,-35.544,-54.493,60.412,-15.428,13.402,0.673,-7.757
45.655,73.769,-64.284,-10.073,-19.632,-80.676,-44.03,-55.434,-14.939,37.148,-14.122,8.444
48.361,70.151,-32.364,-28.782,-40.612,-18.936,-48.209,-16.786,-18.802,2.159,-16.931,-12.88
48.744,91.038,-45.108,-2.183,-22.848,1.016,-48.745,10.971,-4.195,6.216,-22.753,7.33
50.461,27.954,7.027,0.869,3.642,-23.421,-22.04,-15.611,-2.608,12.047,-13.309,-38.335
48.804,85.12,-25.397,-27.37,-15.884,-29.287,-37.509,10.411,6.044,-6.859,-2.041,10.737
48.632,81.192,-39.02,-27.034,-4.429,-10.321,-36.177,-34.909,-7.759,6.587,-40.909,3.518
44.321,58.305,-85.175,-42.067,0.695,-35.356,-21.171,-20.695,51.367,3.732,1.426,13.634
48.335,72.836,-56.565,-5.494,2.076,-15.153,-16.913,-10.445,28.468,3.356,0.372,19.378
47.476,87.772,-57.756,-46.444,4.316,-31.04,-19.356,-24.802,53.122,18.486,2.55,11.168
48.84,80.024,-14.208,-52.066,2.328,-3.852,7.569,-8.681,15.57,0.116,-20.115,20.724
49.513,43.478,6.822,-67.354,-2.651,1.664,-2.453,1.648,10.169,0.536,-20.097,16.358
49.228,77.698,-36.417,-45.264,5.929,-6.889,4.11,-16.254,-0.211,-23.562,-16.465,16.968
48.771,37.49,23.439,-82.253,-14.963,18.965,42.192,21.868,8.509,-37.95,-8.513,19.932
50.016,111.468,-29.04,-27.13,-12.646,-25.413,-20.628,-7.332,-4.244,-13.762,-12.629,34.059
49.881,55.599,11.151,-52.33,-33.003,-23.201,-10.148,23.116,-2.002,-15.926,4.797,20.018
50.904,79.714,-9.169,-40.705,-4.814,-19.943,-4.501,-15.377,13.56,3.115,-14.487,18.427
50.853,66.986,-4.965,-7.482,-17.249,-38.667,-5.251,-19.55,-12.106,5.802,-21.876,15.392
47.308,38.771,-9.004,-15.282,-38.067,-34.017,1.937,-19.02,-11.266,4.592,-2.523,40.767
48.928,45.85,-8.832,-26.286,-7.193,-2.298,15.861,0.399,11.35,-31.997,0.6,45.77
46.354,15.31,-29.307,-18.755,5.791,-35.885,19.686,-14.377,25.464,-8.324,6.772,36.199
49.9,61.331,-26.251,9.064,6.97,-18.148,2.05,-18.47,-1.766,-2.575,3.24,5.525
49.774,43.079,-10.521,-7.356,-22.902,-5.416,-31.977,0.741,20.609,-21.553,-14.981,-7.948
49.892,85.805,-1.082,-66.311,-10.039,7.932,-32.964,-11.714,0.607,-6.803,-22.142,-23.113
50.211,100.798,-58.726,-38.418,29.401,-48.244,-41.508,21.337,1.126,6.884,5.737,-9.952
51.8,133.31,-18.318,-41.184,-2.97,-17.058,-15.631,-21.941,3.563,15.352,-9.805,-21.008
50.314,89.146,-10.81,7.626,-43.74,-21.525,-52.614,-27.402,-8.081,11.157,-33.942,-22.951
49.753,42.399,1.199,-17.704,-4.041,-0.017,-13.285,-39.201,2.86,-8.249,-0.427,-10.673
49.486,48.756,-3.997,-43.874,-18.689,-17.068,-18.981,-16.63,-8.069,6.61,-8.173,-5.749
49.216,39.862,-27.385,23.315,-3.37,-22.209,-16.715,-11.849,-6.345,-17.376,-14.479,-4.841
44.51,-12.201,-35.164,-25.513,13.829,-30.0,1.203,-12.123,51.173,-3.783,-20.208,2.448
44.125,-16.557,-40.907,-44.426,14.854,-33.137,-2.526,-8.202,49.544,-7.635,-20.395,7.551
45.835,15.635,-24.33,-69.289,18.815,-2.754,-0.507,25.232,42.927,-8.366,-20.102,0.897
49.32,114.098,-58.256,-49.678,12.2,-36.464,-47.74,-11.378,62.193,3.808,3.352,15.899
51.001,110.031,-4.915,-36.032,-0.251,-23.287,2.91,-5.123,11.998,14.316,-22.002,5.472
50.225,72.314,-3.447,-25.523,-0.068,-7.373,11.48,2.944,9.771,19.821,-19.939,25.753
48.929,42.407,-27.759,-42.533,-1.093,-23.838,-19.344,-21.682,-0.835,-10.639,-5.598,-7.636
49.77,12.085,19.67,-21.509,-17.051,-16.694,-16.012,-8.351,-18.024,-11.871,-11.956,-15.763
50.432,73.664,-13.182,-49.852,14.877,-39.338,-24.755,57.15,6.499,-0.08,7.559,18.455
51.296,90.74,-28.591,-16.917,43.19,-22.794,5.471,-68.331,3.705,14.103,-16.026,19.714
49.754,2.436,9.012,-5.7,6.654,-24.567,-0.212,-10.565,17.528,-10.897,-28.495,2.745
48.585,23.674,10.212,-69.016,-17.413,-17.133,-9.313,4.023,14.897,-14.961,-16.276,-7.841
51.213,34.093,21.375,-11.101,1.852,-48.135,19.141,19.321,5.479,6.573,-17.922,29.78
50.931,25.689,24.079,-37.14,-8.216,-27.356,-22.78,22.781,-15.622,-0.767,-5.383,-2.49
49.763,46.097,-19.997,-10.697,7.704,-21.607,-12.335,-14.43,13.919,-1.175,-19.625,23.846
48.13,-48.889,-16.195,-21.8,24.904,-47.004,-39.516,-7.878,0.041,9.567,5.589,21.914
48.009,-33.28,-12.491,-42.574,28.749,-31.801,-33.185,-11.143,8.118,-3.428,4.757,12.184
49.956,15.46,-16.484,-32.693,33.494,-43.94,-26.839,-17.856,5.714,-1.346,-7.337,25.969
52.051,41.836,14.446,-23.015,15.554,-7.296,-19.001,-11.979,-12.112,0.135,-3.986,21.312
53.235,70.661,-3.905,-46.756,53.361,-31.762,-26.968,16.61,15.254,-15.734,14.209,40.989
52.478,29.965,11.558,-2.409,29.914,-30.344,-26.311,-12.853,2.839,-6.761,-6.729,19.999
50.4,-15.11,-9.239,-6.219,51.066,-41.969,-56.418,-23.943,2.316,-1.607,-7.499,24.037
49.369,-13.696,6.531,-64.274,39.485,-33.874,-60.701,19.403,21.882,-13.284,10.107,11.516
51.35,18.316,-5.973,-22.714,22.221,-34.154,-65.326,-36.513,-7.408,9.659,3.636,-7.271
52.004,9.431,5.248,-0.535,16.725,-8.134,-56.064,-25.679,-14.934,-12.649,-0.254,-12.609
50.949,4.223,-12.018,-8.856,28.007,-25.163,-45.461,-18.304,-21.714,-20.948,6.361,-1.095
51.845,41.146,-35.742,-25.352,59.916,-12.493,-29.849,-51.989,5.41,-47.53,-13.141,12.944
50.332,19.222,-25.761,-11.151,20.448,-28.385,-29.099,-2.222,12.427,-8.581,12.798,19.597
49.306,51.562,-25.951,-27.057,3.421,-50.606,-17.227,7.579,18.977,12.71,-6.359,38.353
48.794,23.371,-4.897,-12.177,-0.496,-41.606,13.558,1.483,8.701,18.094,2.777,33.216
49.601,44.911,-10.905,-8.625,10.254,-24.396,12.071,-5.6,4.19,3.192,2.04,7.327
49.045,43.899,-1.061,-13.321,-7.274,-41.524,6.206,3.914,-5.712,3.746,-2.361,41.071
51.292,80.712,-19.204,-19.145,-2.877,-4.835,-14.267,-20.577,-1.402,-15.912,-3.38,20.862
50.818,69.788,-15.351,-46.716,34.837,-39.21,8.508,-38.242,-18.028,-6.859,-8.72,-2.205
50.956,16.769,36.659,6.224,-9.05,-22.657,13.129,-12.056,0.064,-1.228,-24.307,11.042
47.328,-14.546,9.247,24.205,-14.87,-59.812,-18.36,-25.964,-12.731,7.428,-1.636,12.173
50.299,60.736,8.5,-64.683,5.367,5.429,-3.468,4.553,22.761,-33.033,5.508,16.157
51.943,57.1,5.113,-2.501,4.194,-26.748,-17.587,-29.605,1.891,4.415,-20.185,26.639
49.917,-26.771,29.794,-48.613,27.184,-24.11,-6.837,32.455,18.263,-3.173,3.91,18.148
51.426,18.5,-1.027,-15.31,29.862,-30.934,-43.145,-18.142,11.898,13.126,3.211,22.709
50.136,21.603,-8.802,-19.365,1.633,-21.261,-41.043,-41.782,16.733,13.209,-11.631,10.384
51.16,1.264,0.468,-37.724,37.861,-30.986,-39.632,-7.931,13.255,8.349,8.596,29.736
52.562,51.544,14.612,-22.824,33.298,-34.315,-20.046,-7.387,-6.401,-2.094,-5.751,18.535
51.894,31.827,22.024,-30.664,23.28,-29.504,-18.528,8.484,14.997,-0.816,-7.124,13.544
53.462,38.921,41.134,-12.873,7.436,-39.315,-26.539,-13.275,-20.813,19.013,-8.868,3.562
52.258,27.867,-2.195,-38.221,39.922,-24.737,-28.981,4.865,-23.435,-19.678,-0.934,20.249
53.79,87.587,-8.429,-48.762,38.947,-31.447,-14.396,-26.224,-32.01,-14.726,3.317,12.473
52.603,29.557,18.294,-30.637,21.349,-24.729,-33.863,-15.456,-10.693,-17.548,-2.505,21.719
52.367,21.988,26.42,-20.426,25.538,-30.171,-6.733,12.923,-6.711,-7.825,-6.104,20.805
52.544,67.048,8.115,-32.0,-1.116,-16.901,-34.321,-15.858,-19.66,-1.2,-11.117,21.4
51.906,36.52,0.559,-18.776,-6.59,-32.03,-20.772,-0.253,-9.342,3.839,4.581,17.393
51.431,25.439,13.738,-20.465,-22.073,-41.18,-9.958,-6.852,-13.676,2.075,-4.695,38.505
51.474,7.272,26.619,-17.426,7.655,-30.883,-5.959,-1.028,-11.824,4.24,-4.411,35.58
50.552,4.249,6.03,-8.394,14.54,-28.95,-3.189,-17.491,1.05,4.087,-1.167,27.503
49.546,-8.211,12.18,-15.393,8.94,-42.149,-7.303,-10.584,-3.206,14.227,-0.074,27.968
50.284,30.208,12.481,-36.663,11.659,-15.328,-12.265,14.375,14.971,-34.985,8.961,35.773
51.808,73.241,17.589,-12.796,8.489,-30.393,-8.326,-2.515,-13.766,-5.073,-5.269,24.695
51.489,40.925,31.179,-18.502,8.081,-5.729,-4.73,7.363,-4.259,-0.377,-5.347,24.586
52.278,46.679,18.458,-30.167,2.082,-28.923,-4.434,-17.778,-12.06,1.967,-3.125,14.096
53.279,90.995,-7.008,-20.711,28.138,-36.198,2.011,-38.512,8.203,-19.079,-12.675,30.65
53.027,44.354,18.866,-9.51,2.957,-46.001,-36.742,-30.063,-13.595,11.457,0.067,1.827
53.183,43.142,25.398,-23.185,21.958,-35.511,-23.618,-8.387,3.222,1.465,3.431,20.07
54.082,61.126,10.33,-10.565,18.684,-42.164,-21.924,-2.284,7.063,11.274,-14.263,27.358
53.466,67.07,10.983,-19.926,-14.24,-18.216,-21.259,-8.624,-14.131,-2.82,-14.381,0.654
45.796,23.356,-46.419,131.729,17.02,-27.952,-38.538,-5.611,2.207,-29.565,-55.18,27.856
51.928,91.463,-42.928,1.759,-35.68,-27.354,-1.49,13.272,-23.912,22.547,16.944,-10.276
51.563,100.996,5.346,-54.43,-22.038,-23.622,1.377,9.909,-14.42,4.479,-10.046,-11.659
53.278,144.303,19.014,-36.097,-19.402,-30.732,-0.481,0.621,-16.47,2.058,-14.849,2.795
53.423,111.265,-29.102,-1.143,-29.082,-48.027,-14.495,3.509,-11.609,7.953,-11.299,9.518
53.295,107.528,-1.733,-35.44,-7.228,-34.537,16.651,-29.651,-18.16,3.204,-19.875,6.236
54.176,86.249,13.352,-15.339,-9.289,-33.15,-14.392,1.403,-2.652,4.79,-14.163,-1.006
53.057,91.685,-14.384,-6.88,-6.76,-37.747,-14.271,-8.38,-12.528,18.122,-18.595,-1.655
53.369,125.127,-34.679,-44.843,2.475,-15.543,17.043,-23.685,-23.418,-23.965,-3.356,9.064
53.839,86.191,4.152,-9.072,-19.976,-32.192,0.095,-9.362,1.492,-10.515,-24.179,-10.947
53.775,49.49,2.415,7.045,3.62,-50.566,31.276,1.521,-8.995,22.76,2.819,-1.031
53.3,66.615,35.461,-3.594,-10.681,-53.361,16.291,6.102,-21.578,6.858,-1.415,-3.727
53.719,61.412,16.886,-9.322,11.399,-34.048,18.783,-9.451,2.014,4.324,-12.227,11.099
54.118,70.312,1.813,-23.713,-4.592,-12.342,-13.525,-9.415,8.421,-2.426,-0.626,-12.437
53.008,32.049,20.61,-13.909,9.183,-36.09,40.684,12.986,22.65,-1.204,-11.974,1.057
51.791,39.272,7.705,-21.145,11.319,-32.13,14.336,12.273,18.439,8.812,-16.864,-7.883
51.947,53.402,-31.582,-15.612,-11.835,-77.907,-3.657,5.62,-14.973,4.858,-17.847,21.683
52.134,107.939,-7.046,-47.04,-38.331,-31.329,15.534,14.941,-13.723,-4.239,0.397,-3.045
53.074,84.484,6.812,-0.574,-11.565,-48.274,2.167,-14.507,0.948,-0.31,-22.981,-1.085
52.306,66.466,-2.078,-35.324,-17.922,-20.236,-18.446,27.469,-3.421,-1.913,-12.412,2.554
51.547,78.131,1.87,-27.433,-19.168,-1.239,9.342,18.923,-0.398,-17.072,-31.981,7.923
52.074,175.776,-8.004,-43.579,-41.494,-21.316,-14.873,2.545,17.486,-8.407,4.214,0.257
53.734,83.63,12.957,-7.848,-22.018,-28.966,24.037,-20.187,-39.729,45.046,-12.943,6.147
52.683,74.203,13.477,1.517,-4.93,-23.492,-3.688,-8.883,-2.928,8.238,-27.415,-12.961
53.103,76.755,-7.537,-14.49,2.698,-20.766,21.334,-12.846,-20.716,25.055,-19.508,-7.226
51.851,60.117,-2.823,0.919,-16.673,-60.615,-22.51,-3.432,-11.396,22.733,-2.826,12.793
53.406,61.523,-11.324,-25.34,-2.846,-27.624,-4.812,-4.37,-9.088,10.068,-6.819,10.827
53.091,98.26,-26.315,-24.611,-18.936,-12.506,-20.107,15.406,11.376,-11.73,-21.603,4.423
52.331,79.575,0.836,-1.367,-31.684,-1.291,-2.932,-11.83,-5.578,-0.308,-15.09,-11.319
53.234,106.268,-20.68,-33.458,-14.356,-16.842,1.937,-50.285,9.207,-7.329,-13.025,0.922
53.241,101.574,-6.287,-21.245,0.762,-47.61,-6.538,32.036,3.745,-12.656,-8.016,-3.095
52.373,51.201,-6.041,-25.701,4.752,-26.215,18.032,-15.915,10.589,25.484,-9.072,-6.093
52.083,49.044,40.589,-9.636,22.455,-54.463,1.749,-2.267,25.973,15.328,-6.566,-11.727
51.793,63.629,-36.773,-12.418,-7.134,-80.71,-14.158,15.027,-9.466,1.303,-19.218,0.048
51.93,99.65,-9.809,-38.895,-5.055,-28.081,22.652,10.897,9.165,2.151,3.729,5.131
52.825,93.121,18.491,3.462,-17.446,-32.048,0.93,-4.217,-11.131,1.05,-8.995,-8.704
53.137,83.456,20.458,-45.896,-31.296,-4.432,-13.568,-1.483,-14.912,2.434,-0.872,-18.491
53.52,65.707,13.291,-16.447,8.17,-19.805,-8.333,-10.786,3.377,-1.67,-6.797,-1.164
51.438,66.259,-34.71,-14.434,-22.733,-71.226,-6.063,16.898,3.544,-11.267,-13.897,13.457
50.232,88.617,-29.15,-52.285,-25.035,-31.881,13.028,-2.062,-18.04,-0.994,-11.346,-8.735
52.592,83.051,0.603,-3.691,-18.64,-8.386,-7.015,-7.149,-12.118,3.848,-6.188,-6.027
53.423,71.863,11.413,-30.761,-28.8,-6.891,-14.163,-6.183,-22.111,1.615,11.785,-25.438
54.445,78.752,-5.956,-26.369,-2.822,-18.119,-23.202,7.583,-7.3,3.079,0.692,-10.631
54.805,113.233,3.486,-41.808,16.57,-24.789,-29.358,-13.95,9.362,-5.483,-17.782,-8.818
55.305,88.484,3.097,1.862,0.315,-44.71,2.339,-16.676,-0.525,8.74,-13.657,-7.174
52.766,48.753,6.665,-24.787,8.842,-33.341,11.217,-1.695,23.779,4.869,-24.047,1.636
52.106,61.109,-38.056,-12.248,-3.689,-71.432,-1.716,14.031,-21.454,11.166,-3.843,6.215
51.596,88.718,-3.768,-37.129,-8.152,-11.089,-0.69,-3.606,-12.111,6.023,-17.325,-18.77
52.52,80.913,6.952,-46.482,-31.723,0.879,-8.022,-9.583,-2.95,7.391,-22.172,-7.554
53.385,76.137,28.744,-29.344,-26.675,-22.121,-24.018,-4.189,-18.832,6.131,-14.619,-33.312
54.72,98.352,10.782,-29.28,-10.802,-43.504,-14.947,-3.356,-9.283,7.538,-7.064,-7.073
54.023,72.426,24.649,-14.466,-4.715,-35.507,14.283,-3.725,0.595,4.691,-4.741,0.477
54.036,80.187,-10.819,-22.076,5.376,-34.507,-13.546,-6.01,16.075,7.094,-9.52,7.652
54.38,89.175,5.251,-18.687,13.279,-30.962,-9.048,-4.413,18.427,10.291,-8.623,6.713
54.163,78.599,-3.215,-9.02,19.415,-39.62,-12.896,-23.106,23.787,9.223,-17.489,-7.68
54.089,77.114,13.896,-26.866,21.71,-25.484,-15.549,10.965,25.21,4.921,-13.795,-19.192
53.739,84.028,-14.107,-5.499,-2.868,-11.03,-1.603,-4.014,-7.428,10.423,-2.284,15.14
54.561,88.578,11.99,-20.2,-0.25,-38.318,-17.567,-3.813,-0.781,14.033,1.879,-13.275
54.02,61.281,-0.661,-20.303,-6.175,-26.165,-11.835,-6.707,-16.141,8.671,-14.529,-10.205
53.706,54.263,19.879,-34.446,21.146,-32.959,-37.658,8.705,-12.6,-2.386,-5.435,4.349
54.517,70.533,-2.096,-31.19,2.588,-40.708,-32.484,-5.989,-13.147,4.769,6.664,0.267
54.358,68.624,30.716,-6.994,11.265,-39.895,-35.03,-13.791,-10.407,-3.826,-13.366,10.887
53.83,81.94,-9.791,-30.616,34.532,-20.906,-29.436,-39.298,-11.168,-8.011,-6.929,-12.554
54.444,78.284,18.265,-16.918,3.539,-35.002,-39.537,5.686,-9.066,5.407,-5.68,11.995
54.331,53.135,4.729,-44.167,-10.178,-30.047,-43.143,22.373,2.845,-8.328,-1.263,-15.072
55.065,95.431,-22.419,-24.106,12.202,-31.041,6.062,-28.593,-21.222,8.774,-8.859,28.473
54.605,61.131,6.297,-19.385,6.454,-28.418,-11.583,2.79,0.556,-1.606,-11.519,23.312
54.353,47.201,18.022,-33.888,-1.491,-28.086,-20.743,9.39,8.011,-4.848,-1.462,-13.202
54.274,63.136,10.041,-19.689,-7.792,-19.993,-27.604,-12.489,-9.335,-6.49,-6.917,-3.349
54.527,57.01,-10.393,-15.157,10.09,-13.358,-15.083,-6.59,0.266,-1.223,3.907,14.241
53.995,113.764,-1.754,-26.06,-9.384,-17.872,-16.714,-4.378,17.778,-6.911,-5.333,3.3
54.597,74.921,5.158,-22.626,-8.138,-30.97,-13.32,0.261,-10.061,5.272,5.529,-11.51
53.247,69.008,21.813,-8.079,-16.197,-13.044,-9.06,-7.235,-19.758,-4.945,-12.143,-9.688
53.262,95.735,-3.286,-51.909,-54.573,-28.477,-12.083,12.975,-13.11,-1.095,-12.328,-12.59
53.545,98.975,4.046,-36.845,-34.771,-21.95,-14.648,14.432,-8.953,3.266,-12.455,-6.693
54.28,132.149,-43.868,-30.235,7.423,-34.844,4.546,-3.455,-17.047,10.434,-5.557,16.492
53.988,81.19,6.855,-8.715,-8.956,-19.473,4.394,-8.931,0.338,-10.264,-26.045,-7.435
53.63,55.071,9.257,-33.945,-0.906,-43.883,4.706,5.647,12.545,9.744,-11.541,6.477
53.636,57.816,14.452,-19.509,-16.852,-15.568,-9.53,-2.951,-10.42,-17.451,-13.721,1.136
52.456,24.162,18.179,-16.273,-8.653,-42.798,-20.141,4.475,-11.368,-5.563,8.505,13.153
54.299,81.999,-7.261,-17.211,-17.934,-17.362,-22.187,7.297,-19.667,-3.233,12.449,-3.61
54.565,61.159,9.705,-24.318,6.57,-21.687,-40.413,-14.792,-8.924,11.45,-11.549,13.612
54.144,57.307,18.961,-21.195,-23.567,-34.658,-20.06,-6.946,-20.545,2.443,8.234,-11.939
55.188,56.451,25.46,-13.131,6.1,-32.857,-23.306,3.484,-12.134,-1.33,-5.99,9.24
55.066,64.842,3.348,-23.349,18.892,-22.512,-21.15,-13.196,-1.207,-12.178,-12.462,14.892
53.783,32.189,-5.678,-16.013,7.433,-21.412,-11.208,1.446,-12.696,-11.141,6.304,16.726
53.789,59.607,8.857,-8.423,0.928,-13.662,-24.418,-9.214,-9.073,-1.514,-3.835,2.577
53.645,63.601,22.474,-50.608,-18.844,-25.335,-9.334,10.477,-23.582,-6.854,-3.395,7.831
55.817,105.259,7.62,-19.289,-7.089,-23.45,-8.602,-6.763,-7.141,-13.83,-3.825,15.159
54.468,70.339,7.504,-25.368,3.906,-28.321,-5.288,-18.232,13.351,1.642,-13.91,15.304
52.588,43.217,0.975,-39.449,-13.793,-27.978,-11.873,13.028,-11.181,-2.034,-4.584,7.512
53.77,62.264,25.653,-26.064,-14.375,-24.149,-10.561,5.342,-8.137,-6.068,-9.89,-19.655
54.046,46.868,3.539,-23.079,-19.19,-31.851,-26.924,-5.011,-4.031,-5.022,0.266,-28.02
55.084,83.095,33.713,-17.187,-27.114,-35.508,-30.625,2.972,-18.077,5.275,-0.35,-19.803
55.227,97.71,-1.084,-27.24,-17.363,-59.112,-24.021,15.38,-13.51,0.595,-4.875,2.469
54.65,113.315,8.193,-12.476,-5.365,-45.143,-4.337,-37.492,-11.936,24.439,-13.468,1.117
54.42,52.981,10.892,-9.582,5.89,-51.04,-7.227,7.075,18.679,5.405,-13.95,4.792
53.663,50.817,-18.607,-27.798,-10.212,-64.189,-10.014,-3.183,-15.493,2.027,-10.895,3.125
54.507,63.263,12.042,-17.051,17.608,-36.101,-5.675,1.457,21.158,12.991,-25.895,-5.834
52.446,59.005,-15.029,-38.509,1.669,-34.599,-26.048,-5.576,13.883,-4.313,2.212,11.768
53.768,70.812,-0.842,-29.671,0.739,-26.283,-7.457,-9.069,7.16,9.16,-17.023,11.105
53.823,71.116,-1.997,-25.357,4.951,-34.841,-11.959,-9.765,5.733,14.158,-5.283,11.346
55.208,91.724,10.219,-19.779,4.237,-42.203,-11.976,-6.989,1.406,5.92,-6.835,13.802
54.884,77.23,-13.702,-16.693,1.584,-55.65,-4.888,9.817,-18.708,5.17,-6.888,7.587
37.854,88.539,-137.965,385.897,20.044,-45.919,-92.198,88.564,1.943,-67.312,-128.875,2.321
