0.0,171.13,9.469,-28.48,57.491,-50.067,14.833,5.359,-27.228,0.973,-10.64,-7.228
2.477,123.898,-52.311,-67.243,13.914,-48.252,33.856,-6.347,-30.382,12.607,-4.943,-3.734
22.234,-148.828,-68.339,-87.636,6.108,17.278,38.163,4.8,-24.395,37.073,-56.473,-9.75
20.078,-157.212,-77.865,-59.936,37.542,-55.166,50.233,20.091,-12.009,6.066,-2.199,-8.8
24.674,-132.86,0.017,38.034,37.681,-56.183,35.612,46.367,13.281,-0.647,-38.89,-26.905
21.616,-148.858,-41.126,-29.732,48.172,-25.679,32.601,25.304,-4.322,16.732,-27.53,-28.168
18.943,-121.925,-110.636,-14.994,13.209,-59.0,2.628,39.347,-2.106,12.513,-10.066,-18.086
18.863,-114.84,-37.362,-29.518,39.881,-45.078,27.361,28.432,-23.691,2.312,-2.285,-16.981
19.554,-135.299,-96.078,-19.775,20.327,-44.261,4.194,44.09,-20.818,10.195,-7.702,-9.126
19.07,-137.155,-22.744,-54.779,82.426,-5.103,3.171,3.375,-35.011,27.823,-1.891,-10.08
28.144,-98.373,9.373,64.793,62.444,-14.115,-41.512,1.139,-3.695,5.6,1.186,-8.5
23.5,-159.821,-67.687,7.408,25.17,-39.304,4.047,42.102,-5.704,4.359,-19.524,-11.432
28.931,-105.142,64.153,95.465,74.516,-56.006,25.757,28.438,33.159,4.359,-20.302,-35.316
26.471,-155.16,-20.452,-77.268,16.722,-14.77,53.353,14.922,14.004,20.454,-44.552,-6.097
22.684,-158.134,-45.14,-43.137,8.457,-49.32,61.689,15.974,-10.366,-4.01,-9.848,-18.979
23.166,-185.605,-53.11,-28.221,38.635,-63.832,24.118,25.503,-16.811,-12.076,-9.401,-11.506
24.838,-137.393,18.5,-66.153,44.299,2.044,35.752,12.614,-2.724,-10.766,-38.137,-13.898
26.742,-152.871,-37.134,43.997,20.804,-40.135,-11.836,33.75,-2.474,-1.271,-29.1,-14.77
18.684,-126.327,-41.639,-16.084,68.341,-55.531,-0.354,31.873,-14.107,-3.048,-9.326,-13.487
19.736,-151.358,-103.204,-54.527,31.308,-36.549,8.834,31.36,-12.864,18.467,-8.821,-14.798
17.425,-119.573,-53.384,-22.822,74.597,-47.834,14.364,37.741,-10.763,12.121,-2.657,-13.124
21.694,-112.752,13.736,19.945,44.837,-34.697,21.441,34.297,-17.375,-4.716,-1.939,-5.899
23.183,-167.718,-58.878,20.412,35.002,-46.81,14.42,56.058,-6.559,9.136,-28.744,-14.395
23.427,-158.682,-27.586,-46.002,44.088,21.809,48.953,20.77,-6.65,36.187,-18.081,-22.848
22.989,-117.421,20.302,10.666,38.741,-43.777,15.356,27.955,-7.294,-11.344,-2.915,-9.875
23.976,-144.175,-77.214,2.597,13.71,-11.819,7.423,49.092,-9.698,11.716,-22.154,-8.734
18.659,-39.102,-47.718,-31.375,1.763,-35.887,4.517,-1.671,5.032,2.734,-15.213,-1.941
36.593,40.539,36.238,-122.363,29.964,37.272,16.918,43.33,53.041,15.994,56.275,-52.614
46.545,189.833,78.102,-44.741,13.067,-23.431,1.966,46.901,11.74,-3.566,2.763,-68.179
47.33,260.503,61.203,27.542,3.696,-36.142,-15.409,14.936,-10.578,17.597,-14.217,-60.139
46.623,229.882,62.327,5.749,33.092,-18.88,-53.492,-1.675,-25.393,6.42,-7.024,-28.316
45.331,207.535,54.752,-9.955,24.381,-31.211,-40.46,0.306,-6.32,9.237,0.4,-42.181
44.194,159.317,37.03,20.224,-3.718,-16.325,-30.0,-7.518,-8.628,22.027,-34.246,-40.663
40.735,114.799,54.222,-5.792,-3.374,19.457,-52.193,0.294,22.265,-6.472,-4.507,-68.669
38.759,109.369,59.689,-36.481,37.354,-11.835,-47.174,3.713,29.782,-3.491,8.955,-33.925
39.519,98.268,10.329,-1.447,20.432,-25.506,-36.903,-22.448,26.862,24.765,-17.672,-17.447
31.096,53.887,43.013,76.244,60.043,-14.174,-66.882,-35.485,17.033,-6.552,-48.501,-23.123
19.883,-10.425,-45.74,-42.126,-12.564,-35.847,-4.997,14.95,12.836,17.665,5.356,8.008
19.578,-29.481,-85.753,-36.039,-15.986,-55.769,-7.064,4.682,2.144,-7.704,-1.232,5.848
22.31,-74.45,-24.259,-1.558,43.447,0.688,-14.565,15.338,-16.423,47.146,-13.981,13.708
18.234,-0.39,-12.722,-22.767,41.06,-33.703,-39.076,-4.092,5.991,-7.069,-2.257,0.932
16.286,30.108,-5.97,-26.135,33.631,-29.163,-27.865,-13.337,5.241,-1.823,3.894,0.61
18.503,-28.05,-46.01,-50.254,16.064,-40.368,-12.314,-42.565,-1.034,40.451,-18.681,0.268
32.12,-4.634,-24.181,-0.352,-26.428,85.611,-26.022,15.373,18.66,-24.052,-35.119,-49.917
32.14,12.954,6.907,-49.022,-27.183,67.649,-32.59,35.447,18.284,-25.118,-60.095,-51.795
35.027,51.206,48.624,-101.153,-21.718,75.592,-33.569,29.391,7.094,-20.998,-8.704,-62.893
36.241,67.661,25.305,30.832,-30.991,7.331,-66.577,-32.946,-11.021,-21.296,-46.113,-48.294
32.102,-58.199,-41.101,-28.017,-40.191,-30.466,-51.877,-6.089,5.75,4.824,-5.815,-33.891
28.309,-53.928,-27.846,-12.669,-20.743,-13.898,-59.112,-22.582,-7.699,27.945,-32.717,-23.329
33.316,38.483,67.758,-108.598,5.969,44.536,-21.871,50.937,43.489,-8.984,33.177,-72.452
35.586,75.501,67.955,-1.029,6.055,-15.057,-71.395,-18.538,6.979,4.928,-17.671,-37.475
30.557,-30.084,-56.883,39.587,-34.964,-41.197,-35.614,-14.203,29.209,7.898,-46.051,-32.338
21.947,-61.102,-73.157,-63.203,-9.969,-13.315,6.636,-24.466,10.544,-16.793,4.736,-17.338
22.681,-115.388,-47.289,-15.041,23.335,-35.85,-14.993,31.206,1.812,-2.596,-6.418,3.937
22.611,-108.746,2.561,-53.269,69.516,1.103,-1.527,29.717,-3.462,39.223,-5.353,-3.204
23.718,-120.998,-73.582,-33.42,30.743,-32.161,16.406,7.727,20.495,6.405,5.524,2.63
21.802,-88.219,-77.686,-35.093,6.166,-60.785,-10.515,12.731,19.281,0.547,-6.155,11.881
20.224,-41.269,-51.917,-53.293,-2.138,-53.765,-12.463,-1.821,16.837,14.664,1.599,6.387
20.005,1.734,-51.123,-19.245,-10.292,-49.468,-25.031,4.507,6.426,2.042,1.593,-0.606
20.442,-36.512,-101.73,-45.422,-18.951,-6.761,-23.511,8.872,-5.213,36.547,-6.795,-4.125
37.655,27.414,-1.532,-84.996,11.873,96.093,-58.816,17.701,-0.035,-7.506,32.332,-23.371
37.879,0.509,-39.679,-4.797,-19.438,-17.394,-76.94,-16.772,-4.103,-2.467,-24.681,-20.612
31.251,-59.057,-46.712,-34.037,-3.878,-16.957,-71.784,-14.537,10.87,-6.138,3.668,-21.065
31.816,-45.619,-19.857,-80.554,-11.805,7.458,-72.736,-1.344,3.092,-11.37,4.778,-27.484
32.066,-83.47,-52.159,-41.844,4.562,-11.062,-63.229,-10.431,11.295,6.589,5.09,-12.927
32.511,-65.542,-23.29,-39.772,14.279,8.193,-78.372,7.49,17.904,-17.527,-16.244,-20.288
32.818,-79.419,-5.099,-34.321,19.962,18.469,-69.397,-6.963,1.394,1.392,-0.355,-24.905
32.837,-83.701,0.846,-28.496,40.546,16.347,-63.415,-8.628,8.335,-4.188,-11.874,-10.097
39.623,24.383,26.277,-12.686,8.402,82.682,-74.32,-10.13,9.482,-42.078,11.059,-47.597
36.232,-11.483,20.101,16.537,30.176,22.353,-76.9,-19.497,24.098,-14.509,-3.25,-30.521
31.724,-57.534,59.995,-78.481,46.089,-28.269,-41.975,2.986,15.903,25.401,6.931,-30.461
36.58,37.26,66.524,-26.938,57.088,-25.117,-55.515,3.01,26.904,-0.93,-1.406,-30.124
36.736,61.311,54.901,10.317,45.641,-24.589,-56.791,-23.658,18.781,11.17,-20.431,-34.576
31.492,-28.192,-21.542,52.914,22.695,-19.647,-30.167,-21.453,23.434,19.237,-48.862,-24.552
18.046,20.921,-36.025,-61.989,-21.308,-29.562,-4.305,16.901,9.961,1.261,-12.565,-11.521
19.56,-5.538,-46.194,-40.175,-23.612,-31.931,-2.949,41.335,-6.712,18.713,-2.13,-9.412
23.141,-74.298,-127.429,-38.959,-18.197,-26.842,-26.182,21.975,17.538,14.307,-7.08,-5.325
20.989,-71.576,-97.097,-83.757,-25.45,-20.369,-7.728,-13.187,-3.825,23.851,-22.249,1.085
24.931,-117.887,-136.574,-52.279,-13.462,-48.548,-17.225,-18.483,20.535,33.605,-13.015,2.667
25.785,-146.206,-87.53,-29.374,0.283,-40.459,10.746,40.454,12.237,20.674,0.19,1.823
22.78,-53.722,-100.681,-34.045,-22.611,-39.712,-4.832,12.23,23.876,-3.945,-0.241,-8.33
23.324,-93.178,-124.545,-57.054,-19.388,-38.909,-22.912,16.684,11.263,31.05,-11.864,-2.694
33.241,35.871,62.545,-287.293,-20.771,33.769,-13.047,38.351,-1.503,1.434,14.669,-41.042
44.688,96.35,-3.104,3.716,-78.882,-3.514,-52.768,-16.383,-21.631,-5.503,-45.47,-49.873
39.374,38.502,-58.977,21.582,-41.945,9.094,-57.257,-19.314,14.432,-23.615,-48.34,-34.68
24.495,-84.221,-38.796,-114.712,-7.327,-27.46,10.281,-46.431,11.52,31.593,-18.455,-25.867
32.449,-51.643,-4.841,-77.458,9.181,-26.625,-3.187,22.956,42.002,-3.894,17.58,-30.427
36.272,15.307,3.659,-40.694,14.695,-30.409,-43.737,4.391,25.158,17.012,-2.863,-30.864
37.071,63.205,32.569,-37.177,30.427,-24.511,-56.477,0.361,23.795,3.408,-0.635,-16.845
38.17,37.516,7.144,-34.152,4.294,-35.495,-29.468,1.435,22.437,23.278,-0.499,-32.799
35.981,19.224,-6.722,23.727,12.31,-14.691,-29.97,-34.92,23.772,3.091,-52.743,-22.483
29.556,-77.042,14.551,-73.243,19.817,6.518,-17.248,12.735,20.26,6.782,-23.436,-29.088
25.819,-93.039,22.3,-48.894,47.404,-8.167,-11.582,-3.881,11.318,19.352,-8.235,-33.067
27.433,-132.978,-52.13,-104.214,10.348,-43.522,12.327,4.289,10.683,-4.17,9.711,-15.113
27.631,-82.377,-14.267,4.745,15.235,-22.211,-39.441,34.779,18.232,-6.683,-30.087,-28.978
21.986,-93.005,-115.774,-60.303,-11.888,-11.835,-17.981,11.446,1.684,46.206,-17.203,-4.959
19.086,-31.862,-92.891,-59.461,-32.441,-47.858,-19.407,16.752,7.346,1.896,6.675,-10.029
18.258,-17.511,-88.322,-60.812,-37.486,-47.196,-20.198,4.587,6.68,-0.373,-8.715,-2.477
22.412,-98.063,-13.833,-47.575,45.906,0.602,14.217,18.407,-11.817,47.278,-2.744,6.109
23.984,-57.234,-33.679,-30.955,33.145,-25.151,-9.852,-24.271,-2.286,15.242,-6.375,11.847
31.744,6.392,48.186,-169.557,20.74,47.347,-53.342,7.95,6.772,-13.699,-4.123,-25.472
41.205,87.108,42.129,-163.996,-14.849,34.962,-4.034,78.593,16.683,-17.307,-3.688,-39.85
47.511,195.856,34.479,-6.774,2.182,-27.386,-21.007,-10.482,-6.348,4.405,-18.662,-45.623
45.836,122.187,6.173,19.244,7.002,-12.529,-44.171,-13.984,-3.845,-2.92,-41.033,-17.22
40.827,57.436,17.249,-9.397,38.819,-61.932,22.969,-6.182,23.267,22.01,-0.262,22.406
46.564,165.852,22.577,-44.042,57.321,-2.74,3.305,22.186,21.558,-7.268,-0.054,-4.698
46.448,196.772,14.792,-24.515,54.895,-36.122,-28.797,21.185,1.706,14.004,-16.061,-16.236
45.323,235.713,52.442,-16.639,64.714,-34.364,-18.757,-9.283,-4.189,11.858,-9.051,-11.312
45.974,186.18,-24.201,-4.893,23.066,-30.968,-6.928,14.358,1.56,10.068,-15.287,-2.451
41.482,83.477,28.486,30.95,84.251,-23.263,-11.495,-22.769,-9.131,21.274,-30.779,-9.572
40.84,104.504,53.528,-1.06,21.21,12.34,-24.798,8.172,12.899,-30.669,-0.312,-11.996
40.486,163.1,90.185,-17.029,6.849,6.872,-72.059,2.243,-0.318,-25.601,25.429,-51.764
43.508,176.748,67.098,-38.947,-13.585,-18.329,-61.59,-5.638,-9.188,18.526,-0.341,-73.454
44.899,170.42,32.783,-5.606,-11.935,-29.537,-57.636,-6.001,-10.693,1.636,-18.969,-75.543
42.387,145.903,46.323,1.749,-13.989,-22.732,-57.651,-4.189,-1.635,10.904,-15.083,-63.726
40.543,95.824,25.792,-14.019,-39.976,-16.502,-45.2,-0.441,15.648,7.273,-21.979,-52.384
33.28,47.136,-0.074,-1.234,-35.682,-13.597,-33.81,-25.358,29.441,-4.518,-17.062,-58.675
27.89,-71.762,-81.378,-5.787,-37.961,-28.569,-17.231,4.23,23.432,3.175,-15.061,-15.989
24.575,-86.82,-94.93,-64.892,-17.422,-36.06,3.797,1.123,8.89,22.478,-9.499,7.983
24.52,-123.669,-137.571,-30.281,-13.155,-66.383,-22.458,0.427,9.433,25.848,-15.918,-3.238
20.316,-59.582,-106.482,-67.891,-32.308,-26.173,-19.482,12.215,8.611,2.598,-6.404,-9.847
19.301,-39.972,-102.175,-80.639,-38.166,-30.02,-21.548,3.676,9.53,8.195,-12.354,-6.185
22.781,-85.557,-50.984,-66.628,26.015,5.182,-2.998,4.444,0.216,52.878,-22.397,-11.111
30.605,31.93,29.168,-75.947,24.521,63.888,-14.437,45.681,19.694,2.543,-36.942,-29.238
35.929,67.239,22.573,-0.813,33.062,18.401,-41.424,1.099,30.347,-22.251,-32.94,-22.498
36.038,44.227,39.17,-57.532,32.166,32.825,-19.328,32.324,42.23,-25.351,-6.519,-35.986
27.704,-24.473,-21.066,-33.82,14.93,4.257,-37.852,-32.516,-2.208,34.029,-40.864,0.371
30.783,-75.706,28.601,-74.38,40.311,1.274,-22.111,1.827,16.46,13.179,5.398,-25.051
37.477,40.944,36.795,-49.405,28.092,-13.348,-37.475,12.611,30.225,-4.008,-1.319,-22.731
33.213,-18.443,-43.415,-73.491,-21.693,24.555,-22.755,-27.735,25.975,10.243,-45.46,-17.94
32.38,-36.561,-43.448,-37.221,-41.693,20.371,-36.818,46.099,20.304,-19.102,-47.585,-36.713
19.433,36.672,-78.026,-56.49,-35.049,-40.764,-12.82,9.654,3.728,3.574,-4.411,-2.237
23.936,-98.075,-127.384,-56.827,-12.972,-0.094,-3.473,-29.877,4.708,16.664,-16.893,-6.589
23.12,-134.077,-144.221,-69.335,-12.284,-36.581,-18.567,12.251,32.228,1.324,-12.017,-10.031
20.73,-64.518,-120.571,-68.183,-25.577,-35.331,-24.648,21.139,24.544,0.629,-10.74,-9.142
19.702,13.003,-72.518,-74.14,-24.802,26.185,3.4,-1.4,2.591,19.907,-19.094,-1.873
23.755,-45.634,14.048,-116.356,12.89,3.683,25.886,-92.532,-19.795,37.902,-16.741,-5.102
38.807,50.435,39.611,-1.848,12.974,95.688,-44.541,8.383,8.143,-60.422,-12.457,-46.368
31.659,-53.72,-49.897,-38.802,-58.721,-30.933,-15.007,-1.875,0.259,10.066,-10.674,-30.05
33.422,-29.531,-43.506,6.93,-35.348,-20.045,-54.325,2.027,5.435,-13.495,-34.398,-28.421
33.168,26.039,52.723,-27.398,20.771,31.33,-16.178,21.307,42.838,-4.33,0.841,-61.569
31.281,71.191,102.649,-137.876,-4.254,-17.654,-20.385,22.712,15.919,22.111,16.112,-58.309
39.284,114.601,53.485,-5.775,-17.768,-21.282,-52.311,-5.882,13.888,30.132,-4.328,-69.411
38.689,107.209,52.092,-26.462,-26.198,-37.669,-43.071,-4.327,21.568,18.712,0.446,-70.886
40.583,117.351,78.642,-8.208,9.533,-18.499,-79.794,-8.372,11.093,-0.132,-15.503,-51.745
40.635,135.067,91.669,-16.596,15.616,-14.806,-83.107,1.367,6.761,-4.993,0.595,-54.667
36.461,52.735,-30.165,115.585,-8.678,1.243,-65.122,-38.285,3.72,4.306,-89.456,-30.056
19.957,28.158,10.914,-26.97,21.311,-45.502,-9.521,-0.945,30.404,14.641,-5.561,-12.124
19.799,34.897,-9.527,-12.982,22.823,-39.57,-14.876,7.766,22.586,-0.723,-6.192,-5.646
24.919,-75.197,-60.668,-53.115,31.023,-16.871,-18.048,-2.41,-3.174,4.87,-4.166,26.026
21.965,-18.234,-58.535,8.733,18.013,-48.816,-47.878,6.062,-4.149,4.888,5.537,11.097
17.96,70.585,3.309,-5.946,21.625,-34.698,-20.641,-2.512,-7.735,6.287,8.845,-3.286
34.381,32.594,25.202,-140.486,21.749,85.384,-61.573,37.782,-6.846,-3.46,17.579,-20.735
36.017,33.035,13.225,-30.996,22.343,7.425,-90.173,-23.415,0.995,-26.774,-3.615,-16.208
39.203,114.367,89.506,-64.58,64.632,17.126,-49.189,18.931,28.244,-21.526,29.165,-31.344
45.102,135.285,34.596,-15.02,55.709,-28.799,-72.346,-9.951,18.443,10.047,-5.063,-3.28
43.905,161.395,71.413,-32.001,71.994,-29.129,-83.846,0.434,17.463,13.167,3.253,-9.421
44.38,150.716,124.645,33.196,109.022,-40.564,-68.804,5.728,54.341,9.599,-10.905,-15.08
43.7,116.772,28.06,-39.243,12.369,-40.76,-47.182,12.357,31.372,6.467,-0.03,-23.35
41.341,107.267,17.976,-2.329,34.561,-8.334,-52.355,-16.296,21.263,15.294,-28.006,-10.7
33.073,39.628,4.006,-66.957,-6.213,-22.519,-37.714,-37.116,2.378,28.179,-9.151,-27.105
36.658,48.615,53.337,-9.307,-10.398,-4.771,-67.518,-15.319,-5.032,-8.997,-4.269,-47.321
36.956,66.118,50.398,-32.316,-26.317,-11.583,-80.299,-12.346,-12.664,-12.09,-0.613,-47.952
37.178,56.659,34.739,-39.317,-41.022,-17.953,-60.612,1.421,-4.438,-3.465,-0.401,-55.181
37.796,45.542,-8.573,-16.093,-64.505,-20.721,-54.661,-8.033,-6.968,6.453,-5.518,-53.414
33.754,7.515,-34.957,-10.556,-49.751,-1.388,-48.196,-15.705,-3.018,-2.525,-52.179,-38.799
28.136,-84.395,-113.563,-46.326,-56.012,-27.663,-35.21,-2.215,7.137,8.962,-19.768,-33.71
28.015,-73.973,-74.845,-91.627,-53.901,-20.132,-38.116,14.378,32.357,0.944,-2.475,-35.647
30.748,-99.968,-36.85,-35.668,-20.378,-20.713,-12.49,14.916,21.529,25.001,-19.005,-16.966
27.447,-63.474,-65.062,-25.237,-5.165,-46.716,-28.632,-21.009,3.176,11.577,-14.153,-19.534
24.879,-86.38,-52.433,-50.179,25.094,-34.02,-44.011,-1.93,9.498,13.034,-4.425,-16.429
23.095,-70.195,-72.761,-35.34,-7.546,-39.699,-45.46,23.392,10.465,-0.346,-9.163,-12.507
21.854,-38.779,-64.939,-34.991,-6.019,-24.058,-10.264,-19.593,-9.446,39.207,-22.492,5.429
20.709,-3.126,-75.709,-67.101,-35.637,-29.67,-3.98,10.413,13.794,1.016,5.255,4.543
21.309,26.844,-84.963,-31.577,-42.838,-26.131,-7.321,-8.32,3.359,-5.909,-10.686,4.518
32.635,6.002,-5.765,-85.216,3.94,63.747,-46.137,14.582,7.347,0.857,21.948,-25.091
34.858,25.313,-16.119,7.786,-1.975,10.794,-73.085,-16.215,-0.555,-21.127,-31.094,-21.591
31.697,-3.821,-13.646,-24.931,-4.889,-0.574,-76.244,-15.703,10.625,8.181,-11.094,-19.722
32.496,-17.478,-16.391,10.036,0.974,27.056,-74.281,-8.448,-3.704,-19.012,-24.09,-21.44
39.398,62.507,12.082,-55.957,16.172,56.138,-11.16,24.526,44.289,-24.522,5.742,-47.039
37.046,78.22,26.95,45.625,1.593,-4.521,-26.042,-6.298,25.151,2.977,-51.907,-59.378
38.424,57.153,46.085,-86.326,50.373,17.228,-41.325,28.355,19.134,-3.17,5.537,-27.679
38.544,81.753,46.587,-14.331,37.027,-12.873,-66.75,-6.389,18.715,-13.066,6.409,-16.895
38.558,119.31,75.642,-31.296,58.162,-21.759,-75.97,-5.006,16.063,0.184,5.966,-13.273
40.902,102.99,22.616,-21.535,10.87,-29.38,-29.33,-7.479,22.753,8.911,-5.528,-20.36
38.989,70.727,-22.133,34.463,9.536,-6.127,-38.388,-10.857,29.828,9.439,-52.961,-18.737
30.261,-23.551,20.139,-18.464,41.881,19.319,-29.561,17.56,20.102,-0.92,-27.498,-28.725
29.213,-32.601,-11.858,-30.113,37.969,-8.273,-61.056,10.054,11.151,5.108,-17.015,-20.44
28.328,-50.863,-11.629,-33.522,27.791,34.843,-73.639,-5.384,-6.697,25.229,-4.441,-15.904
27.477,-113.946,-88.731,-111.819,-13.144,-7.371,-1.465,5.472,10.192,11.344,-12.998,-3.542
34.842,-48.798,-9.198,-49.517,14.514,28.923,-16.961,17.962,31.389,-45.647,1.327,-43.201
33.397,-26.578,26.495,-10.159,5.863,-36.219,-29.627,2.174,6.57,-0.92,-4.031,-26.705
29.941,-11.77,-4.035,50.102,26.231,-13.738,-47.883,-2.959,8.332,2.439,-46.069,-21.779
23.108,-45.401,-114.618,-2.225,-29.509,-37.793,-27.568,23.054,-4.826,47.211,9.039,-5.724
24.206,-111.69,-30.382,-33.545,48.805,-35.276,-10.04,17.742,4.757,24.481,5.798,12.175
22.834,-37.138,-23.77,-32.814,22.915,-30.331,-7.553,15.703,15.264,1.234,-2.454,14.826
23.595,-55.479,-13.461,-65.493,63.933,-21.24,-16.331,-17.42,-1.135,31.349,-12.124,-3.164
31.252,10.815,74.386,-179.452,28.972,0.755,-27.47,44.002,0.916,-6.929,14.252,-26.117
38.383,82.341,24.085,-194.269,-27.886,-14.868,-6.887,51.165,3.164,22.922,3.322,-32.333
45.47,175.955,8.911,-23.655,-23.353,-32.271,-3.902,-0.74,-7.287,12.531,-16.885,-52.497
44.79,199.258,37.263,-10.66,-6.312,-32.147,-5.262,6.065,0.035,7.551,-12.64,-62.612
44.03,207.317,47.591,-6.599,6.45,-32.373,-14.337,4.616,-8.226,13.952,-12.243,-56.753
43.337,203.21,45.87,-14.772,0.911,-33.564,-13.171,-0.093,-2.375,-4.031,-9.648,-55.599
42.924,159.212,34.802,14.051,9.101,-14.347,-33.055,-20.823,-11.79,14.829,-38.376,-36.141
36.812,-24.596,4.289,-4.01,6.246,-14.743,-4.418,-22.74,10.97,9.777,-19.36,-26.1
40.339,55.167,42.016,-123.65,20.219,8.061,-19.902,74.724,24.575,-22.642,1.94,-32.968
46.556,186.313,20.47,-30.57,18.099,-23.446,-36.612,3.028,-3.046,-1.378,-8.828,-38.7
42.56,162.681,30.879,-3.261,45.828,-9.992,-29.575,0.258,9.03,-13.058,-1.894,-40.362
37.954,67.101,-11.588,-12.214,-11.388,13.386,-54.835,21.006,15.777,-8.505,-17.786,-49.993
28.139,-34.394,-17.627,17.509,1.957,-15.095,-55.061,-12.227,2.458,21.7,-16.31,-12.449
22.619,-28.643,-37.875,-35.377,21.835,-38.614,-37.718,2.189,3.152,-8.677,12.802,6.154
22.921,22.771,-52.877,25.867,-0.203,-49.099,-13.313,-16.261,1.516,29.631,-3.356,-12.692
34.312,-124.802,38.138,-20.829,44.005,23.199,-13.858,32.555,3.693,-20.525,-2.241,3.954
31.368,-93.197,5.355,-3.564,39.456,-13.841,1.501,-13.551,-4.131,-0.355,-42.196,1.856
27.906,-65.917,6.448,24.589,52.555,-63.4,-18.099,-0.902,20.841,8.075,-16.405,-6.54
41.102,-16.352,84.193,32.287,56.268,-31.048,-36.391,28.039,10.528,15.493,-5.805,-30.839
37.303,-77.359,-28.922,94.087,9.248,-32.851,13.561,-6.467,13.486,24.329,-35.124,-16.691
25.743,-50.151,-59.604,-30.147,-8.901,-45.176,10.184,-8.38,15.002,6.166,-15.296,-13.616
29.466,-120.988,65.309,16.119,80.029,-47.916,7.623,21.163,22.851,10.748,-5.693,-26.553
29.411,-134.04,-7.029,15.022,5.898,-33.46,30.425,33.785,1.168,2.733,-10.11,-0.249
27.634,-97.225,-59.715,22.295,20.951,-40.081,19.193,17.463,8.772,32.863,-16.619,-5.736
24.246,-23.998,-87.582,-12.727,-14.936,-36.558,-14.209,13.886,23.326,-1.453,-7.757,-17.761
26.103,-102.764,24.654,-12.285,65.214,1.823,-17.169,-1.993,-28.037,37.763,20.742,5.244
25.476,-96.825,-72.765,-5.116,7.22,-34.508,-8.929,7.333,3.528,-18.566,0.414,4.192
28.598,-92.751,44.149,-82.836,39.914,41.405,0.06,-3.331,-13.724,28.809,-18.435,4.16
32.578,-93.118,46.903,45.975,66.3,-49.84,-43.815,8.985,0.478,1.423,-18.849,-12.595
28.228,-104.988,-23.595,-38.035,18.446,-47.852,18.153,17.327,2.555,3.051,-3.066,-17.723
28.691,-99.803,-53.467,-26.296,20.846,-49.311,13.518,22.019,14.976,15.68,-7.275,8.463
29.824,-108.701,9.249,1.46,23.511,-33.15,11.816,8.455,-5.568,15.922,2.351,0.583
28.663,-134.633,-48.622,-27.087,-2.322,-37.071,42.537,8.046,-1.324,-15.858,-9.4,11.569
28.422,-178.097,-26.99,-7.008,37.346,-58.431,-5.453,42.24,13.959,-3.998,-1.217,-14.405
33.719,-73.106,40.553,57.368,44.084,-7.358,0.451,2.769,-3.847,-2.092,-14.843,6.802
26.08,-74.63,4.006,-0.155,51.208,-55.268,8.209,-7.087,2.245,12.921,-9.247,-4.959
26.997,-102.653,-2.662,-27.494,45.378,-29.739,-14.467,9.631,-12.297,1.781,6.606,-11.121
28.86,-119.808,15.187,-32.291,33.963,-16.6,24.464,-10.212,-7.19,11.313,-7.865,-23.03
29.959,-178.655,-50.128,-10.042,19.534,-57.789,32.67,-15.416,-6.743,29.389,-23.591,-13.636
26.745,-150.952,-83.839,-46.563,12.327,-52.061,6.822,30.254,28.677,-3.6,-4.469,-10.55
35.323,-120.702,14.391,7.078,13.648,-24.126,4.163,17.334,-2.106,1.454,7.046,-5.991
33.14,-122.971,-2.018,21.856,37.675,-36.037,-12.94,15.625,-0.851,16.572,-10.839,-22.871
36.98,-41.518,79.994,13.009,51.623,-9.219,-8.31,9.471,6.07,-6.217,19.161,3.699
35.941,-96.413,15.325,13.317,5.124,-29.566,12.609,-5.112,-1.959,6.859,-29.477,6.62
31.681,-157.12,4.972,-33.787,13.689,-7.298,34.639,-4.579,0.01,-0.807,-18.847,-5.276
33.69,-134.492,11.125,44.191,24.948,-28.955,-26.155,15.803,-8.563,-7.22,-6.858,6.823
37.007,-81.844,-3.264,54.012,41.282,-29.779,-21.821,-10.408,6.694,22.671,-17.08,-23.058
31.972,-146.437,-9.865,-38.325,34.141,-44.273,3.673,6.25,13.094,-3.029,-0.71,-19.324
36.011,-105.094,31.002,7.951,35.815,-4.999,-7.899,-0.468,7.845,8.555,11.852,-10.122
29.333,-145.029,-30.195,37.437,10.72,-49.46,2.797,52.591,7.77,1.817,-13.303,13.887
23.102,-27.225,-18.787,-35.953,20.913,-39.668,-3.948,3.626,17.236,1.553,-3.698,11.941
24.706,-71.938,-95.153,-35.271,-8.525,-50.681,3.448,21.219,17.485,9.944,2.157,14.954
24.394,-105.778,-121.786,-53.66,-15.115,-7.606,2.181,-11.238,14.521,6.447,-7.654,-2.656
35.013,-171.274,11.041,14.917,12.125,27.18,39.598,21.572,-15.766,17.166,18.399,-5.904
33.782,-154.068,20.069,7.655,15.53,-38.347,32.298,-8.174,2.892,0.522,-10.145,-2.183
35.392,-167.581,2.118,-6.754,3.444,-30.097,13.404,18.687,-11.692,-19.202,1.839,3.595
40.28,-54.25,18.388,27.71,26.555,-16.322,-17.948,-31.837,14.986,-9.849,-14.68,6.752
38.553,-111.385,27.085,40.221,33.539,-19.159,-23.78,-8.42,-7.69,-6.494,-6.408,14.587
33.353,-143.456,30.408,25.149,41.004,-21.921,-38.613,2.639,-11.529,-5.89,-3.866,5.764
33.952,-98.353,56.876,8.836,50.979,-14.75,-16.968,-5.962,2.764,-0.271,12.91,15.003
37.622,-96.743,59.532,42.293,56.702,-28.769,-31.154,-12.163,-10.162,6.132,-19.304,2.031
36.591,-93.079,56.617,13.745,59.488,-19.561,-18.081,8.065,17.044,-2.33,0.838,-0.367
36.203,-71.539,12.69,137.079,73.113,4.198,-29.542,2.521,15.796,9.46,-30.693,-2.77
26.422,-53.41,-7.264,-29.454,59.848,-11.274,-7.442,-20.57,9.989,12.093,-18.932,-2.434
31.836,-79.438,36.998,-101.403,34.98,32.587,19.116,-2.787,14.236,-2.729,-50.8,-9.694
27.458,-126.889,-59.071,-10.769,-19.748,-39.228,19.676,32.207,-3.715,4.842,-23.423,4.607
22.39,-81.847,-92.589,-68.245,-15.398,-42.456,3.781,-8.914,24.12,1.933,-9.293,-6.804
26.784,-55.233,-53.715,-14.047,19.68,-2.089,9.825,18.446,19.508,46.227,-30.851,-12.232
23.551,-31.126,-27.935,-62.302,13.86,-21.388,28.238,-21.396,6.624,18.775,-19.842,-4.782
24.1,-91.767,5.121,-64.247,37.31,-6.084,38.325,-22.102,-5.081,29.268,-33.481,7.636
29.009,-156.398,33.907,2.424,44.081,-37.017,-18.371,5.231,-22.592,-0.811,0.356,8.35
27.225,-91.461,-11.312,-5.731,56.176,-40.525,-15.787,13.241,5.428,-7.687,-1.175,7.129
25.974,-108.438,-78.043,-6.941,3.51,-32.388,-10.614,32.644,19.937,10.494,-11.61,4.943
20.673,-6.332,-71.513,-56.04,-10.428,-43.284,-26.868,-1.653,3.603,-2.623,4.069,6.077
21.436,-94.931,-120.364,-54.175,-17.193,-45.0,-20.413,14.53,8.647,15.136,-11.607,-6.694
23.032,-45.897,-100.56,-63.234,-16.205,-29.115,-20.489,25.141,19.749,5.49,11.724,-8.666
33.449,-143.388,47.905,-2.251,26.429,-10.483,-9.618,-1.118,-23.212,-1.111,16.394,-11.827
34.785,-114.976,38.419,-52.847,21.525,-17.241,-4.168,13.757,-12.081,-12.472,-14.23,-2.729
40.692,-84.408,38.995,36.681,40.446,2.143,-16.094,-14.011,2.496,2.252,-17.699,-3.677
37.237,-109.834,64.044,92.017,56.156,-55.835,-6.59,26.955,10.866,-3.45,-27.378,-10.662
31.609,-132.826,83.641,30.022,56.789,-41.023,6.108,17.402,10.502,-6.385,-10.151,-15.011
40.311,-22.186,116.835,67.263,26.46,-48.474,52.463,-1.308,-4.302,15.771,-11.077,-12.068
38.616,-22.163,62.192,89.947,-6.002,-35.114,72.388,10.188,12.542,-4.944,-31.787,11.95
32.995,-126.592,-8.199,-16.033,-15.115,-30.541,40.691,15.566,2.375,5.963,-9.744,2.304
35.567,-57.712,83.76,10.282,21.646,37.235,67.585,31.874,16.454,-13.015,-13.674,-20.455
35.592,-138.2,45.668,-14.89,-5.489,-35.71,74.544,-25.196,-0.817,37.908,-30.586,-10.237
33.034,-139.404,-26.707,69.068,-6.391,-27.439,32.653,47.415,21.947,-17.967,-49.693,-20.566
24.717,-49.043,-62.485,-44.473,-11.246,-54.964,17.538,1.504,19.294,12.54,-1.779,-8.89
27.413,-73.402,-67.788,-46.323,15.998,-19.225,26.638,-10.163,16.147,27.116,-5.678,-1.532
28.53,-120.318,-2.797,20.621,57.123,-46.432,43.433,62.292,33.138,23.412,-11.331,-24.527
25.296,-87.673,1.845,-23.855,60.351,-9.37,0.634,28.016,19.831,27.062,-12.802,-20.393
25.629,-108.028,-99.684,-37.461,-3.038,-49.034,7.587,-18.603,16.42,23.062,-3.88,-1.261
25.082,-122.996,-73.549,-23.774,-4.529,-42.127,8.775,39.983,11.529,-3.108,-11.407,-5.906
23.158,-88.017,-48.17,-96.39,12.149,-9.412,13.337,1.232,4.266,27.162,-11.16,0.864
28.949,-92.419,37.226,-16.345,52.741,20.162,12.581,-4.455,-1.504,26.79,-9.454,-6.589
25.844,-76.117,-73.736,21.086,12.685,-24.15,1.065,65.306,19.596,-35.963,-3.312,4.973
23.162,-22.553,-21.673,-31.278,40.735,10.185,-15.893,-7.873,10.422,21.908,18.682,6.175
26.98,-107.57,-39.934,-72.979,2.271,-18.478,29.152,6.788,1.061,26.723,-9.718,7.68
28.179,-114.581,-61.635,-26.093,0.488,-48.843,27.041,-1.8,8.413,3.026,-6.621,4.217
24.762,-142.612,-74.605,-37.302,4.275,-51.828,29.382,29.119,4.571,20.11,-15.29,5.627
22.239,-57.815,-81.359,-78.99,-8.922,-19.921,9.779,13.576,25.703,-13.173,-1.549,-14.285
23.761,-74.691,-60.749,-40.279,10.757,-48.616,1.499,34.016,25.922,0.016,-14.021,0.113
27.698,-133.658,-6.172,-41.243,26.261,-36.353,3.28,21.267,-7.359,3.842,0.949,-11.313
29.027,-123.65,-74.303,-66.253,-11.246,-42.099,12.964,10.5,26.548,-2.462,-6.715,-5.748
38.1,-17.778,25.727,-168.676,5.506,-3.136,4.261,-3.127,20.564,25.335,-26.235,-3.71
48.042,62.625,65.037,-5.939,-1.232,32.345,35.072,19.524,-14.882,-12.136,34.814,22.886
43.668,26.487,69.389,-21.479,13.283,-0.682,-31.297,-1.871,-20.0,-18.207,7.66,2.851
50.522,56.887,129.037,20.021,75.262,27.618,-59.369,-17.685,-7.741,-31.709,10.317,-30.608
43.547,56.184,140.796,7.541,44.098,-13.626,-45.733,-4.153,-49.144,-24.188,13.311,-4.443
45.002,20.218,62.816,11.53,-23.071,-20.327,-0.026,-6.715,-45.65,-5.898,-19.786,-10.32
41.379,-47.256,44.284,-42.791,-28.753,-17.653,18.907,41.024,-9.547,-28.391,-10.294,-6.814
35.71,-55.668,41.575,32.06,-5.511,-22.712,26.688,1.509,-29.576,-6.648,-43.338,18.468
35.728,-20.56,-13.605,32.941,21.873,-8.037,-15.917,-9.649,0.28,0.724,-28.431,18.023
36.695,29.376,51.122,-205.754,-9.247,-0.014,15.621,32.844,6.819,-2.162,5.811,12.543
40.309,-10.187,13.007,6.352,4.391,-10.426,-42.708,-19.447,-24.084,-8.862,-25.04,-0.358
36.945,-45.197,-6.893,-93.798,-11.939,20.643,-6.517,4.167,-7.646,-9.628,-22.143,-4.696
37.661,-35.137,-16.554,-8.956,6.78,-23.195,-47.746,-2.585,-12.74,2.104,-7.227,-3.505
33.136,-19.35,-18.232,30.204,-9.709,19.462,-3.175,10.066,-10.586,-1.679,-30.97,7.743
28.962,-35.406,-42.35,-42.191,8.654,8.63,-22.063,4.338,8.801,-5.243,-17.003,13.495
34.656,23.605,3.062,-30.633,18.498,30.666,-1.094,1.411,4.654,-6.661,23.546,16.373
37.485,-18.943,37.707,35.882,68.493,-11.193,-36.116,-29.903,12.328,-2.37,-13.404,-4.068
34.048,-82.948,45.879,-15.715,51.651,-31.088,-13.081,1.288,15.563,3.597,-9.788,-13.668
31.07,-76.37,-9.924,7.6,49.398,-34.241,-18.603,13.645,33.371,3.289,-25.405,-4.592
25.569,-4.187,10.306,-29.14,49.742,-44.25,-20.227,-3.881,50.887,13.935,-0.09,-15.498
32.722,26.104,-23.6,-36.582,3.23,34.054,10.753,2.956,23.156,-5.933,-12.385,21.647
45.646,59.195,51.327,-17.924,68.536,72.445,-17.353,1.653,31.185,-12.941,23.422,-12.138
40.778,-17.467,12.815,36.275,53.116,-31.797,-47.349,-35.879,27.327,-0.172,-22.599,-4.639
30.71,-69.021,-11.438,65.057,53.969,-21.399,-54.412,39.489,19.113,-11.919,-27.786,-4.807
24.081,-99.088,7.259,-51.13,60.658,-6.086,-10.53,-5.151,-19.051,39.677,10.286,9.413
26.485,-118.871,-55.292,-59.263,16.453,-46.546,-4.859,9.203,0.912,11.163,1.111,16.275
38.092,54.582,79.977,-182.709,17.137,39.702,3.139,33.633,0.78,-12.324,-14.67,23.024
44.339,37.486,80.775,-118.658,23.946,31.375,-18.41,11.405,10.807,-14.625,-19.573,-16.788
44.745,-51.895,84.532,46.317,32.997,-25.68,-43.806,-11.855,-22.285,-16.305,-18.869,-26.318
40.419,-103.786,31.574,-17.038,-6.393,-47.996,-0.769,-0.677,-8.755,-2.65,-12.098,-38.286
39.143,-73.337,31.643,26.797,32.812,-36.915,-23.509,-3.72,1.298,-10.395,-16.986,-33.394
39.923,-3.213,61.709,-22.246,6.349,-6.341,10.63,15.559,-12.47,-14.378,4.954,18.332
39.991,-35.186,-5.962,-2.794,-14.339,-21.219,13.215,3.951,4.27,-6.204,-25.823,7.004
38.023,-9.355,-51.575,54.016,-20.915,-13.326,3.988,-12.398,10.92,-9.76,-23.459,9.891
28.753,-63.981,-61.291,-13.172,-8.581,-34.99,-7.964,8.761,5.977,-4.698,-20.036,7.527
24.012,-25.136,-81.088,-42.464,-13.124,-36.494,4.118,-6.803,23.533,-4.697,-17.224,-2.641
21.527,-26.458,-72.154,-62.478,-8.961,-40.59,8.931,11.365,22.213,0.125,-5.673,-1.603
39.204,131.15,82.296,-110.46,17.349,146.16,61.571,34.545,17.9,-31.922,0.652,8.753
43.619,41.338,137.532,44.958,73.99,-1.738,-56.974,-26.609,-26.495,-11.76,10.241,-29.252
40.699,-50.827,30.137,48.787,-12.329,-29.017,-9.033,3.868,-17.82,-2.539,-37.44,-33.238
39.207,-43.338,29.539,-44.565,-4.669,-31.258,-6.489,42.736,-6.517,-5.623,16.538,-5.734
38.69,40.597,5.804,36.452,11.818,-3.126,-25.307,-23.144,-7.166,-19.036,-45.573,40.454
28.787,-99.105,25.222,-56.304,58.719,-27.093,-17.616,-16.25,12.402,6.137,-1.605,-1.468
29.617,-82.803,18.827,0.983,80.874,-34.617,-28.092,2.846,23.226,9.291,-15.495,9.063
29.491,-106.285,-60.68,-36.35,14.504,-48.421,-3.388,24.584,42.355,4.425,-10.652,-1.753
27.493,-92.936,-18.947,-28.753,47.096,-41.453,-11.642,2.64,28.432,26.098,1.864,0.273
26.858,-95.904,-19.066,-19.847,60.636,-30.893,-32.36,8.214,35.82,4.389,-4.233,10.384
23.531,3.547,-55.997,12.497,7.538,-39.377,-52.527,18.34,10.723,-7.313,-5.877,-6.646
36.14,85.162,109.946,-170.233,38.228,114.035,-0.473,13.742,-2.55,45.993,-57.516,0.344
37.977,10.416,7.55,-9.223,-25.761,11.371,29.207,12.855,15.914,-33.544,-35.246,-9.144
31.227,-26.201,59.154,-3.749,-8.961,-25.706,50.012,4.959,-12.947,-6.134,-11.804,-7.001
31.563,-60.442,45.052,-13.8,50.128,-22.955,-23.495,-14.884,-15.356,-13.981,-4.178,-15.308
33.874,-83.534,34.182,-0.946,31.746,-25.274,0.713,36.59,5.38,-5.169,-0.959,-19.138
29.965,3.235,35.42,-4.379,42.561,-30.212,12.938,-13.105,4.138,-8.925,-2.926,28.266
30.44,-26.699,13.534,-5.555,50.373,-35.381,-25.517,-3.127,4.888,-2.489,1.692,21.286
33.155,-4.911,55.67,-29.782,38.264,0.789,3.285,1.664,-11.529,-22.576,0.674,29.419
39.632,28.243,40.658,37.243,23.218,-3.668,-26.157,-13.34,-16.814,-11.591,-8.717,29.335
35.473,-59.565,-42.385,29.916,24.374,3.665,-7.076,14.969,32.159,-13.053,-46.002,-7.391
32.371,-59.991,-30.99,-32.799,25.015,12.029,-2.452,-13.515,22.633,8.818,-10.944,14.51
28.486,-72.885,-48.57,-34.621,40.687,-18.519,-23.314,0.187,41.716,2.047,-29.126,17.875
25.03,-32.193,-66.9,-41.879,15.212,-26.47,-33.717,-23.772,24.809,-11.726,8.398,5.73
27.325,-62.664,-20.394,-97.987,39.478,-24.75,-24.977,-1.556,24.972,11.341,1.45,12.615
38.81,13.018,-37.147,-27.376,-20.318,30.959,18.416,-2.792,1.53,-6.277,5.588,13.111
45.428,74.739,36.39,-14.901,49.801,-7.931,-42.417,2.124,30.053,-6.399,21.161,-1.535
42.825,63.059,-45.62,174.254,-37.6,-12.602,5.322,-16.112,-18.131,-11.644,-94.375,39.452
24.322,-9.657,-79.052,-33.537,-30.702,-48.024,-7.735,-5.605,12.941,11.887,-14.825,-4.182
34.477,47.986,35.85,-187.168,16.353,77.503,19.201,16.179,31.728,5.087,-34.85,-1.756
42.651,53.176,29.666,10.424,57.189,26.177,-34.398,-15.477,32.292,10.98,-1.447,-11.187
41.477,85.71,39.433,61.959,18.48,-4.943,-6.916,-40.489,-17.25,-3.686,-49.592,43.867
44.804,90.423,0.397,68.435,-7.565,-18.297,9.24,-24.898,-2.28,5.211,-43.854,26.459
40.009,-4.734,66.9,27.861,39.406,-5.943,-21.267,-14.702,10.12,-4.169,-35.19,-47.59
40.347,-33.896,-6.608,45.327,47.783,-12.192,-6.234,-41.634,35.843,14.731,-12.231,-13.59
32.709,-79.646,-6.764,64.306,65.738,-36.224,-30.247,2.258,28.52,-24.204,-27.603,-8.999
33.668,-93.417,96.959,-35.39,91.131,54.855,-23.953,21.031,-4.034,-19.319,-7.966,-28.783
39.791,3.821,6.249,18.535,68.518,59.839,-26.819,-28.424,33.599,-0.146,-3.999,-9.642
29.452,-76.408,-25.702,56.734,46.002,-14.071,-41.122,42.784,28.004,-26.081,-33.381,-7.824
20.531,-6.093,-32.731,-39.623,-1.052,-33.095,-7.346,16.772,18.168,-7.843,-8.289,-6.151
34.102,68.699,40.726,-221.084,-12.562,26.926,19.938,22.85,6.013,30.956,23.725,9.763
44.219,66.376,10.52,48.576,46.804,-15.092,-49.158,-4.508,34.747,7.281,-55.462,-3.577
42.981,83.049,28.146,15.809,4.682,-5.572,7.204,-17.916,-16.624,14.042,-25.329,40.588
43.391,117.961,28.285,69.003,21.286,-3.425,-7.661,-25.721,0.815,-4.899,-32.788,28.521
44.002,81.21,112.484,-44.832,74.559,71.453,-47.84,-26.728,1.021,-18.308,32.159,-20.982
45.195,-22.63,73.571,37.816,16.425,-26.786,-22.794,-3.995,-13.767,-8.81,-7.626,-39.756
35.63,-19.494,48.085,59.404,31.752,-20.934,-26.816,-13.689,-35.346,-17.202,-29.711,-3.233
31.23,-62.876,0.153,-14.905,8.398,-29.088,-10.021,-5.511,-7.775,-21.004,-0.763,-4.909
38.858,-42.143,11.007,-46.027,16.495,-27.399,-5.134,2.742,14.816,24.772,23.022,-14.298
39.12,4.29,-22.381,82.7,-29.305,-19.164,4.032,10.606,-12.521,-12.346,-64.283,14.811
35.213,-45.395,-2.933,-35.412,1.256,-13.231,9.328,-2.449,24.195,14.565,8.543,-15.057
39.342,-4.699,15.518,-4.94,10.837,-3.124,-17.668,5.647,10.757,-2.906,-4.485,2.203
41.438,101.896,26.124,-4.751,-12.739,-0.967,0.332,4.206,-11.178,-22.254,-4.92,36.054
45.285,53.322,46.575,-36.556,53.447,17.835,-27.33,-5.259,28.708,5.47,22.134,-13.248
45.429,51.546,29.612,13.448,60.435,-22.844,-32.691,-19.201,45.392,19.004,-35.965,-1.836
41.064,18.333,1.694,17.965,24.589,37.09,-5.949,2.902,19.55,-15.381,-39.979,6.909
39.715,-13.075,-16.543,13.011,-0.749,-3.302,-29.312,-30.557,-4.39,-0.484,11.483,-7.877
37.728,-34.37,18.916,-39.196,31.241,-33.931,-63.911,10.419,-1.241,-7.425,9.853,-1.871
36.725,-8.511,-22.414,6.538,39.781,-24.823,-53.446,-39.367,8.935,-1.793,-19.475,12.892
33.528,-67.178,-26.131,-27.947,26.859,-27.612,-36.188,-23.552,10.777,0.61,-10.655,2.64
33.558,-47.779,12.478,-29.02,10.306,-7.287,-19.564,2.513,-10.76,-4.084,-14.966,12.75
32.879,-121.26,-17.749,-26.756,32.568,12.053,3.542,20.372,26.274,8.108,-24.36,-11.709
30.435,-79.285,-22.326,-22.472,33.044,-28.977,-36.132,-12.834,12.404,-1.877,-14.792,10.541
30.558,-114.702,21.558,-69.512,64.322,-27.132,-13.583,-7.841,21.78,9.585,-1.602,3.538
29.579,-92.858,-6.972,12.929,56.885,-33.456,-29.056,28.225,19.177,9.802,-15.712,9.512
28.58,-98.416,-81.379,-52.071,5.776,-14.693,-6.538,-1.908,26.768,17.717,-5.863,9.451
30.992,-78.712,-20.447,-55.16,31.119,17.462,-18.383,8.724,24.439,8.306,-0.663,1.531
31.958,-116.827,-70.7,-23.459,20.859,-24.304,-3.911,-3.258,34.07,5.741,-30.872,-3.464
27.561,-118.871,-78.707,-51.214,8.969,-25.212,-1.875,20.413,39.829,6.058,-21.624,-6.548
23.972,-87.903,-87.979,-65.425,-5.962,-35.728,-10.398,3.933,33.584,10.548,-17.602,0.632
24.172,-53.184,-87.842,-52.607,1.509,-24.541,-26.166,16.012,28.058,-4.211,-9.712,-7.302
23.803,-74.332,-99.477,-93.353,-13.571,-29.452,-19.63,-6.878,11.772,33.735,-7.181,-1.73
25.351,-78.174,-131.303,-64.745,-23.012,-35.211,-26.084,4.996,30.974,-4.056,-20.882,-9.438
26.66,-83.275,-120.368,-29.916,-15.204,16.231,-4.112,11.16,16.714,-21.778,-8.603,-7.22
32.749,-53.776,0.806,29.321,54.318,75.02,37.022,0.799,22.325,17.931,4.013,-28.822
26.976,-89.783,3.43,-30.027,-2.016,-59.727,24.939,30.116,13.391,12.838,6.553,-21.852
31.06,-72.523,-25.759,-13.392,32.921,18.688,-3.563,-7.725,1.278,32.893,-52.124,-0.685
29.173,-135.39,-41.619,-87.551,-4.252,2.819,20.462,23.774,6.232,-5.93,-46.201,-2.451
25.274,-141.004,-60.755,-48.613,11.311,-44.952,7.812,27.836,11.326,-1.67,-0.617,-8.384
33.024,-159.478,47.078,-4.421,38.081,-34.371,-9.861,-3.464,-2.902,6.693,-1.903,-15.905
33.422,-135.293,-15.653,-15.938,24.721,-41.512,26.328,-7.057,11.912,-8.902,-17.225,-26.858
41.665,-7.211,-15.63,103.708,39.382,-17.31,-23.777,5.111,26.498,15.731,-52.827,-0.287
28.235,-51.19,-59.491,-8.17,-27.367,-40.155,7.894,4.012,9.074,-0.313,-3.525,17.791
27.668,-81.354,18.106,-38.69,-1.007,10.998,17.29,-1.441,-1.925,3.722,-36.141,-0.143
26.422,-152.923,-11.575,-26.242,29.819,-35.232,-4.217,-5.82,-21.083,6.857,-5.364,-2.867
28.865,-133.332,-25.215,-55.652,43.626,-7.505,2.917,-0.426,8.415,-6.566,-11.114,-3.818
26.928,-95.197,38.305,-13.01,52.653,-32.068,-9.668,25.576,-9.583,-1.03,-3.253,14.205
27.43,-160.327,-84.34,-44.501,-4.244,-56.798,21.939,15.631,3.674,16.772,-0.3,14.36
27.565,-91.777,-100.957,-4.875,-5.246,-61.079,-8.421,-9.079,13.114,18.821,-13.375,1.289
24.612,-110.877,-92.823,-25.889,-21.903,-30.123,7.259,36.375,7.454,14.822,-9.056,4.522
30.605,-138.326,-1.455,19.15,6.354,-41.493,1.083,8.777,-0.584,-6.689,-7.266,-3.832
37.263,-73.894,-18.253,61.524,26.322,-15.849,-20.756,-13.624,0.285,33.233,-2.995,-16.223
34.213,-51.653,57.472,9.346,5.222,-28.837,18.199,1.644,11.43,1.693,-2.688,-21.961
38.646,-68.84,4.25,37.961,24.471,0.589,-13.017,-16.324,6.073,21.206,-19.635,-7.278
39.187,-38.403,24.367,37.493,5.54,-21.047,0.547,-4.665,4.279,-6.187,-4.443,0.406
40.186,-7.567,64.344,34.353,30.704,-32.874,-14.006,4.815,1.773,1.108,4.347,12.857
37.307,-69.612,29.292,56.805,37.38,-45.92,-29.138,-27.702,-6.925,17.292,-32.073,0.862
44.079,-1.377,65.318,69.771,57.55,-35.904,-2.365,-7.376,30.837,17.697,-20.463,-21.791
43.653,-29.456,13.547,15.975,14.906,-38.238,-13.85,23.068,15.232,8.837,-15.424,-26.206
43.515,-27.679,8.75,27.082,26.631,-50.551,9.315,-10.12,9.816,30.874,-38.972,-17.896
41.997,-29.129,33.99,129.672,54.946,-45.6,29.56,-15.628,13.128,1.627,-46.693,-15.318
31.292,-101.622,-12.624,33.228,39.786,-5.675,-16.164,12.698,3.092,13.468,-5.778,-11.569
27.414,-100.502,38.686,21.251,78.638,-11.653,-34.324,0.011,3.525,21.964,8.173,-16.83
27.693,-122.897,-36.164,-27.577,12.612,14.011,14.813,14.55,1.47,29.134,-26.845,3.815
26.267,-92.628,-13.997,-13.719,-18.337,-33.656,20.626,20.261,1.719,-6.029,4.994,7.795
26.198,-145.518,-6.489,-52.587,18.401,-22.294,11.76,12.893,-9.274,24.006,3.347,-9.466
28.021,-54.749,-30.271,16.995,11.327,-25.486,-10.003,-12.876,-2.841,-11.753,7.316,-1.144
24.911,-82.076,-77.819,-47.022,-28.872,-46.891,0.744,13.623,-8.245,3.839,0.589,11.32
25.634,-99.838,-90.425,-69.082,-13.598,-32.013,3.413,3.015,3.712,20.175,-21.309,3.13
25.873,-28.282,-83.627,23.461,-19.247,-53.635,-8.378,-18.39,11.964,12.019,-4.712,-2.583
23.327,-106.429,-40.045,-39.155,26.257,-42.396,-8.747,18.63,5.299,-2.62,0.726,2.898
34.339,-44.882,31.111,-65.474,22.322,78.659,23.3,20.977,11.147,-6.083,23.987,0.934
42.384,-53.025,21.5,45.839,43.42,-41.658,-37.833,-5.652,-7.787,12.94,-22.77,-8.484
40.215,-23.439,72.953,18.736,74.334,13.405,-18.686,6.981,14.833,-6.833,2.317,2.477
42.761,15.178,97.634,43.126,73.143,-48.29,-18.75,-18.461,4.157,24.284,-11.912,-29.607
41.032,-27.297,-0.627,-5.114,8.237,-48.471,19.242,20.708,31.465,5.55,-10.571,-13.179
46.341,-29.535,40.073,79.527,42.15,13.487,44.566,-9.861,12.613,15.296,-2.694,-27.928
41.23,-84.355,48.25,54.274,44.467,-27.543,30.165,5.813,10.942,40.623,-9.131,-30.224
38.701,-59.776,25.885,110.237,30.515,-42.985,21.576,1.024,23.437,18.851,-36.881,-24.239
36.463,-25.111,61.908,45.694,39.912,-65.727,30.007,9.129,9.918,25.71,-38.288,-29.969
33.311,-129.692,42.141,-2.057,26.331,-31.054,-6.438,-5.557,-18.21,14.264,-4.434,-0.999
34.599,-120.222,-24.42,-27.599,1.684,-49.851,23.789,-8.057,13.85,15.712,9.762,2.866
34.073,-125.739,-27.734,53.86,30.303,-38.324,-1.807,11.887,19.687,-0.412,-35.566,-1.854
26.316,-138.472,-23.343,-49.899,18.398,-25.161,15.399,2.768,7.473,13.583,-22.016,-7.833
27.351,-119.421,-52.984,-62.841,-1.002,-41.38,26.76,10.464,12.724,-4.6,-21.436,10.79
29.621,-137.796,-44.905,-53.597,21.739,-12.38,38.72,-9.334,19.415,11.311,-8.783,-4.714
29.753,-90.745,-55.643,-21.92,15.482,-50.376,16.628,2.349,28.448,-1.472,-18.62,-8.385
27.536,-133.86,-55.429,-22.444,23.323,-31.494,3.212,-2.381,-0.906,8.574,-11.765,-3.928
27.098,-78.069,-91.928,17.306,9.657,-42.321,-20.781,-12.886,3.07,11.747,-6.114,7.76
20.908,-23.39,-42.904,-39.891,10.046,-35.06,-26.983,6.602,6.355,-0.375,-2.814,7.002
38.104,166.101,109.389,-23.066,33.414,74.217,-41.212,5.126,25.559,-36.125,20.986,-82.88
39.036,149.879,87.982,2.94,-1.453,3.021,-67.299,-38.748,0.572,12.593,-49.93,-55.805
37.901,97.565,7.512,-47.131,-22.778,-24.762,-43.22,19.349,23.117,3.506,3.217,-44.276
39.987,104.642,29.122,9.447,45.606,-23.223,-85.679,-6.911,32.211,15.511,-5.786,-21.109
37.047,46.037,-28.004,15.425,0.154,-38.487,-47.884,-8.152,27.516,5.622,-21.665,-31.678
30.01,4.466,21.214,14.639,44.592,-31.472,-46.007,-9.474,31.593,9.424,-22.489,-28.15
25.294,-74.645,47.251,42.696,55.929,-48.18,8.458,32.743,33.4,10.81,-24.519,-39.209
20.98,-42.774,-24.041,-47.893,22.775,-46.128,7.06,0.598,30.022,19.462,-0.728,-23.701
25.109,-116.577,19.643,44.616,57.244,-21.647,17.136,53.319,-4.17,31.811,-11.899,-4.074
19.276,-17.599,-10.424,-12.149,38.561,-48.973,2.682,-8.536,22.162,6.472,-16.299,-9.1
20.532,4.287,-3.812,-14.99,36.558,-17.925,1.556,25.068,26.103,-2.423,4.023,-6.118
17.606,25.862,-14.491,-11.356,17.119,-42.117,-19.895,0.021,17.608,13.15,-9.464,-24.544
23.106,-103.622,-103.346,-64.163,-9.32,13.972,8.748,-2.73,9.097,21.078,-14.355,-2.155
40.22,67.357,17.528,-48.163,-40.8,92.742,-16.388,7.053,0.749,-24.465,29.171,-63.001
37.649,81.499,-26.824,83.798,-77.095,0.471,-53.925,-2.388,-15.28,-23.703,-59.144,-41.562
41.256,102.7,49.526,-62.824,-39.634,76.608,-38.432,22.546,0.03,-28.042,30.02,-72.905
40.597,110.82,23.68,48.325,-46.055,-3.271,-75.033,-17.54,-18.045,-3.04,-39.313,-59.798
44.433,172.731,86.045,-14.155,-18.099,25.597,-33.685,1.466,-8.63,-16.742,-18.591,-79.441
45.158,189.598,68.592,2.282,28.799,30.831,-34.712,-7.05,13.419,-18.918,-17.574,-86.142
45.406,254.42,102.917,-10.939,30.88,-3.136,-12.036,1.859,11.325,-6.421,2.598,-67.073
47.895,204.23,-6.048,-2.178,-13.915,-25.152,-9.642,-17.039,-3.046,20.099,-37.17,-42.588
48.429,192.376,-9.904,-8.852,-17.687,-13.895,2.282,-5.036,-1.185,-6.64,-19.367,-61.597
46.18,207.101,-3.937,-12.229,-17.247,-30.974,5.274,-20.801,35.769,10.446,-3.676,-40.522
46.443,271.954,2.777,-17.625,19.178,-31.202,33.041,18.477,28.026,0.664,-6.796,-9.623
43.76,211.787,-45.98,-11.973,11.236,-27.316,17.815,-17.229,2.989,17.281,-43.969,7.116
40.765,199.6,-9.594,19.544,-25.557,3.935,0.263,-1.067,29.169,-17.742,-28.291,-50.268
39.59,163.416,-5.044,5.198,-17.843,18.476,-3.866,35.066,18.057,-22.085,-19.214,-59.985
40.804,196.053,86.671,-50.088,29.008,34.239,9.089,4.745,3.124,-3.324,8.866,-70.327
42.33,205.501,49.784,-10.52,35.025,-24.772,-26.161,-8.652,-21.235,6.932,-19.468,-46.299
41.522,164.388,59.153,-26.095,37.008,-10.772,-48.129,-18.338,-23.684,1.07,-14.535,-35.839
36.608,101.74,-32.569,88.729,-3.912,-4.476,-37.443,-16.608,8.225,9.401,-71.962,-22.815
23.188,-13.302,-80.809,-7.72,-32.642,-43.407,-10.806,21.096,8.143,7.175,3.554,-2.229
18.659,-0.454,-57.342,-19.718,-17.847,-42.699,14.428,1.878,15.041,19.572,-6.036,5.184
21.328,-45.903,-94.453,-17.502,-17.158,-38.364,-19.629,15.729,4.728,26.464,1.018,-1.515
18.863,48.048,-36.996,-27.144,-18.939,-42.686,-0.78,3.035,11.279,4.734,-2.232,-14.286
23.083,17.082,8.639,-161.782,-7.823,18.239,0.852,-47.639,0.963,16.147,-35.202,-3.835
31.361,-24.529,-29.779,-41.758,-42.054,-18.869,-76.449,-15.832,-0.62,-7.355,-3.597,-32.25
31.427,-50.206,-26.199,-55.205,6.722,15.36,-69.036,-7.795,11.977,-24.109,0.634,-12.784
36.212,22.971,1.986,2.475,-0.033,37.419,-93.407,-12.232,7.325,-26.454,-6.314,-23.912
34.91,-5.729,18.523,24.581,9.407,11.697,-96.182,-11.691,-14.595,-15.345,-16.148,-18.381
30.624,-53.128,43.919,-33.687,56.102,3.324,-86.022,2.364,3.525,-9.553,-0.725,-11.238
39.759,113.142,103.64,12.634,20.742,50.624,-101.714,-19.961,-18.567,-28.965,22.425,-50.142
38.106,57.64,47.14,39.919,32.968,29.435,-72.312,-54.981,3.925,-16.396,-19.766,-27.967
37.587,61.811,17.16,-21.805,20.999,-7.28,-36.224,-2.287,25.896,-11.161,0.322,-24.398
26.967,46.028,30.766,62.216,47.635,-6.562,-61.087,4.029,17.762,-9.518,-21.881,-24.698
26.196,25.301,49.739,-64.734,35.709,52.95,-55.746,-8.15,-1.498,35.11,-43.299,-12.09
29.482,-15.428,71.313,-86.209,54.791,-3.122,-54.762,31.526,19.723,11.931,23.859,-22.218
31.541,-4.835,-22.38,46.924,22.996,-18.677,-42.352,-19.705,14.304,16.418,-44.635,-22.78
23.751,-18.528,-37.528,-13.195,24.436,-27.814,-26.171,-26.89,2.759,35.25,7.399,0.89
22.23,-20.122,-59.977,-18.372,-6.894,-45.64,-14.832,30.869,9.725,-2.184,1.276,8.72
21.861,-37.984,-93.818,-54.254,-12.559,-2.029,-12.717,-3.252,-13.706,53.34,-13.487,7.471
18.951,-14.416,-90.594,-58.345,-36.241,-24.856,-16.625,-12.315,-5.12,25.445,-19.335,6.321
23.932,-121.194,-119.816,-67.778,-14.657,-40.714,-2.711,-28.757,-1.458,31.648,-7.668,-3.005
23.461,-127.671,-125.659,-58.984,-13.024,-45.013,-5.603,22.151,24.069,-4.062,-10.679,2.205
20.554,-44.743,-109.351,-73.256,-34.324,-22.663,-21.219,16.064,13.99,-10.607,-17.123,-13.112
31.549,19.614,13.208,-73.284,-21.791,21.194,-42.68,22.037,10.212,-3.183,-4.401,-54.771
30.844,10.851,33.468,-49.518,-2.331,-17.784,-79.386,2.165,7.396,-12.845,17.493,-38.846
30.93,-38.523,-66.806,5.248,-50.445,-22.335,-46.521,-23.949,7.194,2.391,-36.177,-30.177
23.551,-12.87,-100.229,-26.987,-30.71,-54.441,-32.012,1.071,12.098,2.466,-7.187,-12.252
30.41,-52.109,-17.173,-89.738,5.238,22.379,-58.044,16.568,11.658,19.423,2.403,-23.607
33.581,-34.261,7.877,11.552,17.135,19.939,-87.426,-18.706,-4.699,-14.618,-6.876,-19.526
32.11,-54.06,27.361,8.855,45.05,-23.652,-85.647,-24.18,-2.136,4.634,9.938,-13.116
39.446,61.948,72.842,20.323,28.951,47.113,-94.666,-31.354,-4.79,-29.099,11.423,-46.921
37.569,8.589,-25.341,51.498,-22.867,-32.963,-58.149,-11.314,14.46,27.569,-33.517,-35.225
33.62,13.989,51.586,-108.546,35.941,19.05,-28.64,32.218,26.276,20.848,3.776,-33.637
36.28,46.634,50.86,2.535,49.924,-18.428,-55.745,-22.492,13.076,0.813,-24.024,-25.05
38.765,48.345,40.427,-92.645,-15.219,24.974,-16.766,49.795,38.258,5.338,-18.569,-60.699
40.263,122.493,109.385,-54.971,-1.903,-17.979,14.825,47.472,33.261,13.802,0.169,-74.792
44.582,212.833,86.43,4.334,31.716,-38.258,6.107,-2.686,-1.364,11.895,-16.809,-77.246
44.599,173.612,62.137,15.084,24.554,-17.085,-24.125,-22.402,-10.467,6.625,-32.331,-46.72
39.35,85.548,58.185,-5.019,18.716,-5.714,-39.931,-0.61,10.993,-17.093,-14.914,-31.901
33.434,-20.709,-48.261,84.194,12.519,-0.403,-32.42,12.371,20.267,-31.581,-46.491,-8.647
18.861,-39.556,-52.02,-52.539,5.413,-27.203,-12.072,0.306,1.464,19.224,-16.713,6.886
18.035,12.758,-69.933,-62.507,-28.501,-37.906,-3.039,5.237,16.021,2.39,-8.408,10.091
18.554,-18.665,-34.968,-77.934,13.759,-37.121,-1.032,-0.761,4.893,32.777,-6.531,-6.936
25.172,-51.364,23.652,-70.303,30.258,9.681,14.068,-17.421,10.32,28.405,-12.056,1.663
36.657,56.981,84.805,-77.526,15.844,75.284,-46.905,26.231,2.736,-41.805,1.763,-47.46
39.746,109.819,62.774,-25.543,66.426,29.257,-40.763,15.193,23.907,-35.011,2.717,-20.519
40.849,124.097,69.791,7.443,53.881,-7.857,-55.01,-9.7,17.483,-6.137,-14.087,-35.019
44.124,186.56,86.643,-14.707,42.925,32.207,-42.969,-3.556,13.185,-28.029,-5.643,-79.288
44.457,118.11,-15.347,-79.889,-7.92,-9.742,2.484,26.982,29.722,-11.639,5.795,-48.455
46.571,184.744,2.475,-31.107,-20.99,-30.378,-10.294,3.253,-1.298,2.674,-15.893,-51.155
44.807,175.979,19.164,-13.761,-7.232,-26.781,-28.703,-16.672,-14.044,9.201,-15.081,-41.159
43.525,144.514,40.181,-14.662,20.492,-34.796,-50.347,-2.209,7.396,7.971,-0.43,-27.416
42.658,126.723,-20.147,-35.907,-33.104,-31.837,-13.213,11.268,-1.492,16.124,-17.037,-42.001
43.14,113.383,0.37,-38.667,-8.954,-20.086,-14.913,7.198,-6.931,8.604,-13.854,-27.885
41.446,108.099,5.065,5.835,-8.528,-23.676,-7.904,-15.142,-3.377,-3.24,-35.658,-37.814
41.331,100.636,80.687,-87.846,13.139,45.752,-37.509,54.902,22.687,-39.682,26.661,-70.845
43.488,109.443,20.517,-0.606,-21.756,-15.961,-45.371,-35.289,-3.752,31.256,-29.469,-56.772
39.951,86.282,37.206,-2.926,-16.222,3.26,-50.771,20.111,23.571,-21.71,-19.747,-57.235
28.18,32.368,35.691,16.98,13.553,-2.339,-60.264,-18.718,14.7,0.29,-29.093,-32.899
22.482,-105.275,-115.603,-58.732,-23.601,-27.575,-10.222,1.763,8.126,12.657,-17.197,-9.894
24.078,-133.15,-71.376,-49.613,14.089,-46.703,12.817,36.377,17.268,7.867,-2.465,-8.651
22.568,-84.888,-99.809,-69.884,-16.005,-34.167,-11.375,41.093,15.561,-7.288,-0.937,-3.143
34.668,65.32,22.822,-23.218,22.327,48.649,-23.931,32.866,29.24,-19.579,0.854,-42.533
34.587,51.766,32.848,-4.023,-1.711,55.281,-69.603,-8.221,1.537,-20.258,-33.331,-43.988
29.437,-67.948,-52.918,-29.645,-27.507,-17.366,-46.357,1.031,9.144,8.066,-25.302,-23.016
31.877,3.035,20.338,-46.003,-6.168,74.448,-55.427,45.04,16.362,-31.369,-34.227,-42.664
33.122,26.382,54.284,-91.399,-10.704,11.402,-61.144,-1.38,-7.387,39.094,12.504,-53.128
38.082,95.655,67.9,-6.275,-19.253,-11.835,-80.542,-10.693,-13.05,-7.533,-15.016,-54.119
34.912,75.08,40.422,49.595,-15.43,-4.339,-80.342,-32.589,-12.491,-10.493,-38.414,-46.225
23.084,-62.698,-103.766,-6.983,-51.613,-25.246,-40.487,47.462,12.184,-7.263,-14.735,-24.363
21.486,-90.025,-52.657,-47.343,43.397,-25.109,-30.687,5.765,18.59,28.333,-3.053,-3.047
21.525,-23.688,-39.822,-54.528,10.983,-6.562,-33.583,22.599,7.924,-20.874,-11.927,-7.398
19.441,-27.761,-77.859,-41.395,-17.205,-43.269,-20.901,24.167,3.935,8.859,-9.435,-4.451
22.936,-101.963,-108.846,-52.287,-27.794,-38.17,-17.645,31.16,-2.197,24.318,-7.588,-5.026
19.363,-14.784,-86.767,-59.15,-41.907,-35.849,-21.563,24.664,6.062,5.194,1.096,-4.142
19.015,-19.286,-88.885,-65.412,-33.592,-30.275,-11.244,-23.54,-0.617,14.817,-10.354,-1.505
23.322,-61.514,-110.888,-40.818,18.405,-31.709,-15.386,-13.343,8.565,7.709,-12.144,-4.072
20.65,-44.968,-103.373,-108.522,-32.933,-33.901,-23.05,12.233,16.86,0.612,4.207,-16.331
27.235,-73.643,-70.233,-43.347,-29.208,-31.075,-65.337,28.004,5.234,-5.181,-27.296,-23.186
24.039,-75.979,-43.005,-79.206,31.81,7.957,-50.156,-22.458,-8.024,42.043,13.572,-1.573
27.283,-89.148,-34.459,-60.878,8.918,-18.851,-60.773,-12.57,-7.043,2.006,-11.997,-9.558
36.564,40.949,12.953,-20.198,-12.068,16.252,-85.932,-9.617,6.145,-19.291,-4.06,-24.34
39.4,60.735,-8.464,-15.011,2.503,16.665,-61.372,-24.902,3.087,-32.605,4.179,-23.114
39.079,76.443,23.699,-6.521,32.407,9.237,-87.137,-38.733,5.475,-15.484,0.283,-18.441
43.381,100.196,5.261,19.44,-39.43,12.973,-55.186,-37.553,-12.59,-18.723,-14.78,-60.387
44.308,151.231,34.023,0.78,-14.352,22.596,-23.478,-14.774,-8.21,-18.927,-27.088,-77.015
44.669,184.213,26.614,13.456,5.664,17.698,-31.311,-6.134,8.818,-13.149,-26.143,-83.65
42.802,217.831,11.046,5.144,12.309,-17.427,-1.646,-7.79,15.099,1.88,-23.46,-54.898
41.979,195.539,21.549,29.764,10.296,5.022,6.392,-9.052,23.507,-3.295,-49.241,-60.119
40.456,195.342,40.543,-9.468,14.292,17.121,34.712,5.144,57.804,-8.112,-5.243,-50.27
44.21,249.874,53.597,-33.005,35.107,0.749,47.056,2.134,23.827,-19.518,-3.19,-14.297
44.192,197.792,26.259,-4.799,59.911,-20.863,-27.725,-26.611,-4.756,0.323,-30.21,7.974
42.219,193.122,43.331,20.862,40.537,-12.157,-70.694,-10.871,3.507,-14.698,-10.764,-35.875
44.578,137.949,32.349,-22.796,58.412,4.67,-33.152,22.643,10.798,-21.803,19.38,-41.502
44.749,120.97,25.71,-0.4,76.588,-37.245,-48.304,-12.509,-8.487,0.184,-12.06,-26.298
42.213,77.305,77.285,-12.006,40.506,-11.298,-56.341,-1.997,15.343,-11.211,18.802,-37.925
41.722,86.158,67.562,39.155,51.697,-0.321,-69.384,-27.9,15.455,-6.37,-48.886,-41.691
34.541,56.196,78.85,-3.687,75.332,-17.932,-55.299,6.016,33.313,-14.818,-5.962,-22.301
31.013,15.848,72.996,22.184,76.063,-20.855,-30.884,-49.568,23.227,9.102,-36.265,-11.128
29.172,-50.467,60.439,9.543,29.878,-46.362,-47.202,-20.583,-7.292,3.649,11.381,-16.105
31.838,44.824,60.189,31.034,19.13,12.288,-77.377,-12.657,-0.194,-23.347,-29.379,-34.465
26.24,-76.475,-45.977,-10.392,-18.544,-39.457,-46.419,4.568,8.577,22.888,-15.489,-27.161
22.442,-90.99,-65.875,-50.071,26.578,-52.206,-33.035,16.318,12.168,0.531,1.309,1.448
21.473,-31.928,-90.881,-38.788,-2.137,-12.098,-23.758,24.367,12.12,-1.524,8.013,-3.216
18.152,43.673,-41.987,-21.115,-26.416,-40.376,-2.63,5.601,10.279,5.784,-10.806,3.874
21.474,-58.789,-114.784,-36.531,-27.267,-26.458,-20.378,-2.784,10.378,21.502,2.058,-0.206
20.119,-51.433,-84.717,-40.775,-9.651,-42.403,-11.357,26.03,18.788,4.164,0.283,-0.924
17.031,39.049,-42.262,-49.685,-21.093,-23.922,-2.14,27.595,6.602,-6.806,-9.751,-2.018
18.364,29.215,-17.312,-19.421,11.658,-40.406,-28.302,11.928,6.759,7.076,3.803,-4.328
21.107,-49.618,-112.508,-35.913,-27.248,-31.635,-21.104,27.44,5.45,-5.951,-5.119,-5.592
23.336,-77.225,-63.583,-108.692,26.164,4.445,-32.405,-30.003,5.029,40.61,-4.098,2.364
33.174,-36.086,29.846,-155.593,16.089,-15.125,-70.013,12.914,-2.442,8.33,36.909,-23.704
34.934,18.815,-53.258,102.547,-9.509,-1.184,-97.832,-8.693,-15.252,-16.565,-65.766,-7.813
24.305,-102.543,-120.875,-85.823,-13.821,-32.324,-19.84,9.362,10.379,45.615,6.89,-6.82
27.234,-70.85,-44.769,-111.161,-7.406,-35.695,-51.482,4.689,2.126,0.433,4.67,-27.257
29.753,-51.82,-31.212,-44.807,-4.248,9.527,-76.299,-7.158,20.968,-18.728,4.822,-21.511
34.801,-15.693,3.828,-33.787,3.761,16.175,-86.387,-20.497,2.402,-11.059,-6.049,-19.733
35.887,-24.082,8.573,6.805,9.157,-1.86,-77.718,-32.601,-8.525,-23.36,-15.335,-16.582
38.14,31.282,21.498,9.747,24.302,4.451,-86.689,-43.559,-2.006,-4.54,16.024,-24.644
43.418,119.175,82.824,19.408,-3.478,19.59,-88.688,-26.557,-22.02,-18.236,-7.308,-50.148
40.118,79.125,62.476,40.682,32.991,16.629,-84.908,-35.594,5.846,-15.274,-18.796,-38.47
36.168,71.359,57.901,17.568,42.849,12.314,-54.813,12.27,21.501,-14.603,-48.18,-30.043
27.602,-40.692,-93.49,-33.607,-27.34,-14.05,-22.052,-1.748,8.945,30.601,-3.466,-1.716
31.635,-13.492,33.844,-75.706,8.797,43.754,-35.425,11.691,9.709,2.417,2.825,-40.073
32.04,19.644,31.651,17.238,-9.487,-10.797,-66.099,-16.328,-6.902,-6.207,-36.471,-36.225
25.448,-24.438,7.585,-25.075,-11.436,-17.32,-54.613,-15.413,9.257,-8.05,4.399,-51.664
25.621,-28.26,-21.577,19.06,4.06,-36.418,-56.771,-10.07,7.755,2.611,-21.12,-25.141
21.533,-76.658,-83.528,-53.173,-17.065,-42.166,-15.792,36.646,7.743,13.96,3.368,-7.687
22.026,-99.175,-113.532,-84.392,-19.536,-33.119,-11.602,8.046,5.352,15.003,-17.049,-7.224
20.83,-51.807,-126.064,-83.398,-22.87,-39.27,-23.796,-1.024,19.711,-1.843,-14.291,-12.215
20.564,-36.595,-106.549,-69.389,-40.855,-22.862,-21.237,-3.857,14.595,-0.505,-2.718,-11.615
20.046,-15.639,-119.109,-43.748,-37.428,-36.749,-26.763,-15.694,11.318,5.051,-12.951,-8.556
18.536,-14.787,-89.558,-73.362,-36.0,-40.811,-7.624,5.54,1.902,-4.02,-1.179,-0.468
20.894,-56.188,-113.924,-77.795,-24.108,-20.672,-24.165,12.994,4.657,31.697,-23.136,-5.023
19.633,-0.66,-102.925,-75.214,-35.855,-42.683,-28.923,8.755,8.037,0.628,-0.149,-12.763
22.846,-71.863,-120.935,-74.58,-19.495,-27.31,-16.077,-13.28,8.779,23.6,-29.515,-1.043
21.734,-123.443,-136.641,-95.058,-9.711,-49.0,-16.961,7.909,32.288,13.188,-6.278,-5.082
31.331,-11.308,-17.305,-161.26,-21.76,78.181,-24.575,39.611,21.081,-4.307,-52.972,-24.424
37.129,64.9,-13.083,-60.219,-0.201,53.907,-57.167,11.022,12.042,-18.979,20.19,-34.274
36.474,33.584,-5.645,-45.877,-12.327,-13.271,-71.052,-9.596,-5.124,-6.803,15.331,-20.095
38.275,52.346,-3.746,-11.018,-5.409,11.923,-88.457,-16.867,-11.41,-14.33,-25.772,-25.612
39.543,70.463,-23.34,-19.636,0.75,-1.806,-65.419,-28.826,-6.103,-13.115,-6.502,-25.4
41.41,115.508,2.734,-2.688,11.114,21.103,-70.81,-25.574,-1.932,-25.762,0.924,-40.909
43.442,135.021,63.189,-1.543,-12.939,38.532,-68.327,-8.938,-21.302,-33.836,-13.332,-50.95
43.806,109.704,1.395,-0.253,-27.626,21.835,-45.185,-4.733,8.101,-22.22,-27.42,-54.365
41.367,122.558,28.801,-55.978,19.65,10.509,-28.72,18.476,32.454,-11.861,15.773,-41.376
43.872,152.494,33.843,-24.435,33.7,-28.512,-44.684,-2.806,8.01,9.055,-7.281,-10.876
45.22,205.39,87.213,-24.675,34.846,-4.941,-65.036,3.77,-5.863,-18.529,6.553,-79.361
45.309,196.856,44.909,-6.504,-9.511,-25.491,-42.242,-4.293,-11.372,9.583,-28.573,-82.432
40.913,127.485,29.024,-4.937,-29.365,-13.286,-33.565,-22.308,4.363,21.693,-31.132,-62.336
38.956,73.107,-17.634,-51.654,1.147,6.574,-17.426,7.027,20.394,-16.231,-8.293,-36.484
36.91,66.921,-20.521,29.445,5.702,-3.638,-28.447,-19.035,14.01,-24.743,-52.425,-29.978
26.94,-25.074,24.447,-13.366,3.949,-22.66,-26.773,-10.033,1.341,-1.966,-18.491,-43.343
29.226,-6.318,13.034,7.966,25.588,7.691,-36.871,14.623,16.447,-14.107,-29.867,-33.63
28.043,-36.005,32.311,-56.005,30.598,-9.891,-18.527,6.904,18.642,3.448,2.121,-32.526
30.279,-83.269,-54.718,-14.616,-29.702,-37.049,-17.041,2.315,18.445,-14.728,-2.644,-23.236
26.265,-53.025,9.577,2.66,10.743,-27.604,-36.474,0.398,10.513,-1.628,-3.996,-33.864
21.243,-16.582,21.178,2.602,62.571,-27.057,-52.472,14.556,22.282,-7.671,-0.532,-25.883
17.647,59.162,-24.254,-12.784,2.671,-47.377,-25.097,-8.135,-1.54,9.676,-5.33,4.444
16.934,54.478,-28.837,-35.351,-16.0,-33.358,-14.662,4.45,8.528,-1.228,-7.558,0.748
15.803,89.069,1.323,-11.129,-2.154,-29.609,-9.226,-14.387,2.1,1.865,-16.978,3.279
20.866,-20.496,-78.942,-20.293,-6.983,-27.975,-14.928,7.216,-9.331,54.272,-3.061,-4.57
16.239,17.828,-59.976,-52.36,-17.048,-16.001,-2.342,10.308,2.444,-6.262,-20.88,0.389
18.436,-50.062,-102.552,-82.221,-17.24,-24.78,-14.424,-11.816,2.025,27.311,-4.155,-5.726
28.416,-64.119,9.461,-70.123,15.822,8.571,-23.128,-2.744,5.269,25.427,30.076,-29.894
30.87,35.486,27.395,81.209,0.977,26.745,-75.387,-2.448,-1.817,-44.599,-35.456,-39.199
35.745,95.744,93.004,-52.022,73.502,61.504,-44.409,21.46,32.184,-18.614,5.261,-35.542
40.572,149.001,37.538,37.622,32.927,25.504,-37.172,-25.948,12.935,-7.189,-43.265,-61.859
35.925,105.116,22.565,-58.362,-5.035,-46.463,0.764,10.537,24.84,22.848,-1.378,-49.514
40.067,170.02,48.48,-35.68,-6.646,-23.826,-6.498,2.923,19.886,7.25,-12.001,-56.116
42.564,200.402,62.321,-28.641,5.817,-29.348,-8.478,10.605,16.262,11.267,-14.913,-58.906
42.712,228.19,62.074,-9.865,11.183,-27.734,0.761,-4.923,-3.993,7.371,-26.148,-68.085
44.444,172.27,16.231,-12.075,-5.415,-23.182,-14.227,-8.792,3.577,6.871,-15.966,-49.233
40.679,136.105,-11.24,48.682,6.709,-14.082,-27.304,-61.404,-2.644,-0.577,-62.667,-30.035
37.044,24.847,43.397,-18.192,4.945,-16.068,-38.294,-13.257,12.958,2.33,8.001,-53.889
35.307,41.671,-7.205,40.677,19.457,-7.705,-41.582,-12.655,27.139,-15.28,-59.158,-15.896
31.889,-69.814,24.817,78.974,42.041,-55.417,-10.272,-4.883,-0.359,11.418,-37.034,-10.164
31.443,-61.297,26.274,33.618,55.602,28.694,-5.532,25.932,22.572,0.575,5.671,-2.83
28.794,-94.029,6.836,83.972,63.877,-33.515,-39.637,7.865,-1.3,19.098,-27.946,-12.085
21.109,-56.093,54.201,-25.256,65.597,-17.771,15.249,-26.322,-9.406,14.235,-8.256,-1.054
25.931,-132.526,44.727,4.231,55.702,-18.615,-10.693,21.711,-17.074,4.946,5.718,10.09
24.684,-99.637,24.176,-28.115,51.498,-28.734,-14.058,9.898,-5.728,-6.697,1.97,11.041
20.888,-58.081,-52.15,42.527,54.155,-37.772,-35.634,44.697,2.484,-8.1,-37.563,4.37
18.496,-132.49,-44.652,-51.882,85.515,-17.487,11.055,13.463,-20.97,36.93,15.659,2.709
29.048,-167.991,23.126,-47.289,53.431,56.46,-0.481,5.852,-10.552,27.029,21.433,-10.722
34.638,-162.903,24.489,-1.853,20.75,-14.858,-13.01,-4.296,-11.783,-5.049,5.81,1.929
34.853,-161.083,60.335,-69.974,25.925,-13.021,0.463,9.12,-7.69,-4.845,0.122,1.629
35.62,-99.355,48.964,45.1,33.769,-24.814,-1.269,-7.872,-7.757,-14.29,-17.84,11.046
32.824,-89.567,32.583,7.607,46.907,17.905,-1.276,-4.321,18.528,-38.396,-3.552,11.438
25.749,-184.533,-3.443,-0.259,47.698,-45.845,-20.021,22.186,-24.402,-13.718,1.975,-0.39
36.47,-67.98,38.069,32.653,49.526,-2.972,-38.249,-5.666,-4.25,6.509,-12.918,10.653
35.752,-107.357,52.678,1.33,15.455,-31.922,-26.956,-4.272,-19.879,-8.694,2.372,-7.491
37.202,-102.839,40.175,-0.447,15.904,-30.661,-33.081,-8.008,-11.203,-10.531,12.838,1.176
38.298,-110.228,35.352,22.353,31.934,-24.04,-36.279,-5.479,-15.779,8.853,-7.575,-1.506
38.126,-101.608,49.293,26.168,37.426,-24.775,-10.374,-7.459,-3.929,1.208,-3.912,9.511
39.207,-92.01,26.06,59.75,43.396,-45.225,-2.036,-8.228,19.832,17.362,-28.212,-10.63
39.023,-45.719,24.562,29.435,41.86,-19.013,-27.607,-1.155,9.134,3.768,-4.245,-7.264
34.004,-88.374,3.757,81.625,25.358,-38.923,-24.862,-14.956,-1.443,-5.78,-27.221,8.901
29.472,-63.583,-11.008,142.0,62.105,-11.271,-27.61,5.31,5.203,-6.499,-51.408,2.282
18.739,-68.073,12.439,-2.031,41.031,-34.563,-2.81,17.905,-16.073,-9.487,3.934,0.658
20.02,-134.617,-8.157,-17.899,72.28,-33.307,-15.318,26.979,-43.848,-2.687,6.262,-0.793
21.387,-127.241,-3.856,-34.882,45.787,-28.502,12.1,29.063,-25.272,5.57,3.708,-2.125
23.947,-158.38,-24.606,-47.048,15.86,-36.552,23.02,12.629,-24.623,2.586,0.008,-19.523
22.403,-97.149,-74.353,29.984,28.797,-57.649,2.269,16.729,-0.202,-0.83,-22.702,-10.684
15.28,-76.973,-68.638,-56.931,46.179,-46.524,0.456,8.955,-11.756,8.132,-5.518,-12.434
30.869,-154.72,31.345,13.502,46.777,2.533,-5.78,-9.273,-5.071,14.947,15.881,2.005
34.937,-115.675,25.902,22.458,14.408,-23.485,-30.123,-8.261,-16.503,-1.582,-1.967,3.242
37.292,-112.09,30.235,21.908,28.073,-27.724,-30.288,-16.347,-10.736,24.476,-13.95,-15.24
33.321,-154.287,4.341,5.237,11.387,-30.938,22.468,-1.419,11.016,-3.678,-18.255,-10.337
33.762,-63.346,1.429,-0.208,9.176,22.033,13.118,-4.801,23.637,-38.253,-0.965,4.172
27.189,-167.04,-24.366,20.795,13.91,-44.694,-1.966,31.033,-3.192,-6.224,-19.883,-10.027
36.44,-23.27,42.622,22.475,45.862,11.378,-32.71,-14.201,6.287,3.892,-1.785,-1.94
34.027,-89.371,50.774,-17.067,23.507,0.032,-16.349,7.759,-3.768,-15.144,2.677,4.569
33.515,-108.933,49.097,-22.732,13.858,-31.355,-13.087,-2.986,-10.837,-0.481,-1.749,1.532
35.939,-112.654,28.497,35.755,29.213,-28.648,-10.505,-5.437,-9.454,5.96,-9.696,8.67
33.433,-65.253,28.359,53.926,14.746,-19.622,0.346,-8.257,-7.571,-15.539,-23.507,20.624
40.164,-93.946,6.83,71.213,17.338,-39.696,0.318,3.383,21.272,6.063,-35.06,-14.971
33.71,-104.107,11.592,70.429,31.817,-36.181,-29.871,18.46,-0.031,-6.498,-35.508,6.879
24.581,-149.168,-4.652,53.027,57.497,-52.793,-18.542,43.359,-12.003,-0.473,-24.169,-9.683
24.459,-113.053,42.146,54.805,68.06,-33.615,13.029,39.659,15.245,9.871,-13.235,-18.715
19.461,-121.83,-11.684,7.753,85.569,-20.732,-4.646,46.409,-16.799,17.673,-19.136,-5.289
15.428,-55.583,-19.256,3.312,66.255,-0.895,3.883,54.306,-25.306,20.263,-28.204,-3.145
17.404,-93.527,-29.313,-4.418,74.235,-29.149,-18.275,35.93,-19.52,7.141,-2.495,5.646
13.68,-43.454,-41.774,-51.682,68.177,-37.428,-16.24,-0.232,-15.441,9.464,-5.615,10.55
14.762,24.811,-40.725,-28.547,58.177,-16.465,14.335,-5.086,10.917,-32.612,-3.047,25.115
14.594,-28.404,-24.936,-40.312,29.605,-42.556,24.545,3.711,-15.318,9.959,-2.383,6.295
17.774,-28.065,-53.754,-14.049,-22.183,-50.545,7.439,-15.632,-9.868,17.976,-18.212,-0.878
16.442,-87.689,-81.234,-49.081,26.251,-30.775,8.245,28.302,-19.424,18.278,-13.342,-10.287
11.511,-14.526,-112.703,-42.293,0.95,-49.445,-5.714,33.188,-13.221,-0.892,-13.805,-10.76
5.185,84.282,-89.278,-14.724,10.2,-56.523,-13.205,49.767,-6.112,-16.578,-3.79,-19.851
