0.336,164.167,-1.469,-37.074,49.024,-50.602,21.38,-0.489,-26.78,4.408,-13.587,-6.797
4.268,87.031,-40.929,-62.652,48.637,-47.847,14.22,-1.822,-18.31,10.543,-6.817,-19.215
6.479,90.98,8.571,-48.884,36.339,-33.806,-4.945,2.824,-34.705,6.695,-6.052,-25.317
9.178,83.399,16.895,-27.421,19.509,-38.89,-8.602,-2.898,-27.822,9.498,0.873,-27.23
10.12,72.592,39.629,-15.571,6.5,-34.467,-5.293,7.079,-59.386,-2.48,-12.308,-35.556
10.148,82.622,37.387,-19.136,25.993,-40.051,-6.339,1.483,-17.461,15.363,-14.312,-35.576
10.424,74.253,32.474,-10.877,10.998,-37.331,-9.776,11.144,-37.111,-3.424,-1.812,-30.262
10.945,77.051,43.614,-7.811,13.711,-29.664,-7.574,8.467,-23.939,4.94,-11.994,-35.276
11.382,56.576,47.486,-13.108,37.894,-41.656,-13.069,10.554,-17.808,2.845,7.38,-27.864
11.11,60.019,39.558,-21.075,23.701,-32.848,-29.221,-2.219,-37.249,8.221,-7.379,-35.001
16.284,-38.334,57.168,-114.614,54.434,-20.663,0.344,-90.449,-40.482,26.963,-4.947,-13.046
24.505,-134.373,37.974,-19.273,51.704,-29.531,-10.9,7.044,-26.362,-9.215,1.662,24.121
23.02,-117.589,49.446,-18.005,66.797,-29.753,-19.217,2.054,-27.462,-8.03,8.686,25.451
23.104,-128.355,44.911,-16.593,62.783,-33.029,-8.209,9.922,-30.984,-11.416,3.818,19.74
24.521,-147.067,20.779,-39.922,58.274,-30.606,-37.175,-14.382,-11.557,-1.784,4.895,-0.033
25.85,-148.3,17.884,-30.933,52.653,-30.393,-37.574,7.629,-8.559,-12.802,8.532,9.138
25.428,-133.528,22.136,-33.379,60.337,-33.577,-27.034,-18.796,10.795,5.66,-2.796,-8.207
26.682,-172.18,20.543,-11.022,84.232,-33.981,-13.151,-18.221,8.836,-2.008,-10.844,-12.247
35.454,18.324,48.384,14.449,52.785,-38.087,-56.335,-35.467,17.803,20.63,0.49,-16.336
35.905,2.542,51.556,-17.801,65.564,-9.201,-52.597,-17.18,28.139,-4.168,-22.642,-24.145
36.495,-28.573,68.493,-30.443,41.768,-24.358,-33.612,-6.672,-2.498,-2.031,6.841,-50.42
39.819,-0.658,78.534,-10.563,2.973,-18.645,-37.187,-12.187,-4.57,0.893,1.603,-59.889
40.038,4.638,45.148,13.684,1.577,-36.823,-46.043,6.781,-10.996,6.016,-1.442,-53.826
39.832,13.246,56.469,-4.359,-10.387,-20.248,-34.579,-4.35,-17.114,0.456,-10.033,-52.475
38.888,13.955,41.25,-32.116,-17.238,-23.271,-23.678,13.482,-16.071,-7.126,-6.642,-45.746
39.466,-7.718,27.707,-28.312,9.946,-25.597,-15.063,8.133,-4.051,9.114,-18.632,-43.167
39.243,28.877,32.592,-22.836,-16.179,-21.945,-4.241,8.561,-15.253,-4.838,-15.224,-31.241
39.341,27.269,53.502,-6.487,-25.738,-21.629,-21.361,2.333,-15.781,-3.134,-13.765,-46.412
38.006,32.982,64.147,-6.255,5.839,-23.608,-19.434,9.293,-9.462,-2.612,-8.897,-41.531
37.976,64.699,57.767,-16.838,5.4,-22.351,-1.9,-5.52,-3.564,-13.509,-4.294,-20.718
38.682,41.995,73.8,8.885,12.893,-34.964,-16.087,-1.974,-13.481,1.161,-5.398,-46.465
37.428,68.023,85.936,6.279,8.474,-24.166,-5.396,10.841,2.041,-6.957,-7.029,-18.303
38.256,41.315,90.568,29.031,25.079,-38.738,-19.254,-0.152,-7.33,15.091,1.145,-28.229
37.043,57.492,101.632,21.742,25.182,-31.769,-33.663,-1.933,-15.663,-3.323,-20.245,-34.99
35.26,90.618,98.634,9.881,20.706,-8.829,-2.534,7.794,-11.454,-2.533,-16.703,16.957
34.856,40.243,57.833,6.57,12.686,-38.262,-17.254,-18.278,-11.713,2.155,16.595,5.847
37.198,29.571,86.24,5.395,38.042,-32.793,-25.707,-5.709,-31.189,2.84,-3.562,-16.124
37.097,55.883,60.65,15.844,44.81,-14.121,-47.462,-9.273,13.769,-6.421,4.683,-4.636
35.398,44.473,89.861,-15.498,46.592,-20.338,-32.39,1.316,-33.955,-9.971,3.51,-5.932
36.1,26.216,72.017,7.708,39.672,-23.984,-46.9,-16.938,-29.561,1.773,-7.3,5.671
35.281,31.413,37.431,-22.407,6.769,-11.829,-40.605,-22.113,-0.508,-13.726,4.637,6.974
36.187,-17.136,55.693,10.807,52.312,-39.254,-34.719,-40.096,2.024,16.637,-4.559,-2.632
36.586,-31.219,70.191,-0.597,75.249,-28.552,-32.641,-9.256,2.226,1.797,-4.584,-10.595
36.379,-25.08,70.873,-7.418,84.78,-35.141,-47.211,-8.481,14.355,-1.729,-0.711,-26.725
36.884,-6.321,73.141,-11.611,60.713,-20.827,-57.845,-6.743,21.928,-8.319,-10.8,-33.072
36.552,-20.139,53.473,-19.064,72.263,-29.329,-39.713,-11.834,6.624,4.693,-6.659,-20.634
36.523,-1.888,48.597,-14.364,60.138,-31.469,-55.003,-6.968,16.195,1.776,-3.919,-28.975
36.974,11.855,55.314,-21.082,39.063,-33.176,-54.801,-15.239,13.193,6.492,5.78,-29.562
38.71,14.595,69.568,-14.51,-12.882,-13.919,-29.238,-1.0,-17.071,-6.394,8.74,-37.342
39.48,41.257,61.327,-1.546,-36.698,-31.054,-46.883,-17.467,-31.607,-0.897,-0.641,-44.001
40.772,32.747,78.858,11.663,-9.756,-18.616,-40.962,-6.821,-24.989,0.447,-0.023,-40.383
38.876,38.093,75.676,-11.598,-20.995,-20.338,-28.268,-12.034,-24.6,3.518,-8.182,-40.632
39.939,56.083,60.294,2.474,-35.672,-12.705,-23.514,-9.76,-31.47,-5.166,-6.766,-30.791
38.658,31.19,80.988,-4.553,-7.841,-18.884,-27.57,-8.555,-18.607,-1.351,-6.159,-50.849
39.148,14.289,68.095,1.499,16.107,-28.554,-29.896,10.464,-13.819,1.91,-7.098,-43.166
37.595,29.405,66.573,-2.518,17.66,-25.951,-16.736,-2.514,-14.752,9.19,-2.333,-16.837
38.469,66.443,93.669,-27.633,11.836,-11.087,-27.982,3.029,-45.696,-12.528,6.579,-28.744
39.308,87.137,90.574,21.093,-29.109,-17.522,-33.952,-6.504,-41.187,-4.943,-0.672,-17.568
38.148,78.274,98.643,-9.071,1.55,-13.442,-26.202,-6.503,-26.338,-0.042,-8.596,-34.499
37.583,69.156,65.789,1.299,4.411,-5.899,-34.554,9.728,-37.736,-6.393,-8.805,-26.186
37.213,86.982,64.499,-0.142,31.196,-32.404,-14.905,-15.977,-48.632,2.264,-7.305,-39.692
37.608,74.678,80.572,-12.089,23.771,-28.13,-15.098,-1.439,-22.526,-2.731,-6.908,-59.02
37.915,91.458,99.674,18.514,9.049,-28.95,-16.756,5.716,-31.734,-9.681,-13.427,-40.985
37.205,66.346,79.153,5.719,9.392,-26.604,-4.408,-7.961,-16.801,8.502,-6.532,-45.014
36.14,43.352,75.57,11.021,14.43,-30.889,-2.536,-17.401,-9.266,1.836,-13.586,-29.49
36.622,35.829,31.69,7.83,14.155,-35.515,-41.413,-36.082,7.006,2.895,-0.795,12.013
35.823,-12.302,34.525,-19.378,24.096,-25.428,-34.371,-23.869,-8.404,-3.745,3.613,-7.806
37.037,-28.233,71.144,12.3,75.116,-29.564,-51.86,-13.431,10.434,-2.016,-1.378,-34.36
35.015,14.758,63.968,13.941,72.059,-28.576,-57.375,4.613,27.554,-6.509,-8.181,-19.498
34.325,0.796,74.068,-7.117,56.048,-4.639,-34.851,-10.015,-11.94,-0.701,5.176,-29.199
35.855,-4.132,91.21,0.965,46.425,-21.431,-44.071,-21.368,-19.534,5.705,-1.983,-40.177
36.86,-12.216,87.89,19.557,76.03,-32.568,-58.662,-2.018,2.456,6.727,-12.471,-29.844
34.388,-1.211,82.927,2.59,71.259,-39.059,-49.226,-27.572,-2.311,20.408,-5.12,-24.862
34.152,-10.5,71.061,4.751,80.396,-16.167,-53.893,3.605,12.915,2.987,-14.305,-17.077
32.39,15.204,9.02,-26.804,-2.285,-22.429,-37.154,-22.794,-8.176,7.906,-9.254,19.092
32.744,0.475,-0.447,-17.696,10.762,-37.729,-27.097,-2.923,-3.98,-1.136,6.732,11.462
33.029,6.401,14.478,-35.491,-5.385,-29.856,-29.686,-7.765,-22.543,-1.513,9.224,7.758
33.923,7.748,8.446,-25.691,-9.195,-28.056,-29.202,-15.205,-31.637,-7.008,-2.779,1.584
33.671,3.898,4.885,-16.043,7.838,-16.113,-42.892,-22.343,-1.264,5.542,1.23,3.796
32.056,-21.262,15.837,10.212,44.885,-37.226,-56.111,-2.75,17.787,1.149,-6.884,1.331
29.164,11.571,26.667,-17.972,12.912,-22.895,-25.695,-22.966,22.721,-0.033,-4.535,21.36
27.75,-61.207,11.726,-31.575,10.392,-21.603,-24.586,1.628,-4.603,-5.924,-18.134,17.864
28.729,-132.6,16.582,15.371,32.018,-32.305,6.099,43.294,6.345,-9.555,-7.84,15.708
26.997,-141.488,3.791,-13.701,34.664,-16.636,-14.664,-6.46,-7.159,0.696,11.561,2.365
25.019,-117.461,7.306,-33.254,20.503,-40.491,2.566,16.776,14.686,-11.058,-13.006,-15.665
24.954,-112.382,18.92,-20.487,24.094,-31.738,-13.954,5.222,-7.015,-2.376,-5.835,0.201
25.7,-139.708,39.663,-36.932,63.238,-22.801,-31.29,-2.648,-2.81,1.465,-4.171,-0.819
27.687,-158.944,59.624,39.193,60.017,-44.233,6.092,22.114,-8.955,-9.316,-3.76,1.934
24.956,-138.55,21.449,-21.676,60.733,-28.758,-31.599,-2.554,-4.016,-10.681,-4.204,-7.483
24.93,-144.313,37.538,-32.084,58.133,-34.306,-7.868,-11.906,-10.338,-3.429,-6.668,-0.155
25.184,-147.82,33.775,-11.907,66.167,-33.045,-9.957,9.045,2.346,-11.702,2.339,0.031
24.575,-139.689,30.926,-9.718,58.288,-40.433,-4.636,12.667,2.793,3.205,-3.997,-8.983
24.652,-143.895,58.291,-28.943,71.13,-29.956,6.038,12.953,-11.357,2.049,-6.85,4.036
24.509,-115.497,44.079,2.029,62.712,-44.151,-14.971,5.66,-11.289,2.233,4.706,11.018
25.83,-154.586,26.037,18.736,47.532,-53.449,-1.905,28.624,-0.908,-8.151,1.564,-12.964
24.134,-136.746,21.205,0.564,56.151,-38.898,-6.335,16.551,-5.621,-1.041,1.192,-6.254
25.058,-142.011,38.408,53.562,53.979,-54.503,31.611,23.172,-4.253,-6.898,-11.651,-8.057
20.781,-132.47,24.039,-38.66,83.402,-32.021,4.348,8.828,-18.735,1.814,-14.776,-16.271
26.908,-21.334,1.52,-11.478,13.583,-22.202,-8.791,34.297,13.965,1.743,-13.605,-26.437
24.984,-3.818,-84.572,33.218,18.195,-38.107,-32.339,-12.799,15.828,-3.574,-28.384,-3.58
33.313,-54.689,-4.519,-2.073,62.921,11.09,19.048,21.559,30.98,25.35,41.33,2.03
32.169,-34.286,-29.987,16.686,61.896,-29.891,10.962,23.6,20.39,1.818,-41.935,16.693
28.868,-11.787,-56.9,-29.661,-5.486,-15.804,-19.795,-2.894,11.695,9.334,-21.187,9.868
27.111,-135.507,-31.134,-9.315,42.149,-11.631,9.609,0.605,-7.777,-3.635,-10.705,14.572
27.858,-4.937,-46.391,5.031,51.768,-40.913,-38.062,-33.9,-1.724,31.133,-5.314,-0.657
23.656,-106.653,-61.016,-20.446,17.054,-59.638,-4.433,-17.765,-8.141,17.351,-10.219,11.551
19.792,-56.11,-55.21,20.064,39.975,-73.756,-16.655,-7.905,-20.907,3.213,-19.576,26.639
23.28,26.537,-23.464,-65.648,64.152,33.466,41.846,20.579,27.854,12.622,-3.691,12.67
24.582,38.128,-93.966,11.732,38.469,-77.069,-8.369,30.277,23.678,7.997,-1.745,21.557
28.35,-52.2,-5.023,-34.639,88.681,-42.931,15.2,-5.173,-31.192,7.523,-0.668,-12.811
33.744,-58.113,5.149,-27.599,79.524,8.165,28.492,5.229,0.87,9.751,-24.846,9.0
25.68,-91.12,-38.081,-45.107,66.054,-4.808,6.721,43.323,9.166,-7.694,-28.788,6.352
22.578,-5.75,-43.591,-2.274,65.062,-71.559,-14.814,-29.139,23.553,23.315,-10.693,22.032
25.662,-66.456,-26.505,-60.761,40.53,0.567,3.641,0.428,4.805,4.953,-3.961,11.794
22.753,-14.443,-92.163,46.61,100.959,-26.624,-14.756,-43.515,-15.617,-49.738,-13.247,21.958
20.871,-69.377,-20.437,-36.502,4.729,-28.668,10.101,7.39,-34.422,-14.734,11.362,-7.495
19.692,-72.551,-69.899,27.82,38.775,-58.594,-20.06,11.881,-14.777,-17.387,-0.222,1.396
29.548,-115.981,8.815,-12.938,43.744,-31.115,22.164,-29.204,-35.207,43.623,1.231,4.931
33.498,-64.136,0.541,15.645,17.63,6.637,-24.902,39.641,5.733,-37.04,-10.848,-11.093
24.107,-58.892,4.981,18.182,32.489,-34.452,14.537,-11.813,-7.929,-23.207,-9.313,1.163
23.181,-109.233,-37.253,-39.635,16.928,-42.992,26.129,17.357,-18.842,-14.864,-2.377,-0.91
33.677,-58.936,-22.736,-34.84,78.169,68.803,-6.226,32.254,43.903,-21.26,-45.301,7.327
32.619,-67.971,-3.962,-5.594,69.931,59.276,-9.732,16.699,17.436,-7.542,0.801,9.518
26.756,-73.943,-13.477,-8.424,42.849,-1.078,-5.055,0.293,-17.653,-20.309,-3.594,11.181
24.921,-142.94,-39.58,13.449,47.387,-28.314,-8.029,0.745,-10.545,2.566,-7.318,4.061
23.041,-123.763,-50.86,-31.942,56.456,-24.476,-13.982,0.496,10.26,-6.699,-11.076,11.892
26.347,-71.884,-51.035,-29.399,24.506,-3.323,-13.697,-56.315,10.139,-1.584,-23.223,-1.221
25.398,-57.928,-51.85,-18.669,21.79,-10.937,-12.545,30.892,22.531,-25.519,-15.432,13.088
17.629,-35.67,-53.588,-62.154,28.306,-43.51,19.463,-8.902,6.569,0.474,-20.549,4.581
21.648,-164.543,-37.114,-54.524,52.139,-45.425,14.109,2.366,-28.97,6.045,2.785,-19.971
23.819,-80.298,-74.257,43.797,41.438,-20.179,-15.442,-14.666,8.331,-19.038,-10.849,6.197
16.258,-104.616,-45.307,-19.431,77.456,-53.993,15.516,26.417,-24.285,-0.713,-13.048,7.318
20.811,-55.812,17.289,-135.961,55.512,-1.706,1.227,5.137,-12.704,-12.254,6.989,-12.594
30.527,-40.732,70.417,-47.031,62.32,-22.848,5.413,31.417,4.586,-25.839,-12.927,-33.286
35.781,-68.18,57.869,-73.296,45.6,-14.025,27.146,32.413,-8.319,22.799,-11.667,-11.361
37.378,-33.707,23.389,33.317,50.997,-32.917,11.197,3.078,4.748,7.32,-35.495,18.255
33.664,31.681,-27.989,13.367,76.268,-27.833,12.818,-58.334,-14.853,-5.275,-11.659,37.054
33.601,-79.067,14.265,-57.231,54.741,-22.06,-17.936,1.716,-8.586,-3.789,-17.657,2.697
33.824,-32.099,-1.244,-26.783,39.059,19.29,-10.364,-27.511,8.95,-47.895,-40.653,6.623
31.011,-120.471,39.788,-8.88,5.751,-46.741,13.603,-8.865,-23.591,-13.167,2.087,1.936
32.194,-119.734,55.214,-14.846,17.066,-45.047,-3.614,9.804,-19.999,-10.668,8.297,-1.663
38.893,-4.185,16.692,16.5,39.169,-6.306,-38.931,-3.055,2.474,-6.368,-7.1,3.059
35.743,-43.711,-13.533,-77.504,10.955,-12.883,-20.599,-9.237,10.537,-6.008,-2.097,-18.318
37.77,70.959,-68.913,-38.06,87.113,-36.132,9.299,-51.533,-0.629,-29.903,-21.365,-9.985
36.557,-52.938,18.516,8.942,29.455,-30.021,16.747,12.16,10.662,-3.933,11.803,9.096
35.196,-42.42,5.291,20.433,14.885,-43.646,10.76,-21.013,-8.599,-15.521,-1.292,1.392
35.195,-64.902,-12.976,-7.393,17.692,-41.051,-18.989,-12.705,-4.564,-3.406,0.182,9.634
35.211,-48.521,-55.383,-10.723,63.276,-1.074,6.775,-46.183,-1.131,-41.27,-9.271,-26.888
31.776,-138.633,12.071,-40.83,6.767,-29.66,-1.822,-3.846,-5.988,-0.451,-0.517,-12.742
32.244,-112.649,19.847,-18.302,14.375,-35.882,17.909,17.937,-14.081,-17.733,-8.244,-7.651
33.959,-77.517,-5.546,-22.586,37.595,-15.814,9.578,23.819,-8.975,-28.059,-13.183,-9.703
40.248,-105.005,5.806,-2.042,56.535,-30.335,-19.228,-3.39,8.153,3.289,13.947,-8.685
39.716,-33.386,17.053,-30.428,29.337,-44.614,-2.124,21.143,5.81,-21.458,-0.579,6.755
42.325,77.818,-51.938,-29.146,68.263,-28.23,0.098,-33.028,-22.34,-20.38,-5.858,12.008
42.447,48.249,-16.717,-28.95,38.042,-17.24,-21.58,-31.559,22.971,-7.444,-2.058,19.29
39.939,-29.954,11.041,29.865,11.774,-50.088,-38.04,-29.319,0.139,17.035,-7.465,14.14
39.201,-11.699,0.859,-29.135,36.411,3.974,-2.564,-10.205,8.174,-53.568,-23.597,11.44
36.684,-80.439,12.315,-14.029,-3.241,-44.386,2.411,15.759,-8.399,7.063,-3.578,3.972
36.997,-73.665,30.39,-17.788,-2.447,-36.681,-4.853,17.527,-13.41,-5.55,7.757,3.255
41.126,65.229,-33.504,-51.901,63.533,-29.378,-33.369,50.579,-21.213,-20.033,17.256,-16.504
43.354,56.945,-29.164,-39.635,25.863,-14.072,-14.888,-10.835,-18.031,5.251,-29.83,7.134
45.446,-13.759,58.58,-34.376,39.679,19.091,-1.207,17.338,5.657,-15.895,-1.958,-5.46
46.287,-7.863,30.065,11.565,39.453,-7.266,18.951,11.889,4.231,-18.801,-17.241,-7.944
43.572,-4.163,26.446,-25.729,13.363,-36.282,-16.314,0.367,-13.099,-7.046,8.235,5.63
45.586,6.402,29.951,36.173,14.541,-27.18,-33.169,-25.775,-1.668,-13.805,-30.082,-11.839
43.433,65.275,5.284,-5.854,65.263,-22.493,12.77,-45.9,-6.83,-25.082,-19.598,-0.019
40.689,-48.397,21.258,-22.704,24.878,-36.212,-13.38,16.567,-5.243,-17.358,14.369,20.695
41.202,20.513,21.273,-19.621,-1.616,-19.699,-55.67,-12.195,-4.681,-6.505,6.634,11.867
41.54,-22.137,30.344,-17.654,15.519,-23.76,-25.809,8.57,-10.264,-9.307,-0.384,16.985
41.288,2.294,48.201,-2.562,21.168,-29.453,-18.893,8.973,-12.289,-18.533,7.643,22.525
40.195,-20.44,47.498,30.509,20.706,-27.049,-16.492,-0.129,-28.142,-4.132,-17.803,26.814
33.417,-59.92,3.375,43.716,27.443,-27.467,-45.379,-1.028,-17.538,-23.758,-21.911,19.533
31.032,-0.339,42.6,-79.495,38.01,43.292,-8.692,-6.274,-23.874,-38.77,-9.179,27.034
30.095,-15.82,-54.844,7.558,73.041,-16.693,-35.652,13.006,12.614,-27.588,6.478,29.184
30.229,-92.519,0.181,-38.528,95.833,-20.863,-4.467,-2.848,-41.015,12.667,9.744,-8.378
37.498,-22.182,24.972,16.084,65.322,63.153,-2.533,22.008,-2.973,-14.951,-35.712,1.106
29.128,-78.969,-13.729,-34.248,28.596,-15.739,-4.369,-28.594,1.843,-40.46,-7.595,10.705
33.994,-98.024,5.212,-44.87,13.718,-12.648,-14.348,17.627,0.332,-17.693,-15.714,11.404
35.856,-44.582,5.079,-38.793,21.889,11.624,-23.286,27.875,10.113,-35.136,18.476,-1.735
35.291,-65.697,-13.354,46.524,37.474,-18.349,-33.888,-23.287,-2.249,-2.666,-32.012,-2.394
26.709,-86.806,7.957,-10.197,40.936,-33.046,-22.388,-2.237,10.368,-6.225,-2.702,-1.328
37.195,15.908,27.474,-47.807,57.548,65.364,-7.267,-24.884,-11.281,-6.19,-11.488,15.367
38.172,16.585,-48.358,-7.8,12.728,3.532,-54.688,-32.362,5.4,-14.08,-37.83,0.447
42.504,10.365,40.649,-28.265,71.57,21.498,6.805,-13.256,-24.81,7.867,-37.122,31.665
37.964,60.209,-14.534,-53.491,72.496,14.637,-20.872,7.725,-3.812,-26.165,7.69,-0.96
36.054,-23.016,-6.797,-20.59,71.914,16.504,16.148,-33.992,-13.314,-26.172,-30.609,14.417
35.834,17.761,-87.876,-12.153,127.424,-24.009,-6.823,-25.283,-3.321,-50.676,-14.521,-9.947
30.771,-98.796,-36.727,-6.477,55.301,-30.052,-46.998,-18.748,-11.567,7.124,-9.4,2.896
33.816,-51.656,54.377,-114.388,72.774,24.023,-0.952,10.782,6.794,-30.047,-16.886,14.815
37.951,55.815,-35.777,28.888,-0.992,19.857,-82.67,-19.011,-2.664,-25.323,-24.29,-11.989
38.609,-37.118,58.775,-105.236,50.13,5.517,-17.424,5.062,-5.309,-3.328,4.982,-16.511
40.342,-15.178,68.732,88.761,50.202,-1.978,-37.573,-16.586,-20.233,-16.413,-54.414,-13.316
34.344,76.985,-46.767,-54.977,140.119,-35.089,-39.279,12.23,-33.621,-32.613,1.801,-22.017
38.823,86.344,-41.585,-52.837,141.996,-33.655,-34.004,1.439,-39.757,-3.118,-0.534,0.155
38.585,-23.932,-23.195,43.319,37.207,-17.012,-26.796,-23.939,-9.502,0.01,-8.629,-0.269
38.748,16.249,-6.947,-30.08,36.624,-15.634,-51.751,-20.852,0.337,25.56,-5.832,-21.472
33.864,-44.649,1.145,64.427,20.885,-10.032,-43.769,-18.489,1.645,-4.152,-29.64,-10.804
35.029,-4.286,34.993,-89.415,40.238,64.368,-30.138,-29.273,-0.97,1.632,-23.851,-8.42
41.857,-17.926,20.302,60.764,46.04,22.725,12.002,19.223,12.979,-17.969,-19.008,3.849
36.605,73.048,-19.872,-45.271,31.872,-38.697,-40.523,-7.883,22.823,-2.638,-0.25,-0.081
40.183,17.131,6.283,-8.592,26.137,20.315,-53.309,-0.883,3.121,9.586,-44.25,-8.606
35.441,35.928,-6.945,-73.058,36.729,-12.096,-61.423,56.819,6.413,-3.187,-13.0,-1.084
40.041,52.347,30.322,-33.119,88.155,3.408,-7.82,-95.695,-11.395,20.229,-10.021,5.781
38.402,-62.337,16.663,82.339,59.024,-24.117,2.248,-6.286,16.37,-10.297,-30.817,19.99
29.955,-117.354,17.76,-41.74,13.275,-29.66,-4.367,-7.508,-0.8,16.818,-5.64,-14.653
39.017,-38.608,53.405,-115.612,32.496,34.24,10.383,40.922,8.301,-41.447,-10.397,-5.658
47.176,32.505,65.58,8.385,72.919,14.542,-12.102,-1.846,-2.915,4.471,10.933,-8.838
48.62,22.09,99.891,0.81,60.888,1.853,-21.651,2.155,-2.197,14.139,-5.583,-23.637
47.758,-1.389,40.877,88.124,27.682,-1.381,-24.215,-1.816,7.232,-3.144,-63.057,-44.41
40.382,-3.953,15.704,-59.39,15.771,-18.398,-41.358,18.025,-3.272,2.21,6.341,2.311
41.894,28.944,-6.178,6.304,11.25,-5.692,-42.022,-44.247,12.977,-11.244,-35.062,3.987
41.352,-35.65,17.247,19.041,38.904,33.538,6.274,13.08,13.172,-20.325,-23.23,14.721
36.319,-62.426,5.93,-11.635,26.707,-34.47,-12.131,-25.574,5.172,4.496,-11.266,5.311
36.008,-77.403,26.282,-19.16,26.807,-32.823,-11.355,5.748,15.296,-6.922,0.653,-5.787
36.923,-19.227,6.58,-54.515,42.514,19.855,-26.204,9.746,17.105,-34.035,-7.493,17.192
40.637,44.091,-14.094,6.693,7.104,26.015,-41.81,-46.132,9.481,-15.611,-16.555,6.865
40.563,-41.49,34.33,-47.788,57.834,47.765,2.806,32.005,5.381,-18.064,-39.75,18.303
35.96,-81.611,49.123,-35.878,19.47,-2.504,28.674,35.827,4.284,-14.928,-21.184,16.747
36.799,-68.206,45.065,-31.214,57.142,-10.87,8.202,32.523,26.398,-13.122,-4.369,1.926
36.783,-50.112,30.518,-3.935,41.401,-40.89,9.399,-8.95,18.366,3.323,-11.558,0.406
34.785,-43.299,6.239,6.83,19.001,-61.185,-3.298,-7.65,13.966,8.919,-17.06,-5.566
31.608,-64.79,9.75,-23.229,9.777,-40.614,-7.065,-6.431,-1.454,-0.233,-0.232,-4.12
31.148,-102.771,17.715,-18.892,11.651,-39.575,-28.551,1.297,-11.539,-3.082,6.063,16.294
30.398,-97.136,17.623,-26.553,10.095,-38.466,-11.435,-5.455,-8.134,11.381,6.618,6.203
29.183,-53.21,82.071,-18.77,42.227,-13.009,-31.752,2.084,-14.752,5.958,0.82,0.181
33.729,-19.264,2.774,42.734,6.303,-14.493,-26.24,-24.83,-5.281,1.961,-3.787,-2.778
31.594,-69.034,-25.758,8.593,16.738,-0.044,-8.767,-14.373,-8.602,-32.018,-14.351,3.802
34.417,-31.381,73.728,-131.828,51.327,16.369,1.612,3.318,-9.202,-30.86,-9.126,12.729
38.633,-43.581,-8.997,14.816,34.334,-35.634,-9.603,-3.994,18.078,0.392,-24.598,22.832
38.01,-26.593,7.386,3.408,43.947,-22.429,-3.996,-19.376,20.775,5.2,-9.518,26.049
36.681,19.322,-20.136,14.298,42.37,-6.767,22.729,-32.991,3.117,-53.737,-3.537,10.315
39.561,-9.726,12.896,-12.149,-1.099,42.383,-17.922,6.784,1.326,-20.705,-10.671,-25.046
40.964,37.544,-20.504,-9.6,0.644,16.025,-43.033,-32.742,16.67,-27.346,-30.859,9.185
44.015,-5.785,46.061,-35.15,44.651,46.655,-13.584,12.744,9.852,-25.059,-0.105,-15.188
39.273,27.626,-20.967,-3.36,31.228,-33.34,-16.334,-24.676,-18.172,20.66,-12.807,-1.878
42.59,64.774,15.286,-77.157,18.539,1.314,-30.235,0.149,7.963,-10.093,9.766,0.519
43.395,10.214,36.922,-29.342,50.634,-34.306,-14.687,6.055,16.502,-6.028,-3.452,3.419
44.239,9.473,25.693,19.74,42.028,-12.107,-24.723,11.734,14.696,-2.495,-28.347,-5.443
39.476,1.136,60.483,-72.71,15.468,-5.758,-11.235,-2.303,-4.318,9.001,1.318,3.748
40.514,-10.384,29.336,61.432,33.437,-29.366,-25.667,-23.785,-17.451,-4.561,-33.494,6.138
29.948,-115.672,43.678,8.759,18.986,-30.924,-8.589,0.167,-21.118,-13.343,-2.129,5.45
27.484,-98.257,23.9,1.578,26.095,-33.115,-23.985,5.733,-17.808,-19.947,-5.014,-3.397
25.013,-43.25,-22.812,-42.923,34.376,-50.298,-20.367,21.997,-24.208,-12.007,13.262,7.11
29.445,-10.597,-30.124,-93.514,31.968,-21.408,-22.025,-12.305,-5.691,12.27,-7.157,15.954
34.183,-47.012,-12.532,-33.84,46.101,-21.376,11.618,5.775,10.241,12.391,2.424,18.21
36.858,-1.316,23.596,-46.123,54.631,-38.371,7.515,11.609,43.835,14.325,13.632,22.924
39.097,16.973,30.193,-19.597,48.458,-50.827,7.926,-0.982,32.2,12.932,1.867,26.998
39.003,16.465,32.898,-10.253,49.257,-37.517,-4.483,-6.531,21.19,-1.047,-0.447,23.138
39.055,-11.334,32.606,-26.224,28.017,-37.392,-38.199,14.803,-3.652,-5.396,5.323,11.24
38.655,4.02,58.546,-5.407,26.461,-27.637,-4.949,-1.193,-1.466,3.733,1.051,1.658
38.328,-18.443,48.546,-2.169,23.925,-32.582,-30.003,14.438,-14.435,-14.013,7.064,6.447
37.122,-12.988,4.696,-15.762,4.168,-34.588,-27.904,0.375,-11.808,-10.458,-9.209,14.892
36.924,9.552,11.312,-19.84,0.028,-29.146,-34.349,-15.58,-20.34,-4.554,7.794,10.277
36.427,17.243,17.642,12.783,12.99,-42.283,-40.604,-3.954,-17.619,-0.922,-6.71,16.3
33.937,54.806,61.866,-3.572,10.27,-0.853,-35.61,-16.285,-26.257,-35.628,-6.078,1.949
32.256,60.491,73.852,-3.342,17.417,-26.13,-14.726,0.561,1.05,-13.464,0.809,-4.583
33.261,34.058,67.204,0.66,21.347,-33.942,-24.339,-2.299,-6.952,12.438,4.384,-3.027
33.751,7.795,16.206,-35.597,42.561,-29.74,-35.767,-29.527,25.73,-6.022,6.372,-3.739
35.049,-10.38,29.28,-22.773,40.876,-21.373,-47.163,-26.427,-0.489,7.015,-6.657,-11.473
35.026,1.364,40.636,-7.987,67.348,-30.855,-37.086,-29.256,21.835,-9.674,16.348,6.672
35.503,18.601,48.383,0.437,57.667,-44.073,-46.347,-15.327,9.492,8.894,-11.89,-6.798
33.955,-4.004,44.029,-17.6,55.872,-26.911,-27.418,-7.868,13.649,-7.009,-8.307,-8.573
34.371,-1.693,40.848,-31.162,57.535,-31.085,-34.747,-5.501,15.426,6.473,-6.59,-8.279
34.624,-2.112,40.864,-9.004,59.996,-39.374,-45.385,-14.997,18.733,14.271,-17.287,-1.65
33.857,33.6,28.378,-26.073,46.106,-25.847,-40.894,-21.523,15.8,13.828,-3.555,-5.507
33.439,0.157,47.329,-4.868,51.698,-26.733,-44.593,2.845,24.759,1.932,-0.675,-19.346
32.352,5.22,47.535,-24.177,64.149,-24.051,-44.642,-6.594,23.067,13.685,-9.366,-17.54
32.588,29.709,48.702,-0.712,52.765,-27.613,-47.684,-0.674,16.955,-0.786,-5.412,-26.024
32.666,-22.37,34.206,-34.665,45.433,-23.716,-58.497,-24.561,4.334,6.924,2.157,-5.13
34.264,-45.163,40.033,-12.344,66.177,-24.883,-54.228,-6.395,6.5,5.716,0.977,2.227
34.807,-51.226,28.728,-12.682,62.856,-14.754,-50.136,-14.229,26.036,-11.96,10.431,-1.212
35.302,-16.477,28.315,-20.199,63.508,-24.731,-54.588,-14.381,6.113,-2.785,1.765,16.219
34.468,-32.041,11.851,-19.422,48.853,-26.55,-64.881,-13.557,-5.413,-0.391,-4.528,16.153
33.124,-21.355,20.48,-33.395,55.759,-15.738,-53.455,-17.228,4.839,-5.985,-7.912,-7.028
33.662,-19.178,10.721,-44.697,43.923,-32.209,-40.093,3.552,27.175,-3.04,2.483,-3.079
33.39,-12.631,26.463,-4.025,64.655,-38.509,-28.495,-21.97,14.349,3.524,-2.965,5.266
33.418,-20.103,16.05,-18.814,42.503,-42.447,-39.115,-17.682,-0.925,3.058,-6.442,-5.348
34.051,-43.613,-15.399,-29.941,10.841,-29.216,-41.414,-17.738,-5.404,0.387,-15.169,-11.874
34.774,-41.788,-22.271,-36.913,26.212,-42.733,-28.196,-31.221,25.602,8.763,3.018,-6.232
35.647,-52.567,-4.622,-22.592,44.604,-40.2,-41.552,-12.952,16.603,6.246,-1.037,-10.302
34.011,-37.539,-17.513,-29.78,31.248,-35.841,-37.721,-2.245,18.985,-2.519,6.954,-7.423
33.843,-54.546,3.637,-24.141,41.697,-37.203,-49.611,10.517,11.538,0.729,-5.655,-13.429
32.017,-20.469,-36.345,-35.966,6.654,-28.689,-50.559,-28.003,-1.701,-1.485,-18.328,0.871
31.138,-16.676,-15.72,-57.332,5.342,-30.296,-39.159,5.243,-2.488,-7.587,-1.018,-5.467
33.488,-38.093,14.001,-31.701,17.674,-24.199,-37.351,-22.355,-3.192,0.622,-4.832,3.331
35.1,-48.043,27.717,-12.262,33.036,-29.969,-30.453,4.156,4.24,5.348,4.125,17.727
35.488,-1.622,14.249,-26.626,53.772,-36.371,-46.564,-6.697,10.997,0.641,-2.797,20.52
36.087,-29.779,33.087,-29.03,68.724,-24.068,-34.56,-34.346,16.399,5.877,-4.741,6.237
36.338,-66.415,63.68,-15.074,83.626,-36.69,-11.929,3.585,23.549,-4.62,3.154,2.911
36.325,-55.877,35.238,-11.78,78.636,-27.949,-37.034,12.981,23.602,-23.031,7.353,14.03
33.534,-46.72,26.819,-22.442,47.083,-32.612,-46.967,-6.942,0.279,-4.989,-3.153,18.822
34.222,-11.79,7.861,-40.441,53.954,-21.352,-46.851,-15.82,13.485,0.773,4.434,0.717
34.876,-27.502,10.17,-37.173,64.945,-28.376,-41.255,-13.831,29.201,-6.273,-2.658,4.689
35.715,-52.14,29.722,-27.232,82.98,-30.832,-37.404,-24.571,34.094,5.473,-2.656,-7.818
36.884,-76.711,41.505,-38.98,79.682,-27.783,-36.248,10.862,35.861,-10.175,-3.016,-11.678
36.298,-44.893,13.498,0.703,58.217,-43.43,-54.173,14.356,23.238,8.952,-12.735,-6.255
34.08,-31.821,1.331,-69.908,43.667,-35.33,-38.822,5.347,18.381,5.465,-1.918,-5.168
35.493,-21.606,-12.465,-38.42,24.145,-25.628,-35.235,-9.591,14.699,2.375,-4.325,-8.679
35.5,-23.648,-31.391,-45.804,31.977,-29.994,-42.681,-27.054,24.948,1.364,-0.111,4.235
34.689,-20.521,-10.541,-21.398,27.776,-27.409,-51.048,17.005,18.109,-15.059,-8.468,-10.941
31.886,34.396,-25.213,-45.779,20.356,-40.413,-68.539,-15.482,4.489,4.955,2.918,10.618
32.532,50.44,-21.917,-32.101,18.755,-27.152,-68.389,-18.569,5.505,-5.373,-7.726,-1.086
32.785,1.506,18.038,-25.818,4.629,-26.687,-35.397,-40.398,5.159,9.658,-0.212,-12.064
34.232,-88.026,56.478,-16.428,44.758,-36.222,-22.362,-16.882,8.448,7.169,-0.622,-1.884
35.41,-77.145,54.557,-2.382,39.218,-46.501,-53.643,-1.365,6.803,-2.644,1.456,-9.244
34.899,-81.306,70.551,2.092,69.163,-38.085,-19.723,-23.4,12.975,6.843,11.248,-5.06
37.126,-88.026,86.394,-20.503,66.86,-37.237,-11.875,1.704,5.054,16.044,2.763,-3.659
37.114,-80.819,30.182,-42.903,70.834,-28.865,-73.417,-6.476,3.194,-0.182,5.921,4.554
37.459,-91.216,41.415,-31.805,33.266,-24.463,-39.342,3.238,-2.714,-0.549,3.549,-10.092
33.899,-91.402,5.658,54.266,35.316,-23.006,-48.76,3.279,-12.411,-13.937,-35.19,7.58
27.031,-173.959,27.134,-61.886,47.072,-37.792,13.416,-19.229,0.497,11.072,-2.85,-16.523
30.293,-187.292,13.833,-23.464,42.989,-37.187,-16.336,10.244,10.311,-6.429,-8.258,-7.895
27.969,-157.323,-5.827,0.32,37.552,-34.066,-19.13,0.295,16.198,-12.603,-6.841,-17.888
26.938,-144.558,29.54,-47.775,20.237,-34.416,1.21,7.092,-21.705,-6.976,6.395,2.92
28.094,-161.734,0.122,-37.78,27.365,-32.661,-4.516,-4.422,-13.14,6.046,2.369,10.812
29.557,-154.926,8.813,-32.632,27.228,-42.56,-6.883,-1.578,5.962,-4.42,4.316,8.013
30.895,-157.603,9.986,-27.486,27.1,-41.23,-11.271,6.051,-0.302,0.44,8.061,9.874
31.387,-117.794,19.107,-20.156,19.241,-41.56,-7.994,-3.974,-3.13,-2.44,6.639,13.303
31.093,-123.869,5.822,-1.329,6.307,-35.378,-0.303,-2.003,-4.602,-20.292,1.777,25.677
29.084,-147.289,1.885,-11.277,10.511,-26.882,5.05,8.257,-9.094,-20.297,-8.878,30.487
25.464,-77.368,-0.687,-51.979,-8.559,-30.164,-16.524,0.747,-0.93,-5.055,2.68,1.041
28.356,-0.051,13.536,-22.431,-4.409,-31.931,-7.585,-8.273,11.293,5.49,5.56,7.918
29.136,-30.247,9.058,-28.599,8.375,-33.149,-23.499,-0.188,7.259,4.931,1.54,19.942
31.735,-18.854,19.531,-44.047,13.07,-14.846,-23.972,-6.251,2.387,-12.948,2.335,13.652
33.999,-7.79,2.881,-45.052,-2.882,-29.367,-7.82,-4.887,4.955,8.937,-4.905,-6.026
35.219,-37.473,-8.481,-14.268,-12.372,-29.276,0.087,-11.431,-6.895,-1.992,-9.997,11.531
33.967,-32.614,-1.431,-14.445,-4.972,-37.034,-8.226,-18.202,-8.792,13.682,-2.171,-5.532
34.011,-68.561,8.074,-9.959,1.954,-30.529,3.825,-9.285,8.673,-0.65,-3.597,-3.126
34.292,-86.155,21.927,-40.32,17.051,-52.533,-6.569,-16.033,-10.35,11.776,2.931,13.494
36.512,-89.738,-2.304,-11.413,19.238,-30.828,-9.957,-9.648,9.685,8.758,-10.773,-6.503
34.978,-39.22,13.706,-48.771,6.061,-36.444,-2.7,9.891,9.223,-7.351,11.751,-1.816
37.525,-40.5,4.506,-5.869,-16.526,-31.923,-22.052,-10.682,-20.406,-8.452,-1.088,-0.598
35.8,-64.398,3.1,-6.551,-11.907,-31.39,-3.405,-5.693,-13.316,-13.536,4.335,11.136
34.169,-106.217,5.619,-6.743,14.857,-29.787,-4.377,14.369,-13.172,1.883,-5.102,20.929
33.13,-71.43,31.069,-36.605,13.66,-22.657,-3.6,2.592,0.052,-11.092,2.42,-4.76
33.542,-80.4,29.022,-5.475,46.537,-46.168,-26.394,-3.115,16.335,6.002,-3.53,-10.111
33.96,-73.202,31.419,-20.616,7.797,-24.775,-6.793,-4.626,-4.628,-2.62,7.039,-9.255
34.617,-78.051,23.487,-6.756,2.412,-34.803,6.241,13.159,-7.143,-1.682,2.178,-2.452
34.767,-97.958,43.851,-11.69,24.933,-29.094,-3.615,17.627,-12.337,-1.407,1.566,0.337
32.745,-86.681,-7.395,18.895,4.525,-34.377,-13.947,-4.314,-14.095,-8.137,-9.902,12.943
29.439,-98.704,3.735,-54.291,-3.959,-27.115,-11.755,8.609,-8.286,-10.742,0.223,3.662
31.744,-49.964,17.656,-48.206,-9.361,-32.419,-12.89,9.299,-5.326,-6.266,9.638,9.779
34.901,-17.721,3.739,-38.872,-28.217,-27.583,-12.391,-15.186,-23.32,-19.707,2.034,10.765
36.76,-4.497,7.237,-25.243,-22.864,-16.41,22.414,-2.673,-0.282,-11.487,-7.516,-5.034
36.797,-1.973,12.147,-23.048,-23.638,-27.055,0.721,-2.677,-4.236,1.508,-13.819,-2.67
36.614,-23.774,10.283,-39.899,-11.398,-24.455,-16.688,-22.774,-0.38,7.294,-5.29,-0.499
38.691,-14.402,8.336,-20.274,-8.029,-26.517,-17.825,-10.876,0.915,-2.849,-6.257,-3.05
38.268,-29.26,24.373,-32.752,-8.604,-41.05,-2.797,17.481,-1.194,5.154,3.166,-3.334
39.662,-15.118,23.188,-31.931,-10.907,-34.139,-18.779,-9.885,-8.261,-3.516,2.374,-5.568
41.112,23.292,14.424,19.681,17.748,-30.639,-37.045,-17.148,1.189,8.968,-12.49,2.869
40.697,-7.363,42.543,-30.168,3.655,-32.211,-22.86,6.782,4.002,7.661,-3.339,-11.425
41.634,-2.91,41.068,-24.088,6.301,-28.961,-31.525,-4.944,-1.305,11.279,-1.05,-14.842
40.53,15.199,16.45,9.71,1.997,-32.62,-42.5,7.042,11.987,-5.758,-15.097,-22.07
37.199,1.266,36.106,-14.789,-4.606,-28.54,-7.318,-6.861,-2.834,-5.431,-3.108,-0.134
39.335,-9.431,40.742,-15.278,24.704,-24.591,-28.394,4.4,-0.516,7.055,6.539,9.938
39.308,-26.878,32.19,-27.42,21.14,-22.201,-44.738,-20.927,-1.289,15.42,-9.201,-24.119
38.568,-25.351,18.127,-0.55,14.297,-31.85,-31.464,-2.308,1.339,-10.465,-3.276,-12.947
35.608,-27.645,35.981,-15.263,29.865,-18.787,-43.693,2.135,3.763,-16.685,3.384,-6.216
34.539,-11.99,25.099,-9.311,25.296,-30.527,-40.86,-0.33,-0.051,1.2,2.644,-3.913
34.14,-23.298,14.382,-8.623,2.653,-21.835,-35.813,-23.414,-0.074,-11.505,6.608,3.46
31.326,-35.985,12.567,-5.592,41.808,-22.25,-49.757,-7.805,7.643,-3.422,4.24,-3.934
31.172,-45.57,1.125,-31.283,21.879,-28.849,-35.913,-1.771,1.728,0.494,-14.062,4.664
32.211,-38.707,-12.305,-13.786,-6.063,-26.63,-16.012,-29.047,10.279,4.371,2.224,7.414
31.085,-40.136,-5.61,-27.139,3.434,-40.574,-6.837,2.891,10.987,-10.1,0.504,3.792
30.869,-53.59,31.571,-9.777,45.332,-34.1,-59.653,-4.286,6.49,0.056,2.249,-8.712
30.103,-36.158,35.017,-12.731,44.62,-45.015,-42.733,-10.138,0.022,8.942,5.075,-9.544
30.755,-43.696,50.548,-6.327,61.327,-38.491,-52.372,0.096,-8.553,4.478,3.617,-7.52
29.56,-57.332,39.075,-24.451,37.967,-34.805,-29.068,-25.038,-0.427,12.225,-8.282,-9.241
28.426,-31.413,32.984,5.064,57.92,-10.35,-52.382,-2.751,19.935,-30.966,-8.361,-3.526
25.969,-29.8,58.467,14.635,59.887,-25.51,-47.804,-3.276,19.227,8.48,-12.77,-12.827
22.45,-69.079,63.952,11.078,79.722,-39.079,-30.702,8.197,22.966,17.516,-4.532,-5.738
19.992,-1.727,54.256,-19.044,53.411,-31.54,-30.648,-10.232,-7.582,0.476,8.517,18.864
20.678,18.094,70.656,4.906,45.222,-23.756,-17.721,-11.484,-8.678,-9.138,-1.157,12.02
20.87,-1.857,38.278,-20.845,26.733,-32.047,-13.119,-17.0,0.187,26.552,-10.987,-18.362
22.651,-37.316,29.992,-26.173,24.594,-30.727,0.46,-10.806,7.937,9.82,-9.861,-6.145
23.601,-35.032,-3.485,-22.835,6.124,-35.066,0.723,-16.076,16.13,18.691,-1.194,-2.755
24.584,-82.951,-3.479,-57.414,5.576,-30.09,-1.804,2.76,-0.022,18.116,1.381,-0.936
27.095,-87.07,-3.57,-31.166,-4.831,-37.487,-6.331,0.578,-9.206,-1.331,2.199,9.558
27.477,-90.097,7.345,-29.413,-18.808,-29.584,0.055,-3.88,-19.471,-3.672,-1.327,3.31
27.673,-79.863,-2.607,-34.457,-18.034,-35.577,-0.261,-1.406,-18.981,-1.936,2.887,2.637
28.805,-82.765,36.45,-20.508,-12.247,-18.402,43.587,7.872,-7.418,-14.346,-6.014,5.768
31.452,-52.024,49.142,-19.665,4.054,-36.717,52.634,-11.22,3.395,-7.999,-12.924,23.943
31.715,-11.312,32.557,-24.691,24.233,-41.301,34.1,8.79,6.889,-0.943,-5.681,12.045
32.85,33.002,53.781,5.137,-2.967,-36.059,36.622,8.671,-17.087,-0.919,-9.101,-12.53
35.146,34.878,91.402,-7.132,32.168,-23.103,35.004,14.366,-13.068,8.364,-5.478,-10.319
36.307,52.004,90.36,40.893,37.11,-35.084,-18.252,-4.064,-19.594,-0.911,10.802,-8.92
34.05,71.88,118.883,17.094,21.363,-28.136,-12.815,-1.421,-27.762,-7.306,-16.694,-13.426
35.174,24.48,99.141,19.794,25.07,-17.303,-18.455,9.582,-20.79,-7.39,-3.146,-14.317
34.907,9.791,82.579,1.23,5.639,-21.266,-27.287,1.593,-38.207,-6.938,-4.979,-27.184
36.172,17.314,83.238,7.762,-3.593,-34.672,-14.003,-1.67,-34.75,14.412,2.941,-22.68
36.173,6.991,56.794,26.866,-22.992,-22.569,-22.157,-10.869,-40.619,-14.002,4.795,-22.305
35.945,-0.984,79.785,-1.945,-1.436,-21.369,-2.714,0.548,-20.588,-12.749,-7.791,-23.996
36.454,-4.107,63.884,19.09,18.529,-30.472,-13.67,6.615,-8.361,-15.384,-21.963,-16.46
36.325,8.075,64.37,30.861,12.919,-29.379,-22.891,10.697,-17.477,-4.422,-6.079,-22.834
34.857,-9.321,60.722,-14.941,9.748,-12.155,-21.268,-0.774,-24.637,10.958,-24.156,-19.71
35.465,-13.826,39.059,8.829,-20.508,-7.979,-13.097,0.762,-27.956,-1.485,-6.887,-32.65
31.523,-24.565,25.032,46.347,-7.28,-23.891,-22.364,16.235,-17.705,-20.485,-35.99,-21.979
21.665,-81.105,24.751,-47.007,21.665,-18.0,-7.052,-15.383,-18.896,7.171,-2.656,-18.315
26.307,-74.064,55.952,-40.189,36.507,-23.987,1.838,18.473,14.701,-1.868,10.702,-10.661
30.161,-63.915,64.687,-40.997,30.414,-25.836,23.648,-15.605,3.942,-5.411,-3.899,10.273
32.679,-47.247,61.336,-17.846,20.39,-33.73,-7.181,-4.644,-6.151,2.034,-8.759,-8.017
35.212,-60.924,48.16,-33.217,14.957,-17.72,-13.037,1.242,-11.404,9.498,-0.884,-3.524
38.686,-48.885,68.412,-1.98,47.006,-32.536,-27.789,4.071,-6.707,18.623,8.614,7.538
38.645,-79.313,9.975,6.955,4.757,-60.661,5.864,21.327,11.562,14.094,-5.269,-5.629
37.585,-40.96,31.36,-3.701,5.616,-39.232,-11.579,-2.286,-6.191,7.83,-2.098,-9.256
35.613,-50.254,32.912,29.378,19.959,-24.454,-3.461,-9.644,-2.581,6.476,-26.292,0.999
34.309,-75.626,28.992,-30.467,-11.664,-21.671,12.193,10.547,-14.774,-1.972,-5.967,14.258
34.803,-72.831,43.437,-9.351,-5.427,-37.354,-7.151,9.104,-28.661,-16.036,18.594,20.818
34.986,-50.751,42.959,3.018,24.233,-22.657,-16.282,3.825,-20.095,-15.107,-5.822,19.919
35.038,-39.775,57.185,-18.453,17.127,-27.366,-31.433,1.784,-15.613,-12.614,5.775,2.304
35.756,-50.316,74.575,0.028,29.091,-28.125,-7.709,-9.203,-11.489,7.127,-6.375,12.682
35.141,-83.228,78.332,-6.043,42.379,-30.694,-0.594,4.326,-1.363,-5.274,9.375,7.841
35.05,-113.834,42.124,-2.454,42.764,-20.882,-31.501,-10.464,-9.123,-1.83,-8.611,19.343
30.112,-110.79,41.114,5.758,34.627,-26.276,-24.122,7.99,-8.808,4.481,-5.95,3.671
29.019,-74.453,52.644,-60.691,17.844,-23.739,-0.819,7.335,1.502,-5.087,6.661,6.19
33.023,-31.764,42.807,-23.944,27.673,-35.87,-1.959,-2.781,2.642,-4.482,-0.637,9.281
34.763,-76.843,61.631,-27.49,16.747,-40.744,32.152,1.139,0.599,22.323,-8.166,-1.373
37.227,-72.597,92.44,-5.009,47.323,-37.674,25.44,1.157,10.269,4.338,6.621,2.612
38.108,-76.915,56.137,9.675,42.525,-35.068,9.758,5.819,5.555,5.11,-17.496,12.077
36.097,-53.637,32.437,-19.441,14.914,-38.819,-1.432,2.116,0.265,3.352,3.558,-0.013
35.68,-38.681,17.081,24.337,19.436,-42.134,1.316,-13.695,18.601,-5.711,-16.988,-2.931
33.814,-82.318,1.123,-29.642,-15.079,-41.348,25.947,15.714,7.983,6.273,2.734,-5.843
35.583,-51.559,38.168,-35.632,13.417,-31.904,9.112,8.317,0.315,-6.967,7.75,7.567
37.573,-42.15,63.482,-11.314,24.878,-31.821,8.267,6.302,-10.308,-0.614,7.759,29.135
39.176,1.962,65.375,-14.244,31.64,-31.005,25.776,2.979,3.264,-14.517,3.306,34.531
38.645,-0.461,103.577,26.907,20.853,-18.708,38.676,11.9,-23.158,-23.391,-10.194,47.658
37.29,-10.235,78.933,4.608,-8.977,-32.807,41.288,1.229,-51.388,-10.546,-4.904,22.758
38.244,-4.991,72.319,20.299,-4.913,-26.303,18.454,26.012,-49.029,-17.94,-15.001,49.566
36.71,-8.612,84.68,30.176,3.651,-33.563,14.985,15.277,-46.309,-11.909,3.968,49.22
34.725,8.021,124.986,15.008,29.646,-28.902,37.87,21.24,-21.982,-14.736,1.844,42.185
32.294,-27.666,96.273,12.445,0.524,-20.827,41.948,2.88,-49.551,-13.219,0.553,31.966
31.758,-84.659,76.009,-15.747,34.383,-36.141,22.444,8.863,9.782,3.714,7.556,8.332
35.291,-69.405,72.607,-26.001,16.014,-25.503,23.36,-2.785,6.735,5.631,3.708,-0.912
38.77,-75.188,55.763,-11.286,23.525,-16.207,-3.892,8.008,-0.436,2.34,-10.562,-3.972
37.069,-70.269,38.973,-7.091,-5.559,-29.037,-0.708,7.814,-9.015,-8.819,-13.268,0.205
37.114,-87.646,46.391,-10.129,17.045,-23.341,6.76,8.038,-5.865,-7.162,2.692,13.414
38.672,-64.39,57.054,-15.444,28.559,-23.483,-10.072,8.371,-9.029,-8.705,5.275,17.007
39.045,-72.02,51.933,-7.473,23.711,-37.164,6.024,5.287,-4.052,-15.148,-6.586,14.002
38.513,-94.848,32.858,-24.989,38.601,-35.427,-1.261,-2.632,9.142,0.206,1.631,8.503
39.863,-70.915,39.853,-13.536,28.473,-24.833,-10.1,-6.072,-0.944,-0.76,-4.524,-3.542
41.212,-69.539,35.144,-31.771,27.95,-36.196,-7.44,14.234,19.721,2.351,5.028,-22.987
43.047,-27.439,39.869,-31.052,47.457,-23.423,-7.809,14.975,20.084,2.361,7.307,-14.151
44.608,43.734,53.674,-19.279,36.118,-19.591,3.092,-9.383,0.016,0.894,4.463,5.668
46.407,26.559,69.47,3.936,22.081,-44.042,21.082,-6.105,-6.854,8.533,-11.968,13.142
45.346,-6.474,76.504,16.408,29.705,-36.798,5.774,1.505,-20.926,-0.717,-0.107,16.974
41.808,-15.76,62.811,4.812,39.45,-21.776,-7.907,-3.562,-8.346,-18.102,-8.807,2.893
39.241,-12.778,33.652,-8.703,14.644,-21.798,-29.943,-10.875,5.185,-11.215,6.403,1.232
40.952,7.292,73.682,-65.594,30.285,-24.644,-27.669,25.265,3.509,-0.402,10.712,-14.471
44.482,38.913,61.644,-22.445,37.577,-24.711,-11.207,8.308,21.057,-4.245,8.564,-0.789
45.215,40.47,70.31,20.345,21.129,-37.551,-14.476,-12.698,-7.856,0.898,-9.469,16.694
43.655,50.661,44.863,-5.37,18.703,-10.181,-11.048,-22.114,-13.428,-0.367,-7.029,8.675
41.343,9.173,49.392,42.448,13.617,-31.737,-4.732,6.872,-11.807,-7.214,-13.553,16.605
40.872,5.007,53.095,-63.296,16.472,8.933,12.528,-22.614,-5.443,24.721,-4.981,6.354
42.867,4.92,42.698,6.787,13.92,-41.024,-10.053,-7.487,0.233,2.202,3.489,1.139
42.617,0.495,48.777,-42.106,14.513,-11.815,-12.404,12.289,-7.051,7.857,-10.67,6.101
43.997,11.287,55.025,-34.599,15.745,-5.262,6.746,15.051,1.101,4.831,1.068,10.535
45.528,25.73,60.153,-70.748,19.798,-23.884,2.554,17.215,-4.719,4.516,8.496,12.755
49.482,51.718,63.534,3.407,32.353,-9.309,-5.472,-0.603,-19.462,-4.975,0.046,2.053
48.641,41.326,85.452,54.589,44.109,3.925,31.079,41.981,-18.924,5.281,-3.506,26.36
48.456,48.897,66.431,30.017,50.12,7.173,-4.431,11.561,2.028,-9.073,-1.723,9.807
47.177,30.786,59.828,-7.959,69.028,8.601,-32.102,9.714,6.469,5.874,-1.632,-12.187
47.656,31.142,89.836,-12.815,56.228,-15.033,-33.304,2.927,0.67,-1.517,-14.059,-49.812
48.54,37.068,82.581,-3.69,55.063,-30.537,-32.576,-3.207,-4.776,2.426,-14.014,-52.325
46.542,43.35,42.11,-10.019,37.461,-30.583,-53.768,6.897,17.305,-4.224,-13.466,-31.809
44.731,45.484,20.824,1.279,4.415,-42.307,-56.264,7.323,2.36,0.084,-2.766,13.627
42.631,67.113,47.288,-14.923,9.579,-20.691,-22.05,9.565,0.819,0.966,19.374,23.14
44.708,55.045,104.966,-38.123,21.536,7.104,10.601,-7.074,-20.004,8.899,-29.478,5.603
44.857,35.228,22.706,-2.011,10.653,-22.545,-24.767,-1.944,-0.205,3.387,2.546,9.907
46.838,53.523,84.006,-31.599,54.567,10.224,1.79,0.57,-9.457,0.515,-25.232,12.78
46.07,42.942,75.862,40.02,77.246,-24.954,-9.41,-21.431,-5.934,2.426,-2.453,23.684
45.964,84.167,39.889,-5.846,65.723,-20.776,-14.83,-1.927,-16.195,1.803,-5.278,12.324
46.191,62.773,29.688,-18.944,56.725,-12.649,-40.74,-33.765,-15.446,9.022,-14.08,-13.055
42.845,10.359,26.711,-23.374,41.067,-27.338,-19.972,-13.296,5.747,12.384,7.432,13.979
44.779,99.77,29.562,24.439,65.808,-31.859,16.997,-10.191,2.923,-17.573,-8.498,-16.688
42.895,36.423,68.661,-41.632,13.627,-37.164,13.483,18.239,-17.911,0.182,-5.497,16.503
48.482,48.026,62.478,11.132,32.1,5.513,17.496,12.156,-22.173,3.685,-9.058,4.284
46.193,102.23,63.679,-81.37,32.285,-33.555,-0.728,46.895,1.091,-5.366,13.073,9.775
51.468,87.44,81.071,20.4,6.318,-17.237,-29.327,16.321,-11.634,-12.894,9.558,-27.169
48.814,44.63,85.212,45.349,37.447,-32.713,-21.657,18.856,4.422,2.737,-16.389,-32.619
47.612,51.499,85.921,33.793,50.174,-12.927,13.785,27.358,-7.103,-11.869,-9.141,1.657
47.904,24.842,91.592,-9.698,76.471,21.93,20.515,3.617,25.091,18.679,-15.424,-2.663
48.336,26.546,122.723,39.642,69.11,-33.41,34.104,1.509,16.064,10.605,-6.271,16.485
46.657,19.101,99.465,30.009,75.668,-37.057,9.782,12.396,26.4,-0.916,-14.069,19.805
46.261,31.291,82.424,5.512,62.956,-45.778,22.614,3.695,15.028,8.087,-8.293,8.709
44.886,33.478,51.88,48.621,40.172,-40.43,-4.335,13.176,-6.102,0.654,-15.118,3.276
42.428,120.838,5.39,-39.695,96.619,-32.541,-11.995,17.594,-17.721,-52.224,15.561,-7.666
46.124,91.135,58.902,-54.927,93.523,-9.172,16.142,-45.885,-43.151,18.817,-30.72,5.248
49.159,3.572,108.391,27.48,56.089,-37.512,16.158,-7.481,-9.253,-2.636,1.392,7.836
48.511,34.151,97.306,23.963,49.644,-33.783,44.124,11.235,16.61,-12.073,0.571,16.414
47.34,24.518,70.411,66.394,66.324,-35.049,0.804,-7.027,-1.157,-16.604,-18.294,35.412
46.022,28.783,47.878,-12.812,52.236,6.469,-25.974,33.848,-3.424,-22.269,7.783,6.665
47.472,-15.333,80.775,5.782,58.566,-25.637,-3.446,26.983,-19.496,23.896,-7.93,5.401
45.668,51.199,57.82,-31.165,28.306,-36.145,-28.96,29.803,-2.218,-3.844,11.94,4.512
48.103,44.85,83.493,-24.287,26.328,-11.271,-1.001,-20.194,-22.383,6.722,-19.258,9.51
48.223,56.834,118.163,12.308,48.587,-12.923,12.591,-13.463,-3.25,6.021,-11.46,-12.91
50.983,60.873,99.947,15.045,60.725,-14.769,2.201,13.512,23.576,-23.903,2.68,-43.223
49.67,49.58,99.417,57.251,37.632,-16.152,18.549,-12.216,1.147,9.707,-38.533,-25.932
46.066,39.749,34.207,16.284,20.672,0.619,-28.278,-4.638,0.889,-42.982,-10.903,2.092
47.566,-4.992,71.632,2.828,67.838,-4.699,17.8,15.286,18.294,-15.457,1.757,11.051
46.578,22.228,72.723,15.527,64.624,-32.041,18.639,-3.165,-1.426,-7.115,-4.171,16.774
44.122,-12.539,29.908,49.636,44.307,-32.998,-4.384,2.126,-3.667,-3.864,-22.067,5.408
42.589,-32.213,0.461,-9.11,46.349,16.481,-0.873,0.676,-12.193,-26.054,-12.242,6.837
42.427,-1.65,3.768,-9.89,21.028,24.73,-34.098,-6.742,-15.58,-37.994,-7.994,-1.673
44.615,-12.334,27.675,7.83,71.816,31.971,-5.027,21.262,25.447,-5.546,-13.022,-8.391
40.233,-30.364,72.409,-97.822,25.96,-17.998,17.591,22.369,-0.171,7.14,-6.645,5.398
40.34,-9.008,12.326,34.757,21.861,-19.31,-39.892,-19.005,0.316,-8.227,-37.476,-9.744
40.231,-57.744,48.075,-61.556,57.334,20.915,17.162,40.712,18.99,25.796,-12.17,9.209
42.218,-14.031,52.284,0.538,58.393,-43.504,13.522,-3.435,24.609,8.034,2.001,8.469
40.532,-40.147,7.907,44.384,46.637,-32.602,-18.472,0.388,13.823,-10.313,-29.362,-0.57
35.698,-56.935,9.437,-31.183,28.134,-24.896,-26.437,-4.462,7.45,16.964,0.211,-18.476
35.9,-95.29,-6.064,-9.686,19.923,-38.324,-22.447,-9.412,9.894,3.404,-9.464,-5.801
42.367,-21.378,22.519,-15.362,43.745,47.162,13.225,-11.638,7.211,-19.069,3.708,6.404
45.099,-23.271,-1.531,-26.716,37.271,16.191,-18.892,-0.524,12.755,-6.919,-9.356,22.17
44.966,20.419,7.137,-19.142,31.201,-24.832,22.523,-15.727,-7.777,-36.186,4.368,19.125
48.625,11.571,21.2,-30.362,52.141,-38.641,-35.452,-13.444,30.859,1.017,12.442,8.467
48.136,22.292,10.261,18.891,67.901,-26.989,-33.429,-14.995,32.813,-5.771,-20.25,25.432
47.948,19.468,14.996,30.428,61.355,-25.738,-14.355,-13.826,12.74,-12.084,-24.379,19.124
46.59,30.279,41.124,2.141,16.572,-2.916,-50.49,-2.909,-0.129,-0.03,12.172,-21.338
46.55,9.955,19.104,-17.724,32.113,-26.22,-34.602,-12.373,14.151,-7.481,-13.238,0.186
50.001,8.12,61.105,26.682,48.633,-3.982,-29.21,-4.522,-7.323,-17.453,19.154,-13.455
48.511,0.727,96.241,-2.719,30.012,-18.946,-13.233,-1.472,-13.588,-9.202,-4.424,-22.504
45.899,57.558,19.529,-23.617,47.725,-25.664,-30.537,-32.966,-26.172,1.094,6.715,4.119
49.505,51.845,75.977,-20.458,61.581,-12.68,4.492,-1.466,-0.157,25.581,-13.536,21.202
48.701,66.679,63.121,37.269,35.063,-26.537,7.511,-9.774,1.004,4.223,-21.979,15.177
44.363,-10.176,27.026,2.95,29.443,-42.847,-29.706,9.536,-14.289,5.501,8.29,10.402
46.582,28.061,107.357,-44.915,47.464,-17.535,-13.636,11.607,4.787,3.868,-4.084,-9.679
48.293,0.212,119.161,24.0,21.771,-24.767,28.535,21.202,-29.813,-10.633,1.069,-2.651
47.412,38.456,83.095,24.161,21.377,-52.14,-7.344,5.667,-21.228,-6.165,1.657,-4.731
46.706,37.453,61.994,1.536,17.242,-31.811,-37.294,7.955,-9.619,10.264,-11.471,-16.492
46.063,37.131,6.99,-11.132,7.695,-54.662,-44.407,-17.024,-3.793,14.006,-1.699,10.504
47.381,16.553,10.35,-34.433,36.065,-13.136,-32.81,-5.4,8.459,8.599,-11.693,13.615
49.56,35.134,48.779,-70.527,54.779,-25.738,-18.743,3.389,17.836,3.085,-4.423,9.633
51.828,33.889,9.582,0.402,46.084,-41.224,-3.25,7.665,33.505,6.525,-8.377,27.591
49.847,43.152,51.979,-17.953,69.322,-39.462,-11.075,2.22,46.415,4.93,-0.918,17.795
49.688,48.19,86.774,8.827,74.692,-54.867,-1.252,9.171,27.556,10.175,-6.853,31.242
48.468,40.181,46.085,38.922,73.801,-26.066,-11.712,-15.355,16.74,14.908,-29.13,42.36
40.882,-70.213,28.687,-38.257,46.906,-18.752,-11.897,-22.693,16.952,15.369,-10.297,-4.224
41.012,-67.75,11.088,-8.184,26.327,-34.037,-16.307,16.44,4.662,-13.806,2.316,11.594
40.363,10.869,11.092,-63.364,21.556,-41.749,-24.402,-9.702,3.635,8.024,2.106,0.618
44.265,21.616,1.635,-45.936,31.872,-33.321,-9.293,-3.672,18.401,2.575,-8.49,3.504
42.692,-12.489,7.106,-1.816,31.08,-38.879,-15.221,11.01,-4.343,-2.857,-9.105,16.16
40.736,83.614,-0.263,-24.044,10.704,-37.514,-26.801,-13.902,6.575,8.263,-1.099,2.015
41.824,66.137,-24.855,-54.467,0.855,-29.576,-29.093,8.748,3.17,6.139,-11.106,12.247
44.099,63.214,49.659,-96.694,5.771,-1.69,4.958,-26.956,-22.272,18.162,2.216,12.61
47.182,17.818,59.628,28.817,27.222,-18.957,-21.824,1.548,-15.964,-2.57,-17.07,8.141
46.053,48.06,93.032,-15.347,19.76,1.05,-5.007,20.142,-4.555,-1.931,-1.367,-24.854
42.481,-4.842,58.84,-16.068,23.157,-38.061,20.215,17.818,-2.214,11.306,2.827,-11.368
45.873,33.874,80.137,-45.841,4.731,-8.141,4.407,18.289,-16.478,-4.623,-12.338,-15.39
46.634,36.436,65.921,24.325,26.075,-10.938,-21.674,7.613,-33.455,0.745,-39.178,-20.731
43.858,39.82,37.475,-17.301,11.933,8.836,-9.842,-3.215,4.801,-10.807,-6.012,4.071
43.93,45.115,48.324,-53.856,18.617,-6.124,5.463,-29.58,-0.932,-8.562,-14.234,-2.316
43.429,41.446,9.213,4.191,30.165,6.6,-7.932,-20.127,-1.412,-2.005,-29.403,11.433
35.914,-10.909,74.722,3.923,50.902,-32.677,13.199,-27.485,-22.25,12.057,-10.472,18.227
34.288,-83.652,57.266,3.915,63.283,-23.72,-35.671,3.538,-11.205,-5.992,0.805,19.314
32.766,-89.752,70.478,-1.038,54.573,-15.435,-26.852,3.392,-28.691,-5.12,4.541,36.408
31.089,-63.572,48.681,4.495,42.544,-16.191,-32.018,20.738,-4.735,-14.976,7.276,28.591
28.126,-54.839,14.091,-41.962,25.862,-30.113,-31.898,0.82,2.265,0.363,9.2,30.215
28.981,-62.321,28.782,4.061,41.568,-38.842,-54.665,-5.866,-7.312,-11.293,4.255,10.926
28.125,-47.436,73.93,-13.246,41.521,-38.137,-27.75,2.711,-15.798,-7.602,13.203,15.454
30.893,-23.163,64.482,-38.565,47.241,-17.361,-32.061,-10.684,-5.201,0.99,-0.934,1.096
32.795,-39.574,45.337,-19.871,38.756,-20.198,-36.833,0.307,-3.9,-14.811,1.459,7.696
32.552,-35.217,41.598,-1.927,36.368,-19.427,-26.982,-9.885,-4.333,-23.515,3.468,6.053
31.794,-36.664,37.481,-26.544,21.199,-26.331,4.459,7.269,12.052,-6.756,-0.257,6.333
32.839,-30.896,57.42,-6.52,35.852,-35.273,7.211,-1.636,-5.751,6.463,1.349,12.165
29.266,-34.932,77.36,38.849,23.956,-27.126,23.58,26.031,-6.688,-13.755,-21.254,17.137
19.193,-50.277,12.409,40.1,38.968,-36.581,3.077,18.248,-12.784,-14.9,-24.494,7.611
12.656,-75.896,-98.46,-92.926,60.233,-46.758,0.13,-21.201,-18.609,20.809,-10.33,-9.149
17.229,-142.516,-86.839,-118.922,63.304,-41.553,11.291,-31.931,-12.497,10.357,-1.239,-15.528
22.887,-181.937,-29.998,-71.731,63.604,-44.496,5.818,5.219,-0.588,2.096,1.684,-27.672
25.327,-168.637,-26.347,-27.841,35.134,-44.033,-10.461,16.151,13.48,5.858,-9.195,-26.422
25.368,-158.439,-38.945,-52.07,14.14,-44.381,-1.309,-0.723,7.458,7.811,-5.594,-23.38
27.098,-170.894,-21.09,-40.682,23.48,-33.592,-2.418,9.114,10.451,13.026,-10.904,-27.667
26.505,-148.281,-19.728,-43.329,19.33,-32.011,-16.168,13.795,7.5,9.703,-15.857,-18.381
27.19,-141.814,-10.169,-47.494,21.005,-36.759,-6.399,4.91,14.843,12.384,-5.846,-25.505
28.162,-122.846,-14.911,-48.678,8.037,-34.593,-10.648,-11.869,8.592,20.914,-7.006,-20.91
29.191,-140.588,-26.244,-22.691,15.148,-35.813,-11.85,-4.331,23.711,8.457,-8.575,-28.127
27.888,-123.259,-19.469,-22.096,-8.319,-39.323,-20.463,-2.94,5.162,4.155,-8.194,-25.843
27.773,-124.091,14.699,-44.193,36.421,-49.331,-21.01,-4.198,17.065,7.568,2.028,-16.96
27.471,-130.465,-15.467,-16.24,11.475,-57.055,-21.588,9.358,11.796,6.75,-12.345,-20.318
26.203,-135.717,-19.926,-28.751,5.863,-44.464,-12.678,4.138,5.151,4.848,-1.759,-25.694
24.758,-135.471,-47.927,-36.348,24.841,-44.573,-8.969,1.765,14.881,11.698,-7.912,-16.392
24.167,-134.913,-33.792,-57.145,24.451,-36.318,-4.365,0.628,7.467,17.474,-14.467,-19.244
23.864,-137.7,-29.717,-38.779,14.851,-37.393,-12.491,6.758,3.107,7.815,-8.742,-25.876
22.831,-154.189,-54.028,-44.11,14.936,-44.12,-1.277,2.003,0.574,4.433,-6.955,-30.052
21.724,-149.647,-38.624,-34.298,39.336,-51.767,-6.327,19.253,2.458,5.359,-13.93,-37.45
13.28,-35.631,-88.902,98.827,39.039,-74.875,-40.437,144.113,10.187,-34.063,-5.047,-34.182
