0.342,165.97,9.39,-37.951,55.144,-52.926,15.175,-3.951,-27.286,0.21,-5.378,-8.378
31.255,-90.21,-57.313,-50.195,-6.13,112.244,15.913,-33.833,-15.38,40.286,44.286,5.086
38.135,-47.126,-59.825,-16.651,-31.277,-43.8,-36.852,-26.695,-3.742,10.034,-9.26,6.058
44.207,23.48,-37.587,-19.948,-29.522,-11.501,-65.15,-18.568,9.576,0.153,-17.722,-30.667
47.182,125.305,-47.256,-11.25,-28.558,-19.461,-78.033,-35.338,25.705,12.077,-13.934,3.129
43.549,71.713,-43.259,15.306,-38.164,-10.127,-60.779,-30.557,6.616,7.545,-29.548,-21.417
44.465,156.855,-0.074,-13.334,-24.064,-21.182,-74.806,-30.429,5.298,10.726,-6.536,-33.12
42.79,56.141,-52.473,-24.848,-43.515,-28.546,-61.134,-35.926,5.154,9.738,-17.398,-12.325
42.509,93.14,-56.965,40.35,-35.614,-5.398,-64.232,-39.707,3.173,-1.475,-36.824,-21.696
35.011,-42.279,-54.946,-26.053,-33.996,-34.159,-40.802,-15.573,-5.243,7.741,-10.568,-4.694
42.646,40.456,-21.432,-13.053,-21.998,3.851,-52.022,-13.009,19.997,18.702,7.305,-33.595
44.826,162.882,-38.903,-24.265,-9.181,13.074,-60.315,-2.447,57.193,11.534,6.238,-11.736
40.96,70.716,-66.509,-28.138,-20.759,-33.461,-48.389,-29.12,16.015,32.655,-10.821,37.212
39.213,-7.77,-45.016,-24.985,-48.947,-36.721,-41.077,-16.984,-15.404,5.959,-10.679,8.494
43.591,21.538,-6.715,-53.484,-12.631,45.547,-40.791,3.031,26.668,-13.021,11.82,-36.43
47.556,163.618,-31.44,-43.264,-6.336,12.291,-67.565,1.886,57.993,-12.945,16.411,-3.684
45.196,102.624,-26.684,13.487,-31.922,-28.621,-77.049,-16.129,4.892,15.598,-25.933,-19.602
44.399,104.548,-30.214,15.24,-34.395,-7.334,-62.071,-70.11,-0.581,12.19,-22.691,-27.072
42.146,21.857,-56.816,-5.947,-34.147,49.874,-43.484,-11.83,20.42,-36.017,-14.234,-24.939
38.947,-40.551,-54.188,-27.867,-26.419,-34.284,-48.391,-16.557,-12.767,-0.385,-8.735,3.821
43.345,29.05,-28.28,-28.786,-30.7,-16.363,-59.085,-14.905,15.213,10.061,-1.676,-18.72
47.439,148.986,-37.063,-46.915,8.229,-3.839,-58.03,-18.343,63.363,24.542,23.832,-4.726
50.27,76.701,13.633,11.835,-20.657,-22.585,7.174,-50.979,-16.413,13.524,-24.449,32.049
48.774,-7.161,-58.809,32.762,-3.566,-72.313,-11.844,-13.426,-19.569,-25.953,-6.581,18.385
47.995,19.523,-20.719,-3.799,-31.483,-42.802,-23.407,-13.663,-1.905,-7.989,2.209,-2.493
48.04,4.057,-45.774,-16.719,0.227,-81.963,-22.76,2.403,-2.659,-25.336,6.56,8.574
52.004,104.122,-37.501,-0.222,-13.945,-64.032,-47.468,10.693,39.216,-11.646,-4.968,21.832
48.628,80.806,-45.286,-25.42,-22.364,-46.498,-49.515,17.696,30.284,9.741,5.956,7.57
48.071,64.949,-60.301,-21.384,-17.927,-54.855,-50.416,12.103,27.89,-3.495,15.138,24.72
49.089,37.839,-40.543,9.951,-23.049,-63.983,-50.075,10.052,7.424,-17.805,-4.796,-5.187
45.869,38.592,-57.744,-23.786,-28.299,-46.235,-50.64,1.37,7.74,-9.735,-6.528,0.29
45.741,7.496,-84.344,0.773,5.765,-75.663,-26.078,12.312,8.264,-30.718,-4.614,2.945
49.174,59.307,-42.606,14.87,-32.707,-54.664,-43.394,6.546,11.192,-19.429,3.907,-11.024
47.553,26.45,-45.67,-22.987,-42.758,-38.73,-39.056,-6.91,3.554,1.499,-0.664,-11.713
48.041,4.975,-75.044,22.033,-8.299,-52.003,-35.411,7.407,1.215,-9.97,10.494,0.095
45.02,6.085,-70.647,-27.423,-15.735,-21.282,-28.008,5.768,-1.774,-7.578,22.051,-9.346
45.546,7.711,-88.919,6.231,1.9,-50.669,-21.525,10.984,-0.308,-24.747,17.216,3.715
49.568,63.402,-32.544,11.664,-33.269,-56.194,-55.644,2.776,6.211,-8.812,-5.755,-14.738
46.071,34.374,-57.547,-37.691,-7.014,-17.265,-38.838,23.118,14.485,5.583,13.143,-8.281
44.768,25.402,-71.634,-43.656,-14.244,-57.115,-59.379,-33.776,27.501,-4.308,13.669,-5.364
47.604,2.136,-82.989,22.266,-5.847,-79.211,-37.955,-4.213,10.744,-18.025,-22.075,2.039
46.839,34.138,-68.109,-38.913,-33.723,-33.644,-47.009,-20.076,20.233,-9.833,3.704,-25.751
46.025,12.792,-105.551,8.132,4.221,-55.702,-28.402,21.001,6.846,-27.118,0.386,4.437
49.955,85.623,-72.306,16.124,-0.723,-58.568,-53.406,15.494,56.672,-4.249,-6.676,14.303
46.189,26.142,-73.826,-25.379,-12.635,-35.813,-47.777,-3.279,16.373,-2.348,3.712,6.512
46.981,-1.395,-71.253,28.137,-6.158,-83.066,-43.04,-6.024,-1.169,-20.366,-14.89,-0.882
48.282,42.29,-54.813,-39.632,-29.249,-20.033,-54.067,-12.779,24.789,-2.139,14.382,-23.25
46.815,27.003,-67.353,-8.611,-10.512,-65.372,-51.62,-21.575,24.591,-11.722,-11.46,1.27
50.098,77.436,-45.613,7.966,-14.594,-61.019,-63.857,-6.241,40.748,-6.426,9.338,2.914
46.364,52.843,-63.817,-41.824,-30.824,-55.139,-59.401,-15.009,30.015,10.15,-12.067,-1.478
48.427,21.078,-65.996,17.576,-16.217,-29.443,-44.616,6.773,12.734,-4.511,8.526,-20.195
44.341,13.901,-84.362,-21.414,-9.02,-68.519,-33.742,-18.416,3.377,-3.504,-5.571,7.004
44.354,15.006,-117.97,10.676,7.598,-61.115,-41.077,17.319,4.633,-32.934,1.452,5.382
48.531,46.842,-42.28,5.913,-28.765,-38.334,-47.082,15.046,20.599,-14.111,3.871,-24.184
47.262,21.618,-50.823,-14.589,-49.614,-32.611,-46.359,-7.403,6.795,-2.91,3.322,-22.135
47.185,1.742,-71.353,29.334,-19.953,-69.422,-43.655,4.919,1.484,-18.664,-13.713,-8.21
46.54,65.235,-34.649,-27.442,-30.676,-47.375,-58.429,-8.362,18.714,-3.061,-9.536,-18.018
46.908,51.576,-50.259,-33.504,-18.781,-2.998,-45.832,15.166,6.436,23.738,-11.263,-3.193
51.212,110.647,-57.547,3.04,-6.28,-50.388,-65.208,29.988,60.798,-0.598,8.386,-1.203
46.663,50.865,-69.845,-0.343,-17.677,-31.485,-55.262,6.086,29.857,4.971,0.095,2.271
49.991,74.202,-66.629,-2.524,11.042,0.32,-18.811,17.9,24.013,10.195,36.825,7.484
49.667,81.628,-55.24,-61.593,-8.698,-23.539,-39.583,14.467,39.073,-16.741,7.569,12.046
49.966,107.825,-60.062,-37.639,-26.454,-58.24,-58.38,14.285,45.023,-7.926,2.373,19.039
51.272,102.317,-35.198,15.671,-31.893,-54.419,-58.121,22.851,27.312,-5.912,-4.384,-6.247
46.883,26.161,-85.251,-13.588,-32.373,-38.191,-49.011,3.109,8.701,-0.881,-9.301,5.811
47.643,-36.908,-50.751,-57.554,19.461,-39.969,-23.327,11.156,9.427,3.994,6.532,-8.24
51.786,-7.505,3.106,-54.76,43.046,0.405,13.227,8.769,7.344,4.211,-37.535,-3.636
48.4,76.856,-46.487,-119.18,76.129,-4.168,1.87,-70.217,-28.29,-4.77,-19.274,-8.58
51.298,41.968,-42.732,-46.798,19.158,4.048,-27.285,-12.747,19.091,45.007,1.76,7.385
52.931,1.473,10.708,-24.382,45.074,-15.357,5.996,0.214,33.802,32.14,-4.241,7.409
50.312,11.361,17.84,32.054,48.475,-38.434,6.867,28.287,41.718,12.753,-5.078,9.675
51.406,13.453,-1.963,-15.491,27.659,-20.303,-13.845,-8.103,-1.933,6.449,23.615,-15.619
50.922,5.959,-2.141,-23.035,38.092,-32.89,-17.941,-8.294,14.23,7.094,-4.095,12.197
51.955,-7.444,-18.829,-9.088,28.882,-38.263,-25.475,4.907,-9.361,10.064,-0.524,-15.618
52.799,9.274,6.043,-31.154,33.594,-0.918,6.904,22.912,-20.36,-12.702,-30.412,1.521
52.643,12.572,-3.617,-15.366,23.961,-18.504,-26.654,5.403,21.061,13.527,13.257,-9.387
52.5,-3.487,33.775,-31.013,35.585,-33.901,-23.914,-6.692,2.285,20.335,-6.279,-0.059
52.034,-11.801,4.15,-4.852,34.657,-38.432,-21.733,33.406,-1.848,6.661,-7.039,9.098
50.933,62.078,-73.327,-8.75,35.5,-22.329,-15.547,-18.11,-22.998,34.645,-21.357,1.993
49.685,66.521,-34.166,-66.631,-35.596,7.794,-51.863,10.35,-7.154,-2.978,3.902,-30.095
50.381,81.808,-85.971,-46.829,18.938,-37.769,-49.65,-30.742,1.887,6.675,-0.07,-5.071
54.223,84.259,-12.748,-2.939,25.106,-2.408,-20.047,44.613,25.715,10.005,-2.334,20.388
52.137,22.104,-34.038,-12.102,46.87,-14.399,-15.392,-30.338,4.413,51.837,-36.056,13.048
50.273,-15.006,-11.571,-26.396,50.713,-43.162,1.33,31.345,24.554,-3.512,-4.4,14.849
53.078,15.525,50.961,-41.023,31.614,-1.417,20.413,38.676,-26.158,-7.35,16.344,14.207
52.429,26.172,-7.704,47.486,16.176,-37.259,5.465,2.034,-53.386,1.457,-19.368,16.736
51.925,85.788,-36.762,23.262,6.223,-24.214,-34.268,4.805,19.876,26.357,-14.834,16.457
46.113,14.405,-77.63,-7.908,-0.326,-37.232,-21.32,-1.459,-3.271,-7.238,7.669,16.811
49.107,5.505,10.388,-104.043,43.01,3.274,35.422,16.821,-13.461,1.826,7.103,9.626
51.995,-10.774,19.035,-16.16,47.982,-22.194,-10.512,9.366,3.67,1.86,-11.419,20.761
53.435,7.295,-14.751,6.474,29.786,-27.134,-36.099,-0.487,-1.874,-1.534,-17.229,-9.69
53.953,47.449,-12.162,26.743,17.601,-23.472,-14.673,25.24,13.13,-6.075,-11.954,26.812
54.446,33.179,19.351,29.857,61.567,-46.849,27.503,-5.157,23.371,-5.611,-9.783,8.622
55.601,55.229,18.692,-2.937,51.051,-39.335,-31.996,-6.956,11.986,12.464,-13.001,-37.638
54.026,25.511,28.224,-8.514,43.178,-35.348,12.188,-15.919,-2.415,-0.818,-7.309,-13.324
54.434,38.878,30.659,-17.834,29.226,-49.59,16.767,25.579,-9.693,-14.324,9.947,-8.924
54.451,105.424,-30.032,-9.873,2.18,-50.513,-48.69,23.938,-10.084,6.291,-24.819,-9.83
53.931,44.625,9.666,-3.958,46.234,-15.482,1.496,0.214,14.923,8.645,-39.115,0.755
51.751,0.279,-16.622,-44.995,45.359,-8.653,-2.132,-19.041,15.57,4.155,-32.948,-26.865
53.053,80.475,-21.304,-80.414,18.325,13.471,-25.169,1.519,23.526,-6.762,7.585,-37.309
53.271,134.318,-54.188,-15.117,28.459,-50.344,-47.098,49.664,24.133,-1.052,20.108,-4.15
53.019,103.511,-10.417,-42.004,28.181,-12.057,-23.232,-4.359,-18.573,40.013,-31.715,-13.61
50.191,57.266,-55.383,-26.615,9.887,-68.635,-25.691,58.38,-24.727,9.477,24.97,-13.058
52.213,43.831,-21.317,-37.963,58.592,-27.81,-4.683,-4.295,-21.589,52.15,-11.834,-23.617
53.983,49.987,7.762,1.208,30.107,-10.531,15.294,6.679,-26.825,-14.222,-19.488,8.246
51.105,94.897,-31.147,-8.544,8.864,8.24,-33.613,29.851,34.379,-9.878,22.584,16.22
47.429,55.555,-56.397,-10.317,2.573,-40.119,-37.219,1.314,5.989,-7.646,-2.416,21.213
49.511,-4.76,25.404,-78.843,69.527,12.547,-19.771,-7.069,-7.77,31.283,-3.73,7.747
53.361,12.243,-5.977,23.659,55.529,-27.198,4.599,26.901,6.437,-27.184,-22.2,-2.961
52.9,22.145,-24.067,-33.66,66.62,2.628,-11.929,69.508,20.326,-13.176,-3.861,-2.75
53.174,54.767,-38.869,-16.249,31.753,-20.777,-32.758,-5.791,9.165,14.955,-4.693,-0.498
53.895,25.086,14.727,-58.509,76.139,-24.904,-23.993,-10.058,19.864,18.464,-6.547,-15.984
54.762,63.511,-29.567,9.226,88.191,-38.141,-8.707,-20.764,-24.475,13.644,-27.815,-13.871
52.244,65.555,-37.709,-16.891,34.817,-14.639,-29.066,21.951,-15.059,31.891,-12.853,-19.024
52.104,106.613,-53.742,-74.746,40.677,-25.791,-29.085,-30.112,-14.159,15.957,-15.605,-16.41
51.944,92.634,-56.507,-39.59,24.274,-22.197,-34.642,10.649,4.747,5.344,-13.057,16.83
52.816,55.225,-21.197,-3.936,0.765,-17.695,-67.187,27.132,6.039,1.031,1.462,-23.676
52.391,115.726,-15.031,-45.211,44.776,-10.758,-2.321,-61.48,-16.313,14.716,-39.635,-15.597
50.827,151.105,-42.013,-69.951,71.337,-33.139,-19.236,-9.582,-14.947,0.554,0.832,-10.786
54.188,5.442,5.011,-13.205,35.674,-44.184,1.951,-4.116,-1.04,22.972,-12.642,-10.446
51.927,-5.607,-11.908,3.931,26.06,-35.918,-0.821,18.343,12.36,-3.107,-15.138,-13.042
52.773,-8.834,-1.747,-22.467,41.431,-43.174,-15.704,3.302,8.898,2.115,1.943,-20.76
53.67,84.194,-29.574,-12.16,6.912,-67.252,-46.863,0.328,44.459,4.8,-2.772,17.77
53.924,84.777,1.736,-63.416,24.082,-25.755,-38.28,-13.877,29.005,19.625,-15.599,15.039
53.474,47.583,-33.728,14.763,21.908,-40.214,-45.254,2.706,9.592,9.692,-20.106,15.506
49.046,25.696,-34.748,-31.049,-15.628,-31.407,-42.472,-14.131,20.987,3.397,-3.489,-15.574
48.177,22.87,-66.273,-16.232,-0.07,-62.497,-41.431,23.974,1.404,-15.555,12.787,7.244
51.641,119.225,-43.169,-12.954,-1.251,-55.979,-58.247,13.009,41.178,17.373,19.438,16.751
48.613,45.94,-37.279,-16.635,-17.678,-49.716,-45.835,-9.483,9.723,-9.161,1.518,4.602
50.215,-0.361,-20.422,-14.718,35.707,-14.679,-1.75,19.707,6.035,15.464,-26.753,-11.031
51.906,6.686,-14.487,-37.185,20.438,-19.488,-23.313,-18.69,0.168,13.389,-4.649,-20.479
52.718,59.005,-19.825,-18.034,40.403,-27.647,-51.13,24.651,0.193,28.167,8.756,-9.182
51.923,17.468,-15.67,-5.651,18.525,-4.692,-18.31,28.126,-2.252,3.385,-19.922,-0.795
51.724,21.373,-31.144,-33.38,22.517,-9.72,-26.985,3.122,-12.021,14.494,-7.717,-8.025
51.088,8.883,19.004,-22.342,23.547,9.12,-1.365,6.474,-18.723,-17.524,-23.992,10.472
51.499,65.165,-21.919,-52.889,17.047,2.475,-9.311,-43.271,-10.679,-6.026,-6.399,-17.598
52.501,34.485,-15.235,-11.601,-14.539,-56.494,-55.081,0.574,3.98,-1.906,-8.163,-0.027
52.218,60.54,-20.411,-44.5,20.193,-26.878,-62.074,-27.151,-6.747,18.263,0.374,-27.094
52.753,41.938,-26.128,-28.829,2.962,-46.44,-57.586,-0.256,1.16,-1.207,-5.201,-8.139
51.873,32.305,-44.285,-16.38,18.992,-41.886,-35.855,-13.009,9.587,-7.16,2.565,1.068
50.277,33.824,-25.337,-73.136,3.345,-19.067,-49.536,18.66,31.068,-11.328,-1.816,-2.164
51.455,48.893,-46.962,-36.694,-3.246,-49.161,-67.07,0.338,28.643,13.557,5.309,3.638
52.442,89.653,-42.219,-29.074,-1.232,-45.868,-61.835,9.533,46.232,-23.935,3.567,-0.003
51.848,65.946,-53.559,-7.766,-14.375,-48.439,-50.339,8.206,17.554,5.33,5.836,17.091
52.486,78.82,-36.687,-28.38,3.363,-35.357,-28.113,-10.238,17.453,-21.791,10.512,18.136
52.194,94.39,-49.63,-46.268,-15.75,-23.647,-42.491,-0.473,29.967,-0.386,-4.137,8.459
51.875,98.454,-28.972,-49.598,-36.152,-7.45,-41.346,-10.0,10.215,9.474,-12.125,12.142
52.994,40.203,-20.113,-59.922,-11.397,-12.591,-49.909,-32.971,7.627,19.873,-9.454,-21.096
54.039,5.732,-9.407,-36.611,29.396,-36.715,-42.7,-1.039,4.027,19.722,-1.543,-19.341
54.135,54.873,-19.697,-24.539,42.568,-38.619,-38.603,4.103,-9.218,-4.064,1.218,-8.088
53.943,52.343,-4.392,-27.385,25.204,-37.989,-23.544,13.773,-6.081,1.669,-1.916,5.742
53.278,78.22,-3.437,-8.894,-23.632,-26.59,-25.48,0.376,-4.911,6.399,-5.926,6.774
51.67,83.869,-11.187,-16.419,-35.305,-26.133,-30.538,5.297,-6.727,0.743,-3.354,7.62
52.972,79.234,-5.797,-16.913,-2.644,7.713,-28.603,4.737,-12.998,-2.584,-5.724,5.086
51.183,71.432,-25.147,-52.087,-8.451,-16.649,-39.082,-17.997,-9.195,-9.779,3.262,3.49
52.786,78.947,-21.541,-29.873,-20.968,-25.095,-29.866,-7.926,17.972,9.362,-20.409,-5.338
50.755,45.465,-28.836,-18.89,-19.26,-24.447,-32.262,8.101,-1.482,0.72,-5.638,0.338
48.796,63.492,-56.632,-19.192,-28.789,-73.692,-31.463,-4.015,-4.084,13.789,-11.46,0.632
47.498,50.038,-27.666,-45.161,-17.135,-28.921,-18.111,-5.991,-1.451,7.077,-4.79,8.875
52.731,50.977,-23.015,0.132,-22.165,-17.809,-19.345,17.876,-9.037,1.624,5.647,1.252
51.394,78.696,-37.802,-24.079,-40.969,-12.075,-7.747,1.343,7.056,3.281,-0.38,-0.287
51.009,64.16,-20.804,-21.987,-21.561,-13.257,-5.331,-7.033,-20.209,0.224,-6.482,23.107
48.928,47.699,-36.312,-16.724,-47.483,-63.684,-9.581,-11.199,-34.232,12.78,-3.822,8.392
53.517,53.305,-21.43,-3.155,-3.796,-44.827,-29.389,-12.263,-5.571,-10.931,-5.424,1.327
51.886,87.427,-29.371,-24.957,-27.483,-12.171,-27.75,-3.33,-4.29,-7.586,-3.288,-6.082
51.452,46.971,-21.346,-0.498,-16.894,-35.456,-20.52,6.68,-12.932,2.721,2.244,7.997
50.053,48.841,-11.218,-2.122,-31.282,-44.451,29.437,-22.797,-27.699,4.198,17.718,19.459
52.421,47.925,4.373,-23.814,-1.427,11.582,-2.009,21.772,13.027,-13.178,2.878,4.404
51.813,98.584,-30.116,-25.094,-34.08,-17.622,-33.282,-16.434,6.623,9.158,-16.888,-7.546
52.806,61.935,-9.711,10.559,-7.84,-43.136,-21.156,2.094,-11.612,-12.629,-7.841,14.782
50.842,62.527,-12.887,-44.816,-9.414,-0.806,-19.362,-2.455,-2.712,-7.154,-14.929,22.707
52.281,86.181,-26.926,-20.626,-25.312,-20.698,-31.207,-8.326,7.364,13.565,-4.818,-5.327
51.303,63.327,-28.617,11.05,-6.935,-35.714,-32.897,4.188,-16.737,-15.836,10.963,2.21
49.527,101.449,2.372,-44.289,-33.162,-17.96,-37.777,-8.818,-4.354,6.418,4.885,-1.408
49.929,88.796,-50.303,-37.096,-40.932,-65.538,-35.532,-1.976,0.075,12.076,-10.482,-1.793
51.813,68.257,-20.92,-32.236,-13.76,9.685,-17.018,-2.969,-14.823,10.085,-12.603,1.431
51.104,80.363,-47.309,-19.158,-50.452,-18.534,-21.015,-2.822,-0.395,5.729,4.103,-0.313
51.9,71.972,-30.37,-4.085,-11.115,-3.716,-19.024,6.216,-14.485,-0.314,1.186,-1.207
54.278,84.389,-15.334,0.764,8.212,-26.476,-25.255,-1.135,-4.117,-3.967,10.362,-6.524
52.768,63.569,-9.221,-40.681,3.039,-27.532,-15.411,-8.733,-13.3,8.298,-12.009,7.77
52.374,65.403,-42.175,-3.058,-32.64,-33.127,-17.83,-20.352,-4.497,18.872,-11.227,0.533
50.357,112.624,-55.304,-55.34,-26.345,-70.139,-30.644,28.541,2.211,-8.556,-11.11,7.907
53.221,83.937,4.977,-55.376,40.484,0.97,11.755,-28.282,-10.438,31.648,-21.844,18.603
52.699,59.28,-8.639,-47.614,65.545,-29.816,-30.079,34.79,2.03,28.018,-11.846,-8.731
54.211,58.768,-1.498,-21.045,19.517,-38.237,-36.662,4.331,6.622,3.438,-7.239,12.275
53.505,15.724,3.669,-0.183,60.732,-32.535,-38.53,-1.952,19.373,21.149,-17.001,3.889
53.451,-2.772,-6.951,4.747,38.777,-46.666,-50.997,2.842,-7.249,9.217,-12.571,-4.478
51.371,71.453,-54.296,-36.781,58.803,-28.499,-13.295,-47.419,-15.794,-11.196,-12.516,-10.576
49.252,29.016,-83.179,-14.558,-1.697,-38.741,-45.421,9.563,-2.007,-0.161,-6.025,-14.776
52.848,55.533,-18.257,8.617,-0.745,-24.07,-44.35,-2.596,-8.802,3.296,20.51,-0.699
53.164,78.91,5.24,-44.646,34.026,-16.702,-25.076,-56.502,-34.1,14.816,-13.299,-20.342
53.037,16.003,20.229,26.583,19.512,-30.185,-0.484,23.058,7.999,4.762,-29.533,-2.954
51.591,158.671,-74.09,-48.621,49.707,-45.431,-4.483,3.844,-13.428,-9.449,0.398,-19.808
54.629,22.026,-16.379,-14.429,53.998,-56.766,-14.127,-22.59,-34.184,18.065,-4.635,-7.683
54.119,9.812,8.019,13.06,45.759,-44.397,16.606,10.165,1.866,2.453,-21.488,-20.335
51.581,26.896,-46.298,-26.088,32.637,-35.092,4.984,-6.729,-12.125,20.613,11.864,-12.63
54.189,51.008,4.883,-4.478,22.256,-29.151,-35.097,17.92,9.354,5.278,17.639,12.339
53.154,31.737,-15.132,-10.672,26.142,-17.755,-39.898,-19.382,17.077,12.288,-24.432,20.89
51.136,14.536,-56.259,5.153,15.16,3.266,-39.957,-0.151,-1.891,-9.526,-2.643,-0.681
48.455,37.706,-25.482,-33.847,-22.332,-4.621,-19.092,-3.344,-2.441,-21.306,0.83,-5.3
46.291,12.855,-55.065,0.624,-56.871,-106.618,-25.948,-8.707,-8.88,28.174,-11.201,0.569
52.886,104.383,-10.089,3.369,-4.388,13.236,-23.937,23.848,18.843,7.931,14.222,13.578
49.614,64.489,-38.817,-39.288,-15.57,-77.604,1.096,28.964,-9.261,-0.707,-3.657,16.753
51.721,76.26,-34.544,-4.771,6.211,-79.258,-16.954,10.717,0.329,-16.911,-6.497,12.306
52.426,33.642,-12.388,-13.7,56.91,-27.741,12.903,-11.769,5.63,11.505,-22.763,-25.782
50.6,47.045,-62.063,-24.696,23.991,-4.551,11.291,-61.138,-22.155,-6.069,-13.727,-2.469
54.78,67.301,12.79,-10.121,10.877,1.717,-21.31,3.004,17.498,-4.557,26.379,11.45
54.606,34.071,39.624,-2.084,47.754,-15.708,-8.017,-18.93,28.055,20.369,-18.846,4.967
52.844,-2.746,68.656,0.537,69.119,-41.484,38.942,-0.257,15.745,4.867,-4.936,-8.295
52.338,28.795,-7.148,27.08,16.176,-73.808,-32.985,-0.755,-7.878,-12.252,-14.066,-9.762
50.196,-0.921,-11.903,-58.692,41.108,-31.924,-22.928,16.379,-10.098,-1.544,-3.361,-7.362
52.013,36.131,-5.454,-68.517,30.331,-7.551,-27.99,31.326,4.288,-5.826,-19.739,-27.686
51.299,26.616,-23.277,11.569,-33.894,-51.601,-35.634,-8.667,4.492,7.324,5.615,-15.631
51.441,38.922,7.116,-65.537,-9.368,-6.328,-47.674,8.847,-19.725,-5.768,9.706,-23.956
53.563,94.229,-41.811,-18.44,37.831,-71.499,-27.852,15.974,-22.758,-33.63,-9.42,-9.868
52.647,12.784,-19.393,1.351,42.138,-38.354,-16.904,28.598,-23.362,-4.335,-8.594,-7.631
52.722,1.561,-25.927,-35.665,27.27,-56.144,-43.694,-8.528,-8.156,14.315,-15.625,-27.201
53.6,58.3,-24.028,-1.462,10.776,-23.081,-49.053,9.549,24.481,-7.428,7.467,1.878
49.395,-6.459,-74.474,-26.63,22.651,-29.528,-33.385,-28.605,-13.759,19.71,5.613,-6.141
51.533,22.928,-46.089,-13.541,16.235,-4.861,-31.417,5.231,-16.337,-27.207,22.168,-16.763
53.089,49.636,-39.674,-28.717,35.499,-29.388,-63.378,-8.066,1.983,4.389,-5.221,21.291
52.903,67.827,-36.048,-4.457,13.339,-15.869,-29.797,17.423,6.864,5.659,-1.206,20.538
51.106,72.817,-2.682,-64.872,37.933,-14.266,26.644,-37.023,-22.524,11.117,-20.802,35.847
53.749,8.321,14.463,-12.409,28.86,-11.744,-45.908,4.91,-10.319,3.115,2.446,-11.475
53.621,87.477,-8.64,-21.974,1.457,-53.169,-33.588,20.029,-0.105,-5.65,8.509,5.167
53.783,-6.567,28.812,-7.271,37.91,-29.188,-15.599,5.715,9.633,12.825,-14.103,-2.872
52.639,28.782,25.896,-47.332,22.706,-12.271,19.377,8.795,-8.272,-17.443,-10.938,16.821
50.454,-34.61,-38.628,-0.31,23.792,-23.308,-0.098,-20.027,-15.25,10.509,-11.974,0.085
53.791,19.415,7.324,-22.831,40.779,6.102,-9.075,10.459,6.036,2.599,27.92,-13.105
54.004,23.86,6.077,1.977,17.925,-22.862,11.094,3.495,14.322,2.503,-29.397,-14.094
52.202,47.419,-5.642,-49.278,6.305,4.773,-16.229,20.073,-11.678,6.597,-27.905,-13.171
53.37,4.507,10.866,-40.615,28.247,-9.827,16.787,1.655,-8.456,-5.874,-4.412,-5.717
53.653,2.468,-7.83,-19.869,37.456,-42.169,11.073,11.509,16.867,-2.461,4.331,-9.517
54.39,57.637,-0.552,-2.507,-2.137,-53.235,-27.703,2.81,3.42,1.647,9.918,9.66
54.16,9.33,13.018,-16.715,19.691,-30.488,-50.369,-1.963,4.519,1.172,-8.693,-26.653
52.534,10.68,9.898,-25.314,49.132,-38.517,-8.558,-1.863,-32.841,-4.497,-5.466,-13.466
50.388,29.04,-36.55,26.268,10.795,-78.694,-36.993,-16.859,-20.773,-11.288,-28.151,-2.885
49.739,79.567,-27.185,-52.495,8.194,-20.657,-30.135,-4.001,17.7,5.733,8.025,-5.469
46.932,15.558,-64.635,16.925,-29.594,-98.548,-19.181,0.076,-8.551,29.915,0.201,-6.27
53.555,99.024,-13.952,-14.447,4.555,-12.456,-19.225,25.181,2.569,24.306,17.953,9.832
53.168,-9.833,-7.028,-15.829,39.659,-54.212,29.588,-4.604,-11.56,28.694,-9.115,7.857
53.093,20.071,34.74,-8.9,86.949,-42.532,34.18,13.052,-0.936,-16.59,-5.001,31.767
54.679,84.153,-11.153,-17.0,43.831,-17.38,-21.371,36.745,-4.653,-2.218,-12.466,4.438
53.873,64.25,-33.291,1.93,26.122,-10.094,-28.116,-17.143,-17.296,31.889,-25.126,6.723
55.224,94.277,-4.72,-53.672,4.322,4.712,-28.298,40.84,3.645,-10.54,17.158,-7.104
56.163,85.655,7.096,-23.598,47.654,-37.863,0.703,25.803,2.369,-7.271,-4.736,10.356
49.977,93.827,-68.279,-24.512,16.789,-38.859,17.279,23.092,-34.927,3.971,-6.074,3.424
55.383,70.523,11.794,-41.474,63.617,5.438,-8.423,13.394,-8.918,39.868,14.65,-23.704
56.485,123.829,-16.62,-16.709,59.026,-39.934,-26.139,-3.314,21.581,2.368,-23.433,-24.189
55.319,84.578,-18.974,14.668,26.903,-28.39,-28.757,-3.226,16.01,-8.718,-13.157,-5.905
55.809,144.875,-20.048,-46.514,12.118,-34.883,-30.513,5.165,-8.556,5.963,-15.456,-26.816
56.764,95.214,7.566,-15.019,35.303,-32.87,-32.085,-17.564,-1.195,41.843,-8.468,-31.46
56.169,61.135,7.493,-20.65,14.933,-44.726,-25.031,-1.434,4.234,1.067,-18.898,-13.337
54.352,72.329,-23.437,-20.369,-27.834,-30.307,-14.862,-10.36,7.898,8.953,-4.921,-8.466
54.599,61.216,-21.392,-38.813,-24.609,-33.368,-11.12,-0.922,13.26,18.251,4.186,-5.489
54.157,84.222,-28.453,-28.948,-32.884,-26.424,-8.332,1.137,19.884,1.189,-5.896,-2.026
54.203,97.231,-10.335,-47.793,-6.378,-38.811,-8.647,10.652,2.139,12.232,-6.575,-6.982
55.051,76.905,-33.77,-20.523,19.103,-33.998,-33.115,6.234,-7.256,11.537,-17.932,9.674
55.971,38.166,26.191,-0.714,27.224,-34.178,7.114,20.63,4.343,13.595,-7.517,0.791
55.401,48.324,-13.938,-7.792,28.431,-41.751,-26.945,7.463,-5.193,6.719,-3.386,-0.386
55.514,56.521,-5.817,-30.343,18.028,-31.592,-29.775,28.893,15.061,14.069,-12.904,-17.559
55.576,44.978,-14.727,-28.181,22.488,-51.981,-35.702,-1.387,-23.086,2.933,-8.905,-6.006
54.974,71.404,-31.808,-33.688,15.53,-26.543,-19.068,-10.766,-0.167,1.67,-24.874,-18.895
55.693,63.806,-8.591,-38.895,9.089,-26.751,-14.889,0.383,-2.508,-1.466,-4.762,-20.989
54.123,45.645,3.754,-46.068,0.234,-31.413,-23.27,9.213,7.741,9.085,3.036,8.247
55.304,125.754,-31.375,-33.636,-3.012,-34.604,-24.826,19.487,-18.519,-9.991,-6.652,-19.951
55.77,86.903,-6.905,-25.712,23.095,-29.305,-18.534,-0.647,-25.906,12.241,-2.227,-7.178
55.358,102.397,16.03,-51.281,36.804,-25.032,2.742,-7.164,-10.074,13.026,-5.991,-6.834
55.984,105.663,-25.169,-11.841,33.44,-37.931,-25.484,20.714,-16.506,-6.836,-15.743,-19.055
53.677,75.434,-20.84,-29.031,-6.203,-50.957,-14.268,-19.726,-12.817,13.929,-14.691,-14.525
54.405,59.556,15.829,-23.156,-0.629,-22.505,-4.283,12.348,2.812,6.999,-16.242,5.045
55.221,48.572,2.633,-25.839,22.82,-18.138,-10.548,3.476,5.145,25.202,-9.828,0.447
55.174,80.27,-3.879,-32.1,34.761,-27.302,-22.236,5.019,1.01,5.631,-15.839,-11.117
55.05,61.794,-22.781,-17.141,21.955,-32.188,-34.376,10.593,-14.212,8.542,-13.907,-1.711
55.22,67.999,4.221,-46.293,19.965,-15.742,11.573,-4.409,-7.703,21.899,-13.833,1.853
55.612,59.705,25.773,-29.074,17.129,-11.844,14.329,1.95,-4.728,0.478,-1.092,14.606
54.705,50.2,33.693,-33.628,17.198,-26.601,-0.892,-0.631,-2.625,13.166,-9.253,-14.25
55.739,53.213,-7.464,11.295,18.956,-42.16,-16.382,-20.382,-23.161,-9.052,-9.072,3.458
55.153,29.316,8.877,-54.393,37.224,-22.843,-4.963,24.763,20.857,2.108,-9.687,-2.696
55.735,55.032,-0.991,-32.597,28.974,-37.855,-30.505,11.421,7.081,13.543,11.363,-5.852
55.788,72.916,-0.823,-10.293,15.144,-55.567,-29.666,7.889,-4.833,12.736,-3.351,13.749
55.371,115.214,-16.451,-47.922,-1.758,-32.724,-15.553,7.761,-7.484,0.352,-10.961,-12.519
56.567,122.912,-15.937,-35.087,10.76,-38.357,-36.603,23.458,-14.463,-22.645,2.351,-24.022
56.913,104.577,-12.309,-35.868,55.018,-40.207,-15.746,10.165,-8.367,28.359,-4.8,-38.067
57.159,112.248,-6.302,-24.156,50.778,-37.861,8.571,-3.047,-12.232,-12.351,-17.536,1.154
54.935,32.176,-9.143,-37.685,38.766,-31.329,-15.821,6.097,19.968,16.951,-7.235,-12.252
56.604,92.57,0.051,-26.605,34.811,-35.39,-18.716,12.474,1.5,-23.122,-17.643,-25.838
56.351,99.247,0.095,-33.509,32.45,-27.817,26.416,-4.776,2.278,1.393,-19.228,-3.44
56.663,54.71,16.56,-17.425,54.0,-34.467,-21.525,21.1,13.429,9.03,0.784,-25.191
55.849,76.524,6.333,4.111,23.381,-25.487,5.014,3.774,-3.088,19.183,-15.596,0.109
54.219,87.399,-13.65,-42.838,-1.922,-14.116,-16.763,-15.556,-1.118,12.069,-7.463,-3.878
54.008,76.116,-15.479,-12.163,-13.44,-13.777,-26.181,-2.301,-12.012,8.425,-14.727,-6.879
56.356,76.077,12.463,-34.203,10.134,-44.834,22.443,33.636,9.803,-7.568,14.232,-0.96
56.909,116.865,13.283,23.968,9.787,-28.695,23.898,-19.27,-3.345,8.444,-24.036,3.411
56.158,80.973,-11.407,2.337,33.87,-47.823,5.338,30.699,-12.44,-5.498,-17.463,10.544
55.891,43.873,16.713,-21.051,37.243,-39.327,7.181,8.411,9.158,21.46,-16.717,-10.241
53.525,50.094,-14.074,-28.754,10.473,-14.74,-18.736,-2.263,11.927,9.839,-12.126,-9.072
55.149,75.144,19.367,-34.015,9.29,-23.617,12.068,29.776,-2.341,12.308,-8.508,13.319
55.329,78.944,-7.006,-15.067,13.516,-46.686,-6.068,-1.385,-11.874,-5.151,-19.342,9.4
54.401,44.469,22.002,-46.824,28.53,-12.617,6.519,-15.236,10.792,26.111,-23.893,-15.488
55.458,84.625,10.351,-38.246,11.728,-48.327,-33.703,3.63,2.874,-13.618,-12.375,-22.217
55.785,57.394,16.734,-10.218,-6.115,-28.008,-29.845,-15.215,-23.471,6.627,-10.938,-25.899
55.78,61.118,7.178,-10.777,7.573,-21.559,-23.219,27.678,1.399,2.294,-2.703,2.027
53.56,97.465,-27.407,-36.233,-8.696,-32.361,-5.004,-0.139,-5.259,0.587,-14.412,5.075
54.974,73.878,9.742,-43.357,8.188,-21.601,1.378,3.937,-2.359,13.354,-9.189,9.652
54.668,88.076,-11.235,-5.003,5.485,-42.104,-25.2,2.284,-4.442,9.704,-5.042,-10.737
54.304,82.678,1.714,-50.872,-6.076,-27.472,-1.113,-4.241,2.202,6.214,-7.93,8.405
55.074,78.849,3.76,-7.072,-4.737,-26.476,-21.424,11.481,-19.506,-3.689,-14.812,-11.805
54.574,76.735,-25.144,-20.25,17.018,-43.15,-25.501,-2.722,-22.768,6.052,2.044,-7.859
54.959,53.238,16.84,-29.728,9.755,-16.955,-4.739,-1.885,-12.486,12.637,-9.781,-0.429
52.919,75.164,5.814,-47.196,-13.786,-20.955,-4.841,6.946,15.774,-0.78,-4.544,-8.976
53.39,64.314,-9.487,-22.919,-11.762,-19.069,-4.01,4.041,3.363,6.821,-0.295,-2.264
52.923,64.236,-19.056,-21.294,-9.806,-35.335,-3.568,2.349,20.53,7.71,-1.493,-8.918
53.26,74.075,-5.105,-32.841,-22.46,-37.459,-6.572,2.002,13.607,15.778,-6.027,-3.507
54.434,82.562,-19.43,-9.86,8.775,-34.942,-17.441,11.775,-5.235,-6.481,6.831,-7.214
53.54,68.03,-8.757,-31.195,-9.919,-39.774,-14.484,-2.537,21.101,12.591,-12.368,-16.956
53.746,58.556,-13.169,-14.116,-3.969,-64.814,-21.469,2.304,8.061,-0.661,-3.667,-8.554
52.745,70.784,-8.062,-39.434,-17.121,-27.374,-13.415,4.208,21.71,0.442,-3.049,-12.708
54.059,72.022,9.067,-13.438,-1.586,-22.149,-16.261,9.886,10.32,9.719,0.827,1.443
54.237,71.981,-5.027,-25.147,-9.238,-36.213,-18.114,-1.732,5.44,7.422,-10.103,-1.315
53.84,71.411,-8.554,-21.303,-19.593,-42.975,-17.343,-10.657,6.23,20.575,-22.329,-2.422
53.179,67.571,-25.506,-25.145,-32.158,-43.552,-6.092,-13.24,6.05,4.179,-0.98,-11.918
54.019,85.331,-5.177,-49.864,-17.045,-33.516,1.246,35.327,4.989,-1.31,6.611,5.443
54.499,99.152,-19.668,-21.185,8.567,-40.822,4.832,-19.596,12.365,10.073,-18.101,-3.881
54.025,59.052,-4.757,-11.213,-16.398,-38.731,-12.152,8.79,-6.443,-4.369,3.409,13.234
52.541,75.473,5.105,-48.585,-18.513,-14.058,-32.237,-15.137,-5.295,8.686,-10.703,6.389
52.602,73.525,13.311,-17.94,-17.375,-17.904,-11.996,-14.287,-5.884,-5.335,-5.419,20.151
52.861,58.718,0.662,-2.093,-0.656,-57.309,-13.599,5.456,-4.273,0.917,5.981,4.354
51.842,61.673,-1.069,-24.003,-22.075,-34.344,-14.662,-12.501,2.19,10.544,-2.766,6.005
51.455,65.987,-15.74,-24.26,-25.829,-59.749,-6.086,-3.847,1.688,13.1,6.63,8.985
53.214,62.214,-12.215,-3.58,-6.397,-31.373,-26.321,3.854,-3.425,7.955,14.771,-1.544
51.248,69.729,-12.058,-27.877,-29.699,-29.054,-15.512,-7.749,11.434,13.967,-5.837,-2.308
52.356,65.323,-13.365,-4.814,-14.128,-7.32,-6.8,8.236,-8.909,-0.738,-11.241,6.589
52.01,59.749,-21.532,-21.156,-18.622,1.063,-18.191,14.976,-2.613,-8.304,2.714,0.302
51.267,72.661,-31.175,-35.918,-37.004,-37.549,-31.256,-14.332,10.653,24.081,-14.141,-5.036
52.376,53.666,-14.366,5.253,-15.149,-25.198,-12.972,8.369,-15.958,2.067,10.977,-1.836
51.153,46.667,-14.807,-15.621,-34.043,-21.612,18.153,-15.129,-11.315,-3.796,-10.08,21.341
52.214,40.147,7.359,-11.4,-3.418,-10.278,-9.197,4.609,-4.126,-3.914,-11.658,20.487
51.797,63.16,-3.848,-19.198,-20.025,-34.531,-10.138,-19.96,-3.423,1.748,4.485,16.609
52.339,72.089,-10.962,-7.506,-39.048,-36.18,3.477,0.92,-0.192,5.433,-11.255,28.863
52.722,48.966,-13.407,3.603,-10.446,-52.356,-5.175,6.443,-0.519,5.816,7.992,4.843
50.771,47.433,-15.608,-24.081,-39.243,-28.224,-7.487,5.378,-8.269,-14.876,-14.331,15.805
51.647,58.547,-5.968,-22.311,-25.415,7.208,-12.978,13.166,-6.384,1.285,-6.622,4.766
50.962,50.063,-11.481,-52.303,-42.286,-17.425,-18.342,-3.589,3.832,1.488,-27.017,-3.119
51.455,58.341,-20.459,4.306,-14.572,-6.93,-7.574,9.72,-9.544,-2.975,0.493,-2.225
49.72,56.809,-8.171,-39.092,-31.694,-41.819,-18.099,1.14,12.179,19.462,-9.045,0.271
49.54,57.454,-53.614,-9.988,-40.243,-47.956,-23.552,-5.084,3.036,14.808,9.808,-6.623
51.002,52.298,-8.148,-56.067,-31.151,18.851,-5.372,5.584,-0.318,-0.858,-14.878,3.71
50.884,77.282,-22.25,-10.565,-68.664,-41.606,-16.649,-9.159,-6.163,17.988,-11.684,-5.238
52.069,45.922,-13.47,-12.548,-13.435,-21.309,0.206,2.682,-10.61,4.977,11.983,-12.475
51.412,26.287,-21.115,3.505,-13.334,-40.307,22.434,-5.625,18.706,-3.922,6.69,5.653
52.851,54.11,-16.158,-2.44,-32.217,-51.464,-16.908,0.632,-16.462,-11.408,-6.243,1.842
51.858,29.595,-34.813,-14.231,-8.366,-18.911,-6.072,-3.444,-4.057,0.187,-4.136,-10.144
51.906,51.952,-30.924,-11.903,-33.006,-37.342,-10.146,-15.034,-1.525,14.858,-8.084,8.599
52.465,98.933,-30.197,-43.743,23.452,-27.532,15.655,46.078,1.706,-0.157,2.876,0.864
53.907,104.678,-43.515,8.154,23.018,-35.142,-23.122,5.317,-30.993,-9.822,-4.437,0.086
52.81,71.575,-6.084,-25.935,24.323,-23.827,5.215,-50.768,-22.306,24.514,-34.043,-5.228
53.301,79.839,-30.949,-18.154,35.147,-47.538,-12.963,49.429,-14.155,2.451,20.448,9.843
52.583,71.711,-41.988,-49.487,58.801,-31.199,24.045,-30.83,-31.606,14.524,-22.365,4.036
52.61,36.406,-25.876,15.615,15.544,-33.185,-13.846,3.521,-20.801,-5.827,4.64,3.16
51.852,68.799,-26.781,-22.617,40.511,-10.837,21.659,-35.198,-9.69,-18.835,-30.653,-10.475
52.204,31.842,-19.741,-27.209,16.051,17.772,-21.399,-3.157,-2.336,-5.023,23.915,-5.476
50.995,45.544,-40.615,-23.132,-10.078,-42.567,-21.913,8.214,9.114,-5.8,-6.701,-0.427
51.185,62.13,-50.966,0.972,35.85,-37.104,-22.085,63.798,-7.389,-13.78,16.247,4.042
50.67,57.19,-19.152,-50.906,26.288,-22.014,-12.015,-18.216,-34.29,27.012,-8.299,-13.988
52.134,89.912,-35.532,-48.627,27.815,6.674,-19.493,41.1,-23.888,24.653,-8.747,-0.066
49.872,95.922,-61.038,-7.208,-0.697,-43.854,-29.82,0.493,-24.103,33.365,-7.076,-2.627
50.215,49.564,-27.025,-49.932,44.134,-31.516,-35.662,-9.744,-39.203,22.279,6.45,-18.017
51.855,93.245,-48.317,7.036,49.013,-79.944,-18.449,7.612,-37.511,-45.118,-16.967,-11.062
51.576,8.234,25.729,-2.657,71.793,-5.193,53.418,-3.104,-16.464,11.367,1.864,-13.618
52.064,12.025,12.373,18.82,76.247,-44.244,34.652,-7.171,-5.924,-6.623,-29.483,1.305
52.203,22.994,-8.002,-58.391,21.934,-63.81,-11.144,20.918,1.161,20.933,5.977,8.339
51.285,100.245,-18.534,-7.167,-2.493,-30.953,14.92,-23.395,-25.76,-12.419,-17.054,23.631
50.691,70.147,-14.146,-36.87,5.531,-17.492,5.334,22.988,-11.787,-6.419,-24.315,31.204
51.164,129.625,-31.944,-45.013,41.992,-35.902,24.403,10.611,-39.921,-20.114,-2.393,-11.612
51.108,36.111,-37.325,-6.203,29.227,-49.168,-36.675,37.288,-14.797,0.582,-10.651,18.28
53.674,52.149,6.179,5.948,21.417,-41.519,-40.753,18.505,7.808,5.167,-17.783,17.065
51.342,47.62,13.795,-58.407,4.918,-14.407,-20.172,0.829,-1.055,19.376,1.594,7.021
53.228,61.951,-5.975,24.416,-1.596,-17.989,-54.423,-12.572,-8.111,4.976,-13.061,-17.629
53.516,32.742,-0.955,25.204,53.313,-13.116,36.958,0.78,-5.142,0.951,-24.91,0.484
53.303,97.628,-22.717,-5.328,38.68,-26.493,8.674,32.302,-17.736,-35.794,29.853,-21.667
54.358,41.158,39.229,-14.344,31.287,-41.482,16.045,25.701,-29.924,-0.154,-18.423,4.21
52.103,82.893,-22.271,-51.641,40.215,-15.081,21.194,-20.673,-31.176,-6.899,-34.542,4.987
53.475,25.985,-0.636,-0.436,17.435,9.121,0.159,-15.71,-15.41,-3.277,-12.3,-14.767
52.712,4.635,-1.11,-15.764,8.004,-24.328,25.008,15.294,-21.782,3.091,23.755,-11.704
53.37,54.98,-1.211,-14.855,28.979,-16.58,-18.413,9.725,-0.401,-3.883,-20.042,-2.203
51.483,81.58,-26.892,-52.897,4.551,11.343,-33.611,-10.576,-25.037,-28.594,-4.352,-26.905
52.656,69.108,-22.242,11.407,6.207,-57.165,-14.994,15.662,-4.727,-2.206,5.55,32.319
54.53,53.958,16.301,-45.129,28.66,-7.12,-17.039,-2.313,3.021,18.634,3.157,-11.533
52.489,62.351,1.633,13.087,-7.053,-35.594,-17.161,12.169,-3.217,-8.373,0.075,6.666
49.433,55.396,-35.057,-37.937,-19.242,-61.064,4.159,11.063,-26.743,3.039,-9.024,22.504
50.481,86.409,-27.076,-57.83,23.913,-38.617,-10.389,42.355,-21.749,1.006,-15.271,16.865
54.016,59.926,0.689,-17.035,53.19,6.288,-4.43,-14.383,-21.928,15.927,-24.063,10.031
54.05,26.273,17.757,3.06,38.544,-52.194,-34.04,11.219,11.345,-1.999,-6.12,11.741
53.432,64.858,15.02,-46.028,-3.92,-2.795,-31.791,-13.98,-6.634,8.468,-16.025,-10.214
54.152,30.298,11.086,-29.342,17.708,-23.937,-53.353,-2.863,-13.608,-5.406,-7.569,-28.98
53.589,24.895,-5.454,9.547,14.649,-47.144,-27.371,-12.419,-14.419,-8.613,-7.545,-1.354
51.982,-6.802,-6.645,4.113,43.915,-41.668,1.488,20.691,-7.299,18.048,-14.467,2.037
50.945,98.123,-38.705,-63.386,36.642,14.494,3.007,-56.449,-29.57,2.898,-23.796,1.259
52.443,21.208,8.07,-51.481,15.409,-6.996,-54.67,-0.901,-8.814,21.271,-14.926,-26.041
52.058,47.898,-4.187,-13.028,9.387,-29.493,-25.148,15.072,-12.675,-1.363,-16.879,-20.467
53.349,50.787,-27.926,-3.567,23.295,-50.246,-23.724,5.98,-11.898,-2.216,-17.902,-0.93
51.731,52.324,-13.166,-65.852,11.739,-4.351,7.622,12.6,-12.135,-7.364,-30.264,-0.031
53.369,50.834,-12.363,-3.966,5.971,-54.048,-36.171,3.417,8.729,-6.326,-3.356,21.581
51.713,78.764,-6.323,-39.943,-16.235,-30.796,-37.544,5.741,6.464,9.66,-4.192,11.37
52.382,39.288,-32.848,13.893,14.319,-32.933,-37.848,3.527,-23.781,2.259,18.192,4.99
51.051,111.028,-25.569,-29.983,-22.085,-23.813,-53.929,-18.891,-21.427,-15.895,5.558,-28.369
51.653,110.85,-21.373,-52.986,-43.863,0.421,-50.6,22.205,-5.108,6.774,0.63,-8.473
53.154,99.529,-2.39,2.843,-5.714,-54.894,-31.938,8.657,18.119,-8.453,-13.233,22.125
53.787,43.828,2.516,-29.104,18.029,-14.5,-53.893,-24.087,-0.068,14.273,-12.749,-15.332
53.247,38.631,5.815,-22.051,40.392,-21.799,-11.358,17.463,-9.021,4.743,-26.989,-4.427
51.929,44.198,8.245,-21.522,34.525,-7.777,4.818,7.608,0.585,14.599,-32.586,11.685
50.367,70.023,1.777,-58.159,31.661,-16.502,-3.512,-18.695,-15.925,7.782,-17.86,23.323
51.448,156.178,-88.765,-42.135,28.836,-66.798,-8.575,8.912,-24.866,-11.405,2.572,-16.994
53.454,83.591,-14.303,-26.564,19.195,-3.687,-29.81,-14.115,-22.178,36.127,-1.756,8.639
52.657,35.988,11.808,-31.08,25.487,-10.709,-26.366,7.734,21.328,20.867,-25.661,15.193
49.233,88.136,-7.606,-73.157,15.184,-26.917,-30.473,-15.492,8.889,23.239,-3.578,13.432
52.032,55.565,-1.118,16.144,-1.536,-54.999,-35.863,-3.602,-20.244,-13.682,-3.312,5.864
51.594,42.875,-10.809,-38.461,50.766,-7.784,-27.205,-4.55,-33.891,7.981,-5.93,-2.963
51.312,135.748,-72.592,-28.157,39.829,-32.796,-7.071,-38.391,-37.494,-4.241,-23.714,-4.543
52.915,71.935,10.146,0.651,-8.978,-53.331,-25.173,14.782,-10.456,-17.6,-7.716,17.845
53.925,30.939,1.384,28.382,18.356,-9.696,1.246,5.365,4.929,25.366,-3.848,-30.363
53.22,28.32,8.635,-40.28,43.561,3.107,10.27,-17.837,-3.219,18.115,-18.256,-6.2
53.656,54.982,-27.195,-8.655,43.377,-67.791,-20.577,38.56,-11.746,8.168,7.985,2.296
55.071,47.844,26.411,-1.316,63.203,-34.088,40.392,-3.097,3.879,41.835,-3.622,-11.042
55.802,81.834,-16.695,-0.823,41.675,-38.448,4.48,-9.698,-2.517,-1.311,5.726,-35.785
54.818,72.941,8.869,-35.283,38.511,-12.212,-3.752,-10.738,-0.381,8.82,-4.939,-7.71
53.455,78.848,-26.338,-31.452,-8.686,-41.237,-12.431,-11.102,-4.918,-4.573,2.916,13.777
54.242,71.803,-24.902,-34.545,-28.943,-52.039,-20.147,-11.423,-2.506,15.354,-15.803,8.815
54.177,101.088,-25.542,-48.361,-16.308,-29.883,-7.692,22.309,7.835,-4.071,-2.798,-10.701
54.857,63.663,-15.313,-28.125,15.925,-23.259,-21.454,2.664,-14.539,15.436,-12.563,10.684
55.52,57.492,7.785,-29.836,30.068,-15.187,13.356,5.441,-3.307,27.993,-9.331,3.93
54.849,42.037,6.396,-14.503,27.858,-12.748,-25.527,-7.53,-0.875,16.353,-31.001,-3.373
53.891,57.621,6.584,-47.395,7.671,-28.111,2.69,1.333,4.361,15.923,-9.117,-5.158
55.566,42.879,-0.582,-4.927,36.941,-33.259,-31.184,-8.049,-14.701,25.906,-7.812,-19.069
54.593,80.579,1.009,-38.79,38.3,-28.321,-9.995,-14.02,-19.905,-5.424,-10.371,-17.482
55.17,76.994,18.95,-29.554,10.798,-33.46,-5.822,-1.737,3.667,-0.49,-7.551,-24.502
55.704,71.102,19.253,-6.013,1.343,-27.969,9.985,-23.935,-3.403,0.586,-25.076,-10.456
55.61,53.978,2.17,-23.858,16.028,-45.036,-23.422,9.799,2.395,-0.881,-12.019,-13.877
54.65,115.475,-20.458,-43.681,-8.6,-36.484,-23.481,22.39,-19.062,-13.766,-10.861,-12.658
55.819,102.31,3.141,-31.43,7.878,-39.005,-34.628,3.189,-25.216,-2.731,6.787,-16.922
55.815,80.189,-2.118,-7.604,43.142,-27.78,-7.1,-1.498,-23.15,5.517,-31.734,-16.632
54.825,75.719,14.954,-50.594,24.218,-21.12,8.739,-46.308,-7.147,16.052,-7.694,-8.178
55.729,62.542,26.7,6.458,24.518,-40.801,48.795,2.784,12.244,7.931,-12.63,16.361
55.213,81.091,-7.306,-6.842,18.117,-41.796,-25.745,26.581,-7.165,4.9,-8.753,-22.726
54.021,72.874,6.727,-26.596,-3.394,-26.224,-10.552,5.062,0.33,13.256,-22.283,10.986
55.485,46.282,-0.065,-11.205,40.914,-53.576,-26.516,11.78,14.283,4.909,-7.685,3.204
55.354,78.386,-11.251,-34.741,31.572,-36.29,-11.325,7.917,-3.597,18.372,-8.892,2.83
54.526,117.314,-8.766,-30.653,5.567,-50.628,-4.487,8.973,10.984,4.491,-15.89,-7.267
55.493,71.824,-10.848,-9.828,21.594,-20.19,-37.2,2.042,-8.334,13.02,-17.254,-6.748
56.327,58.837,27.41,-28.622,29.888,-23.53,3.648,-3.307,3.026,17.934,-8.057,3.321
55.422,60.51,3.545,-8.52,27.519,-36.034,33.875,10.433,4.925,-0.231,-28.758,11.976
56.078,67.554,23.341,-20.621,15.262,-50.63,2.223,15.315,-13.345,0.475,-1.852,9.135
56.112,72.43,17.075,-6.406,17.277,-31.142,14.982,8.442,-18.416,-1.968,-13.734,3.91
55.23,63.027,7.764,-36.013,19.175,-8.722,-5.336,11.355,-7.778,-5.351,-13.364,-14.682
53.827,10.297,-8.483,-23.008,26.881,-43.636,-13.55,0.917,23.932,9.803,-10.242,-6.573
55.391,32.435,6.61,-48.089,33.745,-22.264,7.248,14.956,17.539,-5.284,-14.803,-0.954
54.253,45.217,-0.244,-35.554,19.509,-36.376,-2.071,19.699,18.164,-1.568,-2.001,6.239
54.467,49.761,16.183,-25.599,21.528,-37.634,-12.505,13.316,0.541,16.399,-8.052,5.408
54.952,94.7,-19.725,-51.784,-11.468,-28.646,-10.57,25.087,-12.993,-14.181,-10.215,-21.215
55.862,101.611,-16.094,-13.731,1.614,-23.65,-32.846,6.895,-15.115,-8.374,6.129,-23.266
55.993,83.456,4.1,-25.991,6.452,-34.938,-21.676,5.689,15.064,3.872,-0.891,-45.536
56.253,75.361,22.532,-13.289,22.92,-43.501,7.205,20.612,-18.64,-2.039,-0.356,-6.13
55.513,56.408,9.206,-0.598,41.803,-35.827,22.655,-12.443,-2.589,5.972,-23.248,-4.285
55.154,24.044,18.667,-21.294,27.345,-22.437,7.251,23.356,21.125,11.696,-10.071,-4.435
54.878,41.522,2.743,-21.335,60.854,-41.276,-19.564,-5.008,25.86,29.429,-25.196,-31.553
56.166,85.141,2.53,-23.107,29.127,-37.515,-12.126,6.724,0.868,-17.055,-9.408,-23.025
56.728,89.803,17.366,-15.547,30.151,-37.745,33.84,14.637,-6.887,3.884,-12.156,4.058
56.708,41.971,23.107,-19.342,54.84,-40.621,-21.935,17.794,19.208,15.423,-0.948,-35.914
56.163,72.229,13.146,-18.135,18.282,-55.092,8.676,8.427,4.389,-0.399,-13.125,-14.728
56.54,77.315,3.379,-8.186,26.057,-33.559,-1.686,7.464,5.903,-3.184,-15.791,12.228
53.847,96.344,-15.015,-57.573,5.608,-16.075,-9.401,-3.759,3.349,1.457,-12.895,-13.526
53.916,75.179,-16.051,-11.723,-4.72,-42.309,-30.806,-8.1,-16.102,-14.015,-14.984,-11.411
55.717,41.261,23.194,-21.13,15.68,-18.102,24.705,26.624,6.57,23.263,10.285,-7.409
55.664,90.053,2.484,2.391,23.205,-35.506,36.608,-2.459,-4.47,8.754,-24.103,12.875
54.848,79.786,-3.522,-25.528,20.299,-13.746,-0.314,37.604,-4.897,9.463,-19.362,1.643
55.055,55.358,-1.001,-30.175,35.669,-23.334,5.429,8.179,12.307,39.766,-16.131,-7.425
54.353,36.217,-4.05,-12.204,13.664,-31.64,-34.996,6.116,1.377,22.717,-1.221,-1.121
54.369,61.625,14.718,-45.951,1.651,-16.556,7.4,48.877,-6.108,-0.488,-10.727,4.107
55.365,90.04,-10.471,-29.905,29.498,-41.489,-3.955,0.077,-19.836,-15.46,-21.019,8.584
54.419,36.998,20.878,-27.927,30.103,-4.73,1.033,-11.131,3.76,26.618,-30.419,-11.082
53.837,59.935,-21.211,-20.544,5.7,-45.164,-29.978,-11.372,0.228,-14.094,-0.437,-13.146
54.481,46.193,9.087,-30.091,-11.477,-23.372,-30.422,-8.225,-3.142,5.771,-4.355,-23.049
55.709,62.223,26.448,-41.297,10.101,-9.744,-18.079,5.812,6.123,4.071,-6.824,-13.947
55.832,93.492,-1.842,2.298,10.477,-22.204,-11.066,17.946,-13.428,-0.415,-29.174,-5.563
53.053,76.723,-24.125,-39.807,-17.927,-45.259,-17.613,-2.403,-2.153,9.839,-4.568,-8.678
57.004,90.274,12.08,-30.469,34.532,-34.373,16.057,28.522,-2.757,-3.995,3.393,13.805
56.727,113.999,-3.232,-2.013,26.477,-58.478,17.39,-4.161,-8.272,6.585,-21.779,-5.079
54.205,87.031,-13.9,-20.599,2.884,-29.967,-9.998,6.847,-11.194,15.01,-12.089,0.08
54.469,101.898,-1.562,-37.8,-1.823,-17.113,4.376,-4.956,-11.896,-5.095,-17.539,5.001
53.938,96.32,-29.548,-35.093,17.351,-24.648,-11.753,-24.826,-15.211,13.994,-12.451,-16.335
56.065,76.57,20.585,4.154,16.925,-40.699,-0.984,-9.826,-1.911,12.398,-21.842,-9.944
51.71,50.85,-14.725,-18.888,-16.043,-44.688,-14.109,-1.728,15.586,13.928,-8.194,-5.638
52.532,76.927,-0.859,-38.505,-18.277,-24.491,-1.011,-4.001,8.624,9.873,-12.143,-5.081
53.288,59.401,0.678,-2.147,-4.484,-29.171,-6.978,6.316,2.012,0.819,8.383,2.339
53.046,82.075,-20.697,-45.546,-17.974,-47.466,-8.582,12.785,10.226,18.139,6.249,-1.683
54.587,79.82,1.773,-11.987,3.553,-58.92,-22.115,2.619,9.274,-7.118,-3.274,-11.02
53.906,75.098,-1.643,-2.567,0.12,-51.066,-18.303,-1.937,7.203,3.39,0.954,-15.616
53.481,68.513,-6.674,-6.362,0.052,-28.306,-23.641,0.779,2.797,6.902,11.393,-9.997
54.295,60.921,4.616,-15.459,-13.544,-18.104,-13.99,4.593,-7.578,7.124,-16.987,-10.678
53.676,65.341,-15.261,-12.86,-31.044,-41.8,-4.76,-11.143,-7.874,9.136,2.682,-15.191
55.369,121.855,-1.406,-47.268,-18.572,-35.382,-6.84,22.813,-11.414,-24.553,-5.912,-26.231
55.233,110.822,-2.423,-21.991,-8.77,-34.693,-13.069,-23.56,-15.193,0.787,-9.376,-23.559
53.912,68.66,15.992,-23.435,-22.74,-10.025,-24.624,-0.11,-16.49,0.224,3.041,-18.188
54.123,69.543,11.928,-1.203,-39.075,-23.792,-22.507,-5.656,-17.112,3.31,-18.065,-15.005
53.633,80.167,11.357,-31.621,-44.464,-22.393,-22.873,-1.86,-0.569,-8.138,-6.633,-24.362
54.712,75.214,0.625,-10.863,-24.6,-28.499,-32.359,-1.912,-10.805,3.209,0.725,-23.875
53.766,71.624,18.662,-23.504,-41.232,-18.534,-6.336,-3.173,-5.254,-1.227,-7.218,-30.361
53.678,71.578,15.031,-44.309,-20.348,-21.259,-14.851,17.078,6.53,11.967,-6.104,-21.074
55.377,90.553,23.751,-4.143,-8.335,-23.214,-21.776,-1.656,-15.415,9.765,-18.725,-17.124
54.114,83.086,16.674,-11.573,-23.688,-46.892,-25.084,-11.3,-7.862,8.049,-18.125,-15.283
53.536,69.819,23.327,-25.565,-21.641,-17.423,-18.9,-3.233,2.661,-0.091,-7.013,-22.693
53.671,65.817,18.955,-30.363,-25.291,-20.454,-20.271,-9.854,2.048,3.726,-19.498,-18.161
54.4,77.501,9.931,-22.342,0.294,-25.889,-40.233,17.149,2.713,6.695,-3.242,-23.863
54.858,91.5,16.723,-15.433,-15.775,-36.281,-15.586,-9.92,-14.143,15.37,-11.101,-33.061
53.853,79.088,-1.75,-14.726,-40.635,-51.208,-18.979,-8.448,-7.894,7.896,-16.822,-19.128
54.764,81.323,-3.829,-32.332,2.91,-44.942,-33.534,20.966,-7.097,-14.959,-1.508,-8.53
54.667,104.187,-15.137,-15.339,2.522,-41.64,-18.814,-9.126,-11.542,7.039,0.087,-19.722
54.541,84.703,3.425,-25.094,8.821,-38.327,-6.081,-7.057,-14.243,7.895,-10.19,-14.92
54.905,73.944,7.37,-8.16,-6.861,-30.682,-19.707,-4.794,-15.925,0.844,0.314,-17.173
53.693,56.851,16.719,-14.891,-27.633,-17.788,-15.032,7.489,-13.701,-8.559,-12.938,-21.034
53.792,62.888,-1.023,-17.88,-35.539,-32.061,-3.909,-13.824,-12.075,-0.742,9.919,-25.408
53.97,59.576,5.942,-16.985,-22.006,-62.913,-28.434,-7.947,-15.008,-5.649,-4.643,-13.422
53.57,53.421,12.021,-11.221,-28.397,-42.302,-25.428,-3.42,-7.202,7.372,-5.707,-23.448
53.751,43.324,-0.284,5.295,-13.35,-26.04,-29.458,3.429,-10.663,-3.775,-4.339,-13.45
53.467,72.269,-4.019,-29.875,-36.996,-17.404,-18.129,-1.988,-2.687,-7.142,5.317,-19.45
53.855,93.567,-7.258,-39.163,-18.202,-24.608,-20.068,-12.062,-5.67,5.679,-15.854,-21.207
54.803,63.004,-0.794,-12.209,-7.416,-28.118,-36.076,3.598,-4.392,-1.863,0.247,-19.803
53.988,58.947,-0.654,-20.412,-13.535,-29.588,-21.894,-12.544,2.536,13.959,-12.595,-21.345
53.839,45.846,6.613,-9.136,-13.317,-24.6,-27.766,7.258,-7.53,-7.565,-5.025,-10.752
54.019,48.089,15.007,-26.28,7.572,-19.83,-8.855,-13.12,-1.269,13.893,-6.889,-21.065
54.668,53.745,8.892,-11.234,0.279,-27.491,-15.386,11.92,2.8,-6.695,-9.834,-15.61
54.158,38.127,13.347,-11.925,-1.778,-39.662,-11.17,1.56,8.082,23.419,-3.339,-24.551
55.214,60.097,16.536,-6.98,0.468,-33.131,-22.822,10.177,-0.894,2.508,5.119,-4.907
54.452,71.566,12.507,-13.037,-0.27,-31.837,-13.265,-0.957,-5.219,9.75,-6.18,-20.645
54.597,51.375,9.673,-21.07,-11.223,-34.59,-16.803,-11.059,-7.016,16.298,-16.02,-13.304
54.664,80.91,-7.557,-25.309,5.418,-12.679,-28.639,19.513,-10.487,-7.682,3.038,-16.446
54.775,76.297,6.67,-39.368,7.092,-28.276,-37.075,-6.192,-16.966,7.108,0.319,-22.888
55.024,79.121,12.801,-22.078,-15.426,-50.074,-40.653,-14.521,-5.507,-0.06,-9.545,-13.329
54.659,81.745,-2.609,0.93,-32.831,-36.105,-25.61,-3.049,-24.416,-6.398,1.549,-16.313
53.693,87.143,28.599,-31.565,-48.298,-26.898,-22.063,6.134,-13.273,3.409,0.135,-23.264
53.821,48.277,-1.796,-7.465,-14.594,-51.132,-42.576,-19.164,-12.077,-8.728,-5.335,-7.152
53.496,72.137,14.064,-40.882,-40.268,-13.869,-26.348,-0.808,-7.284,-9.027,-12.963,-21.415
54.173,70.139,7.768,-11.909,-35.857,-10.216,-26.638,-7.34,-13.534,1.618,-4.79,-17.769
53.919,78.819,7.377,-35.326,-25.679,-28.115,-18.381,1.323,-5.502,7.334,-0.755,-23.569
54.809,78.076,15.004,-20.042,-12.856,-50.157,-21.148,-5.368,-10.905,-5.567,-2.913,-21.049
54.36,65.188,19.059,-21.758,-24.269,-25.142,-24.934,2.456,2.116,3.977,-2.392,-22.567
54.516,87.842,20.188,-15.698,-22.211,-23.695,-23.02,1.692,1.231,11.166,-8.074,-26.872
55.215,77.845,1.763,-15.995,-1.879,-36.089,-20.274,11.656,-15.801,12.428,-4.848,-8.104
53.985,73.452,3.335,-14.559,11.741,-58.995,-34.616,-1.131,-11.059,-5.005,-4.318,-5.448
53.761,63.877,23.177,-19.554,-1.781,-32.646,-24.474,-5.105,-3.323,8.337,-14.334,-17.5
53.213,32.46,12.47,-27.348,-12.235,-21.155,-11.322,-2.779,8.203,4.51,-22.934,-22.615
53.252,55.012,6.656,-27.615,-18.811,-13.789,-19.421,16.053,1.552,-4.007,-13.036,-15.709
52.044,53.666,23.822,-66.224,-25.966,-18.825,-8.448,-6.006,-7.567,11.626,-11.987,-18.509
54.135,63.388,23.302,-6.384,-25.621,-24.632,-11.675,-2.354,-11.526,-2.277,-23.846,-18.471
53.644,46.465,22.134,-20.109,-13.314,-23.082,-13.356,2.575,-3.986,1.182,-15.712,-26.701
53.712,55.239,5.814,-9.687,-16.396,-38.985,-24.787,2.292,-3.12,2.587,0.993,-7.208
53.438,56.382,-16.318,-18.928,-30.181,-34.831,-12.567,13.997,0.281,14.494,5.828,-16.896
53.336,84.093,-25.484,-23.468,-8.873,-55.211,-26.202,-15.222,-3.4,7.487,-9.314,-11.042
53.555,65.424,-0.595,-35.647,-16.449,-22.357,-21.208,3.976,-0.972,8.0,-11.986,-22.865
53.303,47.191,-2.852,-23.018,-25.531,-23.918,-27.665,-2.917,2.579,11.445,-8.756,-24.218
54.063,53.69,8.735,-5.414,-11.855,-21.211,-24.71,-5.931,-7.785,1.248,-4.949,-10.475
53.062,72.601,10.179,-52.925,-23.98,-23.643,-23.623,6.854,-0.801,1.235,-5.195,-16.635
54.417,68.363,8.543,-0.818,-5.881,-54.505,-26.728,2.776,-10.646,-4.107,-1.375,-4.811
53.375,73.921,22.18,-19.925,-9.953,-44.013,-39.49,-2.235,-6.292,2.744,-10.239,-13.041
52.542,68.078,-13.297,-13.315,-35.585,-29.993,-19.978,-15.922,-4.421,9.787,-15.92,-7.983
52.97,57.075,10.98,-50.998,-14.415,-4.705,-26.097,7.012,0.413,-4.771,-10.996,-4.898
55.175,57.612,12.111,-19.386,-17.367,-21.662,0.78,0.001,3.87,1.24,-4.378,-17.995
53.238,30.219,-0.553,-17.432,-29.948,-56.794,-28.892,-1.175,-7.709,12.798,-7.85,-12.282
53.298,45.437,-0.465,-16.022,-12.194,-35.935,-28.93,-2.694,-8.836,-7.802,-0.937,5.992
52.431,41.601,17.029,-42.668,-28.309,-29.167,-19.335,-3.022,-16.148,6.145,-5.45,-1.516
52.823,40.493,1.497,-8.616,-20.105,-57.42,-23.401,-4.437,-1.689,-5.577,-5.391,-2.423
52.941,22.382,10.93,-8.394,-0.057,-31.79,-7.587,1.38,-8.906,5.548,4.707,31.338
52.138,29.784,18.972,-20.107,-20.326,-25.133,-15.535,-0.304,-9.889,1.43,-6.843,4.244
51.471,14.948,-5.515,-44.391,-27.124,-27.837,-28.148,-1.62,2.807,-10.519,3.895,-13.715
52.475,38.332,-2.84,-28.92,-23.361,-42.217,-41.881,10.566,-6.046,-2.931,3.973,-1.263
52.296,39.189,-3.506,-25.019,-21.849,-16.847,-34.527,-7.195,-5.048,2.224,-22.552,-6.486
50.906,13.824,-9.579,-13.013,-17.826,-44.497,-25.588,6.964,-16.304,-10.192,12.919,5.416
50.336,33.415,3.203,-37.519,-40.712,-26.246,-15.132,-5.882,-13.762,-2.991,-0.973,0.216
51.741,49.887,14.472,-41.117,-33.42,-25.646,-44.504,-9.913,-11.117,1.856,-6.902,-3.251
52.23,41.98,19.573,-24.336,-31.961,-38.428,-41.014,-4.687,-9.239,-8.196,-0.537,-0.011
51.992,40.398,-5.474,-5.303,-14.779,-26.779,-24.38,-17.295,-6.303,5.97,-0.748,14.892
51.35,-3.314,-0.479,-6.519,-8.734,-39.889,-27.473,-4.697,-13.133,0.761,9.761,14.859
50.857,23.613,-14.461,-34.22,-42.802,-43.094,-31.053,-13.149,-10.611,0.896,10.383,1.656
51.671,3.465,5.227,-16.104,-35.77,-31.703,-18.705,-8.796,-16.232,7.791,-4.641,17.735
51.27,-2.336,-9.004,-11.772,-14.088,-29.552,-21.465,-5.71,-12.217,-6.796,-3.372,9.767
50.758,-18.878,-9.829,-8.27,-24.654,-38.491,-5.4,-18.294,-12.305,8.918,14.609,5.246
50.457,-22.781,-21.864,-20.438,-1.551,-49.766,-26.515,-22.067,-13.126,0.384,0.997,10.21
49.102,-20.547,-18.127,-32.034,-13.725,-13.578,-41.344,-1.874,2.939,-15.42,-10.666,-4.864
48.591,-8.688,-21.196,-31.592,-4.343,-27.992,-33.963,-5.154,-2.132,1.46,-0.064,7.741
51.011,-2.53,-5.494,-0.069,-9.871,-47.342,-13.226,-11.807,-17.035,-8.24,15.206,13.858
49.54,-19.09,-0.37,-6.381,-21.269,-63.015,-15.575,-9.794,-14.653,7.219,-2.765,7.622
50.491,-7.925,-13.913,-5.709,4.684,-62.306,-18.581,-2.78,-12.287,-17.484,0.835,19.016
49.573,-2.644,-35.687,-22.245,-18.06,-17.274,-18.873,-17.642,2.297,-8.102,14.86,-2.955
50.042,24.618,-13.51,-55.115,-22.255,-23.261,-46.788,1.777,-3.312,-6.697,6.548,-3.58
50.96,6.604,-24.142,-21.431,-14.205,-45.941,-39.659,-15.467,-3.771,-3.617,-1.683,11.983
49.931,1.173,-21.559,-31.559,-38.127,-51.229,-48.115,-18.246,-3.304,8.119,-9.566,-7.519
50.6,-31.186,-10.188,-1.914,-6.737,-54.825,-16.881,-25.383,-20.791,-6.633,-13.945,18.925
48.464,-19.992,-30.756,-25.367,-36.86,-82.413,-39.57,-25.399,-10.49,23.15,-16.572,-0.119
50.652,16.141,8.026,-50.366,-18.377,-18.354,-30.48,6.467,-1.007,-10.212,1.229,7.195
51.772,21.222,-14.72,2.242,-12.149,-17.128,-46.524,-7.476,-4.123,5.621,1.175,-4.68
49.456,4.829,-30.04,-9.019,-21.366,-56.13,-19.258,-8.194,-15.124,0.798,1.846,12.834
47.879,-40.458,8.961,-33.797,-3.432,-28.474,0.181,-1.647,-21.626,-1.749,-8.109,27.242
49.677,-13.332,-14.667,-4.511,-9.379,-3.435,-15.305,9.073,-3.38,-19.146,-2.345,13.551
50.695,20.086,-12.204,-32.679,-22.136,-21.343,-6.055,-4.608,-0.865,-0.533,25.936,7.79
52.004,18.484,11.596,-52.798,-14.516,-22.097,-42.329,-10.744,-5.591,9.605,-7.436,1.422
53.869,51.368,-15.359,-7.186,24.7,-44.149,-51.735,42.345,-26.995,-5.473,6.527,-13.371
53.004,-18.121,4.941,-19.579,44.266,-67.412,0.911,-3.262,2.729,26.486,-15.539,-20.177
52.727,10.521,14.92,-21.184,75.364,-41.227,28.292,-2.879,-16.229,-9.213,-21.199,-16.846
51.242,-35.316,-10.634,0.29,25.277,-36.119,-10.125,10.071,-14.764,0.559,-9.554,-0.562
51.384,40.738,-4.08,-38.138,22.681,-10.919,9.151,-9.927,-24.218,-17.784,-14.691,9.377
51.467,7.296,-49.617,-20.276,78.707,-51.432,-19.633,7.209,-26.114,-1.91,-1.283,-18.686
52.182,62.996,-55.672,-36.03,65.351,-13.488,7.009,-30.403,-48.32,20.5,-15.231,4.913
51.438,38.873,-45.789,-26.544,38.608,-28.057,7.191,-0.542,-32.645,-11.651,-15.362,-6.453
48.476,-27.43,-5.573,-54.43,2.921,-20.725,-4.329,23.69,-23.647,-21.633,-6.819,6.348
49.354,8.915,-36.881,-41.331,-18.573,-20.984,-5.393,-9.468,-8.535,-2.816,12.804,-7.254
51.219,63.404,-24.573,-39.231,3.946,-18.528,-25.675,-12.364,-2.971,-28.045,-15.331,-4.152
50.713,71.605,-12.782,-40.195,20.357,-12.991,10.416,-42.813,-33.567,17.65,-24.044,-0.086
50.344,-11.187,-13.845,-32.917,-8.597,-4.209,-14.254,23.017,-17.026,-0.725,-9.356,12.338
50.027,136.247,-54.351,-34.96,48.977,-49.347,10.07,35.681,-10.691,-24.063,-1.731,7.82
50.98,47.861,-29.933,-35.295,-20.503,-38.69,-14.947,-9.992,-20.196,21.986,-3.727,12.943
51.115,41.102,-17.397,-28.363,-7.921,-28.136,-18.847,1.425,-10.939,-3.7,-2.529,6.486
52.479,-17.027,-0.351,8.549,6.339,-30.725,-6.459,3.062,-15.839,5.738,-7.569,11.688
51.98,12.92,-11.931,-24.797,38.449,-32.352,4.426,26.262,-12.143,-12.059,-9.731,-8.234
49.961,7.871,-31.158,6.2,-0.517,-36.196,-18.851,1.552,-2.964,-7.562,20.207,-13.963
47.754,11.526,-0.237,-13.243,1.833,-28.063,22.082,13.612,-27.015,-9.148,-11.208,25.655
46.816,-2.242,-47.37,8.105,-21.175,-65.747,7.575,-33.153,-22.806,14.41,4.66,25.49
46.985,4.469,-62.134,-50.843,20.113,-52.407,-11.372,3.958,-11.745,-19.053,8.683,22.542
51.015,25.751,-37.883,-14.638,22.885,-19.091,-18.036,18.303,-34.236,1.988,4.516,-8.208
51.693,3.101,-10.057,-21.834,35.503,-33.269,16.741,-5.454,-17.668,27.095,-6.621,-10.136
53.717,27.931,1.603,-24.087,19.836,-36.293,-29.115,-13.094,8.174,-8.788,8.819,0.476
53.47,7.668,27.55,-0.964,45.096,-31.861,-14.608,-7.315,19.942,24.533,-13.376,1.01
50.882,10.203,-1.454,-22.365,25.392,-8.56,-29.003,-8.791,11.287,7.976,-16.801,-14.739
51.109,-46.187,9.459,-39.627,35.77,-31.967,-16.074,-3.52,4.419,-2.388,-13.457,-7.718
51.358,-34.348,-20.743,-16.431,44.032,-31.05,-19.241,0.543,-10.236,-8.223,28.498,-5.871
51.891,50.073,-20.752,-13.205,-27.792,-40.375,-35.595,-13.613,-23.503,6.544,-2.966,-13.341
52.729,44.001,-11.498,-21.733,0.387,-41.387,-38.824,15.395,-23.857,-7.079,-12.376,-6.796
52.532,19.76,-27.669,-34.641,35.727,-16.31,-34.934,-1.092,-11.739,19.038,-7.257,-32.754
49.934,5.694,-29.874,13.09,0.453,-54.701,-28.698,5.431,-6.87,-14.905,-4.36,-13.728
52.579,43.833,-1.217,-59.294,41.173,29.737,-0.375,-16.465,-7.765,21.443,11.387,-20.123
53.734,8.399,7.111,-9.986,2.316,-40.445,-41.143,1.826,0.773,2.125,-1.125,8.843
53.689,18.914,9.115,-19.207,26.521,-54.198,19.607,10.382,-8.531,2.439,-8.027,0.003
53.516,-10.838,-11.01,0.599,40.315,-53.127,-30.415,-4.11,-11.513,6.532,-21.431,-21.331
51.04,13.201,-43.817,-13.022,28.245,-36.941,-3.158,-17.379,-13.49,-1.457,-20.381,-17.152
48.392,-3.361,-57.989,-31.688,34.147,-56.51,0.465,12.106,-31.403,-42.581,3.122,23.325
51.83,-23.367,-2.693,11.851,52.922,-7.781,31.165,8.453,-10.193,-14.864,-16.703,-10.058
49.704,51.323,-27.923,-26.755,18.353,-2.238,23.86,-9.891,-9.625,-16.513,-23.212,5.016
52.261,60.512,-0.365,-27.364,-17.82,20.693,-15.043,38.832,-6.809,-9.31,24.515,-9.23
53.492,23.691,0.168,25.261,25.165,-24.898,2.239,9.588,-9.645,15.433,-0.65,-8.931
52.508,39.033,-21.334,-8.589,41.099,-33.815,-5.084,74.669,-12.225,-0.941,7.016,-8.381
51.918,20.383,-11.243,-4.696,59.622,-42.313,27.469,8.225,-37.938,49.03,-9.159,-13.068
51.789,-2.608,-24.244,3.741,36.099,-18.946,-2.027,16.846,-15.558,-20.88,18.931,-3.699
52.717,56.142,-5.784,-40.224,19.343,7.983,12.292,69.766,-7.746,-14.326,11.316,-6.41
51.795,98.511,-29.245,-16.591,11.416,-24.858,-16.067,-1.156,-37.431,30.736,-20.998,-9.748
50.23,9.27,9.137,-21.909,1.696,2.78,-11.476,-9.284,-28.711,29.184,-26.856,4.456
48.26,24.95,-13.925,-43.054,10.711,-13.045,9.008,-30.547,-40.809,24.516,-32.307,13.422
52.285,58.7,-28.914,-11.558,-17.879,-42.502,-25.471,-5.004,3.858,0.115,6.028,9.378
51.635,32.051,-27.159,0.008,-1.372,-9.848,-21.336,18.237,0.867,-5.472,-6.58,6.814
49.615,32.374,-28.091,5.845,-18.972,-21.446,13.194,-7.398,-14.88,0.552,4.468,3.497
53.592,-0.467,-14.422,-7.25,64.208,-23.074,14.915,21.14,-6.41,-15.217,8.726,-11.404
49.762,-8.627,-51.065,10.421,14.438,-54.017,9.318,-28.541,-22.804,-2.068,1.973,-4.817
47.926,-33.657,-30.589,-16.728,37.572,-30.712,32.987,7.158,-20.002,-26.108,5.66,6.504
48.978,-28.011,-26.621,20.081,-0.626,-20.273,19.057,-13.507,-27.618,-21.649,1.831,18.202
49.31,6.771,-12.967,-83.277,6.54,-10.952,37.047,18.377,-26.768,-28.768,-1.939,6.771
50.097,8.176,5.717,23.754,2.389,-7.482,-5.921,-7.004,-12.53,-18.945,-32.532,-17.633
51.334,98.015,-19.029,-53.64,19.154,3.052,17.578,-39.21,-39.417,-10.542,-13.856,2.346
54.661,13.395,12.844,-15.613,38.701,-28.628,-11.099,0.124,-4.035,-8.289,-11.33,-12.364
49.729,-6.58,-21.229,17.448,-14.377,-36.836,11.611,-19.133,-22.192,-0.611,-2.613,-1.724
49.904,17.752,-23.305,12.626,-0.842,-19.08,3.748,15.119,-13.202,-20.878,26.974,8.676
49.726,68.946,-24.693,-59.826,14.955,-24.28,-3.931,12.311,-1.639,-4.769,5.213,34.083
55.715,94.936,2.292,-37.088,32.572,15.003,-9.019,-61.831,-5.734,20.073,-15.079,-18.165
55.384,30.646,61.15,-3.186,36.776,-41.601,10.412,9.987,29.635,13.07,-17.462,-28.688
54.818,30.614,32.697,8.197,33.931,-36.871,27.503,5.668,25.756,34.814,-11.498,-33.72
55.057,18.625,11.448,-7.143,41.875,-35.971,16.546,15.436,17.223,11.758,-1.479,-23.464
54.847,40.538,31.851,-46.664,46.665,-35.003,19.9,-0.836,22.286,19.515,-12.256,-16.986
56.677,22.014,35.172,-9.61,69.924,-57.608,21.77,8.293,24.446,15.026,-18.945,-18.87
56.557,69.158,20.893,-19.215,43.132,-38.603,12.498,-1.314,5.747,11.581,-12.678,-14.495
56.101,61.863,26.889,-10.832,2.577,-41.086,-10.631,7.112,-8.03,5.861,-6.277,4.398
54.607,110.803,-10.371,-38.783,-10.63,-33.092,-15.743,25.762,10.16,-8.521,-2.443,-18.764
54.919,82.211,-12.947,-20.743,16.083,-24.901,-18.771,-1.149,-2.845,16.792,-21.928,2.083
55.221,45.905,30.449,4.737,37.472,-38.396,-5.865,21.017,15.156,9.573,-18.847,-6.633
54.336,32.553,-9.334,-4.686,28.073,-48.108,-24.349,1.26,-3.133,7.854,-18.959,1.22
53.9,57.16,-8.326,-29.771,11.752,-21.944,-3.389,-7.964,3.027,17.651,0.816,-8.854
55.012,65.093,16.974,-1.119,25.27,-46.913,-29.944,24.598,24.33,27.475,-5.212,-39.096
54.964,73.679,-18.973,-23.317,36.248,-32.39,-25.574,-11.654,-19.204,18.696,-4.44,-15.489
54.634,74.585,-24.229,-40.817,25.945,-37.203,-17.885,4.129,-22.361,10.553,-20.607,-17.099
55.317,84.561,-8.38,-26.987,18.265,-14.568,-20.013,-2.473,-19.383,-13.346,-13.892,-23.833
54.623,47.849,1.984,-36.551,35.801,-18.547,-33.479,6.018,-1.195,11.478,5.45,-12.051
55.079,141.634,-35.432,-38.54,-2.059,-28.167,-32.341,17.914,-19.085,-4.502,-14.188,-17.835
55.052,110.279,-7.967,-31.035,39.22,-23.112,-10.983,-0.849,-32.07,14.857,-16.445,-11.293
54.753,93.421,7.701,-35.878,25.491,-18.063,15.584,-20.828,-6.788,21.806,-20.641,-13.035
54.661,94.008,-16.388,-17.389,13.418,-23.982,-20.643,21.669,-0.869,-13.101,-4.803,-22.418
53.625,85.303,-14.614,-10.241,-4.272,-32.586,-2.812,-1.422,2.823,-4.735,-16.016,10.443
54.898,57.5,-13.09,-12.683,22.468,-50.71,-37.797,11.813,-7.094,-3.87,-2.83,0.596
54.897,66.791,6.505,-39.65,39.704,-20.901,0.516,-17.555,4.003,24.619,-17.307,-18.361
54.843,78.483,-1.949,-18.692,15.186,-48.541,-12.352,26.156,-0.362,9.332,7.347,-13.658
55.031,61.601,-9.881,4.769,27.054,-44.467,-44.314,7.918,-10.544,8.039,-19.274,-8.93
54.295,60.216,16.212,-31.113,21.199,-4.058,10.799,2.274,-2.88,22.789,-14.95,0.105
55.388,74.923,3.153,-18.627,33.827,-48.937,-34.092,13.344,-19.531,5.906,6.912,-0.401
55.848,104.52,1.504,-13.629,29.809,-26.894,-11.027,-21.517,3.399,14.828,-6.396,7.778
54.627,55.166,2.214,-29.367,3.077,-18.3,-19.324,21.323,-11.09,19.383,-6.094,-19.714
54.694,59.268,-13.422,8.455,9.773,-43.26,-12.07,-7.556,-2.996,3.556,-17.602,5.45
52.774,15.767,0.103,-28.575,26.36,-33.607,-21.737,0.503,27.154,12.12,-3.939,5.33
54.061,41.305,22.908,-56.519,31.543,-30.258,-22.863,26.281,11.006,6.407,-1.491,-15.562
55.862,88.663,-8.235,9.883,20.15,-29.149,0.001,-20.559,-13.134,9.149,-31.97,-7.085
54.394,46.673,-3.941,-28.307,14.438,-21.834,-34.536,3.992,0.806,4.263,7.688,-12.641
54.268,110.445,-29.79,-45.879,-14.791,-37.856,-19.275,17.491,-19.515,14.93,-2.79,-27.993
55.164,131.277,-46.777,-35.618,25.356,-31.653,-20.375,-13.806,-21.527,8.459,-19.133,-7.472
56.029,111.963,-22.442,-20.787,2.413,-22.249,-33.901,10.809,-12.59,-4.554,2.663,-30.952
55.85,72.688,-8.531,-35.269,48.908,-33.08,-9.88,3.527,17.852,19.685,-3.641,-45.787
56.478,85.645,-11.964,-28.336,50.099,-40.092,0.992,-11.883,-6.764,0.881,-29.635,-32.869
55.85,92.232,-9.187,-32.549,52.394,-40.181,15.452,-4.374,-3.178,11.522,-19.883,-16.07
55.067,43.243,-4.034,-22.316,48.71,-36.012,-7.83,-2.879,22.964,16.155,-15.882,-28.494
55.74,81.435,1.62,-30.543,31.864,-50.36,-36.686,11.623,3.692,-2.5,-12.534,-18.487
56.716,101.683,2.004,-42.534,30.415,-39.033,16.157,10.639,-0.091,9.216,-1.354,6.505
56.791,92.088,-10.786,10.965,39.171,-51.669,33.073,-14.283,4.185,12.084,-17.973,10.08
56.076,55.011,22.07,-23.677,48.032,-28.466,-17.378,9.388,5.097,11.023,3.758,-31.265
55.319,95.626,16.335,-28.21,32.341,-36.55,-6.397,7.499,-5.807,16.05,-11.944,-9.203
55.183,64.754,-1.626,-8.482,27.912,-28.892,-5.941,-3.607,2.974,15.537,-16.582,2.596
53.636,100.049,-18.992,-40.917,-4.792,-21.864,-12.555,-12.844,3.15,8.485,-14.966,-19.266
54.607,77.149,-14.763,-2.963,4.01,-53.302,-20.055,2.721,-5.172,-6.135,-1.895,-11.919
53.462,48.307,10.407,-62.248,7.759,-17.424,14.24,9.558,12.117,15.333,-19.656,-3.57
54.901,80.878,-19.326,-5.879,24.64,-47.907,-12.4,44.891,-8.219,9.912,3.232,7.833
55.536,65.556,13.319,-7.134,29.789,-31.94,4.594,6.429,19.562,11.256,-14.412,-7.804
54.141,43.561,2.085,-4.372,10.955,-29.821,-31.906,-2.46,2.438,22.118,5.0,-10.612
54.44,64.3,12.613,-51.011,3.715,-32.155,-9.241,42.203,0.414,9.997,-12.368,4.597
54.854,103.362,-27.815,-19.515,24.73,-28.846,-10.441,8.71,-13.465,7.583,-12.397,1.809
55.489,42.165,20.111,-3.014,47.555,-21.623,1.218,10.93,21.043,16.762,-20.644,-23.637
54.94,55.777,-8.845,-19.916,9.465,-40.502,-28.278,-21.033,-7.99,-13.286,-9.01,-10.557
55.417,66.676,13.465,-24.384,28.436,-28.074,-22.567,35.186,1.027,-4.811,-0.67,-4.837
53.257,101.74,-30.627,-37.85,0.726,-33.757,-19.306,-7.367,-1.486,10.435,-8.108,-12.1
53.339,67.144,-36.494,-43.71,-7.738,-53.724,-19.016,-7.927,8.462,14.951,-10.807,-4.18
56.179,69.818,16.52,-32.753,29.967,-21.172,6.821,20.655,-4.288,2.416,9.095,13.005
55.938,96.465,5.897,11.179,21.719,-52.928,14.226,11.623,8.273,4.922,-15.173,14.987
53.432,71.83,5.819,-58.141,1.989,-32.011,7.028,4.809,-10.434,6.62,-11.049,-2.92
53.624,88.188,-34.419,-22.508,11.912,-17.942,-1.698,-20.736,-15.086,3.09,-20.877,-11.571
54.57,68.846,14.854,-33.449,-7.067,-14.332,9.554,-0.596,0.74,2.269,-7.516,-4.833
53.176,60.572,-8.623,-2.979,-14.602,-70.574,-26.103,1.539,-5.389,-9.33,-8.739,2.474
51.684,85.495,-3.951,-31.458,-24.127,-35.771,-18.984,3.632,5.965,5.036,-8.393,-6.475
52.041,78.959,-12.454,-29.799,-27.453,-24.93,-16.694,-6.877,-3.297,4.819,-15.007,11.583
51.826,68.809,-0.85,-42.945,-19.206,-15.824,-14.481,-2.822,-4.361,14.462,-18.786,-0.547
53.377,55.356,-10.107,-27.633,-8.457,-54.675,-18.909,-4.799,14.69,-4.227,-1.714,-6.684
53.267,71.252,-3.537,-29.309,-13.881,-29.89,-30.44,-9.077,2.238,11.884,-5.071,-6.864
53.069,71.061,0.876,-24.379,-10.342,-47.428,-24.805,4.702,12.492,1.259,-4.693,-6.743
53.333,61.464,-12.975,-27.131,-13.935,-48.82,-24.354,-0.603,11.783,-0.918,-11.123,-3.88
52.859,67.789,-10.53,-33.924,-13.038,-23.588,-17.627,-1.829,12.945,12.417,-17.708,-4.265
54.12,59.589,5.281,-19.973,-33.361,-14.41,-11.793,-3.662,-15.536,3.451,2.333,-16.982
53.371,60.691,-2.377,-17.402,-29.835,-36.433,-22.697,-18.081,-2.24,3.702,-18.864,-10.661
54.34,89.726,13.616,-46.815,-27.04,-42.165,-6.044,22.114,-3.222,2.42,8.838,-19.55
55.903,76.088,12.316,-3.168,8.198,-31.408,-24.411,0.869,-5.474,9.797,1.218,-3.319
54.306,63.743,25.364,1.391,-32.231,-26.822,-2.815,-1.801,-1.274,3.22,-21.23,-7.82
54.302,59.297,34.651,-19.83,-8.911,-18.289,-8.933,9.95,-8.618,3.721,-3.309,0.636
54.705,60.84,28.206,3.973,-13.916,-25.091,16.905,-7.889,-6.74,4.267,-13.677,17.256
53.373,72.325,45.585,-32.08,-31.368,-26.001,-10.78,1.79,-6.638,-1.801,6.776,-8.385
54.598,72.628,21.496,-7.779,-17.497,-46.61,-25.048,0.966,-12.076,-1.106,-1.588,-3.892
53.807,70.694,18.72,-18.121,-42.395,-19.519,-13.594,6.305,-12.63,-0.706,-5.737,-4.6
53.874,65.748,28.012,-19.968,-20.102,-11.739,-20.452,8.935,-8.95,-2.913,5.907,-8.566
54.443,79.503,15.694,-26.765,-22.118,-28.89,-4.893,14.351,-3.021,0.043,8.625,-11.419
54.87,79.127,14.484,-6.974,-9.741,-36.009,-24.089,6.146,-10.819,7.352,0.458,-12.241
54.681,70.349,22.729,-17.226,-12.861,-11.825,-8.588,12.569,-9.231,-2.446,8.08,-5.381
54.477,68.813,43.307,-17.508,-21.918,-26.34,-3.412,-17.628,-0.371,1.981,-11.565,-10.216
55.244,31.997,26.075,-12.451,-9.756,-44.135,-34.376,-5.567,-2.69,10.124,5.602,-28.522
56.143,78.223,22.586,-14.202,21.953,-43.688,-30.647,24.397,-11.359,-2.914,0.018,1.362
55.242,94.836,20.87,-17.831,7.51,-26.599,-6.754,-25.702,-14.486,20.301,-14.941,-3.671
56.246,89.007,21.969,-24.39,16.921,-40.231,-13.685,15.793,-14.228,-9.353,-8.545,0.256
55.841,62.893,19.424,-13.584,30.327,-27.444,-7.277,-17.47,-6.223,7.301,-13.539,-2.525
54.206,20.376,25.765,-25.552,-1.625,-33.371,-23.654,-10.346,-3.005,6.462,-6.636,-3.822
55.129,31.699,29.785,-3.171,16.57,-26.605,-26.339,-4.726,-6.928,-6.398,1.282,-3.709
54.092,35.297,38.124,-16.309,-10.725,-26.399,-16.563,-7.721,-8.424,4.988,-4.742,-7.291
55.055,43.563,31.164,-10.563,2.745,-12.596,-22.225,-8.779,-7.168,1.459,-6.686,-10.75
54.108,50.052,25.117,-12.555,-8.035,-14.65,-8.414,5.805,-10.494,-5.206,-0.676,0.376
53.594,73.644,1.662,-34.739,-19.533,-34.079,-10.715,30.725,-4.985,-4.889,-0.392,-15.967
54.334,89.869,-17.079,-13.282,-1.246,-31.671,-24.496,-7.823,-8.604,23.204,-23.96,-17.57
54.197,73.131,-10.877,-26.845,10.436,-23.112,-9.223,2.753,-8.933,0.625,-2.285,-9.376
53.355,69.678,5.754,-20.357,-16.581,-35.475,-18.429,-4.912,-11.508,15.684,-12.374,-11.09
52.446,44.762,-24.534,-8.12,-29.887,-34.277,-28.02,2.755,0.143,3.582,-12.644,-7.056
53.757,64.2,14.935,-33.897,3.705,-0.536,2.762,11.842,-6.193,1.02,-11.123,-4.415
53.266,40.083,27.908,-41.237,-0.332,-14.602,-15.985,-11.462,-8.197,8.993,-6.691,-21.38
54.662,52.019,19.757,-12.795,12.398,-34.183,-25.423,9.812,2.504,7.024,-0.445,-8.706
55.035,89.511,7.532,-16.485,19.842,-28.009,-10.034,-9.219,-16.663,7.291,-14.552,-7.419
54.502,44.399,30.361,-26.432,15.81,-20.125,-17.377,4.499,-1.559,-0.245,-13.283,-1.094
55.799,65.532,28.436,-21.101,15.337,-31.676,-10.501,15.075,-7.535,2.149,9.895,-1.102
55.519,72.416,23.344,-15.989,29.189,-28.789,-38.788,-19.971,-7.846,17.295,-10.897,-13.906
55.795,67.23,36.422,-8.673,-5.228,-27.365,-37.85,-4.451,6.304,-0.129,-9.953,-19.911
55.295,56.69,25.944,-1.444,0.434,-34.549,-33.145,-14.456,6.739,13.353,-1.459,-9.612
55.609,49.782,35.622,-13.061,12.021,-38.983,-4.171,-21.949,-16.89,0.07,-6.959,-1.323
55.078,41.99,37.916,-11.46,-4.239,-38.427,-13.18,4.952,-1.915,-4.389,6.989,-12.109
55.189,53.819,29.768,-14.958,-3.818,-37.701,-22.653,-12.855,-8.184,-7.576,-8.217,5.811
54.354,42.586,36.512,-20.372,-2.942,-16.493,-24.832,-7.443,2.24,-2.688,-13.182,-13.881
55.134,61.524,26.896,-2.911,-13.607,-37.738,-18.715,-15.901,-8.464,9.299,5.141,-0.91
54.365,43.695,36.753,7.925,-13.199,-37.493,-20.854,-13.53,-10.913,0.175,-19.557,13.651
54.493,61.163,35.726,-41.687,-1.159,-25.772,-15.804,33.226,10.097,-0.85,4.751,-21.98
55.601,95.867,19.75,-8.43,-8.009,-36.491,-12.237,-4.812,-10.197,2.032,-3.951,-3.703
54.526,55.875,19.156,-8.336,-9.149,-40.298,-25.911,-13.879,-3.163,24.721,-18.086,-14.236
55.183,49.335,29.703,-11.585,-3.86,-22.693,-9.005,-7.471,-9.217,-3.275,13.211,9.107
55.494,69.222,13.55,-21.419,4.576,-40.44,-28.648,17.018,0.512,-6.599,-0.683,-7.707
55.029,64.287,-1.211,-25.353,-4.97,-44.654,-2.279,-7.713,-11.974,7.481,-20.222,-2.746
54.831,84.466,20.64,-18.253,7.527,-50.639,-18.154,12.876,-17.06,-22.913,4.24,-1.248
55.767,84.393,13.978,-24.759,11.077,-34.036,-1.671,-3.299,-14.22,3.744,-6.236,-1.705
55.549,68.932,30.419,3.356,2.853,-37.1,2.471,-8.218,-25.817,-7.605,-13.077,-4.5
54.396,36.786,27.678,-19.871,5.64,-15.914,-8.801,11.284,-14.516,-7.404,-11.054,-6.243
53.575,21.789,19.653,-29.447,-0.831,-27.889,-20.505,8.182,-2.479,10.06,-19.683,-3.129
53.434,32.693,19.713,-34.807,-11.664,-24.082,2.17,-11.899,1.679,12.474,-6.092,0.152
55.059,51.721,22.146,-16.447,-2.946,-17.944,-17.895,-4.245,-1.685,-3.453,2.494,-10.645
54.834,40.082,32.848,-9.214,-5.664,-24.739,-21.809,5.14,-10.893,6.1,-10.579,-14.371
54.182,40.414,16.456,-1.028,-6.174,-13.296,-9.981,-4.859,-4.917,-2.773,-0.415,-11.322
54.519,63.053,-6.949,-37.553,24.854,-31.532,-29.671,3.296,-4.549,8.346,-17.495,-14.246
55.733,53.949,25.166,-5.562,16.161,-34.459,-2.309,-0.134,-17.322,9.292,0.593,5.189
53.689,25.319,23.052,-7.067,-7.361,-23.334,5.108,5.279,-6.718,-1.767,-16.844,-4.388
54.279,36.778,10.173,3.848,5.279,-30.777,-20.311,-11.236,-7.457,-1.046,11.253,-4.781
53.623,26.754,16.068,-19.464,-17.097,-33.89,-13.184,-5.407,-7.108,12.955,-9.188,-0.799
54.492,59.052,15.503,-35.44,6.462,-29.677,-9.852,20.031,7.335,-4.53,6.303,-11.782
55.646,69.612,21.258,-13.869,23.28,-23.025,-15.282,7.35,-8.675,6.496,-0.471,9.438
55.04,55.6,20.649,-19.372,4.93,-54.128,-10.986,3.617,-2.884,3.129,-0.945,-13.181
55.703,67.578,12.038,-9.469,31.375,-30.35,-10.507,11.663,-1.675,7.74,-4.449,-4.849
55.172,74.085,6.831,-25.264,17.299,-25.242,-13.71,-13.211,-7.077,4.819,-18.094,-15.034
51.696,47.637,7.844,-20.039,-29.236,-27.251,-8.021,4.438,6.555,7.277,-19.88,-9.348
51.04,37.762,-7.141,-32.795,-24.005,-30.364,-21.599,-8.789,3.256,10.648,-6.13,-2.479
50.199,32.52,10.587,-20.085,-38.656,-28.319,-25.955,-12.606,-28.024,-0.759,-19.858,-2.353
49.496,45.191,3.368,-22.264,-30.846,-31.46,-0.386,-7.562,3.092,0.912,-7.234,-9.542
49.039,22.662,-4.998,0.022,-20.331,-24.452,-29.946,1.599,-8.26,1.717,-16.466,-5.689
37.682,10.85,-109.796,163.287,-21.294,-5.521,-69.317,16.631,-2.003,-19.543,-99.49,7.093
