6.653,110.534,115.867,-83.738,73.0,-16.675,120.488,-25.915,-23.591,38.668,-2.085,-11.359
19.083,78.264,272.921,27.29,88.255,-15.087,107.049,18.497,6.059,25.678,-0.21,-11.83
25.479,73.082,296.13,63.657,113.771,-25.13,93.47,6.551,5.333,13.757,-8.136,-2.423
28.27,79.634,292.572,66.412,112.421,-24.467,86.397,32.817,5.342,10.473,-14.322,-0.735
30.128,139.73,265.051,26.924,64.845,-1.777,63.484,26.611,4.04,13.48,-0.995,-12.882
32.709,152.293,260.593,82.148,72.837,-33.175,52.097,17.79,10.129,11.767,1.311,-8.571
32.28,142.155,261.835,68.305,81.792,-26.105,56.539,9.464,5.838,9.532,-5.792,-0.032
32.099,99.067,257.99,90.547,91.959,-24.438,77.724,28.134,3.324,12.549,-23.309,-2.95
31.265,131.674,271.824,55.81,71.483,-16.094,61.376,27.157,1.455,-0.035,-2.447,-8.194
32.455,101.838,280.729,99.572,101.659,-26.764,76.685,9.681,4.849,9.854,-21.375,-0.915
31.213,89.562,271.949,106.635,100.14,-38.455,74.152,24.188,7.215,1.3,-11.178,-2.4
29.238,98.082,255.458,101.177,98.93,-41.261,65.994,49.609,4.538,3.195,-9.274,0.234
28.724,141.405,244.879,87.091,70.487,-15.01,51.037,6.487,-3.002,-7.095,-13.121,-6.011
29.337,112.384,276.756,62.68,92.857,-6.029,69.901,7.394,1.702,5.146,-9.067,-4.245
30.125,120.685,269.94,75.129,77.668,-22.697,67.946,20.287,3.439,-1.556,7.507,-11.337
44.654,73.282,94.889,-4.75,53.194,57.523,14.766,11.147,4.653,17.77,14.889,17.867
47.933,93.207,73.803,1.726,13.724,-0.244,-25.55,-2.968,-5.522,-14.063,-20.629,5.906
50.285,96.281,106.334,-9.814,26.38,-42.331,-55.289,12.462,-23.93,6.255,12.349,10.048
48.79,85.423,65.035,69.718,22.092,-57.716,-46.645,-52.768,-20.138,19.309,-17.257,28.077
49.083,94.532,61.175,-8.591,38.056,8.977,-23.85,10.0,15.495,-7.911,24.094,23.885
47.922,102.467,107.688,-39.304,33.197,-17.792,-26.662,-5.077,-3.791,4.451,-2.84,0.788
48.754,139.881,71.005,64.403,2.441,-5.328,-44.757,-50.162,-14.738,-9.991,-14.574,2.577
44.288,40.321,51.263,14.559,13.594,-11.185,-43.504,-17.627,-6.991,-14.1,-10.589,8.805
48.177,107.555,93.918,-1.525,7.931,-19.256,-31.362,-1.632,-26.483,8.538,16.493,11.762
49.71,135.08,95.775,15.792,12.15,-14.234,-10.585,-6.439,-15.501,-19.889,-21.654,16.648
48.528,95.602,82.001,2.552,16.655,-4.294,-11.76,2.885,-1.69,-20.385,-24.049,7.756
48.223,53.661,71.158,15.956,50.9,-7.346,-25.516,2.466,14.042,-21.271,-25.188,11.681
46.678,49.466,78.499,5.769,53.533,-0.047,-31.04,-5.257,-2.325,-11.552,-19.823,9.397
48.452,80.552,111.413,-34.154,59.032,-9.24,-16.609,19.358,-6.938,-7.379,7.701,0.928
48.588,105.822,58.956,73.932,28.421,-17.259,-32.209,-28.946,-4.787,4.999,-25.567,34.436
45.157,62.268,113.96,-116.577,11.962,-24.591,-22.481,42.805,-14.125,4.797,18.849,15.865
47.561,90.299,71.085,19.689,35.856,-5.76,-27.491,-17.797,-10.826,1.664,-9.575,14.318
46.632,80.379,87.146,6.042,38.48,15.47,-17.247,5.123,6.343,-22.051,-30.279,20.438
47.01,106.63,69.265,39.34,31.326,-21.301,-21.072,-24.239,-4.994,12.166,-11.848,32.993
47.419,92.015,112.361,-10.978,42.594,14.362,-19.72,29.334,11.295,-32.977,-2.637,17.753
44.423,2.83,89.667,56.645,44.08,-38.604,-17.866,-36.751,-2.453,-0.168,-11.206,20.038
46.055,37.669,84.327,27.773,62.594,9.886,-47.288,-22.865,-17.452,-0.952,19.601,1.565
44.449,13.937,122.494,-1.887,44.134,-20.139,-48.525,-16.889,-14.057,-4.434,4.403,-1.619
48.977,-13.843,23.693,-22.453,-8.189,-12.882,8.298,-30.669,-3.559,-8.394,7.307,3.665
55.183,69.874,87.696,37.594,24.696,-45.836,-4.395,-18.408,-28.176,-2.378,8.956,4.242
53.369,52.187,-31.245,-18.369,-19.831,-70.785,-23.172,22.999,11.762,-5.683,-8.387,-23.239
52.378,41.428,53.066,-52.897,-1.691,-23.68,31.3,-24.426,-3.227,6.705,-6.07,-25.066
54.653,136.079,33.1,-8.643,20.141,-37.192,-26.593,26.712,6.985,-14.346,-7.923,6.529
52.776,27.805,-10.704,10.137,-15.944,-26.546,-4.972,-14.464,-7.77,39.28,-14.878,10.033
54.228,-18.715,3.438,-15.509,15.641,-29.629,29.404,-11.356,-1.668,19.57,-7.025,-13.819
52.956,-27.062,33.029,41.722,16.033,-30.761,34.928,21.757,-0.845,1.839,-18.445,-0.445
52.856,84.965,25.475,-6.4,-6.693,-8.162,-3.011,-46.539,-17.314,9.547,-31.786,18.024
51.582,-15.381,26.434,1.416,1.364,-33.993,27.859,-40.569,-20.829,42.754,2.411,-1.685
51.795,-41.942,18.512,18.702,31.989,-34.467,37.421,24.896,11.334,6.65,-33.481,3.61
53.809,124.427,-18.376,-25.713,-40.894,-27.428,-16.954,11.516,18.041,3.567,-23.036,16.093
53.663,31.472,16.178,-25.847,-31.034,-21.015,-5.149,-17.361,-12.373,33.288,-5.822,-26.841
55.527,62.929,58.12,8.708,26.909,-43.713,18.225,4.481,-3.954,-4.078,0.413,-11.916
54.054,14.41,58.411,37.816,20.057,-45.594,-25.854,9.28,3.187,6.509,-19.179,-27.561
51.811,-1.537,-7.586,-1.855,-14.154,-66.522,-6.593,-34.271,4.512,28.033,-27.366,1.131
53.272,4.0,2.316,-12.742,-0.935,-7.854,-15.54,35.236,24.426,-10.582,-16.31,-20.91
48.971,63.389,49.66,-29.649,-3.28,-25.839,12.982,1.92,-1.259,-11.446,6.166,-9.858
52.135,70.465,21.34,-17.336,-1.732,-4.363,23.982,-15.195,-22.939,-0.224,-34.182,4.565
54.913,41.046,41.053,-48.792,-17.157,-10.154,7.67,18.39,7.093,-9.866,-12.071,-23.422
57.57,126.515,9.078,-4.536,-8.855,-35.445,-18.544,-1.668,29.421,11.343,-23.214,-33.304
55.943,141.899,43.54,-4.432,-22.148,-16.347,-15.427,15.231,-5.052,-38.887,5.563,-25.406
55.19,73.528,75.913,3.181,34.73,-28.224,7.316,3.025,-14.404,10.706,10.616,-23.235
54.962,86.768,61.511,62.286,19.368,-15.428,5.103,-31.083,-3.576,1.599,-43.594,10.169
52.093,38.099,16.941,-65.147,-31.846,-10.643,1.7,68.545,-8.345,-5.279,-10.449,-5.584
52.921,59.684,43.132,-32.373,-6.564,-15.36,-61.346,9.514,10.854,-16.666,13.082,-32.988
53.334,50.766,10.376,5.743,3.045,-14.19,-18.959,-16.205,-8.234,9.027,-28.888,-12.023
51.3,-3.589,19.052,-9.481,10.876,-22.545,34.687,-27.374,2.058,7.996,-28.726,1.723
48.513,-20.462,-58.399,15.134,-11.443,-83.267,1.537,9.081,-6.648,4.504,-30.825,2.426
52.235,59.435,-8.864,54.612,24.066,-43.388,1.875,-0.857,-16.291,-14.869,-36.724,-4.139
48.015,20.804,12.378,-33.775,-7.848,5.533,29.007,-12.513,-1.455,1.095,-1.611,-0.489
51.781,-20.938,-4.029,20.124,0.036,-51.92,26.709,-17.483,2.922,17.414,-8.16,-8.503
50.173,-11.404,58.068,-12.39,11.141,-43.396,19.538,31.847,31.901,-8.366,1.029,-39.488
54.018,46.139,8.113,-1.807,10.271,-31.226,8.827,-15.048,-3.803,-5.654,3.882,-8.448
53.826,3.717,40.421,-5.216,4.172,-36.019,17.725,4.512,-8.604,7.916,-7.036,-13.413
53.954,57.362,-9.935,-16.24,-28.759,-43.572,-8.537,13.808,17.18,-7.816,-21.265,-12.023
53.142,8.336,44.833,-30.315,10.281,-31.404,9.927,1.324,-7.608,25.514,-7.526,-36.19
54.556,144.39,32.839,2.589,32.292,-37.326,-34.339,24.185,20.027,-13.898,4.445,4.346
54.645,24.077,16.37,-31.531,-22.444,-43.653,6.667,-7.572,-15.949,25.038,-4.534,-3.446
54.61,41.792,10.184,21.703,-4.014,-17.893,15.706,-17.102,4.315,17.117,-34.82,9.802
50.482,5.895,29.196,-25.557,15.85,-16.946,-6.802,-2.229,-21.358,-11.702,8.437,20.179
53.981,29.538,-14.698,9.158,9.08,-42.645,-14.601,-14.27,-7.662,-12.708,-13.113,4.958
51.724,-21.957,9.692,-24.344,11.325,-28.725,17.164,-6.329,11.258,5.889,2.555,-1.542
53.002,-11.365,21.994,-11.924,31.183,-52.666,27.483,-3.948,36.402,21.777,-23.565,0.001
53.178,-18.303,34.285,-16.595,-3.095,-35.6,27.22,-7.683,-13.261,2.049,4.415,-9.713
54.65,37.471,41.313,-37.736,-7.015,-27.28,2.4,14.688,10.261,-19.511,-10.784,-4.742
56.098,52.299,12.984,-13.883,-22.799,-35.334,-23.1,-13.719,9.31,-0.111,-8.578,-52.662
55.984,69.339,53.363,-9.671,-17.502,-21.86,2.422,0.495,-5.713,1.439,-10.169,-43.034
54.726,76.606,31.039,54.809,7.751,-20.272,7.985,-23.763,15.564,-8.182,-31.821,-8.478
52.589,41.776,0.811,-0.242,-10.022,-1.487,-6.947,22.039,18.31,-25.785,-47.254,-6.442
54.494,56.327,1.497,-7.806,-13.849,-31.314,14.531,1.833,-13.639,-12.217,3.829,-2.004
54.288,28.547,51.764,6.993,-21.187,-46.487,50.571,-16.223,-19.631,48.282,-16.091,0.217
53.828,25.503,42.634,31.668,-24.886,-16.607,47.126,11.537,-11.828,-3.855,-45.665,9.211
53.712,56.118,12.986,-27.659,-55.487,-28.481,-15.914,-15.013,-21.385,15.04,-1.751,-16.19
53.582,114.322,-5.83,58.97,-6.022,-6.036,-28.451,-12.154,-16.024,-24.578,-49.662,-3.551
54.088,99.016,53.488,-20.737,18.044,33.877,-19.028,15.708,-17.473,1.675,32.284,-22.496
54.98,55.259,15.921,-22.928,-23.8,-18.613,20.711,-17.184,-8.825,1.233,-15.101,9.403
53.523,-10.699,45.625,6.679,15.027,-41.343,69.141,20.207,28.129,2.976,4.206,5.921
54.111,86.302,43.153,-3.838,4.671,-19.275,-22.196,-22.746,-0.172,-10.774,-15.772,-6.614
54.323,46.587,-1.388,5.196,11.268,-34.866,-9.33,3.622,-13.472,-9.568,-12.323,-4.954
52.972,65.676,-6.333,-40.471,-3.944,-4.464,-17.134,-32.491,7.372,-8.081,-10.837,-15.253
51.773,-22.56,-3.202,44.942,12.063,-40.126,13.52,-1.041,-10.142,-2.369,-28.975,18.96
49.262,-8.401,-61.821,23.029,-24.012,-70.851,-1.757,0.645,-20.584,19.003,-5.302,6.482
51.41,55.465,12.796,-10.756,25.657,54.187,27.779,13.216,-20.004,-12.222,-6.595,-21.49
49.889,7.662,20.568,-44.866,7.546,19.503,28.388,-20.307,-7.621,-9.362,-25.205,6.449
53.74,-16.799,16.638,-43.935,-20.201,4.055,-12.729,15.056,-5.233,-16.446,-22.124,-28.401
52.82,146.084,-50.72,-68.677,27.417,-30.036,14.469,-36.703,7.523,-18.057,-4.518,4.373
55.283,41.616,-10.085,-3.559,33.628,-46.899,-22.406,-12.693,-14.949,-6.876,-15.434,2.888
53.529,35.913,1.884,3.853,-0.519,-22.484,-32.328,11.51,4.344,-5.013,-31.039,-13.6
49.378,30.403,69.184,-41.832,47.12,23.664,-26.66,43.831,-0.5,-16.483,-11.862,-13.142
47.054,25.297,70.589,13.427,10.149,2.187,-48.48,-19.674,-23.322,-7.838,-6.814,-13.104
51.601,59.005,105.223,19.105,48.573,-9.036,1.199,-11.97,-13.101,-16.991,7.509,3.647
47.274,-0.75,5.986,112.732,42.492,-8.746,-34.232,-28.827,-2.184,-30.299,-18.49,-21.262
49.671,84.346,69.939,-20.11,51.186,46.642,10.223,-41.978,2.344,-10.297,30.745,4.161
50.174,17.241,61.461,39.698,39.027,-21.031,-31.721,7.779,-1.215,-6.945,-23.109,-9.531
46.74,78.253,52.02,-20.665,24.478,47.185,-11.274,4.07,-26.953,-50.808,9.637,-7.665
46.997,134.776,-25.198,-41.758,53.71,-24.859,-39.35,-81.524,-1.546,-7.116,-11.072,19.395
49.063,81.358,5.98,-74.498,-14.796,-42.709,-65.487,103.489,-8.532,-24.387,12.715,-0.726
48.656,132.591,43.696,17.529,56.548,-21.46,-47.371,28.498,-50.762,47.113,-39.715,-1.536
48.883,38.445,109.986,3.904,68.477,-20.635,1.253,-3.976,-43.313,50.639,24.317,5.275
49.666,-14.957,53.648,50.704,48.322,-31.883,-21.614,-20.131,-13.71,9.845,-41.005,7.315
50.237,16.102,64.385,12.011,57.072,-45.761,-48.244,-28.895,-5.0,32.325,-8.244,-18.798
50.144,28.609,38.958,-13.072,59.026,-22.46,-65.072,4.566,19.126,-6.184,-5.71,-22.217
49.744,64.849,10.542,-35.374,7.34,-0.129,-83.371,28.192,16.474,-33.068,22.213,-11.3
46.75,133.807,15.289,47.691,55.639,-50.863,-68.606,-59.761,-38.706,-28.726,-29.646,-3.153
46.267,59.175,94.206,27.44,45.493,6.325,-32.905,-3.846,-48.59,-19.213,-12.378,15.99
47.998,17.417,64.341,19.927,49.697,-15.088,-20.582,-19.145,-40.834,32.718,-26.818,20.212
47.901,164.274,86.621,6.825,41.146,-35.999,-33.097,-3.394,-42.315,-22.745,9.122,8.841
50.522,49.893,91.541,8.296,26.21,-3.998,-28.903,-7.189,-38.587,-4.749,-17.064,2.318
43.796,72.66,35.73,-46.019,49.595,20.453,-56.588,31.39,3.421,-47.551,3.616,2.88
44.247,44.702,5.207,65.725,15.596,-81.545,-61.344,-39.915,-54.352,22.808,-11.631,-14.897
43.449,28.406,54.413,-2.811,10.391,27.337,-27.381,-1.574,-27.371,-25.103,-23.755,-6.125
49.491,25.449,113.417,20.801,47.065,28.547,1.989,-10.852,-13.632,4.532,30.853,-20.217
49.27,49.386,153.927,29.016,34.679,-18.638,19.067,-6.66,-19.809,-27.3,0.379,1.672
47.668,-14.732,118.494,57.92,54.663,-61.716,-21.86,2.873,-40.28,9.249,1.323,-18.637
45.972,10.566,10.018,84.041,37.048,11.511,-41.576,-1.287,-22.446,-19.623,-29.531,-3.206
50.369,40.643,62.168,0.054,37.201,28.317,-11.384,-8.348,-7.967,35.561,24.693,-18.406
48.543,24.673,21.019,1.564,45.514,-17.756,-33.588,-42.707,-20.162,49.353,-22.944,6.001
48.65,50.773,43.051,65.305,1.991,-45.939,-49.961,-26.985,-40.387,-4.517,-3.155,16.885
50.425,79.468,-13.721,-13.811,38.618,-1.011,-51.178,72.297,-10.536,-13.719,-6.695,-2.062
52.357,72.65,41.181,-1.06,34.89,-35.238,-5.034,-26.84,-40.563,33.39,-7.721,-35.042
50.549,29.793,44.917,-32.001,67.219,-36.424,-40.646,3.27,-9.247,-9.609,3.999,-21.156
50.102,91.241,64.055,30.277,70.755,-33.062,-33.936,52.669,-4.986,17.079,-41.823,-30.867
47.416,52.069,47.466,13.895,86.493,18.789,5.192,-61.603,-26.205,30.084,-33.738,-4.587
43.48,-31.78,37.323,-36.157,4.011,55.76,-6.251,8.942,-13.075,-25.472,-27.878,1.595
45.474,39.194,11.292,63.903,5.112,-77.721,-38.706,-43.325,-22.93,22.308,1.539,2.26
49.924,81.019,93.274,35.545,12.238,-37.312,-17.037,-24.49,-47.78,11.259,-17.555,-1.493
48.018,64.727,99.656,38.905,31.473,-8.32,-21.195,-1.517,-36.794,-25.153,-30.535,7.117
46.554,-8.756,95.203,-43.423,55.751,78.672,8.179,-12.857,-5.84,-11.049,-8.907,-5.014
50.085,19.953,116.105,-13.795,34.902,-9.014,16.047,41.018,-14.513,-26.1,5.654,22.074
49.663,65.627,105.636,65.756,24.617,3.275,-4.609,3.762,-25.237,-21.145,-51.925,-0.126
49.85,165.302,91.7,20.836,-32.266,-15.434,-51.391,-27.923,-37.55,-6.524,0.182,-13.065
51.07,68.716,128.913,40.619,35.092,-22.426,6.103,-10.452,-43.621,17.791,2.615,7.627
49.138,-13.586,34.038,13.441,-2.747,-82.699,-21.732,41.104,-22.366,1.49,0.763,7.323
50.799,60.049,45.583,-40.12,50.98,1.774,-37.253,6.57,-44.698,17.264,-6.795,-5.962
51.3,66.265,20.196,55.562,28.618,-41.136,-67.085,17.993,-43.854,23.872,-9.005,-8.189
50.512,136.295,-15.897,7.191,38.996,3.648,-34.413,9.986,-29.464,24.507,-5.649,1.542
51.788,59.008,82.534,-35.445,25.291,23.572,-5.369,20.623,-14.547,20.567,27.3,-18.251
52.142,100.545,96.636,22.243,41.023,-2.623,-49.335,5.17,-4.119,-18.639,-23.478,-23.487
52.327,76.059,82.951,39.052,49.805,-2.956,-15.603,-27.972,-22.335,-12.419,18.645,9.069
49.225,4.236,48.614,46.775,51.794,-36.011,15.131,-22.058,6.782,6.694,-28.735,35.755
44.912,-66.724,31.57,-49.745,34.257,2.598,-27.243,20.967,-4.737,-10.436,-30.564,15.412
45.795,72.761,29.991,-64.161,1.662,-9.688,-39.489,7.97,-7.695,-28.915,17.739,-1.254
49.965,102.31,58.807,47.235,15.945,-31.508,-47.578,-8.169,-48.833,-6.448,-25.392,15.09
45.514,13.801,65.967,-52.41,38.457,1.784,-51.901,28.765,-15.319,20.464,2.565,-7.393
49.07,95.961,14.8,-78.293,34.418,-4.156,-50.24,-39.456,-13.674,11.828,-28.459,-5.601
52.178,34.802,6.561,-45.501,28.379,-1.23,12.407,-31.625,-33.564,28.983,3.418,-15.747
52.34,12.757,55.299,61.358,-8.196,-13.725,37.28,-16.678,-25.58,-25.604,-26.551,3.286
50.919,-23.646,69.195,-17.38,-7.186,-15.202,10.769,3.014,-36.592,-6.718,8.139,36.705
49.695,-43.03,42.535,64.625,2.279,-12.484,36.988,-11.548,-9.636,-12.868,-54.492,28.687
50.593,18.808,35.877,-73.529,-5.292,53.592,-1.367,34.12,3.676,-38.375,9.798,-8.344
51.095,25.045,-38.734,36.468,14.299,-16.028,-53.917,-52.746,-8.669,-8.336,-33.822,7.736
51.545,-27.922,21.42,-17.772,54.648,-44.635,8.819,-16.777,-18.634,30.349,-9.059,-8.807
52.976,-18.575,29.088,43.003,21.428,-45.251,-20.056,-23.821,-7.456,19.036,-22.534,-13.513
49.07,-57.457,25.219,17.326,6.729,-72.433,-25.259,-5.233,-26.437,13.031,-23.592,2.298
53.383,81.138,-5.344,-11.187,-8.566,-13.961,-42.287,21.872,-0.146,6.569,19.183,-2.253
51.348,20.119,38.323,-0.174,65.434,-50.99,-21.225,-5.225,-27.669,-18.526,0.104,-9.784
51.883,-8.383,39.27,43.748,10.614,-28.933,-1.058,-30.362,-20.717,1.819,-15.721,11.459
50.026,-18.526,40.858,-15.02,7.656,-35.413,21.563,62.296,-18.486,-9.99,-7.698,12.989
52.316,-7.585,44.696,-5.985,31.084,-36.403,3.36,-2.448,-18.305,-0.526,-8.86,-35.726
51.734,-19.525,15.403,23.628,9.842,-37.441,-12.483,-4.101,-1.139,8.746,-12.427,-21.84
51.938,57.391,-0.287,-13.763,24.296,16.506,-14.362,31.138,-21.674,-23.233,25.916,-10.835
50.271,51.432,35.028,10.482,-33.04,-1.723,-3.337,-18.935,-28.733,-14.254,-19.888,-15.628
52.279,178.389,-21.709,-30.752,13.237,-31.07,-34.761,0.591,24.747,3.446,-4.623,-3.08
53.79,71.996,-6.59,10.598,18.561,-44.589,-31.034,-41.074,-19.317,28.513,-17.943,-6.272
52.312,9.613,66.765,-43.95,-5.865,-42.2,0.978,37.353,-54.401,9.399,8.61,-22.302
54.162,22.392,60.443,41.288,-7.004,-22.468,9.038,-2.556,-12.448,1.727,-45.088,-11.469
50.595,-6.126,42.193,-21.924,7.403,-17.973,9.226,50.547,-13.924,-12.644,-17.819,11.725
53.828,56.251,4.318,-13.606,15.956,-31.376,-26.648,37.113,-19.868,12.598,-26.582,-16.723
51.592,47.437,-7.958,-58.578,54.748,-13.551,-8.846,-49.069,-26.041,26.942,-19.38,-41.387
53.102,15.655,37.948,35.703,6.595,-25.626,-10.33,-10.212,-5.538,3.883,-15.179,-27.073
51.931,49.691,18.931,14.806,-41.089,-7.957,-7.226,-2.689,-8.644,-33.92,-32.105,-8.772
51.824,18.28,22.607,-21.466,-3.161,17.004,-3.464,19.376,-15.275,-0.106,23.355,-24.536
48.325,121.969,-46.087,-45.593,40.2,-39.563,13.24,-8.948,-16.686,-23.396,-19.646,-11.197
52.492,42.236,27.628,-21.54,16.857,-10.45,-32.959,72.119,-6.387,-11.958,14.094,-9.12
50.657,106.959,-22.273,9.665,21.373,-68.213,-10.323,27.363,-18.608,-5.737,-20.065,1.789
48.65,-6.605,9.377,18.481,17.373,-40.715,-20.894,3.308,-3.925,19.025,-39.965,-23.57
39.464,-21.079,-41.714,24.323,-37.246,-14.136,-23.72,-36.908,-12.138,5.031,-14.161,-26.807
42.445,-44.223,-114.671,137.38,-18.392,-80.256,-39.276,-0.643,3.207,-6.142,-80.742,7.477
38.825,-11.777,88.592,-280.768,-16.556,32.262,55.558,12.747,-11.8,9.712,28.34,-15.524
53.256,54.347,-27.84,-8.756,-14.096,-73.682,-22.071,19.049,13.382,5.417,-1.338,-22.603
52.395,45.817,46.755,-55.465,-5.634,-21.717,32.151,-29.554,-3.506,5.707,-7.53,-19.413
55.102,114.523,13.19,-15.262,12.257,-42.918,-22.16,25.045,7.974,-7.291,-5.181,7.825
52.868,17.787,-11.79,6.583,-14.76,-47.753,-4.933,-7.798,1.484,22.671,-14.499,-3.744
53.257,-7.014,0.909,-23.778,16.55,-4.636,34.601,-10.49,-2.646,4.625,-7.359,-10.804
53.143,-19.19,19.823,40.247,21.524,-42.634,35.196,16.85,1.57,-4.623,-4.493,3.147
52.625,81.114,10.11,-10.142,-10.592,4.987,7.982,-43.219,-13.929,-9.955,-9.829,9.836
52.163,-2.629,16.998,-3.746,15.814,-33.977,29.513,-33.546,-16.071,27.89,-6.071,-5.291
51.878,-31.589,16.296,8.281,33.296,-40.299,33.957,28.688,10.937,7.627,-18.562,2.006
53.741,83.912,6.762,-27.149,-36.555,-37.495,-0.674,-39.498,-1.151,9.651,-15.598,-3.144
55.217,58.847,29.134,10.232,16.916,-33.684,18.61,5.728,-17.211,-2.775,2.424,-11.441
53.906,24.708,37.358,26.499,-0.708,-34.787,-19.399,14.869,-3.524,16.241,-18.665,-26.166
52.749,-20.223,8.682,-57.91,-5.564,-16.007,-9.136,35.516,19.877,5.493,-6.398,-19.735
52.111,42.486,-16.259,15.894,-2.985,-56.522,-8.955,-12.428,30.292,5.515,-8.359,-8.921
52.362,74.439,24.447,-22.116,0.761,-10.984,32.675,-3.219,-16.531,-1.865,-32.22,4.776
54.081,28.942,39.114,-64.731,-13.712,-10.637,8.464,22.223,3.904,-2.85,-6.892,-22.435
56.996,126.702,10.398,-19.272,-6.919,-38.844,-12.571,8.169,28.445,16.609,-17.54,-28.26
55.493,122.398,36.518,-24.408,-37.123,-4.312,-11.759,34.039,-4.099,-26.641,7.013,-30.274
55.592,63.897,49.896,-3.954,16.59,-17.811,19.08,2.109,-17.784,4.071,1.502,-27.45
54.935,63.334,46.703,29.158,10.614,-13.927,23.572,-6.398,5.861,-8.07,-46.699,0.593
52.213,31.015,13.852,-65.448,-23.917,-16.267,-8.806,77.649,-4.285,-1.753,-11.952,-6.401
53.161,26.46,20.082,-33.664,6.108,-9.992,-30.661,9.027,1.256,-9.01,-16.94,-17.898
51.939,9.586,22.889,-26.185,5.421,-30.328,42.03,-28.434,4.943,1.17,-18.177,-4.665
51.234,-46.886,3.546,8.742,43.52,-35.733,47.353,-4.177,8.837,-26.487,-24.375,19.698
48.904,-15.512,-64.915,13.064,-4.25,-82.278,8.952,0.156,-4.423,-1.187,-32.379,7.831
49.842,36.021,-22.308,-51.808,22.156,48.703,33.31,29.133,-7.278,-29.562,-36.59,-12.853
49.541,29.943,0.127,-11.705,-24.857,-20.452,34.466,-14.211,-13.285,10.206,-4.23,8.151
51.86,-15.884,-7.637,10.731,9.286,-59.767,35.097,-15.392,7.711,11.732,-26.385,-11.22
49.939,5.487,36.409,-26.428,-4.864,-32.914,24.26,11.395,19.739,-14.953,-1.789,-34.306
54.613,55.862,4.331,4.613,11.011,-45.288,8.302,-2.722,-9.745,2.465,-2.304,-6.502
54.066,11.436,28.278,-30.559,3.127,-27.976,23.178,-2.677,-4.524,6.861,-12.408,-12.587
53.946,48.94,-16.412,-7.105,-28.756,-42.117,-5.084,3.769,14.249,-8.231,-24.86,-9.098
53.222,-3.921,47.075,-31.301,3.639,-30.612,9.309,13.364,-7.444,15.553,-13.258,-41.762
55.331,123.337,4.859,-5.651,11.372,-48.033,-26.951,32.512,21.367,-7.185,0.369,5.861
54.664,13.34,18.34,-25.961,-8.348,-43.297,6.134,-22.933,-17.143,15.761,-12.803,-10.45
53.826,29.673,17.716,11.88,0.496,-23.502,23.967,-7.578,11.553,-12.006,-37.225,9.855
53.934,38.128,-21.612,4.596,1.565,-48.254,-5.586,-18.653,-13.916,1.2,-3.019,1.571
53.263,-19.097,12.346,-6.475,35.083,-39.354,35.508,-5.458,29.046,14.404,-14.135,0.398
53.314,-11.568,17.967,-21.015,8.202,-32.093,28.984,6.163,-19.297,-15.108,3.656,-19.964
54.448,45.13,23.348,-35.355,-10.792,-27.626,5.637,22.713,16.773,-18.198,-8.673,1.767
55.785,58.999,9.033,-23.265,-19.807,-21.231,-25.817,-2.871,-1.186,16.676,-8.85,-39.19
55.509,63.523,33.77,-16.34,-25.981,-22.284,-8.554,-8.82,-1.463,14.823,-26.959,-39.68
55.981,62.815,47.144,-9.48,8.854,-21.899,17.923,2.21,-5.081,3.304,-5.226,-20.167
54.819,69.857,27.43,52.943,7.432,-26.772,12.454,-17.566,20.081,-13.739,-27.109,-14.354
53.534,53.669,-9.358,22.286,-7.5,6.257,-8.457,1.915,22.978,-24.132,-29.002,-20.938
54.614,59.474,-4.91,-7.201,-7.223,-36.444,9.299,1.939,-16.916,-4.614,5.722,3.264
54.474,28.956,48.296,2.955,-19.548,-52.746,50.065,-9.816,-16.524,37.373,-16.154,-3.237
53.683,18.073,38.82,21.35,-22.174,-19.473,44.736,13.801,-9.156,-2.086,-52.595,10.423
53.235,54.491,12.95,-23.01,-61.084,-39.299,-14.248,-13.073,-24.097,13.236,-5.261,-17.548
53.792,107.938,-17.064,58.049,-13.281,-1.522,-27.539,-8.151,-18.046,-18.899,-47.08,-2.185
54.6,97.052,36.668,-16.677,-4.967,16.383,6.105,18.58,-20.778,11.316,37.613,-21.433
55.44,132.465,24.055,9.82,-23.732,-13.003,-33.791,-51.923,-5.131,0.918,-37.248,-13.032
54.463,51.981,16.147,-20.745,-27.137,-20.051,26.498,-17.91,-9.287,1.096,-22.044,11.466
53.661,-4.898,49.111,1.751,11.514,-54.535,61.185,23.665,23.524,6.396,-21.622,12.706
54.095,88.063,30.01,-2.834,-1.597,-13.157,-21.832,-29.106,2.389,-7.865,-15.767,-11.426
54.808,59.505,-3.947,3.576,6.681,-41.658,-9.649,4.222,-20.166,-4.641,-23.758,-1.806
51.895,51.406,-17.381,-15.93,7.095,-6.491,-2.257,-29.734,-2.968,2.452,-33.946,-9.298
48.639,0.107,-68.64,9.895,-10.819,-84.085,2.774,0.168,-14.421,-5.123,-24.867,11.361
53.033,51.792,-18.926,36.442,19.477,-26.112,-4.182,9.792,-6.219,-14.131,-10.193,-5.923
49.25,24.402,-15.535,3.218,-5.913,-18.187,14.327,-4.093,-4.895,7.76,7.059,5.268
48.885,10.76,-51.073,18.207,-27.422,-64.683,4.035,-13.256,-18.535,-13.296,-24.907,2.568
47.924,10.442,-5.767,-29.786,-7.065,-9.668,25.705,7.359,-4.064,-2.231,-12.365,0.664
51.075,41.591,-0.523,-30.412,14.344,20.929,13.647,15.554,-7.585,-9.684,-43.399,-6.571
48.804,31.864,-25.523,-31.253,-30.907,-43.663,10.586,-6.467,-10.275,6.184,-3.497,-8.518
54.167,58.113,-15.164,-27.818,-10.985,-58.68,4.133,19.042,-2.264,2.512,-1.931,-5.923
52.046,95.428,-26.545,38.029,-34.014,-25.901,-6.058,0.362,-7.247,-4.444,-24.878,5.179
53.738,75.848,2.256,23.088,7.567,-29.141,-8.341,-1.29,-11.503,-10.364,-36.12,5.941
54.423,68.719,-1.938,-25.345,-43.133,-52.402,-1.925,29.434,-6.401,-1.915,2.444,-9.419
50.903,97.174,-16.277,41.646,-45.452,-66.34,-6.426,-19.927,-11.22,31.436,-29.331,-7.638
54.313,77.964,-7.15,12.125,10.446,-15.764,-6.529,9.306,2.843,3.878,1.036,3.597
53.177,88.632,26.497,-25.52,-31.55,-41.465,5.917,22.203,1.541,15.975,-4.02,-21.531
52.952,99.156,-9.022,43.536,-54.415,-13.79,-2.184,-38.417,3.816,6.275,-28.237,-16.249
49.316,50.695,-56.331,-10.156,-33.721,-39.447,-17.103,-7.809,-2.97,-9.354,-15.56,-13.807
53.552,70.199,-0.617,-18.499,-43.567,-20.425,-8.307,36.339,-5.335,12.988,19.08,-16.578
54.521,76.906,3.371,21.608,1.858,-30.816,-7.575,3.27,-2.271,-6.319,-32.979,-5.649
53.039,45.927,-19.268,0.657,-3.629,-42.021,-2.394,22.274,22.895,-10.413,-42.079,-5.981
52.108,48.781,22.189,-88.01,21.342,8.867,27.523,17.494,-0.809,-1.4,-23.597,1.121
52.765,50.959,-19.233,41.046,-28.607,-35.641,3.785,-0.678,8.204,-2.106,-31.062,-0.419
51.745,53.121,-32.191,11.276,-5.385,-37.852,-5.54,28.491,10.666,4.148,-41.99,-8.552
54.523,67.027,7.148,13.879,5.082,-23.276,-0.068,-5.068,-9.532,-9.602,-32.293,3.28
52.935,29.63,-5.018,-40.912,-27.798,14.164,24.042,22.032,3.917,-10.322,11.249,-14.612
51.274,86.84,-26.738,37.186,-40.251,-25.004,0.288,0.123,-0.32,-11.343,-36.888,-15.308
54.432,62.111,-7.49,28.008,12.306,-42.112,-5.971,-2.434,-2.209,2.102,-12.815,4.997
52.014,59.308,18.652,-57.59,-17.045,-15.401,0.898,26.922,17.811,-10.598,-12.312,-34.14
49.091,36.878,-30.052,-6.164,-5.179,-29.078,13.243,-22.848,-17.863,-1.445,-22.973,-12.498
49.009,-6.312,-70.085,22.523,-1.118,-48.601,8.398,-1.373,-18.678,0.236,1.657,-4.158
53.208,59.867,-18.346,25.586,31.56,-14.127,0.752,18.512,-11.733,-6.331,8.382,-3.257
49.949,41.331,-2.393,-34.106,5.375,-19.415,26.352,-5.503,-12.905,10.793,-19.029,4.857
51.558,-14.126,-11.278,19.831,15.725,-37.349,34.837,-25.238,-3.041,15.41,-5.15,-15.471
49.462,1.993,11.577,-19.628,0.013,-22.736,32.914,19.812,9.354,-7.13,-4.238,-31.278
53.829,38.573,-21.266,22.683,9.05,-38.735,-11.731,-6.563,-18.935,-8.189,-24.351,0.357
50.175,7.513,-17.621,-18.59,-7.308,-31.711,10.105,-9.309,-1.602,-0.015,-1.783,-8.406
53.096,57.832,-30.535,5.616,-6.224,-40.975,1.082,18.941,5.348,-11.346,-42.123,-6.876
54.404,71.527,0.182,12.08,1.366,-30.16,5.945,-5.508,-12.874,-1.135,-28.103,1.759
54.565,46.9,-10.255,-30.776,-36.783,-27.58,5.121,26.817,-5.063,3.269,26.664,-14.875
52.77,78.818,-27.682,41.624,-39.055,-50.918,-4.164,-29.29,-7.398,19.817,-17.89,-6.784
54.498,72.755,-15.221,-1.733,-3.786,-9.776,4.842,8.511,-3.291,-2.384,12.686,9.073
53.521,71.79,11.892,-24.133,-39.519,-35.524,17.161,12.976,-16.789,11.01,-7.499,0.407
52.528,71.518,-28.588,21.058,-41.67,-27.214,-8.446,-11.803,-11.019,-8.296,-34.688,-6.524
54.009,66.041,6.55,-22.787,-46.928,-42.305,-10.334,35.055,-4.917,3.697,-7.918,-13.465
54.554,71.791,5.679,17.932,1.731,-38.981,-6.192,1.851,-1.999,-10.181,-36.311,-2.236
52.72,35.048,-22.274,9.655,6.083,-42.798,-6.393,16.489,21.822,-5.165,-40.213,-8.511
54.011,54.027,-20.492,25.772,-4.515,-34.669,-11.525,4.482,-12.758,-5.96,-33.953,1.14
53.882,47.041,-8.592,-45.723,-15.601,-48.363,13.324,14.839,2.005,7.268,-7.824,-9.291
51.404,90.705,-39.466,55.021,-33.921,-35.633,-9.135,2.831,0.74,-1.838,-35.605,2.014
54.372,66.275,4.237,19.61,2.057,-32.307,-3.764,-3.684,-8.652,-15.924,-33.901,5.561
54.248,43.612,-9.004,-16.81,-43.498,-52.858,6.044,6.799,-14.69,-10.171,-9.127,-16.879
51.757,75.621,-29.116,30.992,-34.251,-24.766,-7.937,-7.44,-1.818,-13.048,-33.468,-19.593
54.203,53.852,-13.863,33.394,19.67,-21.352,-4.964,-1.55,0.596,2.769,-5.045,2.687
53.043,83.365,24.069,-9.896,-31.513,-30.94,5.032,20.671,10.049,9.544,-17.596,-17.129
49.03,54.966,-50.043,-17.051,-9.874,-39.319,5.869,-8.299,-11.336,-4.884,-17.997,-21.415
49.449,31.535,-62.661,-6.166,-26.89,-80.237,-7.782,7.841,-7.941,-6.048,-12.378,4.879
53.389,61.283,-3.938,32.833,23.254,-19.699,6.403,4.608,-8.346,-0.015,-15.505,-3.148
53.004,95.99,-21.871,-38.946,36.738,6.957,-0.655,49.041,-12.618,2.792,-1.738,-16.421
53.573,-2.911,-37.949,4.297,31.161,-59.26,14.51,-55.703,-24.203,33.868,-26.304,-8.142
51.703,4.298,-16.88,-15.906,6.165,-46.189,16.403,28.557,10.082,-19.551,7.211,-2.313
52.944,50.492,8.849,-41.648,3.458,-12.756,23.535,5.793,-9.011,6.857,-10.873,-8.245
48.984,46.231,28.56,13.547,-0.009,-14.716,-60.291,-19.043,0.679,-9.613,-21.555,-23.922
50.059,59.297,14.219,7.101,4.232,9.441,-7.725,-17.321,-18.552,0.619,-41.296,5.097
49.655,-17.366,-19.98,-18.799,10.305,-9.946,-8.106,-22.412,-15.74,33.698,14.991,-9.068
48.901,-43.179,-17.26,10.56,36.15,-34.108,-18.028,-17.827,5.939,-9.504,-27.644,-9.67
47.169,-75.049,34.826,-19.961,68.454,-33.34,18.19,13.729,-9.878,-24.729,6.785,12.898
51.592,39.768,-24.496,16.851,23.308,-9.805,3.037,45.109,18.711,-23.192,-1.403,0.845
48.239,34.366,-4.591,-5.161,16.581,16.028,0.944,-61.143,-4.311,10.042,-19.444,-13.723
47.071,-11.035,-26.57,-3.93,-34.561,-77.631,3.0,-8.723,-19.837,9.463,2.609,0.741
48.19,20.587,3.581,-48.339,-24.056,8.235,11.459,23.08,-13.722,-14.598,-37.248,-5.022
46.981,0.26,-36.507,18.029,6.994,6.876,-32.164,-31.373,5.65,-0.214,-20.221,-12.369
48.502,64.514,8.205,-34.722,4.903,50.541,11.071,-49.479,-8.204,-6.116,2.62,-5.568
50.464,102.181,33.294,-24.305,-23.006,-33.45,-35.294,-63.124,-42.139,23.852,-7.304,-16.811
53.347,29.715,22.961,3.641,4.164,-42.605,-8.474,-7.026,-27.678,-9.463,-0.727,-16.043
52.34,-6.59,-22.788,-2.713,16.188,-51.496,2.667,3.812,2.316,21.649,-21.745,-17.602
46.7,9.795,-18.767,-20.487,2.945,-7.598,-33.996,-31.089,25.671,-17.258,-33.07,-29.738
51.477,40.306,-8.541,24.726,-11.107,0.193,11.725,-11.158,-23.271,0.161,-9.144,5.318
49.164,-19.572,-42.205,-25.929,17.161,-16.273,-4.886,-14.648,-18.954,27.965,11.182,-5.634
49.747,-29.556,-12.273,-19.317,20.318,-36.247,-5.844,-19.946,-9.679,6.592,-24.94,-21.305
46.88,-99.796,42.19,-3.681,14.76,-31.142,15.119,10.604,-35.167,-9.851,8.001,12.907
48.754,-23.642,85.089,-48.425,39.067,-24.348,-13.859,38.742,-31.038,-32.548,16.107,-11.995
53.104,108.482,-19.672,-14.433,7.088,-30.546,-23.254,71.18,21.474,-12.33,0.46,-3.034
49.782,-0.089,38.488,6.157,32.607,-36.326,-14.847,-17.777,-22.378,13.323,-13.489,-14.84
49.78,-59.091,9.615,10.201,15.419,-53.348,10.199,0.005,2.458,18.92,-27.959,1.239
47.61,1.328,-52.58,-12.326,-37.708,-76.582,-12.817,1.609,-14.305,13.215,4.907,4.499
48.071,1.048,13.151,-47.095,-34.835,-33.037,19.035,21.388,-13.036,-5.317,7.892,-14.132
50.963,41.643,-7.238,42.927,-4.58,-12.766,3.45,-2.554,-19.486,-9.863,-31.012,-10.661
47.423,89.096,-33.067,-20.134,56.521,16.117,-54.906,91.858,5.758,-18.409,14.914,-23.993
50.866,-52.074,-17.922,15.031,25.597,-69.313,10.02,-8.242,-10.51,33.154,-19.484,-2.917
46.816,28.674,-13.531,-19.939,19.91,-65.354,-11.924,11.114,2.357,-20.962,0.526,-6.987
51.276,58.015,33.372,-49.218,33.057,-8.481,-34.061,-4.426,-16.924,2.093,29.598,-21.886
53.308,7.181,-11.199,16.281,13.786,-46.926,-13.115,-15.652,-8.215,-3.542,-28.436,-10.399
49.854,-0.669,17.678,-10.759,37.542,-15.829,29.772,-14.442,1.636,-4.949,-9.129,4.711
51.111,75.369,-104.513,-23.413,28.021,-62.568,-34.006,37.706,25.763,-19.638,1.383,-5.655
47.143,-62.579,1.29,41.23,36.12,-45.591,-11.933,-27.518,-2.57,34.115,-30.784,-11.132
51.225,51.93,0.206,46.206,-15.077,-11.309,4.306,1.03,-25.997,-8.637,-37.766,-3.592
50.306,55.008,-49.596,-30.453,33.329,5.233,-32.115,73.229,10.064,10.726,21.509,-14.032
48.632,-25.689,-25.913,20.819,44.981,-21.361,10.786,-42.028,-9.74,76.632,-26.697,9.906
45.933,85.048,-13.103,-22.581,37.299,-52.129,-12.576,-5.284,-6.564,0.964,-7.624,-12.423
50.266,40.111,57.682,-35.222,33.322,2.889,-27.063,-17.51,-43.232,12.239,5.044,-20.31
52.611,96.189,-47.022,-0.376,26.503,-48.197,-5.343,51.971,6.458,-23.065,-17.618,-5.623
48.81,-1.092,-21.62,-18.712,19.987,-19.924,-57.429,-0.129,11.398,24.369,-44.82,1.879
49.803,9.685,4.119,-39.203,-29.288,-3.848,4.769,7.947,-8.381,9.286,41.58,-19.742
51.281,57.402,-19.073,18.167,-5.227,-42.655,7.274,11.805,-10.945,-3.563,-29.617,1.189
47.569,66.299,-34.825,-3.474,22.373,8.804,-4.963,-66.912,-11.653,3.81,-57.503,-9.758
46.745,52.736,-22.059,-90.361,50.099,16.645,17.592,-71.738,-3.056,-24.382,-17.888,-18.882
49.594,-18.424,9.277,-48.24,47.61,-33.023,-6.922,11.678,-9.737,-33.794,4.468,2.168
52.319,22.405,43.609,13.846,12.176,-6.128,44.41,6.617,-16.242,-18.439,3.364,11.233
51.06,25.005,73.862,-4.337,-24.522,-25.389,57.746,2.759,-31.186,3.212,-22.271,1.774
51.705,3.522,29.328,20.632,-15.909,-34.105,5.298,33.617,-33.326,14.983,-7.043,-9.081
52.278,21.743,-3.458,10.591,11.957,-14.687,-24.093,-22.911,-13.801,9.725,-8.307,-15.601
51.111,-31.876,2.714,-8.316,-2.391,-38.35,-7.483,-5.274,-12.741,28.419,-12.735,-27.195
49.953,20.121,17.982,-34.431,41.515,-18.233,-5.743,-10.281,-7.525,-7.025,-15.225,-20.015
48.502,71.607,30.658,-75.454,60.732,-1.047,-4.341,-83.073,-28.866,-19.669,-14.714,3.698
50.99,67.225,-6.516,15.688,34.948,1.43,-58.614,10.358,37.719,-43.86,-35.346,4.913
42.311,-51.931,-41.96,-82.442,1.941,-19.433,-29.538,7.661,17.814,0.427,-27.5,-4.619
48.717,32.953,8.14,-75.523,0.508,56.749,5.906,22.986,3.448,-26.605,-8.843,-12.86
47.535,-1.145,-41.43,12.277,-49.274,-46.714,-14.587,-23.983,-17.936,27.339,4.385,-1.243
49.156,49.639,-33.775,-97.855,-8.119,-15.079,-6.554,-12.417,-6.019,-8.572,-10.076,-19.075
52.008,16.841,-14.282,-49.286,-0.501,-5.124,29.88,-24.644,-39.009,35.177,-3.187,-11.023
53.152,32.346,24.642,24.496,13.199,-45.48,28.731,-5.98,-22.28,-15.418,-16.8,6.62
51.167,32.385,2.049,-61.633,-11.091,0.349,-28.008,1.4,-5.004,18.942,-14.068,-9.243
50.775,36.202,-42.861,32.431,-15.373,-16.448,-40.908,-36.279,-6.311,-12.002,-29.09,-4.599
47.332,-49.606,27.959,-60.038,31.958,-5.427,18.073,-18.47,-5.77,4.624,-14.922,1.806
52.569,-2.493,4.223,18.519,30.266,-26.658,-9.13,-8.889,4.346,-7.079,-18.853,-0.398
49.936,62.77,-10.856,-49.484,27.478,-0.36,-34.08,9.623,3.696,-0.899,-2.39,-11.044
52.17,24.248,26.402,14.101,39.241,-20.829,2.986,-1.551,-10.241,-4.274,-5.465,6.102
48.502,16.795,-10.538,-27.856,36.435,-31.115,3.277,-73.193,-30.109,6.285,-16.886,-18.289
50.741,-30.588,75.678,-16.467,9.385,-16.65,17.104,25.416,-22.007,-23.185,4.373,-42.633
52.02,3.307,13.885,9.363,3.004,-29.372,3.366,-16.206,-17.792,12.76,-18.733,-30.552
51.365,41.438,-1.717,-17.386,28.371,-3.726,-10.858,38.972,-5.992,-25.605,5.643,-14.246
49.601,46.049,26.884,13.588,-18.366,-11.001,-7.983,-14.334,-17.699,-10.15,-12.375,-7.168
51.056,165.776,-22.265,-41.268,10.438,-40.923,-38.231,-5.912,30.51,-3.631,3.681,0.927
53.391,92.827,-32.81,-24.747,12.762,-6.693,-21.591,-47.347,7.667,33.61,-16.74,0.494
52.5,29.47,-21.224,-14.604,-11.211,-20.049,-59.528,-9.986,9.874,-8.702,-17.655,-19.093
50.626,2.089,45.424,0.494,-17.829,-21.87,5.395,5.713,-62.648,13.077,0.25,-13.455
53.227,25.517,49.519,12.506,3.331,5.542,19.574,1.402,-8.352,-19.554,-29.305,-14.418
51.202,15.894,35.827,25.079,13.405,-25.446,15.875,16.785,-9.275,-14.673,-14.755,17.585
53.037,50.212,-22.674,-13.376,13.592,-17.793,-25.396,16.287,3.953,13.959,-14.964,-19.636
53.066,22.745,24.458,11.931,25.515,-29.927,-18.467,-8.159,1.568,-11.791,-19.1,-28.288
50.444,8.241,0.653,-25.126,-34.214,-42.89,-9.524,11.512,-17.53,-2.297,-29.73,-9.945
49.258,28.466,3.378,-32.972,14.854,6.559,-14.663,47.652,-0.314,-5.186,-4.743,-18.724
49.281,-42.988,12.79,-21.397,51.721,-41.813,-26.473,10.632,-5.683,7.98,-0.561,-16.065
51.568,53.236,13.601,-42.79,39.936,-16.007,-37.422,67.522,8.045,-9.857,8.852,-17.781
50.303,111.012,-20.762,1.0,21.95,-41.054,-13.404,13.914,-0.359,-2.035,-12.654,7.936
46.883,49.898,-30.276,16.674,23.325,3.337,-4.506,-48.025,-23.638,8.716,-64.925,-8.906
42.68,-41.758,-116.383,147.226,-11.487,-70.269,-37.425,-3.441,2.441,2.202,-70.361,5.74
37.003,-38.387,72.341,-258.843,-21.707,6.226,66.734,-4.952,-12.835,17.657,43.963,-1.156
53.371,44.231,48.087,-20.966,7.119,-26.4,23.467,3.188,14.08,-13.461,-4.821,-23.197
52.984,48.251,-26.513,-15.692,-22.121,-72.327,-17.431,16.649,5.536,-2.332,-7.683,-20.033
54.006,38.505,68.296,-4.75,11.57,-25.934,21.174,-7.214,-0.855,21.121,-10.729,-45.322
54.792,109.809,16.723,-9.32,17.965,-36.39,-23.913,33.055,6.909,-10.348,6.159,0.353
52.775,20.014,-10.87,10.172,-12.157,-40.044,-0.009,-8.26,-5.799,26.977,-10.887,5.625
53.152,-9.029,7.467,1.436,17.153,-20.819,28.312,-1.38,1.341,16.845,-13.258,-6.152
52.563,74.718,24.819,-12.551,-2.128,-3.474,1.872,-38.323,-13.853,-7.084,-15.696,9.847
52.124,-13.742,23.215,-7.697,18.835,-44.307,26.879,-26.85,-20.936,37.411,-14.034,-3.131
52.08,-41.291,8.314,18.698,44.203,-52.667,29.629,35.586,14.927,6.613,-20.443,5.201
53.605,80.433,-4.696,-25.389,-40.433,-29.797,0.057,-42.8,1.059,8.585,-14.14,-5.208
53.464,34.024,31.025,-11.862,4.283,-30.542,-5.59,10.268,6.563,3.939,-31.589,-22.674
52.136,5.169,1.616,-8.716,-5.004,-9.341,-10.349,29.551,13.841,-20.049,-10.002,-14.206
52.462,67.475,16.973,-20.526,0.409,-13.459,20.087,-2.47,-18.045,0.763,-32.443,-1.757
54.431,32.998,44.29,-55.81,-16.526,-9.902,12.294,20.405,1.352,-14.061,-4.853,-20.391
57.604,143.596,7.499,-15.611,-12.895,-30.758,-17.312,20.219,26.354,15.502,-20.956,-28.473
55.628,128.201,-23.471,7.301,-28.31,-26.867,-11.778,-33.512,3.925,24.651,-31.641,-16.991
55.986,137.617,42.673,-9.643,-19.22,-10.028,-21.424,3.079,-3.292,-38.512,-2.432,-32.897
55.78,69.436,61.228,-10.29,14.293,-20.68,21.23,-0.361,-17.895,8.158,11.657,-19.088
54.978,75.02,39.242,58.171,1.26,-35.319,12.834,-35.263,-8.137,15.701,-47.003,7.781
53.235,59.575,10.637,-43.394,-22.784,-3.533,-6.872,62.361,-0.921,-21.604,-9.943,-10.986
52.634,36.13,21.196,-20.284,3.931,-12.338,-29.036,11.047,4.168,-11.698,-13.838,-9.612
52.218,0.995,26.272,-12.731,6.665,-32.89,51.131,-22.117,3.455,14.73,-16.599,13.648
51.324,-30.532,-19.708,7.429,43.581,-52.598,23.448,-24.703,2.327,7.425,-23.421,23.527
48.926,-14.841,-62.443,17.323,-3.582,-83.375,9.147,-2.192,-14.583,-0.773,-27.65,6.409
52.573,64.238,-20.585,39.887,14.814,-26.155,3.51,3.147,-11.803,-0.346,-15.12,-5.405
49.278,32.338,6.612,-16.974,-16.722,-18.802,29.992,-7.162,-7.902,7.85,1.874,6.537
51.721,6.615,5.057,16.337,5.076,-70.135,21.57,7.687,1.807,13.347,-5.27,-12.363
54.641,53.797,7.337,7.022,13.999,-39.16,8.022,1.047,-10.02,0.744,3.566,-7.776
53.543,18.998,28.398,-32.326,5.865,-31.794,21.108,-5.337,-3.774,8.641,-10.798,-8.846
54.089,48.593,-9.271,-13.812,-20.244,-30.295,-4.852,15.092,14.604,-3.033,-12.983,-9.603
52.568,6.964,34.554,-40.767,-5.091,-23.623,9.314,2.08,-5.745,25.154,-8.654,-36.845
55.484,123.754,2.871,-2.346,14.603,-40.835,-23.363,29.84,25.459,-5.948,5.913,-1.291
54.459,10.394,10.88,-26.823,-22.177,-47.109,5.027,-4.315,-12.038,19.823,-13.139,-9.818
54.102,38.64,-1.122,30.883,-8.163,-13.891,20.615,-15.882,4.919,10.281,-37.281,10.358
54.264,39.983,-25.584,6.843,5.401,-45.092,-16.809,-12.879,-15.091,-2.548,-16.457,6.308
51.986,-12.537,6.006,-22.021,12.841,-28.845,26.929,-0.424,9.703,9.918,-2.959,-2.496
53.096,-11.158,13.824,-6.047,35.489,-31.95,37.135,-3.93,32.254,9.283,-18.437,-0.828
53.746,9.075,25.033,-21.863,7.834,-33.042,24.263,10.703,-12.282,13.093,-3.635,-9.249
54.718,81.623,22.54,-8.582,-11.828,-33.676,-11.02,-5.852,-8.93,10.912,-8.5,2.483
55.844,59.607,18.347,-22.31,-29.977,-42.352,-20.17,-7.905,3.215,-3.585,-3.09,-49.106
56.223,67.859,49.834,-11.545,-13.725,-26.959,6.92,-3.522,-9.543,5.511,-8.787,-32.919
55.181,82.971,13.1,51.177,7.063,-27.803,8.637,-14.474,21.106,-9.087,-37.236,-9.319
51.808,13.907,10.481,-22.414,-3.801,-19.126,9.288,37.439,29.461,-24.342,-36.714,-1.636
54.968,60.358,-4.571,-6.184,-5.979,-43.689,8.592,-4.306,-18.392,-2.819,-4.667,1.117
54.31,38.411,49.679,4.949,-17.323,-48.484,50.78,-16.479,-17.901,40.359,-20.654,3.842
54.228,24.704,36.383,33.592,-22.232,-14.831,40.743,8.236,-6.743,-4.006,-54.177,6.692
53.384,62.167,17.762,-18.108,-54.237,-29.968,-12.912,-11.386,-16.305,8.224,0.106,-20.067
53.802,105.576,-18.152,66.092,-10.991,-6.808,-26.935,-12.831,-16.904,-10.149,-45.375,-3.065
54.254,93.417,33.04,-26.522,-3.101,25.513,13.416,19.23,-19.298,3.387,33.689,-19.731
55.103,123.777,33.421,-0.011,-29.609,-8.054,-25.233,-32.009,0.091,-3.941,-43.195,-22.99
54.707,56.191,15.0,-29.684,-29.424,-24.964,19.728,-12.59,-10.806,6.657,-11.634,10.011
53.193,-15.112,47.726,-19.364,16.227,-45.76,65.48,33.686,29.89,13.722,-4.399,8.811
54.352,81.261,28.421,-4.633,-2.279,-18.96,-14.181,-26.249,9.057,-4.585,-20.673,-16.822
54.667,54.813,-3.879,4.239,7.046,-43.717,-12.544,6.072,-15.106,-4.356,-26.849,-4.076
53.525,77.237,-4.002,-26.327,-16.059,-12.326,-16.915,-42.05,3.557,-5.165,-13.644,-12.188
52.086,-2.153,9.656,38.369,15.639,-38.578,23.997,17.05,-14.289,0.966,-26.535,16.506
48.774,0.554,-63.493,8.392,-17.164,-85.822,7.151,-2.089,-18.227,-13.999,-23.542,10.786
51.599,37.164,-31.677,5.034,22.118,32.93,15.34,23.486,-5.336,-15.832,6.48,-16.178
49.351,23.027,-23.075,1.461,-12.22,-23.814,13.25,-4.258,-10.28,5.131,3.927,5.116
49.195,9.873,-48.835,19.272,-23.016,-62.216,3.784,-15.929,-18.6,-7.518,-16.635,-4.278
48.772,6.468,-3.807,-30.203,-7.711,-12.936,32.895,7.401,1.786,8.168,-9.383,-5.311
50.932,37.781,-2.387,-36.34,13.414,15.141,21.808,22.862,-6.049,-12.654,-38.604,-4.564
49.284,23.301,-31.238,-24.786,-27.575,-46.921,13.739,-9.186,-8.027,6.152,2.314,-9.788
54.053,58.632,-15.813,-36.256,-14.805,-57.933,7.207,18.382,-4.995,1.537,-4.736,-5.428
51.958,100.549,-28.388,34.81,-35.099,-26.638,-2.311,-3.789,-4.79,-0.656,-29.798,3.947
53.62,72.339,-4.199,17.215,-2.251,-33.979,0.178,0.793,-11.9,-11.789,-39.728,6.407
54.289,66.204,2.611,-27.273,-47.109,-55.278,0.047,34.143,-7.545,-8.608,2.306,-7.157
51.127,92.752,-24.981,36.88,-44.618,-64.344,-4.652,-20.365,-10.731,32.892,-32.513,-11.285
53.436,70.313,-11.811,3.141,7.536,26.622,12.655,16.952,13.639,0.717,17.671,-0.873
53.116,91.33,23.392,-31.179,-37.898,-36.615,9.092,23.141,-4.649,14.951,-7.462,-15.609
52.426,96.181,-43.635,44.008,-53.31,-19.047,-7.89,-30.568,-0.584,6.726,-28.623,-9.71
53.699,64.386,1.564,-23.229,-53.133,-44.137,-11.356,36.306,-8.359,1.825,-6.431,-10.26
54.314,80.248,2.324,20.972,-3.003,-32.862,-1.598,11.647,0.832,-11.484,-36.63,-7.095
52.759,36.041,-19.389,0.637,-7.933,-29.921,-1.471,14.809,10.723,-1.62,-22.146,-8.014
55.651,58.571,0.812,-12.394,6.213,-50.489,7.889,2.177,-4.434,5.167,-7.31,-1.942
52.683,45.249,-14.097,40.337,-23.197,-36.345,6.835,-5.032,7.838,-1.33,-32.097,-4.892
50.212,41.775,-29.307,-24.479,-6.987,24.119,9.913,37.898,17.662,-18.743,-38.697,-11.618
54.846,69.544,7.002,14.431,3.744,-31.855,-0.344,-1.859,-10.85,-12.07,-39.337,3.479
52.671,29.307,-5.775,-43.48,-25.208,13.833,23.849,22.636,5.667,-11.015,0.193,-12.54
51.535,76.75,-24.619,25.804,-43.436,-27.842,6.794,-9.06,-4.797,-8.54,-33.453,-13.199
54.318,61.086,-12.008,28.507,10.721,-26.832,3.009,5.233,-2.892,7.478,-0.525,7.512
51.717,61.148,14.917,-54.855,-23.414,-16.353,12.304,26.127,13.894,-5.585,-11.76,-19.629
49.376,37.33,-37.345,-8.65,-6.443,-32.468,13.962,-21.801,-14.115,-4.674,-20.774,-10.008
48.981,-5.487,-69.646,20.283,-3.699,-33.101,13.857,-1.083,-22.787,-0.062,6.561,0.831
53.603,58.246,-30.05,27.163,20.394,-29.047,-0.832,17.082,-9.161,-3.056,-6.865,-5.072
49.819,39.0,-20.234,-33.25,7.643,-19.076,23.382,2.578,-8.358,2.394,-16.916,2.494
51.609,-9.102,-8.295,7.662,6.378,-10.069,40.467,-14.888,-0.726,5.287,3.616,-10.029
50.239,-21.599,3.344,-16.448,15.243,-34.159,39.54,27.927,29.621,-12.192,-10.549,-31.214
51.939,17.011,8.842,-33.618,14.592,0.896,23.836,16.928,-1.048,-11.617,-45.88,-12.275
50.337,14.635,-18.48,-15.755,-17.137,-43.112,12.611,-1.706,-6.501,-5.637,-1.352,-10.35
54.604,64.124,-7.367,-39.89,-8.728,-40.658,11.233,19.681,4.48,4.684,22.027,-11.32
51.776,81.036,-17.028,49.075,-26.273,-65.372,-10.24,1.84,-5.045,18.315,-36.853,-5.353
54.187,70.98,2.856,16.077,1.822,-34.405,2.037,-5.844,-10.715,-4.306,-33.507,3.177
54.655,54.106,-5.539,-36.719,-42.481,-48.55,-0.52,20.262,-7.696,2.556,5.345,-7.487
52.161,86.917,-22.321,48.332,-36.681,-55.86,-10.837,-20.49,-4.32,21.871,-24.787,-10.77
54.182,70.297,-7.944,-4.28,7.881,9.991,6.27,13.344,3.615,-2.297,20.319,4.497
53.407,84.494,28.708,-18.985,-31.197,-44.826,13.385,12.992,-10.315,7.325,-2.392,-3.817
52.497,74.074,-19.069,17.019,-40.391,-28.128,-4.263,-14.562,-10.81,-8.431,-39.544,-4.677
53.845,67.237,6.634,-20.518,-44.732,-35.619,-7.778,32.688,-5.263,9.428,0.627,-14.363
54.644,69.566,4.18,17.438,1.373,-37.282,-4.413,-1.521,-0.272,-15.355,-36.318,-3.804
52.848,35.629,-22.648,9.35,6.364,-40.085,-5.126,14.516,17.076,-0.313,-41.734,-8.817
54.214,51.547,-20.677,22.826,-1.98,-31.683,-8.302,-2.339,-13.253,2.217,-28.617,-5.519
51.786,52.977,-36.857,11.235,-12.506,-29.519,-8.101,26.662,8.833,2.759,-38.842,-7.305
54.341,67.582,1.604,18.857,2.954,-25.318,-1.352,-5.567,-9.981,-9.482,-30.667,-0.511
53.965,42.745,-5.732,-14.192,-38.582,-29.891,13.724,11.154,-12.466,-7.423,19.844,-18.044
51.945,73.509,-22.988,23.825,-36.975,-24.537,1.324,-13.183,-2.747,-14.596,-32.529,-15.908
52.843,44.553,-15.096,4.857,20.69,42.797,10.065,8.175,8.858,-5.268,13.052,-5.198
52.94,86.428,14.76,-16.139,-33.76,-22.402,7.054,18.823,5.948,5.78,-13.279,-9.153
48.848,67.092,-51.589,-17.01,-10.147,-33.181,10.961,-9.129,-20.495,0.435,-12.9,-9.808
49.804,30.468,-66.244,-15.713,-19.194,-89.25,-10.861,9.226,-9.715,-8.752,-9.463,-1.494
51.406,75.721,14.862,-54.68,-11.183,-1.787,15.479,-11.459,-18.95,-3.989,-25.985,2.699
52.782,17.082,-3.011,-47.358,34.269,-18.48,-6.124,-0.519,4.67,23.063,3.601,-8.979
54.705,33.352,-8.636,-8.56,5.756,-40.641,9.31,7.946,-28.11,2.737,-20.745,-4.895
52.602,81.002,-25.097,-16.926,13.143,-10.09,-5.016,31.891,13.534,-3.022,-17.081,-0.895
54.967,27.742,3.922,6.284,24.984,-23.782,10.071,-13.226,-16.482,1.986,-0.009,-16.42
52.442,-16.596,12.216,-5.117,22.575,-27.988,-27.638,-2.753,-7.009,-7.431,-12.007,-31.842
53.182,9.82,2.018,-15.649,23.371,-57.847,8.545,-0.576,-7.881,1.841,-20.744,-18.561
50.566,67.789,-46.183,0.263,50.702,-44.017,-11.775,-69.279,-1.314,-25.617,-30.911,-3.204
50.351,39.668,37.84,11.514,46.249,13.077,-8.073,8.064,-5.013,-22.996,3.281,-3.389
49.88,82.142,33.11,1.72,-9.427,-7.764,-16.222,-34.64,-32.784,0.063,-51.721,8.033
48.418,2.158,0.432,-80.626,-4.255,26.288,32.689,-6.767,-18.156,-16.361,-27.631,-6.569
49.816,10.436,44.554,-28.782,47.024,-18.453,-2.12,44.738,11.489,-22.523,-15.875,-26.894
48.237,36.634,29.038,14.533,6.331,19.314,19.763,-11.625,-30.65,8.396,-47.663,17.592
50.0,-16.293,30.544,-38.391,59.408,1.567,12.085,22.779,3.332,-36.153,-18.877,-18.435
46.514,-38.915,53.584,36.206,77.114,-23.952,-24.966,21.427,-4.634,14.324,-27.61,0.273
48.656,66.679,23.821,15.204,18.715,-0.417,-45.096,-49.777,-12.518,14.445,-39.942,-10.093
50.406,88.279,-2.179,-34.0,-10.946,6.723,-39.73,-9.49,-0.74,31.497,-10.514,-12.973
51.028,119.35,-58.133,-38.073,-11.299,-18.859,-51.307,46.887,18.148,22.423,-7.878,-6.129
50.854,31.346,0.862,-12.68,73.06,-45.357,-63.933,-14.987,18.704,20.864,-11.274,-28.442
49.397,32.162,14.392,-30.918,29.967,-30.128,-72.524,-5.359,22.394,-1.174,-0.817,-24.786
51.979,110.906,16.272,20.283,43.701,-36.156,-11.306,-15.896,-29.304,-25.571,-0.841,-1.506
49.987,58.037,2.374,23.371,-6.447,-29.569,-5.633,3.076,-24.314,16.317,-25.671,14.256
51.91,-15.196,-17.231,-13.275,21.972,-47.378,-16.823,-21.925,2.547,40.114,-4.826,-4.538
50.642,-6.933,43.63,15.209,32.419,-44.378,-29.98,-7.22,10.036,-2.787,-22.271,-29.671
49.076,-11.317,30.807,-11.936,55.678,-41.893,-2.772,-6.306,-16.596,-11.539,-10.014,1.443
51.03,-7.107,96.054,18.844,43.159,-41.15,-5.604,-5.85,-12.868,-10.296,-7.22,-6.276
49.624,-2.136,70.084,18.673,79.465,-32.832,-35.908,9.738,11.283,-11.376,-8.954,-18.317
50.65,84.799,35.621,-2.133,-18.936,4.11,-20.245,-28.926,-39.333,12.788,-34.771,-3.91
51.244,3.869,22.368,-45.676,27.3,1.263,-15.883,37.064,5.207,5.744,6.67,-18.514
49.392,119.991,-26.385,-7.191,52.127,-41.838,-57.858,46.095,15.28,-25.727,-5.243,3.461
48.994,19.604,79.737,-36.425,67.307,-29.295,-12.141,-12.883,-32.135,9.04,-2.821,-5.868
48.739,-33.116,89.507,-4.629,64.859,-18.794,-58.355,-1.404,-0.369,-8.285,-14.084,-3.686
49.973,-39.885,49.968,-50.963,48.279,-23.958,-13.114,13.171,9.16,-3.13,-11.298,-7.186
51.17,-44.626,-17.757,16.517,12.168,-63.311,-9.6,-1.621,-4.674,18.037,-8.083,-1.964
49.885,51.47,-40.527,-3.779,47.631,-25.641,-0.207,-53.593,10.929,-44.851,-9.915,-5.489
50.433,47.398,53.921,-19.564,35.767,19.92,-0.549,16.274,-14.93,-28.659,38.572,-14.252
50.429,3.03,-7.429,52.165,-32.665,-45.65,10.982,5.748,-37.827,9.747,-22.52,4.612
51.414,28.065,-18.673,-63.19,11.38,-13.608,-36.97,37.06,11.31,6.863,-8.434,-6.711
51.013,89.743,-6.18,-1.245,-14.067,-19.584,-27.612,-64.013,-7.995,26.916,-19.344,-5.256
51.028,107.294,15.167,-0.138,49.874,-26.557,-29.594,-86.88,-1.899,-8.165,-18.915,-9.966
46.893,74.491,80.962,51.547,11.188,-8.688,-47.822,-17.733,-32.034,-3.209,-20.456,-9.945
50.692,66.63,-47.4,-3.36,5.212,-38.388,-12.785,24.024,-24.114,37.709,8.208,-14.807
51.791,77.437,-4.357,0.976,19.835,7.356,-11.861,30.556,-41.331,19.465,-22.529,-2.49
49.662,35.697,22.917,17.168,71.238,-0.271,14.907,-14.821,-25.78,37.149,-40.104,-2.109
46.254,-5.337,53.975,19.763,81.883,-0.045,-19.203,14.005,-16.006,40.278,-19.012,-2.946
48.069,55.159,28.451,20.822,13.579,6.698,-45.101,-60.657,-10.869,12.181,-41.146,-5.063
50.73,81.14,-3.219,-21.785,-25.079,3.562,-30.741,3.563,-8.718,24.978,7.295,-6.371
52.04,113.327,-62.069,-15.155,-6.34,-34.264,-47.791,61.869,-2.804,25.72,-4.306,-13.732
50.104,13.99,0.496,-11.76,64.767,-55.633,-57.094,-16.798,8.637,21.075,-6.397,-33.034
48.747,48.35,1.619,-30.513,39.257,-30.667,-75.806,33.9,15.055,3.869,-5.407,-27.452
51.551,75.939,53.592,27.226,35.588,-9.66,-8.855,-11.207,-30.84,-19.514,-21.536,11.606
50.354,-45.157,-15.008,-22.719,13.049,-65.511,-8.577,-18.214,-5.306,32.59,-14.59,-9.731
52.02,4.693,0.013,-3.18,7.66,-6.817,-9.014,4.94,-9.87,6.833,3.677,-30.517
48.984,71.448,26.648,-17.84,81.01,-32.592,20.09,-65.848,-18.363,-8.195,-9.105,-17.37
46.104,-11.632,40.468,106.472,66.555,-12.751,-40.501,-12.116,-6.738,-23.854,-54.696,-6.777
33.574,-79.291,39.332,-1.008,21.6,-25.337,-34.871,-9.215,-23.993,-17.15,0.675,19.921
32.284,-76.101,69.458,-26.038,31.371,-18.395,-21.025,7.946,-10.993,-20.404,2.472,8.841
32.801,-78.181,62.448,-13.746,34.818,-24.312,-22.598,-7.296,0.367,1.735,-11.567,-0.54
34.132,-47.305,42.297,-30.729,26.214,-22.03,-26.878,15.377,-4.101,-17.077,7.367,15.177
36.836,38.209,51.415,-44.737,33.223,-24.62,-23.635,-13.988,-2.602,0.683,7.389,17.119
45.004,-2.827,-73.787,87.202,-24.343,-62.422,-27.318,12.326,0.939,4.58,-32.033,4.252
41.588,9.481,62.959,-187.435,-26.827,-10.258,60.083,-11.535,-9.779,23.337,4.241,8.563
53.029,70.857,7.341,-27.588,-16.35,-46.053,-13.831,-12.585,2.237,-0.216,-17.665,-15.56
53.685,28.756,73.06,-7.315,45.307,-31.423,13.533,-3.747,-10.606,11.505,-6.202,-20.453
54.502,51.006,-9.708,-11.05,-7.051,-58.936,-9.314,8.186,9.38,-3.665,-7.618,-18.485
54.068,22.702,45.038,-25.528,5.042,-25.224,8.92,-22.435,-11.566,16.44,-10.623,-23.696
54.384,76.369,4.907,-2.597,12.46,-28.457,-7.009,-15.33,-1.72,-12.308,-22.984,12.522
53.779,-12.972,0.051,-10.336,19.655,-38.56,28.743,-8.147,-0.755,17.853,-1.534,-14.061
53.01,-23.062,29.53,28.636,24.818,-44.973,35.576,19.001,7.42,-7.065,-3.209,-1.31
53.157,78.077,16.744,-2.561,-1.729,-11.394,2.754,-43.885,-6.947,7.417,-28.677,5.428
52.24,-7.208,10.412,-4.665,17.71,-34.819,22.763,-31.278,-15.835,30.41,-4.607,-5.064
52.706,-23.517,27.469,-7.61,29.187,-43.72,38.767,32.181,17.638,-2.976,-7.759,4.886
54.44,92.823,6.636,-11.002,-14.85,-41.958,-14.616,-12.359,23.143,-0.674,-20.837,8.707
54.16,15.416,30.474,-21.429,-19.75,-39.144,-7.32,-2.079,-7.607,32.003,-12.512,-35.421
55.421,59.097,30.499,14.346,17.798,-35.167,13.947,4.75,-18.201,0.282,-8.538,-6.648
53.95,21.376,40.488,3.084,0.645,-23.413,-18.884,6.331,-3.416,24.211,-22.073,-30.273
52.366,2.434,-23.778,7.682,-12.032,-38.962,-3.606,-30.648,15.506,14.247,-2.275,-4.94
53.209,-1.24,4.17,-36.954,-14.758,-15.956,-10.853,34.917,21.1,-10.099,-3.052,-24.968
52.068,40.767,-40.329,2.06,-12.227,-32.662,-27.248,3.665,34.927,0.464,-25.714,-22.309
49.475,37.861,8.282,-48.985,-21.467,-28.137,5.714,-0.147,-0.112,-5.892,7.366,-9.867
52.411,63.272,10.453,-43.141,-13.485,-12.525,20.321,0.578,-20.775,-6.456,-26.761,1.085
53.606,26.758,36.332,-73.566,-6.569,-17.076,13.38,27.502,9.731,2.448,-3.405,-23.363
56.955,124.313,14.897,-31.935,-12.978,-14.818,-7.111,11.764,28.972,-0.561,-17.393,-33.686
55.737,118.586,45.563,-13.161,-21.617,-3.139,-10.993,26.314,1.788,-26.37,4.543,-26.234
55.733,64.038,54.401,8.553,19.357,-35.221,10.887,-0.822,-12.444,6.764,0.454,-24.114
54.748,61.669,44.275,35.26,12.221,-9.988,20.054,-13.881,6.07,-6.197,-48.499,4.56
54.072,59.524,16.717,-34.871,-11.286,-12.288,2.404,45.543,8.927,-23.908,-8.7,-7.942
53.309,28.264,34.043,-18.747,6.789,-8.78,-20.537,11.06,0.633,-16.293,-14.389,-5.633
52.61,6.184,14.003,-5.681,11.237,-31.185,35.583,-24.497,3.485,20.009,-24.923,13.762
49.536,-14.805,-48.06,1.73,-6.408,-82.536,12.05,-3.417,-2.973,-1.349,-21.539,-1.924
52.697,61.566,-16.641,39.287,17.363,-19.301,6.607,7.781,-11.229,-3.392,-9.839,-3.885
49.263,17.15,5.379,-26.819,-10.562,-11.931,29.772,-8.405,-8.681,-0.288,-2.211,3.108
51.392,-12.587,-9.257,17.357,2.149,-49.105,25.0,-18.633,0.922,12.199,1.461,-14.075
49.435,-9.817,35.689,-20.549,15.492,-36.781,29.381,20.436,32.287,-18.939,-1.92,-35.382
54.92,58.032,7.435,1.778,13.825,-52.1,0.223,-8.783,-10.417,8.011,-6.355,-6.931
53.785,12.967,23.917,-19.759,7.905,-27.616,20.772,3.648,-2.517,2.134,-14.593,-12.327
54.01,45.721,-7.042,-13.453,-21.243,-42.784,-4.894,-4.075,11.942,-5.212,-21.131,-15.058
52.973,2.461,39.996,-34.132,3.855,-28.38,3.012,6.714,-0.164,18.728,-11.562,-38.563
55.529,88.499,9.558,-2.876,10.557,-42.56,-11.911,-24.028,8.975,-16.029,-7.097,3.169
54.294,42.502,-0.063,32.562,-4.491,-31.671,12.853,-23.434,7.275,19.26,-39.393,10.525
54.193,44.149,-23.531,10.185,2.425,-40.491,-14.951,-15.751,-17.963,1.476,-13.656,2.177
52.255,-18.22,10.708,-21.541,13.098,-33.027,22.211,-5.862,1.26,10.679,2.929,-6.724
53.206,-13.765,18.914,-8.163,39.052,-38.079,31.601,-3.973,28.593,13.423,-14.47,-1.402
53.771,3.118,17.34,-18.514,0.053,-31.844,17.112,3.198,-6.741,-7.335,1.105,-11.228
54.83,57.148,19.136,-6.184,-13.493,-45.545,10.597,-13.867,-5.113,23.628,-9.291,7.448
55.257,45.555,27.741,-43.105,-13.95,-29.494,-16.649,9.266,5.269,18.064,-2.121,-40.765
55.868,66.77,43.877,-0.368,2.932,-28.274,18.991,1.631,-16.293,0.718,-4.238,-17.133
54.803,59.455,26.337,47.107,11.768,-25.547,9.388,-17.312,16.79,-17.697,-24.891,-11.749
51.875,38.788,-9.844,-9.745,-10.591,-9.135,-16.303,24.8,17.83,-25.31,-48.399,3.019
54.646,61.332,-5.458,-16.43,-13.159,-41.006,13.57,-4.505,-19.526,1.797,4.213,6.526
54.78,27.061,39.144,6.441,-10.801,-41.599,45.907,-14.587,-9.765,26.496,-5.495,-4.315
54.344,28.605,36.99,19.621,-22.64,-16.941,37.357,2.102,-6.494,-8.063,-38.27,9.25
53.562,41.575,15.065,-23.634,-50.644,-2.626,11.443,-10.109,4.244,-13.153,12.444,-23.313
55.098,109.508,-4.347,45.029,-3.23,-7.73,-15.386,-28.697,-8.662,-15.542,-36.247,2.187
55.307,94.036,41.425,-18.54,3.977,-0.924,0.852,3.699,-11.58,3.106,18.169,-8.898
54.924,44.691,29.642,-13.185,-14.363,-25.813,33.011,-0.591,3.198,-3.38,-16.908,11.147
54.358,87.437,38.114,1.435,1.551,-11.081,-13.39,-29.021,-0.154,-7.133,-18.845,-7.386
54.904,56.16,0.037,3.026,7.88,-40.75,-8.305,3.446,-18.482,-5.094,-19.309,3.583
52.709,53.971,-12.761,-23.62,7.973,-24.388,9.272,-17.22,1.437,-1.504,-21.663,-2.039
48.769,4.689,-53.75,10.369,-15.291,-80.335,9.508,-4.219,-21.213,3.541,-24.395,12.852
53.08,58.485,-12.73,38.744,14.797,-42.774,8.404,3.388,-14.152,-2.461,-28.752,0.381
49.044,26.032,-15.263,-5.169,-17.704,-31.622,21.851,-10.956,-0.32,7.896,-3.429,0.271
49.898,-4.643,-46.953,9.843,-19.901,-75.456,7.776,-25.308,-13.728,-4.431,-18.967,1.525
48.401,9.748,-2.896,-34.372,-20.05,-15.242,26.665,10.391,-0.065,1.969,-13.514,-6.807
52.225,39.325,28.419,-70.968,25.027,6.965,37.083,16.192,2.583,-10.293,-13.189,-10.912
53.597,44.432,-13.118,-16.053,-17.124,-68.755,-10.666,16.126,6.318,-2.072,-8.165,-20.325
53.751,28.095,49.125,-26.909,2.489,-11.491,16.368,-16.353,-4.575,12.407,-14.5,-22.794
55.056,108.223,17.245,-12.005,14.388,-39.736,-36.001,19.556,0.813,-11.532,-5.441,13.569
52.667,5.394,-17.091,13.975,-13.238,-51.28,-10.713,-0.203,-4.205,23.903,-22.796,-2.396
52.059,-11.878,1.429,-2.093,15.529,-1.153,35.958,-2.81,0.167,11.885,-22.474,-5.036
52.757,85.202,12.144,-19.723,-2.433,-10.402,4.123,-43.932,-8.809,2.849,-24.196,12.138
51.434,-1.644,16.577,-30.914,14.742,-20.601,22.151,-24.516,-4.469,-1.963,-8.392,-6.325
53.004,-18.572,30.15,-4.36,24.711,-30.347,32.058,31.289,11.075,2.614,-16.997,4.683
53.651,80.552,10.419,-19.722,-31.727,-43.899,-2.929,-40.421,2.354,6.941,-16.962,-5.621
55.42,56.954,31.648,13.08,19.526,-32.123,11.06,5.892,-15.79,-0.699,-1.606,-7.145
53.82,29.014,39.232,21.173,4.562,-29.334,-13.412,7.989,1.151,24.159,-19.396,-31.019
51.294,18.155,-5.403,-1.288,-19.241,-68.797,-12.572,-22.422,6.847,26.807,-25.246,-10.185
51.391,-11.239,3.743,-55.262,3.261,-23.307,-18.806,46.829,16.764,6.526,-19.58,-9.228
48.763,58.898,33.456,-47.119,-9.008,-26.528,11.262,2.847,-0.19,-4.104,-2.544,-27.886
52.177,72.68,9.226,-27.256,-7.24,-10.896,21.999,-9.29,-22.794,2.827,-37.622,-3.654
54.411,26.215,41.325,-56.95,-9.185,-7.833,6.747,23.956,4.62,-11.722,-11.569,-21.416
57.595,127.416,8.604,-10.472,-8.933,-32.273,-10.02,-1.73,32.422,12.76,-20.17,-28.902
55.835,116.499,47.283,-9.839,-30.689,-11.818,-7.44,20.264,1.276,-22.593,-6.207,-33.413
55.474,63.548,54.297,8.123,14.819,-35.923,17.684,0.444,-18.661,0.226,0.846,-26.898
54.991,55.497,51.222,25.789,9.368,-8.21,36.388,-15.089,9.55,-2.685,-40.043,0.867
54.502,52.506,15.781,-23.051,-7.668,-17.318,12.834,36.293,18.133,-29.176,-6.609,-0.465
54.39,58.78,14.453,10.328,8.114,-18.715,-16.0,-17.744,-4.204,13.286,-27.526,-10.63
52.444,13.816,34.494,-18.784,3.012,-29.904,42.454,-19.076,7.805,2.039,-14.141,-7.939
52.072,-28.99,9.826,4.301,38.687,-45.783,39.472,-2.4,10.439,-4.995,-22.277,17.272
49.784,-15.189,-41.14,3.134,-11.013,-73.623,13.741,-1.312,-8.382,-0.468,-28.757,1.334
50.977,36.52,-12.073,-40.72,22.25,33.016,24.379,23.421,-5.681,-24.001,-29.235,-3.524
49.117,10.663,-0.336,-36.08,-8.852,-20.99,28.201,-4.281,3.552,-3.594,-15.458,-4.003
51.298,-15.823,-14.433,22.07,5.076,-42.045,37.163,-23.322,3.889,10.573,1.08,-16.749
49.569,-22.039,35.769,-14.899,24.939,-45.252,43.477,19.898,29.16,-7.784,-6.714,-34.356
52.579,16.11,37.002,-41.807,34.141,-17.08,29.338,28.884,15.993,-7.534,-23.071,-21.899
53.696,4.882,32.495,-16.233,6.603,-30.799,25.744,1.773,-3.8,7.499,-11.317,-13.697
53.819,42.546,-7.949,-21.539,-14.272,-29.34,-10.511,9.202,19.633,-3.034,-11.112,-21.023
53.099,10.714,48.718,-26.201,7.082,-29.49,12.441,12.61,-5.809,8.767,-15.274,-41.471
55.302,95.211,12.214,-5.926,8.533,-44.778,-14.292,-18.414,7.406,-13.737,-6.572,6.72
53.92,49.15,-5.468,34.699,-7.702,-20.481,8.043,-31.842,10.24,12.427,-38.654,7.011
53.961,48.381,-18.508,7.478,-3.703,-48.49,-4.634,-17.437,-17.271,-2.016,-18.437,11.047
52.949,-16.922,19.596,-22.494,25.354,-36.152,24.993,-6.377,16.36,13.662,-10.882,0.533
53.556,-8.404,17.139,-18.317,13.34,-43.247,18.992,0.025,7.466,5.614,-6.162,-20.547
55.545,50.224,9.589,-1.022,-0.35,-24.295,15.567,-6.628,29.073,-6.037,-4.374,-0.35
55.533,48.614,8.781,-15.102,-15.383,-39.078,-20.639,0.32,10.568,2.434,-11.349,-47.328
55.722,63.95,36.294,-14.184,-25.028,-21.061,-8.748,-9.394,-1.5,7.262,-23.066,-35.171
56.284,62.696,54.23,-1.629,9.038,-41.402,21.2,4.444,-16.464,1.224,-3.608,-11.36
55.369,55.423,18.333,43.414,11.603,-27.938,5.591,-23.533,15.928,-12.492,-21.725,-5.525
53.393,48.486,-21.206,14.648,-12.31,-0.116,-26.496,16.525,21.88,-34.259,-39.822,-2.105
54.478,60.529,-9.272,-9.317,-10.449,-33.198,8.925,-5.151,-22.492,-1.323,1.702,2.074
54.498,33.966,33.207,2.097,-9.513,-44.392,45.311,-12.777,-9.727,27.898,-18.032,6.008
54.256,27.504,47.417,17.206,-24.618,-16.663,44.755,18.242,-17.636,-5.409,-32.527,12.144
53.999,75.44,38.875,-15.122,-33.804,-9.536,1.627,21.069,-11.078,-10.822,-25.506,-9.951
52.31,59.248,60.84,-89.662,13.53,3.708,18.57,26.758,-12.384,-11.815,-7.422,-4.829
55.442,115.688,53.253,-6.065,-18.418,-9.108,-27.37,-22.452,-4.61,-14.515,-31.027,-14.158
55.357,53.181,22.7,-28.09,-17.528,-23.223,22.719,0.211,-0.22,1.761,-19.184,7.916
53.88,1.154,52.27,-14.843,16.521,-39.656,60.235,29.051,24.79,11.713,-9.207,11.815
54.652,84.584,39.828,2.197,1.752,-19.729,-19.648,-21.312,0.478,-6.854,-13.933,-2.169
55.498,50.337,12.902,5.317,19.93,-49.189,-12.609,1.663,-11.825,-5.144,-15.029,-3.126
53.081,44.434,-3.159,-13.335,6.825,-16.053,6.561,-37.769,5.205,6.827,-33.224,-8.174
49.65,3.772,-41.484,10.118,-10.178,-66.767,-0.573,-1.397,-8.773,6.606,-10.731,-7.079
53.189,46.612,-13.712,30.913,18.023,-50.628,-6.059,0.064,-18.631,-6.775,-24.602,4.837
49.543,15.001,-26.855,-6.142,-5.782,-32.58,16.105,-7.555,-4.441,14.645,-3.528,1.344
51.122,17.189,-25.077,-2.22,-16.017,-61.701,18.714,-5.791,-10.019,1.326,-0.016,1.416
50.019,28.763,2.177,-7.436,-18.606,-33.512,30.703,14.145,2.951,0.976,-3.117,7.272
51.758,37.798,18.399,-35.019,15.651,13.333,17.933,21.121,-13.355,-5.826,-26.0,0.265
50.514,22.154,-5.908,-9.155,-15.521,-37.363,16.13,7.314,-5.162,-1.952,-4.641,3.208
52.913,66.795,-22.262,-1.069,-9.087,-41.221,-7.683,19.478,2.268,-2.805,-35.183,-3.087
50.849,61.256,18.111,-74.85,8.082,19.42,2.593,15.404,-8.393,-13.652,-38.355,8.652
54.471,50.85,5.53,-29.252,-31.361,-42.012,3.611,24.665,-2.95,-0.316,13.462,-15.592
51.611,86.781,-12.189,41.859,-40.565,-64.59,-7.495,-21.874,-17.904,22.449,-28.925,-5.041
54.283,78.713,-11.001,14.974,-0.456,-26.413,0.639,14.346,-2.195,-0.179,-0.854,12.702
52.939,92.902,27.58,-31.877,-34.999,-36.738,19.996,15.54,-4.491,13.506,5.926,-5.232
52.155,101.805,-34.676,48.083,-44.505,-20.287,-10.171,-30.741,2.309,6.806,-37.181,-12.958
53.488,72.664,3.738,-18.745,-52.549,-41.721,-1.699,33.46,-6.846,7.226,-1.871,-6.663
54.96,74.806,3.433,9.305,5.176,-36.379,-9.485,6.043,-5.121,-14.19,-33.052,-8.96
53.739,38.679,-4.502,-53.648,-5.422,-15.187,21.754,9.296,13.123,7.113,9.69,-15.105
53.752,64.8,4.066,27.098,-11.016,-32.654,20.906,-9.837,22.293,5.897,-18.389,9.289
54.87,55.924,-6.861,13.068,-2.947,-36.069,1.98,-6.875,-11.787,2.471,-25.482,0.479
53.844,50.052,-10.744,-38.771,-7.215,-20.834,11.305,17.15,4.607,5.963,13.608,-15.751
52.725,78.709,-25.54,41.151,-21.352,-34.019,-4.85,-6.013,-0.636,-1.638,-28.133,4.369
54.484,66.474,-1.776,19.427,2.052,-28.788,-10.186,-3.31,-10.31,-11.068,-38.293,3.812
53.847,45.031,-13.336,-12.699,-40.032,-52.856,1.009,14.097,-16.149,-1.992,-0.797,-12.885
51.78,73.433,-36.948,16.747,-47.36,-21.338,-11.642,-14.347,-15.773,-12.28,-23.316,-2.643
53.576,55.835,-18.046,25.631,12.084,10.423,6.994,-2.027,-0.441,5.114,19.433,8.117
52.389,60.765,6.33,-54.295,-28.865,0.94,3.72,16.893,15.301,-7.046,-8.918,-19.067
49.579,42.826,-33.065,-7.565,3.099,-30.484,3.489,-8.111,-2.772,-4.352,-20.682,-21.424
49.162,4.352,-78.937,10.514,-13.012,-75.749,-8.087,-4.431,-16.566,-4.901,-20.599,0.055
50.454,36.017,-26.583,-50.78,18.873,40.949,31.46,27.988,-9.778,-25.311,-30.667,-5.015
49.962,22.763,-15.815,-29.173,-12.514,-3.1,21.565,-6.391,-14.289,-3.431,-1.747,-3.133
52.577,9.316,7.192,-4.534,0.532,-36.624,24.679,-13.738,1.807,9.457,0.322,-14.373
52.31,23.239,19.699,-9.203,1.119,-46.273,25.87,-11.702,16.564,2.983,1.668,-11.138
54.346,32.366,-6.753,8.566,24.022,-20.47,17.94,-6.942,5.179,-0.235,1.346,-4.226
53.469,54.98,-3.872,-36.852,13.594,-26.694,14.878,15.959,14.404,-17.813,-4.357,-14.294
54.526,42.664,-8.428,-43.893,-11.705,-52.83,2.597,4.952,2.877,2.253,-11.026,-6.335
53.502,64.671,-15.166,32.884,-13.996,-28.584,-0.34,-9.945,6.926,4.805,-37.233,-6.118
51.645,55.494,15.886,-70.452,14.838,26.443,4.01,22.6,6.589,-15.226,-32.611,-5.682
52.966,45.214,-22.284,1.685,-18.025,-0.161,2.719,28.551,6.649,-3.047,-8.393,-11.764
54.093,73.616,-16.99,-0.419,7.316,14.051,5.803,17.62,10.873,-0.255,22.651,6.302
52.814,70.883,6.623,-31.762,-32.43,-22.521,16.08,14.095,-0.568,16.101,3.412,-9.204
53.321,103.744,0.589,-5.407,-60.679,-9.84,4.216,-20.961,-6.901,-13.117,-42.331,-9.74
49.427,41.774,-48.014,5.669,-19.57,-32.208,-13.132,3.412,-9.486,-14.422,-20.617,-9.945
53.909,70.401,6.6,-19.15,-51.294,-46.603,-8.213,38.401,-6.214,0.416,-8.035,-5.051
54.969,81.338,2.672,15.464,-4.885,-39.02,-4.25,10.526,-7.623,-12.215,-29.486,-0.555
52.564,44.785,-1.705,-20.066,-6.774,-6.665,10.364,20.554,18.343,-1.766,-19.939,-0.144
52.28,42.732,18.698,-42.953,11.823,10.24,22.396,6.184,7.435,0.757,-34.109,4.371
52.962,44.178,-21.958,10.081,1.793,-38.031,-15.087,23.384,10.377,0.293,-36.098,-2.018
54.196,69.73,5.897,24.125,5.306,-30.103,-3.268,-0.918,-9.32,-14.92,-42.444,6.949
54.138,65.432,-8.329,-31.34,-43.673,-59.003,1.525,25.439,-12.001,-5.458,2.93,-10.682
50.464,86.519,-17.186,33.44,-50.567,-66.355,-19.108,-11.096,-10.142,22.731,-36.246,-21.241
51.657,47.732,-4.801,-15.807,20.468,63.033,9.718,11.77,7.966,-12.059,0.074,-0.439
52.851,78.687,15.475,-22.472,-27.409,-18.7,-0.143,16.711,5.541,14.081,-9.854,-19.24
48.877,47.092,-50.909,-6.53,-6.726,-35.124,4.234,-14.579,-4.984,-6.964,-22.023,-24.464
48.74,15.604,-72.689,11.777,-13.235,-82.499,-1.162,8.521,-18.307,-15.642,-25.898,0.559
52.714,59.195,-27.741,7.311,31.931,24.283,9.005,15.515,-13.011,3.375,22.865,-4.959
49.963,43.678,-27.546,-24.915,0.696,-32.618,14.705,-9.631,-11.478,9.955,-13.188,2.194
49.952,25.707,5.153,-50.662,-10.998,-17.952,23.292,4.181,0.074,4.233,-15.673,0.838
51.345,42.983,26.64,3.617,1.728,-23.125,32.428,9.335,5.123,2.557,-6.52,4.17
54.124,40.899,-8.702,18.423,15.166,-41.71,-6.613,1.013,-11.248,-7.771,-2.527,1.199
36.252,30.476,-101.007,315.95,24.389,-29.059,-60.447,67.633,-1.43,-39.56,-110.037,5.696
