0.011,170.9,9.101,-28.808,57.159,-50.126,15.076,5.122,-27.199,1.046,-10.738,-7.174
15.174,-83.658,23.835,-100.196,131.389,12.218,0.085,-41.528,-36.239,60.944,11.517,-8.619
23.79,-192.126,59.797,-55.892,129.255,-43.115,2.884,-17.551,-18.985,7.054,9.613,-29.975
27.631,-202.118,78.772,-14.047,102.969,-36.146,-9.881,1.71,-9.553,-6.192,-0.693,-29.824
28.998,-218.808,31.655,-10.051,71.069,-43.092,6.283,-0.485,-3.288,7.596,-9.802,-27.403
28.999,-191.848,61.174,-13.517,70.563,-33.564,0.757,-5.288,-0.215,-11.886,-4.241,-27.453
28.026,-190.735,30.699,23.554,81.671,-33.155,-16.21,7.045,-9.605,-17.877,-10.69,-11.584
26.179,-190.667,54.511,-13.611,97.911,-53.052,-1.915,0.872,-9.117,-5.46,3.197,-21.621
25.173,-184.035,28.518,22.589,96.528,-54.967,-31.036,17.308,-15.996,-14.301,-10.878,-13.076
22.699,-191.216,8.905,-11.299,113.163,-42.026,-28.818,17.32,-32.408,-12.721,3.442,-12.595
29.341,-17.148,108.592,-16.581,97.419,57.747,6.197,13.108,22.907,-26.973,-2.43,-25.821
31.021,30.715,174.306,82.608,86.794,-7.761,22.507,-8.092,14.64,19.419,3.385,-33.122
30.611,45.21,193.468,50.456,99.263,-16.945,27.48,-1.5,31.973,14.038,-22.031,-26.0
31.572,40.194,227.432,58.485,102.572,-20.975,60.896,19.552,16.428,16.055,-0.894,-23.162
37.729,-57.87,60.492,9.703,42.711,-14.523,-6.309,-3.249,1.68,18.101,16.72,19.034
37.021,-41.033,66.2,33.698,28.308,-29.019,51.892,8.403,34.468,2.345,-15.141,0.439
35.991,-50.951,87.32,20.115,47.187,-16.966,46.576,-2.67,19.115,11.117,-9.913,11.878
31.735,-128.219,43.955,37.656,57.269,-22.486,-7.257,-22.138,5.807,0.421,-16.94,18.803
30.628,-240.351,-46.927,-46.764,32.321,-52.443,-23.216,-6.787,-4.796,-0.789,9.281,-1.698
30.931,-224.796,-28.657,-33.498,4.578,-46.329,3.685,27.131,-9.983,-11.775,4.44,-6.255
30.1,-208.341,-4.696,-6.565,42.507,-43.265,-9.209,33.514,-3.939,-6.852,-3.927,-0.833
28.043,-180.564,12.539,-31.865,55.203,-22.853,-29.7,10.708,0.864,12.541,1.633,-12.241
27.239,-146.697,11.509,-38.795,45.257,-24.244,-44.195,-6.916,-3.168,1.017,8.431,5.977
28.788,-159.671,21.074,-27.922,45.128,-25.946,-32.291,-5.438,-5.075,-5.98,4.267,11.588
29.944,-145.487,32.748,-41.773,51.409,-33.752,-39.508,-12.586,0.116,-2.57,7.151,9.478
31.34,-147.54,-2.796,-32.44,25.428,-45.217,-21.818,-16.868,1.804,13.092,2.995,-4.83
31.978,-148.448,11.892,-25.543,36.696,-45.702,-38.278,29.093,19.512,-12.272,14.442,-9.982
31.415,-71.638,50.105,-20.063,26.807,-39.887,-32.935,-14.244,-13.378,11.465,1.121,1.222
30.955,-65.637,67.224,-12.971,33.489,-24.708,-24.254,-5.582,-13.725,-16.539,4.611,7.271
31.452,-75.78,54.135,-20.789,27.805,-28.209,-29.448,-3.53,-13.559,-8.621,7.107,0.117
31.355,-77.945,49.846,-12.865,43.692,-31.104,-35.339,-4.893,-6.729,3.237,-13.563,8.193
31.53,-142.252,7.153,-45.753,5.342,-32.252,12.343,-18.515,-4.634,13.221,-4.527,-9.387
33.696,-195.969,-4.692,-50.124,30.653,-44.386,3.927,2.225,29.913,16.903,-1.04,-25.749
34.77,-164.69,9.348,-24.889,26.626,-40.355,-13.13,32.8,16.333,-5.127,9.909,-30.905
32.796,-105.73,44.494,-7.192,25.96,-34.363,-32.701,9.005,-13.479,2.807,-0.447,-7.785
32.367,-122.48,40.807,12.173,59.797,-23.3,-46.264,-17.868,0.704,-7.921,-10.577,-4.581
28.601,-116.267,44.429,33.957,52.66,-4.701,5.71,-5.816,-35.373,-14.917,3.411,14.359
30.913,14.511,44.675,42.549,60.819,-4.402,-37.652,23.002,15.271,22.102,-9.774,-11.64
27.84,-83.934,3.382,9.345,38.899,-8.179,-47.573,-6.193,-8.899,41.773,5.437,-0.418
33.695,-132.291,-10.77,-8.204,20.576,-8.875,-34.249,-41.904,-13.951,33.718,14.561,-12.501
35.281,-155.135,56.955,-33.731,23.425,-17.375,-7.685,-3.922,-18.352,-21.947,18.401,-8.142
37.41,-95.195,91.078,-25.185,46.642,-14.395,-28.934,20.781,-1.991,-22.497,-2.067,-17.793
37.865,-48.351,72.835,19.747,53.097,-24.807,-42.27,-38.366,-9.964,-19.015,-8.24,5.023
36.389,-139.818,81.346,14.876,73.385,-38.752,-58.635,-30.752,-15.865,0.565,1.135,-8.879
35.496,-116.97,78.743,28.346,65.582,-30.337,-67.839,3.401,-9.306,-14.771,-11.06,-12.34
31.017,-65.41,81.264,37.234,35.324,-20.869,-47.051,9.155,-26.23,-15.477,-6.655,-10.08
26.801,-98.142,-11.389,-15.427,36.219,-56.538,-57.841,-15.012,-11.917,0.419,8.459,6.831
28.314,-33.908,24.622,-30.509,20.923,-22.224,-50.649,-14.123,-2.039,-7.07,5.497,7.35
31.092,-4.824,60.436,-31.639,5.231,-17.995,-33.19,12.608,-19.529,-24.722,16.417,26.694
37.103,20.928,64.639,-63.37,5.55,-12.775,-32.466,1.43,-25.194,6.13,9.227,22.003
42.488,10.258,43.478,-37.048,7.7,-20.28,-16.097,2.842,-4.305,-7.311,-17.018,5.48
41.837,7.491,55.052,-28.933,30.6,-26.57,-42.771,6.4,-3.878,-6.86,6.623,-4.617
41.633,2.444,34.041,3.657,26.184,-18.121,-49.384,-17.004,-1.385,5.342,-23.231,9.992
36.467,-60.42,10.733,-10.838,4.997,-23.228,-17.464,-12.797,-12.926,-6.55,-7.02,18.715
34.337,-88.698,-22.402,-18.179,-19.449,-32.561,12.588,6.706,9.979,3.088,-12.83,-2.397
31.663,-101.083,11.596,-2.744,-2.273,-42.503,-2.895,-10.216,-1.61,19.377,5.418,-13.639
30.041,-98.891,11.499,-14.953,3.175,-7.532,-3.639,3.375,6.704,-5.51,-19.825,-14.84
27.146,-126.456,20.438,-10.987,15.935,-30.797,-7.686,4.794,0.584,-0.488,-10.55,-18.069
25.271,-145.694,-23.8,-9.516,9.994,-63.498,0.439,13.805,-3.166,-4.846,-9.481,-6.321
24.635,-117.737,-4.104,-64.224,2.563,-35.747,3.405,1.893,4.607,3.117,3.035,-15.715
26.512,-120.354,4.174,6.006,34.887,-44.391,15.585,-4.022,11.839,6.592,-12.99,-2.826
27.476,-133.159,17.884,-20.074,36.391,-6.806,18.44,-12.054,3.767,-9.254,-8.432,-9.281
30.145,-132.058,70.382,-62.148,8.548,-25.749,25.017,17.32,-24.301,-5.684,25.099,-13.251
33.171,-118.899,47.697,54.41,16.613,-41.831,24.894,-0.54,-11.627,-6.647,-17.057,-1.694
31.262,-116.538,63.078,-26.422,4.086,-38.003,23.635,5.983,-10.269,-12.669,6.872,-2.864
32.217,-107.808,53.351,0.267,19.765,-45.985,2.774,13.351,-20.753,-7.254,4.276,7.774
35.091,-33.386,18.637,-58.526,29.152,-24.06,5.744,12.012,-2.752,-14.169,10.606,19.585
38.648,-28.864,12.785,-53.051,22.034,-37.566,-11.997,12.534,-0.757,2.98,6.61,7.764
41.954,13.599,9.834,-27.94,18.474,-34.336,-24.421,5.403,8.664,6.218,3.724,6.85
44.199,21.945,3.105,-29.26,16.723,-15.428,-19.658,-2.082,12.773,4.06,-13.718,17.178
42.776,18.527,25.471,-33.586,19.78,-36.747,-33.501,1.271,4.213,8.069,-0.296,10.309
43.517,51.653,26.361,-9.875,8.676,-36.361,-23.269,-7.425,-8.913,-4.466,-0.495,21.108
42.085,40.686,35.365,-9.497,2.351,-27.001,-21.615,1.087,-11.464,7.086,-10.398,12.416
42.2,10.241,52.541,-22.553,30.823,-19.102,6.28,-22.185,3.226,12.959,-8.694,-1.207
43.239,18.271,48.4,-3.421,14.768,-24.075,6.371,-4.927,-2.364,-7.09,-0.279,-5.176
43.703,20.232,43.957,-10.563,38.494,-30.107,-33.904,8.801,3.026,1.247,1.918,10.976
44.087,21.855,34.221,-10.314,11.035,-26.505,-18.334,-3.005,7.648,2.286,8.789,-6.672
42.993,61.393,36.506,-3.045,23.817,-4.326,-40.549,4.251,6.252,-19.349,7.14,1.275
43.518,31.428,48.421,2.704,30.205,-12.944,-37.473,8.971,-1.491,-1.291,-3.938,6.111
42.874,57.516,23.876,-20.304,7.71,-15.73,-21.958,4.494,5.735,16.367,3.422,-7.566
42.476,82.6,47.386,4.117,14.574,-36.771,-25.018,-7.24,4.33,2.975,-3.821,2.752
41.908,72.411,70.058,11.497,38.661,-28.192,-42.952,9.144,4.902,8.881,-2.602,0.638
41.903,70.479,61.519,-12.321,45.798,-20.286,-19.12,1.459,5.653,6.835,1.854,-6.541
44.788,35.023,56.244,-22.37,24.235,-3.712,14.499,-11.619,-9.89,1.156,-9.744,5.03
45.824,11.984,47.974,-1.964,4.446,-29.927,-5.28,2.244,-28.096,-7.726,-0.044,17.953
44.362,60.137,69.71,25.403,30.54,-22.108,-34.493,-14.352,-21.486,-3.861,0.991,10.628
43.359,45.158,60.566,-3.89,27.101,-27.692,-37.604,13.801,-13.426,9.332,-7.712,2.24
44.185,34.201,43.832,-40.737,17.958,-21.426,-20.154,-15.881,-17.527,19.565,-8.049,3.824
46.031,38.596,25.555,0.325,25.206,-31.729,-7.603,0.602,-6.52,-4.625,3.103,16.74
45.631,54.545,55.1,-7.622,27.615,-29.441,-29.576,0.097,-8.957,2.459,-2.63,5.102
43.033,52.551,53.674,42.616,41.452,-16.944,-31.472,-17.052,-8.735,-0.254,-19.766,3.748
37.953,-4.042,41.126,-58.388,48.266,-21.716,-10.214,1.481,-22.834,-13.412,10.485,4.064
42.159,-21.552,20.495,-24.247,47.677,-14.092,-20.448,0.914,-8.241,-19.448,-5.202,-14.21
46.206,78.411,51.411,-13.966,32.429,3.171,-19.861,22.532,-13.166,0.805,-14.875,2.646
43.556,36.956,15.13,13.308,35.539,-9.564,-55.475,29.326,-20.105,56.146,0.314,24.909
42.887,55.884,-22.607,27.678,35.303,-57.207,-106.806,34.499,-3.122,12.511,-4.716,6.895
37.475,131.044,-39.844,-47.363,58.338,-29.822,-21.481,-10.845,-27.183,23.585,-16.214,-18.498
38.817,108.895,-33.673,-7.904,10.173,-7.878,-2.321,-53.042,3.783,-6.261,-13.838,-5.834
41.535,-15.804,-5.918,-32.487,27.661,13.777,-44.409,37.731,-2.276,-28.006,-15.603,13.63
37.8,129.599,32.702,-71.687,37.391,-22.477,-20.024,51.096,12.883,-4.191,-4.797,-16.489
38.201,73.052,59.14,3.066,28.196,-26.607,-25.71,17.564,1.149,15.568,4.861,-6.148
37.772,82.172,33.136,-8.941,-10.749,-28.146,0.911,-23.207,-7.114,27.213,-16.859,-10.482
44.441,22.813,8.998,21.719,13.893,-74.798,-24.146,5.85,-12.944,35.365,7.446,-0.316
43.093,-1.311,20.575,-38.557,38.636,-37.453,-45.743,35.549,4.499,-1.679,15.94,13.152
44.046,44.589,64.07,-17.417,39.422,-18.911,11.284,-56.073,-17.575,4.79,-3.718,-7.364
44.156,-15.016,37.904,14.007,14.232,-32.843,4.619,23.249,-13.675,-11.503,3.43,46.365
42.182,135.021,46.682,38.098,42.65,-37.405,20.428,-43.822,-4.522,5.286,-20.076,10.992
39.8,75.775,77.4,36.705,33.603,-38.971,-2.207,22.917,7.318,12.049,4.47,22.003
39.021,72.206,50.749,-18.429,-3.266,-23.482,11.307,4.247,4.164,13.852,-9.256,2.241
41.491,55.688,67.574,-34.541,34.386,-20.969,20.768,26.15,1.907,16.508,-10.408,10.448
45.18,15.986,-5.24,-17.481,42.747,2.73,-46.204,-17.255,-12.615,23.407,-3.862,26.99
44.52,1.709,2.077,-1.839,30.793,-4.866,-42.538,-0.635,-5.699,-28.618,1.277,17.62
44.455,6.511,-23.653,-25.807,16.185,-8.507,-51.206,-5.098,-27.712,-11.677,-4.185,1.919
44.554,26.654,27.381,-2.934,38.533,-2.633,-44.766,58.008,-33.588,-12.94,8.844,0.322
43.947,44.133,82.238,47.628,82.919,-42.31,24.488,-0.052,-36.987,9.671,0.244,21.648
44.551,-15.145,19.588,-11.355,55.118,-41.086,-0.746,50.401,-9.862,27.586,-0.009,0.505
43.017,75.263,4.005,-28.236,33.907,-16.338,-0.436,-55.396,-30.678,7.888,-23.08,-6.426
46.675,-9.332,51.734,4.445,32.621,-24.679,-2.117,15.635,3.641,-19.986,-9.687,-4.655
44.656,37.721,42.962,62.709,43.117,-3.198,-51.886,33.866,3.002,-42.45,-1.737,-11.091
46.865,0.913,71.813,52.879,77.87,-6.513,-11.789,13.012,5.412,-14.232,-10.818,20.819
40.436,125.207,44.615,17.891,68.494,-38.72,-20.056,-37.035,-22.507,27.654,-10.491,-9.552
39.732,82.81,64.582,-8.028,36.981,-10.314,-4.402,24.42,-13.754,3.088,0.381,1.827
40.853,-0.921,25.678,8.395,19.656,-37.988,15.44,4.513,-26.209,19.47,0.768,11.622
43.925,-31.675,26.047,22.886,22.921,20.07,-5.021,-14.285,-14.175,18.464,-10.378,-6.553
44.061,-37.317,56.671,-73.608,17.741,-17.65,1.365,14.422,-22.942,-22.963,8.586,4.625
45.022,46.331,16.631,-23.978,34.341,12.56,-47.883,15.971,-7.247,-0.393,-24.15,11.431
46.911,105.959,16.235,-27.852,8.983,7.47,-82.408,-15.846,-12.15,25.995,11.221,-8.999
48.253,85.823,60.02,-28.472,2.927,-8.509,-76.975,-40.405,-7.22,8.761,0.638,-16.426
47.391,28.018,41.972,28.837,21.237,-41.667,-35.341,53.503,-14.45,-9.068,-8.626,-7.608
47.086,-11.981,65.359,37.533,36.274,-13.11,-37.101,3.283,-23.649,6.997,-8.009,-7.245
42.334,-66.467,48.433,-23.794,41.815,-36.001,11.482,8.713,4.354,5.681,0.167,13.13
45.07,-35.013,51.574,4.14,53.007,-5.847,-8.51,10.822,-10.581,-16.571,-11.879,0.213
45.001,151.244,33.355,-28.094,76.986,-34.525,-36.947,-2.254,12.509,-32.546,18.071,22.817
47.319,-20.617,77.168,34.67,18.078,-46.344,-32.572,-3.649,-45.146,10.59,12.208,10.195
46.069,-24.182,47.322,8.595,56.942,-45.537,-5.323,11.596,13.36,1.487,-2.481,16.534
45.442,-5.562,48.459,-19.783,50.097,-19.995,-2.685,-13.399,1.886,8.723,-24.36,26.714
43.883,-32.059,18.622,-9.683,43.312,-32.56,-34.507,2.363,-19.664,-20.437,-5.882,32.182
42.275,-48.773,20.497,22.027,51.87,-23.933,-34.312,-29.374,-23.455,9.528,-24.925,27.893
44.846,-58.78,22.631,-67.351,42.833,16.62,15.639,37.821,18.149,-0.541,11.02,4.877
43.877,-8.937,16.989,23.034,34.721,-15.718,-8.35,-3.003,12.392,-1.796,-32.88,-0.316
39.084,16.459,-67.279,59.65,34.052,-17.437,-72.611,-10.01,1.124,47.349,-43.759,-3.924
33.303,-8.4,-62.917,-48.743,80.685,-69.921,-82.394,157.558,-2.125,-18.942,25.608,1.283
33.768,89.208,-95.575,10.617,52.999,49.562,-61.512,-39.832,-9.954,84.556,-67.155,17.166
42.267,17.221,16.277,-45.389,53.169,-2.533,3.598,-22.18,-4.806,64.6,-1.644,8.244
42.043,-53.369,-14.184,60.145,21.869,-23.495,-35.089,-9.839,-5.332,7.863,-31.105,2.872
39.748,49.041,-42.617,-24.793,30.015,-29.814,-76.003,48.397,0.783,-8.648,18.572,-15.755
43.365,-82.592,28.669,-57.594,44.444,-9.831,20.927,1.927,-20.589,-2.322,3.22,6.242
42.797,-33.563,16.982,119.212,-41.93,-9.719,0.481,9.248,-46.045,-36.673,-27.458,-5.504
37.62,-80.168,51.713,-52.987,-12.14,29.804,52.965,35.064,0.888,-18.107,-2.436,-14.967
39.143,-57.104,51.293,20.304,-29.878,-28.834,74.296,6.358,-28.852,-11.274,-26.543,24.047
37.147,-76.802,68.164,1.106,-15.172,-21.767,69.15,24.499,-22.627,-10.627,-17.571,24.963
35.781,-72.864,5.179,74.244,-14.398,-48.587,9.623,-10.86,-37.058,-12.813,2.77,38.855
32.696,-98.455,-31.126,51.972,-12.752,-37.455,27.997,3.364,-8.198,-6.568,12.168,16.453
38.113,-84.764,-11.047,-3.043,20.773,67.768,28.23,-12.36,2.363,-2.366,15.81,3.185
36.747,-96.962,-3.91,55.327,-0.737,-39.334,28.104,2.472,-19.152,-18.452,4.782,32.535
36.886,-102.3,-7.275,25.081,7.953,-46.781,-12.296,-12.472,-12.979,-7.58,20.58,23.829
37.337,-98.576,13.237,48.85,6.456,-43.112,18.148,3.652,-21.655,-12.105,-1.444,38.378
35.664,-123.204,-5.19,42.653,7.63,-35.72,-2.495,-1.014,-8.052,3.658,-15.656,5.655
36.967,-95.432,0.431,18.842,0.665,-37.065,11.64,-4.33,-23.5,-0.225,8.504,20.209
37.978,-80.493,-7.881,46.237,-8.056,-13.91,20.606,-2.707,-6.813,-7.888,-8.492,5.616
39.207,-33.418,23.976,10.758,-46.776,3.751,12.763,-8.707,-34.619,-17.498,-3.158,-5.689
39.257,-53.256,12.354,-3.198,0.014,10.026,2.329,-6.359,-10.825,-8.373,-30.818,-3.351
39.846,-21.264,54.248,65.692,-15.115,0.026,-12.999,-26.003,-38.771,-20.491,4.926,-4.728
39.802,-40.046,31.072,-6.992,5.304,20.749,3.8,-8.815,-5.93,-22.853,-26.389,-3.883
41.053,-0.137,39.323,24.478,-10.727,-18.341,6.257,6.114,-20.94,-9.592,-1.06,-12.664
45.082,-40.031,77.7,40.771,8.294,-3.975,46.527,2.513,-14.4,9.013,6.199,-21.94
44.409,31.33,44.16,38.695,-30.149,-16.253,18.489,68.166,-12.146,-20.184,-8.703,-12.957
40.948,12.946,16.464,-49.514,-15.015,-9.87,26.559,-23.735,-6.151,39.828,-19.173,10.529
40.634,-29.059,35.296,7.203,-31.523,-34.52,70.956,15.694,-17.229,2.073,-10.494,27.907
39.479,-77.763,14.082,5.863,-31.493,-50.452,41.124,21.744,-12.773,0.994,-6.452,16.55
37.772,-54.078,8.784,-2.349,-29.244,-16.658,28.416,31.997,-21.636,-17.914,-11.403,31.83
35.819,-76.118,3.979,49.308,-2.714,-33.132,9.37,18.25,-18.914,-12.546,6.562,29.915
33.075,-85.509,-29.351,37.436,-16.378,-40.105,21.052,17.637,-9.312,-9.755,2.685,25.398
35.947,-120.289,-11.913,-25.792,17.765,29.076,20.954,-1.574,8.187,-4.378,5.078,-5.897
40.409,-26.513,5.847,53.417,-36.793,-20.339,-3.36,-8.405,-37.341,-19.961,-15.055,-4.184
38.5,-80.064,14.255,-17.546,-2.338,-6.814,0.772,2.941,-22.276,8.179,-14.653,13.291
38.443,-51.185,32.307,20.152,-4.706,19.638,-16.151,11.825,-29.203,-36.859,-10.887,4.354
36.948,-87.794,-9.533,34.372,6.534,-3.21,1.129,-17.579,-2.463,2.042,-24.493,2.675
36.7,-28.241,-17.876,-91.585,-34.16,-20.542,-5.773,21.998,18.001,-15.895,13.857,-7.058
42.052,4.677,-8.308,-62.506,-33.006,-34.826,-29.674,-24.716,-5.98,10.288,2.912,-6.033
46.163,-0.936,22.938,-46.952,13.583,-9.181,-53.283,7.622,-4.573,-2.306,14.452,-6.946
48.644,65.61,27.406,-33.422,15.7,-24.766,-71.812,-20.395,-1.754,5.095,0.374,-2.376
48.982,49.536,33.234,-20.309,14.696,-34.214,4.106,0.722,-0.056,-3.572,1.056,4.824
49.581,82.229,41.011,-5.755,12.821,-28.833,-4.202,-5.852,6.54,1.346,-2.369,7.789
49.218,100.153,59.404,1.319,25.916,-31.776,-15.297,-3.672,4.621,-5.75,0.615,4.295
49.506,43.414,61.076,-10.589,45.626,-19.169,-24.996,-16.675,-13.49,-4.635,0.311,7.465
50.068,21.176,53.49,-11.499,40.838,-39.746,-40.668,-9.961,-8.695,7.711,8.114,27.818
49.852,-18.893,20.807,24.373,34.571,-28.577,-22.967,-24.776,0.097,15.689,-12.185,7.528
47.81,25.912,63.571,12.026,40.89,9.93,-5.44,-7.505,2.979,-33.23,-7.426,3.059
46.825,6.886,43.211,0.071,3.802,21.718,-13.737,6.758,-2.049,-3.92,-28.371,-8.718
37.13,-43.955,71.5,-1.31,21.277,-22.741,2.109,1.35,-6.03,-0.621,-8.697,-12.378
36.732,-38.792,91.33,6.116,40.97,-28.85,2.232,-20.206,2.235,13.351,-4.326,-5.07
38.379,-61.332,90.288,-7.914,39.214,-15.766,-4.067,6.93,-12.273,-10.011,-13.988,2.294
40.121,-33.236,62.498,-36.119,15.549,-14.63,12.605,-5.624,-10.393,-8.555,-2.276,-7.448
43.648,-34.063,54.375,-44.18,16.7,-28.697,-5.609,9.023,-12.614,1.4,1.6,6.659
44.94,-20.441,44.661,-9.881,14.958,-17.931,1.776,1.747,-6.523,-2.746,-20.757,13.676
41.527,1.488,-11.115,39.299,-9.175,-8.555,11.471,-36.735,-18.804,-13.652,-35.182,-12.136
39.021,-41.5,1.448,-15.925,2.563,-30.884,-0.632,-10.354,-3.584,9.175,-2.989,12.359
42.313,-52.966,14.507,-17.549,47.293,-7.823,23.094,4.372,12.636,-4.055,-37.353,6.983
38.048,191.286,-77.278,-1.707,83.782,3.819,9.542,-4.902,40.053,-63.178,-32.61,10.713
41.702,80.592,-59.844,-44.678,28.966,18.007,-24.584,56.045,-3.844,-17.147,-2.833,9.248
40.283,-60.154,-33.059,-86.99,65.537,-22.204,26.553,13.605,-12.546,12.441,-5.158,7.639
41.408,-50.99,-21.728,54.913,20.707,-32.869,-22.729,-10.804,-24.643,-7.097,-9.679,-11.135
36.894,-53.495,11.371,-22.337,37.749,-27.978,-53.586,-5.851,23.167,-7.639,1.193,-4.316
37.476,-22.62,21.661,-28.009,20.557,-16.961,-23.853,-8.769,5.772,-15.437,4.909,12.538
37.885,-60.735,12.526,-21.645,14.02,-47.294,-16.989,-6.081,4.552,11.214,-4.335,-1.287
42.353,-64.05,47.796,-15.608,17.065,-2.02,-0.915,-6.269,-12.243,15.348,-20.992,5.115
41.995,-62.493,-21.723,-17.387,87.702,-31.001,-27.646,-32.55,10.822,-28.62,1.979,-24.751
43.61,47.682,-11.404,-36.184,53.47,-18.657,-23.642,-24.766,14.985,-39.897,9.319,-16.431
44.729,-20.897,9.412,55.784,35.995,-11.279,-23.49,8.557,8.08,-24.205,-22.831,0.98
38.222,-60.612,25.105,-35.255,23.184,-30.296,-42.521,-0.276,-2.28,-9.664,3.299,9.178
38.946,-52.004,18.948,-37.718,-7.821,-29.319,-27.429,-19.342,-11.559,5.689,-10.551,2.381
40.56,-79.964,9.962,-22.6,14.484,-37.855,-8.828,-13.845,5.854,9.551,0.113,-7.782
41.156,-81.078,6.937,-22.39,29.865,3.572,-20.406,17.351,0.495,8.695,-37.742,0.756
39.708,-15.45,-5.164,-26.03,25.379,-7.116,-5.737,-0.761,-11.535,-30.754,-2.361,-7.748
43.193,100.996,2.359,8.219,33.883,-44.428,-21.359,-48.954,-26.405,19.941,5.457,11.303
42.428,-50.708,5.123,43.694,27.869,-55.22,-1.693,2.36,-1.257,0.252,-9.123,4.657
44.091,52.3,-26.687,-62.865,26.693,30.12,-3.617,1.241,36.558,-57.276,-9.366,-0.379
43.414,7.358,1.895,-43.142,26.034,-1.317,-14.59,16.948,12.661,-36.822,-23.588,-9.074
43.159,-24.157,-1.46,-0.166,-1.448,-6.534,-35.612,3.105,-14.673,-6.133,4.835,-11.831
47.594,112.887,34.704,-27.112,18.096,11.195,-42.628,-7.481,4.046,-17.943,17.303,-31.655
47.481,-54.017,19.054,59.263,27.887,-32.211,0.256,8.129,17.507,1.504,-4.845,4.401
42.493,-71.764,14.004,-0.554,25.351,-1.488,-16.684,14.072,-9.942,-13.275,-17.66,9.863
44.23,-55.973,28.716,32.436,33.639,-1.705,-11.573,23.907,15.229,-5.891,-31.602,-5.455
43.902,-74.825,-0.33,52.457,41.809,-17.334,-42.091,25.284,23.848,17.537,25.749,-17.247
40.193,-40.648,-4.434,-24.905,-14.402,-34.784,-20.698,-6.362,-4.195,10.277,-5.713,-6.874
39.543,-48.653,-16.001,-43.878,5.079,-25.274,-28.79,-5.934,5.25,6.894,-9.028,5.464
41.421,-66.326,-26.142,-55.58,4.215,2.022,5.866,-8.452,3.111,4.413,-35.736,-1.775
41.478,-77.269,24.845,-50.062,24.104,-24.345,-1.57,14.707,3.388,-10.529,-2.965,-9.724
45.485,18.92,43.951,9.027,8.392,-2.127,-6.369,12.552,-20.823,-17.618,38.455,11.148
45.819,-44.958,27.821,70.964,24.824,-24.489,13.971,2.097,8.718,3.824,1.984,7.069
43.536,35.138,17.428,-4.102,14.773,-17.906,-2.787,32.76,-26.999,-23.436,20.158,7.712
41.202,98.954,64.054,-1.626,11.246,-44.59,-20.444,-6.771,-9.999,15.85,-4.153,0.624
42.553,76.082,59.049,3.195,17.031,-29.735,-39.056,-3.458,-18.396,6.81,-7.088,15.265
42.165,75.258,69.262,3.246,27.098,-34.942,-25.57,-3.564,-10.598,-2.181,-1.296,22.042
44.363,32.696,28.893,-22.134,-1.583,-27.424,-6.27,4.489,-9.933,7.234,4.699,14.193
47.291,-14.34,41.541,-7.269,45.452,-18.267,1.658,6.804,26.815,34.087,-18.884,-0.471
46.746,98.362,15.447,12.601,32.549,-27.772,-24.834,-7.786,-26.883,17.403,-4.657,3.871
45.497,0.41,26.335,-16.665,7.392,2.691,-34.353,26.361,-26.568,-10.47,-9.619,-5.737
44.498,-51.345,7.337,-38.465,19.354,-3.119,-15.748,12.922,-1.462,31.784,-26.363,2.184
43.2,4.918,22.504,-12.883,24.301,-45.427,-45.01,26.887,23.177,-20.719,18.59,-5.914
42.891,41.137,56.187,-20.836,20.197,-23.547,-9.517,1.57,-1.057,9.464,-4.76,13.726
44.116,4.19,12.033,-23.65,-4.138,-5.912,-5.526,-9.76,-14.021,19.105,-10.014,18.329
44.279,-72.661,2.778,-19.355,-3.827,-9.715,-14.26,5.952,-31.536,13.227,-10.743,4.6
43.561,8.876,-17.592,-52.127,-18.882,-17.986,-16.421,49.927,-17.017,-39.255,-8.817,3.014
43.835,-21.87,10.599,-67.732,-4.069,-3.075,-0.376,3.399,-11.741,10.749,-30.483,7.225
40.546,-89.345,-23.791,-13.353,-15.839,-62.895,-5.824,32.421,2.571,-9.249,5.79,-4.768
36.213,-87.57,-56.297,93.019,18.445,-38.019,-7.222,21.133,5.701,-6.22,-6.779,0.666
35.296,18.062,-24.567,53.948,3.597,27.037,-24.731,-16.151,-34.201,45.715,-84.254,25.39
33.375,-71.026,-18.151,-114.846,-38.384,28.944,-19.903,31.935,-27.197,-5.724,-24.499,-19.785
35.311,-95.451,-21.835,67.006,4.469,52.129,11.585,9.831,-14.339,-16.732,-45.194,-1.372
34.246,-95.917,31.637,-204.905,6.466,22.703,16.234,15.359,-10.386,23.477,1.668,-3.856
39.812,-2.979,-24.223,19.916,8.262,13.948,-8.786,69.15,-20.745,-5.674,18.273,2.501
42.532,-94.985,18.135,-32.98,38.534,1.781,-1.026,7.624,15.766,6.228,8.314,-16.879
38.538,-75.378,-0.919,58.728,20.049,-16.105,5.603,4.281,13.896,-22.927,-24.535,-2.489
38.593,-68.342,46.348,-55.533,42.227,28.217,-11.259,2.881,5.985,-9.368,-4.206,-1.181
37.876,-56.034,38.254,2.081,45.798,-22.698,-18.783,19.509,14.828,-11.065,-2.7,6.976
37.123,-55.034,17.987,6.859,6.54,-41.223,-9.573,-4.988,-13.749,15.901,3.155,1.991
35.895,-29.568,11.147,45.944,18.238,-20.123,-15.994,-7.75,-8.027,-7.956,-8.421,14.444
34.41,-50.099,16.086,26.871,37.163,-4.811,-33.801,-18.562,-7.961,-7.664,3.348,5.548
34.553,-94.315,-6.318,-34.464,6.813,28.588,0.539,-0.019,-4.219,-5.647,-22.318,8.626
35.547,-62.582,13.689,36.667,-1.159,-19.52,11.242,2.198,-6.711,-20.428,-0.25,26.377
35.2,-110.015,16.98,2.852,12.905,21.195,3.175,7.555,-13.843,-7.746,-16.279,16.858
33.606,-84.303,-8.185,27.622,-1.27,-46.031,-9.451,-12.152,-5.945,-1.126,1.245,34.335
33.618,-91.853,12.06,16.321,23.687,8.148,-26.048,6.307,-5.909,-14.03,18.815,14.279
30.345,-144.582,-21.346,9.372,-4.992,-31.417,9.301,-4.363,-15.845,-1.219,-20.789,15.7
33.46,-96.254,15.375,-72.718,-11.105,24.299,29.203,40.185,-7.641,-8.407,-8.901,23.753
36.718,-112.17,12.96,17.594,37.208,14.422,-29.826,10.774,-8.221,-20.588,-20.358,8.432
37.58,-56.395,35.155,56.64,17.56,-11.586,18.891,3.19,-20.191,-27.783,16.036,50.084
36.387,-137.673,27.181,52.82,30.585,-28.038,-20.966,1.9,-26.122,-7.739,5.369,24.189
38.775,-54.721,61.09,68.196,44.876,-10.079,-2.232,-12.758,-21.019,-41.686,4.6,53.192
38.531,-119.494,30.713,61.055,42.868,4.21,-27.521,4.782,-26.921,-13.428,-8.033,31.434
38.527,-45.058,64.659,28.266,29.024,32.973,-8.667,-13.601,-49.349,-32.237,12.213,22.918
41.984,-53.24,10.081,-31.103,15.234,13.212,-13.84,0.81,-2.853,-17.25,-6.277,-12.697
42.217,-41.349,22.112,-13.176,20.202,-6.042,16.902,-14.914,13.866,5.584,-15.929,-6.391
40.988,-18.755,7.894,41.45,34.865,-7.781,-20.59,-1.266,12.965,-9.137,-19.425,-11.992
33.224,-61.06,-3.647,21.595,20.563,-30.084,-14.568,-7.363,7.26,-2.322,-28.866,7.477
37.81,-38.897,35.092,-37.225,41.807,78.726,-8.611,7.131,-13.729,-4.809,-9.573,-3.97
39.205,-54.161,13.434,3.557,10.385,12.822,-1.394,12.136,8.812,-24.633,-15.32,-8.182
38.994,-27.453,40.266,23.924,16.345,-6.049,-4.392,-13.455,1.183,-2.875,2.444,-4.613
38.182,-39.095,8.51,44.377,22.203,-20.234,-29.369,-5.507,-7.558,-7.644,10.496,11.151
37.31,-41.554,7.906,47.655,38.414,-5.04,-38.367,-12.921,-7.593,-1.372,4.513,13.138
38.315,-75.148,-2.326,16.525,20.673,28.152,-2.009,1.877,1.59,-10.797,9.479,4.118
38.198,-80.473,8.11,59.64,8.726,-3.373,16.464,-3.155,-14.391,-24.3,5.672,35.711
35.858,-89.011,-10.437,-7.425,25.619,-5.391,-32.618,-5.087,1.707,-11.143,-3.438,19.951
37.31,-54.317,28.521,59.282,26.502,-14.557,-4.633,3.275,-15.086,-35.807,-1.278,52.064
38.369,-103.157,33.213,28.882,33.661,-7.961,-31.215,4.881,-31.496,4.083,19.29,23.779
33.147,-176.86,-36.824,20.155,-10.595,-45.824,6.466,2.85,-12.214,-0.605,-16.844,6.516
37.328,-91.715,17.086,-73.074,5.714,20.264,-2.382,34.872,-1.387,-10.358,27.704,6.037
42.032,-57.569,15.359,-39.549,4.719,-7.641,-45.012,-34.393,-19.722,12.922,-1.091,13.084
46.226,-3.237,52.971,-42.25,23.074,-9.959,-44.964,11.788,-28.166,-12.721,15.221,12.668
47.493,20.501,31.195,-16.927,17.9,-20.616,15.154,2.872,-1.655,9.919,1.08,-12.55
45.113,40.066,55.34,60.128,18.291,-30.522,-9.942,3.634,-7.418,-2.701,-12.729,-13.974
42.263,14.908,71.705,-13.065,19.23,1.946,-10.149,3.049,-19.382,10.301,0.491,0.76
42.231,-26.847,50.259,12.98,2.127,-33.456,21.531,-13.077,-1.565,1.97,-15.435,-23.173
41.422,-38.197,72.664,-15.106,28.232,-32.897,-0.371,6.367,-10.109,1.738,-0.633,-11.475
42.488,-13.038,75.221,1.794,32.339,-27.37,-15.809,1.726,-16.596,-19.402,3.844,18.267
42.19,12.974,43.435,-6.958,18.153,-24.829,-30.974,3.866,-18.867,-22.224,7.965,18.65
43.881,-29.24,25.04,-17.372,7.983,-28.588,-15.696,24.507,-1.425,14.663,-4.308,-11.632
42.722,-2.248,60.481,2.355,-1.447,-35.867,-18.778,1.065,-19.097,-6.009,3.147,3.528
43.347,-1.669,64.419,-4.096,12.228,-26.62,-21.546,-3.092,-16.437,18.749,-5.097,5.609
43.343,11.9,66.955,-8.022,19.381,-27.748,-38.699,-14.12,-17.983,8.957,5.087,1.265
44.988,13.682,85.417,-21.082,27.447,-24.399,-27.945,19.03,-12.29,6.205,0.043,-16.727
45.929,55.643,52.982,-7.172,5.541,-30.258,-3.723,12.832,-6.98,15.569,-11.394,1.088
41.583,95.121,32.055,-16.581,19.344,-25.182,-13.981,-40.813,0.444,-5.633,-0.221,-0.806
43.612,77.819,37.641,-33.562,17.812,-30.268,-15.829,-15.118,3.543,-0.289,-0.283,-8.604
45.067,63.941,35.294,-11.604,11.965,-31.157,-20.788,-20.459,-8.803,-3.453,-0.57,0.616
46.161,68.059,28.087,-21.182,7.211,-20.47,-22.548,-6.606,6.794,-7.331,-0.941,8.197
47.191,48.114,30.05,-27.98,27.424,-25.343,-27.297,-17.993,1.628,5.393,-3.341,2.495
46.902,64.064,55.955,-9.159,39.687,-21.616,-22.909,2.569,4.887,8.59,-1.819,3.484
46.635,51.593,37.622,3.388,24.809,-34.561,-38.321,-16.534,4.256,-0.755,2.081,11.222
47.014,42.663,52.931,-12.273,25.314,-34.996,-30.253,-6.841,-9.318,9.017,-4.406,-6.943
47.101,41.701,25.681,2.128,24.574,-35.766,-25.095,-29.395,5.659,8.435,-5.085,-4.712
46.815,62.98,38.903,-2.251,14.422,-41.353,-30.879,0.244,-18.513,-1.898,-9.956,2.689
45.638,56.242,56.276,-17.362,25.312,-39.117,-18.061,13.235,-2.425,-3.532,7.725,16.553
46.357,55.74,50.609,3.822,25.476,-22.227,-10.186,12.592,-2.112,2.591,-6.79,14.61
46.598,80.999,51.467,-13.571,10.036,-33.701,-22.083,-4.966,-8.427,-4.74,-0.227,-1.807
47.818,56.903,82.166,6.746,26.448,-31.84,-16.825,-12.461,-4.271,1.772,3.315,11.551
47.762,40.688,56.382,4.761,27.338,-29.104,-20.482,-9.826,-5.802,-0.562,-2.294,11.056
46.589,42.122,44.1,5.12,24.696,-28.513,-11.778,-20.427,-0.352,-10.787,12.317,5.821
47.355,49.157,61.322,-26.258,35.24,-20.824,-23.996,5.792,-5.812,-7.791,-0.751,7.362
47.685,91.525,35.96,-7.119,9.784,-37.811,-20.985,-6.958,3.265,4.409,1.591,-13.153
49.794,80.453,42.149,-33.779,11.241,-28.118,-2.177,-4.84,-4.183,3.789,-1.51,17.457
50.204,55.929,37.676,-10.948,35.753,-27.997,-25.536,-0.334,-0.24,-5.375,-1.841,9.575
50.221,59.018,35.636,-21.836,12.539,-30.226,-22.963,8.934,-10.235,6.822,-8.243,6.728
50.133,65.003,18.017,4.278,25.788,-40.267,-18.871,11.387,4.173,-1.733,-5.076,21.782
48.73,64.362,42.496,-27.314,28.742,-15.679,-14.815,-0.688,1.048,-5.065,-1.443,9.643
49.277,65.884,31.509,-14.572,34.356,-28.255,-34.751,-6.971,5.696,-2.325,-7.84,21.509
48.73,69.504,36.394,-21.458,20.347,-29.23,-26.047,4.302,-1.059,2.66,3.281,15.57
48.65,105.03,63.566,0.996,15.4,-17.851,-19.117,3.725,-5.118,-8.343,-11.619,7.634
47.114,103.969,39.592,-16.977,28.652,-29.97,-20.141,-2.888,-14.913,-10.742,-5.747,12.279
47.623,120.481,54.641,-0.442,5.121,-31.363,-7.244,0.178,-6.242,8.192,3.826,22.925
48.817,94.111,57.725,-19.187,9.558,-26.858,-23.039,-16.534,-16.561,15.934,-15.45,12.017
48.917,67.437,55.944,-7.367,25.175,-18.373,-17.97,-0.704,-4.866,10.967,-11.746,11.258
48.1,82.393,38.304,-20.774,23.503,-17.782,-33.758,-22.673,6.112,4.889,-3.624,4.974
49.25,76.941,40.508,-21.485,20.461,-12.719,-15.756,-8.718,4.391,-5.619,-4.274,21.921
48.421,97.631,44.997,-6.635,19.395,-13.453,-36.205,-0.773,-5.756,-1.022,-15.518,3.377
47.482,114.163,75.838,-7.597,59.425,-28.757,-31.632,13.323,-5.139,20.703,-7.181,5.26
46.687,91.716,2.626,-27.408,-27.573,-28.866,12.777,-3.672,-0.723,3.432,3.088,17.728
47.653,53.862,-5.058,-53.999,3.929,-21.873,-14.009,-5.027,0.055,8.425,-7.467,11.188
48.007,71.87,8.629,-22.828,22.615,-24.93,-44.711,-8.822,-2.016,-6.791,-5.118,14.495
48.375,63.387,16.865,-14.231,26.834,-29.846,-35.064,-3.757,2.622,15.151,-7.578,6.357
47.552,43.888,17.161,-37.984,25.991,-37.931,-26.789,-8.803,1.393,-0.47,-3.308,17.217
47.675,49.809,35.689,5.625,45.847,-36.566,-17.06,1.975,8.374,0.643,-1.014,18.284
47.017,11.322,37.131,-4.158,43.589,-37.714,-53.644,-27.198,7.04,4.16,-16.191,-12.63
47.324,23.782,51.926,1.148,53.109,-28.265,-25.451,-3.042,6.917,-7.63,10.555,14.525
44.288,-1.011,48.766,3.166,31.13,-35.101,-2.303,0.399,-18.291,15.076,-14.732,21.847
42.379,-33.17,45.664,-16.31,21.482,-26.436,2.896,1.848,-36.037,-2.583,-6.823,25.572
40.844,-38.342,50.811,0.975,37.083,-17.391,-16.607,-7.276,-23.259,-11.589,-5.485,5.106
40.399,-116.437,-13.933,-34.469,10.588,-44.413,-36.339,1.826,-30.698,-11.667,2.882,-0.492
45.662,-10.065,19.242,-36.303,51.368,11.898,-69.745,-17.384,17.348,-27.916,34.124,-7.942
45.958,-8.046,69.174,-4.833,50.858,-20.734,-82.284,-30.334,-18.542,-12.13,-2.05,-5.581
45.806,-7.524,82.229,-12.756,79.335,-18.599,-59.156,-10.373,-0.833,-10.239,1.362,21.394
45.944,-28.028,72.63,-1.3,69.541,-22.657,-54.733,-15.921,-12.129,-11.113,2.402,22.707
46.203,-29.233,84.681,-7.887,67.169,-17.997,-56.949,-2.827,-17.391,-26.573,12.908,22.083
47.045,-30.752,99.878,-7.383,66.962,-33.262,-50.515,-2.132,-28.781,-12.017,16.03,26.705
47.859,-27.016,111.42,13.428,68.26,-32.809,-43.103,-3.183,-32.813,-13.037,2.768,31.696
47.604,-38.511,110.49,15.166,63.442,-18.562,-38.403,-12.302,-43.007,-21.273,-2.021,30.192
46.427,-58.83,74.057,4.738,84.866,-26.887,-53.107,-13.45,-15.975,-15.581,5.979,21.16
49.397,52.907,103.566,-31.102,103.72,-13.275,-40.561,13.336,16.363,-21.822,1.115,23.146
50.398,139.618,89.994,-3.737,114.142,40.066,-26.137,-4.33,-23.054,-3.181,-17.788,16.763
52.602,107.849,82.816,54.644,61.198,-15.989,-60.436,-21.381,-7.09,-2.274,-38.219,-10.282
44.193,34.423,13.85,-31.721,16.39,-19.416,-6.102,13.345,-17.786,-22.188,-19.154,-11.202
42.141,-2.279,16.447,-3.892,10.573,-55.114,-14.309,13.25,13.287,1.76,-10.534,-19.237
40.123,26.482,60.18,-18.029,43.8,-25.222,-13.436,21.962,10.707,-6.367,15.361,-5.344
46.311,67.243,74.635,-40.876,75.325,-2.559,-18.573,-26.752,-12.654,-4.45,-32.773,13.574
47.69,-18.389,68.858,26.316,81.665,-12.019,0.88,5.253,-3.529,-5.448,21.819,22.586
45.607,6.003,44.801,3.975,62.555,6.382,-68.437,13.241,5.421,-25.179,-12.043,4.456
40.961,32.9,50.098,5.826,26.069,-36.94,-16.946,-5.703,-0.81,3.4,-10.889,5.756
44.631,-21.317,55.92,-76.299,40.359,-22.252,-15.757,-13.637,-41.26,12.19,3.69,2.286
49.339,10.455,74.852,28.211,52.691,3.826,0.071,-39.573,-12.108,14.765,-30.648,3.744
48.581,4.949,102.218,-18.874,63.328,67.968,-7.683,35.494,-5.259,-20.332,-20.168,8.792
48.703,-30.589,128.538,-50.501,58.145,22.871,-20.519,13.975,-24.979,-4.357,29.156,-10.358
52.906,61.826,140.407,13.122,38.367,-18.411,-39.314,-4.355,-33.585,-17.069,15.237,-8.032
48.818,59.757,62.0,126.71,38.537,-47.624,-50.598,-4.378,-20.487,-3.801,-4.975,2.521
45.747,-47.55,58.968,-19.683,81.688,-22.721,-7.772,4.231,-14.831,21.16,14.547,6.46
48.574,-15.121,90.421,-29.263,91.274,-35.804,5.633,15.506,3.185,-9.364,6.514,23.845
49.04,21.278,69.611,68.184,93.349,-14.663,-20.063,18.753,7.239,-24.963,-40.944,27.21
42.52,0.225,86.479,-61.018,46.192,5.208,-11.751,-8.678,-15.489,25.234,-17.781,-1.913
43.779,-5.384,70.056,-68.192,35.195,56.62,-1.093,2.026,-17.11,10.557,-11.394,-17.193
41.823,75.662,10.185,10.277,118.647,-42.237,-8.548,-36.372,-36.837,-18.092,-9.175,-8.862
39.423,-11.682,49.134,18.189,54.829,3.128,-14.328,0.503,-21.576,-28.791,-30.025,12.267
42.988,38.258,77.409,-18.983,34.834,9.839,10.556,10.977,-59.444,-20.893,26.975,-17.045
48.69,-30.32,51.715,-33.983,58.273,-15.414,8.331,23.895,-35.798,10.666,9.586,-13.81
49.77,34.493,51.622,53.335,76.638,-19.294,-16.77,5.529,19.062,-3.06,-35.436,25.814
44.847,43.921,21.435,-73.262,44.009,59.511,-59.784,7.207,23.05,7.704,3.231,-13.165
47.438,47.561,17.356,-48.123,42.257,-23.48,-96.537,-25.359,28.074,10.789,7.973,-4.452
49.778,74.095,25.796,-45.253,23.641,-18.063,-106.252,-26.153,25.819,2.525,7.456,-13.997
50.955,62.897,44.3,-21.879,22.756,-23.686,-83.261,-16.442,12.004,3.884,5.519,1.506
50.677,57.614,31.774,-31.918,3.136,-20.178,-85.447,-23.68,9.842,2.512,9.779,-25.339
51.577,48.251,64.457,-20.639,20.26,-23.201,-71.595,-25.756,-3.392,-1.014,16.928,0.389
50.353,-0.859,44.587,15.772,24.681,-20.675,-50.204,-16.563,-8.128,2.78,-14.496,9.775
49.88,29.097,56.115,-55.753,64.326,-35.715,-37.977,43.959,-3.379,-2.444,-2.561,8.288
51.682,3.966,64.999,-20.88,32.649,-14.963,-45.337,7.625,-41.282,-12.787,6.937,-4.446
51.953,9.643,53.752,4.029,44.719,-34.33,-24.958,-1.241,-11.543,-1.346,-5.729,2.536
51.012,-19.71,40.3,-7.191,43.313,-31.748,-8.914,2.543,-9.2,-5.077,-10.565,13.95
51.439,-21.106,55.733,-40.183,37.448,0.139,-7.159,-31.705,-7.347,13.4,-11.914,-2.885
52.616,17.413,52.11,25.381,34.597,-16.197,-12.147,-0.697,-9.209,-12.633,-21.147,14.561
49.925,26.837,74.166,-41.781,55.879,-5.261,-45.4,9.445,14.111,1.999,-12.385,-5.748
48.633,-16.339,23.414,-10.235,50.743,-23.079,-19.756,-5.144,-11.16,-8.854,-5.558,4.448
51.163,12.616,89.764,-4.278,48.947,-4.01,-32.838,19.693,-15.819,-22.004,-16.226,-5.084
48.35,32.154,34.468,2.864,54.698,-39.822,-35.305,-12.192,-6.429,7.174,7.478,-1.901
50.439,-9.653,48.967,-0.685,66.05,-35.493,-1.619,23.882,12.788,-11.225,6.975,-12.717
51.697,53.48,84.552,5.329,25.802,-37.225,-15.292,16.102,-37.297,-15.648,12.308,-4.988
52.562,122.208,28.069,33.314,43.066,4.286,-27.768,-35.131,-3.56,-35.962,-26.058,-1.362
48.393,112.891,30.806,-23.607,72.9,-31.371,-13.695,-12.849,-18.568,-19.431,-3.775,-13.642
48.701,155.407,68.337,-16.189,82.518,-11.479,-15.521,11.895,22.209,-39.237,-0.863,0.739
51.609,77.033,120.396,26.334,109.557,-17.732,-14.619,-5.223,11.062,-12.634,8.827,24.555
50.239,56.873,83.201,37.639,94.333,-28.138,-6.928,-7.718,1.225,-1.378,-23.663,42.964
48.188,14.427,54.191,-0.38,63.547,-33.333,-63.589,9.841,-4.032,-4.599,1.03,13.077
45.869,56.821,56.938,-4.527,35.408,-28.621,-51.54,5.591,-6.353,2.458,-1.302,8.054
45.267,39.837,32.589,-23.773,29.161,-31.608,-26.126,15.166,2.62,-4.03,-0.916,4.021
45.493,49.437,57.601,-6.894,29.585,-33.443,-36.167,-7.345,-14.749,2.003,1.686,-0.6
48.513,51.072,31.326,-23.839,56.786,8.537,-38.135,8.319,-5.225,-26.501,-17.764,-6.583
47.164,72.526,20.945,-31.815,49.823,-30.441,-27.207,36.682,-8.265,-21.418,-10.727,-12.183
47.678,-10.966,53.447,59.928,69.422,-52.645,-21.961,25.716,1.205,-9.461,-3.356,7.044
46.015,-27.399,54.182,113.915,95.905,5.373,-40.533,-3.671,9.486,-27.429,-22.393,13.378
35.58,-45.646,30.781,-12.103,58.189,-31.213,-43.321,6.497,24.527,-7.261,18.407,4.107
44.146,-27.429,-27.865,-45.028,37.081,15.213,-36.142,-24.468,11.437,-18.341,-18.777,2.642
44.622,-21.897,-9.444,-16.075,15.413,-37.244,-61.704,-13.644,-3.748,-6.552,8.993,0.349
45.361,-33.232,-8.148,-30.734,14.701,3.505,-54.695,-9.252,-10.081,-6.141,-14.76,6.543
44.395,-11.043,-6.171,-33.69,1.798,-27.343,-55.189,19.034,-7.815,-19.007,22.399,3.217
49.009,-10.909,75.138,-29.528,17.664,-16.111,-8.96,6.739,-13.81,1.02,24.119,-12.823
51.037,47.249,90.126,44.95,27.019,-15.222,-0.569,5.849,-1.896,-13.498,-26.22,5.018
50.055,26.055,52.852,31.224,45.837,-6.002,-37.141,50.861,-4.514,-9.468,-21.091,-4.558
49.588,9.819,13.801,49.651,30.835,-26.303,-60.52,-22.737,3.301,-9.098,-11.415,-16.06
44.473,49.086,66.587,-31.841,34.592,-19.891,9.662,18.698,7.688,0.19,5.706,-1.04
47.923,9.899,26.189,-29.089,26.071,-28.054,-65.622,15.669,-6.74,15.928,9.875,15.305
47.071,55.291,7.085,14.205,14.506,-31.818,-87.321,-4.935,8.336,-2.277,-7.877,6.866
48.544,-3.018,64.251,-62.784,30.777,-14.579,-61.399,35.448,14.748,-11.349,25.033,-38.834
48.402,5.523,22.435,47.934,37.123,-5.907,-53.695,-9.293,6.052,-16.214,-12.059,-2.728
46.178,92.78,-20.638,-49.802,70.508,-28.926,-4.966,9.618,-14.197,-13.568,-6.622,-26.534
49.434,24.723,22.202,-32.133,21.877,0.771,-51.541,-2.124,7.852,25.796,9.835,-11.448
50.57,35.303,34.032,-34.62,31.709,-25.207,-64.684,-17.918,27.23,19.836,-0.023,3.537
50.486,25.058,52.301,36.728,40.436,-17.483,-48.071,-6.431,-8.003,0.18,-7.169,32.292
43.779,52.439,33.662,-2.347,14.571,-25.984,1.439,-6.692,18.84,26.57,-11.89,-7.878
43.374,-24.196,43.083,46.146,-3.487,-28.473,24.921,-0.085,-27.214,10.409,-17.683,22.976
34.237,-53.199,3.859,3.752,-15.479,-27.916,3.353,8.563,-6.299,19.161,-16.748,8.724
39.349,-20.825,-30.187,10.111,14.458,27.048,35.522,-15.143,-9.684,18.949,-27.77,-6.613
40.983,-5.67,38.032,-106.851,-7.52,21.867,27.967,13.168,-7.66,-9.276,14.906,-19.104
47.041,9.334,30.247,-3.2,-0.357,-36.777,-4.816,-0.667,-7.469,23.363,-16.664,3.685
45.036,-20.38,-18.438,-6.349,21.653,-15.318,-13.494,23.319,-10.802,-14.37,-21.931,-7.331
42.524,-46.442,-21.788,-101.359,34.681,-28.504,-14.363,21.141,-45.244,6.873,11.402,3.334
41.593,22.528,-31.722,75.107,31.691,6.433,-74.263,30.206,-13.052,4.354,-59.954,-11.22
40.15,-16.151,15.367,-108.103,58.812,65.915,27.046,-27.223,-33.686,35.583,1.982,11.581
44.996,-23.033,2.171,51.198,59.381,3.336,17.121,11.988,-2.976,-36.362,-11.513,-1.801
42.874,21.707,16.48,11.893,54.243,8.983,-31.202,68.77,-10.172,-4.974,-9.691,-20.112
43.661,4.676,23.568,-10.902,60.866,-5.023,-16.689,75.299,3.56,22.881,9.065,-6.494
47.851,-20.859,31.562,-7.821,74.597,14.068,20.289,5.623,10.411,41.163,-18.083,-5.983
47.95,-54.723,48.641,14.747,70.059,-5.091,-1.196,15.619,-13.12,-25.444,-22.126,26.451
45.937,-74.798,37.13,-4.668,52.374,1.474,18.232,-4.137,-30.067,6.073,5.076,33.022
45.23,-61.119,32.953,10.504,23.028,-41.729,-34.908,44.753,-39.944,-7.014,10.769,18.8
47.163,-41.592,57.855,-88.268,30.532,-13.759,-9.928,-12.834,-14.835,1.265,7.799,25.559
50.92,10.353,21.072,-3.042,43.506,-6.447,-19.964,1.14,-3.663,-36.373,-15.972,5.897
47.471,-1.897,-19.928,-23.264,87.232,-65.57,-18.957,18.261,-19.932,5.55,2.486,7.313
47.526,9.503,11.205,32.548,58.267,-8.611,-12.431,28.125,-39.256,-15.909,-19.704,29.192
47.105,65.37,1.339,-63.573,20.445,10.094,-40.556,-15.109,-23.397,15.659,-8.642,-4.4
47.891,18.657,5.561,16.273,36.624,-27.656,-45.609,-17.798,-6.317,-5.633,-3.528,-5.318
47.524,-43.742,9.161,-21.273,66.843,-27.326,-16.263,25.895,-32.169,2.569,-2.026,10.684
48.415,37.621,13.785,76.262,31.423,-40.778,-42.268,4.143,-16.421,1.308,-15.403,-3.826
48.536,54.674,35.113,14.562,30.581,16.136,-21.59,7.362,-15.727,-6.577,-16.55,-22.768
47.174,20.89,31.163,40.436,9.013,-26.739,4.468,-7.129,-28.629,7.277,-2.454,10.419
45.652,19.097,62.614,-10.676,28.644,-2.853,17.842,10.546,-19.568,17.671,-47.191,14.803
44.818,55.007,8.014,-18.137,17.548,10.633,-23.147,-31.315,-30.734,17.182,-10.932,-3.917
46.879,21.666,34.188,-11.98,31.392,15.733,-34.595,-9.1,-0.245,5.407,-13.485,-20.77
46.092,-17.893,27.954,-28.716,17.239,-48.1,-9.34,-5.65,-8.808,18.259,1.147,-4.609
46.722,-43.497,64.569,9.694,49.78,-25.414,-1.151,34.759,1.216,2.916,-23.151,11.964
51.719,13.714,74.495,15.228,76.093,-26.997,-13.035,-13.116,-4.337,11.092,-16.307,-19.856
49.383,-52.879,87.567,-4.521,62.039,-13.679,6.681,19.689,-5.39,11.058,-8.425,5.03
48.748,45.114,-2.898,15.268,57.59,-53.595,-24.236,38.415,11.373,-6.075,18.879,3.372
47.646,12.966,27.013,16.381,64.973,-42.898,-37.295,24.142,4.797,0.866,-20.112,1.342
45.679,50.889,34.685,-6.905,42.789,11.677,-45.304,20.767,2.582,36.617,-17.353,-9.523
52.227,9.506,43.219,5.666,55.426,14.892,-42.628,-12.115,9.0,0.469,3.295,-9.429
49.895,-25.733,81.698,-10.168,77.408,-24.108,-31.892,39.727,11.847,-0.245,-2.089,4.767
48.229,3.276,25.571,-13.868,60.749,-14.976,-14.977,-23.514,-28.282,23.022,-36.677,-0.896
45.3,63.049,-13.267,-16.847,72.971,-48.693,-9.137,-18.266,-29.294,-14.126,3.652,-9.835
49.056,22.138,27.481,6.077,37.549,-41.732,-35.704,-9.03,6.176,19.994,-6.371,-20.687
49.521,11.001,6.046,-47.849,25.968,-17.421,-55.633,-18.338,-0.681,-4.098,8.077,0.197
50.699,-2.004,31.907,-24.766,45.568,-4.595,-58.343,19.916,2.272,-4.559,-10.677,19.07
47.615,92.5,-23.001,-30.518,54.466,-19.638,-41.993,8.906,-46.472,27.842,-9.353,0.573
51.616,106.843,-3.913,-49.626,48.716,11.619,-43.711,-33.883,-4.945,13.241,-8.592,-7.112
50.899,31.097,1.54,-12.595,42.625,3.908,-55.686,-4.005,-11.029,-9.262,-6.827,15.274
49.943,30.363,30.524,-7.891,77.179,29.105,-43.996,9.38,-11.652,23.574,-19.148,-13.17
48.221,-15.325,1.143,-30.063,61.872,-5.765,-26.286,-28.632,-8.09,3.658,-7.679,-1.786
44.734,25.019,30.455,-23.897,7.585,-22.025,-18.396,14.003,-0.057,1.056,-8.347,-3.41
44.781,-13.067,3.564,0.638,-21.302,-42.69,4.28,15.823,3.365,11.069,-11.977,-5.192
44.288,-6.883,26.282,-15.719,10.526,-25.205,28.169,-14.27,23.038,4.701,-4.238,0.406
51.507,2.871,53.715,-31.171,47.94,16.827,-23.88,6.849,6.798,11.536,-3.602,-15.838
50.772,-22.428,54.168,-12.044,53.666,26.546,-28.535,10.938,20.655,-30.553,-29.291,-2.415
48.373,67.499,-17.41,-10.413,55.606,1.515,-51.269,49.151,7.287,-11.378,9.761,-4.079
48.597,26.983,15.967,14.768,66.269,26.617,13.727,-24.02,-36.465,47.883,-40.627,14.461
46.007,-24.998,-12.978,-4.651,-0.833,-15.801,-23.795,-12.118,-10.707,0.503,-12.187,-1.024
47.846,-33.853,53.328,-97.822,9.481,-14.567,-8.649,13.826,-23.64,5.418,13.369,-10.301
51.02,-43.565,35.301,40.48,29.209,-10.422,2.716,-11.335,-7.85,15.333,-21.277,-6.436
49.421,-18.306,50.146,-47.749,4.553,-9.016,34.721,29.595,-9.137,-18.857,-2.691,17.214
50.082,-24.198,3.163,52.829,45.328,-13.814,-10.835,17.392,4.608,-20.361,-38.954,3.781
48.558,-6.136,20.32,-28.245,27.324,43.913,-31.951,3.047,-9.57,5.406,1.825,-33.568
42.466,63.621,-46.721,34.408,38.837,-36.252,-72.872,14.016,-23.454,7.331,-22.388,-15.572
44.131,-11.8,42.854,-89.789,86.662,33.306,17.758,-61.267,-32.267,59.022,-27.432,10.844
45.069,-41.554,58.455,30.466,79.462,-44.719,-9.711,64.173,18.643,-17.287,8.62,1.613
40.567,119.623,145.652,19.475,78.648,-20.991,-18.408,5.885,7.372,5.109,-13.197,-20.826
41.013,115.819,81.331,-4.437,12.575,-29.218,4.129,1.123,2.204,14.441,-7.754,1.179
42.983,59.842,66.132,-15.327,39.43,-12.713,-3.182,-25.923,-2.446,20.709,-9.938,18.785
46.07,71.941,57.976,-43.619,6.718,2.961,-1.312,-53.524,-32.748,19.344,-12.945,8.479
46.118,66.126,-2.223,17.903,17.795,-22.808,-39.639,0.623,-27.418,38.72,-7.8,23.812
44.2,-62.727,6.239,-11.547,55.258,-27.3,-41.929,5.357,12.191,13.632,-5.185,14.503
40.804,69.157,49.534,8.025,26.831,-23.988,-33.564,-19.626,-3.278,-9.091,-11.744,-0.505
40.037,42.802,71.349,2.402,56.126,-22.266,-41.596,20.142,9.992,-21.231,10.372,12.261
39.228,62.541,87.91,-5.199,44.423,-22.791,-47.241,-10.607,-15.995,0.611,-2.686,3.043
39.385,52.96,55.104,-11.477,13.175,-18.483,-23.86,-3.027,-9.278,-5.895,1.73,6.771
44.491,-8.64,41.381,-9.481,25.901,8.729,4.972,27.61,-25.029,20.806,-8.116,-11.429
44.971,-11.5,52.975,77.525,37.647,6.87,-17.597,23.095,-0.873,-4.533,-36.91,-18.658
40.233,150.424,24.019,-1.321,59.364,-10.413,-7.011,3.821,-16.467,-55.128,-11.477,-6.159
43.009,98.12,-7.024,-40.355,62.859,-8.695,-55.668,96.175,1.693,22.41,30.322,6.534
41.309,53.797,-27.371,76.258,45.706,-10.922,-28.797,-26.826,-7.511,101.261,-47.787,18.399
35.868,27.158,-4.195,-26.578,28.739,-1.683,-12.221,-34.454,-16.345,-16.598,3.058,12.066
41.85,8.439,80.975,-130.221,31.928,-4.987,1.9,-29.886,-24.032,-3.594,17.29,-13.796
47.217,-9.276,62.722,57.751,46.468,-23.207,-13.893,-3.887,2.029,-0.225,-37.634,-3.876
42.012,-9.646,6.701,9.058,19.011,-22.797,-27.116,0.96,-13.111,13.673,20.18,9.978
41.821,-34.086,19.666,6.249,40.912,-0.329,-48.311,45.458,12.547,-0.433,-12.297,3.358
40.938,-27.954,23.054,-30.704,22.863,21.953,-12.422,-3.528,-20.377,19.725,-43.014,-2.004
38.662,-17.506,-6.369,-56.749,0.097,-11.623,-26.668,10.298,-8.886,4.431,-12.704,0.067
39.167,77.0,-17.022,-36.849,27.604,-41.747,6.631,4.244,-23.037,-13.589,7.755,-5.385
40.944,-26.802,-16.199,-40.138,47.472,-27.052,-12.801,-32.108,-13.254,53.386,-23.217,-4.337
39.18,-43.544,13.143,4.208,13.497,-45.929,-49.025,33.192,6.422,-9.022,12.369,-19.534
37.09,-40.581,-6.414,-56.643,1.271,-32.772,-21.344,-11.911,13.555,12.632,-8.228,-27.019
39.391,-54.722,49.455,-60.019,31.293,-17.442,-23.886,-6.18,-5.906,16.489,-13.672,-0.897
42.444,-54.633,48.397,-75.4,51.28,-13.034,-25.805,21.416,-17.775,8.33,9.834,13.635
41.19,-48.145,21.766,67.248,49.683,-31.952,-31.078,46.407,-3.709,-22.707,-10.523,-4.832
33.783,5.02,50.926,-1.935,11.766,-30.771,-31.123,9.548,-12.631,-18.071,8.235,-5.437
33.447,18.854,29.675,-17.758,12.165,-22.023,-36.675,-16.718,-9.773,-11.422,-6.808,5.944
33.776,-30.902,18.955,-19.944,20.799,-9.446,-51.006,-29.956,-12.39,-23.357,-4.836,2.036
34.249,-54.521,18.971,-31.047,44.804,-32.718,-63.231,-7.489,4.558,1.756,9.033,1.333
39.066,-60.504,16.392,-44.812,38.16,-1.035,-20.535,15.579,20.338,11.397,-18.001,-9.353
38.157,-69.114,-22.521,-81.038,16.271,0.432,-35.841,31.882,5.849,-8.408,-24.899,12.302
39.005,40.284,-38.662,2.563,65.273,23.34,-72.731,17.502,10.86,-24.818,-2.808,-9.644
38.242,-33.493,-18.577,19.553,26.196,-12.262,-21.35,25.114,-30.582,-9.928,-0.15,7.163
38.921,26.428,-13.384,-77.333,3.337,17.524,-30.034,2.408,0.95,17.787,-1.008,-13.999
38.48,-25.682,-27.563,-51.71,-18.501,-25.409,-34.847,-0.717,6.703,2.283,3.525,5.091
43.536,-7.885,11.88,-13.528,43.631,-21.527,-25.677,3.606,-10.76,-9.977,15.122,-36.672
43.724,-11.944,38.496,-20.835,47.261,-27.673,-27.833,-21.419,2.346,10.9,-7.841,-17.297
45.046,-23.453,62.268,-6.737,48.432,-15.048,-22.858,2.751,3.845,0.398,-10.352,-20.14
42.826,6.627,68.999,36.079,83.365,2.559,-27.369,23.38,13.418,28.558,-24.668,-14.128
36.778,69.162,80.136,-19.975,22.356,-22.49,-31.451,-6.92,-6.265,10.465,0.633,-1.055
38.805,-14.944,65.521,-13.238,56.312,-28.629,-54.297,-33.255,14.658,29.22,-8.797,-16.6
41.038,-4.031,60.082,-2.298,91.538,-26.794,-49.466,48.125,17.667,7.946,2.403,-12.346
38.736,17.785,-9.173,-18.039,0.866,-27.114,-35.504,23.945,-1.618,15.207,-7.124,-1.098
39.066,-11.901,15.357,-24.846,31.423,-9.643,-25.343,-1.336,4.361,5.673,-9.199,-15.457
38.109,-13.538,21.633,11.249,31.1,-18.481,-26.813,-3.401,7.969,8.196,-22.531,-9.061
29.876,27.963,43.179,26.071,36.713,-16.804,-49.704,-1.338,-11.834,-20.11,-15.284,-14.1
24.916,24.643,60.323,12.364,39.963,-29.293,-37.965,-18.224,-3.826,5.736,-3.947,7.285
34.874,10.191,-29.89,7.757,45.037,7.229,-57.597,37.398,-8.74,6.808,-2.284,-13.08
34.686,-109.695,-13.214,-34.767,114.172,-17.797,5.912,-9.959,0.001,-0.23,13.765,-2.895
35.84,-155.028,37.157,-28.759,107.884,-48.965,-4.261,10.127,1.661,-0.691,7.29,-5.779
37.144,-122.989,30.755,-24.601,103.581,-45.942,-4.633,-3.679,13.683,-5.178,0.691,-1.34
38.767,-122.937,45.301,-7.458,113.617,-36.295,-9.666,-9.993,20.027,-10.2,2.743,0.398
37.771,-126.537,61.761,-26.464,96.05,-37.592,-15.366,11.847,31.079,-3.271,-4.286,5.759
37.713,-121.083,45.153,-7.642,87.139,-30.179,-4.134,-6.28,34.975,-14.832,-6.084,7.625
36.885,-137.617,47.585,-5.686,89.285,-35.08,-0.147,-10.42,28.526,-12.361,4.423,0.57
32.367,-145.84,-17.029,73.29,99.612,-30.394,-13.956,34.37,6.402,-19.262,-36.535,-1.645
18.913,-149.332,-37.885,-39.119,79.695,-47.051,50.374,21.779,-16.702,1.819,-14.803,-5.817
33.675,-59.998,72.244,-154.906,120.579,103.016,5.259,113.137,-15.015,20.213,11.284,1.617
41.998,67.553,29.423,16.932,152.237,45.497,-68.149,38.566,-5.437,98.575,-52.889,-2.843
38.363,23.988,-23.368,51.073,89.111,-14.479,-79.514,-6.038,30.017,24.592,-22.836,-8.232
31.1,-22.412,-84.803,17.778,120.469,17.085,-31.35,-95.149,9.625,-61.756,-20.222,17.306
43.816,29.59,57.056,58.696,134.273,51.947,-43.824,101.905,12.858,-38.441,-9.574,10.851
39.304,11.319,21.432,167.725,127.019,88.58,-31.862,8.098,-1.617,-12.522,-62.169,-19.048
30.128,-87.247,90.533,85.506,87.784,16.723,45.843,3.766,15.115,6.366,17.461,-5.038
37.475,-4.415,35.61,93.822,56.73,-49.844,38.517,12.743,14.701,21.989,-31.865,24.06
36.882,72.425,16.625,14.418,80.6,-1.827,17.635,-61.564,-11.812,32.132,-66.55,-7.944
33.844,10.639,-51.501,-48.561,22.237,11.152,-31.968,-46.994,19.801,7.812,-35.853,4.7
35.375,-39.146,-39.795,-15.558,43.282,22.093,2.738,18.301,14.093,-14.482,-10.791,-7.283
39.097,2.114,-66.866,-6.31,30.373,24.451,-54.778,-45.166,23.688,14.1,-18.932,-12.139
35.217,-96.735,-37.811,17.992,36.281,-21.226,-5.029,17.839,19.645,-5.638,-18.425,-9.215
34.21,-5.831,-41.085,33.291,24.864,-42.118,-13.529,-34.065,-9.592,9.161,-47.993,1.099
28.277,-112.228,3.596,-37.903,18.257,-40.082,2.465,-5.159,3.042,0.697,2.115,22.288
26.526,-130.459,-22.627,7.096,12.976,-41.129,-27.503,23.781,-5.213,-2.744,-6.165,10.282
23.441,-97.707,-1.208,-40.594,-6.444,-34.812,-5.342,-1.239,-16.144,0.461,4.603,-0.796
26.399,-108.049,16.004,-58.94,-10.221,-29.249,16.356,-7.334,-10.726,1.935,3.16,2.294
30.624,-93.188,-15.895,-50.713,-0.081,-43.643,5.748,-0.142,-15.004,-5.519,15.343,7.84
44.531,41.715,3.267,60.845,58.361,10.076,5.26,-16.826,-18.539,-6.015,-48.104,-3.508
37.966,17.52,-12.659,3.83,33.058,13.524,-35.483,-22.605,0.99,8.901,-86.222,14.693
41.197,25.265,1.226,78.531,72.108,-28.716,15.174,-36.547,-30.876,4.881,-30.404,37.677
41.099,-35.031,24.949,-25.782,104.012,20.378,22.064,-24.521,2.195,-19.877,-9.086,14.592
38.8,-54.276,3.14,72.582,52.179,-9.094,-12.388,19.503,9.623,-36.832,-47.38,1.206
28.262,-129.209,30.078,-47.07,9.291,-23.831,18.523,-9.912,-24.29,0.937,10.499,30.737
31.118,-172.641,17.866,-56.006,11.244,-33.601,7.233,10.178,-21.676,-0.541,14.974,16.51
37.466,-28.424,52.594,-93.555,43.195,-22.99,-3.478,70.043,-3.071,-32.596,6.395,23.875
39.495,-29.448,5.954,25.42,60.07,-51.749,-57.707,-53.086,-8.231,19.545,-18.783,25.993
36.671,-79.017,29.559,5.214,55.114,-4.192,-28.285,-6.278,-3.857,-19.126,-34.468,19.668
32.446,-117.371,24.971,17.978,43.37,-50.954,-4.372,-36.405,-31.516,-1.858,-10.997,19.815
36.732,-125.72,59.483,-18.937,105.654,-0.639,5.963,-10.37,25.491,-5.896,5.231,-3.335
34.59,-59.574,-1.966,60.728,99.863,-42.782,-40.338,32.036,15.509,-60.074,-38.729,-3.726
35.905,-36.226,-64.801,63.176,45.095,-2.132,-76.148,-48.917,16.356,-13.942,-19.251,2.712
37.027,-89.006,-1.538,37.904,79.405,20.481,5.71,25.838,14.652,-46.368,-19.342,-2.234
37.259,-110.357,22.144,15.886,47.606,31.58,-12.617,32.52,-3.47,-1.633,-15.553,-12.678
33.457,-105.627,10.217,-34.114,1.231,-5.74,-8.898,9.369,-11.816,-17.26,-29.656,12.735
31.795,-97.394,2.087,-37.754,-0.187,-19.828,-11.275,-4.319,-3.54,-12.915,3.499,3.872
32.821,-96.915,3.052,-26.834,-5.575,-8.35,-9.734,-2.901,-10.569,-0.691,-33.747,-3.219
32.407,-110.974,-0.194,-8.567,-3.588,6.116,-0.709,3.039,-1.744,-15.574,-9.55,-13.823
31.97,-112.09,-1.868,3.95,12.035,-8.319,6.74,2.302,2.23,-20.238,-6.556,-4.677
29.802,-129.011,-13.643,-31.999,3.167,-37.107,-20.472,-5.534,2.541,-8.676,-11.2,-3.481
29.766,-132.033,-23.02,-33.364,4.906,-28.823,-19.575,12.164,4.62,-0.746,-2.403,-0.429
28.459,-128.83,-25.014,-12.02,7.746,-39.72,-22.225,-3.28,8.988,-5.989,-5.713,0.018
25.228,-138.506,-16.488,-20.694,16.947,-30.198,-20.727,2.767,-14.69,-10.006,-6.963,-0.663
14.856,-28.964,-87.79,133.358,23.019,-78.237,-51.374,149.521,0.027,-39.352,-2.738,-12.482
