0.0,171.13,9.469,-28.48,57.491,-50.067,14.833,5.359,-27.228,0.973,-10.64,-7.228
19.44,-160.72,-40.339,-28.89,91.884,-47.768,-33.354,11.628,-43.253,-13.15,11.925,-1.392
20.845,-152.104,-29.487,1.48,74.858,-45.165,-46.966,16.594,-35.264,-17.978,-10.677,4.224
22.35,-173.172,-28.07,-7.534,74.591,-36.162,-43.341,10.821,-35.981,-5.0,5.207,-0.887
19.633,-159.814,-39.054,-13.538,88.283,-42.84,-37.934,30.766,-47.536,-17.259,-2.682,-2.051
18.686,-164.912,-56.362,-60.234,97.661,-52.152,-27.468,-9.87,-33.467,-13.363,-0.15,2.172
22.969,-190.523,-43.232,-25.969,63.174,-50.819,-23.244,6.923,-30.604,-20.742,1.091,2.919
25.711,-200.494,-36.81,-23.141,53.493,-22.163,-33.938,4.18,-17.532,-3.882,12.664,-3.035
28.072,-173.081,-14.12,-26.588,26.528,-6.918,-20.137,-4.159,-6.266,-5.268,4.718,-0.124
30.636,-169.342,3.141,-30.356,27.369,-27.678,-46.065,-7.872,-6.423,-5.192,4.285,7.725
35.016,-112.061,20.594,-4.449,23.908,-35.944,-42.927,-12.049,-14.314,-13.179,-3.67,15.606
33.551,-125.692,13.215,3.003,21.111,-31.36,-55.078,4.659,-19.44,-16.183,-1.431,9.032
33.236,-155.12,-3.258,-6.51,6.782,-25.304,-39.512,-8.142,-19.11,-7.854,11.483,6.601
31.042,-160.833,13.186,1.606,17.472,-31.25,-42.588,2.593,-22.348,-16.298,6.236,12.024
29.301,-158.741,0.656,12.832,38.455,-37.166,-58.175,-10.455,-10.255,-13.296,-9.239,14.616
26.746,-170.813,-16.305,-1.261,36.17,-38.623,-41.434,-10.607,-24.245,-3.348,-4.802,4.88
25.764,-188.794,-18.274,-18.226,50.105,-7.177,-21.704,5.511,-30.311,-20.506,-11.972,-0.127
24.195,-193.992,-20.962,-20.076,56.96,-45.418,-14.498,-0.355,-47.171,-6.468,-0.256,3.834
25.686,-187.269,-31.055,-5.978,37.485,-33.131,-20.437,10.159,-24.643,-10.166,-1.632,0.096
24.036,-188.48,-53.132,-2.718,51.746,-45.683,-36.573,17.442,-21.045,-14.291,-7.807,-1.334
24.999,-156.967,-22.339,-15.054,38.731,-5.083,-36.732,3.309,-18.488,0.775,9.566,-0.926
24.149,-168.666,-14.823,-13.231,57.645,-44.887,-46.75,-6.45,-22.596,-13.05,-1.935,2.963
23.11,-173.063,-17.778,-11.113,62.189,-46.399,-37.134,4.418,-40.641,-11.427,-9.668,1.723
25.704,-170.387,-12.671,4.103,40.403,-31.31,-42.504,4.184,-33.576,-8.914,-6.934,3.821
28.17,-169.563,10.272,-51.618,33.979,-27.935,-48.026,-19.91,-17.714,1.223,8.85,5.314
33.516,-146.54,-9.896,-31.383,46.702,-25.3,-67.179,-28.397,14.868,-1.76,1.636,12.135
36.335,-113.647,7.277,-17.956,47.992,8.571,-58.503,3.607,11.109,-18.033,-2.113,5.938
34.279,-139.356,14.561,-24.873,38.526,-23.056,-57.741,13.877,-16.214,-4.691,2.664,12.591
33.29,-132.898,-0.236,-10.388,40.77,-12.884,-61.712,5.917,-4.23,-14.217,-7.312,11.113
31.351,-124.548,-0.141,-0.902,40.64,-10.411,-60.138,-17.979,2.753,-19.515,8.646,4.287
28.275,-124.569,16.86,-3.341,33.246,-20.718,-57.861,5.089,-14.656,-3.661,-0.124,5.688
27.628,-130.754,7.699,-26.272,39.745,-21.802,-59.985,-0.38,-9.76,16.312,8.836,12.29
27.734,-106.491,-1.184,-22.418,28.608,-20.653,-57.519,-0.186,1.201,-1.293,3.612,9.406
27.71,-78.222,7.693,-64.407,28.159,-17.33,-58.003,-2.029,5.298,-2.055,8.377,9.015
29.292,-38.658,13.765,-14.526,17.808,-33.742,-59.917,-4.683,2.149,-10.089,1.803,11.692
29.217,-88.984,23.159,-42.339,36.978,-28.126,-60.181,-0.645,-5.212,-9.335,6.897,17.775
31.267,-113.607,30.266,-25.811,36.879,-25.74,-52.667,-19.083,-10.97,-10.499,16.904,16.201
32.31,-138.773,21.169,-18.336,37.303,-6.341,-54.405,0.139,-12.444,-13.433,9.002,10.938
30.118,-118.497,-17.102,57.657,52.475,-12.501,-71.278,-10.161,1.33,-9.213,-17.684,6.704
21.635,-146.346,-30.572,-74.075,103.225,-30.223,-47.502,7.348,-1.665,19.576,18.563,17.956
34.422,-8.019,94.32,-101.399,59.351,56.995,-28.17,-4.545,4.039,-11.885,30.284,4.4
42.086,-33.328,69.696,-68.96,27.572,-14.281,-36.497,7.096,-18.404,-6.523,11.71,19.987
45.978,26.753,74.98,-0.25,43.225,-31.554,-33.885,-0.734,-2.94,9.759,5.805,9.706
43.877,40.095,58.142,45.015,38.593,-11.66,-40.349,-13.771,-13.381,1.985,-33.238,18.736
37.062,-9.403,43.118,42.226,43.055,-22.265,-44.214,-43.758,-14.149,-1.507,-25.858,26.891
34.469,-49.47,41.976,-26.603,49.259,3.489,-53.247,-9.048,2.277,-17.635,-1.338,16.187
33.454,-39.778,36.265,-22.411,35.194,-20.705,-72.333,-14.689,5.221,-16.687,-2.729,1.028
33.698,-18.879,48.872,-35.02,30.499,-18.278,-62.059,-9.721,-3.163,-9.478,9.251,8.505
34.967,-40.434,32.446,22.92,35.906,-28.71,-64.692,-37.58,-18.979,-3.125,-6.792,9.504
36.611,-75.977,51.271,-71.673,46.488,-16.104,-37.076,5.084,-8.831,5.31,12.696,17.733
39.979,21.314,48.359,-18.411,27.486,-2.82,-50.188,-42.16,-2.254,-9.462,1.763,16.409
41.575,-11.66,53.532,3.167,35.55,-29.013,-45.458,-4.203,-5.378,-7.522,14.585,29.065
39.738,-52.418,74.786,56.036,52.955,-26.77,-10.93,-8.8,-12.413,-1.938,-11.233,46.741
33.79,-99.675,63.135,-55.477,45.075,-2.228,-15.948,21.134,5.163,-23.508,3.616,29.395
35.787,-55.584,40.093,-12.738,47.063,-22.477,-34.658,-12.063,7.413,-13.647,-9.017,28.545
34.489,-137.49,48.933,-21.725,45.465,-20.58,-33.175,-3.164,-14.31,-7.299,3.224,16.913
35.015,-143.202,33.284,-31.449,38.913,-28.099,-44.561,-1.067,-8.628,-14.817,3.478,15.273
37.086,-122.048,50.77,-23.334,37.743,-28.207,-22.155,-8.237,-12.252,-24.832,9.248,13.506
43.775,16.465,62.665,-74.615,22.369,-11.912,-59.383,16.912,5.116,-20.843,42.705,-3.253
44.04,-22.032,43.864,-16.01,16.702,-23.434,-45.094,-6.608,-7.464,0.982,-12.789,-7.722
45.041,32.784,50.182,-10.867,21.524,-14.585,-54.357,-13.991,-4.101,-15.556,9.889,3.433
42.567,-7.384,28.689,39.403,32.169,-29.989,-66.856,-27.719,-16.919,10.153,-13.733,15.61
36.096,-25.524,29.411,-11.133,38.973,-0.563,-60.835,-14.699,-1.12,-13.444,-10.145,17.289
35.242,-43.317,20.313,-11.873,31.569,-28.787,-65.971,-22.619,-2.053,7.103,-0.029,8.355
37.485,-38.838,49.97,-55.239,39.357,-20.212,-50.756,-4.423,0.437,10.973,12.823,11.072
40.756,-15.067,42.447,-16.357,43.296,-49.165,-46.853,-11.667,-5.768,1.662,17.351,19.215
40.826,10.986,28.289,10.379,50.467,-28.706,-57.433,-1.659,3.359,-5.204,-8.551,9.903
38.594,30.95,24.38,-19.789,40.001,-26.428,-56.887,-5.972,9.537,2.011,12.523,14.086
39.723,23.746,40.495,-18.708,39.094,-13.33,-47.028,-20.728,-11.904,1.655,3.661,33.564
40.391,-6.138,49.216,-8.654,37.599,-17.34,-52.834,-10.777,-8.587,-11.019,-11.557,-2.442
38.099,-42.543,47.618,5.981,36.974,-28.124,-61.074,-14.011,-24.304,6.608,6.228,4.788
37.478,-70.478,70.842,-31.977,68.55,-22.443,-18.96,-18.633,2.645,6.797,-4.95,23.137
37.743,-86.189,36.593,-8.32,60.456,-13.874,-47.341,-7.714,7.138,-4.701,-27.52,4.624
36.096,-52.907,41.943,-73.025,35.236,2.974,-42.636,16.151,15.753,-20.848,11.371,-6.702
37.742,-54.573,-7.908,33.931,18.756,-14.445,-53.306,-45.58,5.313,-15.046,-20.633,7.689
34.561,-143.675,18.79,-16.677,9.572,-2.848,-7.96,-7.36,-17.785,-2.201,13.162,-7.32
39.156,-71.221,17.893,-30.919,22.556,-19.976,-24.011,-12.074,3.323,5.211,17.415,3.256
43.468,15.827,48.908,-31.749,29.892,-0.81,-13.702,5.523,-3.37,-29.69,-13.294,4.614
42.786,-7.338,56.131,-25.838,39.996,-24.058,-9.104,4.567,13.165,7.868,1.889,5.068
45.183,38.828,65.493,-33.858,55.845,-24.357,-21.59,9.055,20.373,-8.247,-1.968,6.533
46.106,40.553,60.158,62.99,51.118,-23.789,-25.571,16.35,4.922,9.7,-17.98,7.063
38.968,29.145,21.716,-14.559,-1.078,-38.178,-29.617,-3.585,-16.055,3.808,-1.022,-4.091
38.718,38.792,53.994,-12.191,3.952,-31.996,-26.999,-7.123,-23.714,-5.923,-10.367,9.121
39.164,47.935,66.682,-66.206,15.3,-23.978,-56.554,5.311,-5.146,-0.445,9.402,-13.429
42.013,88.052,112.832,20.647,66.491,-18.046,-37.041,-7.083,3.062,6.4,-4.612,17.565
42.218,12.435,51.069,-3.734,53.377,1.49,-47.828,-12.421,-8.189,-9.786,-29.454,15.657
38.578,3.716,41.297,7.599,34.749,-10.026,-46.437,-18.28,11.53,-6.625,-30.371,17.351
28.939,-87.021,18.493,31.235,35.44,-35.085,-41.008,-16.332,-5.028,-11.377,-19.394,-3.203
24.976,-170.129,-7.07,-26.961,46.272,-41.342,-22.297,-11.928,-10.451,-3.989,5.29,-21.354
29.109,-191.147,23.585,-49.561,54.688,-18.34,-16.553,-13.086,-0.634,10.772,-4.334,-4.614
35.849,-115.726,19.111,-1.461,35.327,-12.577,-46.843,-7.647,-2.942,-10.475,-3.617,-4.099
37.538,-76.031,37.197,-17.878,29.288,-13.31,-46.828,-11.973,-8.722,-9.545,9.362,-3.317
43.933,-26.153,73.448,-88.473,44.745,26.593,-38.549,25.461,-0.24,-21.358,0.167,2.845
46.828,49.374,79.641,7.431,55.698,-23.846,-31.676,8.841,18.575,7.402,-8.758,1.741
45.206,34.071,65.947,32.808,58.878,-38.494,-58.905,19.388,21.478,-2.886,5.54,2.793
41.885,53.75,64.769,6.742,59.442,-28.046,-71.036,-4.533,-13.961,-2.828,13.35,11.653
38.829,72.499,92.95,-8.841,90.849,-11.34,-77.141,4.805,29.752,-8.798,2.935,-11.996
36.966,82.988,110.928,-0.971,100.735,-20.667,-65.44,-5.328,27.553,3.825,-2.824,-17.214
37.691,92.323,104.936,7.235,107.63,-32.084,-76.063,-27.307,27.26,6.994,1.414,0.79
41.205,-12.557,61.38,-39.623,53.118,-2.486,-50.866,0.804,6.4,1.002,-13.755,-12.192
39.711,-27.923,64.059,1.357,62.472,-33.243,-43.216,-17.324,20.148,14.147,-7.157,-13.529
37.078,-43.952,36.095,54.509,59.238,-23.167,-36.586,-2.271,33.495,-4.91,-43.602,-22.589
28.68,-151.681,5.082,14.78,39.405,-42.837,-37.329,5.445,-2.995,3.101,1.517,-8.239
30.724,-163.957,5.684,33.236,45.533,-12.643,-43.439,-18.216,-16.134,-4.312,1.762,-4.011
28.052,-171.797,12.794,9.833,44.219,-38.547,-27.857,-0.251,-6.208,-13.447,-6.741,-14.457
29.174,-166.318,5.806,13.192,42.518,-28.821,-50.434,-2.675,-11.094,-11.176,-4.531,-2.684
27.59,-72.889,16.965,-18.75,60.688,-16.747,-43.954,-9.727,17.387,-8.579,-3.732,-17.608
27.819,-103.757,4.688,-33.397,34.018,-33.113,-50.779,-9.973,1.481,-7.77,13.297,12.058
29.361,-70.788,81.601,-22.192,61.016,-10.078,-22.021,-22.985,-0.066,7.971,-12.87,-0.236
25.366,-124.755,97.347,16.578,107.554,-39.827,-12.741,-14.263,13.67,-2.02,-8.855,-0.049
26.54,-175.744,79.546,-23.806,108.708,-36.447,-17.285,3.673,2.622,-9.246,4.326,-6.029
27.648,-133.034,68.485,9.515,89.298,-51.431,-18.452,20.237,26.527,12.135,-3.79,-5.28
25.607,-127.08,-15.679,-31.584,41.457,-28.025,-66.271,4.701,20.289,7.705,5.066,3.419
25.181,-112.626,-21.574,-54.33,36.091,-21.996,-44.38,-29.756,24.153,12.264,-15.216,0.87
26.245,-99.441,-4.557,-38.745,36.172,-37.491,-44.955,-12.486,30.871,1.394,0.424,-8.475
28.503,-86.823,16.747,-37.951,40.988,-21.145,-42.54,-13.061,21.527,-4.743,1.556,-17.44
31.694,-114.473,76.424,1.7,82.493,-32.453,8.909,17.344,38.969,5.774,-3.724,-15.143
32.627,-107.668,93.967,-23.692,85.896,-35.996,-12.217,3.828,21.307,29.534,-6.541,-19.335
34.425,-130.564,118.355,25.733,102.472,-39.937,10.67,-6.334,24.534,10.958,-12.389,-20.549
33.055,-114.131,106.822,38.192,99.412,-39.978,11.036,18.889,38.037,-9.309,2.219,-28.597
30.704,-120.424,98.826,54.475,95.406,-44.163,19.063,-14.942,18.475,3.068,-7.094,-11.288
29.685,-180.937,88.33,29.809,90.581,-38.828,18.798,27.347,17.374,5.2,-0.474,-26.329
27.39,-123.527,46.405,-29.729,79.245,-33.636,-28.485,-26.488,33.918,3.224,12.246,-3.479
29.132,-114.813,77.544,-9.294,86.544,-46.477,-12.648,6.945,37.696,8.398,1.977,-6.056
29.063,-81.075,56.281,-1.535,72.408,-29.891,-42.477,10.744,25.54,0.311,-4.018,2.718
29.29,-52.373,42.966,-39.875,33.058,-23.846,-74.62,-5.506,-7.166,2.14,12.289,-1.112
32.572,-90.086,32.774,-23.19,30.109,-13.893,-66.197,1.475,-20.108,21.608,4.564,-1.557
33.539,-28.249,40.901,-48.437,10.197,-21.841,-63.705,1.917,-18.634,-12.3,10.321,-2.534
39.172,-69.223,46.966,-52.468,31.152,-14.856,-64.426,2.134,-14.025,-8.621,15.612,-9.96
41.446,-49.902,49.747,-21.62,39.082,-26.882,-57.493,-2.566,-9.306,-6.044,16.542,2.587
44.129,-35.996,57.409,-49.964,46.452,-21.686,-46.119,-14.915,-19.455,5.784,8.889,15.544
47.554,24.659,52.423,-16.142,32.662,-11.272,-45.839,-16.897,-16.751,-16.682,-5.52,5.938
48.047,16.921,33.342,22.026,21.092,-24.208,-50.73,-18.97,-19.117,-7.45,-8.862,15.458
43.177,-73.424,41.04,5.958,54.368,-33.953,-57.345,-22.668,2.386,-6.888,-6.408,3.347
40.294,-116.149,32.453,70.53,69.114,-15.338,-54.285,-19.387,8.354,-15.508,-36.251,11.056
30.549,-148.19,39.437,9.122,43.279,-35.025,-50.341,-0.885,-7.901,-25.367,12.828,4.598
31.218,-60.808,89.168,-71.447,65.957,-19.675,-32.024,-3.107,3.928,-12.685,27.725,26.061
34.955,17.61,51.193,-14.263,22.976,-24.875,-77.26,-3.043,-7.907,23.953,16.584,-3.234
36.059,39.999,27.131,-25.487,10.172,-14.434,-91.467,-10.691,1.052,4.951,3.41,-6.291
37.785,57.881,67.703,-41.198,24.082,-13.379,-74.985,-13.757,-1.508,4.324,5.142,-14.479
39.963,67.662,76.519,5.618,33.472,-17.457,-77.404,-11.831,0.629,-11.181,4.646,-0.493
39.219,46.275,87.08,-5.896,49.987,-12.302,-69.573,-1.44,14.538,-11.115,-2.346,-2.723
37.573,50.683,68.738,10.648,39.916,-21.195,-61.874,-26.962,6.511,-3.185,-14.338,2.848
35.261,33.24,20.489,-28.861,4.995,-23.443,-44.287,-18.056,11.77,7.6,-2.203,4.153
36.289,79.345,9.786,-3.489,6.655,7.368,-65.507,-32.083,12.105,-9.035,-32.879,6.848
33.241,23.238,48.395,-29.378,39.492,-17.227,-67.658,3.994,4.819,-17.892,7.785,3.535
35.117,-33.135,36.656,-25.288,46.208,-29.486,-61.202,-12.778,9.731,8.162,15.071,6.129
37.445,-29.067,43.004,-39.028,47.437,-27.531,-50.745,-10.719,20.553,10.96,2.128,7.981
39.612,-18.931,36.206,-31.465,24.072,-23.914,-60.004,-17.527,3.842,10.237,7.044,-11.143
41.221,-18.63,41.073,-20.712,32.134,-28.804,-74.339,-21.155,1.558,0.572,11.547,2.574
41.686,-5.497,37.148,-1.069,31.475,-13.86,-72.766,-31.864,2.938,-8.061,-6.316,2.055
42.151,22.9,70.73,-12.232,49.69,-21.169,-70.099,-19.221,4.389,8.642,8.527,4.67
43.855,20.144,69.785,-15.354,51.093,-18.793,-78.845,-17.115,8.715,5.704,1.185,-4.65
45.825,52.054,90.13,-30.591,50.943,-13.472,-66.957,-15.234,18.507,-0.802,10.272,-19.541
45.709,44.152,76.082,65.713,56.946,-14.939,-58.403,-11.988,13.694,-12.306,-37.098,2.468
35.675,9.728,69.614,14.994,64.672,-13.737,-54.177,-21.943,19.469,8.143,-11.476,-1.499
34.977,6.147,69.933,8.407,61.749,-21.718,-50.7,-11.67,26.89,-1.568,-7.637,-1.492
34.768,-10.067,61.304,10.893,59.26,-8.686,-59.364,-19.658,9.747,6.916,-26.684,8.493
30.882,-46.371,20.981,-27.911,27.195,-35.787,-40.821,8.287,5.662,7.607,5.536,3.551
32.413,-38.604,25.072,-39.528,43.191,-9.396,-53.731,-13.883,2.35,-6.86,9.583,9.112
33.689,-27.592,45.162,-43.491,42.422,-26.099,-46.749,-15.668,-1.54,-5.807,6.964,16.255
36.309,-31.971,50.324,-20.609,50.831,-16.062,-28.867,-21.759,-0.205,3.838,-2.945,33.456
38.244,-38.175,32.581,-39.148,48.143,-23.487,-42.062,-14.545,6.245,-5.899,6.732,37.99
40.557,-24.979,36.001,-23.429,49.4,-23.437,-42.915,-7.071,-0.966,-10.638,3.352,35.185
40.755,-21.38,52.216,-34.379,48.101,-30.303,-38.948,15.091,3.022,-4.206,18.909,28.04
43.721,8.468,78.568,-24.982,55.594,-28.163,-31.628,11.092,12.849,-2.51,-1.585,23.842
44.048,28.58,57.29,-16.795,48.884,-27.266,-49.374,2.501,13.933,-6.911,11.598,12.468
44.491,-1.057,55.44,18.397,52.115,-32.335,-53.458,-7.9,-5.894,14.138,4.04,30.166
43.554,51.003,48.535,-5.759,21.989,-12.612,-78.782,-13.246,-11.892,-5.241,2.477,6.013
43.362,43.249,67.976,-20.541,33.285,2.929,-73.353,-8.189,-1.42,-26.071,-2.738,-2.286
43.17,29.469,56.14,12.242,33.169,-2.922,-61.413,-10.272,-1.984,-40.362,-3.204,9.002
39.037,-34.88,84.101,18.544,52.925,-25.527,-19.877,-7.527,-14.798,9.592,-2.559,33.144
38.635,-44.559,71.966,5.755,53.823,-19.12,-17.764,2.453,-6.83,-19.936,-1.789,42.093
37.66,-32.429,61.494,42.456,59.083,-35.259,-13.064,-37.62,-6.879,-9.134,11.337,44.462
36.516,-57.547,61.054,12.43,46.509,-20.757,-32.705,-6.062,-5.327,-17.041,-1.621,37.527
32.515,-63.712,48.343,60.452,47.351,-14.801,-30.898,-19.725,-8.825,-8.918,-9.882,41.893
29.228,-79.652,31.355,-37.465,46.193,-33.212,-58.799,6.75,12.107,-15.765,7.691,25.127
32.579,-32.989,33.795,-72.858,34.103,-18.211,-56.632,-4.079,11.454,6.643,14.547,23.406
35.334,-48.368,7.848,-8.22,37.455,-22.063,-64.7,-31.657,11.196,-12.782,-6.826,22.32
33.33,-86.923,22.624,-63.108,40.015,-16.912,-41.577,-0.421,22.414,-6.35,-0.718,19.188
36.179,-50.448,23.121,-1.441,46.024,-15.167,-55.259,-9.479,27.517,-7.212,-12.457,6.551
30.256,-105.577,-8.766,48.989,43.217,-12.965,-58.524,4.481,3.525,-24.79,-28.211,19.178
22.652,-164.261,-21.221,-35.571,55.036,-28.828,-19.435,2.966,-25.266,-14.376,1.957,-1.6
26.922,-167.911,-5.635,-25.479,41.277,-27.555,-29.712,-11.166,1.272,2.939,6.202,-1.917
27.162,-187.611,-2.451,-26.09,39.544,-48.516,-42.688,-0.315,-19.524,-17.12,4.188,4.531
30.414,-156.756,3.543,-24.287,22.225,-18.551,-42.782,-2.147,-8.273,-6.091,12.382,8.976
34.811,-111.252,21.476,-6.697,23.343,-30.648,-40.904,-14.39,-16.788,-10.663,-1.772,16.35
33.516,-128.095,12.577,3.503,20.366,-30.745,-53.56,5.474,-18.706,-16.599,0.241,8.38
33.447,-153.128,0.24,-13.784,8.398,-15.564,-37.851,-3.627,-21.419,-7.055,5.17,11.33
31.545,-167.317,6.941,-25.651,8.313,-30.529,-43.548,-4.36,-12.783,-13.516,2.175,-4.842
31.024,-162.007,12.041,-2.112,17.369,-23.488,-40.338,3.149,-22.008,-15.474,7.904,10.265
29.237,-158.827,-1.219,13.247,38.803,-35.084,-57.817,-11.126,-9.725,-13.112,-8.012,12.989
26.694,-171.555,-16.351,-0.753,36.048,-36.66,-41.028,-11.921,-23.586,-4.966,-5.698,4.528
26.285,-183.87,-17.422,5.724,44.037,-26.9,-30.701,3.454,-34.263,-9.101,-1.047,3.817
24.169,-192.103,-21.114,-19.353,54.937,-43.324,-13.37,-0.392,-47.464,-5.525,1.261,3.279
25.816,-187.365,-29.08,-4.353,36.006,-41.147,-21.996,9.525,-25.247,-11.813,-6.469,1.425
24.021,-189.712,-54.247,-3.53,52.806,-42.758,-35.924,17.206,-21.511,-12.977,-5.428,-1.004
24.876,-156.911,-23.645,-18.188,38.966,-0.663,-35.135,3.689,-18.925,0.631,10.707,-1.006
24.137,-167.733,-13.996,-12.539,58.294,-43.52,-47.323,-5.421,-21.122,-13.112,-1.148,2.684
23.142,-172.298,-17.941,-11.406,61.218,-45.736,-37.454,3.405,-40.329,-12.124,-7.614,1.555
25.719,-170.249,-12.231,3.972,41.692,-28.096,-42.272,4.279,-33.954,-7.472,-4.661,3.101
28.056,-168.15,8.757,-49.04,33.419,-24.572,-47.464,-18.136,-18.197,1.437,10.804,4.336
33.475,-145.941,-10.01,-31.909,46.233,-23.121,-67.216,-28.127,14.492,-1.023,3.474,11.515
36.257,-115.986,6.854,-19.821,47.932,11.41,-57.942,4.705,10.164,-15.799,-1.751,6.006
34.227,-138.506,14.097,-27.234,36.349,-23.304,-57.446,15.741,-16.84,-2.967,2.902,12.293
33.301,-133.213,1.473,-11.46,40.629,-11.785,-61.361,5.774,-5.764,-11.733,-7.909,11.182
31.27,-123.514,0.413,-1.52,39.34,-10.0,-59.71,-17.917,1.987,-19.217,7.451,4.389
28.252,-124.64,17.561,-4.769,32.877,-20.146,-56.91,4.442,-15.889,-2.861,0.747,6.378
27.556,-129.32,8.526,-25.859,38.782,-22.647,-59.896,-1.681,-10.784,17.782,7.025,11.833
27.679,-104.037,-2.11,-20.186,27.326,-24.057,-58.067,-1.095,-0.505,0.264,3.339,10.134
27.673,-77.385,7.619,-63.433,27.539,-18.716,-58.12,-1.749,5.128,-0.017,6.803,9.042
29.364,-49.483,16.248,-16.493,17.61,-33.36,-52.067,-18.829,-3.589,-13.084,3.147,15.377
29.32,-83.831,8.817,-17.234,51.744,-33.62,-79.843,-14.151,18.558,-15.233,5.804,8.206
31.34,-114.124,30.738,-24.729,36.164,-27.729,-52.487,-19.458,-11.631,-12.499,17.881,16.182
32.403,-140.478,22.192,-12.968,38.459,-10.142,-55.518,-0.058,-13.335,-13.909,11.496,10.717
30.029,-117.198,-15.856,55.772,53.593,-9.99,-69.931,-10.385,1.441,-9.409,-17.768,6.812
21.62,-144.904,-31.285,-77.267,102.966,-30.763,-46.358,5.65,-1.754,20.534,19.534,18.97
33.829,-9.319,87.869,-96.849,58.464,60.579,-29.685,0.091,2.759,-14.494,18.434,7.884
41.85,21.975,112.073,-42.893,57.635,-9.007,-23.301,4.156,-5.864,17.046,12.699,-3.482
46.332,40.084,86.615,22.945,50.472,-23.746,-27.167,-1.518,1.162,1.68,-12.776,0.609
43.274,17.879,64.579,32.13,49.075,-13.078,-35.304,-18.337,-17.026,-0.752,-17.729,25.628
39.765,-7.232,55.669,4.485,29.726,-4.234,-50.638,-15.329,-17.723,-19.667,-20.218,22.182
38.468,-25.358,59.423,-19.537,32.124,13.368,-36.994,-2.225,-5.908,-34.13,3.6,16.162
38.865,-28.118,35.031,-8.094,22.931,-14.483,-66.037,-12.501,-12.311,8.042,5.183,6.752
37.548,-61.776,22.943,25.631,18.585,-30.216,-71.427,-28.724,-16.067,-7.003,-3.757,6.261
34.923,-132.751,37.441,-30.231,34.364,-10.935,-46.397,3.896,-19.152,-10.845,16.694,11.733
36.018,-98.567,42.879,-22.403,46.212,-23.435,-42.286,8.967,-20.672,-16.739,21.385,21.438
39.527,-86.831,37.656,-29.02,41.165,-21.291,-43.412,-6.254,-25.882,-7.522,12.017,23.482
40.481,-18.396,34.502,-0.476,34.769,-4.935,-76.869,-8.597,-3.165,-24.985,-2.599,4.849
39.307,-47.884,49.403,-43.721,33.954,-12.892,-57.598,-20.403,-26.531,9.932,-20.137,15.542
38.669,-59.905,14.259,-19.342,36.122,-24.431,-53.933,-6.868,-1.621,-17.06,8.098,18.235
42.43,-7.287,34.609,-13.34,34.26,-12.82,-39.73,-4.562,-11.432,-3.903,8.898,28.049
38.75,-55.833,21.777,72.48,21.617,-32.912,-25.255,-28.555,-17.961,-6.428,-17.2,27.74
38.852,-60.447,40.222,-35.428,36.056,21.854,-39.991,-2.829,-0.335,-24.286,4.635,12.76
39.569,-20.447,59.655,4.107,11.909,-28.044,-27.388,-7.296,-15.55,3.303,10.172,10.176
38.511,-24.411,46.317,26.661,21.958,-18.464,-25.313,-18.19,-7.28,-15.725,-18.792,20.594
36.807,-121.172,41.803,-10.204,40.813,-25.283,-28.052,-11.748,-13.938,-13.379,8.157,13.859
37.56,-80.966,55.541,-19.778,39.436,-25.404,-34.176,3.814,-2.223,-14.186,13.66,18.034
45.017,38.769,60.033,-86.77,29.1,30.195,-38.324,4.588,20.891,-16.261,4.569,6.553
46.657,34.96,38.239,-31.502,30.834,-19.763,-33.943,-21.154,-1.816,-5.297,-6.215,9.906
47.092,6.848,29.096,4.847,19.256,-25.552,-56.015,-10.272,-28.208,-7.11,-10.579,13.444
44.335,26.492,30.048,7.981,24.396,-13.099,-48.94,-9.889,-25.648,-8.63,-8.758,25.802
39.613,-14.359,21.727,33.807,48.248,-21.004,-88.708,-25.343,8.695,-4.842,-16.616,3.142
38.543,-48.248,52.775,-14.992,35.792,-5.263,-54.127,-13.151,-11.135,-14.14,-11.701,11.274
39.122,2.917,44.162,-37.006,38.787,-23.419,-72.091,-28.431,0.605,15.331,5.943,11.115
40.351,-11.431,-3.941,28.406,28.3,-11.14,-78.546,-16.608,5.886,-6.099,-13.609,18.414
34.4,2.301,46.118,-75.072,-0.237,-17.18,-58.743,-7.232,-20.368,-4.912,17.177,1.965
40.003,-12.282,28.757,-33.248,30.395,0.132,-74.86,-14.495,0.75,-15.831,-19.622,9.829
37.631,-12.839,60.227,9.973,45.592,-14.799,-62.469,-22.272,-0.035,-9.92,-1.207,1.187
37.142,-25.905,56.25,-14.377,36.345,-16.351,-43.27,-6.942,1.271,-11.079,10.485,17.85
38.819,-31.777,12.877,35.895,41.639,17.16,-54.556,-41.737,15.347,-6.025,-33.269,4.036
38.906,-8.976,41.464,-84.646,25.718,27.12,-28.272,23.851,21.815,-26.073,-9.461,-7.829
38.275,-48.698,12.655,16.13,16.866,-4.788,-46.362,-17.449,-3.623,-8.793,-16.609,-2.182
34.373,-150.49,22.082,-38.957,10.913,-26.021,-19.42,-4.433,-17.948,-7.576,12.485,4.755
38.131,-109.262,18.835,-13.205,5.308,-27.665,-21.186,-9.913,-22.338,-4.297,-0.481,-2.054
40.607,-78.751,29.768,-68.792,33.262,-7.449,-15.096,12.546,-1.562,-15.374,17.31,19.917
44.225,-53.3,43.108,-46.765,34.924,-25.212,-21.032,12.096,13.392,-8.4,-10.488,-2.592
44.836,24.215,37.197,-28.671,51.019,-35.334,-53.845,19.898,29.307,-1.21,6.09,8.816
46.01,24.191,57.637,-25.218,45.935,-23.075,-42.588,3.534,7.277,20.644,-5.28,17.999
45.662,42.142,57.715,19.044,31.995,-36.923,-35.973,10.951,4.216,5.523,2.75,18.446
44.506,13.738,54.496,40.05,32.491,-25.476,-23.681,5.759,2.088,7.839,-12.228,5.709
40.793,30.975,21.084,-0.498,3.588,-25.894,-40.868,-23.119,-5.582,-3.377,-12.299,17.829
38.074,-36.214,68.875,-31.929,19.627,-12.903,-49.054,5.156,2.857,-12.636,15.967,-28.834
39.334,51.214,50.48,-2.879,15.075,-17.531,-64.853,-14.212,-11.976,-16.813,-3.808,-15.425
36.355,-17.03,40.797,-11.279,40.006,-4.674,-32.354,-31.916,-5.454,-13.718,-18.154,8.334
37.064,-27.13,42.008,-27.505,33.197,-24.748,-42.265,2.714,12.035,-1.332,4.665,-0.75
36.044,-30.576,25.304,-4.457,28.881,-29.89,-46.546,-4.227,-2.116,7.162,-2.534,-6.379
33.28,-53.426,26.241,9.89,41.737,-17.062,-22.973,-17.933,-0.226,-4.581,-11.887,0.252
29.872,-120.473,25.973,0.646,39.801,-42.153,-30.353,-18.982,6.589,1.227,-0.906,-13.709
30.786,-168.807,45.449,-31.779,55.952,-32.755,-8.752,-22.028,10.329,-3.993,-2.055,-0.233
35.404,-122.795,15.685,-33.707,50.829,-46.224,-39.232,-10.026,32.429,8.156,5.602,-5.857
36.151,-130.805,36.409,-5.667,45.499,-32.005,-42.465,-8.595,-4.11,-3.756,-6.795,-3.167
42.106,-12.223,95.746,-147.644,41.053,-18.481,-39.675,55.239,4.726,-15.055,23.239,-1.793
47.519,-3.298,59.533,-7.201,60.784,-25.671,-37.637,1.54,5.739,20.795,15.381,1.359
49.561,29.512,91.919,-4.664,68.918,-37.607,-37.245,11.884,15.747,6.29,20.709,0.101
49.267,28.918,86.267,26.862,65.765,-45.119,-39.332,-14.253,6.071,11.782,3.832,1.354
47.114,24.52,78.368,7.944,46.614,-15.85,-25.776,0.883,20.884,-19.72,13.415,-5.96
46.142,27.027,88.556,31.756,68.883,-9.832,-46.919,-6.826,31.124,-8.792,-42.422,-3.829
42.04,21.703,66.855,11.166,71.195,-28.15,-62.213,-24.685,10.328,2.651,16.611,6.902
40.953,16.134,72.801,39.782,62.785,-26.444,-68.961,-13.249,4.425,-12.509,-4.043,10.42
36.323,17.198,142.699,25.974,78.461,-15.937,-55.723,-10.586,-11.921,5.379,-3.457,-0.833
37.736,-31.569,79.474,-33.89,61.594,-0.638,-33.196,-15.068,18.463,18.176,15.594,-24.656
41.946,-22.742,58.169,21.89,47.869,-25.784,-48.937,-17.775,13.77,9.736,-13.256,-16.215
38.108,-6.589,30.233,19.041,20.1,-16.646,-19.29,-21.313,23.509,3.088,-43.503,-25.822
31.536,-140.035,12.659,15.502,45.13,-34.782,-6.98,-23.673,16.671,-3.086,-9.446,-17.927
26.687,-177.317,5.286,22.667,59.228,-44.774,-35.172,3.255,-8.744,-14.174,-6.137,-7.277
25.572,-177.953,-7.228,9.245,60.423,-23.148,-47.463,23.061,-16.08,-5.857,-3.02,-11.486
22.805,-195.418,-22.769,-44.864,85.71,-46.062,-25.627,-6.113,-30.204,-2.412,0.661,-14.209
24.401,-180.167,26.112,-43.581,88.382,-43.941,-23.808,11.381,-9.743,-11.123,4.022,-21.016
27.188,-73.982,51.235,-56.525,50.628,-26.595,-42.034,31.831,22.232,-1.897,4.012,-20.127
27.046,-92.739,-15.654,-17.732,30.438,-32.793,-48.899,-12.582,-3.701,0.704,0.154,4.572
27.771,-109.727,12.2,-34.999,21.893,-29.214,-32.691,-5.967,-12.34,1.642,5.848,0.364
29.474,-70.358,53.272,-16.093,29.456,-5.414,-25.071,-8.75,-23.386,-13.481,-6.843,15.403
32.973,-16.436,69.056,-24.952,42.196,4.153,-40.994,-20.89,7.629,-9.483,17.837,3.371
34.032,-2.474,91.624,34.07,67.806,-36.191,-42.371,-16.149,25.401,4.029,-6.934,-20.808
29.462,-74.504,109.748,36.485,99.702,-20.076,-27.656,-2.605,23.177,3.874,-22.632,-22.303
24.593,-106.057,99.384,63.695,115.73,-50.978,-9.453,13.266,15.204,0.344,-19.388,-6.979
20.805,-88.947,19.5,-59.191,76.857,-45.399,-45.282,-14.715,17.902,14.353,3.729,-2.172
24.106,-70.021,-0.574,-19.489,37.194,-12.398,-35.186,-45.752,19.352,-2.683,-17.468,-6.219
24.651,-122.763,2.723,-49.448,17.511,-25.923,-33.109,-9.564,7.063,3.102,1.784,-30.313
26.213,-119.887,23.998,-46.6,22.743,-31.23,-29.084,-20.996,7.424,12.333,-1.04,-27.89
28.864,-190.55,68.459,21.048,80.445,-49.891,25.708,16.839,11.231,4.698,-12.544,-23.774
27.322,-182.998,76.409,13.659,86.884,-46.812,38.153,18.528,11.074,1.884,-6.86,-34.44
26.604,-131.505,62.803,8.736,60.493,-33.972,14.089,-0.976,22.478,7.441,-17.621,-31.779
26.875,-100.517,82.026,-0.963,48.057,-38.098,16.29,25.787,32.441,10.248,-9.102,-35.867
26.988,-59.525,86.488,1.342,32.889,-25.42,12.227,-6.612,27.988,9.67,-20.673,-35.017
25.845,-107.147,117.043,38.736,95.926,-41.037,25.2,12.916,26.835,21.716,-19.543,-35.759
24.941,-170.961,40.338,-11.796,86.07,-34.737,7.262,1.556,2.197,10.745,-21.539,-29.146
22.366,-162.895,6.272,-8.217,93.657,-47.873,2.042,24.815,1.52,-7.362,-11.584,-14.778
21.413,-114.003,-5.899,-47.335,49.847,-45.017,-26.235,-7.607,13.741,13.763,2.975,-19.125
22.535,-117.955,-1.425,-14.688,56.564,-47.074,-20.899,8.779,25.423,9.785,-8.855,-14.237
22.783,-117.005,34.113,-62.77,71.894,-43.364,-5.511,-10.481,19.259,17.758,7.299,-16.28
27.496,-108.51,33.104,-24.963,68.299,-22.588,-43.354,7.536,28.568,17.388,-0.334,8.303
29.138,-100.064,23.746,-49.346,60.953,-25.643,-76.005,-2.164,13.583,10.343,17.432,9.066
32.431,-78.885,12.526,-37.602,45.122,-18.795,-77.297,13.831,0.717,8.317,9.347,2.339
33.268,7.202,49.067,-45.789,35.729,-6.218,-44.375,-7.524,-8.679,6.745,3.951,0.535
37.174,-20.038,64.588,-24.591,42.961,-26.688,-49.873,-6.899,-18.559,4.653,15.873,7.571
38.815,-27.568,73.509,1.798,41.234,-29.835,-49.505,-26.689,-17.933,19.705,0.827,-3.385
40.588,-18.015,66.101,-24.496,58.686,-23.721,-37.53,-11.307,9.186,-22.815,13.918,-4.27
43.646,-19.109,45.443,-30.461,65.599,-30.927,-47.887,-8.344,14.132,-17.559,19.749,2.59
45.473,-13.959,61.717,2.973,53.55,-31.441,-33.276,11.007,-1.557,-4.631,1.848,6.302
49.425,9.098,33.168,-35.503,23.998,-8.478,-36.187,0.703,-16.689,6.95,10.561,23.753
50.258,25.743,37.516,27.16,27.198,-29.115,-39.595,-19.209,-12.086,-0.542,-11.208,15.939
43.72,-39.986,52.405,15.579,49.216,-29.394,-49.207,-16.864,-4.521,-2.061,-13.295,14.523
39.701,-89.305,51.471,-4.455,61.889,-28.888,-39.393,-10.085,19.608,-4.377,1.837,2.375
39.497,-142.96,34.557,50.253,62.613,-17.63,-39.757,-9.812,4.987,-9.794,-41.499,10.539
29.782,-172.633,12.072,4.437,48.039,-36.891,-58.363,5.326,3.37,-19.902,1.928,3.404
27.384,-126.191,64.43,-8.356,60.077,-18.676,-54.305,-10.059,-5.263,-12.625,14.995,-10.946
29.534,-74.036,53.759,-51.822,63.898,-20.754,-43.394,0.67,2.716,-30.068,15.834,23.484
32.108,-65.186,62.289,-16.694,65.064,-13.312,-43.444,7.284,-1.58,-11.672,-9.262,25.239
30.912,-36.488,32.952,-20.183,23.151,-32.781,-67.741,-0.409,1.231,-12.323,19.546,-2.023
34.145,-5.128,87.487,-36.04,25.637,-2.945,-54.109,-15.89,-29.102,-12.072,1.165,-4.102
29.839,-83.292,38.891,25.68,29.333,-21.973,-51.996,-18.027,-23.6,-0.569,0.586,-10.317
28.366,-61.259,31.712,-38.12,34.552,-25.934,-60.803,11.128,2.692,-15.421,0.432,11.09
31.862,-26.825,62.178,-79.627,29.307,-12.231,-36.859,-16.344,0.03,-1.81,10.527,-0.532
38.067,-5.763,65.928,-44.304,44.212,-13.906,-46.488,-3.76,12.502,10.849,13.758,-0.353
40.972,8.131,45.7,-13.15,32.202,-24.717,-71.0,-14.203,9.231,-0.283,12.267,-7.182
41.386,-7.81,52.475,-5.683,43.389,-11.106,-63.135,-15.884,5.534,7.092,-14.057,-6.562
40.251,10.402,68.928,-58.897,60.725,-4.571,-62.969,-14.971,5.877,9.327,4.794,2.759
44.396,37.034,57.616,-34.525,35.691,-24.171,-71.25,-7.865,2.9,-6.931,14.715,1.451
43.37,-10.058,17.267,115.362,53.891,11.252,-70.527,-13.071,15.439,-8.178,-80.93,9.611
26.564,-108.62,36.749,-4.521,82.036,-27.407,-49.396,1.052,17.486,7.775,-6.317,6.437
25.619,-119.946,10.503,-30.344,62.765,-21.482,-57.101,4.845,0.617,-1.7,9.515,0.125
24.318,-69.46,32.431,-26.388,22.705,-21.733,-46.215,-10.54,-26.173,-11.059,9.996,4.944
25.6,-86.066,63.629,-18.633,51.083,-26.572,-36.239,7.233,-10.362,-7.132,5.566,-1.327
26.989,-116.68,38.555,-14.203,45.343,-29.062,-44.616,9.374,-18.564,4.918,15.361,16.082
28.734,-74.146,68.691,-42.929,31.958,-22.365,-34.101,7.22,-15.925,1.517,11.016,17.258
31.811,-23.287,66.625,-26.751,27.504,-19.435,-33.723,12.694,-16.586,6.42,25.696,22.03
34.418,-44.575,65.029,-32.785,25.107,-34.913,-31.768,20.218,-13.3,-5.733,13.637,27.062
36.912,6.196,49.151,-45.926,18.017,-25.605,-50.608,-12.554,-8.141,10.318,10.327,20.978
40.551,-4.173,33.296,-35.177,26.544,-26.323,-51.614,-6.62,-1.954,-1.173,11.097,29.036
43.055,14.928,52.744,-39.952,36.416,-17.003,-35.312,-12.245,4.295,3.81,10.499,22.926
44.31,-19.913,54.973,16.968,47.015,-33.245,-39.308,-20.965,-7.367,-10.711,11.177,32.744
43.228,-39.781,51.174,-7.07,39.943,-27.864,-58.023,-3.99,-0.925,-11.713,9.484,24.68
44.183,-11.083,39.15,-34.735,22.052,-21.862,-67.813,4.945,-21.223,-9.581,12.604,9.708
43.529,12.489,26.428,38.536,28.6,-0.019,-64.556,-12.013,-20.569,-17.288,-36.37,16.892
30.095,-96.64,-23.388,59.209,38.868,-31.162,-59.408,-24.527,-12.232,-5.225,-20.491,10.004
20.557,-161.561,-31.743,-36.155,85.139,-49.535,-26.689,15.814,-27.15,-4.079,9.276,-4.922
23.126,-139.029,21.59,-41.4,75.814,-32.944,-18.875,26.821,1.545,2.192,15.468,-9.251
22.825,-90.6,-8.947,-53.059,27.022,-27.104,-31.632,-15.667,21.684,6.508,4.391,1.823
25.252,-115.692,35.78,-38.742,41.342,-39.517,-16.971,13.039,3.077,-6.161,3.798,-1.61
25.033,-106.309,14.095,-28.103,40.563,-18.776,-48.835,2.07,5.301,-7.439,-1.284,14.201
24.421,-110.927,16.095,-24.885,48.273,-26.204,-52.659,-17.478,-5.387,-5.027,-7.118,17.669
22.312,-148.175,-21.147,-32.178,66.063,-30.329,-46.467,-0.779,-9.672,-7.493,3.577,7.924
23.301,-168.067,-25.226,-4.541,48.526,-42.946,-23.81,15.037,-30.184,-15.272,2.678,-0.99
23.81,-181.093,-24.613,-58.695,31.256,-20.888,6.549,2.672,-50.35,-2.387,-9.084,-3.628
27.046,-182.12,-16.266,-40.023,22.709,-17.961,-13.042,-5.854,-26.726,2.653,2.165,2.417
32.669,-133.45,19.538,-45.989,33.568,-3.867,-33.545,12.676,10.762,-14.633,-5.103,2.01
32.04,-131.279,16.748,-6.26,25.05,-22.32,-43.309,-0.725,-18.972,-13.696,-17.021,14.596
32.108,-141.956,-9.479,-3.688,4.36,-19.97,-53.301,-19.299,-19.271,-4.237,8.658,-4.337
28.932,-187.762,19.21,-10.157,35.935,-22.689,-32.411,-7.703,-39.15,-13.624,0.999,11.306
29.165,-177.261,13.649,8.905,37.346,-23.495,-42.206,0.4,-32.157,-12.547,0.876,9.595
26.889,-200.249,-18.087,-15.625,42.529,-39.753,-23.489,7.574,-25.87,-6.883,-7.187,12.625
23.075,-175.143,-39.199,-15.078,40.049,-46.152,-9.325,16.623,-38.087,-12.891,-3.863,0.038
20.974,-171.361,-46.656,-19.451,72.541,-46.394,-21.241,18.744,-33.892,-12.174,3.768,-4.312
20.408,-163.728,-53.944,-32.199,57.502,-45.121,-18.044,23.366,-43.855,-13.692,0.76,-13.015
22.015,-159.401,-32.22,-0.878,51.099,-41.577,-29.588,24.493,-40.792,-18.775,-2.598,-3.135
25.122,-147.136,1.316,-12.28,35.863,-29.644,-45.349,-7.261,-29.102,-5.008,8.368,7.147
33.996,-72.21,3.611,-24.311,58.532,53.492,-54.574,7.161,10.054,-15.968,15.694,7.994
31.055,-84.173,-1.968,-14.491,43.028,-29.395,-68.792,11.863,0.107,3.465,12.501,12.266
28.75,-76.947,-7.889,-37.991,43.043,14.105,-77.337,8.808,12.34,6.488,-6.036,9.283
28.49,-35.382,-22.165,-10.219,54.091,-36.28,-79.242,32.808,11.724,-9.015,15.779,19.182
27.64,-2.135,-32.351,6.876,45.514,-27.448,-96.15,19.834,7.841,10.099,-6.926,13.852
26.108,-47.194,-8.219,-36.974,43.253,-14.192,-55.066,-0.604,-11.075,28.237,13.584,21.964
26.729,-48.749,1.127,-36.242,14.986,-28.364,-52.628,-6.923,5.098,-3.424,-3.281,8.979
26.587,-14.167,3.47,-24.856,11.942,-22.406,-33.136,-5.277,-2.421,-4.689,6.376,15.361
26.823,-81.398,-4.654,-3.662,23.169,-25.469,-49.891,-8.931,-15.753,-7.149,-5.84,17.649
26.313,-20.7,31.543,-24.883,2.284,-25.068,-24.526,15.249,-6.085,-7.551,15.367,0.111
28.217,-78.311,14.267,-48.533,30.843,-12.652,-56.836,9.11,-2.26,-16.968,-1.16,5.972
26.889,-89.226,13.613,-6.227,23.396,-21.104,-67.477,-10.69,-10.446,3.123,-0.053,3.909
22.699,-103.942,-2.49,-21.544,41.733,-28.449,-72.401,-2.177,-10.721,5.024,-4.615,-2.343
26.616,-136.413,11.773,-27.145,40.829,-10.429,-50.808,1.502,-16.285,-10.786,-3.674,11.266
23.514,-91.809,7.586,5.606,50.344,-49.934,-56.542,-1.222,1.926,-4.757,8.623,7.154
23.376,-123.363,13.691,-59.092,60.222,-33.271,-42.391,-3.476,-3.929,-0.495,0.294,10.399
25.45,-83.951,33.771,-47.381,27.823,-10.407,-45.745,9.046,-7.045,-14.874,-5.085,0.538
24.456,-109.273,2.966,-25.685,45.044,-19.012,-66.859,16.305,0.411,-4.622,1.523,-1.012
23.731,-90.665,24.081,-40.614,44.686,-14.586,-48.344,11.208,-5.222,1.229,3.259,-2.896
24.84,-61.148,-9.748,40.186,33.967,-10.78,-24.46,-27.992,-12.234,12.902,-11.463,3.858
21.943,-72.771,6.394,3.325,40.95,-2.64,-19.853,11.91,-1.643,12.132,-6.194,2.787
17.636,-101.002,-44.236,-57.271,36.711,-45.376,-1.614,11.55,-24.159,-4.156,-2.006,-5.893
18.048,-83.196,-41.684,-60.999,20.261,-34.251,-19.167,24.683,-13.089,-6.106,-4.718,-1.915
16.614,-19.195,-25.471,-9.22,-6.102,-26.577,-3.717,46.58,-10.044,-1.526,-9.917,1.836
11.996,13.07,11.039,-38.443,54.099,-30.863,-2.077,3.526,-12.289,2.889,2.627,-5.017
17.678,-37.869,34.481,-100.604,39.109,-11.028,-4.282,-27.627,-26.854,24.405,3.566,10.677
25.608,-67.785,31.706,-38.029,44.072,-27.081,-7.251,-12.21,31.504,3.475,-1.096,-9.505
23.878,-69.78,12.136,54.717,52.363,-23.441,-24.18,27.527,22.29,-4.382,-50.508,-3.566
11.578,-31.564,-39.039,-11.104,80.218,-40.36,-26.763,31.332,-26.664,-4.289,-14.054,-6.18
4.922,74.726,-43.548,15.525,68.939,-62.577,-20.074,74.84,-18.878,-22.523,11.979,-4.85
