0.007,171.003,9.153,-28.52,57.262,-50.036,15.002,5.473,-27.183,1.078,-10.585,-7.286
13.82,-89.207,-122.406,-94.426,48.745,16.847,24.152,-0.733,-32.379,84.215,13.125,7.65
17.276,-153.098,-145.377,-68.987,46.451,-69.414,11.84,16.279,3.9,1.366,-9.896,-0.551
16.729,-125.153,-126.094,-33.147,36.173,-57.331,23.158,38.143,-6.11,1.288,-7.166,4.345
25.589,11.939,-90.75,-68.4,56.297,196.69,21.227,38.285,9.645,-31.05,-95.31,16.086
31.038,113.856,-124.302,-10.772,20.991,6.79,-9.735,7.856,24.28,-2.863,6.807,-8.502
32.015,-28.461,-147.863,161.922,-28.934,-24.342,-33.646,-1.486,-7.779,24.915,-19.531,-8.177
34.628,-26.679,52.289,-59.862,46.523,106.665,101.86,14.037,28.499,-14.438,11.46,-19.354
41.372,-7.926,-32.734,130.042,25.681,-16.573,36.352,-30.075,20.007,-11.144,-53.023,-4.106
30.215,-67.939,-77.498,55.32,14.677,-13.167,17.593,-21.552,17.594,-7.01,-26.834,4.43
41.071,-8.702,-1.594,96.29,11.449,-7.667,52.221,-26.115,11.067,44.455,15.286,-13.158
38.963,-21.352,11.719,27.196,25.947,57.668,51.939,-28.095,15.132,-15.08,-43.397,-14.731
33.179,26.179,-32.467,-5.9,43.665,17.457,34.719,50.438,43.316,-70.978,-23.419,-19.677
33.615,18.618,-87.355,139.567,-52.037,6.251,-3.721,-14.662,-26.947,-1.888,-17.23,-15.611
38.668,18.37,59.193,46.984,15.547,3.257,76.592,-53.093,20.366,3.307,8.358,-20.581
40.777,11.278,-36.675,128.939,18.372,-22.416,25.587,-18.852,10.497,-7.369,-41.163,-11.599
27.686,-19.083,9.176,58.233,44.287,-67.49,35.302,-39.584,35.649,31.303,-11.096,-6.856
25.29,-141.6,-56.969,-21.461,12.637,-67.989,9.893,4.181,10.352,20.798,-2.491,15.153
41.596,1.193,-17.436,52.12,23.443,36.465,55.836,-39.561,9.574,31.871,-7.549,-13.137
36.071,-74.889,75.129,-0.374,31.386,-47.694,60.018,17.969,13.937,13.87,11.253,-11.316
36.61,-83.858,67.745,36.692,36.671,-73.788,46.284,3.211,1.834,23.533,-18.351,6.816
41.472,-15.76,-24.65,83.606,37.092,26.232,39.096,-45.098,19.219,-9.014,-16.171,-9.19
36.907,45.177,-36.922,38.149,103.177,39.62,13.303,48.895,46.018,-65.647,-6.228,-2.346
27.511,9.893,-52.737,15.238,44.289,22.76,26.791,-36.081,0.002,20.886,-99.314,4.802
39.561,16.28,51.12,75.458,30.784,3.359,74.717,-39.662,16.497,51.103,-9.858,-22.011
40.916,14.307,-17.1,138.285,33.988,-4.198,29.173,-2.344,12.937,-25.245,-22.875,-7.084
30.935,-90.235,-70.822,46.203,24.235,-43.713,22.884,-27.454,11.293,20.243,0.517,16.039
43.442,2.513,-0.603,102.196,6.722,-31.153,46.847,-48.619,16.02,10.584,-27.995,-5.075
36.446,-57.29,77.266,-1.764,36.627,-42.452,52.876,6.877,41.556,16.492,-14.806,-34.441
35.695,-52.268,54.607,17.119,33.573,-77.067,52.199,-1.078,16.767,25.595,-12.571,3.135
39.817,-13.367,7.637,46.178,32.409,72.36,48.238,-20.911,19.461,-16.304,-40.586,-8.154
31.644,-60.207,-24.966,87.881,13.713,-41.039,26.584,-32.225,10.961,-6.003,-33.393,-24.604
32.311,32.505,-143.557,161.098,-4.446,-87.967,-13.301,-10.67,-3.681,-24.075,-44.391,-3.049
32.599,27.536,90.281,-112.054,42.855,167.76,89.624,-43.611,-4.222,-19.752,-33.159,-12.229
41.954,-15.883,-43.364,114.607,34.331,-14.625,27.587,-29.448,10.013,9.978,-44.067,11.856
34.589,-30.326,-18.15,39.406,37.58,18.349,8.988,-51.135,-17.351,-7.031,-15.556,-6.731
28.921,-68.446,-63.133,45.527,42.74,-80.893,-7.057,-15.404,-3.069,21.564,-28.132,-7.472
41.463,-30.456,-4.06,64.812,32.624,43.488,43.72,-35.405,9.314,26.756,36.625,-10.935
37.367,-16.123,5.579,42.974,52.068,-54.054,38.202,-33.63,10.523,0.414,-10.409,1.226
42.169,-3.455,-22.653,85.329,10.57,-3.582,29.581,-49.797,-2.026,-0.14,-27.098,-8.572
32.853,-33.124,-60.498,76.736,62.754,-35.229,-0.775,-43.272,19.514,-30.077,-21.804,0.375
38.333,19.406,-49.894,16.954,34.968,12.124,7.313,-20.333,-27.495,23.098,10.586,-4.582
35.5,-80.859,38.494,-32.293,34.85,-20.96,0.042,15.876,-11.174,-10.197,-13.624,17.836
36.262,-58.794,40.712,29.705,17.041,-60.02,-14.883,-34.506,-32.167,41.522,-12.107,15.363
36.653,-53.757,20.011,5.925,16.776,0.653,16.244,-17.552,-1.485,-21.138,3.567,15.409
36.95,-58.759,14.959,23.093,7.577,-57.002,-12.126,-32.244,-29.285,25.765,-16.303,20.983
36.81,-31.598,31.531,19.915,14.813,-56.794,-3.802,-34.639,-17.358,28.871,-14.215,19.16
35.975,-59.734,18.154,21.831,2.498,-66.629,22.965,-35.255,-24.504,31.788,-4.963,20.77
38.779,-3.227,-13.887,-7.515,22.184,32.226,10.484,14.505,13.808,-64.06,-24.541,7.907
35.467,25.795,-14.928,-23.507,67.871,-25.194,18.776,-2.639,-24.419,-3.0,-30.141,16.995
33.795,3.28,-54.804,-1.449,12.703,-72.194,-3.465,10.015,-1.639,28.311,-11.249,17.022
42.654,24.314,-17.452,-51.853,34.102,39.892,11.571,-21.853,-15.508,42.103,20.875,-18.273
44.769,7.145,31.912,-26.371,92.405,-54.478,1.86,6.898,-8.144,0.616,1.466,-14.547
40.641,1.464,-96.604,135.91,47.932,-61.113,-9.355,15.114,7.341,-14.981,-44.536,13.021
35.526,-17.03,-48.192,-88.807,10.999,13.24,-31.675,4.972,-20.08,15.307,9.578,-9.811
38.269,15.866,-73.246,25.194,-31.829,-53.011,-36.656,1.617,-23.616,-7.486,-32.304,0.353
32.224,-13.933,-71.994,-16.06,9.377,-19.166,-47.995,-30.667,-12.536,-1.429,-18.831,-3.797
30.375,-61.015,-75.777,-54.614,23.696,17.113,-29.471,16.541,0.829,-35.174,-77.596,13.522
29.73,1.884,-123.281,57.893,50.703,-31.467,-22.975,29.101,8.487,-17.488,-3.551,-13.034
27.944,-19.533,-80.161,4.702,0.734,95.242,-6.885,-0.495,7.564,-4.462,-85.179,-6.452
26.251,-13.419,-78.483,14.958,-19.486,38.651,6.806,-26.741,2.829,-1.458,5.486,-4.042
27.63,13.792,-73.833,1.665,-36.51,46.351,-28.191,-37.675,5.718,4.538,-33.653,-15.856
32.04,22.832,-111.502,72.163,-8.623,96.863,-17.901,14.022,12.118,-24.168,-49.825,4.518
34.12,-26.08,-48.079,55.977,14.35,-2.504,14.725,-17.653,-15.201,14.608,-3.574,35.167
29.833,-58.838,-105.133,55.81,-11.232,-36.293,-42.69,-49.823,-7.95,34.346,-37.633,21.057
35.969,-11.771,-74.714,-21.626,-8.441,60.095,11.825,-17.001,-5.931,21.727,25.415,9.09
36.795,-10.921,-4.676,-55.054,14.505,-20.737,13.813,15.783,0.785,-16.067,-0.411,35.048
37.913,-4.666,-32.681,42.326,40.366,22.158,-22.47,-0.764,-13.651,-2.444,-56.421,4.22
39.671,85.932,9.708,-125.581,60.242,69.393,5.997,-77.948,-13.529,29.282,-4.935,-10.274
39.136,19.971,-35.116,59.305,67.608,7.98,-52.387,2.077,-4.658,-7.173,-61.894,7.772
42.622,-14.664,20.089,-24.8,18.024,-46.749,30.642,2.06,-21.857,32.259,-13.465,7.478
43.189,15.729,68.776,-7.509,71.986,-43.883,49.317,15.88,-6.842,1.571,-3.163,10.29
41.424,14.571,-63.125,128.366,52.55,-51.201,-5.245,1.0,3.649,-25.385,-43.158,21.239
38.137,-9.998,-26.782,-55.133,25.954,0.105,-14.44,9.582,-2.489,-3.686,9.368,-13.092
36.282,-43.508,-70.807,11.332,-9.841,-67.438,-4.088,-34.033,-29.424,13.261,-12.794,-2.089
33.616,-54.129,-48.047,36.731,21.437,-39.765,-16.929,-32.721,-18.182,-20.411,-22.394,-10.728
30.797,-51.117,-23.121,-4.085,31.092,23.911,29.703,36.659,27.48,-42.866,-45.455,6.651
37.874,24.296,78.542,-150.79,71.448,67.587,36.366,-24.229,3.948,23.199,3.383,-11.933
45.149,10.103,80.456,8.155,35.885,-30.614,33.174,1.996,2.334,3.042,-10.902,-20.493
44.23,20.89,94.821,13.396,52.984,-24.754,20.744,-0.175,-7.255,9.475,-8.538,-17.749
45.382,35.891,0.516,38.835,33.22,-50.773,14.391,-11.282,-3.553,-8.773,-16.07,-10.98
35.966,-64.548,-22.985,46.533,39.092,-29.792,-30.125,-17.889,-31.135,8.404,-19.853,3.082
36.225,-47.682,-94.191,71.37,15.029,10.014,-21.49,-63.333,2.82,-6.173,-7.294,-5.651
29.314,-102.988,-3.161,-38.437,27.781,24.769,-6.068,3.625,-0.784,-17.896,-48.609,3.904
27.938,-56.184,-69.935,-4.0,52.635,-73.538,-19.548,-28.572,-12.553,13.713,-9.514,10.9
35.599,7.552,-90.802,90.537,12.009,47.978,-6.208,-26.097,3.571,-5.26,-40.556,5.611
34.836,70.516,-65.604,8.626,52.77,33.006,1.649,36.296,26.869,-47.675,19.858,-18.376
39.804,89.36,-16.071,-83.669,49.067,40.51,6.352,-74.805,-18.606,54.258,-24.108,7.347
43.689,-2.141,11.688,-43.044,87.423,-42.024,-11.872,-2.143,13.933,7.626,5.386,1.175
45.457,15.095,37.375,-24.439,86.68,-39.942,-2.496,10.577,-6.351,-2.05,-9.512,-20.209
42.79,12.485,-68.608,107.25,53.762,-16.538,-5.641,13.154,20.324,-10.782,-55.604,15.982
33.634,-9.046,-48.577,-34.532,-1.207,-32.283,-33.595,-22.844,-2.983,34.018,11.009,3.672
35.633,-19.22,-14.21,-25.903,1.07,-25.13,-17.87,1.433,-47.414,-17.905,-3.375,-13.281
36.208,-41.005,-108.253,83.672,-3.429,-71.545,-28.242,-39.332,-18.216,23.185,-43.751,11.295
27.031,-92.448,-76.401,-45.522,33.46,-16.678,-16.431,10.029,-12.738,-5.274,-0.378,8.549
29.819,-12.913,-70.526,-3.483,-0.163,-29.394,-29.376,-44.415,-13.624,12.94,8.533,1.948
31.983,-17.174,-23.357,-127.475,16.092,22.59,-21.38,31.397,-16.484,-11.077,-48.917,7.337
36.422,2.989,-4.588,-26.291,40.4,-17.537,-1.329,6.697,-7.941,-5.772,20.57,-13.646
38.925,38.519,-53.915,88.21,-24.695,-37.314,-5.029,-30.106,-48.816,13.449,-16.384,-2.284
31.336,-19.209,-34.912,28.066,-17.489,-10.662,-5.789,-26.403,-27.599,-18.438,-22.906,-2.675
32.491,-41.739,-30.909,46.319,-13.656,80.711,7.138,-23.899,-27.401,-28.17,-30.328,-5.154
36.413,33.009,-130.139,128.725,-15.019,21.325,-20.253,-10.439,-1.119,-32.937,-12.707,-4.877
27.285,-48.674,-1.74,-160.183,-10.562,16.705,-16.827,31.892,-15.529,-12.79,-28.036,-16.792
32.496,25.612,-95.943,-21.197,33.721,-38.2,-15.732,59.321,-41.476,-26.791,5.17,-0.567
39.079,38.466,-72.284,11.539,-12.433,-57.254,0.194,-33.742,-31.591,5.702,-15.766,-2.198
34.443,-35.859,-55.973,83.584,18.107,30.616,9.522,-9.636,-5.461,-26.758,-82.635,8.22
35.614,1.341,-15.943,-67.25,57.625,50.272,-15.418,-17.06,-14.238,24.67,-66.215,1.072
42.969,10.804,-48.279,58.988,24.756,10.277,-10.246,-38.302,-0.234,-3.358,-60.202,9.748
37.801,2.528,-18.623,1.798,69.82,79.835,-28.204,22.366,15.036,-16.368,-56.319,8.454
41.88,51.306,-54.595,-44.402,35.658,6.786,-29.435,-11.737,-6.371,34.946,28.109,1.971
41.523,6.36,-50.874,-18.326,83.192,-11.196,-44.062,2.026,-2.488,-7.301,-50.878,38.195
39.384,-15.712,-36.778,-41.302,38.905,-5.516,-32.281,3.704,6.057,5.675,24.526,-12.311
41.405,15.5,-8.322,-34.778,35.218,-19.745,-48.679,-11.683,16.277,2.128,-17.659,-25.826
39.525,0.832,-68.634,1.256,-0.81,-27.703,-30.498,-44.039,6.028,-9.783,-19.771,-2.509
36.608,-10.134,-30.164,58.007,39.015,-21.011,-50.912,-19.834,-11.695,-18.703,-43.812,-10.266
33.623,-6.203,-76.962,77.754,-8.143,-74.411,-12.076,-24.064,-4.66,7.444,-0.489,-3.462
38.842,23.82,69.07,-145.708,72.087,48.02,23.468,-37.494,13.756,17.241,-2.127,-10.408
46.235,24.647,82.214,14.181,40.931,-27.061,34.508,11.965,12.281,-2.466,6.632,-15.912
45.343,24.749,102.1,22.162,40.496,-47.688,10.174,22.232,-7.701,5.56,6.019,-18.785
45.348,27.18,93.914,13.347,36.366,-42.177,32.167,5.809,-0.334,1.313,-7.071,-18.762
44.576,30.254,-16.473,54.015,24.176,-33.687,0.035,6.707,5.199,-18.897,-14.253,-3.963
35.741,-29.516,-19.138,43.611,33.684,-44.803,-0.247,-19.97,-31.357,-0.232,-13.456,2.965
34.758,-40.838,-97.649,72.537,10.459,35.442,4.03,-46.825,5.72,-39.342,-8.687,-0.237
33.396,-39.127,1.445,27.537,2.994,80.958,10.343,-12.555,-30.601,-41.852,-28.84,-2.037
29.64,-143.164,17.924,-80.635,41.673,-34.493,-9.298,37.799,-0.77,-13.125,17.914,-0.172
41.868,42.751,-18.547,74.298,-10.629,-13.73,14.795,-3.618,-14.771,-24.976,-40.382,18.461
37.351,124.321,-102.379,45.388,40.776,-27.733,-5.062,2.977,-8.377,1.343,-26.876,6.389
38.742,128.093,30.362,-145.057,49.134,24.325,53.188,-120.36,-17.601,19.851,-24.111,3.091
41.595,23.833,33.671,56.321,44.571,-32.675,11.664,10.159,2.292,-17.877,-11.812,14.434
38.667,-42.599,3.049,0.633,64.725,29.08,31.504,5.245,3.44,-8.666,-92.219,15.575
30.269,25.542,-53.81,-49.361,20.871,49.446,3.998,-34.76,14.313,-52.731,-87.403,10.469
33.258,4.268,-55.328,-35.761,14.57,110.17,19.098,-48.117,3.98,-12.766,-75.673,8.919
31.754,50.845,-79.036,-56.884,31.728,60.515,-10.427,-50.456,-10.539,16.987,-20.299,7.262
36.872,2.917,-40.48,-50.868,12.96,132.995,27.661,-24.307,-4.746,-14.056,-15.993,0.076
38.887,-12.281,15.66,-125.033,25.159,-40.574,-41.188,34.354,3.173,-3.673,21.812,-1.716
46.23,96.271,-1.338,-57.53,42.771,-14.984,-83.335,-12.934,21.813,7.729,4.92,-20.352
46.291,59.979,-33.213,-5.511,11.667,-36.944,-60.675,-14.037,21.135,3.613,-29.975,-17.351
39.972,21.892,-18.457,2.52,20.786,-21.466,-48.487,14.741,28.712,1.317,-20.919,10.865
40.646,49.71,-96.804,55.309,-0.087,-40.201,-45.678,-19.81,10.823,-14.921,-33.45,16.719
35.461,27.709,-25.188,-35.757,17.376,34.744,-33.021,5.843,-5.025,-5.576,-42.845,22.717
29.068,33.867,3.04,-125.109,17.932,38.076,18.693,-59.901,-21.04,15.464,-62.234,-0.948
37.99,2.694,7.701,-88.352,19.284,37.987,-14.145,6.252,16.243,-3.056,1.617,-24.818
41.166,9.826,-13.376,-22.896,26.44,-30.061,-69.129,-2.763,40.481,1.331,-0.548,-21.567
45.328,21.182,-36.47,58.075,37.832,-23.584,-34.771,-4.385,22.072,-11.705,-39.402,-21.969
42.954,34.544,56.146,-104.189,67.16,6.773,5.763,-3.462,-22.315,13.913,13.439,3.864
48.291,128.004,91.893,18.387,44.742,-44.77,56.643,5.777,-20.48,-5.326,-4.576,27.994
49.02,100.647,65.071,26.024,32.909,-28.204,44.94,-1.804,-27.163,7.731,-5.351,28.941
43.238,76.775,22.1,85.704,32.177,1.511,7.817,3.497,4.905,-15.428,-79.586,5.663
42.314,39.048,19.763,-54.49,56.903,79.509,-2.158,34.121,18.644,-6.351,5.644,-7.583
43.993,-4.597,43.21,19.938,34.27,4.453,6.296,5.6,-0.839,-5.258,-23.304,-4.098
38.683,-0.639,-46.008,41.258,13.954,13.349,-24.047,-16.639,-6.91,-3.766,-16.619,-3.567
39.352,43.92,-67.942,31.311,24.054,-28.966,-46.072,82.269,-3.937,23.399,-6.431,3.543
36.374,72.637,-125.174,135.037,5.288,43.439,-20.5,30.427,13.142,-27.82,-38.165,10.064
36.347,44.531,33.501,-210.474,53.134,77.309,3.399,-8.057,-23.82,42.852,-1.896,2.976
45.754,46.503,20.28,-54.663,27.158,-28.209,-80.855,-10.189,2.121,3.602,9.086,-14.929
47.423,56.861,36.296,-14.975,50.255,-32.927,-30.312,7.589,-35.831,-6.883,-4.681,9.262
47.204,47.076,10.047,-22.82,37.523,-33.027,-20.649,-1.493,-29.777,-2.803,0.169,2.049
46.013,35.719,23.866,8.989,41.899,-32.744,-38.748,-7.493,-21.728,-10.233,-3.404,9.799
44.224,2.426,26.207,-27.492,58.778,-17.479,-27.105,1.284,-16.682,-3.651,2.506,20.381
45.975,16.597,31.135,-17.803,54.377,-26.495,-37.612,2.111,-8.832,-5.25,-0.638,9.947
43.656,8.437,5.568,48.403,61.194,-13.691,-21.036,-15.058,-11.404,-19.96,-46.514,10.095
38.502,-22.867,106.355,-95.645,66.542,-9.014,30.496,29.965,-31.095,-15.1,8.831,20.903
42.457,-28.616,17.568,5.491,61.337,-29.972,-8.179,-19.095,-26.058,-3.819,-21.643,23.713
39.328,-55.197,41.132,25.079,8.656,-36.997,-10.865,-2.022,-26.49,8.628,13.523,-0.078
38.859,-36.374,60.342,10.411,-4.531,-19.218,-6.745,-4.898,-49.705,-9.949,10.483,9.648
41.449,-32.45,22.655,48.23,-7.527,-49.604,17.913,-20.206,-39.015,6.462,-13.977,7.031
39.407,-17.178,25.433,13.573,34.772,46.866,10.207,1.52,-7.653,-65.626,-27.905,4.212
34.279,-43.286,75.262,-18.734,14.801,4.525,19.313,-14.216,-44.366,-52.559,-10.007,16.73
40.812,31.086,16.539,-21.153,21.144,44.236,15.738,38.891,-12.163,-63.609,-7.298,21.359
40.742,41.574,-18.341,49.755,30.502,-30.593,-8.565,-12.598,-19.347,-32.273,-14.813,31.451
37.662,122.105,14.28,50.842,88.671,-33.483,-16.061,-17.939,-41.506,-21.774,-13.525,37.515
37.102,-41.784,-38.264,65.279,15.796,28.429,37.928,-60.341,-6.405,3.213,-8.173,11.5
39.462,19.564,21.169,27.834,13.989,-5.867,-17.123,-33.673,4.47,2.395,-32.498,8.125
39.89,26.225,25.514,15.218,12.084,-7.059,2.934,-40.115,-0.589,10.173,-21.323,-7.37
41.43,-1.606,-45.194,93.338,25.912,-20.173,-11.25,-68.51,1.069,-28.121,-11.282,-1.558
36.932,-58.704,-27.38,60.354,23.984,-15.633,-32.174,-52.504,-24.889,1.724,-25.672,2.584
37.417,-69.348,1.943,-28.193,18.514,82.04,29.412,-25.706,9.379,-46.885,-22.971,-11.102
39.367,-54.082,5.007,46.535,51.369,15.145,-18.471,-11.865,9.704,-15.812,-27.853,-18.363
38.611,17.591,-20.509,-22.173,55.042,17.279,-9.738,8.599,36.51,-49.634,7.181,-14.013
40.407,-10.633,-80.975,95.556,32.39,-36.543,-28.83,-74.13,7.947,-17.198,-46.306,10.95
36.568,41.421,-108.989,-4.731,81.234,11.854,-36.283,-30.678,15.583,-36.36,-5.882,-3.361
42.351,29.525,-7.312,-61.996,31.919,28.284,-11.46,-30.3,-2.257,42.389,27.372,-10.633
45.289,34.855,36.833,-9.048,88.595,-40.037,-10.246,11.236,12.546,-10.81,-8.33,6.442
40.642,-4.61,-66.442,128.429,56.442,-43.147,-13.89,-17.275,9.024,-12.709,-63.503,17.79
36.312,3.428,-36.095,-63.892,4.858,20.18,-34.475,15.026,-9.31,-7.4,15.194,-20.901
38.264,7.165,-65.099,24.745,-12.747,-50.933,-38.674,-7.31,-13.266,14.828,-2.694,-10.51
30.697,-27.039,-59.257,20.882,14.646,-33.57,-40.987,-44.364,-20.118,-5.312,-25.358,-14.593
39.39,-8.988,-75.396,65.236,12.181,-29.686,10.989,-75.45,8.618,-14.619,-21.415,6.281
33.95,-62.504,-6.7,64.667,24.798,-22.359,43.307,-39.765,5.632,-5.272,-4.393,-5.989
38.117,-37.62,-47.388,120.938,-18.594,-29.775,21.282,-37.619,-19.294,27.572,-6.008,0.13
30.641,-146.04,54.541,-6.32,10.657,-30.518,66.744,5.696,-2.3,4.799,-8.575,10.234
34.067,-60.24,32.392,45.721,31.77,-18.382,64.648,-13.27,4.798,-29.662,-3.153,5.413
32.31,-100.953,31.515,45.185,-7.703,-71.237,32.801,-28.541,-31.385,11.579,-6.583,13.755
33.674,-43.706,-33.336,5.422,32.036,51.766,32.294,35.455,20.425,-70.445,-70.647,15.094
33.705,-32.445,-81.132,100.737,26.396,-36.493,-5.776,-22.97,-21.53,9.548,-8.772,31.26
37.4,-26.379,-61.985,9.035,10.32,18.017,33.797,-14.277,-1.109,36.069,45.3,-1.84
40.857,13.529,39.482,-47.579,43.281,0.373,23.685,25.74,18.169,-23.074,3.686,22.77
43.464,94.051,-10.266,20.173,56.181,-37.108,-46.902,58.173,12.329,-8.519,0.242,2.13
46.037,42.799,2.216,-20.006,31.042,-22.604,-3.461,-23.097,0.358,12.544,-12.183,-16.328
37.026,-9.945,-15.15,78.016,49.701,11.201,-36.845,-20.501,4.57,-14.999,-66.181,11.278
39.901,0.529,32.367,-81.325,59.453,81.261,50.543,-15.38,0.394,10.935,15.27,-19.168
43.878,-31.255,83.673,2.2,86.085,-44.652,48.288,10.42,-1.425,3.57,-2.844,17.121
40.368,-1.792,-66.101,164.203,53.508,-37.834,8.509,5.429,16.078,-41.081,-36.072,19.895
37.963,-12.592,-23.891,-33.6,25.508,35.482,-12.032,3.511,21.593,4.984,49.932,-11.735
36.771,6.294,-72.782,69.076,3.895,-59.395,-16.027,-28.222,-7.61,-4.326,-18.555,-0.868
28.567,-27.216,20.621,-43.748,54.952,9.636,7.393,6.782,-0.155,2.696,-59.983,11.595
36.904,27.372,79.656,-178.322,83.117,51.696,39.036,-38.478,14.99,0.351,1.267,-5.227
44.781,14.64,92.391,17.66,25.293,-37.504,40.207,14.333,13.15,6.701,8.214,-21.294
44.933,9.942,94.571,25.514,35.965,-55.801,32.962,3.522,4.495,15.561,-0.295,-24.171
46.533,24.221,18.859,40.069,22.029,-35.731,35.722,-3.954,4.765,-15.987,7.961,0.357
40.907,6.496,58.734,58.617,25.395,-38.144,22.215,11.447,-15.123,5.961,-14.386,11.383
38.714,-40.324,-26.24,33.263,32.324,5.868,30.559,-43.534,11.79,-24.617,-16.74,-3.266
34.786,-44.291,-0.046,77.714,34.699,-16.669,16.809,-59.74,-4.763,9.466,-7.601,-3.762
38.278,-13.296,-62.304,81.918,37.316,21.957,9.733,-46.478,6.216,-14.615,-28.712,-5.106
39.771,119.525,-39.808,-55.281,83.931,-13.479,-44.796,45.623,44.188,4.23,30.633,-19.079
45.235,2.16,-8.892,-5.351,48.685,-40.134,-11.959,3.713,11.63,20.029,0.996,-6.917
38.34,12.61,-103.649,88.0,23.691,2.746,-26.047,-15.021,13.168,-37.422,-35.087,9.883
34.699,-26.1,-19.49,-109.239,45.603,37.23,-20.567,-3.375,-4.256,4.049,-3.67,-10.376
39.309,-18.295,-30.656,-54.52,33.685,-29.833,-45.502,-2.93,-5.022,-8.112,-5.665,-24.625
39.996,-0.262,-69.689,47.705,3.505,-17.191,-21.497,-14.902,-27.733,-16.616,7.086,-20.938
31.443,-36.015,-72.425,-8.372,26.99,-23.331,-27.153,-25.766,-10.605,-19.73,-12.102,2.929
32.924,-27.236,-13.511,-149.722,25.792,26.095,-9.764,14.521,8.93,-10.044,-37.656,-9.618
36.773,-21.772,3.219,-21.672,45.734,-49.369,15.392,-7.475,-2.931,2.927,1.725,10.281
37.417,-15.682,17.295,-13.712,69.385,-61.614,0.156,25.084,-18.499,-17.531,3.238,-9.964
39.334,-1.444,-41.974,65.69,13.47,-60.369,16.585,-16.979,-14.411,0.418,-7.769,-6.919
33.041,-83.784,-8.574,57.485,17.248,-29.266,16.021,-25.225,-6.458,17.708,-3.335,11.988
36.765,1.913,-117.743,127.836,26.044,16.149,2.226,-37.575,14.021,-27.821,-11.409,9.128
37.281,-11.195,-35.624,-45.774,33.708,49.658,-9.076,5.241,-2.077,8.879,11.967,-10.051
40.027,-12.295,-58.101,52.836,-5.237,-71.122,14.536,-32.617,-26.33,-1.478,-21.77,15.851
35.129,-77.954,64.081,-7.657,-33.912,-29.868,68.301,34.916,-33.327,-14.201,4.749,11.394
39.866,54.04,-29.642,-39.065,37.711,-43.047,-19.333,-29.211,-37.432,33.03,-7.22,26.091
38.936,8.217,-22.183,-0.834,52.373,-28.81,-23.357,19.01,-23.112,-25.146,-32.481,18.826
46.073,19.658,8.149,43.596,30.164,-5.136,36.262,-21.113,-14.975,-0.077,-3.75,16.347
41.366,11.069,10.895,44.818,72.2,1.02,-24.545,-1.648,24.312,-4.735,-13.008,-3.676
36.563,150.869,-21.27,-21.975,148.634,-55.773,3.724,39.779,-33.997,-32.685,4.432,17.064
41.81,93.989,4.151,-46.075,34.883,39.653,28.158,-37.412,-30.176,43.687,-41.62,-27.047
46.286,17.628,66.927,-21.876,58.37,-22.794,-16.455,-0.732,13.86,3.541,2.208,-54.084
46.621,23.228,29.213,38.291,65.288,-11.163,-20.846,1.059,14.123,-1.529,-37.674,-43.829
39.767,-3.108,-10.985,-27.161,20.699,-14.471,-11.939,-12.668,0.49,39.091,23.125,-11.785
40.229,10.986,-26.047,16.765,24.401,-10.583,-33.937,-18.038,15.528,-8.47,-36.633,-10.95
33.698,-19.496,18.369,-81.73,45.774,46.152,3.365,3.824,16.28,0.504,-49.856,9.631
34.411,-84.162,88.177,14.078,86.209,-35.445,32.275,-9.078,14.668,-0.107,-4.064,6.744
42.98,4.315,90.833,-78.12,78.445,42.562,33.788,-4.388,16.685,-21.587,-1.872,-7.013
47.061,21.265,82.672,20.953,18.483,-56.415,24.643,17.803,10.2,-4.251,-7.978,-31.127
44.828,24.406,71.292,13.262,31.127,-36.281,5.804,11.955,-14.117,-0.925,-3.429,-9.229
44.617,11.094,53.961,4.741,34.584,-20.691,29.125,8.678,-4.643,-6.202,-10.377,9.645
41.519,5.681,87.907,-5.919,31.328,-33.929,25.881,18.407,-17.665,0.462,5.621,24.868
43.432,30.577,-26.864,57.087,7.286,-10.529,3.781,-8.575,-10.637,-25.703,-15.587,7.635
37.181,-29.406,19.949,36.145,16.442,18.66,12.859,-2.598,-38.708,14.002,-23.1,12.317
40.865,59.345,-77.362,45.232,13.556,11.58,-23.009,8.551,4.014,-13.212,-10.771,6.611
32.388,-5.52,-74.933,18.184,19.513,-53.267,-22.349,-36.235,-7.316,5.248,3.229,9.145
38.793,194.902,-64.771,-50.51,38.165,-44.304,-26.831,65.41,9.226,22.678,16.989,-1.46
46.572,91.512,31.312,-8.408,22.905,38.887,5.923,-43.871,-37.781,93.129,-5.595,-11.222
42.097,22.09,38.065,38.172,63.84,8.366,15.212,17.2,-7.134,-24.933,-34.81,30.81
43.556,22.861,7.275,58.239,11.091,47.899,28.13,2.084,-16.663,-28.178,-25.963,-8.53
41.096,13.393,-28.707,51.894,13.945,10.005,-6.443,-11.847,-8.373,6.73,13.468,-10.164
37.358,-30.964,2.6,-8.181,33.479,-11.329,-19.725,7.107,-11.232,10.395,-35.389,5.504
38.265,72.832,-125.825,42.04,28.842,-7.629,-26.617,64.686,4.513,-1.691,26.408,-6.158
42.053,80.762,30.839,-74.025,76.853,40.173,47.055,-39.359,-40.778,87.481,9.564,2.249
46.025,11.397,45.626,35.786,5.629,-41.571,52.501,8.0,-12.203,3.534,-21.064,14.878
39.506,-12.663,26.147,36.958,28.661,-22.378,6.233,11.43,-5.035,-2.18,-31.535,0.129
40.024,32.898,-82.999,85.09,22.467,-37.846,-28.351,-26.984,3.998,-9.692,-16.581,-6.092
35.235,-21.44,-16.715,37.124,6.73,19.526,-21.688,13.128,-18.92,9.454,-29.949,-17.051
38.293,-39.88,-55.089,86.407,3.109,21.369,19.856,-50.768,-10.774,5.281,2.887,-2.209
38.34,-12.5,3.082,-2.066,13.855,61.59,-7.992,6.162,18.494,-38.677,-0.972,-23.203
37.656,32.928,0.672,-72.298,37.062,91.875,-2.677,14.583,-9.84,2.767,-50.202,17.237
46.506,38.331,61.521,-17.185,49.218,21.687,30.239,15.149,1.521,29.994,41.067,-31.588
48.922,114.716,114.392,15.922,52.974,-38.166,42.015,23.992,7.032,-11.512,2.974,-20.831
48.421,39.269,31.437,44.124,10.65,-47.983,26.394,-15.839,-29.82,23.022,-12.146,-4.412
44.357,9.463,56.209,67.042,5.727,-8.043,21.962,12.157,-22.751,-11.848,-42.694,-5.337
39.9,55.431,22.576,-134.959,46.8,35.156,-6.135,44.743,-4.883,-16.5,-32.399,-5.454
41.254,3.204,18.683,80.46,36.295,74.393,-0.242,-7.484,-16.468,12.761,-31.836,-13.739
40.29,30.189,-47.316,84.027,-11.262,-12.465,-22.638,-40.586,-38.157,13.826,-29.733,0.579
36.753,18.603,-15.967,20.946,20.211,85.135,-25.493,1.358,-28.789,-26.977,-56.1,-9.447
37.694,37.009,-115.194,123.106,-3.251,-40.42,-40.11,-28.506,4.675,-36.688,-57.885,7.458
35.711,-5.451,53.647,-236.041,59.764,57.489,20.608,-0.463,-19.644,-23.012,23.24,-9.66
46.25,3.582,64.989,2.855,62.521,-46.164,17.242,15.913,-23.369,-8.214,6.132,5.461
45.451,26.318,89.539,10.773,37.106,-32.815,40.457,5.232,-37.445,-10.507,-11.778,9.168
44.595,5.643,41.723,32.715,-14.026,-59.075,32.401,1.787,-41.4,2.081,-8.471,11.509
41.646,-30.619,61.065,42.882,24.791,-44.009,23.701,-13.478,-48.674,15.426,2.314,18.396
39.738,-53.045,71.397,5.433,9.902,-26.194,17.182,-2.469,-42.506,-13.869,-1.6,0.365
42.26,-25.371,76.837,-7.665,41.326,-13.804,29.715,8.711,-18.032,-15.441,2.315,10.545
44.923,13.199,99.49,-12.766,44.17,-23.439,21.486,16.897,-0.688,-10.555,1.216,4.751
44.703,-21.184,26.77,95.228,23.86,-32.441,14.489,-2.814,-14.161,-4.705,-43.724,-14.767
39.382,-40.231,102.325,-56.216,77.114,-1.913,19.475,25.526,-17.077,-7.666,11.533,17.323
42.079,-56.707,33.656,22.198,54.502,-72.313,33.634,-13.67,-21.427,3.448,-6.224,20.916
40.312,-28.824,49.705,99.966,15.386,-45.6,2.9,-56.315,-37.57,11.843,-2.12,11.068
38.114,-57.151,101.967,-31.496,44.635,-10.371,39.659,16.56,-10.228,-17.764,-5.736,13.092
36.951,-70.255,129.552,27.532,47.61,-34.477,-6.459,-0.488,-23.221,-5.474,5.962,-22.009
40.517,-12.595,16.317,50.346,40.317,28.694,13.329,-10.917,-0.682,-66.053,9.182,-1.263
35.824,-19.758,43.91,36.683,40.53,-13.573,21.053,-47.393,-40.637,-16.868,5.934,4.073
37.706,-10.752,56.561,-57.38,46.003,-12.62,-1.509,55.584,-15.447,-27.783,-20.126,17.145
38.68,48.392,-24.127,51.277,35.768,-37.355,2.866,-22.357,-2.816,-28.93,-2.231,23.874
41.564,29.235,-23.89,25.896,69.736,24.704,-26.697,-7.38,-16.016,-26.383,-23.367,4.507
43.322,34.32,27.233,-108.639,32.951,56.586,12.509,-14.869,-24.122,30.479,1.972,0.58
48.285,57.835,77.133,25.203,34.848,-23.276,36.705,10.636,5.723,-15.546,-5.084,1.35
47.364,16.957,102.341,12.45,27.734,-35.081,12.221,4.415,-24.487,-10.727,2.231,-18.675
44.279,11.973,12.611,98.665,24.711,-24.803,-1.769,-3.32,-6.264,-20.617,-46.675,4.314
40.491,27.453,55.202,-78.917,63.197,-18.521,1.024,-43.312,-20.454,23.19,-2.964,-3.007
42.729,-23.287,-20.714,31.721,39.79,-54.22,6.818,-5.336,-19.19,1.808,-9.877,12.943
40.466,15.376,4.018,-75.043,77.321,7.372,-1.663,31.06,-2.518,-34.011,-5.979,19.514
41.74,20.881,-52.646,76.819,20.613,-50.494,3.921,-47.765,0.387,-9.951,-31.814,11.222
39.57,-35.025,-2.248,-44.146,28.889,49.566,13.128,13.218,14.069,-35.337,-6.797,2.68
41.242,-25.938,-20.466,-9.862,29.309,-2.679,-25.124,-20.517,-7.199,-10.207,-3.069,6.351
43.059,-17.856,-25.937,-3.163,35.428,14.241,9.457,-14.913,17.117,-22.024,3.796,-1.544
42.18,-20.803,15.871,-22.044,77.902,-19.502,-3.882,9.585,14.637,-1.606,-3.55,17.692
42.68,-11.05,12.968,11.175,51.748,18.547,-30.607,-17.886,0.324,-5.923,-49.335,9.774
41.7,4.371,28.763,-124.598,25.797,52.358,-24.99,31.885,1.171,-41.346,0.611,0.582
43.488,-3.632,-7.292,28.118,40.861,8.45,-23.286,-16.048,-1.325,-9.207,-31.222,-16.184
41.768,-5.786,64.596,-101.015,37.008,33.397,13.393,4.656,-10.004,-27.578,-6.513,-24.393
42.416,48.286,-71.39,54.694,43.55,-9.404,-15.85,0.851,2.983,-24.564,-23.38,9.116
36.177,18.638,16.882,-49.04,50.522,2.854,-42.221,-2.937,-11.3,3.097,-14.353,-16.621
37.687,21.287,-25.005,-42.029,5.15,13.483,-27.136,-16.167,5.547,14.999,-69.062,-0.251
30.08,11.137,-17.808,-65.789,11.571,4.349,-29.392,-7.332,-8.527,17.56,-65.6,-6.778
36.66,12.309,-76.093,43.751,-21.767,60.849,9.076,-2.165,7.211,-6.185,16.693,-14.189
40.078,44.94,-72.17,3.095,36.577,0.304,-15.689,18.87,8.654,-22.431,-7.28,6.696
40.53,23.721,-71.071,86.601,25.506,-13.614,-24.83,-9.149,-15.725,-7.652,-22.79,7.16
36.76,49.581,-86.652,100.755,2.624,8.67,-15.103,38.792,-4.221,-11.915,10.406,-19.263
37.202,109.783,129.578,-72.641,51.453,39.903,43.469,-47.968,-51.131,20.852,-11.795,-9.773
34.028,14.109,77.094,-97.945,72.394,17.348,2.097,13.329,-18.304,-6.564,5.724,6.211
42.313,22.517,-0.118,7.382,1.134,18.782,-2.858,6.492,9.275,4.447,16.889,-16.994
43.233,93.814,-19.244,8.398,46.837,-24.756,-41.887,9.241,-20.029,2.867,-0.392,-8.649
40.523,44.885,-65.962,59.387,-17.169,-38.024,-23.513,-30.583,-13.564,-18.127,-25.167,-12.089
43.634,63.899,-26.31,60.267,63.841,-14.489,-27.7,9.373,-32.778,4.661,4.093,-11.343
38.996,50.85,-53.116,25.359,-5.686,4.407,-20.571,-7.755,4.838,25.447,-4.563,-3.449
39.869,69.276,-31.193,-54.455,69.448,35.961,-7.227,34.535,1.0,-23.797,7.154,-6.291
39.129,21.75,22.806,66.677,43.566,-82.39,-31.763,-11.93,-16.0,6.205,-5.085,-1.783
43.564,70.632,0.195,-0.536,10.269,57.137,-26.915,-9.063,-13.167,7.342,-19.642,-8.326
44.37,122.879,-22.685,54.483,35.181,70.212,-42.27,-5.808,-18.383,8.321,-44.236,-8.935
43.248,114.968,-9.886,-3.112,26.732,88.033,-17.266,9.063,-5.909,10.075,-52.572,-4.259
45.427,89.628,-21.544,67.603,30.087,26.424,-37.263,-17.228,4.048,12.065,-27.56,2.613
35.194,-20.066,-11.669,25.184,49.532,15.933,-0.429,5.232,7.482,-18.128,-43.44,-1.734
43.104,64.536,-36.21,10.083,40.316,58.396,-24.164,3.089,5.829,1.263,-19.4,-9.249
44.4,73.18,8.479,-34.806,34.927,102.775,-24.447,-11.974,-15.627,27.175,-10.484,-17.054
41.52,71.057,17.37,-57.953,30.147,1.317,-46.031,-13.29,-4.888,8.913,0.811,-13.424
45.263,65.183,34.384,-45.234,55.279,-13.588,-34.1,-6.232,5.516,-5.626,-5.535,-2.959
45.563,36.799,-14.567,20.441,13.86,-35.945,-23.083,0.983,7.951,1.503,-17.204,-11.495
44.335,47.803,13.535,52.34,66.776,-10.545,-4.383,5.544,-6.507,-29.743,-23.695,-3.13
45.279,53.072,11.339,32.045,7.068,-5.231,15.005,3.469,8.841,1.703,10.221,-1.72
43.964,41.796,10.872,59.947,50.978,-0.731,7.018,2.461,-10.381,-8.333,-13.163,-11.09
41.98,8.378,3.305,36.571,10.088,17.66,30.687,-15.646,4.925,30.233,7.868,-15.548
39.602,1.625,39.324,-51.03,56.543,12.951,17.083,31.077,12.333,-31.876,-19.469,-14.347
44.101,49.607,18.932,-11.391,38.487,38.957,2.649,-14.424,-0.447,1.502,-29.493,5.901
45.12,94.487,-11.713,73.468,47.941,55.65,-36.143,-16.104,-20.407,-6.862,-33.509,-14.424
44.416,100.396,-18.367,8.636,33.499,82.416,-19.125,13.722,-2.967,5.683,-43.294,-6.105
44.224,66.529,-23.364,73.209,25.126,26.799,-26.098,-22.817,-6.712,-1.245,-25.884,0.768
35.925,-22.399,-54.713,54.997,41.142,-24.229,-14.107,-10.733,-6.1,15.455,-14.702,12.18
39.141,36.793,10.894,-86.314,46.767,107.507,-3.18,6.319,3.949,-25.065,-38.089,-11.469
43.348,59.38,16.997,-84.875,49.126,93.905,-18.498,-3.328,-3.563,1.762,-3.11,-13.744
41.863,87.192,5.524,-45.43,46.117,10.708,-22.409,-27.148,-27.283,-9.273,7.263,-18.226
46.245,67.635,57.545,-18.098,58.21,-23.808,-20.377,-25.969,-4.899,3.117,2.77,-2.726
47.09,84.454,-15.225,11.4,46.693,-33.438,-10.167,-6.08,15.534,-3.762,-2.257,6.214
44.983,35.362,32.044,51.765,70.435,-37.373,1.435,-9.539,0.095,-13.626,-6.663,2.09
44.284,38.303,15.767,18.188,13.726,22.335,13.606,-7.79,5.324,-8.309,2.145,-3.067
44.358,48.765,29.259,49.583,69.996,4.166,-14.401,-3.649,-8.18,3.838,-35.906,-16.377
41.585,-10.634,6.584,48.458,27.862,15.928,43.27,-37.367,-1.933,35.295,2.715,4.948
41.623,45.151,0.223,26.966,93.061,-36.535,-8.747,-12.952,1.743,-15.996,-5.011,0.533
45.541,60.572,0.789,-33.319,29.256,36.577,-0.22,11.673,-7.949,13.574,-10.63,-1.902
43.701,74.603,-15.526,69.469,33.909,3.28,-32.285,-35.672,-2.112,-31.25,-44.781,15.588
42.9,84.295,1.956,1.334,70.623,82.15,-8.264,14.03,-1.67,-26.953,-51.195,4.225
44.757,64.694,-16.071,17.985,33.467,51.869,-15.485,16.005,2.882,-14.421,-49.911,2.355
43.797,72.999,-3.071,57.61,39.477,64.486,-15.65,-27.055,-0.707,16.156,-17.668,-8.377
34.706,-37.726,-49.569,74.007,26.044,-8.881,-25.964,-22.025,-7.758,-5.149,-0.887,2.481
41.945,63.686,-24.631,38.965,38.851,49.654,-18.248,5.913,3.243,12.198,-43.016,0.307
43.975,81.884,-7.437,-55.897,49.38,62.624,-26.145,-15.935,-3.934,29.754,-30.052,0.017
41.832,92.453,4.539,-56.868,45.713,13.301,-24.556,-15.827,-25.632,-0.407,12.731,-14.142
45.196,48.94,24.484,-44.933,71.396,-21.848,-36.384,-14.573,-8.335,0.85,-6.866,-7.674
45.176,22.753,-14.163,20.756,40.669,-32.74,-30.779,2.683,-14.205,-4.342,-22.12,-0.841
41.911,26.894,36.353,-72.315,62.178,3.965,-22.634,0.394,4.006,1.562,-22.069,4.23
44.411,44.004,5.91,22.739,3.22,21.702,5.859,5.834,4.755,7.767,21.12,-10.197
44.409,48.803,27.35,47.466,72.543,17.86,-12.831,17.366,9.388,-24.866,-12.931,-11.703
43.356,-2.366,7.142,63.266,2.512,-20.527,6.055,-21.887,2.977,27.805,-13.251,-13.437
41.364,3.433,21.15,-2.46,73.781,7.579,23.872,0.474,10.895,-48.492,11.301,5.986
44.393,28.309,-17.121,18.651,13.95,-9.739,-16.648,0.24,3.395,-0.866,0.255,-8.079
40.169,42.563,-65.518,47.157,87.762,-58.249,-39.723,-19.007,2.965,-12.788,-26.449,5.387
46.514,58.61,-6.667,23.067,6.844,-3.126,-4.99,6.902,11.7,-10.838,-24.853,-5.352
47.211,105.405,6.215,-32.359,6.292,36.371,-8.014,45.303,9.396,-21.67,55.571,-9.18
44.329,69.825,-9.129,42.816,19.101,-31.319,-17.594,-36.265,-1.019,1.458,-20.775,-3.097
45.27,75.967,36.977,-76.263,12.471,23.165,-2.439,50.931,-5.28,-21.182,16.632,-15.402
47.459,145.2,20.627,-5.774,-18.746,-36.533,-21.258,17.252,-15.691,-10.784,1.549,2.091
45.687,94.563,25.576,30.122,17.056,16.521,-12.906,-37.47,-15.451,11.376,-46.956,21.932
40.76,31.426,-29.266,34.228,48.372,-26.013,19.866,-37.057,-4.305,-45.718,-9.281,4.032
44.716,89.908,44.871,-93.954,0.58,32.489,4.685,52.748,-2.777,-9.162,37.713,-15.2
44.816,105.353,-16.397,93.335,1.457,-57.344,-31.998,-59.361,-4.71,-2.166,-29.144,-4.867
45.879,87.121,8.196,-19.465,20.591,66.841,-3.887,33.987,9.104,-36.925,-1.661,0.251
47.558,122.88,19.094,-18.149,-8.433,-14.241,-8.489,8.286,-3.114,8.465,1.426,3.3
48.102,125.365,51.667,-27.22,2.711,-13.586,-18.373,-4.306,-9.811,12.929,-2.162,-12.427
48.444,100.402,-1.171,36.923,5.35,-25.954,-31.117,-1.958,-7.232,0.49,-19.306,-0.154
40.756,41.351,4.999,14.817,51.53,-11.301,7.518,-16.938,8.183,-26.307,0.183,-17.124
47.416,109.395,10.303,-25.532,-23.758,-33.352,-12.809,1.101,2.571,-3.396,4.51,-10.971
43.685,82.815,-0.851,72.262,3.043,-44.716,-5.059,-59.057,-2.886,12.585,-22.362,9.524
45.933,61.472,7.889,-1.814,24.947,50.567,0.349,9.533,11.748,-27.465,-1.753,-5.467
46.226,99.318,11.569,21.487,-17.772,-3.941,-12.28,-11.152,-4.559,-7.355,-18.413,0.837
45.063,46.421,7.234,-17.737,23.164,16.131,-1.048,1.326,15.918,-9.973,21.781,4.7
47.012,75.974,16.203,-25.585,24.143,0.531,-29.975,-2.733,-4.815,8.612,-1.788,14.065
49.358,54.914,23.076,12.896,27.385,-36.22,7.379,16.429,-2.286,10.647,-1.538,0.9
48.106,70.629,80.768,8.302,23.862,-34.084,9.945,-5.722,-18.919,-7.085,-9.177,-12.165
45.092,36.314,47.954,62.418,26.296,-10.288,12.726,18.149,-13.071,-13.567,-65.825,7.032
38.581,28.438,20.876,-74.889,54.057,-21.445,39.106,-61.745,-16.705,-4.965,12.646,0.239
43.845,-3.243,56.418,19.181,44.548,-25.391,-6.976,-0.63,-4.193,8.081,-16.595,-31.746
44.024,-7.878,-32.537,11.531,39.722,-46.646,27.556,3.341,0.83,4.215,10.308,-3.572
41.286,-3.309,22.995,6.512,67.09,-24.225,14.552,3.955,-11.213,-0.188,-32.334,-8.985
40.292,-25.241,14.564,9.883,21.029,-19.777,1.312,-21.984,-24.887,7.307,-21.276,-0.979
37.515,-37.831,40.106,29.524,-2.608,-32.643,10.539,-3.653,-16.485,7.929,-11.828,-2.294
41.535,27.918,-30.797,78.972,55.033,22.987,2.309,-21.74,0.898,-17.736,8.16,6.661
38.404,-28.926,-31.825,16.037,33.248,56.933,-1.738,-19.758,6.575,-27.024,-33.251,12.561
40.874,-0.717,-36.526,-19.766,38.873,42.024,38.717,-7.445,22.098,-1.917,24.23,9.32
43.251,-16.89,19.477,12.176,63.152,-27.927,1.203,-0.185,26.097,-4.061,-3.16,18.78
41.616,-10.296,18.518,37.443,39.798,13.167,-15.477,-11.548,8.885,-10.552,-46.324,-11.298
44.795,53.767,-3.809,-55.657,30.966,59.778,-25.489,20.806,-4.23,-28.741,30.804,-1.41
42.712,-16.864,0.783,34.289,41.239,5.306,-16.366,-19.314,3.111,-12.692,-40.126,-27.687
43.481,10.121,31.101,-98.976,32.121,34.187,22.762,-12.545,6.278,0.169,-4.168,-31.568
46.617,30.992,103.753,22.268,51.23,-23.446,23.405,1.227,1.807,-8.953,-23.743,-40.011
41.137,-14.362,-57.422,86.797,6.955,-48.925,-1.872,-63.316,-0.703,-17.232,-36.049,-7.524
37.702,71.356,-22.651,-20.321,49.534,-16.203,-39.96,-35.965,-11.222,5.851,-26.029,-20.072
34.616,5.21,-24.543,-23.726,14.91,18.59,-32.66,0.739,4.737,10.696,-67.949,-1.013
32.588,4.137,-68.484,73.672,36.121,93.597,6.937,5.631,1.484,-6.432,-57.272,4.676
40.208,75.895,-74.926,33.372,-3.007,-13.25,-1.281,9.83,8.81,3.501,-9.108,3.599
39.579,57.457,-52.909,-3.395,24.743,17.519,-3.878,4.613,7.811,-6.893,-1.788,-1.417
39.665,27.208,-71.252,139.529,11.981,3.453,-13.98,-3.119,-14.98,-21.926,-47.135,9.336
32.063,33.659,-57.603,97.202,33.381,103.117,18.064,60.531,3.531,-2.485,-23.581,-14.217
35.844,50.285,122.205,-83.854,97.684,106.691,34.409,-5.002,-28.181,48.128,-42.829,0.395
32.601,-3.751,73.475,-60.322,76.652,9.417,6.204,4.103,-19.829,-6.314,14.061,2.31
38.035,5.649,16.928,-23.96,38.318,-7.771,1.84,-12.964,-10.286,-0.763,-26.574,5.128
38.245,-41.112,20.573,12.657,19.469,-45.884,-0.128,23.155,-2.737,0.352,-11.591,5.344
35.604,-14.414,-44.906,-16.965,33.011,-10.108,-41.492,1.791,12.694,-11.913,-47.851,2.411
29.921,-67.454,-96.108,82.098,-8.31,-28.128,-32.602,-37.49,-9.664,31.419,-8.746,-16.769
33.366,-45.685,-113.973,102.781,-8.988,-24.544,-8.085,-59.405,-5.63,18.694,-4.98,-7.826
26.429,-91.837,-56.657,-25.076,33.785,40.864,19.052,-3.43,6.654,-50.166,-41.879,-26.143
40.923,5.072,-50.368,55.873,12.901,-11.892,11.605,-49.69,4.973,-11.632,26.173,-3.185
34.63,-51.597,-19.834,88.031,10.416,-19.358,-17.347,-6.292,-4.675,16.747,-58.913,1.597
39.804,-15.906,9.982,-49.732,25.536,76.726,50.35,-23.567,1.973,6.377,48.788,-12.287
38.224,-75.655,1.919,76.264,0.655,-49.821,28.473,-22.585,-12.275,-8.031,-11.176,3.088
40.508,-14.393,-17.821,10.034,32.924,59.112,32.984,-10.883,19.875,-53.23,23.188,-7.665
37.164,-69.971,-36.107,93.567,23.003,28.317,9.034,-17.069,-8.273,-24.65,-28.132,-4.074
40.556,19.957,-26.251,9.898,8.865,22.422,27.359,-21.684,-4.027,-12.412,12.983,-22.878
37.424,-42.206,55.018,-5.487,7.952,-0.312,31.965,13.999,-29.793,-32.725,-37.3,0.973
43.212,49.209,-42.957,51.014,29.837,-14.426,-16.17,-1.925,1.966,-7.56,-16.694,12.875
39.918,39.135,-37.502,6.58,71.477,6.302,-1.451,-46.196,-22.976,17.325,-19.749,-0.152
42.935,3.087,20.862,-54.566,55.803,6.852,4.209,-20.626,6.819,8.171,15.957,-11.295
45.626,-17.924,56.168,-12.882,54.263,-37.008,-5.531,11.02,-22.042,-0.137,-0.213,9.395
41.623,-15.088,-57.952,94.506,56.275,-25.845,-14.279,-10.473,3.694,-32.873,-30.234,14.595
38.781,-25.148,-28.167,-37.902,11.63,-23.529,-29.42,2.212,-22.703,-1.162,8.337,-5.922
39.72,14.161,-26.928,-51.741,36.094,-18.171,-51.509,-17.815,11.18,-11.66,4.392,-6.327
40.934,8.127,-48.309,0.772,0.343,-73.158,-36.3,-9.141,2.683,12.757,-12.2,-8.388
38.283,33.589,-25.884,-39.519,25.593,-39.84,-55.044,-11.615,8.525,-3.594,4.595,-11.31
37.448,8.044,-29.424,7.714,38.105,-31.696,-37.566,-13.301,-1.485,-8.95,-18.609,-0.914
40.897,-10.676,-68.545,90.915,11.268,-13.21,19.421,-56.486,-0.398,-11.087,-40.118,19.972
33.123,-51.623,-30.382,25.704,20.824,25.915,41.968,-37.648,-5.031,-27.794,-5.125,9.075
34.308,-15.898,59.097,-5.211,-1.012,30.696,41.819,8.744,14.026,-44.359,26.837,3.966
35.909,-11.215,14.921,26.312,19.293,12.076,29.24,-39.332,10.437,-0.021,-53.34,7.914
34.09,-112.721,77.674,5.876,26.367,-21.559,78.415,36.505,9.172,-11.953,-23.892,8.058
32.79,-133.687,94.042,-1.892,12.381,-37.591,96.007,26.304,4.531,-7.406,4.266,6.792
36.392,-35.267,-6.541,28.562,29.227,40.022,45.076,42.69,26.387,-66.234,-68.044,13.228
33.401,-73.388,-39.547,-15.955,33.757,54.615,17.309,-7.414,8.898,-30.868,-41.53,12.943
36.254,-40.699,32.686,-150.485,24.308,-9.197,50.105,7.247,-0.048,-5.083,8.338,21.688
42.909,-8.829,27.002,10.82,37.287,-25.227,-4.465,14.402,-8.0,3.724,-14.117,16.588
41.847,-24.789,19.948,49.317,34.952,-2.739,-0.458,-10.495,-18.751,-21.41,-36.798,12.312
41.93,51.79,21.498,-111.629,43.988,10.448,44.385,-15.187,-14.441,-13.774,-9.628,9.418
46.284,6.491,45.581,-0.339,50.665,-18.424,-5.295,26.789,7.15,-13.627,-26.773,-9.162
42.858,13.074,15.087,54.019,67.017,14.531,-25.981,-26.573,1.909,-4.512,-48.404,9.672
38.54,-13.703,99.076,-120.685,39.515,-8.386,69.147,10.944,-9.602,-18.879,15.647,24.615
42.365,22.831,-25.987,139.656,56.093,-30.468,29.524,20.532,11.222,-29.332,-29.654,16.024
37.833,-6.589,12.83,-60.334,50.179,35.883,21.34,6.326,-4.053,25.129,-0.306,-20.779
40.895,24.821,-3.114,6.021,10.19,-27.493,-31.827,-17.581,19.691,3.898,-6.135,-21.479
37.497,-11.89,-47.926,59.737,17.909,-65.372,-2.652,-17.409,-8.153,1.666,-26.057,-7.281
35.615,5.076,-53.814,68.495,-8.141,-68.328,-9.227,-17.373,-11.22,14.817,-14.417,2.012
38.041,26.579,76.476,-178.35,70.943,63.918,21.021,-35.518,10.558,12.804,4.695,-8.481
47.347,19.275,85.236,23.157,29.223,-51.55,31.133,21.864,16.467,-2.993,0.282,-34.179
46.623,20.76,107.294,21.445,24.225,-38.894,18.919,3.779,4.791,5.955,1.673,-31.54
47.847,33.871,48.443,27.622,20.254,-35.242,33.69,1.454,-3.214,-12.4,5.295,-23.416
45.314,-12.522,17.323,48.304,25.249,-44.086,43.235,-16.109,-2.972,2.713,-23.332,-8.518
40.353,-58.962,84.709,19.719,70.456,-42.007,48.78,20.023,18.42,0.959,-10.144,-7.615
39.481,-67.974,61.021,91.168,42.254,-46.439,70.141,-18.201,-14.281,19.177,-18.011,21.248
38.338,-58.236,64.775,55.587,32.037,-32.671,56.146,1.169,0.512,35.411,-10.524,11.074
40.289,-13.283,-33.973,95.375,14.021,-47.383,47.084,-57.592,7.454,-13.944,-21.484,3.408
38.514,71.288,-34.825,23.247,56.29,-35.931,39.483,-14.705,5.839,5.888,-29.93,4.718
40.302,80.197,24.461,-100.335,54.223,-3.789,30.818,-56.624,-10.057,25.733,-4.386,-0.539
45.913,58.246,39.855,-6.798,61.818,-46.219,0.202,2.081,10.018,5.23,-9.883,-9.61
43.251,24.657,-25.007,74.904,30.464,-24.087,9.664,-4.953,1.027,-9.845,-21.646,-5.87
39.716,17.003,-34.427,-52.41,15.355,-20.375,-47.173,-9.291,17.197,3.883,20.529,-15.093
41.246,33.328,-18.383,-40.18,8.839,-31.033,-57.317,-21.315,1.951,-1.565,2.897,-14.079
41.93,26.804,-35.506,18.184,12.392,-38.182,-7.856,-0.537,-15.142,12.835,-9.121,-12.824
35.657,-17.593,-54.085,35.192,41.512,-48.072,-5.007,-16.799,-15.568,4.743,-14.583,12.42
39.602,-0.191,-39.501,-16.279,21.931,63.163,15.264,-1.714,2.993,-15.874,2.716,-9.649
40.751,-19.813,-11.131,0.25,9.06,-75.398,19.483,-8.913,-7.582,30.385,-6.693,15.721
40.487,-15.41,65.059,-15.995,55.296,-37.8,31.049,26.497,-10.011,-3.572,14.058,-3.458
42.114,-25.363,-6.852,73.266,24.758,-74.173,48.477,-20.697,-6.02,15.744,-14.834,13.494
34.058,-48.731,11.304,63.404,30.77,-73.768,38.047,-25.568,1.329,32.841,-26.442,17.29
33.744,-53.049,-1.083,-22.95,40.926,46.245,51.572,46.241,17.298,-56.855,-84.647,18.581
34.991,9.99,-6.848,-24.318,34.088,45.888,28.427,-10.09,18.946,-18.929,7.077,-19.033
36.107,90.64,-92.081,-70.716,101.41,-50.287,35.559,13.769,4.932,-14.882,-7.396,13.502
42.274,0.059,3.483,57.813,4.329,37.078,38.682,-16.78,-11.643,-3.609,-22.779,-6.914
37.569,-13.597,45.33,-19.123,30.45,6.071,39.59,14.477,-29.288,-8.579,-45.27,6.598
41.911,-33.841,-7.591,45.442,45.618,64.882,30.884,-10.154,8.269,-25.259,-33.59,4.355
41.534,4.233,1.093,35.412,66.53,49.171,-16.791,6.237,-15.089,-40.217,-39.303,4.376
41.787,48.388,-13.189,-66.152,10.089,29.667,2.822,-29.242,-41.725,11.384,-20.529,10.64
43.481,15.321,10.772,-16.02,24.659,-25.239,-18.951,8.397,-69.352,-25.162,8.253,-1.454
43.891,50.0,17.425,-10.094,45.69,-25.808,-12.891,6.793,-19.266,-9.263,-16.932,43.982
41.965,4.157,18.16,-10.964,18.22,-9.643,-0.216,-3.456,-12.665,16.492,-9.324,-5.355
42.039,16.758,29.216,-3.105,16.05,-28.283,-21.546,-14.762,-5.292,-9.018,2.153,-15.164
39.194,17.107,-36.013,65.93,21.698,-64.2,4.434,-15.85,-4.227,-7.146,-18.623,1.722
34.695,-12.921,-0.139,52.849,18.477,56.073,29.997,-16.823,-12.245,-28.514,-23.486,5.691
38.928,33.673,106.639,-138.867,60.0,38.79,42.897,-15.67,-13.393,5.708,7.58,-1.616
47.218,26.631,91.232,14.275,42.227,-35.713,34.54,9.65,14.519,0.123,7.302,-29.35
46.008,16.77,97.642,11.742,55.255,-43.608,21.197,14.657,0.463,12.604,3.338,-21.566
47.882,30.438,57.073,25.438,32.563,-14.23,20.582,0.436,0.972,-1.385,10.964,-26.884
46.975,24.111,-1.158,61.376,42.255,-47.397,13.805,-29.487,3.945,-13.808,-21.811,-8.811
38.637,-34.595,-3.252,58.942,52.873,-45.49,4.316,-26.882,-15.548,2.102,-25.681,-8.505
40.086,-9.256,-42.776,37.843,45.807,40.078,1.486,-22.306,30.855,-42.717,-6.557,-20.218
38.872,97.373,-41.101,8.524,90.872,-39.387,-20.796,-22.776,12.3,6.747,-29.076,-9.044
40.462,-4.336,52.638,-56.819,71.828,-20.436,31.548,33.405,4.227,-2.302,-29.412,-5.374
44.091,31.621,-19.845,51.272,32.035,16.708,8.768,13.683,11.239,0.756,-45.751,-4.5
39.686,19.073,-75.726,47.837,30.998,-51.151,5.73,-9.434,-7.447,18.663,-23.489,2.868
34.069,-60.802,-46.014,86.709,24.859,24.291,-7.008,-27.925,-33.82,30.616,-28.565,-4.304
39.297,15.809,-87.314,16.964,35.534,108.405,17.509,2.49,16.048,-23.03,24.277,-4.842
32.919,-81.907,1.007,-19.191,14.205,-41.304,0.057,25.824,-26.417,-7.998,6.135,22.473
44.852,40.458,19.651,-59.091,69.616,45.43,10.566,-26.45,-15.723,-4.919,22.552,-24.052
46.588,34.156,123.36,10.488,42.186,-32.728,39.693,32.336,-16.953,-16.847,-4.246,-28.789
44.277,-5.965,5.912,101.089,9.974,-41.405,30.736,8.726,-13.445,-13.748,-59.242,-10.104
41.292,51.583,-70.35,86.54,10.772,-20.015,-21.24,-6.055,2.022,-27.053,-31.75,6.119
32.224,-60.31,-32.533,-42.927,34.705,-11.797,18.824,-4.705,-13.12,-12.386,-34.604,12.469
36.173,-19.526,-81.74,81.876,13.905,55.527,28.169,-49.585,-9.048,-10.215,-2.8,1.666
36.967,-49.365,-19.554,29.156,35.406,50.839,17.447,23.242,17.114,-1.807,-3.31,-2.121
43.552,26.225,-46.233,9.022,26.379,10.661,-19.257,-13.128,4.953,-9.298,23.509,-0.222
46.493,40.72,66.713,-52.975,61.326,52.291,8.039,14.928,11.56,-28.119,12.737,-37.831
49.958,91.384,94.49,5.862,24.231,-32.855,1.968,1.074,30.765,6.205,-1.418,-18.271
49.359,66.974,27.735,27.996,3.99,-38.106,-0.285,-6.11,33.562,15.321,-13.214,-4.631
46.338,83.14,49.822,5.955,9.834,-32.86,-37.982,-8.729,27.301,14.533,-7.309,-6.439
46.198,82.553,34.207,-5.654,17.073,-35.895,-35.985,-21.209,38.371,22.512,-2.005,-10.985
43.628,51.544,0.922,71.399,37.616,-41.692,-44.791,8.294,11.562,19.636,-25.016,-30.688
46.483,51.497,52.133,-14.918,49.788,45.861,20.597,13.371,13.303,20.406,-9.316,-33.581
40.487,4.502,4.887,32.953,42.931,24.919,19.325,9.95,-19.934,11.95,-41.644,1.123
39.765,-17.097,-58.479,49.628,8.601,-45.12,-8.394,-40.003,-6.803,20.991,-43.257,-0.644
34.645,4.867,-70.145,-5.569,38.023,38.554,-7.666,-29.688,17.994,-48.041,-51.838,12.954
35.414,46.858,-130.13,152.516,-14.569,-30.404,-34.386,-16.821,7.073,-27.955,-64.344,9.642
39.06,39.627,71.865,-145.387,47.563,64.51,47.413,-19.786,-59.342,12.878,1.628,-7.222
44.95,4.758,27.853,42.029,9.013,-55.453,44.034,-1.83,-30.273,-0.417,-22.35,-0.641
42.2,23.847,45.128,24.574,47.879,-39.919,39.101,-31.791,-25.391,11.145,-9.18,11.228
41.21,-23.558,71.237,-7.048,42.966,-25.747,35.623,13.353,-26.055,-15.74,3.019,5.499
43.461,-6.781,71.18,13.957,49.461,-45.948,16.363,2.543,-41.843,5.263,-1.185,5.342
42.019,-22.126,24.784,45.714,63.627,-11.406,25.215,-1.735,-27.135,-8.669,-49.806,0.346
41.928,-28.417,62.001,-23.182,74.584,21.894,40.155,-3.322,-12.485,-8.426,11.849,1.877
40.853,-8.483,8.553,34.313,86.114,-62.123,4.308,-26.371,-4.563,16.513,-11.714,7.167
36.27,-27.068,31.049,-9.457,57.087,-32.114,24.338,-10.364,-31.373,1.098,-25.338,-0.04
42.469,0.37,10.328,49.878,-5.751,-8.062,35.496,-32.121,-14.168,10.573,-1.936,-27.22
39.465,1.184,110.101,44.74,-0.713,4.303,41.135,11.144,-15.456,-21.5,-15.072,-18.264
39.89,23.379,155.897,17.83,40.17,-5.669,7.604,-9.617,-36.668,-8.645,3.553,-7.37
41.425,35.543,131.825,57.126,55.265,-35.963,-41.353,-40.477,-10.793,-1.256,-8.012,-23.629
42.382,24.572,59.813,-7.048,42.622,-0.349,-1.255,15.786,12.424,-25.267,-17.881,-2.308
43.695,46.313,23.777,-13.62,43.792,8.892,-29.828,-7.592,-11.327,-6.546,-14.726,6.1
43.593,65.548,-34.338,41.374,27.965,-29.779,-15.203,-21.537,2.28,-26.952,-21.18,9.642
39.153,15.501,-20.11,27.372,39.761,-42.581,-2.665,-18.483,1.815,-0.719,-1.658,3.828
41.083,42.519,-0.64,-7.551,49.528,57.061,-17.2,14.57,-18.573,-37.727,-25.631,7.896
44.616,56.229,27.491,-47.212,31.349,49.311,21.435,-15.258,-23.4,23.743,-8.532,2.947
44.353,13.372,78.995,-12.6,45.329,-25.597,16.084,8.893,-8.319,3.336,11.581,-6.072
45.997,46.25,26.52,23.915,41.965,-17.129,14.261,38.201,-2.167,5.272,-42.953,8.782
41.171,27.397,-4.964,110.166,26.367,6.151,-39.066,-49.831,-27.556,-30.644,-26.892,-3.057
40.91,20.56,68.15,-138.417,85.973,13.156,36.569,-24.539,3.081,-18.694,33.108,-17.33
45.91,20.832,29.419,87.839,36.328,-0.287,4.244,-21.555,-21.541,1.715,-80.26,11.636
38.088,-28.734,8.203,24.413,35.423,-50.409,-9.655,-12.226,-24.373,10.571,-5.871,22.688
41.351,8.759,-48.986,38.006,21.179,12.891,18.015,-30.121,16.931,-23.96,18.557,-0.706
40.479,36.63,-35.007,10.624,60.532,-5.031,-6.296,-27.916,-17.851,-7.312,-23.773,8.387
43.04,-3.005,0.206,-8.689,37.698,6.43,10.324,-31.847,0.476,35.058,12.759,6.45
40.754,-31.708,9.687,16.866,49.83,-0.193,-30.238,-18.893,5.655,-17.537,-57.193,2.317
41.229,14.362,18.986,-135.573,24.653,64.891,-17.75,49.067,14.237,-47.894,10.974,-17.9
43.616,-18.003,6.554,50.083,35.658,-17.81,-27.375,-13.775,5.669,0.419,-29.034,-20.756
42.878,-0.148,57.407,-94.239,46.153,27.857,16.237,12.285,-12.935,-16.933,-7.043,-27.036
44.969,13.365,76.327,49.055,38.462,-24.216,21.893,9.177,-23.823,-6.634,-30.903,-31.596
41.009,17.709,-48.283,36.064,44.743,-4.263,4.855,2.596,-0.673,-17.542,-9.793,5.79
38.868,46.887,10.516,-14.161,50.681,-16.96,-39.96,-19.374,-4.978,7.154,-10.698,-31.723
41.731,34.957,-38.588,-1.189,14.058,46.353,-15.37,-5.2,12.86,-1.541,-24.95,-15.055
34.056,32.875,-30.4,46.323,33.681,48.614,-40.601,4.458,4.784,-1.259,-87.373,-7.065
38.59,46.943,-75.709,34.89,-4.558,10.139,14.174,13.285,7.52,6.781,-4.364,4.224
41.279,60.541,-38.627,-42.581,25.262,22.699,-1.966,14.666,0.737,-1.333,21.782,5.908
40.193,29.18,-55.887,87.505,30.757,8.781,-20.616,27.917,12.159,-26.551,-81.394,4.191
26.758,62.978,0.81,-20.349,9.149,38.813,5.638,9.929,-37.756,-5.816,-73.01,6.411
35.101,63.244,122.569,-74.421,98.27,105.955,23.137,12.116,-19.872,22.828,-43.936,-7.894
31.678,-4.854,72.435,-50.544,74.466,6.465,2.695,5.304,-32.273,-0.057,3.281,-3.558
37.394,4.15,50.433,-43.669,62.869,-11.007,0.841,-13.006,-28.13,1.978,-9.342,-2.198
45.276,54.492,23.687,29.121,104.038,-18.429,9.625,-3.747,-13.336,-0.317,3.96,17.429
43.585,-3.714,-33.527,64.31,40.178,-49.743,17.564,-42.874,6.917,-8.115,-28.908,-0.013
43.025,54.685,-22.138,72.261,68.38,-18.098,-23.217,24.663,-21.364,-2.279,-17.776,-2.537
41.245,-8.244,-24.093,49.583,3.474,-25.264,28.448,-40.482,-5.382,31.175,-2.559,-1.623
42.476,52.228,-11.426,26.552,79.901,-43.195,3.944,-21.075,-11.607,-8.208,-7.842,0.804
45.199,59.891,-8.91,-9.323,30.931,33.227,11.835,1.757,1.248,2.628,-1.527,-9.953
42.849,32.219,8.22,105.385,31.122,-9.336,-11.229,-55.53,5.977,1.472,-30.724,-17.93
44.588,107.774,4.962,37.217,40.954,36.574,-7.158,18.638,-15.117,-5.52,-35.196,-11.7
42.939,81.972,-14.587,15.788,20.776,58.389,3.736,10.412,-11.716,8.014,-43.138,15.746
40.032,60.062,0.014,-0.312,32.439,85.141,16.624,-12.669,-5.521,6.645,-60.249,10.051
36.438,15.658,-67.728,86.534,43.139,29.469,-5.985,-25.745,4.609,3.251,-16.943,4.02
43.398,78.069,-17.642,-53.131,30.293,48.961,25.565,-1.041,13.572,20.358,40.101,-16.615
42.46,87.045,-13.434,55.45,57.227,-21.634,-11.2,-1.79,10.252,2.032,-67.441,25.577
36.504,48.57,20.095,-212.301,7.722,-7.907,4.163,-0.471,3.212,4.518,13.28,-12.637
43.725,66.114,13.731,85.454,33.456,-6.244,-30.385,-28.788,-10.112,-23.151,-69.877,19.571
40.849,103.763,-14.932,-19.795,44.213,-20.081,-17.909,-12.681,-7.594,-6.589,-8.002,-4.9
41.347,94.692,24.766,-17.179,40.603,-14.008,-25.762,0.748,-7.752,-10.9,0.758,20.109
40.689,36.641,-76.286,42.092,9.468,-71.537,-18.447,-1.317,12.512,-2.207,-20.743,19.813
40.321,31.959,25.851,-62.128,74.621,69.529,35.378,7.897,-2.642,-8.97,-33.551,4.509
44.358,46.036,12.668,22.789,29.45,-1.467,17.579,-0.182,20.844,12.825,4.24,-4.248
46.497,65.813,44.083,37.467,78.255,3.202,-9.795,8.392,-1.742,10.95,-34.34,-26.294
41.792,7.236,1.263,23.654,13.705,-6.318,23.772,-31.488,-1.924,36.087,15.587,-15.611
42.384,56.101,-0.092,15.092,87.194,-43.942,-12.706,0.012,-9.965,-6.812,2.351,0.999
43.257,63.433,22.925,-11.192,36.502,46.192,2.79,-20.945,-0.5,4.917,-28.293,-6.617
44.396,123.594,13.261,21.012,45.32,34.094,-18.854,-13.17,-1.12,-0.625,-24.789,-3.872
45.687,106.787,16.897,-48.983,22.48,16.427,3.237,5.637,-2.655,8.309,12.156,-8.527
39.13,48.727,-30.118,93.774,28.81,-22.833,-20.485,-34.821,-12.46,-18.484,-30.826,0.553
41.334,61.41,-28.781,27.048,31.434,74.605,-13.142,3.506,-5.142,-10.305,-29.499,3.152
32.359,-33.217,1.86,-17.642,44.462,21.331,3.282,-20.794,-6.424,-28.667,-48.989,17.811
44.655,98.306,-29.495,-32.993,28.599,20.485,9.549,17.656,30.625,14.427,29.485,-0.233
42.419,108.555,-34.41,88.674,52.403,-19.328,-15.936,-30.438,3.547,-11.552,-64.754,27.755
41.565,74.44,10.747,-89.431,41.314,75.467,-9.634,26.526,5.074,-14.2,-14.028,-3.745
39.06,92.193,-7.13,-58.736,74.24,3.365,-4.344,1.654,7.399,-14.793,9.76,-6.728
40.882,91.968,9.536,-21.913,58.77,-37.367,-10.057,-13.031,9.658,-1.406,-5.12,15.183
41.494,59.964,-20.907,-2.057,33.777,-27.73,1.535,12.47,15.843,12.539,-23.663,11.77
43.132,125.853,12.649,-35.351,54.833,-1.556,5.472,-6.994,17.255,-0.916,7.63,13.451
47.581,95.843,67.614,-12.193,47.928,-4.009,-7.644,15.706,-11.904,16.746,10.239,-15.736
45.35,56.053,-9.104,30.093,12.883,-61.845,6.136,-16.08,4.306,1.34,-15.402,-15.739
46.348,130.781,66.213,-35.443,34.582,14.006,-5.693,7.931,2.489,-23.277,-7.223,-21.506
47.733,114.279,53.33,25.471,55.848,-21.052,-22.553,-3.943,-7.597,-1.342,-14.247,-9.068
46.412,28.973,49.62,24.895,32.787,-23.647,11.191,-3.411,27.482,16.187,-0.638,-33.56
42.558,63.852,35.572,17.506,81.87,-30.672,9.183,1.928,-1.681,-18.123,-3.035,-15.569
42.617,48.955,14.012,7.828,19.371,9.743,4.969,5.278,4.871,4.88,-14.186,-10.936
41.044,84.447,19.215,-2.069,60.233,77.895,-5.146,1.556,17.506,-48.247,-19.035,-26.522
43.325,113.002,33.67,-52.746,26.807,33.696,-2.122,9.043,-7.676,24.335,15.384,-5.756
36.748,53.45,-40.902,64.288,26.648,-19.044,-38.517,-28.762,-10.605,-6.142,-22.92,6.768
39.75,58.596,-31.166,25.39,30.329,68.208,-0.716,-23.784,4.341,-1.892,-31.912,10.745
32.603,15.579,-64.515,72.564,34.937,21.66,-16.221,-32.338,-5.676,6.143,-32.797,13.46
36.252,81.761,31.303,-158.786,34.783,83.131,15.93,22.831,11.836,-45.409,1.329,-5.387
35.776,26.762,-62.534,109.699,13.267,-58.63,-23.516,-2.083,-12.128,-17.733,-13.883,6.664
34.539,83.08,44.492,-153.12,43.166,56.776,-0.329,-2.323,-7.982,-3.299,-38.962,-3.532
37.783,99.851,-14.516,-48.017,61.052,14.659,-10.273,-12.218,-21.401,-1.651,12.255,-14.118
39.556,107.83,44.684,-13.978,76.975,-17.66,-29.95,-16.204,2.672,-7.738,1.641,13.316
40.758,73.451,-16.308,-6.896,50.516,-22.367,-13.244,-0.395,6.369,12.886,-13.396,17.55
41.565,79.217,-0.547,4.416,51.646,-53.157,-10.295,5.609,10.147,-12.574,6.645,21.646
44.325,70.574,51.266,26.864,50.943,-4.207,1.116,13.118,-20.414,5.564,-12.018,-9.692
42.882,54.386,-10.745,66.109,23.679,8.449,-14.857,-9.764,-8.837,-9.104,12.614,-17.532
39.893,33.58,39.236,18.158,68.134,9.925,1.769,-5.69,-5.047,-2.416,-2.289,-5.422
37.488,14.345,70.704,42.001,63.59,-25.399,2.997,-0.456,1.652,-5.337,-9.412,9.119
38.149,-13.141,27.512,22.971,45.078,5.564,36.2,-10.277,0.776,7.636,3.643,2.893
38.921,51.949,8.411,4.449,61.015,-23.277,-29.28,-15.006,-4.99,9.596,-11.412,-0.967
38.928,46.669,-12.188,-1.671,26.96,30.665,-3.321,-4.301,0.932,-3.703,-21.266,-4.041
38.615,88.959,12.459,-15.545,39.739,54.283,-19.967,-0.628,-16.642,-15.956,-34.402,-9.644
32.084,-27.244,17.316,-6.789,39.091,-31.851,19.687,19.239,-16.006,12.564,5.288,29.304
37.147,61.165,-1.032,-30.574,25.697,42.547,-9.954,4.066,-9.882,-17.907,-31.034,-11.873
34.936,103.956,6.799,-55.553,30.278,68.588,-10.82,-8.841,-9.018,-5.36,-0.638,-5.533
36.702,28.854,-70.642,63.061,27.456,-50.656,-16.919,-49.976,9.145,-25.403,-28.925,3.208
37.635,113.983,31.549,-55.244,62.711,42.025,2.055,9.109,9.215,-0.479,14.413,-7.447
37.667,86.461,-4.695,14.056,26.593,-16.991,-0.047,16.474,-5.639,4.416,-28.372,5.162
30.838,49.257,-26.162,64.842,39.848,45.947,-20.121,-25.057,-17.904,-4.551,-43.357,-4.199
30.671,87.215,27.738,-160.305,40.927,73.746,-4.126,-13.397,-3.63,-22.661,-22.123,-0.035
33.258,53.063,17.93,-50.283,91.834,39.822,-12.431,3.517,-11.135,-27.756,14.08,-2.726
34.572,89.831,74.992,7.692,81.362,-20.461,-32.613,-21.483,-5.73,0.219,5.418,10.428
35.562,62.116,-29.147,14.658,46.416,-38.411,-23.895,11.095,6.125,7.966,19.24,8.919
33.643,44.915,13.031,53.966,76.689,-31.697,-2.873,-20.828,-14.463,-5.373,-6.458,11.437
35.754,3.558,-1.151,10.707,43.252,38.874,-1.816,-2.078,3.933,-5.226,4.629,2.673
36.648,55.568,53.2,15.39,43.303,31.933,5.857,-10.564,2.123,-11.756,9.275,-23.299
32.319,12.895,80.965,23.326,28.091,-9.16,7.235,3.903,5.826,-8.782,1.953,-40.261
32.511,43.428,20.73,41.226,54.657,-10.575,-23.393,-8.742,-1.225,-15.152,-30.299,-16.73
33.707,68.348,68.18,-44.451,31.736,15.988,15.65,-7.582,-4.905,16.757,-4.874,-28.094
36.209,80.362,36.926,56.108,35.287,14.315,13.701,-10.209,-7.408,-15.835,-39.953,-27.962
31.24,83.065,51.573,-104.212,49.214,19.832,-5.458,-1.121,-10.154,-2.922,-8.878,-11.999
27.738,57.773,-12.595,82.399,40.81,-17.767,-34.057,-7.062,-20.292,-18.124,-22.474,-5.016
21.846,-48.031,-40.12,-25.606,2.356,-59.893,-4.824,22.569,0.393,-6.596,6.726,-3.267
27.562,25.608,-3.509,-38.66,27.505,74.946,-1.447,-2.522,-3.784,-32.105,-51.932,2.868
21.082,0.349,-61.092,51.392,39.446,12.216,-4.75,-9.252,-5.343,2.536,-17.024,-12.124
30.971,102.554,9.886,-41.041,39.085,54.378,19.237,34.897,4.609,4.231,33.308,-8.931
25.155,41.506,-55.343,119.953,25.96,-49.067,-14.591,5.029,-0.912,-21.733,-34.518,-0.169
26.334,97.737,20.538,-78.337,46.12,81.996,-16.507,5.292,-9.85,19.011,-26.912,3.949
28.385,90.741,5.083,0.236,61.517,-55.6,-24.357,12.69,-15.535,-27.099,4.428,11.042
28.553,99.895,41.112,-32.458,57.09,-21.821,-16.133,-10.121,12.97,15.939,-4.032,7.493
30.607,106.612,6.365,-4.894,41.588,-11.564,-2.383,-20.047,0.217,7.205,-41.609,20.713
29.799,123.747,23.481,-17.628,47.74,-10.485,9.275,-3.158,9.582,-17.573,-8.889,14.104
27.947,38.261,11.294,66.089,74.882,-51.651,16.659,7.205,-5.611,-16.984,-24.119,6.906
27.497,29.986,-2.033,25.124,23.315,27.139,0.054,-15.881,9.512,16.893,-6.545,-11.256
27.536,40.528,64.812,1.698,80.938,2.935,-8.048,11.859,-12.178,1.911,-12.476,-13.301
25.464,-11.347,1.576,41.158,20.41,-26.119,18.774,-23.021,2.333,-1.256,5.288,0.606
23.074,28.706,8.052,35.541,75.254,-35.871,-4.571,1.354,-8.947,-30.975,-5.969,2.051
22.752,53.611,55.584,-55.334,53.692,19.355,17.921,7.867,2.753,-6.713,-16.044,6.441
24.945,121.521,49.401,-49.945,74.243,18.04,4.261,7.397,3.064,-0.483,19.449,9.26
26.541,95.087,-25.764,33.565,18.871,-41.535,6.512,10.641,-0.472,-17.83,-25.846,22.92
15.991,30.855,-32.999,54.183,57.194,-32.055,-26.878,10.573,-11.096,17.103,-10.689,9.376
11.042,-13.166,-71.701,-43.373,31.747,-69.135,-8.687,19.503,-13.307,-15.438,-1.981,-19.867
19.647,46.319,-35.266,16.667,28.613,33.827,-1.619,-0.105,-4.737,-0.897,12.451,-9.084
11.2,52.307,-75.039,41.037,33.789,-23.87,-19.446,26.5,-5.92,-2.32,-2.832,5.393
17.677,86.53,-10.053,-2.865,18.833,-23.305,-2.682,30.44,3.378,4.886,15.925,2.966
10.927,65.342,-39.284,64.032,38.873,-48.72,-34.271,46.836,-22.268,5.414,-20.4,4.703
12.915,97.415,-12.713,-31.181,28.954,48.38,-3.987,23.076,-8.211,31.505,17.117,-11.221
10.091,89.349,24.062,3.98,54.157,-48.434,-17.258,12.838,-24.03,-18.575,2.177,17.728
8.438,70.282,-42.745,-10.841,27.359,-62.05,-8.607,19.615,0.038,-5.884,-2.386,-4.114
6.799,69.981,15.634,17.923,93.479,-32.479,20.532,43.87,-0.425,14.605,-12.508,-5.201
3.957,111.799,-19.134,3.393,48.314,-47.711,1.719,45.322,-18.146,-8.414,-6.814,-11.273
