0.0,171.13,9.469,-28.48,57.491,-50.067,14.833,5.359,-27.228,0.973,-10.64,-7.228
31.638,36.061,144.741,65.166,25.673,-0.385,1.339,-16.488,-43.546,-2.339,17.438,0.216
32.375,84.664,136.803,33.309,10.306,-12.177,-26.944,12.456,-26.011,-21.089,15.687,-16.94
30.724,76.774,160.017,-5.654,15.627,4.954,-13.131,-8.233,-34.946,-12.097,-7.539,-18.651
33.005,117.568,133.517,54.832,-5.307,-34.484,-34.162,-23.054,-37.336,-9.535,-18.585,-13.917
32.106,23.209,157.723,56.497,35.685,-30.771,-35.147,-18.838,-61.278,-15.576,-10.384,12.587
31.726,41.885,133.133,24.216,20.659,-4.368,-34.757,17.18,-32.848,-28.129,-0.169,-4.139
34.172,139.325,140.972,51.492,-9.835,-17.786,-26.408,-24.29,-41.461,-2.818,-9.084,-22.41
33.352,71.178,160.059,58.201,20.756,-33.515,-16.011,6.139,-39.392,1.321,4.185,-5.978
38.324,163.236,114.363,23.966,25.109,-19.666,-7.272,0.403,-35.797,13.483,-8.163,-27.273
38.367,89.117,174.732,49.303,31.0,-43.359,-39.591,-4.164,-39.327,-13.096,1.413,-20.965
43.469,72.745,186.705,20.158,62.939,13.421,-14.781,-11.777,-24.342,0.51,-1.932,-6.952
44.537,54.92,126.53,48.468,59.461,-17.459,-33.244,9.818,1.527,-10.665,7.548,11.877
44.307,91.421,166.062,41.425,56.633,-11.463,-40.513,-15.038,-16.734,12.32,-13.743,-9.637
44.099,90.915,156.634,19.385,54.648,-1.01,-54.511,1.681,-13.25,-2.902,-4.661,-19.947
43.805,114.583,153.025,75.795,61.252,-20.249,-16.876,4.021,-0.153,35.291,-3.549,-3.187
41.666,82.804,172.38,19.083,42.848,-1.916,-39.454,-0.635,-27.989,-7.93,-3.903,-19.991
43.91,90.634,165.211,9.683,54.076,0.931,-30.093,-30.609,-21.046,9.331,-20.168,-3.975
44.537,74.869,147.406,53.326,52.596,-20.549,-44.885,32.581,-4.013,-13.733,15.651,-22.984
43.781,55.628,136.981,50.686,34.179,-12.164,-26.158,-6.18,-31.347,4.275,0.759,-1.262
44.954,87.54,154.52,55.368,56.856,-13.358,-5.21,15.542,4.386,-13.062,8.465,8.628
45.17,92.468,156.141,62.061,52.892,-35.344,-38.866,17.885,-20.554,0.142,5.22,2.87
43.055,99.658,153.684,77.853,51.532,-26.406,-33.866,-12.506,-9.783,17.192,-22.749,-20.931
41.077,118.481,182.868,5.966,46.118,-6.722,-31.938,-1.667,-23.885,2.951,-6.014,-11.234
41.288,114.072,175.06,53.743,48.214,-31.206,-24.231,-6.331,-23.136,6.203,-9.786,-5.141
42.207,111.435,161.843,21.807,53.39,13.593,-25.258,-0.015,-12.199,8.1,-13.433,-3.83
39.394,148.132,143.619,32.291,27.597,0.086,-40.545,-24.894,-15.559,-24.32,1.566,-7.506
42.906,92.287,160.014,59.299,31.728,-1.378,-13.571,29.879,-33.636,-0.199,0.489,-1.215
37.938,127.071,171.159,54.159,40.936,-17.393,-4.743,-20.917,-11.532,5.032,-14.956,-7.963
37.451,127.26,131.315,55.847,31.227,-21.573,-12.053,8.563,-38.991,-13.716,-9.306,-16.904
33.743,113.091,166.614,33.09,2.115,-31.988,-17.639,9.506,-38.922,-23.228,8.325,-16.041
39.01,108.258,168.144,23.787,21.621,47.271,-30.135,-25.955,-58.731,-9.146,-22.116,-19.435
43.276,23.47,168.64,34.947,73.316,7.311,-13.554,-34.155,-26.791,36.838,5.878,-2.723
43.981,8.097,136.345,47.782,71.632,-25.187,-42.36,51.633,0.843,-11.923,-0.501,0.551
42.337,45.412,168.595,48.348,61.255,14.168,-16.969,-18.761,-36.634,24.272,-10.204,-12.078
41.334,90.283,129.382,62.766,34.744,-3.865,-57.51,-0.575,-39.492,16.04,17.776,-19.497
38.304,96.704,147.379,-42.988,9.296,14.19,-36.759,-17.552,-49.337,0.709,-16.627,-4.07
39.926,95.575,85.477,25.933,-11.773,-16.542,-39.118,11.179,-39.67,-11.941,15.965,24.508
40.157,61.864,135.014,85.942,49.014,3.029,-52.858,26.901,-32.836,35.243,-14.06,-11.457
35.978,138.158,143.117,38.086,29.782,-19.371,-33.212,-31.466,-27.152,-12.912,13.26,14.981
36.284,112.452,169.244,50.058,44.618,-11.056,-32.273,1.659,-23.907,-28.525,-1.858,-3.558
35.18,134.313,161.521,18.246,1.601,-6.564,-21.078,-13.872,-51.843,-13.073,-7.517,3.393
42.085,3.811,158.928,-26.386,63.637,-4.575,-2.051,-28.254,-16.033,9.398,18.087,7.111
42.073,-25.138,119.137,113.871,79.909,-37.265,-7.635,24.428,8.667,-2.491,-8.139,15.074
42.425,70.846,116.754,54.859,33.788,39.285,-38.581,-1.137,-39.467,-5.882,-5.878,1.719
42.186,51.97,156.135,44.458,72.335,13.618,-41.344,7.054,-22.049,33.9,-22.898,-0.991
42.531,-39.528,160.75,18.898,89.275,28.392,1.087,6.758,-26.143,55.052,18.739,13.001
43.481,6.594,136.952,28.075,48.938,-17.85,-37.649,7.864,-28.793,-33.969,-24.562,20.831
42.222,14.395,140.354,45.52,46.594,-20.466,-9.272,48.569,-5.101,-17.348,-12.772,6.646
42.267,78.41,140.368,-11.475,15.208,24.564,-24.564,-49.472,-55.789,6.75,-3.32,2.519
44.215,-11.334,149.398,27.855,67.004,-24.728,-24.204,22.087,-9.288,-20.643,10.059,11.915
43.607,14.541,135.697,44.843,67.594,-47.831,-39.407,60.372,-7.397,13.832,19.491,0.556
42.441,32.366,97.418,52.682,54.84,1.576,-23.481,-24.922,-18.48,71.175,-27.003,15.463
43.629,68.115,118.757,31.343,43.98,-2.628,-54.296,20.219,-22.732,25.678,6.596,0.634
41.5,58.895,113.46,68.071,15.48,-7.253,-57.147,20.95,-45.54,-13.747,2.503,-12.451
38.965,118.332,174.05,25.576,30.28,8.154,-14.136,-6.429,-43.025,-4.734,9.705,0.093
39.461,132.796,155.692,46.1,22.158,6.665,-19.019,-3.528,-38.867,-17.812,-25.402,16.616
40.659,72.402,138.469,-10.602,22.54,36.17,-50.02,-19.704,-56.669,10.027,6.767,-13.598
42.194,81.623,109.664,23.876,14.455,-13.757,-79.229,-19.755,-34.215,-29.804,7.309,-20.652
40.452,53.195,155.679,20.406,53.371,-17.641,-53.111,-4.726,-30.682,12.343,-12.804,-21.8
42.605,52.569,113.593,29.623,47.313,-0.649,-32.287,-35.688,-32.09,74.565,-20.914,28.256
43.422,50.697,144.739,9.672,85.327,28.131,-28.423,-48.382,-13.531,38.018,-14.523,10.518
40.377,44.397,132.887,61.382,54.914,13.68,-25.267,24.017,-6.913,-9.132,6.306,-13.462
43.059,71.223,143.551,37.324,59.136,-9.441,-52.638,19.021,-13.225,-0.599,5.434,-4.278
44.709,57.449,139.761,23.128,45.229,-11.09,-42.317,-8.002,-31.699,-18.556,3.117,0.255
45.232,3.941,119.391,22.129,65.616,-15.811,-46.536,23.855,6.684,-18.544,11.19,-19.702
44.551,48.469,147.381,36.003,51.624,-10.994,-33.28,-17.964,-16.348,-11.091,-6.27,1.266
44.057,-27.875,189.527,38.159,118.397,-24.057,0.69,-8.618,-20.851,-9.507,8.546,16.25
44.08,49.716,163.533,50.862,59.3,-46.723,-44.918,-25.034,-20.378,-9.54,0.283,-14.162
43.277,59.846,121.494,18.118,4.998,-11.74,-58.273,-15.434,-58.955,-15.252,14.58,-5.43
42.729,14.883,148.251,33.561,58.455,-19.374,-39.249,20.493,-23.171,-1.258,-7.297,4.234
39.709,81.134,183.884,-25.414,49.192,11.333,7.952,-48.007,-30.082,17.165,-10.454,-0.653
41.546,58.806,127.157,-20.27,7.936,22.838,-34.907,-20.522,-37.041,-20.842,-18.717,-9.337
44.944,-55.523,116.945,8.613,58.984,-30.871,-26.647,-23.004,-4.708,25.156,-4.791,-13.276
44.924,-12.846,173.474,65.598,91.846,-47.048,-34.023,32.628,-0.751,-9.208,9.601,-14.794
44.534,19.418,183.212,50.81,73.041,-33.091,-35.712,37.097,-16.157,-7.948,2.155,-4.446
41.906,54.317,162.059,80.846,64.242,-29.967,-44.472,41.6,-1.234,0.711,-0.608,-16.672
39.446,75.321,78.781,-11.302,11.687,-22.53,15.78,15.355,-12.776,-16.356,-2.518,-10.631
41.411,64.059,1.897,-25.303,-0.874,-35.303,11.121,9.962,-20.502,10.012,-9.453,-12.843
43.063,47.627,56.243,-30.438,-32.855,-33.118,9.252,12.496,-2.103,6.125,-14.585,-17.631
45.73,48.918,50.928,-3.528,-1.226,-30.429,-0.895,10.847,26.597,-7.27,1.396,-18.287
46.461,5.387,63.552,49.037,-5.741,-59.691,1.652,16.123,5.914,24.946,-15.818,-38.266
45.802,-33.956,55.23,55.51,10.28,-52.848,12.698,22.445,19.243,13.689,-21.833,-35.902
46.317,35.241,61.302,-25.204,-5.709,10.938,14.889,44.934,23.828,6.53,-6.333,-35.334
45.665,22.15,45.478,47.856,-11.088,-44.024,21.255,-0.472,-7.988,19.589,-6.802,-3.738
45.407,-7.636,50.899,65.021,12.729,-35.325,20.92,25.941,8.253,29.731,-4.749,-6.792
44.43,85.009,35.007,11.827,-35.346,-27.846,-3.505,-32.968,4.248,11.846,-17.261,-14.018
47.147,34.783,84.449,9.479,8.287,13.843,36.068,-12.716,7.308,12.482,-30.442,-30.976
44.865,43.933,42.791,23.487,-10.128,-25.238,3.284,-16.236,-1.174,2.463,3.936,-9.828
45.383,0.79,94.56,-17.714,6.713,-10.016,44.718,-17.111,-8.141,18.648,-22.617,-14.581
47.42,53.705,89.612,25.457,-15.938,-15.078,32.552,32.806,-5.057,-24.917,-30.27,-9.953
45.158,-14.104,69.929,53.934,25.528,-57.864,21.702,3.569,23.997,17.935,-5.918,-23.564
43.443,50.729,53.743,-0.303,-24.572,-16.435,7.186,-16.832,-8.094,1.099,-14.735,-21.207
48.086,-10.42,94.24,7.195,29.456,-11.738,22.787,35.496,25.478,7.461,-0.284,-32.738
45.789,68.813,65.337,-29.584,-14.876,-32.623,13.163,9.414,14.068,15.78,-8.681,-1.617
47.525,63.845,83.457,-1.656,2.706,-27.568,29.707,-2.34,12.646,5.063,-2.837,-0.259
49.186,66.416,91.587,19.517,6.418,-44.156,27.858,18.426,17.355,20.71,-4.456,-7.434
48.99,61.599,78.113,24.806,13.24,-7.55,22.875,-10.432,24.439,-0.718,-24.761,-2.113
47.998,50.987,76.72,4.019,10.87,-23.9,-7.42,38.144,15.929,13.491,6.034,-16.016
46.774,56.724,81.089,-13.14,-11.797,-2.812,19.456,-21.556,-2.944,8.479,-17.947,-18.345
46.735,40.606,77.459,0.348,-3.941,-16.011,-5.634,13.423,4.127,4.178,-20.695,-33.45
46.883,25.239,62.419,41.471,7.95,-22.303,0.679,17.273,-7.113,31.836,-27.384,-12.818
45.034,65.88,48.984,-20.696,-28.984,-13.19,-1.075,-9.281,8.255,-3.442,-10.145,-25.638
47.759,32.523,79.55,46.06,7.672,-24.375,22.876,11.812,17.832,-2.667,-15.652,-32.234
46.397,4.501,78.856,21.719,3.769,-8.395,12.758,33.362,-1.779,23.413,-9.056,-40.521
46.727,11.526,63.118,48.611,11.191,-33.113,27.443,19.134,20.386,17.941,-12.289,-20.302
46.027,-2.243,59.714,71.818,3.81,-60.319,30.31,15.186,14.34,13.178,-15.407,-3.527
46.146,-29.066,70.071,44.996,19.834,-26.382,24.562,5.605,3.595,24.99,0.507,-18.211
46.168,14.917,85.911,5.344,20.75,-5.903,45.661,-1.696,10.487,15.513,-25.151,-7.931
45.779,28.225,48.687,52.55,5.972,-15.011,15.894,0.214,17.704,14.582,-0.072,-28.151
46.044,2.853,72.06,37.998,2.553,-11.926,18.384,18.146,2.019,10.542,-6.074,-25.951
46.603,20.68,75.1,33.115,-8.453,-11.525,-2.394,19.86,7.79,-18.742,-14.144,-54.739
45.665,-5.173,100.665,-5.655,15.471,-15.679,42.136,24.512,3.09,20.028,-25.469,-7.706
46.042,54.506,74.847,14.0,-7.301,-34.15,4.48,9.459,19.155,-0.866,-4.54,-34.893
45.736,67.948,86.123,37.59,-17.159,-31.419,8.164,-8.525,-4.589,-0.094,-27.446,-30.091
46.032,15.356,76.757,40.661,6.622,-26.07,6.713,28.849,6.693,-2.451,-6.263,-30.632
44.322,42.879,61.61,-9.167,-25.047,-29.702,31.241,-19.246,-3.21,6.185,-6.059,-23.607
46.909,-1.664,79.415,17.227,-16.637,-14.245,23.878,1.35,-20.974,7.123,-40.339,-26.911
48.059,22.667,78.493,36.416,1.697,-0.422,37.66,17.674,10.465,10.234,-20.262,-34.835
46.84,5.274,59.779,52.213,6.704,-23.962,43.453,5.984,16.741,1.469,5.838,-3.157
45.879,83.267,19.203,27.213,-27.18,-7.393,-0.374,-38.236,15.341,-14.893,-5.794,-12.238
49.681,41.579,79.534,33.188,18.902,-19.788,27.467,-1.885,8.256,33.538,-19.988,-25.432
47.473,57.557,71.677,-26.798,-10.56,-9.249,13.37,-7.784,10.559,-9.181,-8.912,-27.662
45.49,63.132,77.462,23.199,26.053,-24.095,19.597,54.31,-1.706,2.5,-9.528,-22.694
48.467,17.997,0.6,-54.749,24.269,-7.906,-17.214,-14.131,-37.587,4.382,-13.693,10.544
49.692,56.048,-1.341,-4.603,50.39,-45.012,-9.379,91.957,-9.843,-2.83,15.623,35.887
48.664,52.176,6.944,-29.491,49.591,-32.878,-11.359,17.166,-10.592,13.213,3.912,31.663
47.825,-6.476,28.14,-16.471,66.306,4.014,-14.941,9.019,-26.989,-6.698,-41.744,0.156
47.014,-29.934,32.473,-34.18,53.877,57.737,7.665,-19.384,-41.504,-17.054,20.084,0.585
51.336,55.354,-4.963,-70.681,64.022,-18.729,11.379,11.178,-19.828,-15.763,-8.853,22.971
53.988,105.216,-38.999,-25.284,7.588,-13.293,-6.749,-15.672,-28.346,5.991,-10.958,-0.156
53.064,19.211,-4.493,-4.703,54.216,-14.217,19.229,1.239,-13.869,-7.25,-19.692,8.688
54.102,20.331,7.34,-12.373,56.503,-40.781,7.35,-1.77,-19.497,-6.363,-1.41,-0.987
53.446,29.992,4.865,5.326,56.188,-34.372,37.605,-12.342,-19.292,8.099,-23.318,11.125
52.658,74.41,-6.129,-0.888,37.814,-37.443,23.053,34.043,-0.177,15.411,-9.438,3.991
52.826,77.767,-4.574,-7.564,39.686,-2.604,4.342,-26.429,-24.845,14.68,-34.61,4.328
53.331,91.387,-11.211,-14.426,42.235,-18.206,1.19,14.715,-6.884,8.482,15.1,9.465
52.754,80.89,13.318,23.585,37.754,-6.765,-18.61,-31.453,-35.917,8.282,-48.475,12.982
54.597,106.99,36.872,3.984,47.768,-6.832,-33.997,-28.205,-27.631,-18.837,2.267,-6.855
50.762,52.806,-2.056,44.737,55.473,-35.78,-13.658,-3.185,-12.826,-22.368,-16.073,13.926
52.075,87.08,5.347,26.644,46.156,4.011,-39.53,-16.179,-9.397,0.62,-6.941,19.706
50.932,34.867,-6.873,-12.457,65.449,-28.707,-21.773,17.252,-7.204,24.71,11.447,5.993
52.641,51.246,-0.011,14.357,66.317,-24.934,10.467,34.807,1.357,-2.458,-22.081,31.354
52.964,88.275,9.977,-15.939,27.251,-13.448,-26.217,-25.138,-50.242,1.679,4.078,-4.26
52.327,20.713,-5.285,11.053,31.192,-61.898,10.356,14.785,-14.654,8.681,-14.687,0.775
52.539,84.384,-22.865,-0.101,-12.428,-18.414,-14.855,24.393,-3.95,-22.287,-16.537,3.713
54.275,41.587,-2.161,5.91,39.517,-19.085,4.266,-23.86,-33.098,13.5,-17.22,2.941
55.405,95.076,-7.033,-7.592,38.933,-18.173,15.736,-1.121,-22.302,-21.893,-13.568,-11.211
50.831,49.201,-45.472,64.109,14.492,-22.528,4.235,-13.433,-15.219,-23.302,-31.911,2.048
52.366,31.508,-23.335,11.332,48.567,-27.499,5.504,2.091,-25.263,27.709,-15.915,23.217
51.353,104.997,-37.893,-13.259,5.464,-5.758,-15.632,47.008,-0.639,-18.959,1.276,5.142
53.691,78.614,-40.192,0.112,28.346,3.516,-24.003,-16.652,-12.562,1.051,-37.603,-5.772
52.679,27.96,-34.7,44.65,35.462,-6.111,-0.78,-47.238,-20.271,16.961,-52.158,4.1
51.361,-3.321,0.706,-66.345,53.907,13.715,32.914,33.043,7.813,5.41,25.539,-0.089
53.89,74.019,-0.614,-26.375,36.715,-36.809,19.339,-11.66,-8.697,-8.687,-13.813,13.041
51.447,8.834,-3.667,-12.237,47.652,-25.569,27.305,-11.003,-17.532,-0.859,-17.88,21.087
52.26,24.171,2.075,-6.004,29.524,-6.398,7.762,-18.983,-4.14,-2.561,-22.166,12.426
51.794,-16.322,30.478,-27.28,35.013,-34.122,4.648,34.976,-5.517,-11.593,-20.54,11.71
50.279,5.657,-19.009,15.722,79.177,12.046,48.384,21.698,7.033,-16.986,-21.194,1.952
50.151,17.597,-6.778,15.379,54.389,21.034,26.946,-35.134,-18.717,7.791,-27.551,13.172
52.716,103.535,-16.373,-2.079,-4.639,-6.389,-38.47,-4.746,-17.899,-31.828,-6.265,-9.892
50.232,16.481,-0.155,8.818,31.869,-3.476,16.665,-27.182,-25.765,22.142,-40.26,11.868
48.77,-18.396,-19.734,51.436,67.78,-24.176,-0.567,0.234,-3.852,-5.739,-28.37,3.077
52.711,60.548,1.907,-27.625,99.711,15.152,8.842,58.998,22.185,3.95,2.691,25.749
49.804,21.985,-19.428,72.099,43.342,0.987,-19.86,-33.632,-29.743,8.631,-39.025,14.869
48.373,1.293,3.0,65.396,36.904,-11.333,-17.541,-6.092,-7.26,19.19,-3.765,-4.218
52.579,40.816,36.163,28.852,103.784,-9.839,43.131,-31.374,-15.016,2.915,-6.319,21.525
52.467,37.449,46.5,4.042,67.777,-29.902,-0.15,12.723,-6.607,1.028,6.324,24.245
50.278,73.29,5.119,78.412,40.055,-48.49,-1.446,-25.4,-15.124,-7.863,-16.388,1.785
49.1,27.289,-17.985,51.937,49.904,-44.254,-10.419,-14.723,-25.304,-9.295,-21.842,19.668
50.657,89.088,0.034,15.565,58.568,13.307,1.918,-23.376,-30.626,21.388,-38.499,22.999
51.965,54.356,2.238,2.863,54.581,39.731,10.89,-28.014,-16.232,11.088,-16.607,-4.757
52.117,1.568,-9.313,-20.434,78.752,-25.033,43.541,37.213,-19.937,5.462,11.698,4.319
53.04,40.159,-11.674,-28.893,60.741,-24.947,28.557,-8.032,-13.076,34.858,-28.222,18.243
52.634,19.578,-2.524,5.031,38.545,-46.526,5.163,18.383,-30.996,4.43,-11.337,13.198
49.275,20.211,-29.973,95.521,27.886,0.327,-20.947,-20.791,-13.849,-37.725,-57.067,4.758
52.439,49.77,45.385,3.344,97.629,-0.703,14.335,-6.437,-38.931,8.44,9.28,3.129
52.73,34.553,59.996,10.849,115.636,-32.755,6.74,0.484,-9.465,-26.945,-9.649,5.592
52.051,36.795,53.422,-9.128,136.285,-48.081,-29.405,-3.393,4.68,16.098,4.013,28.797
51.638,81.715,15.436,21.632,145.736,-20.197,-45.63,38.55,20.728,-2.7,-36.961,47.365
49.567,69.263,-12.405,-10.001,123.811,-4.46,-5.418,-3.426,-12.125,23.003,-10.549,25.797
50.488,44.239,-75.006,-60.31,68.687,-39.906,6.671,-0.479,1.348,21.725,-31.65,-5.497
44.367,24.692,-59.51,-3.052,24.552,-31.288,21.643,-28.203,-15.255,16.184,-50.002,-22.544
47.674,-2.28,-41.795,10.254,18.43,-11.936,-12.252,-25.847,-33.642,26.727,-16.144,-14.761
52.158,47.79,-30.425,-29.469,52.843,14.685,-15.434,22.639,-7.676,-16.589,-4.519,-10.375
55.444,128.027,-27.21,-15.871,68.474,-41.088,-2.004,23.854,-15.645,-4.26,-17.783,-10.662
54.456,99.619,0.133,-28.428,31.046,-19.712,-14.876,-20.807,-38.2,5.74,-23.173,-8.5
55.269,93.303,1.759,3.889,43.92,14.154,-1.689,-1.582,-17.026,-10.991,-36.703,9.92
51.927,77.308,-44.034,37.037,67.557,9.147,-11.347,-14.498,-24.409,-16.561,-34.454,14.403
51.314,87.173,-32.345,3.849,37.766,18.041,-9.301,8.211,-11.384,-15.173,-13.288,29.143
54.21,67.353,20.996,9.535,63.118,-18.75,17.723,-37.788,-34.291,3.418,-6.084,26.911
53.111,33.228,-48.125,-3.766,33.351,-33.49,10.836,36.758,-14.847,-13.743,-13.619,8.937
51.061,48.426,-13.299,8.48,59.821,-44.583,15.992,12.449,-36.386,17.585,-11.281,25.047
50.833,38.155,25.623,-13.213,43.8,-21.974,10.327,25.663,-26.138,21.418,-22.75,20.67
45.125,96.878,76.867,-8.82,33.456,-52.274,-4.873,-4.296,-7.163,25.824,-2.327,18.402
50.386,35.701,14.511,-49.837,19.965,12.909,4.762,9.15,-13.159,24.652,-17.524,9.653
54.446,24.065,-8.396,-39.949,15.273,-21.591,31.167,-6.118,-7.683,11.21,-4.227,7.576
54.033,81.356,0.215,-42.086,26.969,-33.185,-4.968,21.696,-10.731,10.636,-5.859,6.155
55.704,69.762,0.725,-17.878,49.052,9.417,15.076,-15.401,-23.074,0.83,-26.024,7.506
54.204,62.607,9.625,-14.292,21.459,-32.698,-16.071,-19.386,-25.476,-8.827,-6.323,-24.788
54.657,43.239,12.928,9.237,43.974,-24.499,10.871,13.228,-24.152,-20.724,-26.036,-0.932
51.829,74.054,-7.634,-31.379,4.438,0.261,-2.867,-21.895,-35.019,4.284,-34.45,-3.783
54.054,88.835,-64.992,-13.074,11.721,-1.969,-0.538,15.681,-29.266,-9.801,-4.579,-14.768
53.859,48.977,-7.462,-10.593,39.946,-44.315,32.576,10.859,-29.673,23.939,-14.729,6.195
53.658,50.607,-8.79,-26.694,37.165,-27.009,25.614,21.251,-15.595,6.076,-27.571,2.829
46.953,6.868,-71.72,-16.096,-21.856,-58.664,7.568,-20.236,2.811,-9.846,-26.719,7.753
46.118,-90.565,6.036,34.484,18.909,-32.391,22.913,37.665,-14.005,9.051,1.17,-4.537
52.035,79.466,-28.731,-34.522,40.349,26.117,2.4,42.372,-22.241,-9.273,-12.058,0.766
52.721,69.616,-28.397,-9.008,44.942,-1.69,1.369,9.471,-34.135,25.478,17.588,13.846
53.808,49.029,-24.32,77.264,25.299,-35.592,-11.498,-13.456,-33.287,4.405,-34.69,20.545
50.199,68.134,-42.938,27.192,37.806,-0.067,-5.134,-32.449,-47.672,19.801,-58.247,16.934
48.751,58.575,-48.722,40.079,20.851,25.843,-8.857,-45.59,-46.54,-0.285,-17.919,-3.359
46.897,23.528,-56.048,69.802,48.697,-18.099,-9.604,-23.195,6.224,-19.074,-18.92,15.695
52.999,64.963,-77.244,-9.046,53.522,13.361,24.375,27.522,-11.544,-1.517,8.456,14.418
50.808,70.048,-17.316,2.308,55.015,-56.724,12.015,15.398,-24.957,21.397,-5.305,27.555
51.279,82.203,-1.442,-42.329,27.886,-7.155,-4.4,15.421,-19.854,1.992,-15.625,15.551
52.628,91.553,-12.181,19.075,96.656,-17.638,-9.227,42.168,-10.584,-18.223,15.062,17.896
53.691,59.381,-40.531,-33.291,34.837,-11.214,15.572,23.211,-25.452,38.363,-17.747,13.918
53.738,75.588,21.838,-12.336,50.24,-25.736,-0.449,-26.939,-22.275,-24.06,-7.125,15.366
54.479,22.975,-26.892,-6.633,40.286,-26.349,11.965,16.923,-14.518,-6.857,-15.619,10.03
53.674,6.93,-19.188,7.323,34.836,-51.564,32.056,19.049,-42.609,-1.269,5.94,6.722
52.725,34.051,7.393,20.057,24.218,-17.373,22.77,12.45,-23.877,-6.027,-19.503,1.292
53.781,65.579,-29.078,-46.678,24.318,25.845,19.696,-2.625,-13.369,-6.366,-13.362,-3.618
55.223,49.378,-28.061,-8.456,35.12,-33.171,32.865,3.661,-31.623,-11.04,-2.44,2.779
51.557,53.781,-34.3,69.283,11.583,-47.751,-29.995,-5.113,-25.389,-14.546,-37.141,-11.936
53.766,53.796,-62.4,0.896,24.077,-23.71,10.726,17.314,-20.607,-2.998,-9.757,-0.025
51.141,19.221,-29.86,25.637,41.282,-38.32,-2.859,2.943,-31.806,36.353,-17.92,4.904
53.089,6.226,-19.166,-46.218,32.059,-7.341,11.694,16.638,-17.845,22.182,9.443,0.347
50.556,28.594,-24.305,-11.258,44.085,7.541,21.71,-31.43,-8.012,5.947,-16.029,18.335
50.538,-45.223,15.425,-25.032,73.648,-2.431,40.2,65.729,8.155,-40.194,-16.666,-1.204
51.099,35.713,-17.276,-4.261,60.915,-20.589,30.635,-41.928,-21.389,7.687,-36.25,0.786
49.11,10.325,-24.225,39.921,2.214,1.905,-14.002,-9.331,-24.558,-10.818,-9.274,-17.013
51.202,39.474,1.454,-39.292,53.349,29.555,24.021,13.41,-15.687,-3.274,-13.983,7.686
51.941,42.859,6.147,-9.584,40.395,27.027,1.159,-23.761,-26.511,-13.005,-19.91,7.983
51.2,35.754,17.312,-29.959,67.097,-29.361,-8.634,51.963,-48.048,3.072,-3.488,16.6
50.759,88.795,3.847,-55.285,69.602,-26.036,-32.082,-10.123,-18.868,-0.276,-14.087,-9.158
50.639,52.866,6.313,9.384,17.147,5.951,-53.088,-43.791,-15.676,-14.544,-42.594,-9.954
50.352,-4.288,47.605,12.008,69.948,3.285,18.576,5.53,-21.324,-2.262,8.713,20.02
49.036,-36.197,30.016,57.773,70.969,-2.343,8.898,-18.651,-31.388,-26.432,-31.056,21.18
49.083,-10.917,25.715,19.526,47.388,11.714,2.974,-3.363,-18.334,-3.715,17.619,14.013
51.262,107.633,-3.998,-3.996,28.959,-9.528,-16.632,32.242,2.488,-30.708,2.793,5.486
52.581,72.42,41.115,-19.286,82.697,-3.889,8.841,-24.173,-26.222,29.463,-7.744,30.041
53.456,8.277,41.701,-30.493,29.772,-6.944,3.947,11.394,9.138,-12.325,-11.038,-12.962
53.086,65.834,-3.368,-11.962,19.948,-41.716,-2.231,25.826,-1.847,-18.521,-4.217,-6.525
51.392,23.05,-10.174,43.106,28.684,-69.742,17.053,-0.803,10.776,21.902,-14.57,14.38
52.036,1.624,-1.187,13.877,63.77,-10.591,39.01,-5.93,-6.646,1.836,-7.119,7.328
51.255,4.142,8.984,6.367,61.616,35.942,59.297,-20.269,-13.047,-1.203,-3.597,-4.273
51.246,8.202,30.642,-49.722,20.0,-11.751,17.757,65.663,-14.498,-27.788,-17.015,5.656
52.691,51.054,-25.84,-48.082,25.925,-12.768,-21.701,-3.049,-2.646,-11.799,-14.085,-25.209
51.485,102.861,-44.582,19.906,-31.361,-7.773,-41.233,-20.721,8.748,-14.893,-44.436,-24.98
53.053,44.54,-4.754,-22.634,24.338,33.819,11.395,-11.056,-13.421,-12.458,0.717,-21.422
53.901,55.333,-1.492,-33.306,50.079,0.719,12.804,19.894,-24.551,-31.229,17.246,-29.56
52.012,37.449,24.506,-24.445,19.841,-23.469,40.305,11.508,-17.77,1.526,-22.525,10.009
52.134,35.772,-1.54,-28.407,-2.217,-5.007,-20.911,26.08,-8.422,-19.529,-8.821,-29.291
52.395,-41.321,23.341,-7.518,60.057,-26.465,19.896,-13.509,-23.507,0.874,1.259,-1.428
51.491,25.018,-26.45,32.541,19.279,-15.466,-46.88,11.146,2.089,-35.533,-47.821,-12.919
50.48,70.508,-22.522,1.164,30.873,53.847,2.995,-38.173,-2.978,-27.466,1.415,-19.892
51.879,94.317,-36.66,17.504,61.467,-20.507,-26.166,39.273,-13.378,-40.089,-6.538,-21.497
51.728,-6.025,16.894,-6.801,71.311,-34.48,32.306,-12.738,-15.867,-16.625,25.325,30.148
51.694,24.947,18.068,25.594,25.423,-24.702,-14.258,-36.61,-31.256,-11.904,-18.134,20.761
50.717,49.46,2.429,13.711,5.857,18.338,-25.953,-22.492,-18.545,-44.252,-33.256,-1.314
51.939,56.456,19.01,-39.612,15.597,-9.232,-53.024,7.313,-18.0,-16.667,29.215,-27.156
52.577,95.658,1.751,12.223,17.806,-6.65,-44.864,-53.122,-15.57,-10.918,-25.977,-8.552
47.645,-36.267,26.884,9.343,96.157,31.526,24.794,5.435,-11.264,4.427,-12.833,19.347
51.215,30.384,24.698,-13.539,65.196,16.03,2.163,-1.749,0.479,-7.548,-7.869,-0.649
52.341,68.22,35.276,-22.452,18.387,-29.067,-9.989,35.269,-24.275,-0.657,-7.774,4.825
53.067,31.039,-24.3,20.007,3.254,-37.463,2.923,0.772,-22.074,10.574,-13.173,-9.597
53.864,20.571,-18.589,-32.619,53.844,-20.996,17.245,23.829,-6.541,27.92,5.407,1.558
54.307,109.233,-20.968,-53.854,-20.423,-25.779,4.894,-6.559,-1.134,-27.63,-6.642,-8.795
52.512,1.709,-35.505,47.407,24.803,-28.06,6.162,-7.308,-12.049,-4.395,-56.314,-17.082
52.959,41.347,14.963,-24.59,39.523,5.576,8.797,21.494,1.691,10.733,-0.931,-23.135
54.92,72.699,-51.599,23.294,28.426,-22.169,2.245,44.118,-13.683,14.505,-8.247,-2.776
50.201,20.446,-72.133,3.163,38.433,-42.244,6.867,-12.173,-37.787,46.532,-32.184,8.658
52.293,-12.497,-18.348,-71.832,42.654,-53.958,24.687,34.388,-16.501,39.268,-0.745,7.746
54.226,73.046,4.079,-7.332,53.235,-41.57,10.473,-4.823,-9.419,-2.818,-11.338,-0.405
54.681,59.154,-12.393,-50.903,33.403,-41.581,12.868,2.215,-20.857,-4.258,-0.979,-17.086
54.221,76.018,4.77,11.935,51.157,-57.09,20.315,1.221,-22.864,1.1,-13.35,15.585
53.039,70.121,-33.6,-36.593,-20.181,-53.069,3.742,7.612,10.199,-6.69,-0.907,-0.951
52.649,73.858,1.044,3.853,11.279,-21.679,-1.1,-10.715,-3.207,1.278,-37.138,1.357
48.868,3.027,-16.478,-18.047,32.362,-6.238,25.451,22.906,-29.509,-2.154,-20.007,-12.741
50.042,161.766,-73.771,-46.595,25.825,-30.928,6.253,19.172,-6.317,-18.226,8.414,17.161
53.817,25.684,14.545,-20.156,27.168,-7.271,-16.869,-2.61,-19.22,9.01,-20.894,-25.653
53.485,33.933,-2.99,-23.147,51.67,-19.15,-17.524,5.039,-13.061,-3.129,-12.088,-22.034
51.731,22.116,-19.239,-3.235,37.273,-24.367,-37.787,3.571,-29.596,-10.899,-26.587,-31.088
54.388,60.177,4.38,25.014,50.326,14.074,9.069,-18.05,-16.306,9.156,1.97,10.322
50.532,66.027,-12.243,-31.155,48.153,-61.331,-36.134,55.515,-24.82,-0.874,-0.886,-23.485
50.207,24.451,-11.302,-35.419,34.109,-4.884,-17.688,-14.441,-18.467,-6.61,-35.592,-30.263
44.819,40.736,74.393,2.912,49.058,22.892,20.637,-35.161,9.92,-22.098,16.38,-21.497
49.022,88.156,110.051,0.991,91.716,-26.041,65.304,37.487,15.758,-19.116,9.199,11.267
49.453,41.301,17.076,23.101,7.217,-54.101,-34.567,-3.614,-8.319,8.63,-0.808,10.8
50.13,36.246,45.884,4.0,25.651,-24.911,-9.791,4.311,-11.593,19.882,-11.401,15.464
52.29,79.753,-27.424,-66.524,26.471,-19.149,11.124,-6.125,-0.98,-3.735,-16.372,17.785
54.755,26.832,-12.091,-26.343,16.769,-34.885,3.843,4.708,-5.999,5.035,-6.865,-21.573
52.836,2.049,0.68,11.408,44.537,-29.081,2.28,3.088,-2.194,13.091,-28.046,-8.905
53.695,44.362,4.763,-21.112,36.998,34.504,22.744,-12.261,4.815,-8.005,-10.277,-4.543
51.327,21.628,-25.954,27.106,21.721,-45.262,-0.942,-1.167,-8.953,-5.997,-2.47,-11.2
53.384,36.54,4.15,-35.391,50.746,-35.508,-23.868,-2.41,-15.409,15.073,0.635,-40.419
54.052,27.782,5.312,-8.136,41.845,-36.309,2.851,-14.413,-7.01,2.77,-16.193,-37.155
51.604,-4.024,43.276,-38.622,18.64,-36.268,71.362,36.985,8.516,-1.528,-16.325,-3.543
49.398,35.866,-4.47,-56.053,6.673,-15.249,4.928,35.386,3.753,-2.914,-0.421,-13.215
50.757,48.184,-9.208,-25.11,49.173,-5.959,26.414,-12.335,5.117,21.048,-59.45,-1.619
51.981,27.894,-10.345,-3.288,66.235,4.503,17.901,56.42,18.807,-29.275,-37.216,-9.696
53.869,44.043,16.33,-24.088,78.995,-17.616,21.738,19.492,9.781,13.237,-7.686,-7.051
54.896,68.683,4.784,53.757,46.828,-21.278,-5.421,-0.077,-11.662,-1.004,-24.691,4.398
51.85,25.143,36.908,-49.03,35.761,10.761,-1.447,25.488,-14.258,-11.123,-16.791,-12.459
48.446,71.629,11.922,6.391,35.07,66.416,-19.108,-28.112,-14.413,-43.599,-8.42,-18.593
52.475,101.363,12.482,-4.432,25.713,11.721,-59.211,-3.273,-32.719,-1.53,-4.844,-10.25
52.194,109.971,4.95,-16.056,-5.57,5.965,-22.328,1.096,-27.538,-6.972,-24.839,-6.499
50.942,92.553,-20.809,69.561,32.13,-43.123,-43.132,-0.055,-26.472,12.131,-25.549,-9.742
50.438,-7.006,-58.624,53.602,32.443,-5.97,26.914,-8.657,4.502,20.891,-17.289,27.662
52.653,37.939,27.15,6.919,92.935,-5.438,20.011,-11.183,-26.534,17.983,7.186,4.73
53.425,36.826,-40.324,-23.96,29.65,-73.321,18.577,53.835,-6.91,8.194,11.639,12.586
54.142,41.116,-46.784,10.408,25.748,-28.101,17.273,8.612,-32.387,20.736,-27.487,-3.97
50.968,-11.615,-58.269,29.052,55.268,-23.929,37.775,52.581,-26.228,-1.622,-29.384,16.124
52.312,19.769,4.496,-37.987,73.759,-3.649,48.626,60.533,-7.127,35.981,-4.771,0.714
54.258,50.336,-26.582,29.61,4.183,-6.607,37.837,-9.519,-7.669,-7.548,-34.689,9.798
51.582,18.837,-58.594,6.122,44.088,6.166,20.464,-12.737,-0.367,-18.257,-19.286,2.945
54.101,72.657,-51.346,-17.04,59.343,-15.629,6.067,40.388,0.15,24.193,-1.282,11.517
53.167,60.254,-3.604,-23.234,33.885,-7.259,-12.818,-27.15,-1.902,13.161,-30.268,4.345
53.953,39.722,-41.632,-29.651,16.154,-25.602,-8.994,-4.587,-20.565,-29.571,14.076,-19.047
52.943,10.745,23.937,33.206,33.386,-38.83,16.785,8.632,-16.436,-1.068,-26.757,2.635
51.315,11.162,11.633,-15.596,-70.93,-59.615,14.748,2.341,-40.947,-11.7,-5.358,-3.58
49.943,10.579,51.481,47.008,-10.264,-71.619,39.707,18.208,-12.705,24.534,-22.97,10.674
50.691,54.401,-35.196,20.41,-20.097,-47.663,9.006,-8.988,-11.932,-16.1,-20.894,4.045
50.446,33.328,13.435,-10.673,6.099,-15.758,-23.263,5.163,-33.588,12.3,-8.674,-3.395
50.708,13.337,-22.181,30.421,25.825,-14.437,-48.569,-3.876,-31.469,1.106,-28.112,-21.062
53.022,44.45,6.509,-33.038,51.114,-9.176,-13.528,8.612,-31.489,4.533,0.366,-23.626
50.983,-3.216,1.489,-6.195,50.181,-9.085,-9.119,2.203,-16.521,-2.491,-38.075,-2.126
50.466,20.164,-31.056,10.392,65.268,5.23,-13.863,-2.018,-21.845,-7.808,-20.786,-11.994
48.512,-17.278,-25.187,5.172,28.912,-16.388,-36.213,3.437,-18.946,18.252,-11.777,-3.794
49.803,-26.392,1.675,-34.111,82.865,-11.109,21.592,-12.199,-15.532,23.854,2.02,-9.884
51.26,-12.517,-6.783,-13.187,46.985,-12.927,-2.463,14.791,-12.817,-14.786,-29.419,-5.423
49.585,2.61,-17.034,-9.452,59.364,-42.235,22.268,-15.253,-19.047,4.224,-1.642,4.738
52.145,13.494,23.971,-50.679,69.177,-35.593,18.655,14.709,-16.665,-10.662,5.927,-17.841
52.308,33.508,-2.351,62.424,51.82,-29.864,-17.171,-7.621,-7.764,-6.8,-40.895,-9.002
48.228,33.025,34.26,-20.126,17.899,-15.472,-14.945,-7.881,-9.645,-4.632,-24.656,-5.841
51.181,8.426,29.972,-51.04,66.395,2.773,11.837,-7.864,-6.714,11.273,-14.339,3.071
52.598,17.163,35.059,-40.335,23.796,-32.583,-33.523,40.865,-29.021,-24.178,3.294,-8.013
53.675,31.424,25.295,-9.239,65.548,-19.119,-2.997,0.433,-0.674,-2.464,-14.226,13.397
51.816,47.759,-3.658,-14.402,12.685,-19.971,-35.481,-0.451,-19.587,5.83,-12.448,-4.584
52.193,5.695,15.325,27.052,51.218,-22.703,-22.065,-3.409,-1.363,2.434,-13.016,13.913
50.698,44.641,8.134,11.96,15.142,-0.938,-31.698,-33.654,-44.356,42.109,-37.271,-9.439
53.687,60.271,5.134,4.962,31.365,-1.01,-35.042,-2.281,-15.085,11.6,-13.551,-9.18
53.326,54.601,11.933,9.234,53.875,-38.872,-2.62,-9.865,-1.7,18.878,-1.343,16.498
53.882,63.906,33.737,-23.522,45.095,-34.228,-7.856,22.084,6.149,-22.082,3.983,17.323
54.371,83.447,17.227,36.107,63.052,-16.822,-28.711,-14.004,0.17,-3.335,-47.303,9.545
47.897,23.294,23.352,-3.59,24.629,15.605,-5.711,-15.521,-1.348,8.324,-1.838,-23.736
52.207,75.572,-15.904,26.583,45.545,-4.624,-45.335,5.916,-12.321,-14.704,-13.521,-9.797
51.948,40.675,-8.086,-4.588,61.726,12.744,-5.764,-26.848,-29.528,24.974,-0.898,-4.507
51.103,-12.287,-3.406,11.312,12.377,-8.197,-22.067,-15.75,-13.458,14.239,-33.535,-3.141
49.79,60.886,-38.844,24.629,24.893,29.697,-28.885,-31.381,-29.678,-3.581,-47.807,-4.152
47.821,28.959,-27.591,4.804,-8.025,42.994,-13.145,-48.576,-28.491,-4.238,-10.052,-0.854
49.019,1.641,-42.381,55.657,60.564,-26.13,3.251,0.744,6.561,-21.055,-7.735,14.605
52.546,49.734,4.15,-47.278,65.181,45.079,7.202,15.382,-19.697,5.668,-8.238,7.286
53.044,64.123,-11.52,-40.337,29.483,-5.37,-6.828,-4.522,-4.945,4.153,-33.313,14.99
52.814,79.212,4.707,-41.203,3.303,-10.664,-18.126,25.218,-24.335,-3.713,-16.852,-6.383
51.748,56.391,-18.247,16.233,17.383,-8.563,-15.131,-2.448,-5.874,7.146,-4.843,4.399
51.84,68.771,-3.115,-16.14,74.74,2.359,-13.492,59.311,-5.668,21.959,-17.528,11.012
53.532,56.618,7.61,-24.183,51.921,-13.858,-18.348,21.755,-14.737,13.291,-13.506,18.74
52.623,45.356,-16.247,26.737,38.158,-16.907,-11.594,-9.1,-34.892,-18.964,-28.532,21.232
54.448,36.698,29.175,-12.928,75.323,-1.096,7.426,13.19,-8.249,-8.692,-2.541,-11.97
52.077,14.448,20.023,16.975,41.846,-15.2,-30.68,-10.589,-29.49,-15.681,-39.281,-5.501
52.148,-0.555,30.485,-12.074,66.011,4.459,16.813,36.735,-23.033,-4.344,21.147,10.199
53.747,25.995,20.289,15.499,52.776,-37.861,-2.066,14.616,-28.924,6.823,-10.669,9.097
53.525,62.163,19.586,-34.689,27.344,-15.52,-9.54,3.285,-20.411,-12.916,-9.629,7.073
53.698,68.36,31.247,-35.408,42.657,11.247,-0.319,17.228,-24.608,11.442,-6.067,0.605
54.251,68.557,16.175,-22.481,38.809,3.014,4.302,-4.74,-9.498,8.466,-14.49,7.389
54.27,52.925,4.168,-6.13,41.536,-22.732,-3.558,3.528,-13.591,18.671,-10.742,18.248
55.716,69.653,27.617,-11.125,52.28,-30.29,-9.138,6.866,-2.687,-10.402,13.199,4.812
53.936,62.852,-44.278,15.646,22.398,-44.957,-14.359,2.687,6.877,-12.556,-53.107,-0.037
50.282,17.451,-1.061,-38.848,19.391,23.98,1.987,-13.408,-10.057,-10.982,-11.522,-12.942
51.134,25.304,-7.477,-25.907,15.805,-3.891,-15.881,-14.577,-22.223,-8.546,-32.831,-9.704
52.345,53.303,-15.581,-47.374,44.493,8.4,6.613,0.347,-24.788,-1.106,-5.98,-21.119
54.759,51.15,-6.023,24.916,46.481,11.179,0.053,3.578,-4.752,-5.855,-6.588,3.506
50.869,11.328,-34.51,48.253,51.04,-32.934,-20.994,-7.675,-25.425,-5.712,-35.196,-7.284
48.166,-29.523,-31.865,11.286,26.616,-12.452,-33.272,1.965,-19.388,17.422,-12.738,-5.879
50.161,-26.175,2.47,-22.476,90.129,-19.894,12.64,-3.115,-23.896,25.956,2.181,-11.129
51.815,-6.57,-64.484,28.62,46.929,-31.932,18.087,8.988,2.977,-6.44,-51.123,-5.316
49.134,-7.372,-28.855,-13.132,75.535,-32.689,26.26,-16.934,-18.526,5.551,-7.605,5.954
51.241,33.728,18.961,-48.727,51.184,-33.707,-4.883,6.476,-12.514,13.166,-16.1,-10.572
52.621,12.143,25.128,-42.408,19.453,-12.39,5.79,19.794,-9.706,9.672,-9.504,-7.263
54.835,23.074,-2.267,-20.763,9.076,-40.576,2.267,10.097,-5.291,10.904,3.119,-16.935
54.841,25.478,20.011,-19.621,54.657,-29.214,10.331,1.604,11.763,1.845,-12.443,-3.823
55.246,39.285,-1.965,54.113,39.516,-14.169,1.035,-19.277,-4.794,0.67,-25.233,-2.277
51.556,46.58,-17.116,-31.667,-1.604,-12.476,-22.814,4.07,-18.37,-2.889,-7.899,-8.683
52.809,31.356,-2.104,5.86,31.787,-37.578,-21.247,33.808,-0.483,5.299,2.619,-1.591
50.933,28.825,-1.74,14.74,-8.945,-15.344,-23.107,-8.9,-47.391,49.828,-41.288,-21.505
53.953,49.517,-37.177,1.226,-2.952,-13.586,-10.122,6.032,-12.216,27.173,-4.5,-16.698
54.134,50.987,-12.328,5.72,34.603,-36.855,21.28,-4.589,8.203,21.97,-10.992,5.65
55.548,56.175,18.054,-46.152,35.885,-32.493,9.39,29.806,18.317,-3.826,5.042,-5.963
56.83,77.878,-10.825,-22.529,22.416,-35.376,-18.006,-1.051,8.636,20.691,-19.308,6.303
54.332,62.247,-39.215,40.375,21.183,-21.384,-26.92,-31.309,13.498,-1.122,-55.436,3.982
49.767,-30.211,3.679,22.372,21.487,1.118,1.462,9.0,8.137,7.667,1.506,-21.593
52.499,73.733,-40.471,2.153,37.73,1.236,-27.892,29.842,-8.253,-8.997,-5.322,-21.32
52.265,52.61,-25.265,-16.729,51.813,5.959,6.818,-29.02,-31.489,34.504,-5.887,-7.181
55.527,47.22,-3.262,22.97,41.875,-3.372,-2.215,-2.282,-7.341,-0.557,-3.931,12.438
50.753,52.235,-26.239,33.929,29.55,10.186,-14.917,-27.397,-24.624,-9.655,-61.786,7.841
47.89,49.556,-31.16,-6.24,-5.04,56.14,-5.967,-46.253,-26.264,-12.245,-11.054,5.013
48.743,-13.933,-31.932,6.429,61.031,27.598,6.154,11.23,2.139,-27.389,-28.639,13.765
50.774,42.66,-18.876,-77.311,37.351,46.72,15.508,21.624,-11.256,13.879,-9.809,-0.838
53.141,67.74,-15.917,14.432,43.602,-32.909,-1.164,4.745,-5.149,24.268,-8.262,20.787
52.93,89.186,2.96,-22.805,7.515,-12.902,-19.922,25.227,-23.438,-0.734,-16.311,-8.199
51.024,9.163,-12.501,47.627,37.347,-21.588,-3.592,-25.933,-20.233,13.019,-8.796,-8.154
50.279,69.383,4.457,-61.561,77.937,-7.822,-10.493,51.386,-17.632,31.232,-45.919,24.435
54.417,41.429,-28.23,-40.072,21.654,-26.985,4.973,18.841,-1.158,20.431,-16.874,7.564
52.663,40.95,-21.664,33.335,46.8,-18.371,-18.419,-10.28,-32.735,-19.356,-37.742,13.579
53.803,3.306,-28.34,-28.909,56.586,-1.982,22.589,33.777,-3.115,-18.543,2.865,-12.604
53.732,-1.968,-24.131,-6.048,45.472,-45.498,20.018,30.228,-16.37,0.075,5.208,6.653
53.617,24.565,-3.457,15.037,41.558,-41.041,6.542,11.606,-24.762,6.818,-20.791,-4.091
55.558,61.069,-25.028,-4.227,10.274,-22.366,8.503,-2.265,-8.087,-1.581,6.81,-2.454
54.841,47.585,-13.144,-43.72,20.79,-20.643,8.487,25.822,-10.167,0.861,5.797,-11.857
53.835,26.112,-29.434,-32.505,24.471,-31.191,2.393,9.649,5.298,-5.4,-13.439,-12.034
54.193,53.861,8.613,-17.158,29.326,-16.953,13.985,-4.355,-10.007,18.949,-11.056,8.676
54.916,56.031,-22.527,3.099,27.418,-6.807,5.446,13.766,11.884,-11.271,-26.841,2.785
51.869,1.128,31.008,9.716,52.247,8.765,33.968,5.298,-2.912,19.131,10.973,-2.884
52.467,-4.5,30.418,-15.135,81.658,-24.592,33.645,24.747,-8.838,4.1,7.832,-4.703
52.415,-5.117,33.484,1.594,69.82,-35.2,3.496,21.23,-4.449,-4.675,-18.881,-0.935
51.397,9.358,10.085,4.927,46.532,0.471,-6.208,-22.716,-31.633,12.393,-7.705,-7.02
52.175,26.178,40.567,-64.61,45.101,-37.726,12.422,44.777,-6.324,8.33,8.469,0.54
52.001,41.853,12.898,77.642,72.246,-32.163,16.729,-9.938,-2.47,-7.427,-52.676,-6.312
52.795,23.404,43.16,13.746,61.56,-15.89,13.703,-15.341,6.938,30.673,-15.033,10.954
50.756,-25.509,-0.251,29.615,67.913,-43.235,18.026,-6.072,-18.744,13.096,-26.446,8.23
50.818,73.992,-26.708,-18.562,41.378,-11.491,-19.759,67.286,-17.38,-26.372,20.866,5.137
52.598,62.985,30.684,-28.73,45.155,-13.214,-17.633,3.128,-34.201,46.838,-25.603,-14.507
49.456,12.173,1.913,13.223,67.19,13.667,45.197,-19.254,1.687,12.634,-31.192,30.954
48.275,-39.997,24.264,-17.895,76.932,-13.585,23.079,39.051,-8.061,8.462,-4.849,21.859
52.754,30.402,14.666,21.056,96.79,-26.379,16.865,11.832,-7.001,29.508,-10.194,-4.329
50.426,55.21,-3.116,-24.74,35.608,0.166,2.771,-40.488,-18.94,39.124,-39.59,7.828
48.491,-23.719,-3.278,37.918,53.528,-27.635,6.565,12.422,3.24,19.539,-20.792,0.76
50.728,-6.467,37.66,33.342,88.831,23.016,33.634,31.961,10.643,-21.302,-24.478,0.104
48.221,26.583,29.066,3.619,73.741,51.247,21.765,13.23,34.536,-12.889,-18.677,2.668
47.86,34.564,-7.0,-66.864,54.513,-29.988,-13.087,-29.919,-16.761,31.888,2.453,-12.552
54.248,37.213,15.228,-11.626,58.258,2.624,9.448,19.763,-0.003,4.346,-13.844,-2.983
54.388,44.464,11.935,-2.948,54.962,-32.935,-17.302,-19.385,-15.662,-26.339,-17.939,1.812
52.939,-1.586,59.485,-25.041,77.494,-24.289,10.582,38.169,8.882,-3.123,8.257,-13.991
53.288,46.699,2.014,42.606,47.105,-29.93,-28.006,3.639,-11.2,4.138,-47.53,9.609
49.188,42.81,-0.229,-53.487,58.669,5.488,6.736,-2.329,-16.989,1.563,-50.64,17.737
50.916,39.755,17.798,-71.425,63.013,29.916,8.187,21.212,-25.793,14.166,-2.445,6.524
54.147,51.624,9.326,6.184,79.719,-33.095,-18.012,-17.485,-28.032,9.04,-13.417,-10.169
52.248,10.782,14.403,12.688,62.586,7.348,-5.433,2.523,14.25,11.787,7.887,0.898
50.686,-0.267,8.93,11.622,54.6,-30.535,9.446,6.669,-3.762,22.488,-21.951,11.181
53.189,60.07,12.788,-9.259,26.888,-1.27,-28.736,1.333,-17.36,3.487,8.201,-9.122
53.108,53.9,10.464,13.528,51.626,-38.163,-27.401,-19.146,-32.676,5.067,-7.513,1.442
52.572,10.3,41.005,8.276,69.632,-12.728,-13.95,25.198,-20.07,10.504,-20.229,-16.571
52.781,77.857,-11.549,8.57,68.07,-28.52,-2.987,36.805,-26.482,13.691,-7.092,8.254
52.281,74.207,-2.72,-33.51,68.558,1.61,-13.767,-30.471,-39.044,25.601,-31.784,4.227
51.636,29.765,-7.287,29.292,39.345,-38.749,-4.733,4.165,-42.219,-2.514,-19.64,9.108
51.765,86.841,-17.691,-46.423,44.519,19.259,-22.143,34.269,-24.596,-23.86,-6.844,-5.169
52.531,64.485,-7.387,20.126,44.66,-15.496,-35.982,-22.666,-46.459,24.885,-19.18,2.479
53.466,89.358,15.64,-23.535,25.292,-6.609,-27.426,-6.8,-26.654,-16.133,1.832,-0.833
51.934,38.674,24.751,53.534,75.559,-5.866,-0.326,-2.207,-16.878,-8.548,-42.88,1.674
48.76,26.142,-2.771,-58.151,52.474,70.075,47.098,58.271,11.075,-27.275,12.344,-2.618
50.751,70.465,19.528,-9.235,17.297,-2.513,60.798,18.752,4.723,13.719,-36.014,16.627
48.168,53.787,1.638,-25.521,6.55,5.972,48.048,21.541,-3.024,-4.097,-38.055,9.47
51.265,30.772,-21.308,-33.221,64.175,-3.266,24.64,16.222,-13.484,28.401,-1.529,-0.125
51.673,24.927,-2.876,-45.247,43.905,-35.913,0.617,-1.642,-20.847,23.728,-9.093,-16.329
55.313,57.453,-2.675,34.04,51.804,3.96,-10.748,-19.729,-19.856,-8.725,-17.374,7.885
51.425,28.804,44.42,-25.185,87.108,39.439,18.621,-37.869,-11.95,-5.182,11.016,-22.542
51.785,-15.111,-22.81,23.508,45.667,-51.869,2.069,23.323,8.006,1.237,-31.833,1.858
48.778,81.691,2.454,3.426,46.062,-4.009,-18.842,-60.624,-5.527,-3.212,-30.133,-0.878
49.269,-23.997,29.881,-5.275,58.252,-18.442,-22.306,15.263,-19.59,-2.934,6.026,-22.68
53.353,53.498,14.73,-10.728,93.645,-21.552,-25.299,29.244,-10.716,-16.296,-10.782,-2.165
51.922,40.134,17.362,21.667,54.012,-10.595,-16.98,-12.853,-17.143,7.16,-22.428,18.746
52.66,-2.923,51.522,22.919,49.779,-28.167,-7.895,18.012,-2.738,26.251,-3.036,26.603
54.222,12.461,-12.535,-27.835,19.251,-25.015,12.008,16.812,4.086,2.749,4.284,-12.234
54.7,13.603,-1.726,-29.589,53.68,-36.026,-0.565,-8.413,5.51,12.913,-15.258,-10.876
53.22,7.239,7.479,6.138,45.311,-23.048,-23.182,14.765,9.322,-3.099,-40.25,-11.205
52.409,48.66,13.968,-51.824,36.632,32.819,14.009,9.53,6.783,-14.841,-26.529,-7.616
54.543,34.719,-28.271,-8.766,38.899,-41.705,14.402,-1.965,0.449,21.277,-25.817,-10.807
50.032,107.897,-66.451,-30.596,28.422,-0.571,1.64,-43.893,5.119,-5.172,-65.902,2.7
46.94,23.22,-9.175,-63.533,83.758,2.354,33.224,-10.004,-24.696,20.74,-36.709,1.31
43.876,118.817,68.171,44.926,69.774,34.914,-26.936,-33.334,-17.266,-37.592,-61.079,14.484
42.675,40.723,-1.655,-3.362,101.062,41.505,-29.078,57.313,-33.973,-30.317,6.777,11.447
46.254,77.119,58.434,-70.188,119.131,37.503,-17.522,-4.987,-41.384,44.844,-30.816,20.691
47.201,188.792,104.851,-28.251,75.39,41.996,-28.113,-4.576,-14.637,-38.595,-8.464,9.36
48.649,-1.345,-11.394,-2.376,77.395,-53.949,-34.926,2.116,-14.24,30.589,-8.809,8.722
49.555,-34.131,32.953,-34.38,73.622,-31.277,13.337,1.546,0.739,13.906,10.841,14.997
56.609,84.285,15.824,7.873,37.312,-34.845,-38.198,13.476,-18.18,0.352,2.125,2.715
53.681,47.32,2.47,-8.104,68.076,-39.472,-17.411,6.882,-29.521,-2.076,-9.116,7.59
51.171,10.741,-54.456,49.541,36.209,-36.951,11.238,4.66,0.079,7.669,-41.8,20.656
48.58,8.123,13.213,-51.844,72.632,-29.793,-14.183,21.243,-0.516,5.86,8.303,7.577
48.642,31.29,-17.922,5.879,28.824,12.592,-28.563,-27.876,-14.531,-27.569,-63.151,17.879
51.078,53.507,74.355,-85.276,101.17,-29.729,-17.942,14.719,-3.941,12.95,32.705,7.84
52.627,23.727,-9.906,33.676,39.603,2.929,-8.129,-40.03,-18.136,-19.976,-57.459,17.731
53.262,99.085,-14.453,6.137,37.698,18.076,-37.506,-6.102,4.857,-39.36,11.704,-3.846
53.886,12.352,-36.484,-76.049,66.464,-56.067,23.748,1.053,17.215,-18.266,-29.858,3.028
53.248,73.908,-29.187,-113.03,40.271,-22.286,-3.388,38.092,11.793,14.252,-11.096,-3.396
55.039,89.481,-9.63,-7.353,38.454,-40.746,-26.778,13.504,-17.072,11.133,-19.469,-10.44
56.426,54.486,-14.491,2.637,34.088,-45.017,19.54,-19.237,-0.271,0.851,-23.003,7.46
52.685,36.69,-29.086,-54.156,11.912,-38.922,1.902,13.65,0.497,-1.65,-26.222,1.764
54.833,47.335,-29.846,14.697,32.762,-40.647,20.154,19.825,0.835,-21.962,-18.512,9.921
51.332,105.126,-5.327,38.518,2.852,-7.049,22.758,-59.559,-4.851,1.923,-31.045,3.991
39.916,119.753,13.311,59.439,45.16,62.405,-10.196,-77.563,1.434,-19.278,-59.216,17.249
42.194,21.542,124.192,-144.87,23.401,42.427,8.088,-18.885,-50.542,16.574,-10.605,-7.481
51.667,12.794,52.886,-16.025,80.39,-4.038,9.517,-12.739,-40.992,4.823,-21.328,-18.179
51.466,-33.912,45.871,22.141,103.788,-44.856,35.867,-4.805,-2.054,-2.389,-43.334,-7.793
49.796,26.025,3.126,-22.127,37.461,34.834,14.68,28.324,-20.498,-21.903,-11.837,-35.333
51.613,39.154,34.579,-45.44,45.937,8.665,-2.418,-6.698,-40.555,0.025,10.278,-25.923
51.279,10.69,60.616,59.5,80.813,-17.398,8.161,21.574,11.947,-29.266,-44.095,-16.583
46.83,10.245,104.514,-30.476,54.109,35.053,8.817,34.95,1.059,-7.15,-16.822,-21.138
45.597,97.036,107.88,20.807,51.141,-25.709,-15.718,-8.244,30.71,9.204,-1.323,-8.62
50.395,37.629,76.965,-61.304,34.071,2.498,15.9,-23.306,-3.399,26.623,-13.708,7.701
54.167,14.287,21.88,0.851,29.659,-37.472,9.669,8.057,0.322,35.981,-6.171,-1.608
54.165,30.589,5.745,-17.084,36.838,-38.432,11.518,29.774,8.47,-5.566,-4.451,4.341
51.873,77.112,-7.393,-35.428,-8.899,-31.559,-21.149,13.949,-13.871,18.14,-1.275,-8.649
53.09,9.582,11.786,8.039,51.742,-16.93,3.221,-4.755,-5.37,17.806,-36.714,-18.971
52.025,2.484,12.814,-11.213,69.223,-2.088,55.222,27.51,17.569,-13.534,-8.958,-22.09
50.286,-49.248,45.728,-8.723,40.342,-52.876,75.679,34.869,-0.357,-8.046,-11.21,-12.209
49.754,-3.847,-2.639,17.646,54.319,-37.711,56.112,20.138,-4.374,-9.75,-41.819,-15.731
51.856,-0.888,-7.584,7.037,34.003,1.051,-12.363,7.05,-24.751,-13.956,-27.269,-14.519
51.041,17.693,-32.159,46.591,21.597,-26.054,-9.779,-1.19,-13.54,-0.13,-20.577,15.954
51.051,-7.321,-13.505,35.292,8.726,11.597,-12.454,-12.481,-37.343,22.755,-22.093,-11.655
51.71,-34.452,47.82,-65.586,45.446,1.94,16.005,69.57,0.192,-8.346,7.507,-0.967
50.89,33.309,-29.65,84.253,20.705,-20.932,-2.151,-6.5,-17.551,-16.09,-33.486,8.781
53.032,45.408,23.632,-21.827,60.412,-0.301,-17.306,1.621,-18.657,-8.799,6.7,-0.598
52.747,51.684,37.072,-23.643,3.984,-20.638,-52.046,23.866,-39.496,-23.016,-11.514,-16.042
52.226,51.852,10.43,31.937,19.37,5.911,-44.167,-13.499,-41.143,-4.001,-37.854,-23.74
47.331,4.572,42.134,28.002,54.67,6.003,-19.736,26.799,-17.864,-21.1,-31.459,7.732
49.134,36.886,49.25,50.044,72.31,-27.283,0.565,14.868,-8.636,-5.807,-11.631,-13.144
46.709,81.486,63.771,6.643,86.075,-6.911,1.266,3.129,-17.841,18.556,-62.353,-8.701
53.265,-13.349,-15.822,-11.182,50.897,-36.052,23.065,2.551,3.169,18.524,4.515,5.982
51.529,120.804,-4.767,-28.379,82.522,-81.425,-11.428,34.563,10.45,-34.946,3.535,-5.533
53.422,65.33,-44.333,-43.686,-0.976,-51.064,2.385,-7.101,-31.785,16.03,-19.158,-16.971
53.476,66.67,-56.939,-10.523,15.7,-37.24,3.178,35.171,-39.983,4.397,-10.214,-6.553
50.327,28.873,-70.353,23.065,5.431,-25.638,-6.257,-33.642,-28.991,12.773,-43.177,-16.099
49.831,-16.769,-11.488,4.97,53.835,1.7,22.478,15.597,-2.345,28.425,9.709,-2.077
55.848,45.985,-22.31,7.805,31.001,-39.843,22.185,3.258,-14.509,21.586,-22.676,11.18
51.405,-40.774,-24.449,40.69,29.204,-43.714,41.465,-19.358,-23.655,46.779,-30.581,17.012
53.42,15.079,18.875,-20.616,82.639,-4.903,39.547,27.316,12.506,-10.651,-1.229,-23.552
48.875,-1.862,-45.223,-7.477,5.829,-71.464,13.767,-10.064,-10.434,26.023,-13.24,-11.571
48.724,21.772,-14.579,-11.144,9.587,24.555,29.206,18.505,15.674,-4.453,-51.632,9.474
52.597,25.295,-0.171,-29.316,44.64,-15.792,3.323,-13.341,-22.537,37.318,-5.337,3.754
54.83,12.812,35.648,-11.548,67.598,-46.814,48.159,9.473,-5.44,0.575,-11.143,14.736
54.806,38.532,23.606,10.03,74.874,-26.43,42.579,24.084,3.486,-15.286,-30.858,13.378
53.955,21.753,32.122,-33.328,86.34,-27.472,5.814,32.187,-2.769,8.115,-4.274,13.202
51.12,-4.988,11.029,64.126,69.489,-32.239,4.813,-26.557,-1.345,-3.362,-22.967,9.504
51.961,47.578,31.954,-47.373,67.139,14.033,-1.72,60.667,3.676,-25.481,21.941,-3.852
52.146,41.282,-5.959,23.182,28.669,26.404,3.165,-34.771,-15.404,-6.924,-53.005,-6.975
48.009,12.642,65.545,38.57,85.837,34.034,-6.142,-5.692,-20.71,8.254,-6.025,-7.552
46.225,63.972,78.331,20.694,89.141,-53.048,-32.91,26.072,-10.807,27.227,12.305,-8.302
45.158,86.848,112.026,11.959,63.481,-45.836,-23.426,-28.229,-3.32,37.868,-4.52,6.369
51.266,30.677,52.51,-51.299,50.499,-23.69,-27.252,-11.887,-0.267,14.831,3.938,25.252
55.765,7.699,-10.832,-20.656,46.935,-35.43,-0.729,10.439,22.778,3.565,7.4,1.846
55.159,51.158,1.066,-46.645,66.961,-26.04,6.63,4.468,15.069,-12.077,-5.905,-15.607
55.602,96.444,9.04,-6.545,26.097,-8.011,-7.931,-21.258,5.637,-23.437,-39.881,8.143
52.23,46.381,4.105,-23.546,35.243,24.607,2.659,-5.057,-9.715,-16.12,-25.291,-0.806
52.85,54.098,6.037,-45.914,38.669,18.78,-3.686,9.138,-13.181,-37.235,-19.743,-11.003
53.28,143.389,-19.115,-19.514,-25.744,-34.683,-45.038,-27.835,-9.396,-0.353,-21.498,-11.372
52.265,63.288,-61.885,24.378,-2.97,3.109,-0.191,-19.277,-31.77,26.598,-40.862,-7.157
51.87,-3.544,-5.404,9.914,60.726,-0.392,41.206,-6.511,10.473,7.538,-13.464,-18.614
53.083,7.92,54.382,-46.035,30.928,-45.164,41.056,48.449,8.464,23.99,7.983,-24.454
54.224,42.139,2.895,26.972,22.729,-35.347,40.395,-12.591,-0.192,7.759,-49.723,-6.858
48.206,-1.153,-7.329,-41.085,12.657,-5.026,-3.537,16.445,24.386,-1.113,-28.807,11.375
53.607,35.803,6.953,-31.936,47.795,22.65,0.562,26.235,3.356,-23.5,-1.389,-9.155
54.215,68.848,-17.594,10.028,39.089,-39.755,-9.631,3.376,-2.432,15.424,-16.23,-15.929
53.492,65.102,-21.569,30.298,58.578,-25.571,14.469,24.222,-10.868,-7.083,-30.94,10.726
52.556,33.3,2.451,11.749,76.814,-16.115,25.841,-3.394,-19.106,27.341,-42.737,10.901
56.048,82.294,18.24,20.917,70.518,5.18,9.431,20.698,-3.392,-5.75,14.211,-2.595
51.824,62.15,-6.354,59.248,31.425,-30.695,-8.173,-30.119,-45.159,20.762,-25.997,-8.058
52.372,42.002,37.497,-18.192,77.028,0.977,5.727,8.27,-7.2,20.272,11.194,-16.885
52.525,37.59,-38.753,52.277,14.51,0.809,-9.798,-6.505,-20.894,-5.837,-50.525,-0.981
47.247,11.924,5.153,59.892,126.256,-8.164,14.071,-15.159,4.663,8.396,-10.875,-28.839
49.294,10.919,76.146,14.212,94.339,-16.42,11.77,-20.076,-8.887,30.436,1.447,-16.516
50.919,-1.017,92.015,-20.369,118.118,-41.449,30.136,27.256,-19.156,-18.152,10.228,5.124
51.508,19.166,63.031,38.296,115.153,-34.044,8.974,-1.379,-15.087,-5.851,-22.096,5.03
46.143,-64.382,-48.944,12.207,0.593,-87.121,12.304,-41.582,2.551,36.075,-14.816,-7.231
49.125,30.989,14.829,-19.14,20.556,39.285,-31.101,-18.801,-5.798,-29.991,4.411,-10.682
54.989,41.721,-36.31,-41.703,67.441,-3.149,23.289,38.152,13.344,-21.753,-7.571,-6.528
53.951,32.139,-45.37,-19.35,33.765,-50.806,16.844,33.003,-9.704,-2.216,-15.764,21.066
54.529,64.3,-37.639,-18.924,32.142,-10.194,-2.83,-0.168,-6.534,-4.668,-19.432,-10.72
54.392,80.86,-5.892,-39.833,35.741,-9.636,-20.189,4.381,-42.0,-6.062,14.696,-24.243
54.714,57.022,-19.072,26.149,16.847,2.333,4.271,-24.482,-33.547,-7.965,-66.495,-0.995
51.58,-4.709,-29.341,-14.296,29.546,-2.757,25.013,-14.264,-13.527,15.219,7.104,9.479
53.634,25.992,5.186,-37.187,95.925,-13.681,36.11,-16.668,-1.006,7.774,-24.192,18.358
52.746,104.338,-16.197,-16.185,32.723,-24.885,-33.181,-0.377,-17.069,-28.401,-1.856,-8.351
51.123,84.812,-17.635,15.551,39.086,6.253,-21.681,-35.629,-28.079,-2.728,-50.421,6.198
48.874,12.89,13.534,103.916,135.031,-38.89,-13.489,-28.366,-0.121,11.44,-25.188,3.412
49.147,-47.567,74.644,-32.64,78.593,24.314,51.573,8.175,11.047,0.469,10.188,-10.347
52.887,-17.19,24.577,-12.16,74.861,-39.253,22.158,12.371,-6.873,-8.027,-15.567,-27.853
54.582,40.829,-16.661,-5.045,44.265,-54.09,7.303,44.403,24.912,14.06,-11.671,-1.708
53.274,32.076,-5.428,-11.444,44.747,-32.732,-12.484,-4.275,-10.39,22.295,-19.547,-24.067
52.457,20.946,10.456,-9.047,9.194,-27.694,-18.296,15.816,-31.335,-13.452,-28.434,-22.206
52.363,59.559,11.6,-20.653,7.175,3.385,-22.602,-3.297,-24.16,12.4,-28.623,-20.828
52.737,59.249,18.202,-56.29,49.899,-11.419,9.895,15.152,-9.325,7.879,-15.001,-8.59
51.983,58.305,-12.907,-9.474,30.871,-13.437,-17.976,-45.6,-14.655,3.628,-43.877,-13.687
52.266,88.049,-8.478,-10.411,55.677,-14.633,-22.445,36.396,-19.214,11.198,7.97,-13.229
50.064,13.211,-16.054,54.925,23.838,-32.076,-32.124,-1.621,-21.37,13.154,-31.988,-11.189
51.147,-29.467,24.951,-47.849,72.179,-23.208,18.007,6.669,-10.279,14.562,13.807,10.151
53.189,82.555,-28.308,2.69,23.447,-29.147,-53.64,24.878,-30.581,-9.253,-29.332,-1.141
49.437,64.269,-38.985,-7.702,9.941,6.731,-34.352,-55.817,-25.382,44.32,-45.142,6.548
52.441,48.277,-9.459,26.154,86.022,-7.468,7.521,11.21,18.826,-17.786,-37.89,-8.575
50.745,87.839,-23.998,23.41,-5.831,16.065,-24.511,-33.698,-40.349,-18.631,-25.177,-18.192
54.715,90.152,10.539,-25.65,67.048,13.467,-8.649,-9.302,-13.216,4.136,7.402,12.154
54.614,103.654,-18.54,4.035,88.288,-23.82,-26.241,1.531,-19.136,4.535,-15.895,22.957
53.118,115.628,-18.02,-19.854,47.551,-26.358,-17.858,-25.298,-23.689,20.935,-12.033,9.391
51.136,38.881,-33.882,31.445,41.974,0.529,-3.586,-13.782,-18.059,-4.017,-55.69,9.887
51.309,54.067,-15.926,30.008,29.277,1.07,-48.271,-56.577,-26.88,-2.971,-7.596,-13.568
51.889,67.723,9.356,-16.287,81.91,21.185,3.097,25.889,15.3,-15.367,-42.383,-14.368
51.316,118.023,-34.051,52.064,-8.355,-21.365,-28.378,-42.091,-45.857,-5.505,-29.21,10.02
51.747,68.312,-39.863,12.592,105.455,-10.658,-12.609,-10.83,-4.933,3.822,-2.248,18.311
52.927,70.387,-1.446,-2.782,69.389,-27.865,-22.224,-23.057,-47.454,10.578,-15.865,3.116
53.198,76.139,-11.14,6.839,30.35,-33.481,-23.966,-0.204,-1.581,-3.502,-5.958,-3.879
50.168,9.485,-39.684,59.332,82.067,-57.431,-11.889,-34.842,-14.681,5.896,-39.559,17.691
52.415,47.709,15.866,-52.246,80.637,-9.133,2.968,17.064,-32.364,16.147,24.285,-1.692
53.146,82.64,-19.165,36.923,116.934,-35.87,16.812,-17.337,0.604,-20.48,-45.816,1.988
51.525,135.647,-39.986,39.113,23.962,8.396,-48.425,-25.438,-27.716,-8.299,-40.683,-6.977
51.848,52.071,-11.902,-9.437,124.302,13.086,1.9,-21.948,2.509,-10.881,2.274,18.613
49.648,8.172,-0.572,64.874,15.996,-12.128,-48.839,-9.345,-12.563,-43.832,-30.269,-6.379
51.708,41.616,8.304,21.829,41.879,-15.775,-8.265,2.307,7.273,33.257,-11.398,17.201
53.763,82.216,-10.138,6.475,84.465,-11.055,14.587,11.34,-1.015,4.121,2.609,3.99
53.392,26.954,30.21,-30.517,98.062,-45.96,43.301,19.378,6.155,7.835,-7.01,0.971
52.817,48.252,17.785,73.399,70.876,-49.345,31.832,-5.406,18.04,0.521,-33.05,-2.327
50.565,71.788,-6.167,39.685,-1.923,2.733,-17.226,-18.346,-6.769,-29.475,-29.471,-14.141
51.953,55.561,-13.437,4.394,113.868,5.259,8.89,34.603,20.897,-9.165,-12.223,20.341
51.379,64.87,-11.309,-8.79,81.802,-0.2,-20.675,8.346,-14.874,-9.111,-21.762,-2.95
52.104,104.189,-43.894,15.677,63.45,-30.383,-30.6,35.384,-18.953,-4.316,-8.694,-2.438
51.911,30.912,15.56,-11.334,62.725,-25.537,12.887,40.323,-6.55,-9.21,-10.468,0.158
53.584,106.489,-9.505,43.566,80.991,-49.649,22.137,0.894,7.253,6.915,-37.301,9.21
53.876,105.568,-26.207,40.91,124.577,-48.853,18.509,10.087,-3.208,-5.931,-26.066,3.565
48.572,57.073,-26.212,34.116,13.699,-5.613,-30.607,-42.096,-25.144,12.28,-38.789,-3.973
51.926,-4.253,26.887,6.252,101.509,-8.857,42.001,24.437,-10.753,9.606,-4.08,27.823
52.796,27.796,21.067,-2.995,112.312,-50.524,29.343,46.733,2.06,-7.768,-9.008,15.617
53.053,108.282,-4.454,58.17,54.053,-12.99,-12.237,-22.45,5.839,-10.562,-36.445,-2.147
50.555,36.77,6.163,-49.874,114.827,0.9,9.263,-28.181,10.147,-15.609,-9.924,5.345
49.773,3.738,23.753,41.728,79.65,-22.898,4.038,6.814,2.471,-14.363,-32.276,-16.165
52.403,120.549,-17.59,8.936,95.775,-14.782,-24.179,9.827,-8.411,-9.809,-10.683,-5.709
52.431,94.805,17.832,29.659,76.773,-16.919,-19.451,-88.961,-32.623,8.473,-48.446,9.369
48.24,3.696,-2.866,115.104,128.285,-5.966,-5.29,-27.385,11.729,10.564,-33.211,34.101
51.891,69.983,20.158,-8.568,78.493,27.52,1.513,-11.982,-3.14,-0.653,13.158,3.479
47.432,54.281,-11.269,9.662,81.797,16.236,-24.55,-40.195,-24.138,17.42,-59.326,23.193
48.302,31.989,-36.473,38.671,70.887,-34.931,-9.236,-11.701,-10.933,49.168,20.668,32.998
51.597,63.009,38.685,-50.385,120.739,1.72,29.064,35.186,-6.208,31.059,-7.259,11.176
50.916,162.707,-12.083,27.301,49.919,22.645,-45.903,-12.316,-9.864,-13.915,-13.067,8.807
48.801,66.002,-5.053,30.643,141.128,54.985,-3.271,-19.708,3.563,-16.857,-43.246,36.343
50.863,62.806,-47.49,4.762,34.895,26.612,18.352,26.478,4.661,23.593,48.92,-5.757
49.794,47.308,-20.748,2.951,36.904,13.236,31.963,8.089,-2.618,18.468,-43.496,-10.098
52.644,54.122,-1.811,27.936,39.065,-54.861,14.007,-13.735,-4.096,10.899,-14.747,-17.505
52.889,51.286,3.804,16.89,45.609,-31.424,25.412,3.549,-3.259,-0.752,-16.739,-37.488
50.228,41.021,-17.235,-6.65,64.33,-18.213,21.224,20.942,-18.312,-4.461,-28.721,-25.798
54.829,71.354,18.569,34.276,49.307,-0.607,12.397,-4.742,-17.263,16.928,-3.136,-3.453
52.785,24.613,15.485,32.368,85.16,-16.838,28.596,-21.922,-8.537,-9.146,-26.82,-7.234
50.764,14.931,-37.864,-2.91,10.355,-27.456,4.068,17.985,-1.806,-11.032,7.994,-1.299
47.845,35.06,31.378,-8.461,55.251,4.046,0.308,-14.877,-35.347,9.539,-31.571,-14.686
46.692,-31.21,34.196,-1.041,65.696,-17.096,-4.179,4.706,-13.583,28.006,-9.485,-13.824
50.605,29.806,22.879,-42.0,77.423,0.754,9.229,11.185,-1.234,21.595,-10.08,2.657
51.96,43.35,25.17,33.893,63.456,-2.033,-19.705,-8.54,-25.984,9.104,-2.378,-5.446
53.497,-2.064,67.392,-2.203,64.853,-29.413,15.19,25.106,8.731,8.072,2.958,17.047
55.978,29.354,-7.0,-6.386,15.959,-28.552,11.193,3.465,-3.947,-3.109,-1.658,-15.459
54.166,19.146,-8.305,-37.042,28.966,-42.562,30.554,-11.731,8.648,19.533,3.057,-7.558
55.75,68.34,24.421,-23.342,38.269,-40.72,11.717,23.447,-1.898,-12.12,-3.887,3.289
55.776,50.5,7.232,59.36,46.842,-22.212,16.496,-7.521,1.392,1.364,-43.925,-13.461
52.007,24.839,30.417,-57.502,55.68,9.379,57.191,-5.004,-1.965,-18.117,-8.269,-20.737
53.518,15.064,12.91,-11.434,43.007,-44.706,18.479,36.041,-17.131,-3.425,-22.433,-11.81
50.565,-23.94,-14.974,29.958,29.873,-36.391,30.84,0.131,-8.401,-13.501,-29.768,-21.782
45.553,-4.873,-32.458,19.836,-7.181,-63.964,30.921,-29.418,-14.804,24.558,-19.101,-17.899
50.676,-2.939,11.037,-111.553,14.471,22.04,29.145,26.513,14.398,4.819,-19.261,-12.867
54.707,48.112,11.86,-10.629,43.318,-37.783,41.416,6.946,17.134,1.34,-21.95,-9.553
54.058,26.11,46.656,-16.711,33.427,-31.283,15.526,17.227,1.754,10.995,-3.815,-28.845
54.668,76.445,10.528,12.543,52.034,-40.101,24.086,-13.611,0.894,-1.748,-18.939,-4.301
56.59,72.157,29.668,17.146,46.149,-18.657,-20.199,10.404,-20.611,-4.192,2.224,-13.76
50.87,38.494,1.03,69.22,33.329,-11.258,-25.376,-19.579,-23.566,-32.655,-45.533,-32.013
47.399,-29.868,20.691,-18.853,51.926,22.298,12.959,-20.545,-21.748,-6.838,-3.602,-11.212
48.466,-9.307,-54.331,31.263,-19.369,-54.475,7.229,-8.003,-10.395,-16.623,-20.112,-4.35
47.092,-27.504,3.087,39.052,78.315,-28.795,2.129,23.197,-23.26,-15.683,1.421,-8.56
49.635,71.123,14.066,20.078,64.995,9.635,-12.32,-22.679,-26.931,-21.531,-1.261,-6.632
50.55,6.965,39.192,-25.781,88.078,-26.592,-9.118,14.974,-12.014,32.945,20.965,-0.305
51.246,25.796,-19.804,20.986,-2.869,-1.321,-6.954,-13.053,-16.842,3.092,-46.996,12.081
52.215,69.561,-7.519,-40.718,37.301,39.37,10.693,-5.009,-13.618,-5.37,-22.77,1.261
52.87,4.29,-45.556,50.859,62.244,-12.947,50.201,11.921,-8.358,0.489,-43.716,9.491
49.994,-33.161,6.905,-15.657,61.323,-12.329,69.085,10.801,-31.8,14.75,6.778,-1.393
54.394,88.464,-13.35,-60.963,42.204,-1.398,45.575,-6.216,-4.404,-2.534,-34.337,13.096
55.507,32.784,-1.009,-12.833,74.634,-42.509,33.383,4.761,2.513,-3.064,0.943,20.722
54.594,25.337,-30.482,-9.715,33.349,-47.467,24.342,8.502,-26.492,0.429,-6.709,-3.293
54.047,48.696,-0.594,-32.903,54.413,-34.413,-0.436,16.534,-11.746,-16.223,-15.364,-19.0
51.979,17.117,-18.584,-8.146,30.069,-41.061,29.136,12.022,-17.902,37.975,-22.039,-9.316
50.886,46.376,-58.038,26.867,3.436,-58.374,-5.316,10.303,10.924,-3.294,-15.872,-4.565
54.806,41.116,-14.727,-3.352,53.5,-10.422,4.386,11.567,-4.012,-6.058,-11.787,-3.01
53.908,15.549,8.516,-26.74,66.521,-30.022,25.426,4.723,-25.727,1.369,-6.319,4.529
54.349,44.651,1.988,18.537,54.022,0.741,10.805,22.612,-1.787,-36.237,-10.334,6.791
52.854,1.452,15.027,12.07,81.176,-18.156,25.019,-5.107,5.344,8.975,-3.093,15.36
53.178,18.71,-23.288,-1.144,18.471,-14.8,-13.583,14.724,-19.687,5.215,-2.1,-3.279
49.059,-18.318,44.39,75.864,87.25,-29.277,-36.572,-0.696,5.544,-4.144,-15.239,-8.28
50.298,9.026,50.613,-10.546,113.443,-9.256,-27.544,-11.322,0.296,21.261,13.439,0.133
50.281,13.365,69.623,9.482,88.185,-29.952,-45.627,-2.519,-0.349,5.765,3.276,14.303
53.442,-0.292,30.875,-36.967,40.671,1.698,16.393,13.581,-5.265,19.446,8.091,4.122
54.969,79.352,-18.005,-13.701,45.48,-34.792,22.691,42.016,-0.479,-6.64,-5.441,-2.607
54.33,56.363,7.234,-45.511,32.962,-36.192,-16.066,40.69,17.988,31.992,-11.499,-4.777
55.518,74.122,-4.131,-26.543,13.319,2.103,-6.722,-0.483,-9.533,3.109,-35.931,17.334
53.836,12.703,6.759,-11.539,64.923,-42.723,23.422,10.373,-9.782,7.035,-18.796,7.048
53.29,55.01,-7.981,-20.908,47.593,-17.977,-4.206,5.995,-14.999,39.724,-5.031,-13.335
53.619,73.801,-32.019,-33.026,19.804,-16.749,-3.272,-2.885,-10.584,27.868,-27.765,-5.976
51.917,-1.904,12.12,12.598,34.511,-58.044,37.531,4.138,5.157,2.679,-12.292,-19.067
53.126,35.628,37.27,-45.737,39.164,-57.179,49.367,36.99,-3.577,31.334,-9.213,-11.674
55.324,39.351,-19.069,-4.452,32.114,-54.612,16.16,-8.729,8.651,29.94,-5.073,-6.281
54.792,33.42,0.808,-9.844,36.512,-46.068,36.264,2.781,-10.311,0.171,-27.215,-11.764
52.534,47.149,-38.466,11.264,33.506,-31.509,18.428,-6.346,-6.75,-10.925,-35.474,-5.149
52.091,-5.604,8.158,-25.546,69.738,-34.167,31.64,-9.751,-1.678,28.376,-9.912,12.577
54.15,-19.096,33.372,-9.296,53.047,-54.469,16.558,33.722,2.877,-0.707,-1.96,-4.602
53.414,48.8,-10.967,-19.491,37.22,-18.808,11.875,18.022,-25.204,-3.761,-27.693,-9.001
53.631,84.464,0.716,-42.713,19.99,-8.641,-24.779,-20.494,-30.448,15.03,5.111,-33.474
55.436,55.452,3.909,44.368,30.306,-30.45,-14.933,-6.095,-18.494,-2.8,-37.774,10.359
53.591,16.816,32.555,3.932,65.863,-24.101,15.216,-10.764,-14.506,9.057,-0.867,13.976
51.276,36.693,1.323,30.83,57.7,0.734,-9.704,14.357,-15.429,-2.42,-17.298,-6.208
44.818,14.315,73.519,-38.149,76.234,-1.287,-8.802,38.256,5.409,-7.531,-30.533,-18.066
52.417,-45.64,2.625,5.798,48.907,-37.146,45.134,-10.586,13.108,13.573,-17.655,-8.571
49.822,7.454,92.104,8.703,58.704,-8.682,-25.867,39.278,13.296,-32.294,-2.663,-11.524
52.347,24.093,46.535,9.148,44.69,-4.883,7.597,-7.035,-11.895,9.306,23.355,-14.6
49.653,19.983,70.091,24.208,84.14,2.533,-17.046,-28.625,-62.495,18.717,-26.413,17.787
50.709,68.841,74.459,50.16,114.98,-45.553,2.305,47.223,-14.976,-25.738,-2.349,21.526
48.824,30.014,65.015,61.159,97.053,-21.915,-12.588,-4.947,-9.697,-22.419,-10.937,6.8
50.082,21.249,98.248,1.106,72.128,-9.191,-6.847,-13.576,-46.111,16.851,2.07,-16.11
50.552,93.357,70.207,24.786,68.853,-38.678,-25.685,30.733,-37.923,-29.413,-16.006,-45.007
49.652,41.124,95.092,17.193,105.797,-26.153,-18.705,-49.804,-45.132,18.731,-11.207,-39.372
48.919,58.08,-6.087,43.405,6.648,-47.715,8.181,-25.174,11.989,17.749,-34.111,-6.032
46.707,61.301,34.252,13.743,-6.795,-42.9,15.913,-11.113,2.102,12.295,-15.051,-10.057
47.488,41.127,-5.84,67.966,34.489,-25.748,3.648,17.509,8.271,14.29,-5.306,-17.758
47.46,35.745,-12.064,66.066,65.942,-20.095,9.343,-14.994,9.51,21.293,-15.55,-29.871
46.46,49.281,27.127,8.897,79.469,18.527,41.275,17.894,23.042,-14.0,-12.419,-26.552
44.987,50.374,29.708,78.374,74.755,-11.154,18.716,-18.882,14.276,-5.425,-20.822,-12.655
42.281,-11.832,14.049,74.782,51.773,-107.868,19.182,11.399,1.762,29.426,-24.381,-4.938
43.457,38.994,69.357,-29.663,45.07,-20.987,34.33,15.946,-2.199,-4.649,-41.111,-11.377
43.506,21.797,18.749,106.327,45.339,-78.879,4.309,14.061,-4.859,30.893,-16.735,-2.39
45.505,53.558,84.72,5.568,77.211,22.354,47.785,-1.069,-0.021,-8.079,3.116,-15.19
45.376,71.884,6.415,79.83,28.777,19.2,-3.835,-23.9,3.994,-6.723,-17.37,9.721
42.41,59.167,31.436,58.188,-2.57,-19.446,-9.989,0.531,-0.635,-4.732,-18.532,-3.076
38.701,94.336,2.62,-18.079,23.858,-31.785,-0.437,12.955,1.484,-10.389,16.106,7.799
40.515,-20.78,10.463,99.125,23.054,-37.391,-29.82,-45.232,-15.809,95.718,-26.306,9.759
45.104,31.58,76.897,-45.25,27.082,44.565,-17.026,36.855,8.544,30.501,-10.91,-11.265
43.342,3.662,60.144,40.098,6.741,-21.36,-31.636,2.181,-15.926,31.828,-15.949,-30.496
44.421,23.044,66.141,9.239,38.731,-6.111,-24.041,38.966,14.524,9.388,4.05,-8.545
46.544,104.43,0.019,48.857,18.097,-28.653,-40.667,-15.549,-1.589,4.594,-14.073,11.048
39.711,76.318,45.419,-11.097,-30.122,-8.911,-32.816,-11.598,-33.106,-25.625,-2.412,-12.183
41.115,87.96,71.539,-55.73,-25.383,-12.664,-26.183,6.955,-31.833,1.611,-21.837,-11.401
42.862,92.155,93.116,14.411,-1.928,-16.849,-6.667,-72.128,-28.746,33.254,-22.986,-27.072
41.455,56.352,51.734,43.297,-7.248,6.538,-40.612,-2.76,-23.057,16.621,-53.635,-15.658
38.564,32.335,55.665,-34.993,-9.028,47.708,5.432,-10.177,1.391,0.302,-59.002,-24.339
36.878,41.98,83.098,-139.458,-12.418,40.151,-5.276,-31.577,-15.445,30.811,-9.27,-13.418
43.626,43.948,34.521,-32.092,-22.914,-7.379,-48.856,4.883,-20.117,6.751,-2.953,-33.685
43.826,-1.439,95.285,-36.994,15.764,-5.355,20.449,-15.09,12.348,29.728,-19.171,-32.358
48.101,56.688,78.472,-8.24,23.806,-12.524,-20.038,34.807,3.345,-33.745,-18.653,-18.913
46.739,36.53,48.175,52.109,37.825,-19.153,-22.339,-10.653,-1.758,25.232,-44.102,-21.956
46.194,72.425,68.192,-1.209,39.883,34.562,-12.291,20.308,20.877,27.856,7.5,-8.706
45.911,-32.346,95.017,6.42,23.305,-6.46,-3.466,11.209,-13.391,36.737,-5.935,-20.399
44.576,21.966,79.196,-16.244,-18.806,-20.732,-29.613,4.798,-28.434,-15.434,-9.839,-26.3
48.218,53.658,46.556,32.111,-1.641,-16.988,-22.162,-31.703,-32.064,-7.785,-6.208,-6.938
47.129,39.795,76.586,20.298,31.312,9.963,-22.302,15.703,-29.964,-23.844,-37.651,-5.797
43.668,115.326,37.008,-12.006,-9.706,0.328,-25.539,21.316,-22.374,-25.01,-15.227,-14.283
46.804,141.415,81.92,23.651,19.116,-31.797,-4.543,-12.855,-13.858,15.955,-7.133,11.128
47.047,73.45,45.54,-28.587,26.189,-28.089,0.349,9.13,-17.34,-9.364,4.804,11.677
48.892,80.468,62.011,-4.718,48.51,-25.096,-2.456,25.505,-16.024,12.408,-7.718,8.621
51.073,69.493,-50.668,-21.984,6.211,-49.493,6.751,7.136,-19.126,1.295,-22.118,-20.972
47.44,18.606,19.723,-41.867,-5.067,-10.969,36.131,-21.411,-12.723,32.797,-7.898,-34.279
49.361,26.911,12.92,8.543,9.453,-59.551,15.951,15.844,-0.18,24.119,-25.429,-19.734
47.397,64.765,-6.112,-22.636,-14.816,-22.781,7.632,41.531,-25.08,-23.845,-18.211,-47.694
48.803,37.856,18.311,0.498,53.275,-37.199,49.488,10.819,8.598,33.37,2.123,-41.36
52.259,49.634,11.474,108.521,28.893,-28.584,12.922,-30.775,-2.34,-1.796,-14.657,-1.933
42.317,47.657,36.848,26.788,-63.386,-9.451,1.71,4.974,-30.666,-0.132,-25.508,-37.634
46.135,31.263,9.945,13.598,-2.069,6.847,1.202,34.112,-5.527,-11.815,8.737,-40.06
39.395,55.125,125.936,46.94,30.2,-3.251,-39.222,3.125,-23.673,-11.612,-1.989,-11.576
38.606,138.565,128.862,-11.993,61.291,11.201,-13.464,11.797,-3.554,-55.823,7.756,-19.975
42.423,162.792,136.715,4.951,76.896,-44.506,-15.571,-10.111,-17.065,23.893,-12.003,12.292
43.164,139.724,137.908,16.165,61.975,-14.277,-22.498,-0.192,21.117,4.05,-7.971,13.562
47.931,85.24,77.155,-52.294,21.197,3.752,16.512,-10.725,-4.114,23.854,-16.22,14.665
48.736,3.775,39.046,10.557,-12.145,-22.777,42.132,16.458,22.022,18.247,-34.154,-5.841
52.315,45.102,26.268,3.514,6.74,23.66,37.585,19.455,14.002,-43.298,-42.245,7.615
48.196,-35.152,53.546,7.494,3.549,-21.221,53.606,33.778,14.939,-30.269,-18.671,-25.834
46.861,55.774,16.544,0.931,-72.179,-29.605,-3.974,-8.316,-22.815,1.669,-25.763,-29.229
48.355,-27.319,-31.811,4.047,-53.429,-55.098,-6.697,-11.512,-17.962,31.956,-25.837,-32.823
47.46,62.208,0.528,-33.909,-70.366,-14.82,10.049,-18.47,-5.499,-20.174,-1.772,-37.847
46.473,17.913,-29.834,26.337,-36.989,-47.424,2.571,-29.241,4.453,11.753,-4.009,-29.562
43.816,-59.94,-5.679,12.629,-36.694,-56.016,21.634,7.946,16.864,16.087,-2.808,-7.051
47.949,48.352,-91.543,-44.158,-25.696,-55.215,-12.475,12.194,-11.105,-1.972,1.214,-1.599
48.509,21.991,-52.557,-8.343,-16.203,-8.145,4.294,-13.937,-9.856,33.885,-57.762,-3.697
45.601,5.241,1.381,-1.897,-49.932,-5.2,-2.506,5.321,-21.063,24.289,-8.569,-17.672
45.263,-44.322,29.6,10.262,-21.116,-26.653,37.521,25.789,6.547,41.779,-14.446,-22.726
44.565,8.637,19.173,-15.682,-73.475,-37.738,10.261,25.094,-12.103,-29.777,19.597,-26.565
47.279,74.261,-38.651,13.524,5.648,-30.193,14.232,19.374,-36.299,-12.187,-10.556,-37.823
49.627,55.194,1.754,63.366,19.281,21.643,9.98,18.344,11.568,-26.392,-39.218,-25.174
40.864,80.657,1.989,41.058,-54.97,-61.542,12.717,-20.093,-28.37,26.977,-29.269,-17.998
41.994,-30.161,-41.864,35.442,-68.426,-58.126,-13.084,44.215,-6.337,-36.768,1.426,-17.803
39.567,151.303,84.85,24.426,-15.108,-33.936,-4.361,-34.558,-39.571,40.876,-34.824,-25.04
42.852,158.861,105.091,3.063,26.021,23.935,-38.601,-27.631,-78.523,43.817,-15.084,-5.398
42.006,79.676,37.041,36.536,-4.274,-18.018,-29.244,-29.528,-37.709,35.635,-43.563,-1.682
47.466,66.731,-109.979,-41.092,-10.801,-79.011,-17.599,32.208,-32.375,-16.027,-9.277,-17.416
46.954,54.644,-119.119,-42.417,-5.668,-85.59,-20.853,19.954,-23.268,-4.038,-19.16,-12.438
44.091,7.793,-108.508,8.351,-9.294,-87.874,1.838,-14.635,-19.862,-7.356,-13.949,3.37
44.187,65.897,6.303,-66.376,-81.405,9.192,3.008,22.949,4.451,-25.002,10.484,-26.499
50.07,75.986,9.37,-76.77,-44.082,18.615,20.627,-26.621,-10.428,13.271,-58.508,-2.898
49.898,7.783,3.944,-29.372,-20.289,-2.742,31.407,-50.125,-5.846,-0.279,-21.012,-8.918
50.524,16.727,-20.763,22.123,-27.783,-55.661,3.749,16.212,6.516,-14.282,-13.13,-15.221
49.036,-5.037,-21.245,6.026,-32.833,-66.473,10.361,21.899,-15.824,22.566,-10.1,-6.022
47.577,33.142,18.475,-40.255,-54.034,-14.308,39.363,-10.295,-20.029,0.392,-24.659,4.109
48.441,24.488,43.408,-6.638,-12.58,-39.752,34.259,-8.487,-15.978,47.759,-34.401,-7.093
50.187,64.846,-37.228,-35.563,-14.769,-59.03,-9.299,12.877,-5.246,-14.888,-4.259,-34.022
47.813,46.236,7.196,6.325,-31.419,-18.885,-5.518,-10.381,-27.69,8.535,-27.804,-32.89
43.136,-18.087,44.251,-18.574,-25.967,4.973,28.651,-34.182,-10.799,-5.053,-24.757,-13.115
44.233,-3.037,34.863,10.331,-24.958,9.703,15.531,34.316,10.757,7.397,-21.881,-26.85
41.326,2.235,23.125,17.573,-34.616,-14.714,2.353,8.271,-6.973,23.031,-16.677,-26.038
43.869,14.968,30.574,60.05,-7.525,14.272,-25.742,34.862,5.748,-13.55,3.902,-15.762
40.61,41.305,43.033,-1.45,-39.729,2.094,-19.833,-25.942,-25.961,8.052,-50.695,-18.962
37.677,-30.81,36.1,-15.279,-48.107,-20.583,19.479,7.675,-25.469,-6.144,-22.079,-1.681
38.658,-0.088,44.059,-43.115,-43.967,-21.949,5.463,8.951,-8.421,-8.42,-6.489,-26.974
39.654,-10.354,49.946,-32.933,-42.314,-17.725,2.13,11.066,-23.213,-11.12,0.705,-26.1
43.111,55.912,64.583,-62.1,-29.231,-12.04,-6.221,14.993,-1.808,-7.977,-1.358,-11.222
47.498,57.432,78.749,-20.936,-17.445,-26.256,-3.215,-3.638,-13.326,9.211,8.055,-9.296
46.377,72.064,61.333,6.092,-16.93,-18.335,-5.875,4.373,0.561,4.272,-14.513,6.813
44.733,25.925,59.565,23.294,-27.769,-24.361,-2.67,-3.632,-25.011,17.27,-19.196,-12.202
45.642,45.812,49.289,20.047,-32.075,-31.796,-10.469,17.03,-9.319,2.024,-2.727,-18.289
44.732,49.169,59.31,-12.188,-38.737,-19.281,-8.554,-9.702,-16.634,14.433,-21.808,-29.8
43.361,15.407,31.434,53.509,-6.8,-17.648,-19.844,16.745,2.495,15.536,-18.274,0.523
42.614,38.068,43.149,-3.841,-35.391,-4.302,-5.604,-14.701,-20.664,4.142,-9.549,-16.105
42.061,41.471,35.48,-17.75,-48.165,-6.351,9.416,-2.852,-8.938,-20.461,-11.993,-13.213
43.298,76.978,35.648,-30.435,-44.813,3.666,-7.165,14.803,1.838,-25.87,6.949,-18.992
45.121,-6.351,64.76,39.453,-2.145,-39.004,-3.557,15.308,2.518,12.934,-41.235,-30.665
43.86,25.269,53.339,-31.307,-24.506,24.778,-5.681,49.58,-18.086,-4.29,15.162,-23.134
44.533,59.369,34.08,-6.406,-34.81,-11.65,1.696,-48.907,-22.862,45.46,-32.788,-12.674
41.44,5.661,35.582,-11.16,-56.712,9.391,4.318,9.744,-36.592,-5.379,-22.006,-21.4
43.648,-25.483,77.014,-6.576,-0.889,-15.622,20.209,3.614,-11.595,33.362,-2.826,-12.375
45.344,20.639,75.793,5.739,-10.807,-10.758,-22.513,53.16,-6.45,-15.376,-1.752,-24.78
43.503,35.301,58.683,10.938,-26.68,-11.169,-22.473,-19.728,-29.201,30.151,-31.24,-32.424
40.783,60.15,53.229,-52.487,-55.132,-4.304,-13.69,11.22,-26.059,-25.347,7.353,-6.819
45.43,-23.725,83.777,13.231,22.542,-6.825,16.072,16.586,7.561,24.191,-31.077,-1.454
44.087,4.061,58.065,-17.766,-26.646,-1.763,0.604,16.8,-22.318,7.524,-5.331,-10.808
44.51,21.268,59.647,11.762,-31.396,-24.262,-5.331,-6.542,-24.795,11.957,-7.875,-20.415
45.73,1.735,70.635,-14.785,-3.414,3.479,4.036,18.992,-3.751,34.586,-19.363,-18.132
43.761,52.617,41.755,2.004,-38.474,2.765,-34.732,-21.62,-21.929,-12.974,-20.096,-23.158
42.626,7.62,44.328,31.194,-14.796,9.907,-1.068,-11.241,-16.523,20.563,-29.8,-7.973
39.148,-6.841,36.76,-21.668,-45.944,-16.852,-4.181,-2.683,-32.148,-5.812,-4.965,-9.802
41.612,37.577,45.822,-37.02,-60.904,-15.641,-4.241,3.408,-26.482,-12.333,-2.178,-27.016
44.207,-16.653,61.403,4.377,-20.575,-12.134,29.559,8.512,-6.697,17.369,-31.914,-22.007
43.33,26.871,50.725,-21.113,-37.429,-1.57,5.171,7.469,-12.651,-10.726,-16.906,-24.4
45.176,40.826,58.158,-19.545,-23.743,-1.345,-1.499,30.182,-1.74,-3.702,-12.462,-1.31
44.106,16.947,31.506,43.269,-33.894,-22.177,-39.253,-1.39,-34.442,2.692,-18.46,-23.28
42.062,3.657,65.104,-13.745,-30.876,-24.15,19.507,5.489,-12.332,17.169,-17.503,-17.286
44.699,16.911,78.842,-28.091,-22.457,-12.442,11.966,29.867,-11.049,2.324,-0.083,-24.162
44.869,-20.184,38.675,57.068,18.845,-10.803,-0.269,13.139,0.546,-30.487,-43.39,-8.907
41.758,57.256,50.309,-52.26,-46.535,22.517,-15.527,15.158,-16.72,-29.856,-16.294,-23.181
44.717,50.994,61.704,-20.401,-30.623,4.43,-17.665,-41.925,-37.236,10.094,-12.012,-21.151
47.125,10.504,70.497,50.27,27.32,-50.889,17.374,13.495,-5.499,33.755,-20.408,-11.516
42.429,39.366,35.073,29.863,-28.447,-1.991,-24.559,-13.231,-18.128,7.855,-31.31,-6.278
39.783,35.327,7.825,-2.801,-25.206,-27.099,19.909,-14.41,-29.961,-7.692,-22.598,-3.678
40.404,29.189,33.092,-7.928,-35.923,-3.232,-7.101,-14.809,-6.523,-19.343,-7.38,-38.084
43.46,7.915,90.674,-68.168,-13.728,-1.761,13.986,4.405,-14.725,4.97,-10.823,-18.399
46.86,79.881,58.506,-8.016,-14.03,-17.05,2.364,15.264,10.809,6.415,-13.714,-6.707
48.305,34.2,76.006,10.54,17.494,-25.68,9.569,21.154,24.146,12.606,0.109,-23.26
47.742,42.9,50.758,50.984,8.999,-20.611,-3.082,10.854,14.71,6.4,-20.801,3.766
42.273,40.202,39.054,-17.12,-32.796,-18.506,7.605,-0.293,9.45,6.181,-13.402,-22.027
40.195,24.964,38.358,7.047,-35.357,-24.806,-6.601,10.303,-6.916,-10.347,-12.039,-22.477
42.167,88.903,13.561,20.492,-55.484,-7.481,-25.224,-49.296,-18.323,3.539,-3.048,-11.432
45.409,41.785,49.457,-20.494,-13.296,14.239,-8.382,-12.179,-7.483,22.114,-5.735,-15.852
45.683,-13.981,40.497,31.645,1.797,-25.414,-17.274,2.709,6.543,25.184,2.023,-22.661
46.871,5.773,73.046,8.112,7.629,-37.339,7.903,53.449,19.792,4.104,11.632,-27.657
46.649,21.698,64.714,21.914,11.286,-26.902,3.242,6.701,8.005,25.531,-20.848,-14.684
42.713,-42.512,51.733,32.611,-4.164,-30.167,-7.609,39.374,-7.385,-4.538,-6.435,-26.771
43.12,-7.998,59.947,16.21,-15.086,-28.493,11.572,5.384,-5.485,36.261,-0.929,-33.442
43.534,39.714,26.681,15.961,-41.291,-37.207,-17.38,21.945,5.737,-17.795,-1.943,-23.614
44.635,89.191,33.571,-39.199,-62.177,-5.323,-35.709,14.186,-22.72,4.207,3.318,-33.059
45.811,24.172,50.091,17.859,-21.198,-36.113,-10.577,3.464,-15.08,22.145,-16.308,-17.778
43.0,-23.683,84.995,-37.928,-5.149,-23.144,2.66,-18.385,-32.01,11.198,-8.534,-1.364
44.081,23.019,46.863,44.244,-9.914,-25.715,-31.258,12.034,-5.006,-25.007,-20.366,-21.596
40.518,20.869,8.901,-14.159,-12.742,-37.533,-12.928,0.421,-15.247,6.102,15.409,-13.728
41.825,52.377,-4.574,-7.228,-7.627,-37.385,2.516,-6.21,-18.143,-8.15,-16.302,-1.565
41.66,-17.598,-9.901,3.267,10.876,22.959,12.217,-0.742,-27.963,-25.115,-27.234,-16.641
44.068,-33.927,-13.407,46.835,47.244,-28.262,0.49,-10.68,-24.49,-1.93,-3.697,-23.896
43.287,-1.244,48.146,-67.866,18.552,-12.603,2.335,18.765,-22.12,-12.622,-28.472,-23.558
47.016,85.142,39.98,9.75,20.099,-42.106,5.051,-15.803,-27.776,15.512,-9.843,3.228
46.655,40.936,18.376,49.593,36.345,10.984,22.435,-11.471,2.579,-21.586,-23.398,-22.197
43.023,-28.439,10.678,58.728,26.249,-22.805,41.944,-7.973,-3.797,-0.318,-22.46,-35.938
43.634,18.666,53.212,-45.396,-19.393,10.648,24.823,12.201,-0.775,-15.838,5.72,-33.665
45.264,31.274,42.144,27.625,-8.868,-31.879,24.924,15.729,4.724,13.744,-9.725,-5.439
40.35,26.306,21.136,8.78,-23.431,-22.857,22.091,-4.419,0.463,5.41,-22.178,-10.985
41.055,40.877,16.974,0.002,-14.959,-16.554,23.623,9.207,-20.651,-13.315,6.122,-13.293
41.14,40.116,-0.597,45.088,-14.553,-2.429,16.495,-25.664,-20.787,-19.54,-16.67,8.933
43.277,44.885,33.581,-77.641,43.947,10.928,41.019,-56.132,-22.693,-10.761,-29.849,-16.662
41.568,-1.761,64.207,8.52,-9.884,-33.385,6.458,-36.766,-8.473,12.653,-23.65,-18.954
40.593,19.7,15.955,-10.865,-1.928,-34.939,27.652,-6.55,-17.046,0.717,-12.416,-9.417
45.631,85.88,42.053,-94.749,4.978,-1.394,-32.957,29.639,-19.481,6.501,-13.065,-29.11
50.77,138.479,18.523,-16.982,18.129,9.055,-49.595,-65.666,9.921,23.878,-24.792,-1.392
49.148,80.995,56.607,-31.427,14.309,-16.59,-19.59,-0.233,21.315,13.782,-17.37,18.047
47.186,27.947,69.207,-12.061,24.029,-20.768,-7.366,-20.266,3.674,13.233,-13.313,8.134
49.498,68.195,58.897,6.112,10.863,9.638,-29.313,25.564,26.153,-33.499,-34.337,-17.263
47.555,37.238,48.718,15.125,2.774,16.828,-13.072,-3.025,1.859,0.226,-26.462,-33.645
48.573,99.168,11.409,63.229,4.604,-2.033,-19.788,-34.498,26.905,-29.548,-29.629,-6.167
40.472,-2.897,35.804,-10.052,-6.326,-45.895,26.491,4.653,-18.363,-2.843,7.182,17.176
48.093,16.333,35.249,25.762,20.379,34.261,-11.109,20.625,-10.922,2.569,-7.839,-18.183
41.092,20.381,24.275,-1.055,-24.511,-40.414,-1.246,-5.328,-17.009,-6.237,-11.666,-14.513
44.602,-15.063,-4.433,-5.249,1.389,-17.575,-22.946,-4.034,-35.636,9.723,-5.47,-3.288
45.859,24.181,0.422,-53.95,9.389,5.802,-8.25,10.47,-34.914,-19.184,-25.499,-24.736
40.332,16.101,15.866,-28.282,-13.169,-17.727,11.006,4.951,-16.32,-14.422,-17.002,-21.992
42.15,55.945,38.908,4.208,-31.76,-22.539,-9.926,-20.024,-16.821,-9.287,-17.526,-26.235
45.316,-63.654,35.938,-14.428,36.03,-8.265,-8.63,-31.818,-52.359,19.788,8.846,2.509
46.951,-13.695,15.864,29.588,44.459,-1.0,-29.83,53.164,-14.833,-54.126,-23.554,-17.796
45.053,-10.472,62.359,-110.416,38.26,-1.231,-1.373,-4.219,-25.466,-4.594,-20.592,-5.197
45.067,83.506,-30.222,27.431,38.719,-32.019,15.621,-59.889,-3.532,3.532,-15.45,9.784
41.073,22.392,26.675,7.696,-13.504,-24.473,34.232,5.455,-31.62,2.0,-7.675,19.482
41.577,40.882,24.013,-19.656,0.148,-25.85,31.464,7.866,-19.471,-11.89,-3.051,29.766
46.375,26.769,47.246,-54.411,36.805,16.506,-2.753,4.647,-25.353,12.188,-26.207,-12.29
48.906,-22.761,63.092,16.75,60.914,-19.326,19.425,-5.134,-11.081,16.068,-5.703,-17.98
47.72,-24.709,42.569,23.257,79.198,-44.595,0.695,22.655,0.672,-9.216,-17.704,-17.209
45.759,-19.071,35.596,2.882,19.062,-27.952,-26.165,-8.405,-8.694,10.974,-15.769,-16.561
45.851,-53.533,60.758,-35.223,47.305,-18.454,4.724,13.694,-9.563,13.437,-16.115,-12.214
48.316,-37.191,68.78,-4.247,38.066,-15.886,3.501,27.809,-0.376,-15.304,-11.428,-1.672
44.732,-53.344,52.356,-11.766,31.423,0.754,-1.236,24.54,-18.51,22.499,-19.424,-11.042
49.025,2.828,60.092,-20.11,62.715,6.997,6.171,-3.374,-10.819,18.121,-2.521,-12.156
50.254,40.636,46.76,30.06,3.997,-12.85,-25.495,14.392,-25.723,-0.136,-10.431,-5.659
47.71,44.831,54.136,14.739,23.425,3.045,9.493,11.409,18.547,4.03,-35.277,-3.678
45.031,-12.476,55.113,-47.776,-0.236,-13.801,17.465,-5.759,-8.698,15.322,-4.984,-5.581
49.191,-13.146,52.995,-48.861,7.093,-18.519,-29.513,13.031,-17.261,10.535,-8.057,-1.119
49.639,20.667,10.836,54.474,45.335,-17.155,-18.452,-3.145,-23.47,-20.309,-20.249,-24.014
48.571,3.376,28.553,-14.517,25.526,-23.374,-26.425,-5.854,-25.637,9.516,2.88,-19.612
46.718,-21.257,34.035,11.034,21.643,-15.915,-18.07,18.107,-21.828,-12.553,-20.567,-9.712
44.918,-13.842,8.784,35.493,25.744,8.686,-1.49,15.208,-20.106,2.446,-10.694,-20.391
38.837,6.772,14.901,8.357,-50.297,-27.003,-6.902,-17.711,-12.818,0.462,-11.062,-21.591
37.029,-29.053,29.131,12.381,-52.163,-15.938,24.061,-13.666,-36.687,-0.329,1.997,-6.845
37.016,-31.064,23.155,-22.759,-53.076,-35.371,-1.407,17.837,-26.09,-1.096,-3.325,-10.863
39.388,35.501,-1.832,2.084,-71.708,-4.0,-10.094,-23.794,-24.931,-5.166,-7.5,-29.604
44.272,74.81,21.803,-100.101,11.65,-10.175,-20.957,58.111,-43.801,-1.036,-2.529,-18.126
49.409,24.588,34.674,24.52,55.806,-6.219,-41.946,12.969,-37.303,2.778,-22.061,-47.53
46.424,212.76,-39.22,-51.926,62.244,-32.152,-11.824,14.397,-32.074,-22.346,2.123,-7.633
46.651,145.948,-41.589,18.353,53.113,-24.357,-33.644,-50.052,-5.51,-9.792,-39.554,-5.397
43.929,55.202,-6.238,-40.402,19.504,5.163,0.826,-9.051,0.779,-46.443,11.504,-17.425
47.562,-84.434,21.865,-39.616,79.179,-28.503,11.077,-1.777,-22.099,2.634,8.326,-9.207
48.12,-26.891,40.876,49.455,76.714,-22.852,19.766,34.594,13.901,-40.461,-50.073,-24.677
40.692,-60.719,42.509,-12.844,0.751,-34.644,3.076,22.746,-0.652,10.049,8.758,-21.906
42.112,5.042,40.908,16.701,-6.901,-39.715,-11.341,32.04,-9.72,-2.198,2.626,-39.281
40.934,35.525,-24.873,-0.932,0.39,8.814,-7.727,-44.277,-39.274,-5.885,-42.142,-11.45
42.459,11.472,34.606,-104.336,-1.192,55.765,36.893,10.167,-12.759,-35.38,-48.392,-7.547
41.245,-11.103,33.202,-24.855,-31.845,-31.403,-3.057,-7.296,-13.362,1.161,-7.8,-23.217
42.189,75.964,1.276,21.968,31.764,-50.678,17.331,-0.45,-47.548,-18.877,-4.538,-22.757
39.716,24.302,58.669,27.027,33.036,-16.721,-14.661,10.215,-24.968,-4.419,-1.572,-35.45
40.055,18.288,7.243,-27.295,-9.644,5.391,-50.436,-28.327,-39.389,13.613,-6.506,-16.171
43.279,-23.465,28.617,-46.549,23.063,-1.553,-26.285,-6.834,-6.43,11.427,-28.176,-5.892
43.782,34.083,44.336,24.652,65.043,-11.484,-4.579,-34.015,-37.167,26.823,-56.284,-1.253
40.365,-41.469,79.682,7.359,39.275,-3.587,8.115,-16.753,-39.595,13.143,-31.809,-0.015
44.041,-7.481,42.601,0.512,38.98,-4.65,-7.207,-12.129,-30.369,35.704,6.987,-5.569
42.06,-29.16,67.042,16.32,60.547,-25.115,7.746,26.112,-8.553,-12.878,1.218,-32.437
41.834,124.199,131.477,53.598,32.626,-41.449,-2.482,51.384,-20.112,-22.149,3.556,-16.762
45.599,27.31,33.792,126.055,69.437,-41.774,17.943,18.363,-15.648,7.055,3.231,-19.032
49.251,41.349,47.292,101.774,81.151,0.689,35.215,-24.142,0.586,12.733,-31.524,-0.413
44.513,20.535,108.205,5.853,70.112,31.01,53.931,8.962,12.61,-34.558,-67.425,-0.553
46.179,51.451,65.794,114.426,83.311,38.941,61.982,-30.974,11.173,-28.035,-13.483,3.094
45.359,63.862,87.708,95.28,80.522,51.238,69.359,-22.573,14.61,-25.897,-8.313,5.741
43.828,20.589,104.191,108.086,48.621,-19.269,33.538,5.738,-16.421,18.531,24.665,2.422
43.772,74.532,99.401,133.656,71.339,-7.712,47.113,-8.393,-10.115,3.111,12.791,9.569
43.352,63.644,76.245,123.558,78.429,14.481,59.319,-25.161,-17.232,28.303,-15.803,20.001
39.8,57.302,147.183,39.414,27.758,-10.362,9.941,-7.964,-24.57,10.833,-14.644,-1.578
40.858,142.573,131.952,50.537,-14.473,4.523,0.587,-3.525,-23.799,-7.291,-9.42,-15.597
37.604,124.38,138.98,63.57,3.818,-7.486,-9.391,-16.555,-19.55,-8.803,-27.292,-20.294
34.49,108.489,136.732,68.005,9.712,-19.364,-43.454,-3.438,-35.384,-13.636,2.659,-11.288
37.589,159.714,163.942,61.242,-1.986,-0.091,-11.193,-3.602,-40.896,-11.036,-7.576,2.892
33.318,67.311,147.243,47.303,-6.707,-15.549,0.905,-12.492,-68.484,-13.238,-0.818,15.654
33.014,61.697,122.858,53.766,2.852,-2.86,8.338,-0.919,-27.549,-14.496,-35.957,0.923
27.62,-5.525,122.21,56.69,19.377,-35.312,-5.621,5.104,-51.83,-4.71,4.994,30.484
30.855,95.915,146.499,-4.475,-7.436,23.078,24.064,7.895,-25.476,-32.916,15.904,5.823
31.151,81.221,109.692,102.385,0.041,-14.701,-25.754,-6.706,-43.48,-19.927,-29.592,23.22
21.722,60.83,136.924,30.043,0.896,-33.72,12.326,4.384,-32.419,-11.884,7.731,30.914
29.463,131.445,156.84,54.259,9.978,-8.914,-12.954,-22.526,-27.673,2.773,-10.415,-28.234
30.877,100.748,161.245,31.498,4.015,-20.353,17.756,0.211,-25.583,-2.339,4.398,-7.23
31.948,111.546,123.003,121.821,6.757,5.943,-19.338,-6.923,-28.527,-15.864,-19.541,-22.021
19.671,101.601,139.416,45.902,-1.144,-11.407,-12.932,-7.061,-38.748,-16.148,-10.99,-4.676
26.556,-4.634,130.02,40.35,16.876,-22.607,7.271,-4.76,-60.884,6.126,14.887,37.725
25.573,-25.902,124.902,17.374,11.657,-25.222,0.54,2.492,-62.656,-17.313,-2.919,39.642
25.826,14.92,80.262,110.033,34.439,32.805,-19.383,11.566,-21.275,-22.741,-24.518,-8.17
9.022,94.319,40.493,115.367,36.391,-46.925,-15.151,83.004,-28.098,-24.731,-25.522,-20.105
