0.764,163.357,23.815,-47.239,57.845,-59.642,21.292,-14.759,-26.878,-3.351,9.756,-10.949
38.902,-91.873,31.691,155.344,60.19,-82.952,-57.09,8.938,-12.912,-6.912,3.36,9.931
29.128,-102.507,41.902,91.891,78.179,-52.836,-38.783,19.765,7.485,-61.005,-10.147,12.589
38.097,-100.372,13.612,167.63,66.623,-51.229,-63.851,30.384,-6.081,-31.11,-14.889,17.156
25.072,-60.489,64.445,38.898,72.8,8.372,-27.309,-8.051,-14.532,-30.307,-1.103,17.449
45.296,-37.929,76.873,135.918,78.392,-11.098,-41.074,13.904,-5.353,-22.995,-28.785,-0.643
36.686,-102.524,33.717,133.098,63.56,22.879,-34.78,23.214,-11.189,10.907,39.009,-5.273
29.81,-48.149,64.42,92.178,85.235,-54.756,-36.29,-45.398,-4.95,9.713,13.667,-6.228
27.334,-61.655,54.004,44.092,70.383,-56.377,-50.294,-21.44,-7.25,13.678,-1.168,-6.486
28.255,-95.068,57.401,26.561,87.133,-28.347,-54.478,46.844,10.365,-51.778,-48.092,3.383
33.522,-63.295,39.029,131.453,77.74,69.855,-28.892,40.764,-1.274,0.371,4.971,-2.001
36.163,-96.86,19.791,128.947,71.31,72.153,-23.953,35.723,-15.31,21.619,59.797,0.277
26.447,-65.305,53.38,35.136,72.766,17.151,-27.037,-5.687,-6.199,-39.337,-22.358,13.702
37.915,-63.262,115.487,-56.243,112.413,181.44,-2.605,37.533,-7.668,-9.133,-59.334,4.947
38.614,-105.121,29.512,124.189,60.068,-31.984,-41.042,16.528,-10.023,-14.123,14.038,7.723
33.881,-104.183,43.928,-22.282,40.847,-1.662,-7.548,-48.788,-6.315,-2.898,26.14,3.755
40.667,-129.343,17.695,25.803,34.765,20.419,-11.702,5.386,4.496,-32.603,-11.66,2.777
38.129,-149.009,49.66,-57.285,30.736,6.613,-3.905,13.086,-9.174,-20.137,-37.051,11.142
35.197,-156.037,16.79,39.712,19.587,-40.923,-7.152,15.727,-13.497,-30.058,0.15,5.296
41.304,-111.562,45.264,95.311,53.656,-67.259,-45.728,0.869,-7.338,-22.966,2.449,5.294
34.949,-100.106,72.406,20.173,77.086,-1.453,-9.15,8.926,7.757,1.75,-38.164,-1.163
45.46,-41.975,84.899,129.06,69.948,-31.008,-36.088,5.931,-9.771,-27.091,-23.308,-1.679
38.288,-109.249,58.097,131.503,40.749,-96.543,-50.083,9.386,-22.744,-16.906,4.645,5.064
30.066,-56.471,68.651,88.46,85.507,-66.651,-33.827,-44.257,-9.663,11.66,7.112,-2.695
28.222,-68.626,67.337,38.087,76.598,-47.895,-38.52,-30.038,-1.667,18.617,4.475,-2.094
30.063,-96.476,95.818,-15.36,88.497,-36.699,-36.233,33.878,7.198,-42.429,-22.959,5.186
33.488,-83.663,144.875,-13.205,73.643,21.927,2.852,-2.888,-24.132,-3.188,-36.311,4.89
39.853,-119.846,54.513,94.615,50.34,-93.647,-49.388,-10.009,-14.705,-11.592,0.402,0.9
34.32,-99.767,59.931,34.588,94.129,-25.359,-24.134,-3.445,4.653,8.685,-41.947,5.607
46.293,-49.523,91.35,120.228,73.074,-24.301,-37.043,8.115,-15.796,-22.113,-19.991,1.203
38.434,-96.799,47.886,132.649,69.613,-18.805,-40.134,22.976,-12.084,-20.372,18.998,6.134
29.826,-69.148,85.679,54.693,85.675,-32.74,-26.42,-51.683,-4.578,4.541,19.611,-4.447
36.33,-84.12,54.542,95.507,86.024,55.932,-33.336,30.845,7.822,-31.382,-6.277,-2.011
38.176,-70.521,26.118,-103.993,15.043,88.781,15.707,21.894,-10.805,25.385,-26.388,9.627
47.593,-6.489,13.786,-89.419,-24.421,-10.261,3.482,6.762,-11.009,9.073,12.338,8.028
49.228,-9.131,-29.171,50.901,12.147,-79.63,-22.607,11.112,-24.515,-9.829,-19.421,14.067
48.607,-40.491,16.625,75.839,37.821,-34.375,-14.09,35.469,-2.708,-11.321,-17.892,-7.526
42.421,-63.14,-40.307,0.92,-41.597,-54.241,-13.729,64.523,-9.79,9.546,38.023,-7.566
42.077,-23.881,-20.929,3.85,33.405,-57.87,-13.362,-4.619,-19.648,8.619,10.144,11.69
45.78,-101.791,-11.66,-11.386,-6.87,-41.502,-7.683,6.48,-10.807,2.272,10.752,5.009
45.097,-82.61,-33.367,-0.871,26.384,-36.898,12.419,-4.009,-12.46,5.771,13.171,8.136
45.789,-114.138,-20.622,4.482,14.451,-19.994,-3.02,16.273,-1.957,7.9,-1.185,6.037
41.384,-100.723,-25.697,-70.566,-9.417,-24.721,-2.919,22.463,-12.264,9.099,5.654,14.794
47.496,-40.734,10.651,-25.785,32.915,58.64,11.724,-16.661,-11.799,21.463,-46.159,10.906
49.93,-17.095,-14.492,-59.585,43.246,18.966,-0.104,-0.53,2.384,-7.794,-15.754,14.866
52.994,-6.224,10.474,34.209,47.133,23.939,13.515,-13.247,-7.076,11.34,-31.755,2.704
52.791,-11.371,15.959,9.593,50.825,42.739,17.713,8.248,5.595,-17.158,-16.464,-4.79
48.212,-42.348,-42.356,-36.163,-9.221,-23.051,-7.794,-5.527,5.316,-49.819,-49.207,0.149
51.075,-33.897,16.224,31.178,40.515,17.271,-2.872,48.701,2.637,-13.696,-42.442,9.558
52.868,-16.306,42.812,46.93,48.757,-25.155,2.247,39.067,-1.479,7.149,-51.501,3.915
44.842,52.586,-4.989,-99.0,81.586,9.98,25.404,-83.128,-26.408,-0.437,-41.108,-1.766
52.082,14.391,-39.443,43.312,19.388,-20.525,-46.959,-26.992,9.567,7.102,-20.0,1.294
53.918,47.353,3.281,-3.842,41.808,12.512,-29.282,-32.377,21.469,14.666,-10.113,-12.078
51.057,-56.404,-2.019,98.254,36.664,-14.111,14.318,-35.419,-0.482,-3.749,-38.01,19.138
50.115,5.472,-52.549,-19.097,-32.621,-31.807,-27.085,13.447,-3.149,2.894,16.388,-13.158
52.949,21.81,13.668,-42.417,41.99,-17.374,14.044,-0.525,-2.894,15.643,-5.274,-18.888
54.401,34.664,31.896,-1.158,77.276,-26.982,-20.448,-5.095,12.015,3.346,-33.069,-14.957
52.911,5.873,19.748,-42.86,41.584,11.801,-12.712,-24.881,30.878,1.575,17.895,-15.345
52.202,3.862,-21.982,49.517,24.762,-7.19,-36.992,-16.785,9.982,-16.501,-57.629,-16.712
43.465,-127.732,-27.163,-5.497,4.596,-63.63,-14.041,-1.128,-13.36,7.758,-8.918,2.037
44.886,-117.019,-33.357,57.786,9.654,-74.714,-18.963,3.842,-6.998,3.771,-10.566,15.517
46.866,-67.925,11.302,97.94,34.338,12.56,-5.44,18.922,3.76,-8.35,-14.984,-12.315
38.547,-133.187,-74.049,56.812,-29.383,-19.042,-4.96,35.702,-4.956,9.944,35.07,-11.234
36.936,-87.862,-32.814,37.618,25.338,-77.143,-1.934,3.652,-7.018,8.897,19.69,4.361
43.937,-125.533,-33.673,19.865,22.56,-3.168,12.309,-13.069,-11.3,22.445,46.262,6.751
40.714,-135.457,-36.918,-1.109,2.839,-34.312,0.558,-16.661,-7.895,4.077,-0.63,6.664
42.961,-139.077,9.011,43.15,12.863,-32.59,6.793,-6.22,-3.388,-8.19,10.017,-0.757
40.27,-164.528,-86.644,36.866,-31.553,-27.172,4.272,18.518,-3.396,-9.67,24.156,5.726
39.534,-136.39,-26.962,-60.644,-15.568,-10.977,3.388,23.892,-7.276,9.996,-7.77,16.666
45.173,-36.151,8.254,-91.648,28.255,49.296,11.348,-38.558,-5.91,5.648,-57.744,15.401
49.987,-28.785,-11.958,-79.601,42.631,18.232,6.634,3.208,6.447,-12.898,-4.971,15.383
53.171,-14.463,15.073,40.701,43.779,24.061,16.139,-13.827,-4.788,2.494,-44.036,3.516
48.62,-44.919,-33.481,41.071,42.634,65.946,1.976,-5.451,5.794,-34.412,-39.322,-1.382
46.945,5.225,-69.37,-117.889,40.224,11.983,29.751,17.457,-31.494,-28.942,14.335,-24.387
50.444,-13.645,-20.255,19.209,38.268,-10.212,11.542,-27.423,-3.209,-0.494,-67.148,-21.225
44.425,-1.804,-117.759,-84.532,103.004,-57.367,12.525,39.998,-42.63,-49.846,10.879,-18.067
51.149,2.417,-26.152,-52.905,80.13,15.012,3.332,20.147,-42.801,29.644,-18.318,-8.934
54.525,86.958,44.055,-23.529,53.626,8.88,-18.608,-22.502,18.81,3.845,12.613,-25.571
53.107,6.743,33.555,58.037,39.82,-5.705,-0.98,27.12,-9.553,-30.41,-62.101,7.78
53.535,40.347,78.552,-42.977,62.079,43.101,-18.72,-3.997,8.491,3.264,48.531,-40.604
54.139,-10.872,17.459,31.616,34.742,-10.036,6.006,-13.815,-12.707,-21.609,-54.327,-20.516
50.665,-31.052,-2.15,4.671,63.194,59.198,0.695,3.985,1.378,-28.88,-34.914,-24.449
53.014,24.225,-7.594,-44.988,4.193,-30.652,-18.981,-5.522,15.777,22.181,22.156,-30.634
51.689,0.985,-50.977,54.38,38.891,-51.882,-28.574,-20.63,-7.831,-4.241,-18.764,-14.509
55.989,7.245,28.34,-24.207,37.083,-9.734,17.038,22.989,15.617,-19.301,12.721,-18.94
53.73,43.252,-28.259,-41.357,28.029,-24.145,-35.25,-16.685,34.402,3.52,-10.426,-24.576
53.965,2.498,-13.208,4.437,37.847,-11.062,-17.687,-4.336,18.797,-10.433,-16.277,-27.907
48.276,-8.271,22.026,-87.121,-19.65,-14.993,4.631,10.889,-5.557,8.114,9.632,3.223
51.658,-0.022,12.011,39.563,-4.481,-56.189,-26.497,1.718,-16.454,-7.035,-27.297,-0.208
50.281,7.158,7.718,94.993,9.722,-1.465,-15.104,8.864,-4.822,-4.448,-24.734,-6.113
43.548,-30.196,4.673,16.716,10.771,-69.148,-12.428,-5.168,-26.446,-0.531,-3.024,12.868
45.157,-64.606,4.037,-33.9,-0.193,31.931,-7.851,-9.352,-8.957,3.665,-18.077,2.753
45.535,-84.452,-20.887,17.853,19.724,-63.263,9.263,-11.721,-20.923,0.662,0.811,9.31
46.581,-102.473,-8.075,1.653,2.425,-28.338,-8.448,18.462,-3.333,11.224,0.517,4.519
46.765,-21.122,-7.458,-3.391,-34.127,-3.193,-13.333,5.111,-10.702,9.589,-15.201,15.863
54.046,10.541,34.509,32.288,13.647,-23.932,-9.545,3.674,-1.194,-4.04,-17.744,-4.389
52.739,-19.698,33.975,-37.254,21.365,-20.543,-22.025,-7.432,-13.678,5.038,5.837,-18.939
53.198,15.2,-8.021,18.332,33.132,-19.984,-4.992,-12.617,-10.981,-16.724,-22.178,-9.434
51.903,-4.456,28.424,-32.086,0.405,6.583,-11.504,5.866,-16.582,8.865,-8.281,-9.34
53.472,-42.619,50.744,19.682,29.825,-8.595,12.514,5.543,-12.635,-9.13,-41.073,-3.609
49.562,-48.67,-2.306,-60.448,-2.377,-35.369,-3.864,30.576,9.81,-10.789,-17.104,-20.265
51.55,42.184,-22.171,-21.033,23.906,-51.653,7.016,5.029,-35.69,-17.758,2.634,-15.065
53.01,15.615,10.631,-20.993,5.793,0.101,-19.784,21.545,-24.342,-4.969,-1.954,-12.63
53.423,36.789,32.385,105.67,45.787,-29.735,-18.237,-24.281,-2.223,7.384,-56.743,-11.567
50.88,16.761,-1.063,46.321,12.834,61.733,-23.465,28.784,0.74,-3.911,-28.347,-4.815
45.933,-39.943,23.704,36.207,57.136,38.044,11.69,-2.015,11.72,-16.616,-19.726,21.102
50.486,59.445,-29.612,-31.993,67.114,67.577,13.096,-71.366,-12.231,-15.477,-30.867,17.342
52.07,36.085,17.048,-100.625,17.941,38.957,-28.387,46.179,25.025,-45.018,9.154,-11.088
53.469,48.528,-28.879,33.646,12.243,-16.528,-33.996,-36.096,-1.435,-15.643,-32.434,-12.637
55.884,44.613,37.009,-2.261,51.149,-19.55,-9.644,25.227,-8.748,15.879,-11.26,-19.955
54.014,-2.442,19.461,20.774,24.05,-13.098,-35.798,-4.926,-0.151,-2.427,-30.58,-22.16
41.779,-89.774,-23.188,-60.773,-23.588,-30.395,13.278,-7.139,-5.415,10.515,-2.957,3.78
46.781,-64.118,30.745,-96.843,-6.026,-19.726,-1.305,14.692,-5.593,4.905,-2.027,1.713
51.033,-11.647,9.251,20.432,-13.495,-23.397,-32.724,22.447,9.316,-22.048,-30.152,9.082
48.108,27.408,40.994,-13.726,8.832,50.21,-6.976,-31.688,-5.539,4.986,-70.297,5.901
40.265,-6.266,-7.949,-47.246,-55.995,-12.901,19.004,28.563,12.412,-33.014,14.65,-13.478
42.391,7.362,31.935,44.524,5.02,6.812,-5.226,-5.935,3.365,18.369,-32.32,0.814
46.083,-113.583,-13.085,38.757,1.624,-60.581,-3.378,-16.759,-10.732,21.191,18.963,15.835
42.351,-133.649,-23.385,12.429,-8.755,-14.012,6.14,-10.075,5.986,-12.801,2.109,0.968
43.622,-109.462,4.462,36.809,9.331,20.475,9.141,-19.057,-6.384,-2.876,15.349,-1.121
44.398,-100.903,-60.217,21.202,-45.348,-19.84,-15.496,20.431,-0.058,11.284,43.124,-10.241
45.55,-10.916,-22.422,-34.53,-49.349,33.836,-10.377,-12.717,-3.679,-15.977,-27.846,-0.758
48.963,-0.04,67.042,-107.492,-1.748,39.393,7.747,6.846,-11.093,1.505,-31.408,-0.468
52.882,0.501,30.713,16.857,-0.009,4.761,26.853,6.381,-19.174,-14.768,-49.703,10.196
52.988,-15.351,18.781,9.387,15.996,-7.15,-1.923,3.0,-17.888,15.193,-1.572,-13.281
51.978,-43.866,26.931,44.522,36.856,-10.98,11.231,-4.79,-11.765,-4.235,-35.296,-19.74
48.432,-43.541,-23.32,-38.956,8.44,10.784,5.418,25.997,-7.526,-12.143,-6.062,-8.853
52.387,6.383,4.982,-35.938,35.615,44.415,-6.56,24.549,-6.6,-11.421,6.943,-10.18
53.382,34.761,47.507,73.168,40.637,-26.168,-25.227,3.416,-7.618,3.008,-35.187,-24.814
51.626,-9.451,15.821,88.98,27.04,13.589,-10.681,9.713,-0.433,-24.88,-62.59,3.401
50.061,8.445,22.507,62.426,62.843,-6.253,-43.379,6.367,16.14,-11.212,-13.792,-19.089
47.965,-5.618,31.964,-108.543,36.097,-4.673,-27.253,13.482,-6.664,-4.781,-13.14,11.796
53.175,-6.581,27.65,-24.841,62.9,-14.172,11.858,2.007,-4.652,10.703,6.308,-2.106
54.427,34.761,21.874,-5.184,79.013,-24.958,-20.716,-4.237,11.675,-14.104,-21.284,-13.988
52.445,26.41,10.811,-12.593,32.236,-12.598,15.812,5.498,3.871,-6.424,-34.636,-0.531
50.168,-4.839,-62.021,59.556,3.045,-27.547,-34.967,-54.023,-1.711,-4.314,-30.396,16.22
50.06,-39.305,42.139,-155.592,0.847,-25.98,7.659,54.458,9.762,-6.187,9.95,-6.813
53.788,39.165,-21.03,-18.131,20.162,-22.307,-28.585,-38.319,18.604,5.452,-25.078,-12.792
47.316,-41.995,-20.177,-10.392,45.265,-35.886,17.656,37.794,-26.194,18.961,-32.177,20.038
45.425,-53.417,-54.755,-55.573,31.38,-52.165,-28.413,-15.62,-14.43,-4.03,-5.446,2.028
43.565,-68.303,-62.362,71.393,23.371,-38.835,-32.021,-6.76,9.776,-17.928,-37.049,6.441
42.139,-67.836,-61.081,37.067,40.755,44.507,2.023,51.644,8.505,-25.773,-34.044,13.425
31.666,-129.227,-55.867,-75.898,47.234,-30.304,-22.789,22.005,2.761,-15.857,-16.539,6.516
31.571,-165.511,-78.146,-55.059,20.205,-8.612,-22.038,-47.752,-7.605,2.579,-34.881,8.169
42.636,-92.042,-15.469,-134.805,51.709,27.761,36.127,-6.489,-6.694,-9.365,4.942,10.074
44.929,33.282,-124.645,-93.512,90.522,-28.362,-0.834,-65.872,-32.306,2.277,-9.464,-0.589
47.449,-32.984,-32.12,-64.192,19.61,-28.847,-31.943,-1.421,-19.934,-15.884,15.26,9.125
45.442,-32.534,-57.909,59.504,15.785,-41.273,-48.258,19.353,-7.266,-19.344,-46.477,12.611
44.723,-84.893,-67.795,53.553,57.55,14.766,-1.776,11.189,-2.017,-23.492,-16.095,12.782
32.977,-196.544,-91.265,-58.88,27.397,-24.184,-19.315,-14.366,9.703,1.45,-12.084,4.762
35.254,-147.547,-93.251,-91.147,5.921,-29.97,-29.603,7.955,29.416,-10.211,15.788,-0.119
38.125,-71.173,-86.741,-81.573,-5.989,-38.489,-34.272,15.409,43.095,-42.029,-10.41,4.346
44.03,-24.01,-69.605,-103.927,58.306,6.616,-29.787,-42.789,31.603,19.957,3.768,-3.099
46.186,-75.913,-56.123,29.472,53.651,-18.524,-27.239,16.31,19.723,-6.912,-42.474,-7.829
43.406,-37.259,-74.511,89.789,44.763,-3.124,-39.619,-9.511,-3.876,-20.338,-19.285,-19.702
45.697,-87.963,-24.65,-28.771,94.806,-5.596,-22.923,21.284,-0.514,4.986,16.613,-17.422
39.245,-78.53,-46.908,12.407,63.461,5.382,-42.165,12.408,2.447,1.637,-33.189,13.244
40.548,-101.71,-98.779,17.996,48.789,3.909,-19.191,-31.79,-3.359,-0.124,-52.018,5.927
42.635,-105.5,-13.119,-148.587,54.032,12.353,31.348,-8.412,-4.808,-8.192,8.0,7.024
42.834,-36.895,-97.963,-116.268,97.371,-36.163,1.354,-36.214,-5.166,-30.961,-3.9,-1.138
45.275,-62.864,-57.194,10.789,30.159,17.823,-40.184,-3.698,15.616,-29.471,-41.678,4.258
40.929,-160.257,-22.055,-71.62,57.669,-17.235,-2.957,74.0,19.563,-55.092,-39.381,8.479
35.599,-189.683,-60.034,-126.662,72.759,-34.445,9.509,17.259,0.117,18.893,23.075,-4.812
41.837,-68.05,-74.88,-33.878,41.556,1.969,-21.443,-36.445,25.633,-29.518,-48.734,-0.305
41.433,-140.512,-20.804,-162.524,56.804,11.407,28.093,41.255,9.835,-25.588,1.128,-0.458
44.608,24.023,-109.453,-78.16,89.872,-44.189,-10.425,-85.623,-27.701,16.657,-15.513,3.905
43.975,-65.864,-58.552,44.123,41.425,2.396,-34.989,11.492,4.712,-14.171,-52.29,7.84
44.127,-71.697,-33.485,71.791,72.96,20.07,-13.086,49.222,19.16,-31.057,-33.314,3.645
29.947,-144.895,-70.156,-42.381,45.87,-77.852,-26.506,22.095,-2.969,-9.398,8.063,3.557
31.779,-54.566,-56.511,-38.252,50.525,-34.467,-12.65,-47.741,12.23,8.028,11.27,5.904
35.818,-140.538,-28.156,-51.023,49.408,5.18,2.951,-52.272,-6.448,3.108,-33.783,1.906
42.052,-129.534,0.619,-170.427,63.752,-12.426,39.859,22.058,2.837,-29.5,9.021,-3.024
45.35,36.612,-84.432,-82.608,101.786,-28.366,8.357,-81.888,-21.521,-6.747,-5.221,5.921
45.931,-39.51,-58.019,34.707,26.447,-0.235,-39.546,-6.243,-8.896,-18.187,-69.776,16.325
44.175,-116.192,-12.963,-28.196,83.787,68.986,28.521,42.444,6.522,-16.018,9.04,-6.093
41.646,-153.453,-9.485,-13.41,47.121,-38.675,15.64,28.972,4.75,12.081,22.328,2.294
42.92,-31.52,-42.558,-30.521,13.065,-3.638,4.129,-6.71,8.786,-4.506,-38.873,6.826
47.703,-67.136,32.709,-20.761,35.75,24.475,45.132,-5.089,-8.852,-13.661,-15.542,15.745
47.474,-63.817,-25.088,-52.291,52.788,19.322,-14.355,40.722,2.277,-17.363,33.37,-3.935
47.458,-59.711,-9.972,16.107,84.408,-23.702,-38.8,3.529,-3.701,-24.806,-55.194,-28.053
49.267,-80.997,54.848,14.356,85.12,5.954,2.31,11.696,-24.355,-11.567,27.058,-23.491
47.592,-95.879,26.245,17.123,57.581,-27.633,-11.413,15.582,-28.761,-7.886,-19.797,-21.478
44.92,-62.639,-11.494,10.004,75.963,-9.177,-32.896,18.711,-24.233,-6.391,0.016,-2.25
47.892,-53.599,-4.382,-2.229,57.695,24.379,6.895,-3.319,-29.021,5.942,0.049,-12.373
47.796,-68.348,28.983,-69.146,36.407,-11.25,37.194,-7.078,-12.933,-14.18,7.992,-2.003
49.283,-60.044,43.457,38.804,27.634,-41.157,10.897,34.237,-17.641,0.95,-4.624,11.876
48.506,53.437,-37.189,-53.462,63.746,-31.359,18.741,-65.574,-34.758,-17.321,-8.47,-11.523
51.159,1.614,-13.129,-6.563,0.47,1.379,-27.646,-8.041,2.823,-17.177,-26.998,-6.073
51.06,-27.253,25.519,-68.43,11.116,30.401,14.894,39.19,4.718,-5.994,-37.73,0.052
56.478,86.198,10.897,-35.842,18.475,-15.313,-40.327,2.137,1.397,1.341,31.127,-11.296
56.998,60.369,44.495,25.18,21.487,-15.809,-10.77,0.137,0.656,-2.933,-33.073,-8.812
55.98,44.585,49.186,5.036,27.08,19.735,8.511,9.524,15.962,-16.724,-20.691,-16.908
53.733,33.268,-3.461,-68.769,-7.104,-23.663,-4.611,6.276,14.742,-25.537,-4.888,-12.6
55.664,60.202,18.101,-3.377,11.794,-7.652,-13.989,-1.39,16.717,-9.006,-21.049,-7.151
54.25,56.905,6.938,-44.732,-3.012,-1.153,-4.924,11.227,9.359,-17.011,-27.972,-3.68
54.518,93.274,13.504,-53.566,-1.715,6.338,-11.585,-17.553,16.95,-7.83,-6.617,-18.323
54.542,19.46,43.868,-48.101,36.041,-9.068,8.559,6.653,1.21,12.617,-18.922,-14.898
54.313,57.48,5.075,-36.907,52.009,-31.671,8.212,-12.881,-7.479,25.897,-13.743,17.852
55.427,49.287,-4.062,16.644,26.426,-23.955,0.69,18.994,1.487,-6.47,-3.023,22.22
53.158,51.051,-38.933,-27.98,31.683,-40.212,-13.859,-29.339,11.627,-0.973,-8.591,40.438
56.534,77.794,29.177,-5.136,17.758,-23.533,12.26,23.716,11.155,-5.643,-20.349,1.821
53.854,50.813,-13.129,-18.906,-0.852,-29.365,-9.692,-7.047,13.2,4.669,13.735,0.207
54.545,84.226,2.943,-10.347,-7.849,-13.155,-8.111,-36.288,17.054,-1.423,-32.419,-2.425
54.316,55.076,-2.229,-28.223,18.835,8.657,5.378,-5.053,9.412,7.575,-1.31,-12.641
54.599,24.456,36.073,4.683,19.584,-29.203,13.825,-1.018,11.945,2.78,-24.208,-21.427
54.489,34.685,36.906,-40.012,7.6,-19.3,-3.734,0.137,4.492,-10.266,-15.922,-8.358
56.611,92.184,24.58,-21.645,2.326,-37.283,-3.823,-16.942,18.685,0.988,5.663,-15.572
55.622,73.655,-1.204,33.871,14.504,-34.919,1.808,-27.426,2.559,-13.015,-35.771,-14.586
52.958,29.708,27.58,-3.613,-3.747,-12.453,52.355,-3.324,0.816,-0.958,-16.043,15.9
54.533,50.267,18.459,-19.142,33.104,-17.451,-10.549,-4.812,5.314,1.167,-26.144,-0.074
54.59,37.829,36.284,-27.801,12.341,-2.085,8.354,0.434,3.63,-0.545,-16.593,-6.794
54.654,74.04,3.42,-46.223,41.659,-15.241,-4.244,-27.451,-3.908,12.075,-23.452,-5.263
54.148,22.741,7.937,-50.811,12.632,13.47,-13.063,2.478,13.624,-32.715,-11.357,2.809
53.39,20.399,-1.702,30.944,26.763,-27.971,4.485,-4.383,16.837,11.249,-40.926,-12.802
53.055,59.041,15.997,-84.467,16.182,-16.57,4.909,-1.622,12.397,1.545,-11.466,-6.019
55.742,71.155,30.13,-7.922,23.817,-22.197,8.36,5.128,16.668,1.338,-29.578,-4.592
53.856,40.068,8.191,-4.507,17.621,-19.761,-10.557,-14.498,8.21,-2.192,0.928,-14.335
52.864,15.273,8.036,-28.91,21.431,-43.778,-24.652,6.424,5.092,8.5,-2.546,-3.952
54.23,37.063,17.013,-25.23,9.824,-17.443,-38.285,-5.719,1.035,5.055,-12.163,-2.311
54.197,51.555,-3.899,-11.151,20.555,-21.613,-46.022,-13.35,2.872,-13.724,-3.252,11.432
52.409,89.391,-79.697,-29.403,4.801,-42.341,-15.526,32.943,4.455,-17.637,-19.687,7.28
52.744,16.167,19.41,-34.813,1.146,-4.69,-3.893,11.857,17.21,21.007,-5.115,-34.577
54.399,35.544,-0.37,-5.33,16.666,-51.581,-13.741,-6.648,5.151,16.582,-6.035,-2.979
54.213,58.082,-44.002,50.971,11.349,-20.305,-22.331,-29.059,-10.255,-11.153,-56.127,4.933
48.09,6.097,6.919,-97.136,2.245,-22.414,8.376,24.266,18.605,-1.095,-8.371,-8.58
53.27,-15.866,65.311,-23.854,25.385,-21.817,59.01,23.59,-22.017,0.531,-5.041,28.915
54.953,24.6,55.268,14.082,35.993,-51.124,60.53,-20.221,-43.372,6.929,-1.046,52.186
54.313,28.19,12.63,38.883,36.251,-40.142,15.647,-9.123,-19.008,-1.306,-16.223,43.557
48.382,7.335,-45.776,-36.98,13.546,-29.144,8.618,-5.228,3.501,11.673,-35.522,-10.475
56.18,99.955,-6.948,14.884,11.089,-35.69,-0.076,3.287,-0.686,-19.899,-18.8,3.964
51.032,24.197,-53.503,41.763,-4.472,-42.169,5.801,-20.692,-7.806,3.384,-19.496,15.028
51.59,1.632,15.536,-53.432,12.596,11.273,29.537,-5.002,-0.877,16.835,4.307,4.951
53.657,45.297,-15.417,-19.421,15.841,-24.524,-18.74,-17.405,-2.908,7.334,-7.708,9.9
52.808,12.94,15.391,-37.039,33.211,-33.951,-4.295,36.008,20.167,24.084,-8.94,-38.462
54.483,56.473,3.882,-22.937,33.773,-26.033,-0.532,-10.328,10.552,7.618,-14.13,-9.956
53.937,25.688,-5.941,-9.775,20.763,16.373,-2.185,12.968,23.692,-37.099,-40.977,-8.609
48.23,-2.754,12.719,-68.942,1.037,-9.389,36.599,0.634,39.488,23.976,-10.329,-14.747
52.936,9.388,43.674,-21.649,33.708,-46.774,45.293,-41.628,2.46,38.395,-16.518,0.57
53.925,-12.829,84.686,9.368,18.298,-41.979,70.131,19.058,-23.891,-12.967,-1.506,37.821
54.995,22.745,43.732,17.931,51.007,-49.194,62.618,-18.967,-28.413,4.222,-0.259,34.386
54.543,20.225,10.436,31.546,38.611,-38.162,15.956,-7.358,-14.894,7.171,-22.397,37.766
48.81,15.202,-46.734,-61.249,25.87,-23.001,0.844,-1.244,4.599,4.053,-13.252,-5.176
56.317,71.248,-3.864,14.085,19.713,-25.505,-3.556,-21.875,5.243,-21.756,-22.202,-7.285
55.675,57.171,27.939,-37.803,18.206,-9.682,-16.26,-7.29,9.072,-5.405,13.825,-14.376
55.848,47.853,34.023,21.621,16.362,-3.032,6.038,-10.205,11.264,-3.912,-10.056,-16.472
54.47,49.523,20.201,-24.256,-19.275,-47.651,1.04,4.366,14.025,1.171,-22.631,-23.981
55.711,57.283,20.83,-3.394,12.785,-11.866,-7.636,-1.607,19.869,-14.502,-7.718,-11.561
55.489,84.978,17.875,-51.677,11.856,-10.262,2.617,29.132,34.128,-9.067,-13.091,-16.918
55.577,77.908,-7.438,23.109,9.559,-34.516,-7.238,-28.587,-3.265,-10.009,-27.202,-7.383
55.777,133.335,19.105,-50.582,-27.273,-21.306,-28.041,-19.635,-3.753,14.596,-9.592,-12.377
54.76,60.072,27.296,38.547,11.716,-10.745,1.505,-21.174,1.54,15.138,-60.631,-1.55
54.467,32.786,26.282,-5.093,15.177,28.097,-4.539,-10.433,5.295,4.385,-11.114,-16.486
55.496,58.695,34.113,-21.669,46.088,-8.523,21.085,-8.066,-8.172,24.917,-14.296,9.589
54.738,57.814,2.711,-25.461,42.573,-30.106,-2.135,11.028,8.571,-12.191,9.481,34.721
55.766,57.819,-6.045,35.65,19.631,-8.977,12.156,7.808,10.58,-4.629,-16.968,25.194
53.052,68.72,-20.116,-22.229,13.274,-24.411,27.564,-17.164,27.125,7.877,-10.257,45.603
56.338,71.371,47.896,0.391,14.589,-29.78,34.335,16.924,19.575,2.292,-5.785,4.268
55.912,82.434,-4.26,31.239,9.81,-29.518,5.733,-11.516,1.016,-19.81,-27.409,9.643
53.781,46.288,-9.809,-19.877,3.991,-61.026,-9.33,-11.24,18.458,9.198,-1.527,8.874
54.75,73.034,22.344,-25.578,-0.208,-10.137,3.928,-12.714,23.98,-8.413,-21.012,-9.876
53.623,46.553,7.205,-45.136,17.302,21.29,14.417,4.966,21.835,-10.758,9.638,-11.754
54.435,44.469,31.569,-10.43,11.674,-15.419,26.929,-13.866,17.415,13.74,-22.129,-23.807
55.558,48.052,30.304,-16.54,41.209,-28.116,5.002,-7.061,24.789,-2.908,-13.508,-18.179
54.654,42.268,0.714,-22.799,6.967,-58.39,-8.234,-5.787,32.551,15.978,-6.711,-10.187
55.767,58.56,38.027,-8.637,27.328,-26.865,15.428,-3.188,27.201,0.895,-33.427,-28.0
55.823,89.904,9.903,20.143,13.843,-33.431,9.481,-17.944,1.743,-21.991,-23.384,-14.197
52.654,7.027,13.995,-37.55,-17.448,-37.704,35.866,24.021,-1.846,-2.12,-6.408,8.996
53.148,24.202,33.811,-44.422,22.09,-25.957,-7.191,6.405,11.392,6.572,-20.562,4.625
53.655,19.657,27.593,-30.681,22.19,-13.812,5.64,2.053,-0.59,3.955,-17.148,0.715
54.259,57.827,2.662,-25.415,40.607,-23.575,0.142,-26.183,-5.76,11.698,-28.55,0.387
53.881,28.132,-11.539,31.862,29.357,-18.885,-17.883,-13.465,11.921,12.036,-23.434,-2.461
53.324,46.533,15.303,-73.45,35.378,-16.691,14.006,0.717,22.345,4.838,-7.258,-7.558
56.106,74.875,11.877,20.324,28.661,-28.99,-2.748,-20.177,9.179,-18.334,-23.889,-13.276
53.749,42.03,10.177,-8.395,18.028,-24.148,-9.251,-19.898,9.069,-1.634,7.507,-12.876
54.429,40.791,25.169,-15.775,14.302,-36.211,-28.779,-9.078,10.598,23.403,-6.541,-7.598
54.991,74.244,10.714,-9.111,13.942,-23.2,-36.894,-6.528,-3.205,-7.064,-6.491,13.661
52.449,72.161,-48.43,-38.562,8.026,-32.66,-10.731,38.545,8.245,-14.429,-18.623,13.661
53.056,18.661,25.776,-33.314,2.903,-16.266,-0.082,10.533,10.011,23.704,-7.922,-29.176
54.286,18.926,9.484,1.173,20.813,-52.986,-1.798,-31.446,-1.058,11.341,-6.069,-3.585
53.875,18.089,29.554,-4.672,0.845,-40.983,-7.131,20.674,7.661,1.721,-13.229,-7.508
53.348,36.829,-29.437,36.621,12.102,19.553,-7.726,-4.921,7.614,-34.494,-40.272,-0.651
49.213,9.014,15.004,-74.327,6.839,-18.585,23.081,15.385,15.43,-12.88,-10.13,-5.337
53.424,-14.466,63.836,-4.17,30.977,-29.954,56.361,25.975,-18.79,-2.936,-5.602,29.14
54.273,35.469,33.649,-8.659,53.28,-53.241,41.988,-14.361,-22.611,19.877,5.579,34.768
54.318,25.142,25.759,20.963,35.447,-21.919,20.626,-5.862,-14.725,-10.261,-20.723,36.27
49.154,12.505,-22.063,-59.248,1.798,-28.786,18.067,-18.915,-3.343,15.185,-24.382,-11.685
56.16,99.823,-7.592,16.16,7.036,-37.807,0.247,3.618,-1.503,-20.693,-15.61,4.323
50.842,18.164,-37.752,31.454,-12.772,-73.164,10.334,-24.175,-4.729,-2.867,-27.281,22.853
51.905,-6.008,19.459,-54.87,17.532,7.352,32.248,-9.086,0.827,13.578,2.668,5.938
54.428,39.901,-6.202,-3.532,20.541,-29.775,-16.001,-0.312,3.463,11.504,-7.269,9.537
52.745,25.848,23.506,-40.13,26.747,-26.185,10.113,32.498,7.685,21.904,-15.423,-18.562
54.87,55.641,7.755,-15.513,26.565,-50.147,-3.298,-23.671,1.526,9.55,-6.183,-9.293
53.954,31.738,-5.665,-13.43,18.889,11.526,-8.712,11.658,18.318,-31.912,-41.359,-5.215
48.876,-7.816,34.807,-96.821,8.214,-12.905,52.095,-9.897,20.903,18.368,4.364,-10.129
54.523,-8.098,73.239,12.218,20.883,-54.441,57.409,17.184,-32.839,-4.851,-3.875,44.28
54.735,12.341,65.588,5.237,38.743,-33.445,66.41,6.404,-16.891,-24.885,-5.272,31.565
54.668,21.314,29.379,32.559,40.859,-16.583,31.657,-3.236,-15.959,-12.041,-21.486,37.514
49.602,16.117,-34.385,-53.227,18.068,-11.098,-1.066,-2.413,-0.885,2.463,-14.383,-12.521
56.341,71.32,1.111,17.273,22.156,-27.843,0.115,-19.834,7.493,-19.86,-21.715,-5.304
53.727,29.128,5.236,-2.065,12.37,-19.269,-11.182,-21.128,10.819,2.198,0.685,-11.219
52.575,2.301,16.67,-23.291,16.735,-33.789,-13.959,-0.547,3.531,11.716,5.185,-20.538
53.204,16.378,10.482,-29.11,4.22,-23.89,-17.457,-1.14,6.112,6.487,-15.009,-8.133
52.655,34.677,-19.185,33.015,19.404,-18.429,-10.149,-22.424,2.584,-11.211,-18.334,0.164
49.581,-0.628,-1.072,-31.544,-2.416,-35.701,-28.439,3.875,-12.237,3.342,2.597,2.179
48.109,-2.997,-30.561,29.501,11.105,-68.83,-32.283,-2.431,-19.117,-0.114,-11.509,6.454
42.75,-15.697,-23.406,28.232,10.044,-34.39,-7.05,7.829,-17.589,1.656,21.886,3.311
39.515,17.103,63.518,-24.781,22.705,-24.011,-17.281,-1.827,-12.306,-15.043,6.637,4.522
38.766,29.597,41.477,25.359,-26.461,-42.889,-23.559,-23.286,-16.291,3.139,-8.982,-10.733
41.478,-6.195,-19.846,2.663,27.128,-63.393,-22.383,5.023,-20.744,9.699,10.387,7.361
45.733,-60.594,-14.313,7.067,-9.655,-65.227,-38.434,-7.03,-9.573,37.222,-7.693,12.587
45.006,-60.412,-20.374,11.433,-4.985,-67.837,-26.263,-9.746,-10.482,9.789,-15.091,11.304
45.945,-50.481,0.949,12.45,-0.235,-53.309,-32.455,3.41,-5.733,25.979,8.16,10.799
42.029,-61.667,-21.631,-58.046,-5.819,-35.779,-22.103,24.09,-15.881,16.921,15.752,12.702
46.231,-33.516,-39.356,-22.696,-28.308,-57.852,-4.09,-1.414,7.488,-7.603,-17.999,5.328
50.633,66.724,-52.193,-60.734,-2.397,-10.076,-27.889,4.865,20.607,11.426,16.104,9.604
52.095,5.571,6.288,-18.266,-10.549,-18.303,16.991,2.795,5.768,14.554,-6.653,-1.965
50.507,-17.791,-33.723,4.782,-20.864,0.741,20.726,-13.741,12.328,-9.492,-32.589,-2.735
49.065,-35.167,-8.836,-48.634,-2.252,-51.808,4.049,20.631,-10.469,2.779,-32.821,2.355
50.725,-11.976,-8.341,-0.192,27.665,14.254,-20.423,57.084,-18.581,-5.397,-22.103,6.098
50.087,46.609,31.744,-65.909,48.815,27.914,3.064,-18.244,-30.58,58.344,-50.171,3.963
49.846,101.915,-21.457,-35.817,11.069,-1.624,-41.034,-50.883,50.206,18.583,-42.961,-7.93
52.059,-2.521,42.357,-28.945,47.963,15.153,-19.925,37.984,6.827,19.731,-6.334,-4.679
53.28,-13.587,34.622,-13.467,41.076,-29.678,-9.182,3.575,4.02,11.676,8.002,-5.473
52.84,-37.15,41.516,13.577,32.033,-53.905,10.132,3.66,-6.898,3.809,-12.053,28.129
52.752,-2.336,52.488,-8.804,11.902,-27.076,31.385,-4.954,-10.799,9.229,-12.101,5.94
54.782,11.679,54.899,8.526,18.933,7.234,20.463,0.572,-17.145,13.207,1.798,4.214
53.497,4.137,27.369,-5.56,19.792,-31.997,-3.288,11.163,4.426,-2.244,-8.082,-12.185
50.851,-33.815,-8.581,21.278,34.112,-22.142,-32.903,-7.007,-0.835,-4.533,-35.239,-25.474
45.964,-76.14,-25.159,3.364,15.073,-0.4,-23.602,-7.289,16.426,-8.873,-9.687,4.719
48.0,-74.701,-30.786,58.395,4.865,-74.281,-31.938,-21.695,-0.99,1.656,-13.848,22.453
41.407,-108.87,-27.699,7.255,4.118,-60.987,-16.751,-0.338,6.713,-4.154,4.218,4.987
51.776,20.759,30.986,94.119,20.784,-17.53,-20.58,8.891,-3.153,-18.194,-48.702,-6.545
41.451,-82.528,-66.026,45.679,-29.039,-19.224,-9.194,22.097,-8.308,17.142,16.615,-2.827
39.868,-33.115,-28.381,57.255,15.133,-33.92,-13.622,-30.871,-4.203,29.227,20.731,1.715
46.559,-77.887,-32.238,29.928,4.594,-54.848,-16.736,-24.567,-8.743,53.502,7.641,19.705
45.274,-26.872,-32.072,23.395,-6.745,-31.437,-19.109,-41.154,0.001,4.545,-7.442,4.6
44.478,-77.537,9.682,-17.574,15.393,36.403,-1.613,5.799,11.349,-25.402,-45.339,6.012
43.926,-94.215,-69.255,23.791,-37.893,-27.091,-7.234,4.615,6.825,-14.051,38.418,1.026
43.017,-100.236,-24.101,-41.992,-9.915,-10.579,-11.878,4.392,-9.102,-22.068,-7.349,14.695
47.685,46.0,-3.619,-69.294,20.631,4.074,-32.711,2.757,-1.156,-13.936,13.803,2.764
53.335,4.732,9.135,70.749,16.341,2.051,-9.97,-2.786,-8.636,2.362,-38.981,9.086
51.285,-27.779,-5.491,-30.487,10.015,17.179,-2.533,-1.012,-5.992,1.582,30.054,13.368
53.635,93.256,-35.645,-33.17,11.149,-5.144,-45.801,-23.598,44.542,-16.938,-19.693,15.346
54.349,17.548,33.549,-7.821,24.384,1.226,12.921,15.414,7.492,9.71,10.213,5.363
53.873,25.263,17.351,28.838,45.331,12.881,20.07,-9.842,16.782,-20.701,-16.11,-8.235
48.669,-37.829,-33.05,-25.513,4.781,-40.732,-1.039,-16.719,-1.742,-24.394,-48.489,7.047
52.935,-35.346,22.306,-4.552,51.67,-29.051,-12.019,0.712,31.08,5.943,7.008,6.709
49.996,-22.06,-12.52,49.287,57.759,-8.298,-11.255,3.555,27.21,-1.43,-75.641,10.277
49.787,83.774,3.553,-18.752,60.315,48.113,-12.029,-3.871,-13.528,49.128,-62.535,12.844
50.773,8.18,70.194,-24.659,77.184,19.434,5.047,16.998,-17.83,47.379,6.497,-7.943
51.452,2.521,-31.132,23.585,17.756,-17.67,-37.981,-33.02,19.903,-15.702,-34.335,28.255
49.429,-38.944,-7.06,-19.502,36.678,-14.653,-19.598,-45.171,10.992,27.926,6.223,-15.839
50.396,-49.494,8.678,21.991,36.096,-45.55,-42.343,-4.859,13.495,4.031,-4.266,-18.851
49.654,-13.703,-9.089,-53.057,14.274,-19.284,-15.361,4.835,5.28,-14.163,2.337,-2.499
48.266,-53.153,-58.143,9.827,21.421,-20.161,-22.612,-1.604,-9.155,-3.921,26.088,-12.868
55.811,7.39,26.539,16.583,-1.627,-32.446,0.437,17.031,2.072,2.476,-18.553,-3.343
52.365,-2.228,-8.301,-23.889,8.708,-41.739,-28.308,17.642,4.131,7.776,-28.859,-3.958
48.643,9.913,-4.576,-68.02,3.193,-19.731,2.651,-13.16,-16.751,5.736,0.004,5.213
51.865,5.13,8.938,43.51,-6.37,-26.386,-26.159,21.769,-22.704,3.565,-0.454,2.837
52.027,26.255,11.891,101.607,2.384,-29.098,-22.163,4.213,-10.692,-15.486,-46.348,-2.197
44.211,-12.317,7.672,28.086,14.137,-46.947,-13.511,-5.993,-29.9,21.154,9.454,7.071
47.569,-72.607,-2.885,17.393,-12.267,-71.855,-29.971,-5.549,-15.521,36.435,-0.42,11.021
47.254,-47.852,-21.915,30.124,-3.893,-51.311,-17.978,-25.566,-9.835,23.659,-5.158,13.305
48.845,-60.075,5.932,31.107,17.479,3.604,-4.458,-21.454,3.3,-1.304,20.764,2.978
45.546,-73.056,-67.963,8.328,-39.753,-33.077,-14.55,20.536,-4.837,-14.188,6.573,2.73
45.632,-16.071,-16.216,-45.829,-39.177,28.632,-1.106,-11.397,-4.06,-3.906,-24.73,8.987
52.354,22.32,31.865,-2.174,4.968,68.061,5.958,8.458,-9.161,7.7,-6.256,-6.703
53.405,-10.449,38.924,-16.078,12.851,-34.57,-34.797,-7.15,-2.221,-2.08,3.816,-3.0
55.268,55.959,18.771,-21.791,14.921,-20.412,-20.894,-35.863,15.389,-8.115,-3.485,-4.314
53.872,17.098,28.972,23.569,28.258,-17.096,29.258,10.017,0.435,-23.86,-49.195,12.768
51.495,9.788,-0.397,-77.272,-12.959,-43.6,-0.283,14.818,24.919,-21.382,-1.905,-13.121
52.343,7.061,-1.157,21.001,11.343,-47.925,-24.485,-23.057,-6.32,9.441,-17.014,4.987
52.762,-20.144,45.653,-25.116,18.417,11.174,6.44,6.532,-20.291,12.014,14.319,-7.298
51.696,-4.356,10.832,46.466,29.221,-32.725,-30.489,-19.578,-1.574,-10.33,-16.556,6.585
54.658,24.427,61.854,45.791,26.296,-12.926,-13.888,-7.805,-8.173,-6.344,-30.236,-16.523
49.197,23.577,-44.065,-20.863,27.862,-37.614,-2.762,-11.115,23.309,1.312,11.167,11.783
48.465,-22.571,-0.089,34.743,43.665,23.451,-47.788,-4.493,10.054,-11.056,-55.849,4.005
49.371,-9.918,10.61,-48.243,32.587,51.274,-11.082,9.205,4.385,4.719,29.949,7.07
53.564,1.204,35.793,-45.163,24.283,-26.457,-14.64,19.866,-4.387,9.454,-0.961,12.454
51.263,-9.947,26.818,-15.016,10.42,-26.742,48.098,2.12,-6.499,4.889,-33.883,16.947
50.465,-43.416,10.267,8.795,7.993,-23.78,-25.159,31.005,-24.265,-14.075,0.673,-5.509
55.559,19.842,44.219,7.751,12.271,1.404,-2.366,7.252,-4.648,0.202,4.33,-12.743
54.363,13.528,30.512,-3.123,10.639,-33.294,-26.153,-18.653,-9.295,28.878,-16.161,-14.418
51.149,-16.295,27.725,-31.277,24.699,-37.516,3.321,0.139,-9.038,-3.655,-0.552,-17.061
51.867,-25.279,44.036,-0.603,12.537,-26.442,-9.083,-5.713,5.26,-1.055,-0.385,-10.512
52.437,3.189,10.94,10.796,-6.964,-36.082,-35.04,11.288,5.107,-19.951,-24.096,1.433
48.643,21.917,31.515,13.96,3.575,47.928,-1.431,7.147,-12.514,-4.922,-67.852,-4.796
43.067,12.96,29.834,31.594,2.414,14.428,-1.071,-14.702,6.562,7.894,-38.794,3.073
43.874,-63.914,14.54,-38.434,17.606,46.583,5.611,-25.985,5.436,-3.566,-38.854,5.253
46.132,-28.704,-22.077,39.511,-9.971,-41.156,-20.591,-35.273,4.292,4.32,-0.742,0.876
46.147,-58.364,5.094,29.608,9.54,35.425,0.326,-4.89,4.983,-18.378,-14.928,2.508
45.382,-75.174,-70.961,27.003,-50.766,-47.559,-24.735,13.748,-7.687,4.196,17.215,-0.749
45.462,-17.995,-21.069,-34.213,-44.89,34.028,-11.499,-12.299,-4.112,-16.315,-27.478,-0.636
49.523,14.767,73.341,-108.904,-10.425,43.264,12.909,8.13,-20.286,-5.448,-31.184,-1.19
53.549,5.377,43.783,-28.218,9.707,-5.505,43.551,14.994,3.014,-13.779,-3.63,10.524
53.815,-1.975,42.277,9.352,15.907,-23.576,-3.191,12.965,-6.259,3.518,-9.57,1.272
50.647,-51.564,-2.215,-35.068,-24.675,-33.994,21.747,5.737,8.223,15.555,12.622,-14.077
52.473,23.202,35.715,-6.463,-14.37,-8.419,31.276,-1.042,-9.968,-6.374,-41.846,-2.877
53.17,-9.372,21.187,-23.653,18.095,-14.316,-16.361,22.911,-12.683,9.651,31.143,2.231
54.751,70.913,33.411,-3.98,29.821,-21.12,-15.761,-10.118,-11.559,-3.596,-11.237,26.002
52.523,31.277,10.954,85.182,28.79,14.333,-19.049,-7.54,-7.577,14.753,-62.033,5.796
51.717,21.763,96.985,-25.372,76.299,19.058,13.592,21.788,5.627,15.089,17.585,-5.334
52.468,11.223,-15.681,44.404,44.711,-71.031,-23.445,16.545,-21.129,22.16,-14.98,4.375
52.095,-8.824,30.845,-31.811,28.942,-16.589,1.516,-18.174,-13.386,-4.585,-6.005,-2.918
51.866,-44.705,49.781,-16.358,29.648,-36.203,30.609,34.359,-6.126,-1.139,-7.175,9.609
51.558,-10.548,8.445,38.534,12.987,-33.379,14.714,-17.328,-18.082,6.598,-26.633,-0.796
53.69,66.096,-26.739,-80.503,42.725,12.489,19.058,-30.362,6.458,-2.55,-6.195,-0.451
54.975,27.768,0.945,8.549,19.974,-50.537,-27.866,-33.421,-7.414,19.106,-15.451,-21.65
49.316,-22.778,-41.504,-7.675,4.613,-98.929,-34.925,-18.684,-9.309,28.25,-10.281,6.782
48.097,-32.349,-14.022,-13.116,32.599,-26.477,5.449,30.773,-19.668,2.437,-13.275,13.648
44.801,-52.005,-62.37,-42.06,22.47,-30.651,-36.412,-19.725,-30.803,29.017,-14.392,-14.717
43.367,-74.507,-41.456,-19.878,5.409,-22.078,-46.725,9.379,-2.779,-11.505,-26.553,-12.868
42.734,-81.941,-23.9,35.74,29.217,9.594,13.451,3.087,2.356,-30.642,1.731,-3.173
37.48,-151.386,-49.68,-58.836,-13.769,-26.876,-16.428,-8.768,-9.386,-10.209,-12.419,0.174
41.228,-117.707,4.605,-140.516,1.758,-26.596,12.773,0.376,-12.436,-15.95,15.576,-6.547
44.503,25.971,-125.846,-85.169,82.053,-30.345,-7.029,-68.187,-33.884,5.023,-20.526,-7.503
45.559,-49.679,-39.511,-66.686,12.917,-26.464,-35.965,-0.375,-21.453,-14.029,15.573,0.366
42.383,-79.746,-81.867,109.707,13.499,-31.691,-46.461,-18.387,-14.84,-6.481,-70.673,2.84
42.848,-102.893,-76.422,49.891,58.614,34.774,3.548,9.918,5.398,-31.127,-11.541,7.2
31.408,-250.953,-81.69,-43.566,28.48,-44.416,-13.79,0.318,11.192,-5.933,4.958,2.601
34.838,-152.769,-50.374,-162.817,9.945,-37.576,-10.444,67.757,30.051,-23.11,32.809,3.937
44.507,-40.555,-40.237,-84.223,45.334,3.23,-20.029,-25.914,18.161,-0.411,-9.015,-9.044
47.358,-84.638,-20.342,21.767,36.927,0.905,-8.463,-5.093,10.296,-15.871,-46.801,-14.199
45.159,-58.989,-29.603,36.352,59.16,23.258,-11.97,-7.876,-4.625,-6.855,-6.978,-19.089
47.127,-68.235,-1.515,-85.49,101.11,7.443,-17.934,29.659,3.011,-2.094,35.812,-25.502
49.044,-24.082,36.152,0.623,63.542,-35.793,-29.262,19.833,-21.288,3.55,1.117,-21.158
44.199,-25.16,30.407,-56.854,51.735,10.94,-14.522,29.988,-18.553,-10.62,-20.337,12.715
42.775,-103.509,-60.188,-13.6,53.666,32.766,-3.401,-19.228,-3.549,0.572,-71.276,11.352
40.918,-118.336,-24.849,-146.909,51.349,14.259,23.873,6.749,-7.236,-13.379,1.96,6.264
43.814,16.626,-165.894,-93.167,91.745,-60.257,-6.234,-5.984,-26.238,-7.11,6.137,-16.778
45.036,-76.054,-52.52,-42.765,52.967,-28.675,-20.8,-15.438,-34.824,3.77,-24.603,-12.051
46.163,-74.259,-32.499,5.702,41.077,21.382,-23.409,-13.713,14.262,-17.623,-34.463,2.125
43.134,-148.177,2.168,-91.103,64.023,-11.596,5.939,71.237,2.264,-39.993,-26.509,-7.23
41.29,-108.444,-57.666,-32.939,39.427,-12.666,-20.231,-29.033,17.455,5.314,19.839,-18.156
43.117,-58.509,-53.634,-53.473,35.953,-15.591,-11.828,-15.038,21.493,-20.095,-12.885,7.528
47.025,-61.254,-14.856,-53.982,49.524,-28.92,36.143,-8.557,-1.094,-20.454,18.313,7.464
47.595,-81.953,1.96,2.73,51.868,-35.361,16.713,10.67,-34.753,-11.428,-27.267,7.064
45.303,19.616,-82.866,-61.626,48.644,-27.48,-20.603,-71.681,-24.921,-31.945,-11.437,-30.576
43.681,-52.65,-44.682,0.35,11.196,-8.779,-44.425,7.59,-9.85,-3.791,-37.263,-10.935
46.497,-68.54,10.616,-2.761,72.582,-9.592,-0.769,37.853,19.646,-22.556,2.653,-3.595
44.307,-127.38,16.765,-0.904,30.854,-43.803,33.23,12.258,-6.627,13.696,0.081,-4.241
43.864,-109.385,124.553,32.489,57.349,-26.022,24.129,-7.593,-12.071,-5.429,-2.578,-20.082
43.589,-103.912,62.883,53.926,27.56,-21.638,12.514,-6.57,-16.521,-10.192,-37.432,-4.734
43.289,-105.089,3.275,-122.18,27.503,-29.12,18.192,15.547,4.296,-24.055,20.011,-8.967
48.169,-75.268,8.871,15.834,65.562,-39.237,19.755,29.587,-33.612,-8.894,-19.488,13.088
45.404,38.904,-85.295,-63.17,112.267,-35.641,13.212,-63.025,-22.527,-3.93,-12.839,-1.165
44.239,-59.827,-38.516,3.566,32.986,-0.314,-29.832,-12.383,-9.943,-13.289,-54.145,1.995
43.979,-119.834,-10.273,-25.15,87.64,56.001,26.143,45.98,5.596,-13.472,20.887,-8.879
40.045,-193.353,-16.564,22.893,42.637,-38.169,21.593,-2.773,-1.574,9.675,4.501,4.601
41.673,-55.422,-36.233,-62.903,22.168,5.118,14.121,4.365,22.557,-17.968,-16.185,5.715
47.634,-67.728,28.473,-11.583,35.209,13.629,43.118,4.461,-15.082,-12.454,-13.228,16.425
47.9,-55.488,-25.554,-31.213,50.702,11.892,-17.603,35.587,0.883,-24.855,30.41,-1.937
47.055,-66.214,-14.858,25.124,91.086,-29.525,-38.501,-8.116,-3.889,-10.384,-43.4,-24.276
49.46,-84.806,58.948,12.937,83.381,-3.094,4.487,9.67,-27.007,-16.127,14.929,-25.389
47.58,-85.614,55.605,32.932,66.166,-11.818,-29.154,11.98,-33.317,-14.344,-34.258,-29.517
43.836,-54.597,-5.25,13.169,79.807,-12.998,-34.3,1.541,-23.03,-12.587,-2.95,-2.416
47.102,-52.502,2.253,-11.93,53.236,35.218,17.12,-3.791,-31.434,12.971,-1.576,-10.74
46.91,-76.478,24.396,-66.513,33.704,-18.303,34.343,-2.55,-10.815,-15.594,4.349,-2.743
49.299,-60.517,49.352,37.503,27.288,-28.822,18.959,23.913,-22.885,-3.373,-18.202,19.79
48.075,40.907,-37.632,-48.805,61.219,-26.716,14.499,-59.337,-32.564,-22.481,-13.514,-9.815
50.353,-2.502,-14.748,-17.972,3.381,-4.399,-26.405,-9.868,-1.108,-15.657,-17.342,-8.281
50.543,-27.394,28.579,-78.111,8.221,25.195,14.622,36.983,2.852,-2.783,-37.298,2.23
55.812,79.984,9.469,-39.357,22.085,-2.369,-41.103,0.682,4.097,1.089,29.576,-13.063
56.969,86.167,35.134,-8.639,4.582,-14.876,-41.296,-21.139,-10.148,4.456,-18.632,-4.701
54.306,47.309,42.961,-21.535,14.5,14.948,18.6,17.379,12.219,-22.441,-28.749,-13.401
53.955,47.254,-3.671,-47.252,-15.122,-50.912,-0.937,17.87,13.319,-5.556,-7.683,-26.481
55.138,75.172,13.776,-6.829,-5.52,-41.235,-21.817,-24.422,11.46,10.53,-13.343,-17.048
55.508,68.283,13.138,-6.742,2.007,-16.578,-19.722,-9.278,10.449,-8.481,-12.828,-2.87
54.903,66.412,30.148,-63.815,-8.602,-22.917,-2.353,16.782,8.491,2.839,-4.465,-13.647
55.634,74.938,-9.838,32.434,12.456,-32.939,-5.88,-22.279,-3.304,-5.529,-32.339,-4.716
54.643,98.271,10.038,-58.473,-10.4,1.778,-28.037,-2.865,18.513,-9.691,3.769,-13.308
56.39,85.915,38.323,-2.845,16.615,-14.194,-1.949,-6.222,8.287,12.582,-32.174,-5.647
54.253,25.763,39.797,-52.025,35.246,-12.771,1.714,-1.545,1.727,18.407,-8.584,-15.82
54.623,56.597,9.62,-33.892,47.16,-34.348,5.986,-12.575,-11.369,28.385,-12.071,16.628
55.936,47.008,10.72,15.322,24.943,-14.401,11.796,9.609,2.443,-5.68,-1.523,14.326
53.075,60.578,-27.18,-38.58,27.695,-31.695,9.301,-19.551,10.15,-1.804,-10.063,39.569
56.273,94.572,45.554,-11.802,-4.472,-30.323,29.053,13.638,2.458,-7.606,-5.163,-1.15
56.186,91.844,15.758,12.431,11.315,-29.964,12.897,7.027,-4.14,4.29,-38.178,15.0
54.074,55.209,-10.995,-17.385,-6.442,-31.067,-6.542,-2.343,12.426,2.246,14.199,-0.243
55.428,105.236,3.961,-36.275,-17.041,-27.09,-37.865,-12.548,17.329,-6.809,0.185,-11.619
54.841,50.192,11.205,39.273,7.548,-15.208,13.838,-10.631,10.501,12.428,-52.241,-10.261
52.943,40.226,4.356,-63.891,16.874,32.735,13.249,4.967,16.565,-16.625,-1.418,-16.835
53.579,13.335,42.594,-18.728,18.951,-31.63,12.644,12.435,16.96,14.873,-25.962,-25.171
55.639,33.324,40.275,-1.782,31.158,-29.935,2.104,-7.915,12.953,11.374,-28.418,-8.479
55.556,62.364,32.324,-33.098,14.229,-18.195,-5.083,16.774,27.584,-11.433,-5.956,-23.491
55.575,77.978,29.018,18.175,2.743,-22.065,17.498,-4.924,2.668,-6.605,-44.908,-8.704
52.963,31.997,38.815,-11.947,-8.287,-16.873,62.367,16.283,1.515,-0.358,-19.707,13.767
54.345,44.294,26.899,-43.037,30.776,-19.941,-3.195,4.315,9.56,-18.028,-15.716,3.265
54.866,42.269,37.288,-26.758,14.682,-9.766,-0.016,-6.021,3.423,13.679,-20.721,-12.843
54.916,64.62,9.464,-35.655,40.62,-20.351,-11.153,-30.611,-7.438,7.693,-30.849,-7.419
53.859,20.1,6.599,-27.473,29.919,16.635,-12.425,0.255,27.318,-28.595,-10.575,-13.849
52.673,57.347,7.55,-84.775,23.726,-27.769,0.729,1.867,17.608,6.438,-10.72,-6.452
56.19,73.041,38.647,-14.608,24.295,-26.389,4.245,13.764,11.797,-0.78,-20.581,-12.159
54.277,44.302,23.469,-2.546,6.68,-56.523,-9.472,-11.119,-2.982,11.836,-20.535,-6.436
53.519,32.766,20.958,-24.604,11.57,-33.798,-20.776,10.064,6.399,7.58,8.814,-13.822
54.52,32.539,19.367,-11.433,13.042,-46.732,-48.017,-12.095,12.856,5.363,-7.723,-1.414
54.372,63.716,-1.762,-4.134,14.423,-33.546,-51.04,-13.186,1.686,-6.839,-5.552,13.607
53.217,73.419,-59.279,-25.074,14.854,-33.668,-11.988,32.009,7.911,-6.241,-17.079,-6.525
53.022,23.91,20.294,-32.71,-2.85,-15.74,-9.239,13.659,7.758,18.664,-3.895,-28.414
53.978,21.116,1.255,0.894,23.36,-26.921,3.088,-28.331,5.6,6.886,2.651,-2.388
53.599,15.57,19.866,-13.147,2.951,-39.645,-12.29,11.425,12.02,3.9,-7.033,-5.843
54.221,60.288,-39.551,66.445,9.711,-21.778,-16.236,-21.097,-8.126,-11.597,-51.211,1.18
49.693,29.278,-9.603,-63.444,20.311,-0.27,15.373,9.247,26.311,-27.209,-22.105,-4.767
53.244,-1.199,61.686,-25.574,22.27,-20.431,50.288,18.691,-13.295,3.969,-5.945,28.982
54.619,3.158,62.933,1.206,41.922,-40.874,48.123,7.599,-9.733,-11.803,-11.432,24.779
55.524,34.525,47.575,13.916,42.191,-19.145,32.267,9.25,-11.674,-14.088,-10.985,43.296
52.615,-18.454,23.289,-26.485,26.75,-38.258,46.09,8.792,-16.836,-8.629,-4.281,12.098
55.078,46.129,29.149,-32.723,3.128,21.808,19.727,11.083,2.113,-34.346,-2.532,-15.71
55.573,12.737,62.942,-10.912,-1.637,-30.388,23.807,-0.179,-20.384,-5.622,-10.638,-7.065
55.228,54.483,6.703,1.82,-5.881,-27.137,-18.996,-3.139,-22.46,-2.883,-13.823,-3.192
52.862,15.242,26.463,-40.639,38.903,-29.673,7.035,35.797,18.863,23.162,-13.57,-30.401
54.882,58.496,5.824,-15.607,20.46,-51.811,-5.36,-17.685,3.932,14.89,-9.706,-4.879
54.25,28.503,-6.967,2.205,18.482,18.674,4.268,11.905,17.686,-34.384,-39.989,-2.057
50.398,3.149,38.032,-84.61,9.774,-7.287,44.56,-8.17,11.535,8.945,-4.105,-9.243
54.387,-9.824,72.619,0.043,30.05,-29.172,44.052,14.125,-13.308,-19.075,-11.514,34.953
55.841,49.799,27.686,-21.971,68.53,-40.512,32.607,-27.326,-19.199,-11.904,-7.029,33.666
55.533,27.248,53.097,28.417,33.634,-20.928,19.473,20.641,5.536,-17.121,-33.404,8.274
53.267,19.328,12.137,-34.197,27.575,-4.499,26.618,1.259,35.218,-12.761,-6.623,-8.734
57.593,63.504,28.267,15.409,25.382,-38.166,22.249,-16.514,-2.457,-19.319,-9.258,10.092
56.744,52.239,35.457,-15.474,18.441,-49.473,-21.875,-2.526,6.834,3.815,-2.808,-8.512
57.766,78.221,48.413,-8.532,21.629,-25.121,-13.237,-20.267,12.667,7.211,-9.716,-4.716
57.497,68.621,43.252,19.843,24.655,-28.7,-5.427,10.864,3.486,-1.602,-27.798,3.393
57.033,97.286,30.744,-3.638,35.385,-17.129,11.039,7.924,2.377,-0.868,-13.471,-7.601
55.597,67.377,-4.459,-36.999,9.07,-27.035,-0.65,25.205,15.67,-15.619,-6.076,-28.708
55.864,50.979,27.708,-16.428,31.426,-22.782,-8.497,-4.87,8.215,9.455,-23.76,-15.201
55.867,66.47,40.416,-41.959,-1.426,-27.624,2.925,31.101,15.468,-7.697,-17.509,-21.72
56.698,60.442,16.204,22.492,32.448,-42.61,3.324,-31.574,7.688,-3.043,-27.541,-23.109
56.296,90.883,35.07,-15.344,9.313,-27.78,11.873,-40.443,26.028,12.48,-14.938,-21.76
54.143,27.108,34.044,-23.978,18.67,-10.748,-2.076,-7.586,4.661,-14.749,-24.525,-14.784
55.774,64.45,33.781,-18.951,38.871,-14.312,15.653,-4.924,-9.138,19.08,-16.824,14.257
55.644,47.31,34.67,-22.371,41.112,-28.963,2.285,1.017,-0.083,-8.424,20.1,18.421
56.365,69.214,7.259,31.289,7.208,-51.919,5.333,4.514,9.059,12.997,-7.646,7.974
54.568,52.124,13.896,-22.596,-0.961,-25.349,13.053,-33.894,0.745,11.362,-18.74,24.091
56.67,66.06,56.812,-3.418,7.99,-29.049,38.856,8.325,13.32,-10.617,-11.68,7.895
56.783,68.943,12.29,20.492,24.445,-31.865,13.684,-20.175,-2.685,-14.37,-24.144,6.92
54.994,27.602,7.585,-7.998,15.415,-41.747,8.932,-1.151,10.668,2.121,10.869,11.605
55.938,63.639,45.513,-13.347,10.509,-17.343,26.392,-10.057,19.361,-14.062,-9.706,-2.659
55.222,46.798,18.499,-9.439,20.505,-14.93,16.354,6.702,12.148,1.559,-5.473,1.386
54.897,55.572,33.611,-11.786,13.444,-28.23,20.528,-11.808,15.386,10.891,-15.034,-19.516
55.007,23.058,42.311,-14.649,13.001,-30.325,-5.621,6.61,6.133,6.119,-0.686,-23.959
56.255,59.839,39.021,5.533,31.822,-23.832,9.166,-13.19,-1.56,-0.175,-22.193,-8.806
55.077,40.621,49.814,-32.188,12.459,-33.179,9.709,13.769,21.724,-9.763,0.003,-32.244
56.246,57.093,27.063,27.363,18.043,-26.916,28.007,-16.288,4.943,-10.095,-7.63,-24.556
54.325,5.064,65.949,-30.527,44.273,-30.478,37.335,24.547,17.348,-1.455,-4.259,1.929
54.325,22.668,40.45,16.776,21.749,-33.519,14.153,-18.39,6.422,5.583,-38.732,-5.481
55.03,58.154,16.257,-33.823,40.672,-26.224,6.749,-33.375,-7.729,11.514,-12.138,5.94
53.564,1.72,10.519,-11.687,35.96,6.008,-9.391,-1.512,8.149,-29.678,-16.632,2.336
53.529,41.328,10.243,-44.978,18.299,-12.404,-0.326,0.301,10.501,-12.347,22.945,-19.867
55.561,52.675,40.727,-17.274,45.005,-40.729,14.607,-5.314,10.923,11.696,-22.808,-21.056
55.379,10.239,48.742,-19.709,35.18,-28.986,-15.409,-3.271,0.71,-2.169,-5.394,-7.678
55.773,47.66,26.972,-5.116,36.965,-34.958,-17.406,1.048,-3.953,-2.395,-11.842,-5.096
53.541,16.789,31.343,-26.92,6.713,-22.529,4.534,12.752,1.78,14.647,-10.626,-16.592
54.825,35.376,11.708,-14.226,21.891,-41.689,-4.194,-13.193,-8.605,16.385,-0.693,-4.033
55.115,56.435,-12.244,46.881,24.871,-33.054,-11.081,-22.079,-18.286,-12.41,-34.989,-12.538
54.06,29.89,33.133,-42.38,51.382,-40.856,21.602,-26.548,-8.109,31.925,-13.517,5.377
55.774,15.277,57.417,0.351,47.956,-43.483,36.679,6.354,-4.452,0.462,7.7,31.341
55.974,32.649,53.192,10.822,48.129,-38.032,45.525,-1.855,-1.149,-9.463,-12.222,36.571
52.455,25.214,8.477,-45.863,0.657,-37.241,3.069,-11.953,2.92,17.802,-8.952,-29.175
56.797,85.122,3.93,14.814,18.597,-36.1,-8.308,-9.985,-3.822,-19.17,-20.644,-6.285
52.922,20.67,-25.753,17.114,5.48,-44.852,-3.47,-21.478,-3.46,9.691,-12.924,-4.499
53.039,-12.215,28.759,-35.044,12.725,-24.411,14.969,-4.755,-8.231,14.235,-4.676,4.483
54.567,37.804,-2.46,-10.578,21.026,-28.906,-15.808,-2.986,1.762,10.211,-11.465,10.614
52.687,13.227,25.432,-48.123,39.268,-35.861,6.914,38.941,15.042,30.256,-18.504,-30.798
54.815,58.387,4.827,-15.818,21.667,-55.832,-4.016,-21.123,-0.054,11.316,-7.631,-7.08
54.234,29.548,-6.95,13.938,15.056,12.573,-0.052,10.75,13.268,-34.097,-45.36,1.86
50.463,0.029,41.049,-60.288,11.418,-13.735,45.949,-5.038,28.943,5.307,0.191,-12.287
54.271,-2.667,80.56,4.258,29.074,-32.941,64.895,8.903,-21.451,-9.12,-17.143,35.307
54.67,13.45,47.548,-16.508,55.738,-32.676,60.299,31.095,-29.484,-46.702,-6.385,28.141
54.832,5.932,40.522,6.338,60.964,-27.952,23.555,42.931,-25.358,-14.187,-20.303,20.928
51.194,-7.982,-10.617,-46.255,43.838,-15.779,-3.283,15.475,2.396,9.675,-14.907,-30.44
56.583,63.971,2.088,16.423,24.752,-35.276,-5.421,-15.698,0.952,-15.884,-22.688,1.798
54.301,41.76,2.347,-6.547,20.335,-52.202,-14.553,-10.19,-0.567,13.002,-7.163,-5.517
54.235,66.565,-2.892,-31.246,21.939,-38.459,-13.211,-0.252,-7.059,11.535,-11.263,-8.6
53.197,59.716,-36.873,51.801,33.395,-24.475,4.101,-42.895,-2.359,-19.86,-39.467,4.212
48.514,-26.216,-6.544,-44.578,28.63,-32.715,-0.877,4.321,10.362,-3.697,-2.523,21.825
52.402,32.599,23.643,-71.021,23.059,-26.912,-61.463,11.089,19.603,-1.022,23.967,-10.117
56.442,72.024,68.588,-3.138,34.004,-24.715,-14.17,0.073,5.732,-7.349,-8.769,-22.389
52.735,26.919,51.104,79.161,41.322,-9.983,-26.549,-15.022,8.001,-7.78,-59.218,-29.155
51.168,23.944,66.077,-85.778,56.582,49.079,0.831,32.108,17.958,-10.95,-27.177,3.091
49.085,-82.295,46.418,-24.103,32.343,-24.017,22.818,7.934,-12.281,-10.554,-13.571,26.667
48.594,-131.825,47.84,-10.461,14.684,-35.381,32.541,7.923,-28.489,-5.456,-1.52,21.85
49.496,-85.795,21.107,-21.373,14.36,-27.794,6.611,26.83,-21.443,-36.146,-2.695,28.123
53.991,35.803,0.757,-38.982,15.645,-3.042,-32.211,-19.274,14.27,-13.397,13.488,23.293
55.568,44.155,52.411,-35.584,33.1,-22.992,-14.588,-3.824,15.729,-6.257,4.029,-2.094
54.05,18.546,31.42,69.07,15.017,-4.472,-0.059,-20.115,7.898,-4.193,-52.049,-15.87
50.492,-41.95,46.047,-46.74,41.891,53.639,32.372,28.646,10.452,-24.113,-39.264,20.713
53.598,-10.787,28.631,13.532,62.489,-21.466,22.318,10.428,13.978,-5.565,-18.831,36.913
50.45,-54.476,26.958,-16.541,42.589,-32.594,-1.865,-4.128,-9.393,3.747,-16.778,17.001
50.118,-24.838,55.821,-106.512,36.727,-38.876,-24.322,53.889,3.108,-11.982,35.157,-3.623
54.515,50.15,43.509,51.522,57.279,9.498,-27.478,-35.474,-5.018,-8.515,-49.34,-4.533
52.199,-15.516,116.843,-45.347,52.88,42.141,10.732,17.059,8.597,-15.197,9.717,-26.413
53.757,27.312,73.102,55.738,41.838,-5.445,-13.099,-14.594,2.059,-10.006,-50.275,0.873
46.643,-113.202,11.317,-27.634,55.088,-35.902,-13.985,1.507,13.767,-11.874,1.394,-3.153
48.775,-96.316,33.47,-43.921,42.787,-35.836,-2.339,31.515,0.48,-11.288,2.283,-9.212
54.098,49.176,25.968,-45.383,27.98,-4.932,-39.886,2.884,17.508,-13.069,23.83,-2.782
56.528,68.031,62.978,-13.728,23.086,-19.226,-23.647,-20.042,-2.654,-1.586,-9.258,-4.1
55.73,39.52,58.019,-15.757,27.933,0.494,-3.994,6.67,14.749,-7.466,-10.565,-16.787
53.09,19.694,15.789,32.177,28.647,-65.285,-20.743,-23.155,35.2,30.521,-20.249,3.519
52.361,5.249,28.573,-51.609,41.005,-15.338,-24.272,1.69,26.781,2.047,-27.048,0.478
52.533,-14.237,31.558,28.396,34.278,11.104,4.841,12.795,3.144,-21.962,-42.608,-8.851
51.506,17.284,26.869,-104.167,38.582,8.25,-38.875,15.46,11.504,-7.275,5.144,0.275
51.292,18.717,-20.743,55.406,44.309,-15.543,-48.457,-7.461,-29.471,-25.17,-14.99,12.792
52.282,-30.107,114.803,-65.537,51.449,4.549,8.407,58.014,-2.922,-11.138,31.708,-12.706
52.476,24.598,33.576,112.303,60.937,-18.821,-11.209,-43.979,0.475,3.444,-62.166,16.024
46.147,-53.886,46.208,-96.805,36.374,-4.654,3.801,47.143,8.184,-30.612,-5.917,2.419
50.98,46.096,-31.189,-15.723,24.292,14.761,-73.976,-22.414,34.572,0.697,-18.917,7.867
52.941,44.79,44.672,-30.221,31.017,18.285,3.175,18.694,-15.907,4.71,-34.804,12.024
52.265,-18.911,-5.217,43.102,44.508,40.86,-5.255,-13.535,-12.142,-29.818,-45.699,8.324
48.771,-38.201,19.125,-37.205,28.096,45.257,-17.104,32.356,10.511,-41.191,-43.666,-0.026
49.654,-63.439,30.302,-51.649,30.528,-6.107,7.115,29.992,-4.016,-21.856,-44.006,1.552
49.216,16.086,-16.629,-90.465,67.924,24.12,-65.991,44.363,23.742,-44.895,8.175,2.78
51.714,77.062,63.959,-23.784,63.6,35.402,2.598,-35.962,-54.485,25.152,-27.787,19.777
49.768,12.122,46.049,8.179,38.233,67.88,-36.78,17.904,-25.427,-51.085,-45.43,10.177
49.134,-8.78,63.723,-102.49,55.406,46.025,13.624,23.266,-2.787,-27.591,-27.349,7.198
54.224,18.618,60.433,-23.937,42.716,13.997,11.274,38.46,9.903,-15.204,30.934,11.32
55.469,37.296,46.47,8.602,40.634,-22.109,-9.537,-27.584,11.797,9.877,-31.585,0.161
54.407,1.311,27.347,-2.142,50.194,-1.994,28.356,-2.545,16.283,2.23,14.556,25.135
56.056,20.667,51.43,-5.136,24.09,-36.869,28.037,-5.261,5.878,10.654,2.919,-4.209
56.03,58.523,6.155,40.091,41.336,-47.903,16.5,4.285,-2.019,2.191,-21.111,10.283
54.752,-0.675,44.737,3.602,41.566,-42.026,28.315,5.466,7.661,-4.447,-16.282,1.101
51.328,-31.917,10.634,-22.802,25.953,-22.306,16.816,-6.146,-11.676,-7.01,-12.044,22.861
50.002,18.974,-25.873,-2.075,70.361,-59.638,5.355,76.023,-22.903,-35.01,-22.13,20.127
48.715,12.072,-36.72,-69.888,63.447,-17.337,11.094,-44.968,-46.27,43.209,-17.387,3.07
48.351,-27.862,-19.121,48.384,32.084,-4.159,-24.317,-16.126,1.48,-4.916,-52.589,6.42
43.911,-18.072,-41.766,35.849,35.766,35.946,1.975,15.919,-9.23,-12.506,-16.59,2.824
45.019,-29.465,59.107,-34.74,19.786,39.464,29.783,1.212,-2.966,6.026,-11.887,-15.305
47.107,-49.331,15.118,-67.353,35.327,-2.648,36.392,5.599,-9.859,-1.621,2.653,2.203
48.057,33.358,-35.984,-42.482,72.652,-38.388,20.776,-64.206,-49.263,12.094,-19.392,-7.573
46.536,-69.524,-33.478,53.385,52.118,3.887,-42.051,-8.986,-8.013,-10.619,-71.93,-4.672
45.447,-33.741,2.783,-13.396,50.369,81.173,31.113,23.092,-12.217,-4.27,8.934,-12.08
43.541,-70.872,16.235,3.994,-14.122,-16.802,21.653,4.084,-4.887,-3.453,-12.788,-0.679
41.835,-109.187,23.192,1.244,-9.433,-43.12,19.017,-12.65,-16.863,1.62,-6.255,-3.24
46.068,-48.632,19.782,-65.207,-6.154,10.428,30.632,42.651,14.531,-18.768,2.099,-15.516
48.854,-9.263,11.707,-76.354,30.368,13.26,-8.391,-3.871,-3.946,1.773,-3.305,-3.864
51.515,-14.817,-1.434,-23.264,55.136,-28.116,-42.04,-25.614,26.824,16.562,-7.826,-9.642
51.447,-15.895,22.96,16.878,36.56,-32.197,-13.374,16.165,16.291,6.144,-22.265,-18.193
46.797,-55.85,-52.223,92.713,50.613,-24.939,-51.81,-8.922,-13.446,-5.743,-58.901,-7.978
48.313,-62.694,-2.68,-59.403,68.489,43.098,-5.425,-23.631,-20.373,-0.198,35.16,-34.709
52.109,-20.425,25.877,-6.312,82.249,-18.905,-39.538,8.46,-0.64,-13.893,-18.927,-7.634
42.704,-29.538,-27.412,13.309,66.666,0.798,-23.272,-49.727,-40.778,36.845,-44.739,-5.682
47.294,-31.874,41.436,-5.832,27.129,38.743,15.325,-1.968,-9.123,0.083,-7.757,-16.653
47.517,-52.01,23.151,-68.624,18.083,5.739,27.341,8.575,-15.091,-3.964,-2.476,4.112
50.456,-18.674,-19.687,-47.844,25.894,-24.289,2.57,-26.999,-41.972,20.85,-19.382,-9.463
50.363,-38.341,-3.548,21.759,18.574,18.724,-33.696,-7.549,2.725,-19.68,-35.524,4.779
51.458,-8.322,56.993,-1.49,20.878,-29.979,19.783,-31.92,-9.81,21.312,-2.027,-22.787
52.922,-7.133,60.953,-4.124,23.805,-29.807,25.759,31.191,-1.399,-16.5,-20.859,15.303
50.034,-27.063,36.969,3.987,29.641,-40.677,23.323,-7.607,-3.683,8.808,-16.105,2.464
50.536,-34.554,-1.219,-19.896,25.012,-21.539,9.85,36.789,-4.075,-12.933,-10.152,3.848
49.242,-34.853,-27.798,4.035,20.168,-31.499,-39.309,-15.533,-16.584,3.955,-40.745,11.023
46.896,-26.091,-16.281,22.707,44.296,33.023,2.196,13.481,-0.735,-1.928,4.732,3.518
46.271,-6.274,44.93,-46.405,46.867,-21.804,-24.164,-18.733,-8.445,2.415,8.669,-1.309
49.171,-15.786,73.92,-27.045,42.401,-20.358,12.282,19.776,-5.903,5.853,-14.913,1.566
50.903,-22.113,16.807,-19.969,41.197,-43.948,6.008,26.203,-19.044,10.203,3.453,0.25
49.806,-5.845,-45.772,-35.525,35.662,-32.89,-5.96,-49.734,-39.348,21.984,-4.363,-4.581
48.429,-51.57,-15.374,24.625,22.606,-26.629,-29.067,-17.994,6.745,-15.333,-6.856,1.1
50.342,-19.708,8.927,0.922,55.851,-18.503,-3.041,21.572,-14.758,6.833,4.986,3.529
49.226,-14.455,-8.52,-4.518,36.089,-35.105,-1.52,-42.235,-11.597,2.341,-14.858,-0.367
47.906,-59.782,34.536,-21.124,41.813,-29.76,15.876,12.998,14.287,-1.151,-0.123,7.564
49.507,-27.0,45.817,-34.702,35.265,-31.64,29.496,2.479,16.31,1.649,-8.09,-2.774
51.405,-46.951,53.164,16.243,35.232,-26.828,19.582,-0.404,-11.829,-8.296,-28.397,20.124
51.7,4.731,9.951,-48.424,26.192,4.805,-42.762,2.174,10.731,-25.579,6.068,-20.778
51.439,13.243,-5.633,10.609,50.17,-8.151,-44.839,0.304,-4.22,-18.613,-43.41,-16.611
52.74,-1.758,39.154,-20.939,74.46,-13.069,-26.62,-0.647,6.262,-1.544,9.296,-3.568
47.649,-30.31,7.74,15.621,76.601,-28.157,-45.811,30.482,-8.624,13.68,-11.215,1.853
49.645,-34.62,4.543,11.25,52.413,16.909,3.244,14.851,-11.603,11.398,-7.079,-8.969
44.621,-25.44,89.169,35.217,65.289,-3.084,23.22,33.869,-9.582,-17.187,-13.694,10.269
44.197,-26.37,80.856,-47.544,49.687,6.809,-8.06,17.272,-23.632,25.549,-0.123,-2.416
46.841,68.455,103.491,10.663,27.908,23.494,-21.07,6.399,-12.74,-24.73,-13.884,-10.425
49.012,27.86,124.418,1.966,59.357,-0.803,9.579,31.43,-20.561,9.15,15.023,0.238
53.165,100.127,99.187,-54.473,29.864,-12.912,-14.031,16.76,-10.635,-17.137,-3.928,1.622
57.04,92.389,81.88,20.912,42.715,-23.237,-3.683,-6.387,-12.252,2.383,-8.814,5.198
56.718,80.954,47.131,19.708,42.657,-32.006,44.291,0.237,-1.589,3.36,-12.786,6.451
56.456,91.046,13.413,-4.462,23.453,-35.099,12.594,-11.468,10.134,5.139,-13.031,-11.518
55.694,49.153,27.896,2.893,14.731,-29.821,5.41,7.787,12.535,-1.121,-20.671,4.677
56.086,75.953,36.133,-27.212,6.905,-17.668,4.285,8.534,18.135,6.027,2.233,-17.916
55.755,78.747,-6.366,33.668,13.485,-32.724,4.619,-22.442,-3.225,-14.708,-27.472,-4.403
54.511,84.65,14.279,-58.822,0.01,-1.172,-10.592,-13.106,18.226,-7.682,-6.291,-11.581
54.646,28.198,39.337,-43.654,36.304,-24.03,3.7,5.441,3.513,23.54,-24.13,-6.568
55.361,53.756,24.9,-23.1,51.512,-33.346,12.396,-19.796,-6.12,25.875,-19.736,9.425
55.652,43.759,20.696,-0.959,66.575,-40.661,2.308,-20.986,19.4,4.78,13.394,26.203
56.947,57.876,12.05,29.019,40.534,-37.817,26.971,-4.102,11.419,8.034,-10.0,36.801
55.823,40.782,23.236,-11.312,39.612,-41.523,49.476,-3.907,1.184,5.91,-0.546,59.606
57.007,70.329,67.53,-2.932,14.986,-32.244,45.462,9.928,8.127,1.082,-5.515,-1.091
57.342,69.329,37.142,20.269,33.518,-31.022,34.279,-11.926,8.823,-6.035,-19.251,5.087
55.673,33.136,33.957,-11.542,7.939,-57.164,27.762,-4.088,15.833,3.001,-5.077,13.747
56.357,52.334,56.324,-10.508,11.251,-23.937,32.536,7.026,20.319,-13.62,-10.338,13.866
55.767,29.677,47.491,-6.246,20.811,-24.391,32.655,3.16,3.347,-11.339,-12.245,-14.052
54.884,2.752,61.903,-4.236,27.057,-31.064,16.12,8.959,7.561,-4.885,-17.714,-27.195
55.27,33.929,39.712,-9.772,24.476,-21.712,7.909,0.016,14.963,-7.568,-13.87,-0.12
55.818,58.592,30.617,-35.384,29.036,-8.988,-9.497,8.897,32.823,-3.669,-11.646,-18.726
56.09,58.863,37.708,5.787,25.188,-23.509,-0.104,-9.787,4.953,-5.11,-42.664,-13.576
53.24,-0.941,35.69,-25.684,16.508,-12.594,35.942,8.249,13.115,0.102,-24.705,-12.872
55.507,44.801,36.173,-14.207,52.523,-30.873,-8.046,-10.343,11.141,11.132,-26.672,-19.85
55.25,31.038,45.502,-16.561,30.871,-26.155,-9.457,-4.799,9.802,4.661,-17.93,-26.896
55.662,67.133,17.907,-24.127,46.79,-31.633,-16.471,-11.8,-0.49,6.621,-24.862,-10.093
53.775,27.782,8.674,-32.786,21.237,2.776,-13.402,8.653,10.333,-24.325,-9.717,-6.241
53.191,56.513,9.008,-73.916,25.266,-30.012,-4.785,9.352,24.474,7.031,-9.656,-14.022
56.68,77.467,46.149,-6.434,23.463,-27.493,4.264,12.328,12.413,5.003,-20.027,-24.415
54.573,47.483,23.685,-1.81,10.092,-54.524,-4.448,-8.135,-7.38,6.279,-19.041,-2.787
54.149,34.795,16.013,-24.356,26.164,-36.33,-12.368,-6.688,3.107,8.415,2.492,-13.277
55.154,39.831,23.275,-11.762,17.108,-25.386,-39.158,-5.97,5.387,5.615,-17.031,1.754
55.163,66.466,9.956,-10.342,22.533,-16.173,-39.308,-9.393,7.067,-4.0,-12.234,10.24
54.681,45.488,11.758,-27.775,20.648,-29.239,28.04,-22.545,8.763,-5.108,-3.209,-9.165
54.671,14.141,14.666,3.064,33.25,-53.51,-1.265,-31.845,-3.522,19.576,-17.105,-5.426
54.381,16.251,32.162,-20.756,15.95,-37.589,-4.119,8.547,6.059,0.131,-10.062,-17.713
55.311,42.718,-12.308,4.806,32.047,6.073,-1.775,-19.84,-0.021,-25.68,-31.175,-0.883
50.96,-6.346,16.085,-40.442,15.089,-28.18,14.649,-9.769,-11.889,8.403,-9.635,-26.601
53.268,23.9,3.148,-5.22,56.356,-64.427,11.595,-25.986,-2.445,21.152,1.961,5.169
54.507,-6.931,67.216,-16.051,41.455,-28.83,45.003,8.849,-27.198,-1.191,0.157,26.009
55.812,19.461,59.904,25.227,61.532,-55.909,48.179,-20.937,-34.724,3.994,-6.163,35.451
55.215,20.399,35.635,24.811,50.769,-41.561,15.578,2.196,-17.473,0.777,-13.146,30.596
51.61,35.908,-20.782,-55.4,18.668,-30.836,2.973,-10.055,6.218,17.39,-20.464,-11.465
55.318,69.587,17.187,-47.932,12.162,6.142,5.869,27.341,-7.385,-24.525,-20.399,-1.114
53.512,27.015,-31.416,14.476,18.441,-35.089,-0.338,-16.938,-4.399,7.709,-18.524,-9.306
53.837,8.367,22.356,-39.99,23.666,-13.376,18.533,-23.417,-6.463,9.051,6.039,-4.654
54.909,31.185,15.506,-6.66,21.935,-21.728,-12.344,-19.935,-0.934,-5.671,-11.606,5.646
53.27,49.453,-36.873,-23.985,6.91,-44.778,5.371,-4.676,12.961,-24.881,5.479,-7.548
54.137,30.098,24.583,-17.746,41.341,-38.531,-3.907,38.39,14.961,16.649,-13.97,-31.982
55.12,60.448,2.951,-16.62,33.108,-53.9,-10.473,-27.069,5.739,13.217,0.177,-8.545
54.952,52.024,14.8,2.704,5.032,-36.881,4.644,-9.408,0.933,6.14,-6.958,-13.95
54.81,48.535,-10.298,3.852,18.254,10.842,-2.131,6.449,2.845,-33.931,-31.746,-3.564
50.189,15.937,29.507,-92.307,17.186,-20.81,50.07,-17.358,6.185,13.161,2.153,-4.487
55.345,-14.202,77.282,14.973,41.55,-55.354,45.076,-5.305,-34.155,9.782,4.125,28.326
55.83,25.015,49.739,13.584,59.241,-53.785,28.793,9.868,-19.238,19.311,-14.805,18.354
55.986,47.934,25.845,-34.412,12.178,-19.201,-18.006,13.681,-21.31,2.5,0.777,-45.743
57.556,74.622,33.31,11.006,16.265,-36.191,13.401,-25.159,-10.413,-9.902,-21.309,-8.852
57.298,56.918,56.11,-14.72,16.882,-32.321,-6.249,16.917,-2.298,-4.333,10.362,-8.165
57.756,66.31,58.316,-13.154,23.303,-22.018,-8.821,-8.644,-12.445,5.808,-9.022,1.805
57.926,79.065,46.152,6.786,40.808,-38.08,24.849,-7.549,2.293,2.272,-20.364,-12.739
57.231,75.01,46.028,-5.843,28.368,-38.567,35.293,-12.323,2.99,10.598,-15.647,-13.772
56.742,108.601,32.011,-5.416,15.471,-46.036,1.247,-5.577,23.111,13.693,-15.463,-26.219
56.143,84.413,1.333,27.645,13.279,-38.219,0.473,-22.081,-4.266,-11.266,-22.065,1.701
55.731,127.981,19.345,-45.697,-25.492,-27.405,-15.513,-25.215,6.418,2.33,-9.222,-7.615
56.137,76.989,42.378,11.63,26.648,-20.861,-0.008,-8.271,13.44,15.883,-36.248,-14.81
54.061,35.97,33.197,-29.412,23.119,5.216,-4.64,-14.651,4.679,9.667,-25.697,-12.302
55.76,65.863,29.54,-7.951,46.853,-19.819,11.802,-6.35,-0.799,22.827,-20.483,7.497
56.322,80.248,27.536,-22.127,39.588,-30.271,-15.243,3.33,2.098,-14.268,18.865,31.788
55.944,80.787,-2.422,30.116,4.299,-56.621,-0.887,5.127,1.521,5.837,4.98,24.963
56.103,82.547,53.559,-13.745,0.086,-29.439,38.645,14.006,7.902,-1.928,-2.38,2.126
56.672,93.505,4.96,26.105,10.409,-30.223,2.007,-1.289,-4.856,-15.65,-16.082,10.767
56.166,65.646,17.889,-26.338,12.204,-42.937,-10.326,-2.761,29.279,7.621,-7.077,-16.017
56.714,76.155,38.597,-11.351,11.297,-23.028,-1.971,-16.052,20.776,0.682,-22.609,-12.125
56.375,54.323,28.695,-3.718,23.204,-35.829,3.224,9.0,14.24,9.054,-15.326,-7.302
55.149,57.389,34.138,-5.316,12.922,-28.202,18.222,-16.853,15.426,6.157,-18.182,-23.624
55.314,70.03,23.741,-18.626,24.813,-26.179,4.104,-15.631,11.645,-7.007,-23.45,-3.626
55.116,55.98,41.698,-40.132,11.761,-33.718,5.128,11.371,19.903,-4.075,-2.055,-21.46
55.746,78.086,27.697,-2.39,16.478,-11.682,14.741,17.785,5.255,-16.499,-30.739,-18.566
53.045,17.884,2.934,-35.188,-9.701,-36.563,14.032,14.325,0.551,4.785,-1.566,7.577
55.776,69.854,22.896,9.193,24.144,-8.936,-4.854,-14.433,-0.552,14.744,-25.088,1.987
54.95,39.468,34.656,-13.82,17.263,-19.235,0.142,-10.087,2.318,7.538,-12.747,0.081
56.985,64.193,51.539,-0.578,44.496,-44.212,18.148,-3.886,-13.263,1.89,-5.809,-5.949
56.298,47.772,44.422,13.036,50.514,-43.965,13.811,-27.41,14.712,10.408,-1.244,6.835
55.759,20.046,49.046,-1.242,35.284,-33.729,24.288,15.724,-6.859,-8.526,-13.353,19.425
54.994,23.747,58.07,-26.401,21.973,-37.772,45.027,18.559,-10.995,-7.332,0.867,17.986
57.432,75.562,41.57,30.025,22.26,-38.753,23.967,-17.59,-5.672,-11.368,-19.772,14.358
56.221,53.389,57.551,-3.368,18.721,-47.719,32.964,1.778,-23.136,-1.2,2.196,24.22
55.919,40.778,50.551,1.521,17.697,-30.839,-10.785,13.941,-9.057,7.474,-7.519,12.833
55.745,70.473,3.206,-16.404,17.816,-50.797,22.489,-28.436,9.203,3.72,-6.542,0.529
55.325,50.839,20.819,-9.95,13.814,-51.063,0.532,-9.219,3.967,18.822,-6.028,-0.522
54.497,60.355,-19.123,45.465,10.474,-8.809,-1.348,-10.758,-0.242,-23.389,-25.914,2.787
54.693,59.737,30.687,-15.037,29.784,-13.52,50.83,-38.699,-1.276,-2.182,4.913,26.778
55.524,46.578,50.413,21.822,46.124,-46.603,42.515,-16.657,-20.309,10.848,-8.128,41.643
55.219,53.804,18.128,29.988,33.362,-25.386,2.548,-2.45,0.57,-7.843,-23.462,32.97
51.123,26.287,-5.47,-48.436,17.599,-41.635,20.646,14.781,9.399,29.317,-5.797,-17.999
52.339,39.692,-16.328,-14.931,0.246,-40.159,-5.468,-10.337,9.961,18.024,-14.589,-7.749
53.693,73.691,19.345,-38.042,-8.018,0.152,30.389,14.365,0.524,-10.168,-32.204,5.996
53.282,29.496,20.969,-42.609,7.545,-14.605,26.788,-15.03,-1.985,-0.256,-14.197,6.2
54.939,47.163,5.65,-11.171,18.865,-37.757,-15.182,2.344,0.171,19.024,-6.504,16.426
53.724,32.233,26.608,-34.581,33.768,-34.551,0.241,16.72,22.08,36.015,-12.578,-28.928
54.387,62.225,4.08,-40.677,44.71,-33.615,-2.517,-13.855,7.518,9.981,-14.95,-14.127
54.993,63.147,28.881,-5.357,-6.421,-28.85,10.461,-2.396,8.79,1.882,-7.989,-4.027
54.736,45.62,-1.974,10.553,12.142,-6.865,0.391,15.5,9.632,-25.205,-39.448,4.573
53.324,41.737,46.197,-44.377,26.587,-29.149,38.483,-18.13,29.234,12.226,-5.802,-2.691
55.14,-2.075,74.381,12.68,30.414,-53.432,49.053,-7.108,-24.883,5.685,-2.517,41.986
55.361,28.654,67.036,17.912,57.729,-59.921,57.615,-13.012,-18.351,21.368,-2.96,26.905
55.758,35.513,34.399,40.014,46.119,-39.731,20.855,-6.324,-4.095,11.475,-23.575,31.768
51.313,14.785,-10.869,-55.622,28.872,-19.29,-3.426,-0.547,-1.441,10.486,-12.151,-7.961
55.147,51.575,21.532,-47.448,18.944,-14.018,1.904,19.872,8.307,-13.044,-26.967,-7.257
54.666,41.063,12.468,-10.196,22.968,-22.895,-4.1,-14.764,10.161,-0.849,3.308,-4.251
54.168,53.492,7.367,-17.092,13.073,-64.195,-21.091,-4.824,-1.029,7.802,-8.877,2.603
54.798,63.567,3.336,-29.523,29.765,-37.592,-19.995,-5.526,9.168,13.404,-7.302,-7.696
56.254,79.409,3.721,-20.856,53.519,-38.827,-3.182,-6.16,24.058,0.777,-13.984,-21.403
55.633,69.882,0.523,-5.424,32.393,-33.284,9.342,-10.687,3.622,22.253,-24.036,-8.007
55.19,77.62,-15.313,50.528,5.894,-34.343,2.181,-20.626,-9.198,-7.634,-37.245,7.874
52.209,60.311,14.347,-56.178,19.689,-6.45,24.374,18.726,18.542,-9.276,-24.026,7.433
52.757,9.605,-0.057,-20.523,20.722,-42.459,-16.193,-19.952,-6.488,9.529,-12.285,19.444
53.65,50.994,-20.887,1.536,37.301,-43.803,-15.412,-39.633,2.639,20.344,-14.426,5.312
54.079,48.793,-16.633,5.407,23.356,-1.122,-11.18,-9.608,15.391,-16.469,-10.347,4.938
50.711,18.937,-1.812,-48.471,3.118,-34.712,11.247,22.086,16.412,-0.898,-6.516,-4.485
54.697,71.617,21.82,-38.331,5.13,5.333,22.464,25.122,0.751,-9.243,-33.127,0.992
53.068,37.574,-18.092,18.742,-4.201,-56.095,3.406,-7.919,-3.401,5.373,-7.343,10.549
52.428,49.349,-10.032,-1.811,4.285,-34.456,12.604,-12.251,3.976,21.352,-5.808,7.054
54.009,52.128,-0.078,0.051,7.957,-42.005,5.112,-13.907,1.964,16.62,-8.679,7.167
52.703,44.532,-40.831,-20.446,-7.202,-52.684,-19.714,-35.822,25.532,-13.77,5.039,-7.126
53.135,21.204,3.921,-18.321,25.122,-32.0,-14.414,-9.782,18.604,5.785,-3.935,-12.891
54.299,41.253,1.747,7.794,26.243,-31.109,-8.509,-15.283,15.429,8.746,6.346,-5.93
53.402,71.535,-7.772,-21.066,-3.706,-48.756,2.242,-11.564,29.055,8.588,-22.643,-8.92
53.596,63.489,-0.958,1.879,-3.371,1.479,11.429,15.814,4.787,-7.362,-52.286,-6.325
51.752,73.402,9.181,-42.663,0.835,-32.432,19.575,-0.524,21.454,5.273,-24.91,-3.286
53.039,16.639,-3.821,-8.179,23.176,-13.47,-1.009,-17.001,7.702,-1.199,-7.663,2.647
53.472,44.446,-19.161,-5.36,26.154,-49.209,-12.795,-28.291,-7.749,21.876,-2.278,3.441
53.5,31.848,-17.502,-9.987,19.838,3.635,-11.854,-10.176,15.008,-15.439,-16.682,9.596
49.057,-13.122,-16.935,-46.443,13.619,-31.289,7.18,5.608,7.053,22.229,-10.29,-3.582
51.053,42.017,-20.386,-21.264,-5.898,-43.907,-7.949,-25.44,7.369,17.819,-8.098,-0.376
53.526,60.408,29.821,-73.827,4.712,-15.847,15.612,15.134,5.507,0.591,-23.305,2.042
54.31,45.979,10.354,-10.954,6.623,-21.272,-8.204,-12.686,11.644,-7.005,4.399,-6.671
54.299,43.135,20.113,-15.352,17.049,-35.796,-2.135,-12.06,15.574,11.376,2.424,-6.705
55.02,56.043,11.572,-0.546,22.458,-41.253,-11.728,-19.4,8.154,4.882,-5.511,2.31
54.588,55.203,-10.606,-30.732,-0.708,-31.449,13.473,24.285,24.072,2.921,-6.549,8.841
55.066,49.011,28.033,-19.8,3.877,-31.226,15.779,-8.693,9.319,15.019,-4.14,12.796
54.987,36.082,29.891,12.398,1.353,-39.638,11.303,14.188,12.843,9.046,-4.057,19.96
53.6,74.196,4.524,-3.147,-1.016,-8.342,14.998,0.393,4.464,5.196,-53.5,5.523
51.347,40.599,24.739,-73.576,15.012,-26.503,22.423,26.056,20.589,7.242,-12.923,0.564
52.779,8.95,0.067,-5.954,29.123,-43.289,-6.706,-16.387,9.006,14.728,0.219,6.779
53.482,44.841,-27.702,2.075,34.387,-47.077,-19.064,-37.712,-0.607,15.631,-12.176,10.266
53.947,50.365,-23.178,12.131,17.154,-9.704,-16.53,-15.701,8.591,-12.722,-12.482,16.732
50.739,17.615,13.743,-69.036,4.666,-33.082,32.881,-0.938,7.572,-5.738,1.948,-0.341
56.154,86.857,3.284,17.624,8.221,-4.623,15.996,4.315,4.252,-23.172,-7.176,1.294
53.128,36.553,-14.934,13.333,-8.702,-54.449,8.32,-22.013,-0.364,7.768,-11.375,0.68
53.454,41.159,5.692,-4.427,3.477,-27.931,7.775,-10.153,7.625,26.768,-7.225,-1.647
54.889,48.796,8.153,-3.298,12.487,-35.546,0.203,-0.936,6.053,26.813,-11.296,3.914
52.378,14.529,4.795,-29.54,-3.37,-22.832,1.413,-18.641,-4.32,21.182,-15.89,24.857
53.919,12.186,28.67,-18.43,10.331,-20.599,6.288,-9.959,6.476,-7.759,3.039,6.446
55.384,54.774,21.267,-4.825,12.428,-46.214,-3.287,6.375,13.781,17.893,-6.513,2.382
54.192,54.033,13.629,-0.654,9.574,-6.564,15.67,12.204,22.321,-3.089,-49.239,-10.49
52.396,57.089,16.15,-34.841,15.966,-14.087,15.188,3.479,36.988,9.159,-12.936,-15.639
53.489,14.822,3.066,1.808,31.763,-20.425,-7.381,-17.684,10.069,3.655,3.848,-2.008
53.28,43.486,-23.455,-11.146,26.3,-47.455,-20.294,-36.994,-8.939,21.408,-6.466,5.326
53.706,41.389,-18.947,2.816,23.618,1.103,-15.379,-11.073,11.485,-12.104,-4.734,6.711
49.409,-13.318,-0.176,-51.192,24.911,-28.513,1.019,-8.142,19.883,24.661,-11.204,-11.95
51.791,17.237,-14.769,-17.407,12.014,-52.337,-10.982,-20.726,10.064,21.335,-3.59,-11.511
54.394,45.048,20.535,-52.73,7.114,-8.055,-2.165,7.098,2.305,-3.751,-17.681,-0.436
55.133,50.198,15.19,-22.184,33.713,-37.517,-6.981,-0.247,7.15,8.468,8.463,-8.012
56.487,79.039,23.028,-7.301,40.337,-32.234,-15.29,-20.646,-2.618,-10.083,-2.456,-8.479
54.178,39.271,38.012,5.504,14.7,-18.83,-32.321,-15.415,6.204,-4.638,-2.69,25.211
50.837,18.854,110.381,51.241,73.758,-51.534,-64.331,-7.026,5.396,4.707,5.118,-3.387
46.859,-8.068,87.709,28.888,64.873,-63.504,-70.29,-4.426,12.851,-7.99,4.349,3.752
47.438,-41.685,13.703,-5.313,49.776,-13.677,-36.637,-20.17,-10.522,2.809,-7.074,2.789
46.565,-35.3,-16.78,-57.844,25.754,-30.28,-20.76,-4.118,-18.543,-12.622,-0.547,-16.546
47.774,-48.038,41.647,-53.221,50.735,-53.046,3.008,30.558,-6.215,-35.255,19.126,7.824
48.822,-12.084,65.337,20.527,51.612,-39.862,39.496,-15.683,-16.555,7.001,-12.903,15.66
42.968,-66.753,-17.825,-60.993,39.165,-0.852,-16.666,-2.31,-13.747,-26.439,-3.922,6.873
40.957,-58.364,-24.481,48.141,39.372,-10.481,-38.752,42.408,-5.154,-31.283,-35.447,13.512
40.76,-48.895,59.768,129.61,63.0,-23.728,-41.349,6.721,-7.342,-25.185,-38.701,2.644
34.119,-97.076,22.563,108.495,52.42,-27.323,-39.175,35.693,-9.829,2.455,48.341,-1.213
36.806,-22.352,71.897,-104.931,58.413,39.33,27.279,-7.169,-6.854,16.214,-35.966,16.55
37.757,-75.701,-20.243,58.081,56.226,-41.47,-15.281,13.675,-0.704,-37.204,-42.916,10.558
32.761,-119.801,33.638,-146.295,32.906,11.412,23.568,48.602,-9.598,-7.057,-28.097,4.552
35.956,-83.259,-38.858,26.455,52.461,-20.215,-10.471,30.219,-23.056,-20.956,-4.026,-5.2
39.502,-44.86,12.945,-52.384,53.918,32.465,-7.359,-1.763,20.807,-7.775,14.672,-31.319
36.674,-64.708,-26.918,-31.852,37.216,-34.059,-28.196,11.642,-15.825,-17.685,-5.081,9.087
34.946,-64.954,-18.657,7.634,36.222,-6.476,-35.903,45.719,-7.022,-8.965,-11.903,10.468
33.76,-46.89,52.902,122.43,68.429,-11.977,-38.376,16.577,-4.155,-20.634,-33.513,-1.553
26.793,-91.967,20.681,107.586,70.761,8.467,-32.998,31.896,-13.764,6.588,25.616,-0.5
20.319,-38.767,18.824,-17.421,50.257,-9.919,-22.157,-8.186,0.769,-15.642,-24.858,3.907
24.79,-78.206,50.24,-158.48,67.395,-8.575,-1.069,3.702,-21.433,6.596,-3.809,-10.698
29.441,-57.541,-65.49,-56.575,39.182,-14.463,-23.837,6.15,-7.926,-25.466,-10.724,-0.081
30.03,-72.241,-48.64,-28.024,41.81,-20.234,-13.592,26.016,-12.291,-22.475,0.526,-4.033
27.519,-73.783,-49.468,73.733,48.706,-50.593,-26.434,35.129,-13.14,-43.245,-50.87,11.133
28.679,-75.204,-15.876,2.051,61.327,100.532,17.582,42.644,-15.542,5.441,9.127,-13.914
26.371,-86.54,-43.558,36.236,49.754,-46.343,-14.028,16.409,-12.682,-38.611,-24.411,6.768
23.527,-46.711,-62.209,-36.154,40.58,-29.54,-7.945,-10.569,-0.94,-7.551,4.078,-9.425
23.726,-62.229,-67.191,17.607,43.483,-19.17,-10.294,28.045,-9.536,-9.257,-8.923,-5.731
25.129,-73.393,-45.907,-23.999,40.024,48.096,-7.392,20.11,-6.536,-6.515,-4.46,3.413
22.518,-87.787,-63.598,-35.231,50.418,-30.46,-24.005,-5.651,-20.999,-22.508,-4.613,12.231
22.033,-64.917,-33.767,15.47,37.78,-24.501,-33.362,59.514,-14.232,-19.686,-9.828,7.344
20.773,-25.707,59.91,108.922,83.398,-30.29,-38.687,39.031,-9.062,-16.903,-31.463,-0.763
15.668,-40.035,16.414,68.764,86.81,-3.972,-31.398,57.991,-34.362,13.031,6.329,2.261
8.333,43.949,4.082,-34.614,76.409,-32.797,-20.444,4.931,-18.724,-2.345,-19.201,2.055
12.398,-22.393,11.831,-106.002,93.228,8.86,-18.053,-21.482,-34.372,30.209,-4.758,-2.169
15.772,-41.931,-17.803,-11.307,46.747,-31.042,-25.52,13.996,-37.409,-12.154,-19.598,3.424
12.976,-45.366,-44.12,-30.516,57.288,-34.95,-10.477,24.522,-31.977,-5.691,-5.416,-12.381
12.131,-27.055,-34.821,11.993,65.523,-64.533,-19.202,48.118,-20.569,-18.481,-12.849,-3.642
8.87,14.169,-28.503,-73.018,77.834,2.553,-18.465,5.039,-30.432,21.695,-32.402,2.094
5.512,69.002,-20.88,29.049,87.203,-64.909,-29.758,75.402,-13.927,-28.83,3.008,-5.834
