0.0,171.13,9.469,-28.48,57.491,-50.067,14.833,5.359,-27.228,0.973,-10.64,-7.228
20.944,103.954,127.435,-318.553,24.752,50.842,67.025,-53.13,-25.467,65.975,33.729,2.609
43.335,43.402,29.035,-7.468,15.302,-3.075,-1.021,-7.918,-8.091,-1.947,-26.102,9.843
37.357,-23.187,44.262,2.403,49.122,-23.821,2.539,-1.158,-6.377,-11.889,-5.076,8.464
36.747,-14.535,58.023,-16.24,60.39,-37.899,-7.991,9.504,-6.717,-9.52,18.84,11.405
38.984,48.197,59.716,40.381,51.764,13.75,-21.873,34.405,-10.994,-25.071,-61.157,17.499
40.971,82.261,90.96,19.735,60.379,41.601,-27.669,-8.209,-30.523,-16.491,8.246,22.969
39.921,27.236,9.619,38.895,17.827,-0.857,-8.439,-6.126,-8.104,5.024,-2.885,20.441
36.575,3.214,-5.75,34.957,17.107,-19.479,-7.509,-6.145,-2.942,5.528,-13.977,13.899
33.089,-4.314,2.031,-3.477,-3.378,-12.12,-20.468,1.37,-2.877,-4.123,-1.308,-11.478
31.241,-24.418,-11.807,-61.935,61.755,-22.282,-17.774,-24.515,3.217,5.221,-20.028,-11.951
32.199,-32.627,8.711,6.947,67.967,-37.8,-26.983,26.021,-5.383,-4.131,-3.565,-8.752
30.8,2.513,-1.825,24.355,83.764,-48.085,2.371,17.788,10.973,-12.377,-9.962,17.9
30.222,-35.497,-77.929,-31.268,36.065,-32.445,22.161,42.867,6.287,38.772,-17.041,3.351
26.174,28.833,-98.191,-1.425,-10.539,-80.427,-4.772,-12.728,-7.046,16.092,-27.151,7.384
23.901,36.581,-95.978,-72.466,-0.449,-48.939,3.452,6.023,2.167,-0.972,-4.13,4.986
34.273,74.593,53.604,-217.497,5.739,21.756,36.233,1.419,-12.024,20.411,-0.61,7.524
48.539,72.086,81.944,12.365,59.014,-21.294,-21.429,16.699,0.672,-12.218,13.74,-9.934
46.187,102.825,123.714,13.417,46.94,-17.62,-0.507,9.317,-15.704,-13.25,-0.295,10.556
45.124,53.744,45.029,17.879,8.104,-30.001,5.908,2.481,-14.063,8.223,-16.88,11.414
42.512,33.424,30.605,28.176,10.834,-19.206,-7.519,-9.082,-4.645,-2.539,-14.694,17.356
38.653,-26.656,8.35,44.693,22.701,-32.332,-31.787,-11.884,-5.787,1.439,-30.088,17.856
33.731,-0.017,-16.494,0.309,3.658,-20.114,-34.886,4.667,-7.161,-10.886,-5.039,18.591
34.345,31.506,-70.45,-29.892,41.847,-9.254,0.198,-16.62,-10.327,32.678,-27.38,1.974
35.643,35.226,-12.453,-34.569,84.147,-0.297,-13.725,-36.151,-0.72,19.127,-7.302,-1.694
34.644,-8.588,-4.81,-26.502,48.609,-34.186,-20.873,19.05,-5.516,-7.56,-8.242,10.518
33.214,-30.354,-66.089,29.35,48.183,-43.122,-13.162,51.592,11.018,11.272,-18.203,-7.21
26.469,33.342,-33.607,-54.239,35.66,-42.101,3.667,-13.529,-1.165,19.426,-3.848,4.874
30.277,38.746,21.814,-68.978,65.233,-1.588,7.232,-28.173,9.825,9.601,-32.039,-15.796
40.59,62.864,57.489,21.732,10.467,26.234,32.17,4.234,-14.449,17.634,15.311,27.837
42.145,42.112,34.997,-26.442,12.104,-19.77,-3.097,-26.614,-23.772,11.243,-16.591,31.792
47.665,46.903,27.972,-6.804,13.619,-17.388,-23.793,-1.341,1.605,3.068,4.86,12.205
47.075,45.927,40.642,59.63,51.958,-26.263,-40.191,-6.812,2.42,-0.025,-23.392,-0.491
48.001,110.933,96.013,3.967,69.773,19.65,-20.426,16.623,3.199,-22.467,0.935,-11.378
45.951,140.613,108.217,16.057,42.84,-1.65,-49.055,-20.157,20.645,2.388,0.573,-59.474
43.5,68.385,64.863,23.599,14.351,-41.711,-28.828,3.482,17.429,5.625,-19.207,-54.91
39.446,80.196,52.796,80.392,33.498,-7.567,-34.618,-1.799,-12.299,0.414,-64.459,-13.2
36.892,82.897,80.664,-87.165,55.508,21.222,10.797,-8.841,8.869,33.289,-28.938,-22.675
38.68,-5.86,31.715,56.239,39.954,-8.813,-13.426,-9.99,2.887,-16.247,-11.995,6.298
34.4,-51.966,38.592,4.49,70.617,-43.665,-18.121,10.509,-10.531,-16.595,-2.952,-2.238
32.935,-25.119,35.445,-13.066,56.181,-40.99,-20.151,10.34,-30.313,-11.738,-0.602,7.088
32.316,1.913,21.001,-6.746,60.899,-52.807,-23.537,-16.597,-30.157,5.442,5.506,10.663
32.261,9.341,31.515,-17.64,73.911,-13.089,-13.933,0.177,-11.273,-31.066,-14.479,9.681
34.213,-16.283,51.402,-0.59,119.524,13.596,-27.282,2.775,6.528,17.409,-16.312,-9.549
31.013,2.79,-43.187,1.769,39.744,-31.97,-16.245,48.156,12.565,-19.419,-12.236,-9.199
24.841,109.861,-5.911,-1.74,28.192,-68.601,-38.63,-2.892,-18.841,10.343,-2.546,23.072
31.809,16.572,13.018,-60.834,18.824,32.823,34.859,-8.567,-44.457,56.35,-5.045,3.674
34.846,91.261,-37.469,-20.409,25.699,-48.743,10.051,-5.794,-12.016,-8.503,-14.349,7.477
34.313,5.049,9.074,-28.873,77.689,-39.126,-0.911,-7.616,10.745,33.19,-3.841,-31.479
47.599,159.465,114.95,3.062,56.708,2.559,-22.919,14.796,-23.466,-22.05,3.815,-11.462
47.183,48.969,27.783,0.362,17.693,-11.318,2.553,8.127,-13.395,4.033,-16.751,5.98
46.95,134.835,51.103,51.696,39.344,2.901,-29.691,5.473,-5.682,-15.023,-26.901,-5.517
40.803,136.939,110.012,11.879,63.71,69.435,-30.493,-20.278,-11.762,-8.84,20.897,-17.429
41.337,53.696,-0.446,-45.34,16.708,53.459,20.812,5.734,9.884,2.018,-0.099,-6.994
41.154,32.458,66.714,32.857,49.492,-12.86,-22.52,-18.518,-20.419,-13.64,-13.838,8.578
36.601,-36.35,14.934,-0.264,25.951,-27.817,3.234,10.367,-18.761,11.529,-17.971,5.341
32.165,-7.217,-17.408,40.899,40.086,-37.692,-42.709,43.756,-2.045,-6.856,-15.75,5.095
27.012,149.978,-42.107,19.213,34.943,-14.541,-5.06,-30.712,2.216,6.674,-19.487,-5.452
28.948,49.303,-26.46,-80.939,54.319,39.813,23.333,-34.989,8.836,23.759,-69.997,4.702
29.141,73.961,-46.308,7.688,52.508,-35.803,-19.182,-38.032,16.352,16.584,-19.616,-21.348
27.005,23.637,-17.891,-43.079,87.59,-44.061,-11.194,6.168,40.736,16.934,-9.965,-19.946
34.504,-53.227,-52.631,-17.94,25.85,-6.282,1.459,39.337,-6.248,27.445,12.124,-25.42
46.377,94.521,94.125,-4.008,59.954,-10.483,-34.932,-5.155,-33.165,-9.693,17.219,16.548
49.433,115.031,135.662,24.373,71.939,-28.656,-21.943,1.557,-23.143,-11.233,8.561,22.314
48.521,164.359,124.176,3.274,81.323,-7.927,-61.765,-7.621,-23.627,-10.923,1.045,2.369
48.564,181.792,130.675,24.081,71.487,-5.737,-59.185,-4.533,-33.51,-20.726,-5.323,-19.372
47.16,131.514,71.854,19.274,14.337,-7.267,-14.332,-7.753,-20.485,-3.639,-15.366,-10.61
41.978,74.483,90.952,27.457,51.678,-6.492,-14.865,-12.958,-1.113,-2.095,-30.662,7.144
41.245,37.88,55.811,40.246,45.581,-11.179,-26.79,-15.72,-11.423,-15.425,-17.595,20.476
37.081,-0.846,28.466,-15.437,34.742,-20.422,-20.354,0.537,-16.469,-9.568,-5.785,7.868
34.705,-22.5,24.704,2.26,63.719,-35.12,-43.479,23.675,-0.536,-3.292,-8.933,-15.127
36.486,-7.267,-3.769,18.385,70.142,20.457,5.085,2.086,24.666,21.843,-1.803,-5.051
35.929,-50.412,-19.542,24.166,35.002,-37.733,-16.027,23.43,19.092,24.848,-22.901,-25.827
35.99,-52.928,14.105,20.7,56.116,-28.762,-27.626,24.766,26.618,14.133,-24.076,-30.23
32.285,-39.217,-0.919,-36.269,68.016,-15.312,-29.917,12.518,1.219,13.673,-18.539,-0.739
34.728,-9.366,-10.45,-24.584,27.421,21.591,-15.122,4.889,0.159,9.278,-4.126,6.461
32.553,5.405,-50.893,-35.464,16.925,-30.494,-6.644,3.061,-10.512,31.72,-7.936,19.34
33.122,24.869,-23.968,-51.894,40.613,19.2,-12.479,4.429,7.956,-22.053,-38.059,16.271
29.559,25.991,-61.82,-97.412,11.565,-28.158,-20.13,13.959,4.854,5.644,-0.778,9.288
29.572,2.287,-85.184,-39.636,20.107,-26.726,-16.739,30.127,0.597,-1.09,-7.902,23.417
28.37,9.15,-130.597,-53.405,12.562,-40.403,-23.903,7.573,-0.853,19.154,11.946,-1.083
33.157,-21.42,-1.939,-66.055,35.262,17.553,18.526,-9.09,-8.845,37.355,-3.996,5.416
32.77,-4.057,-7.908,27.013,55.232,-90.001,-26.017,-11.725,-13.24,36.067,-17.107,14.56
44.3,54.629,47.908,-32.213,18.845,3.164,-9.801,-7.415,4.692,13.943,22.879,1.548
48.984,103.066,88.483,-1.875,45.755,-16.335,-38.108,-11.64,-14.597,-0.091,3.475,12.092
49.494,54.217,71.906,7.037,62.045,-27.441,-34.803,-9.065,3.566,5.649,-9.346,-6.791
46.742,18.202,35.737,23.149,56.389,-16.629,-17.918,-20.872,5.402,2.343,-44.714,-6.381
44.854,80.249,26.959,68.178,28.176,-5.919,-15.988,-12.688,0.027,-3.13,-13.143,-3.754
37.464,37.924,73.909,45.787,61.319,-20.835,-18.613,-42.749,-25.992,-5.132,-8.481,17.513
36.39,24.963,-40.341,-2.301,55.731,-6.825,1.36,3.522,-4.191,-18.422,-13.935,15.294
37.592,40.256,11.237,62.487,36.034,-16.987,-33.528,9.376,-18.704,-4.986,-3.257,10.755
31.571,-25.679,25.379,-42.224,85.615,-0.488,-34.816,11.114,-13.777,10.846,-14.278,-2.057
35.645,-13.862,-64.954,42.74,70.879,-39.772,-33.667,21.884,18.213,-3.47,-11.695,-24.877
27.807,91.401,-37.675,-3.262,16.449,-71.517,-24.732,4.301,-6.444,27.16,2.179,4.846
40.912,53.554,-6.813,18.879,30.561,22.406,-5.645,-12.398,-26.745,31.815,-16.916,20.546
37.901,-22.656,-24.128,19.335,30.314,-19.31,-22.006,6.865,-13.846,11.576,-13.412,0.356
34.968,-0.984,-18.363,-46.905,-4.619,-25.018,-6.971,-1.661,-21.65,2.868,5.199,15.421
36.173,7.825,-3.621,17.145,35.974,-10.344,-29.655,13.928,16.782,-2.721,-36.692,-8.326
31.388,-9.453,-84.161,-46.585,26.685,-41.965,-6.763,9.218,4.673,24.379,-6.822,4.924
27.719,44.611,-62.968,-2.293,32.351,-66.19,-30.443,-12.923,-0.528,25.157,-4.711,2.482
25.746,53.273,-44.207,-52.575,27.84,-35.383,-31.375,-0.158,5.121,3.107,-4.536,1.821
25.546,86.441,-57.726,-30.814,26.749,-43.067,-32.129,-8.701,-5.885,-1.061,-11.168,5.552
30.872,62.26,62.071,-77.759,61.78,44.899,2.901,-43.242,3.255,26.963,-46.661,-1.506
35.96,-1.901,74.703,47.898,112.504,22.719,-25.888,-2.077,8.312,22.611,-9.17,-13.515
33.355,-29.463,-34.814,7.152,45.642,-23.531,1.61,41.19,12.346,17.71,-9.358,0.506
29.762,76.615,-30.7,37.503,59.912,-38.621,-26.477,-22.094,7.819,15.231,20.219,-1.234
47.406,22.007,52.779,28.265,83.395,52.876,-6.525,2.005,6.44,-4.664,11.857,-11.926
50.052,139.744,72.717,-31.373,34.439,50.812,-1.003,24.871,-12.966,-25.32,44.595,-19.692
49.329,185.699,112.826,12.203,40.031,-17.017,-33.013,6.595,-29.863,-8.378,3.091,-17.385
49.385,129.339,71.326,-8.781,-10.287,-31.014,-13.337,-3.047,-27.175,9.028,-12.52,-12.159
46.034,91.588,41.688,80.45,18.376,-21.611,-23.97,-0.924,6.848,-3.951,-29.262,-14.185
36.888,5.963,41.548,2.296,45.949,-31.222,-4.972,-11.514,31.316,33.245,-27.236,-24.066
33.943,-8.748,25.618,-6.411,90.331,-38.012,16.328,-29.855,28.515,1.17,-2.041,-23.982
41.572,26.863,100.666,11.044,88.036,-10.354,41.541,-15.026,16.131,17.47,37.064,5.094
44.407,106.512,111.996,0.689,52.935,-15.187,-30.814,27.374,14.996,-14.039,-13.486,-14.882
41.494,76.708,29.259,-1.186,-35.088,-33.587,-11.91,-1.061,-4.164,4.032,-11.78,-10.222
40.638,25.394,27.669,1.482,-7.499,-28.879,9.619,-5.715,6.437,22.579,-24.648,1.812
38.349,19.155,50.757,-12.642,15.455,-25.796,-23.305,7.582,17.953,-3.047,-5.133,-12.566
39.627,86.184,69.407,20.382,41.686,-5.41,-49.456,-9.355,-4.256,-7.559,-24.307,-7.841
37.474,159.899,100.074,-14.32,13.129,-9.804,-27.091,21.828,-13.521,-33.362,11.384,-9.349
39.756,97.929,111.368,9.942,41.744,-25.018,-36.952,-9.344,-40.916,5.236,7.463,14.669
40.807,30.039,27.117,19.557,0.575,-24.363,8.944,-8.539,-30.219,4.994,-7.634,16.325
37.732,-4.976,8.646,16.408,13.394,-47.299,47.447,-14.096,-29.733,24.7,1.982,19.641
38.238,-41.284,14.859,2.474,12.17,-9.627,14.965,24.586,-30.618,-2.939,-4.813,23.885
32.95,-20.704,-3.798,39.32,58.564,-10.617,-22.83,39.285,-2.286,22.776,-8.255,-0.247
27.666,55.695,-21.598,-51.319,31.31,-30.729,3.328,-7.396,-0.917,-1.217,-16.454,15.585
36.631,18.691,40.848,65.59,82.832,-33.934,-0.15,0.623,32.19,33.604,-16.913,-11.975
35.959,-20.902,47.611,-16.981,60.655,-18.655,-29.366,-1.032,-3.126,6.235,-16.794,-17.617
46.147,80.702,67.263,64.399,62.927,20.087,-39.776,7.456,-32.991,-15.115,-35.18,22.362
44.632,91.519,83.368,11.393,61.605,50.938,-28.056,-9.628,-32.71,1.05,10.387,23.481
41.132,1.937,3.894,-2.287,25.027,-31.511,0.115,-4.672,0.272,12.357,-13.265,-17.059
38.47,-2.099,-6.348,9.652,15.242,-38.415,-14.081,-8.562,-18.14,-1.191,-10.419,13.674
39.084,-8.058,26.646,-53.051,14.054,-36.485,-17.94,-7.054,-12.191,0.924,6.294,20.381
42.337,5.705,5.562,54.346,42.096,-3.308,-17.7,-3.516,0.416,-6.627,-45.001,8.881
32.302,-7.693,-50.865,-6.733,77.969,-68.575,-15.501,-30.842,21.705,20.719,4.386,-5.05
31.766,-17.605,-4.925,-31.325,67.591,-52.5,-15.757,12.972,-0.608,-6.462,3.353,-12.806
33.587,-1.305,15.748,9.779,44.249,-31.358,-20.482,3.361,-18.05,-5.76,-1.553,9.425
36.168,6.665,44.065,-29.178,58.785,0.4,-20.851,16.115,-15.349,10.97,1.865,-0.237
35.702,13.017,33.127,-1.448,23.581,-18.583,-36.034,-4.557,-20.628,-7.3,-9.794,19.149
35.431,-48.65,-45.994,-14.745,15.26,-51.224,0.949,26.739,-8.597,10.788,-9.497,-20.471
37.674,-45.886,17.447,-21.412,37.253,21.297,-10.524,5.761,-15.139,14.713,-5.595,-17.649
36.135,-23.639,36.446,-21.986,44.905,-27.488,-5.412,7.09,-9.816,0.732,-14.142,-17.145
36.26,17.141,14.454,19.155,48.139,-31.186,-7.668,-0.604,-1.728,-5.322,-18.369,7.524
34.913,-15.008,23.252,17.261,47.822,-18.024,-19.768,5.196,-13.824,-12.385,-11.578,2.797
34.329,41.119,30.048,-84.841,42.385,16.418,-11.059,13.752,-15.583,-14.572,-2.179,20.857
34.158,17.997,-25.941,-37.143,24.983,-15.736,-14.404,14.158,-15.181,10.557,3.243,12.98
36.191,17.046,-39.7,-4.172,10.299,-5.408,5.901,-11.442,-10.197,23.213,-12.526,16.376
36.676,35.558,1.568,7.643,-18.052,-17.588,-12.02,-6.862,1.324,2.833,-1.316,-16.646
32.97,-6.751,-43.668,-1.776,18.903,-31.271,-21.426,23.44,-6.367,17.043,-22.925,-1.463
25.361,53.35,-40.379,-30.049,38.844,-38.579,-32.449,-11.989,-10.13,1.573,-6.379,6.898
26.05,79.573,-38.788,-24.066,52.241,-40.793,-40.401,-20.595,-10.933,2.999,17.993,1.843
30.871,-37.908,-116.212,-43.276,-0.941,-69.896,-17.356,4.598,6.85,18.846,-4.455,5.132
35.355,-61.765,-2.551,31.762,37.637,-36.751,-20.194,29.943,8.411,12.315,-9.345,-28.436
31.317,-29.725,15.692,8.736,42.293,-42.782,-33.281,22.546,-6.863,3.801,-3.224,-22.348
39.017,66.593,57.636,-11.519,18.869,45.2,10.177,7.928,-12.347,-11.365,34.116,16.391
42.232,43.999,45.055,69.145,71.472,14.722,-40.866,0.328,14.895,-14.255,-42.584,9.154
47.592,113.831,137.613,26.313,73.867,10.561,-13.027,5.96,-15.426,-6.832,17.666,12.529
47.306,129.144,108.907,53.726,78.738,-3.447,-46.93,-3.22,-9.117,-12.62,-28.692,14.612
49.011,155.774,93.386,4.115,40.103,-5.589,-21.467,8.753,-24.768,-0.166,-9.987,-10.405
46.028,150.37,103.313,43.701,41.087,-0.436,-34.412,-18.844,-25.218,-9.619,-25.797,-18.033
41.632,101.454,103.75,9.243,13.317,-20.56,-22.813,-20.354,-9.892,-1.054,-18.071,-16.643
42.236,20.058,72.602,-6.302,33.048,-25.732,-53.447,0.14,9.681,-2.886,-3.406,-19.056
42.929,55.15,33.504,20.623,2.148,-10.273,-31.683,15.37,9.092,6.245,-25.25,-18.697
35.516,32.15,75.209,-6.288,55.559,-26.062,-13.714,-6.418,30.416,14.315,-4.108,-15.909
38.776,95.885,134.032,-77.842,52.646,-8.482,-30.335,19.675,11.622,0.587,11.367,-28.754
44.026,63.342,17.16,-6.022,-29.792,-34.518,-26.707,16.283,5.52,19.723,-6.398,-24.416
42.369,94.421,70.95,10.546,20.257,-17.129,-27.722,-13.252,-12.549,-6.85,-19.855,-9.478
39.112,-2.119,14.358,19.69,20.252,-29.46,-15.992,6.003,-2.1,3.24,-21.247,-5.472
35.784,11.08,90.553,-14.79,47.488,-32.771,-9.555,-9.802,5.189,6.765,5.403,-18.346
41.479,43.862,13.864,-11.585,58.874,-27.469,2.354,-14.936,-17.825,12.955,6.125,-5.002
42.137,7.632,21.831,12.417,28.63,-22.505,4.503,18.126,15.58,9.49,-15.0,0.261
38.407,1.14,25.547,34.446,34.687,-57.244,7.592,-22.014,-0.505,9.125,-24.049,5.083
34.032,-15.659,-5.06,20.775,30.366,-9.345,-11.254,21.42,-2.101,1.245,-52.746,-0.694
31.953,-2.621,4.06,-6.373,54.229,-34.735,7.504,-17.458,-25.507,40.567,-5.839,12.836
38.553,49.983,110.343,-183.341,52.051,-5.391,6.73,4.327,-19.734,2.096,19.612,15.694
48.349,70.781,70.022,41.592,67.184,-13.692,-34.939,-14.799,-27.291,-16.993,-26.547,11.358
49.232,33.197,70.904,4.846,73.709,-7.011,-30.387,-6.769,1.53,3.272,16.382,-9.579
46.326,14.985,45.047,92.719,70.164,-21.779,-40.726,-21.374,5.559,-10.666,-42.471,-5.123
34.946,-48.16,39.944,-22.316,80.649,-30.256,-13.331,-3.048,-0.781,-4.056,-7.006,-5.595
38.917,22.307,-46.983,45.351,34.348,-10.944,-32.927,-25.195,-9.091,-4.96,14.971,18.934
37.31,-3.826,-19.466,-84.264,21.477,-32.41,4.828,13.841,-13.621,6.884,12.103,21.483
48.516,52.294,31.166,16.182,36.007,-4.048,-11.54,8.235,10.281,-2.952,8.181,-10.441
44.513,59.241,73.97,1.589,30.154,-22.044,-28.198,-0.31,-10.821,-5.288,7.707,21.013
40.809,16.327,-20.803,124.924,13.436,-20.19,-9.604,4.39,-12.519,-1.345,-46.031,9.114
33.143,68.285,-12.527,-67.282,83.431,33.934,-9.856,-45.189,1.307,2.645,-3.036,-8.303
34.191,15.682,48.087,-1.251,65.53,-21.112,-56.108,-3.305,-15.05,1.824,-4.356,-12.747
40.235,-48.997,-6.954,0.271,41.956,-28.573,14.526,-4.55,35.05,39.97,-11.053,-22.579
38.337,13.149,13.225,12.674,23.648,-42.201,-14.388,1.515,3.273,14.351,0.579,-34.339
35.915,21.214,31.365,50.64,33.919,-23.766,-24.612,-18.451,-26.643,8.895,-10.829,10.001
34.285,-19.534,8.386,18.492,57.484,-17.963,-27.745,29.334,-5.176,-6.867,-6.848,-5.327
36.076,-38.468,39.738,-89.032,32.598,21.728,-14.534,0.916,-15.395,7.706,-20.44,9.154
38.61,-12.746,-21.186,46.357,32.936,-34.71,-10.902,28.506,9.379,-7.341,0.564,-12.798
36.48,21.93,-9.755,-12.407,9.835,-12.094,-13.897,-13.029,-7.732,21.444,-9.172,7.239
36.945,48.613,-53.41,-47.435,33.369,-21.383,-22.305,-15.602,-11.262,18.668,1.73,3.428
41.909,-11.76,13.333,-18.664,49.451,-13.342,-22.343,-6.722,-9.766,2.691,4.313,7.182
42.134,-37.832,43.745,28.079,72.468,-49.662,-5.352,0.334,14.516,17.261,-10.61,9.143
38.149,30.098,-31.551,50.075,60.34,-44.719,-18.643,5.289,-1.291,-1.894,-12.109,12.953
32.727,39.767,-61.399,-44.573,24.631,-12.119,-10.251,-48.006,-8.003,8.552,-16.644,12.379
38.9,-14.063,-20.679,-58.267,-5.412,-5.328,33.215,10.45,-12.743,1.851,8.515,9.813
39.481,-24.262,10.872,18.102,18.907,-52.954,-18.66,4.867,-13.288,-8.564,-13.38,16.91
34.561,-1.725,-58.173,-21.438,21.036,-32.29,1.462,6.225,-5.853,-4.287,-24.594,16.26
32.191,-11.902,-77.092,-65.599,21.315,-53.402,-3.521,6.553,-2.374,-0.39,0.354,17.8
32.123,-32.419,-106.982,-35.853,21.428,-59.029,-6.314,8.451,23.892,4.468,-7.785,11.583
30.758,-38.08,-65.263,-10.628,66.169,-47.832,-23.788,55.483,21.019,12.093,-9.485,-5.422
27.312,60.425,-27.094,-58.912,56.241,-33.351,-28.695,-37.109,-16.379,40.765,-18.809,1.025
37.765,76.812,51.91,-100.378,30.142,33.821,2.762,1.303,-19.541,28.887,-18.268,18.371
48.763,59.837,86.667,5.24,75.285,-9.809,-32.96,-1.145,4.117,-6.237,8.076,-9.317
48.585,76.719,55.691,-14.079,21.177,-19.715,-14.834,-8.25,-14.256,5.348,-5.768,9.859
48.995,93.048,66.695,-11.403,14.928,-22.934,-20.205,4.444,-28.759,-11.627,3.516,23.638
45.966,79.416,81.512,113.589,53.604,-8.799,-16.634,-2.766,-6.787,-19.388,-63.584,20.424
45.993,100.159,96.592,39.626,55.817,29.861,-20.117,-2.686,-26.145,-8.263,-2.17,21.166
43.111,69.749,73.085,42.56,54.289,25.22,-36.497,-8.038,-30.551,-24.887,11.238,27.954
39.782,-26.215,-7.308,47.975,35.122,-2.305,-32.087,4.799,3.276,-0.962,-15.636,-1.426
37.165,-56.775,0.305,-17.497,28.266,-11.256,-15.349,9.066,5.29,16.08,-1.39,-15.988
38.482,0.232,4.865,-38.844,-2.075,0.315,-10.317,-9.607,4.001,-2.001,-3.019,-3.423
47.944,43.155,51.524,-40.223,53.881,26.011,-5.564,7.585,15.983,-6.143,31.121,-14.902
48.846,110.526,65.778,-2.704,11.596,-17.627,-33.568,-2.209,-27.45,-16.615,-0.742,25.501
48.881,87.802,67.302,21.729,13.678,-21.881,5.997,-6.225,-14.953,3.663,-16.687,10.679
44.233,69.174,68.302,27.111,10.783,-3.469,-0.532,-9.268,-24.792,-19.226,-30.252,18.075
38.848,-49.643,-24.468,16.073,11.786,11.183,6.511,6.857,-10.18,11.495,5.244,2.964
35.249,-1.484,-20.982,4.956,28.551,27.157,-12.038,1.745,-5.849,-11.784,-13.112,7.532
34.268,18.351,-4.244,-13.862,34.511,-25.346,-20.92,-2.399,-22.03,29.288,0.151,30.724
38.307,10.502,58.68,3.506,59.959,-21.974,-55.298,-43.494,-38.125,46.495,-15.66,-9.757
37.916,19.366,-25.762,8.222,65.129,-45.749,-36.471,-11.274,3.043,-12.14,-2.698,-20.038
36.865,-0.671,27.248,46.095,116.785,-46.705,-39.665,2.573,14.238,34.772,-14.472,-19.633
33.843,-17.819,-12.737,-24.209,56.842,-9.332,-14.214,8.209,7.091,25.588,-26.784,-16.963
29.474,37.1,-34.849,-12.151,64.582,-22.71,-38.942,-13.612,-0.281,-18.708,2.307,12.659
28.214,34.646,-21.121,-40.345,60.241,-49.124,-42.276,7.545,-2.654,-4.138,6.286,20.544
29.276,30.754,15.798,-9.428,73.144,-26.584,-22.875,2.583,-24.501,14.952,2.514,22.037
39.333,43.392,15.39,-55.372,-0.639,44.627,14.224,14.468,-9.114,5.793,36.853,18.589
46.491,50.587,77.608,-84.457,20.022,-23.139,-9.849,-16.159,-20.468,24.31,8.801,20.555
52.203,180.432,149.068,17.789,68.346,-21.141,-28.987,-8.227,-34.333,-15.62,1.886,-2.903
49.444,141.198,56.681,43.495,52.123,-37.952,-47.394,-22.82,17.467,-6.183,-22.173,-39.15
41.702,112.747,100.858,88.764,55.913,3.321,-51.481,-14.996,-21.729,-15.085,-65.959,-11.032
42.801,131.494,134.666,30.538,76.892,-19.148,-66.281,-30.451,19.963,12.187,-1.244,-37.402
43.22,100.246,86.94,26.595,47.126,-10.695,-52.887,10.196,-20.8,1.243,-53.796,-9.935
43.002,79.617,58.976,32.874,36.474,-2.984,-35.734,-9.496,21.894,10.697,-8.505,-35.52
42.986,93.261,105.813,2.312,64.701,7.122,-46.377,-36.421,21.076,11.009,7.886,-34.844
43.239,7.508,35.512,61.479,27.382,-30.658,-49.225,-16.935,-0.028,1.622,-32.088,-32.674
44.99,63.915,82.49,-5.153,36.33,17.561,-22.073,2.102,-21.748,-22.846,27.538,9.45
43.602,69.567,92.662,31.477,40.28,-13.845,-26.994,-22.243,-24.857,-11.502,-9.326,38.941
38.92,15.529,82.095,25.686,58.281,-22.797,-15.683,-15.489,-28.753,-23.192,-9.224,31.455
38.244,17.434,73.329,6.234,70.222,-30.434,-25.548,-4.071,-29.041,-15.935,1.56,27.38
36.873,20.375,60.089,32.661,65.952,-57.915,-37.241,-36.008,-34.045,14.335,-6.575,29.608
35.223,4.996,60.562,8.525,73.846,-23.128,-34.346,-5.668,-25.306,-35.303,-7.576,22.491
34.84,-17.369,63.955,-0.65,64.379,-33.29,-36.145,-0.46,-31.368,-14.294,10.154,20.104
35.168,-55.43,22.163,-24.216,43.279,-33.811,-19.238,14.595,-27.327,7.304,0.489,4.964
32.908,-15.573,-25.669,-20.848,64.347,-35.561,-21.125,17.089,-6.37,1.935,-8.691,21.561
31.038,105.869,-18.738,-13.217,75.115,5.429,-61.548,-18.579,-12.748,-25.354,1.087,11.046
29.702,27.621,5.086,-19.115,93.16,-37.525,-35.491,-5.377,7.143,8.218,7.776,3.497
30.64,99.361,-3.93,5.233,93.304,-18.138,-41.156,-39.685,13.411,-16.032,-13.567,-4.102
46.094,140.168,126.869,-91.763,81.161,116.452,-18.298,26.197,-21.49,-12.071,56.093,-20.691
52.523,143.047,94.884,16.397,34.659,-34.045,-10.12,13.131,-14.645,-9.29,-2.881,-25.796
50.425,115.169,61.784,50.917,22.225,-26.097,-19.991,0.393,-13.675,-3.41,-14.342,-11.19
38.594,93.514,25.24,143.388,38.179,-36.917,-58.929,-24.087,-24.021,-9.461,-38.244,-6.645
29.291,42.421,-23.546,-23.033,46.646,-35.539,-20.555,6.579,1.337,-1.779,-11.688,13.283
41.357,132.311,126.835,-174.754,61.276,94.693,-0.138,22.993,-16.285,-0.898,-16.014,-2.932
47.966,78.1,29.899,48.23,20.092,1.014,-1.133,-20.125,-9.59,8.222,-53.491,0.761
47.826,87.665,77.901,13.966,49.313,-5.826,-24.887,-10.843,0.113,-7.763,0.092,7.872
44.822,51.211,63.681,52.496,42.644,-22.147,-45.701,-24.589,-19.78,-17.513,-20.995,19.522
38.666,-8.297,59.452,13.209,44.368,-18.931,-42.185,-7.92,-27.527,-10.95,-2.833,16.661
37.312,-9.126,56.443,6.812,48.574,-29.279,-41.436,-17.168,-33.411,4.563,-0.674,15.694
40.416,-0.681,52.497,12.385,77.879,-40.752,-57.275,-37.373,-25.685,34.898,0.149,-1.834
41.525,14.032,97.84,-60.813,54.794,-33.719,-44.966,26.767,-14.063,-10.092,24.015,-5.258
48.108,71.362,67.408,-34.169,13.65,-22.632,-16.958,7.923,-9.276,6.935,-5.885,3.156
48.882,71.111,76.262,-2.732,27.861,-24.608,-12.955,-2.122,-8.068,12.335,3.5,10.425
48.77,89.944,106.654,38.923,37.458,-20.596,-7.709,-14.088,-13.56,-3.802,-17.782,17.384
41.644,113.072,15.216,151.275,41.217,2.564,-55.561,10.694,0.373,-14.987,-73.029,6.978
26.783,99.385,21.798,-59.288,48.82,-20.545,-4.864,-32.732,-10.361,-6.829,-8.044,6.018
31.489,28.389,-41.379,-35.917,40.07,-13.99,28.616,15.766,-19.748,25.247,10.737,17.437
44.37,125.491,93.139,-54.958,57.713,110.78,6.184,5.56,-9.104,1.653,12.583,-12.29
44.2,29.499,51.967,40.007,43.927,11.281,3.585,-20.891,-3.253,1.42,-2.869,-3.047
43.459,54.166,55.623,10.445,32.813,-1.811,-29.866,-6.182,0.402,-14.104,3.4,-2.167
41.097,-24.874,2.923,-6.374,16.98,-37.834,-2.838,-0.128,-11.158,-4.203,-14.713,-9.388
38.594,-25.268,38.052,-11.124,27.452,-22.121,-27.359,2.676,-19.457,-9.075,-1.201,-1.72
37.4,-37.955,-7.047,-1.976,10.869,-32.145,-22.157,19.924,-16.928,4.664,-5.846,-2.955
33.667,-48.776,-24.266,-25.027,44.82,-24.253,-37.894,19.884,-19.765,9.843,-7.46,20.207
33.751,15.39,-22.875,-62.969,28.457,-22.005,-14.564,28.616,-24.668,-4.177,11.55,34.197
37.515,-3.16,24.832,16.205,36.506,18.155,-29.656,-0.229,-16.736,-10.467,-10.807,12.891
34.603,21.539,-3.165,6.876,62.501,-72.933,-53.598,-26.275,-26.44,22.882,-5.47,22.679
30.254,-23.761,-24.472,-33.062,52.525,-29.894,-48.279,9.259,-7.132,-10.21,-9.622,10.711
33.027,-44.112,-36.658,-14.794,41.875,-39.54,2.639,39.761,-6.177,9.231,-18.209,-1.733
30.562,-24.926,29.067,-2.441,93.723,-42.979,-33.086,36.194,6.855,-2.081,-8.087,-23.431
31.048,3.357,-54.971,-43.445,45.163,-43.503,-11.014,-35.302,-11.123,60.419,-21.266,-12.62
30.15,37.246,-53.015,-17.29,34.516,-47.236,-14.068,-14.316,8.151,3.3,-13.415,-14.341
34.465,29.868,-45.945,-22.855,30.003,1.513,7.643,-52.763,6.423,21.954,7.142,-2.66
46.255,47.204,27.201,-24.688,-18.231,-26.752,13.415,7.347,-9.889,-4.126,19.319,22.618
50.431,87.738,67.678,1.538,39.7,-9.714,-22.553,-11.004,-10.57,-4.079,-2.481,18.972
52.411,61.543,37.598,2.091,34.3,-32.898,-17.766,-0.208,14.33,3.175,-4.432,-6.765
50.012,26.924,20.708,18.935,36.115,-23.478,-7.888,0.402,14.395,9.94,-28.778,-13.295
46.281,90.805,68.657,-47.256,21.98,16.277,-7.947,31.718,7.203,-24.041,-4.646,-4.779
44.923,88.399,128.41,46.088,56.604,-16.353,-42.389,-7.727,-0.665,-6.448,-6.071,-7.465
40.557,94.429,125.592,25.251,82.698,-12.835,-45.292,-23.674,-10.778,-14.98,-2.999,7.457
41.197,29.67,88.436,23.806,76.947,-33.015,-53.224,-18.982,-5.035,10.123,-10.396,11.559
42.55,-22.249,-13.544,29.57,10.929,-40.807,0.365,-10.545,10.436,4.069,-7.676,-9.008
42.884,-5.718,21.463,39.195,54.177,-11.466,-6.585,-19.763,0.578,14.625,-19.607,-2.067
36.268,-32.27,7.375,14.362,23.285,-30.323,1.169,-2.271,11.096,2.066,-9.689,9.738
39.877,-25.893,-9.669,-15.98,22.614,5.261,34.049,-12.51,18.348,8.979,-1.082,-12.671
41.617,-8.355,-28.425,86.428,42.133,-7.091,-21.352,13.479,15.426,-9.57,-17.94,-7.349
32.002,48.262,-67.333,5.656,47.153,-31.647,-17.241,-39.807,11.465,5.169,-5.863,8.529
29.311,41.235,-33.467,-35.309,47.442,-35.653,-8.706,0.104,17.275,-9.073,-3.981,-2.515
32.481,31.618,-36.372,-58.185,32.829,-13.654,-4.391,20.274,7.801,-23.786,-24.255,21.58
34.337,76.181,-48.337,-67.676,22.572,-16.332,-6.407,-38.023,-3.692,-9.558,14.706,10.361
41.255,37.608,69.323,-63.915,37.146,-28.033,-9.644,15.012,-17.827,11.344,4.55,13.895
41.138,24.253,41.124,33.812,12.987,-41.57,20.019,3.65,1.386,14.343,-18.581,-3.445
38.261,-1.806,61.633,19.298,24.097,-2.887,25.049,-2.957,-12.436,5.421,-40.426,26.424
33.839,-58.574,27.135,-27.183,52.587,-15.596,-23.099,19.035,-4.581,8.156,-2.416,-4.008
33.996,-2.299,-24.116,74.324,36.121,-43.01,-59.3,16.386,-7.851,-9.717,-5.071,12.944
27.876,98.353,-39.04,5.68,38.935,-56.896,-17.726,-23.321,-0.967,14.374,10.954,17.45
26.369,115.269,11.681,10.04,41.528,-69.282,0.052,-3.413,-7.82,13.884,-16.673,29.23
32.452,27.688,49.367,37.198,105.801,-3.55,-8.795,6.907,8.818,33.341,-11.51,-22.49
30.143,0.731,-40.089,-11.011,52.543,-19.874,10.365,25.507,20.574,17.2,-17.065,-13.648
28.543,65.516,-27.845,-36.873,42.476,-19.283,-14.015,-14.164,20.724,2.185,-13.662,0.574
47.538,49.191,46.437,27.331,88.807,115.724,-15.641,30.306,9.896,9.33,19.376,-11.341
49.619,167.617,127.134,-22.827,73.278,61.461,-37.245,14.25,-30.015,-14.436,51.411,-10.983
49.979,183.08,123.78,59.182,69.332,-4.961,-61.784,-7.351,-35.629,-18.321,-34.391,-15.155
48.792,102.453,47.272,59.181,32.353,28.23,-23.86,-11.234,4.766,-12.843,-30.045,-29.658
40.38,44.9,79.737,3.791,60.019,-35.874,-34.172,-5.288,32.106,15.068,-2.505,-35.206
43.019,76.011,100.171,-32.308,54.177,-14.12,-23.644,18.474,17.875,8.85,0.881,-23.658
43.586,89.145,101.692,3.129,52.655,-14.976,-42.829,15.97,3.492,-13.829,10.558,-11.905
43.477,40.977,14.081,5.789,-9.846,-25.347,-27.961,0.077,-0.404,15.992,-15.059,-10.359
39.431,44.632,80.584,-31.981,38.677,-24.328,-49.345,22.165,-1.29,-7.795,3.651,-14.532
40.111,84.716,82.845,45.55,24.775,-23.829,-2.352,-20.141,-14.644,-4.807,-23.776,20.97
37.988,-26.638,-2.389,-20.971,-15.861,-50.215,41.626,-3.282,-27.087,13.853,6.795,22.517
37.241,13.065,28.283,30.258,28.734,-33.122,33.545,-22.108,-26.114,-20.903,-0.881,25.378
36.606,39.81,49.632,-0.076,45.093,-17.757,41.284,9.617,-33.784,-27.195,-10.32,24.282
37.256,5.901,6.951,-67.944,21.688,-9.823,6.351,-0.491,-15.597,12.758,-15.381,13.558
42.107,42.032,15.651,-28.418,-29.344,-15.834,21.16,-1.144,-4.506,-14.475,1.439,9.669
40.228,-18.376,20.886,35.071,19.225,-14.486,-0.369,1.109,-4.922,-10.409,-40.855,12.133
28.429,-10.67,-29.872,-38.633,52.189,-40.827,-12.243,24.208,-2.32,-1.587,-2.039,20.006
30.022,43.796,-5.17,-80.495,32.078,-1.102,7.081,-44.984,-9.049,11.059,-26.756,10.074
38.408,-0.931,42.141,-13.94,16.047,-37.089,-19.743,-8.822,-11.768,10.994,5.069,14.378
50.187,77.467,86.798,-3.433,47.228,18.595,-21.792,-8.161,-5.476,-7.494,34.547,7.341
52.258,60.231,65.918,0.668,63.319,-29.131,-37.812,-14.962,11.378,2.8,-5.148,4.969
50.693,37.585,31.492,70.659,53.048,-18.075,-29.266,-9.78,14.254,-14.688,-39.308,-3.326
40.57,36.045,-22.655,19.729,1.905,-14.986,-7.007,-12.674,-8.74,1.932,13.709,16.928
39.471,34.416,9.293,-3.31,7.656,-48.384,-8.149,-32.637,-33.085,18.09,7.642,28.296
45.127,23.67,18.002,-28.837,29.294,-15.35,-22.921,-11.556,-3.995,-1.88,10.453,9.994
49.128,43.806,39.124,-13.702,35.959,-25.626,-24.607,-8.017,6.329,3.885,0.437,8.774
46.086,80.281,65.955,4.07,19.016,-17.746,-30.866,-1.449,-18.207,-12.168,-2.68,6.139
43.176,27.257,55.486,66.656,47.967,-8.266,-13.974,-28.299,-18.544,-6.809,-41.872,25.278
32.354,-75.064,34.041,-2.377,80.474,-50.275,35.185,33.76,8.273,2.584,-5.821,7.38
32.347,-15.278,-3.866,-24.987,88.04,-36.151,-2.407,-45.387,-5.759,5.79,14.509,2.538
33.073,-7.806,16.488,-36.389,81.264,-28.799,-25.26,16.843,10.555,-22.65,-17.09,-2.903
31.335,25.931,0.126,-23.874,76.259,-12.873,-27.206,29.488,24.047,-27.705,-29.447,0.16
32.011,80.14,-53.752,-21.358,56.878,-43.53,-29.59,2.969,4.136,25.141,0.939,-1.053
28.556,22.986,-94.752,-61.219,12.096,-53.842,-14.564,16.778,19.886,8.593,-2.584,-2.425
32.222,-0.849,-26.81,-93.205,50.026,-0.433,-4.148,27.361,8.612,21.878,-43.379,6.164
36.357,-13.419,32.171,-36.315,76.297,-6.929,16.721,-2.115,10.477,14.542,-23.532,-16.587
36.971,-46.127,57.042,-35.31,70.743,14.476,-16.617,-3.22,-8.025,-5.351,-14.098,4.199
37.396,-41.271,20.57,54.229,52.711,-32.863,-31.229,2.108,-7.773,-1.531,-0.715,6.836
35.795,-27.84,-15.645,-26.006,5.199,-30.543,-16.522,5.874,-10.222,-5.746,2.094,11.39
38.412,20.696,-27.052,-1.885,47.931,-27.895,-19.465,-23.355,-23.138,22.971,-30.221,20.797
35.983,-23.548,-4.536,-58.2,6.352,-30.001,-13.077,11.052,-9.365,-5.3,1.033,9.244
39.248,-16.376,14.912,7.912,37.385,-19.498,-28.923,-15.24,-14.881,-17.607,22.593,9.213
38.824,56.932,80.398,23.456,54.642,-11.524,-34.469,-8.043,-4.483,-10.745,-18.744,0.015
36.599,-37.406,-21.368,-43.777,-6.236,-22.93,-4.76,23.168,-2.465,-7.183,7.227,-25.467
35.773,-0.711,17.423,14.585,19.476,-41.163,-21.563,13.821,-19.443,0.078,-6.762,10.596
32.595,0.585,-38.698,-32.278,52.973,-43.711,-38.651,-25.488,-16.251,-4.487,0.695,20.967
33.731,40.873,-37.979,-18.679,37.453,-8.066,-12.134,-10.013,-17.775,-28.833,-13.279,13.313
31.866,3.673,-51.634,-39.011,20.608,-31.184,-8.291,2.729,-17.686,0.989,-10.662,6.44
30.062,102.645,-65.663,-6.04,41.092,-30.454,-18.521,-24.002,-6.893,-17.637,-5.217,5.339
34.854,-1.351,-55.841,-20.335,1.024,-7.698,5.493,-26.282,-17.971,32.921,15.129,-14.129
41.692,25.716,14.856,-2.089,6.499,-10.757,-10.716,0.862,-10.341,3.003,8.621,19.948
41.396,76.045,30.969,-22.967,17.176,-12.754,-9.626,-7.275,-30.529,-15.413,-13.378,16.702
51.629,84.51,77.377,0.932,67.593,3.064,-30.882,10.0,-4.331,-4.227,24.901,-2.564
51.264,116.609,92.282,6.497,39.941,-19.125,-41.873,-3.62,-37.167,-7.99,6.578,36.721
48.934,68.725,17.204,89.876,16.881,-2.264,8.755,15.142,-1.456,-8.771,-61.761,12.567
49.163,109.519,102.558,7.577,44.215,24.837,2.934,4.635,-16.532,-9.509,20.427,13.845
46.695,68.582,77.552,40.414,53.707,-9.705,-36.33,-20.578,-20.421,-14.029,-26.626,23.241
44.915,65.242,71.851,43.402,56.917,33.55,-33.875,-8.686,-16.989,-17.11,-8.831,29.898
39.984,-9.614,3.988,-23.423,-10.311,-7.558,2.69,-1.45,-2.229,13.983,2.423,2.934
43.096,58.539,40.048,-23.969,9.502,0.946,-9.938,3.04,-6.146,-17.547,7.135,21.08
50.162,86.212,79.386,-2.598,55.913,-13.887,-40.01,7.793,-0.449,-6.519,20.097,10.715
50.965,86.899,86.893,15.494,23.445,-22.626,9.074,4.003,-9.383,12.418,-5.134,7.962
48.867,89.516,114.66,24.407,46.994,-14.629,-7.905,1.636,-8.494,-18.634,-3.233,9.573
45.128,72.86,56.136,69.648,46.629,-6.679,-41.204,-13.625,-16.353,-3.645,-45.819,20.021
35.953,42.902,-2.88,-13.283,41.731,-41.427,-5.368,-34.168,-8.195,28.745,-2.417,1.61
36.028,1.497,-43.427,-13.814,30.359,-55.207,-3.026,-9.817,-2.357,34.382,-21.197,1.129
35.63,-4.82,-62.423,-13.948,16.963,-33.482,10.803,-33.566,0.232,26.827,-4.741,0.288
33.115,40.27,-81.289,-18.031,32.545,-20.484,7.859,-13.549,14.59,-19.563,-29.219,11.225
34.44,40.369,-22.265,-60.333,55.018,3.87,19.351,-31.297,4.236,3.782,-13.308,-3.49
33.817,26.557,-38.916,-6.268,59.64,-25.61,-4.156,-13.953,10.436,-6.251,-17.569,-4.346
33.226,-10.466,-38.805,-26.974,46.241,-10.555,1.104,30.725,4.485,12.322,-20.4,-5.379
44.487,142.706,120.563,-77.752,90.402,145.14,-13.546,37.764,-11.398,-27.177,-1.936,-9.965
48.258,181.272,141.948,-16.183,81.534,90.438,-22.896,18.994,-26.582,-12.047,23.516,-21.291
47.766,142.575,95.609,4.693,30.955,-6.792,-39.188,-18.516,-26.523,3.333,-21.237,-16.282
46.226,122.362,86.19,36.1,32.665,-31.681,-30.611,6.993,6.818,-0.148,-14.465,-47.455
43.834,70.534,40.989,34.539,-7.013,-26.98,-22.973,9.903,2.066,13.906,-11.668,-33.548
39.905,101.1,105.524,-11.293,9.944,-13.232,-33.383,-9.863,-0.512,-8.621,-3.542,-33.004
45.228,134.088,131.227,-7.911,45.074,-12.234,-29.278,0.248,-16.698,-6.889,5.621,-18.399
46.818,139.045,120.316,18.719,58.146,-5.168,-42.524,-11.937,-29.73,-6.114,-19.992,-10.27
41.076,-7.798,52.314,-9.704,31.699,-1.351,17.022,16.173,30.984,9.142,-13.885,-45.651
42.252,19.247,40.988,-116.456,27.305,13.047,-11.624,32.4,37.358,-13.241,-15.188,-32.892
45.224,93.81,58.702,1.284,10.739,-12.707,-13.457,-16.713,2.093,-11.471,-14.807,-12.265
41.622,41.813,73.323,17.221,41.981,-6.844,-21.374,8.258,9.462,-6.311,-30.008,-0.292
43.129,49.451,74.24,14.499,52.834,-2.916,-20.418,-10.487,7.093,-2.931,1.969,1.88
38.946,22.819,49.607,28.474,57.55,-17.207,-31.813,-18.355,5.812,-15.842,-28.87,0.56
35.181,18.989,15.785,-15.544,72.213,-18.358,-29.522,-12.336,-15.476,-18.577,-1.158,-15.98
33.166,6.464,-8.071,15.964,77.538,-28.536,-36.975,-1.937,4.673,-15.078,-15.964,-2.118
30.347,-27.548,23.531,-22.919,103.059,-37.456,-37.766,-19.758,-1.607,13.372,0.159,-1.551
31.925,-41.911,62.385,-8.343,86.893,-23.728,-43.047,-6.433,-14.129,10.371,-4.968,-2.21
37.221,-42.448,-6.226,-44.244,34.206,-24.871,22.225,2.775,2.899,11.724,-7.502,-26.005
38.411,3.634,14.177,51.822,7.286,-32.584,-10.013,0.974,-1.676,-4.948,-34.353,-20.582
35.565,-13.709,25.853,-4.469,33.884,-7.119,5.583,10.2,-3.481,-7.106,-9.244,7.225
39.265,55.95,23.535,53.546,35.449,-11.015,-23.941,-8.003,-2.457,-2.029,-20.503,4.706
34.464,14.021,-38.392,20.818,50.582,-39.071,-48.008,-26.332,-17.919,19.598,-13.145,20.633
32.571,-32.921,-30.627,-34.703,54.782,-40.103,-36.811,14.826,-0.164,0.285,-0.899,8.669
36.429,23.753,1.711,14.203,30.601,21.823,-1.056,15.32,-4.629,-5.781,-23.428,24.93
34.788,51.553,22.847,-2.308,7.106,-4.813,2.147,7.097,-6.326,-4.777,-8.707,20.583
30.683,-16.215,-105.734,-54.667,-1.102,-62.198,-5.712,26.124,7.214,10.291,0.862,11.78
29.875,86.963,-108.769,-5.552,-6.639,-40.886,3.037,-20.75,1.631,3.067,-8.501,10.986
34.299,25.266,-52.924,-105.936,25.949,11.851,26.606,-1.242,-10.329,24.318,2.513,-1.428
35.197,-4.381,-30.344,72.688,51.157,-42.127,8.936,50.056,19.007,9.379,-26.472,-13.081
29.42,68.158,-29.57,-15.62,51.7,-30.253,2.185,-29.579,-3.659,27.861,-4.798,-9.714
28.138,52.791,-31.851,16.874,32.807,-30.185,-15.451,-33.568,0.036,12.837,4.015,-9.773
29.036,59.225,9.021,-75.722,33.387,-32.313,1.002,-26.168,7.387,-12.68,2.432,6.326
48.158,111.023,119.042,-67.45,63.692,111.026,-5.816,16.644,-17.69,-15.726,59.728,17.261
52.272,79.906,40.989,-7.122,1.471,-39.365,0.642,12.359,-10.253,0.257,1.472,17.974
52.135,107.11,84.105,21.274,33.776,-22.09,-4.855,6.22,-10.454,-5.307,-9.413,26.004
48.914,42.794,29.093,86.316,52.417,-6.064,-44.692,-27.888,0.547,-14.28,-52.103,16.369
36.592,-40.903,-31.023,-0.707,56.588,-32.396,-32.536,-35.146,-11.118,-8.219,0.958,23.818
35.869,-36.132,-25.615,-24.457,57.077,-59.558,-40.252,-13.558,-20.503,15.791,0.797,28.898
35.537,13.723,-34.65,-28.853,58.073,-38.148,-50.763,-24.607,-11.478,9.86,-11.166,14.615
39.955,75.915,102.537,41.84,68.489,-28.722,-29.491,-23.682,-5.853,-8.842,-7.22,19.108
37.155,15.427,28.531,45.395,33.805,-29.439,-3.449,-15.459,-25.972,17.212,-28.702,21.856
33.962,-51.082,-10.094,-55.829,29.235,-18.965,5.218,-14.314,-12.333,13.809,0.737,-7.998
37.921,-53.1,34.437,-9.47,44.37,-21.39,-15.507,0.595,20.119,2.792,-28.086,-13.003
32.73,18.097,-40.485,-13.782,86.918,-20.589,-20.533,-12.591,22.57,-5.321,-12.885,-6.65
31.164,-5.714,-36.802,-58.952,48.377,-21.412,-14.592,-8.177,5.73,12.587,-15.521,4.967
31.056,10.046,-84.532,-23.526,29.26,-38.81,-5.686,-11.688,24.052,-12.575,-13.455,-19.52
29.742,19.152,-60.499,11.91,12.54,-76.932,-40.411,-27.13,-5.864,35.22,-12.174,-11.134
29.0,71.852,-62.213,-70.749,33.659,3.938,-26.36,-6.366,10.221,-35.383,-36.152,10.213
34.009,9.726,4.395,-25.967,51.607,-36.982,-8.18,20.728,-15.641,-10.355,-3.778,1.54
34.53,14.566,30.097,-9.311,31.76,-12.663,-30.368,11.606,-11.299,-1.837,-2.689,1.357
32.913,59.629,-2.608,-28.237,33.334,-44.621,-5.663,-0.696,-27.413,-13.642,2.521,0.855
35.082,-17.022,-73.117,-30.281,24.273,-36.833,4.151,9.646,-5.795,27.048,-4.705,-8.457
31.282,34.397,-59.328,-11.963,34.284,-45.582,-4.514,-26.34,18.375,0.715,-20.332,0.252
29.59,29.664,-28.708,-43.14,59.843,-42.368,-8.627,-4.051,20.409,2.067,-2.042,2.832
36.841,45.403,100.511,-106.817,63.054,26.898,-6.73,13.044,-19.051,-6.586,-16.694,11.057
41.891,34.929,29.274,55.019,35.813,-13.209,-30.174,-33.881,-24.639,-1.756,-0.474,12.033
44.845,16.551,7.466,39.137,33.458,-0.122,-31.073,-8.519,-11.912,-10.89,-11.698,16.934
35.177,-29.816,-38.676,-1.876,4.047,-27.594,-9.201,19.368,-15.071,-11.73,-10.404,19.164
34.866,-10.841,-26.488,-64.379,25.955,2.768,18.581,-9.997,-3.34,-6.705,-38.92,19.356
31.461,-24.652,-84.282,-25.302,13.434,-40.576,-21.226,25.757,2.166,-7.886,-14.263,10.031
29.129,40.552,-124.284,-12.786,11.376,-53.472,-35.611,-27.252,-8.338,12.762,-3.675,12.142
26.43,37.543,-89.197,-85.149,0.071,-40.372,-36.596,6.102,-3.301,6.441,4.729,-1.147
28.942,84.396,-66.71,-3.825,-0.117,-71.063,-25.689,-4.899,-4.748,6.603,-7.624,15.885
25.926,89.09,-87.521,-29.418,1.356,-34.98,-37.433,2.696,-2.63,-9.398,-9.839,3.341
32.338,-14.641,-44.597,-91.542,-3.489,-20.531,-10.747,6.703,10.101,-4.295,-8.891,-12.209
33.517,-24.218,28.525,11.48,42.125,-39.424,-5.185,20.096,-16.254,-3.635,-12.832,11.855
36.126,-40.249,45.707,58.503,86.038,-41.057,-38.352,10.086,2.859,13.714,-12.922,-16.305
34.811,46.07,59.363,-11.289,72.918,35.798,-10.714,-5.782,12.602,4.749,-45.475,-6.264
32.122,-23.58,-22.569,-35.755,23.807,-24.753,9.012,14.51,-23.397,13.221,-9.111,2.326
34.683,6.942,-6.57,46.851,44.143,-36.772,33.882,8.392,8.954,34.688,-4.026,24.045
30.334,-1.793,-87.394,-37.731,24.455,-51.671,10.21,10.512,11.587,13.059,-19.253,3.797
24.853,63.995,-81.583,-55.313,-1.51,-37.035,-0.722,-3.516,4.105,-4.706,-9.151,-3.63
25.203,74.753,-72.238,-52.085,7.735,-29.849,5.6,-8.507,7.785,-2.686,-15.576,7.74
26.581,106.483,-57.009,-28.977,9.175,-25.515,22.296,-12.134,11.498,-4.864,-20.53,1.799
27.867,59.604,-55.164,-56.234,17.505,0.039,15.427,-25.593,-0.49,3.383,-47.212,13.926
26.983,57.242,-48.79,-47.726,47.779,-22.002,-30.204,-3.68,18.124,-11.633,-22.585,4.664
25.962,67.729,-45.082,-52.024,32.334,-36.213,-40.349,-7.423,-5.725,8.536,-7.915,3.151
30.515,-43.65,-125.504,-37.165,43.791,-52.967,-35.237,38.177,17.822,21.667,5.847,4.376
37.926,-25.446,40.046,32.001,65.172,-0.081,-15.801,-1.951,-7.78,14.363,1.291,-11.938
38.376,-13.813,44.593,13.191,106.786,12.51,-16.248,-16.36,8.598,28.079,-16.503,-15.765
35.453,15.563,36.801,1.419,66.841,-27.753,-28.806,10.833,11.623,0.047,-31.55,-16.269
31.24,62.155,2.975,-15.285,86.574,-53.602,-11.076,-4.376,17.652,2.483,-12.353,-32.82
31.611,73.175,-71.528,6.98,31.106,-40.229,-6.4,-30.366,2.869,20.683,-12.141,-9.992
30.27,30.53,-5.247,-16.435,55.309,-52.763,30.494,9.276,22.638,14.924,-20.555,-14.257
30.501,-26.337,-95.568,-59.441,26.844,-74.137,20.171,-4.427,18.973,7.836,-1.609,1.575
29.951,-27.28,-68.894,9.215,38.918,-68.017,10.125,53.979,35.242,-1.104,-22.802,-10.692
24.837,42.406,-53.908,-72.27,16.155,-42.917,-4.042,11.039,19.674,6.225,-4.892,-9.628
26.218,62.584,-72.356,-4.208,36.269,-71.252,-2.991,-28.52,-1.323,33.4,-7.848,2.76
26.353,94.204,-35.394,-70.211,25.531,-25.508,-7.245,11.453,19.337,-13.513,-29.369,-4.521
26.09,98.999,-30.003,-33.349,22.112,-3.731,-5.354,4.158,12.908,-12.995,-38.592,-1.99
24.267,153.863,1.787,-12.019,51.166,-2.029,-22.34,-24.91,6.073,-14.611,-23.139,-2.529
24.268,101.887,-36.201,-49.622,23.109,-26.982,-17.518,-28.306,-6.79,26.105,-18.522,7.396
25.034,130.847,-19.045,-18.473,37.93,-30.36,-20.114,5.393,-11.527,1.24,-5.843,-10.264
27.209,68.133,-1.112,-72.151,34.543,5.672,20.523,-52.409,-20.049,32.451,-37.329,10.884
29.306,37.614,-19.283,-0.558,7.397,-60.305,-2.946,3.115,-9.979,4.811,-23.626,12.201
27.814,51.825,-30.36,-8.704,6.158,-67.275,-1.685,-25.627,-10.339,25.321,22.823,-0.308
36.688,71.179,-5.555,68.421,39.511,-55.193,-28.615,-32.452,-16.601,21.223,-28.983,13.863
29.567,55.768,-11.194,0.919,26.06,-71.082,-14.275,-13.301,-11.723,21.342,-4.964,-1.122
31.36,130.63,-48.524,-41.029,43.185,-32.914,12.051,-21.474,-2.819,-3.546,-1.84,17.044
30.097,70.195,-40.754,-17.563,25.206,-48.746,5.655,2.819,-6.224,11.954,4.8,29.521
40.905,42.792,70.019,53.944,96.602,-14.261,17.306,-25.569,49.941,46.634,-4.002,-27.482
38.625,42.802,33.134,48.023,76.813,-54.703,-2.305,-44.605,37.186,11.65,-31.425,-17.835
37.591,-17.965,30.796,40.961,86.347,-15.149,-9.244,14.376,44.66,-7.1,-41.538,-14.693
32.76,-4.239,22.943,27.595,70.913,-9.951,18.462,21.462,17.933,27.456,-15.209,-12.161
31.0,-26.109,33.755,-11.529,90.781,-29.511,28.169,44.249,15.921,31.69,-8.032,-19.068
28.376,50.205,-8.111,-1.192,45.814,-90.19,-0.467,-19.015,-5.927,23.78,-14.174,-4.099
30.785,0.097,24.001,15.45,99.998,-38.748,15.571,57.508,36.38,6.834,-19.425,-16.922
26.501,105.569,-25.199,12.43,38.333,-27.871,10.702,-19.977,-1.087,3.0,9.343,-3.735
26.981,63.032,42.838,-35.034,69.077,-19.354,29.476,-7.252,21.717,35.437,-26.591,-17.655
33.267,-65.805,-52.055,-26.923,67.478,-6.519,18.413,20.025,22.96,57.701,3.304,-17.077
30.36,-5.753,-42.837,-1.984,62.402,-77.801,-7.426,-9.912,26.69,33.081,-7.141,-18.58
30.586,-17.414,-78.188,-29.493,41.724,-45.696,-0.712,19.297,4.935,29.093,-4.917,-10.067
28.35,94.528,-55.52,12.734,32.879,-12.928,-3.068,-35.29,3.59,-4.171,-16.543,1.293
25.553,56.389,-49.307,-34.074,33.463,-42.548,5.767,10.641,11.96,3.054,-8.164,-0.078
25.727,8.4,-98.666,-17.322,-10.597,-76.723,-6.333,-1.645,-2.411,22.102,-9.268,6.369
26.38,79.662,-68.676,-76.485,6.115,-11.408,-2.017,14.847,24.916,-14.397,-27.5,-3.172
28.022,28.26,-113.836,-65.289,10.181,-11.815,-6.179,-2.617,-4.534,34.342,-2.18,-1.833
29.306,67.164,-94.989,-28.845,-1.629,-46.648,-0.599,-6.008,4.143,7.585,-3.385,-6.418
27.232,90.415,-83.299,4.212,-7.705,-47.578,-9.968,-16.457,-8.497,4.722,-14.17,8.844
24.126,77.577,-71.57,-65.371,13.019,-37.746,-11.162,0.996,13.27,-3.599,-10.507,5.406
26.708,22.679,-62.485,-49.158,38.076,-1.284,-0.539,0.709,-1.828,38.504,-26.068,1.521
24.414,85.268,-75.68,-10.534,28.467,-24.845,-14.59,-12.509,4.879,-14.546,-17.31,7.415
29.519,99.322,75.204,-153.278,36.847,7.583,56.429,-6.812,11.599,11.259,-23.372,9.772
34.213,-30.319,-26.921,4.376,13.04,-59.522,47.632,19.197,13.546,27.04,-13.221,31.663
37.24,73.952,34.426,65.822,25.95,-70.076,68.701,10.568,34.99,11.263,-22.409,12.543
34.905,29.758,109.583,87.549,17.226,-61.781,111.885,39.279,-2.923,4.886,-23.08,26.536
34.349,-40.222,-54.51,48.924,4.545,-49.83,34.231,74.32,-1.824,9.133,6.587,16.965
30.43,-0.29,-11.438,-16.528,60.071,-40.837,-4.11,4.208,-5.038,40.396,-13.492,-0.265
28.975,70.867,-50.744,-14.309,57.844,-31.412,-22.137,-4.155,9.623,-12.945,-9.635,-0.481
27.916,111.87,-28.185,-23.965,27.763,-53.141,-21.462,1.883,-1.544,9.039,-3.301,-1.541
25.089,101.165,-55.666,21.193,28.673,-67.87,-21.778,-16.281,-5.368,21.821,-10.06,-0.056
25.439,64.403,-11.675,-95.841,42.579,-18.613,6.65,-45.565,-0.807,13.184,-12.08,12.336
30.299,-12.696,-96.514,-16.428,21.172,-57.374,-20.696,56.631,14.164,5.047,10.662,4.337
30.804,-3.439,-110.038,-34.591,20.176,-42.216,-13.212,37.056,19.865,14.461,13.207,0.278
27.475,103.388,-77.385,-24.042,23.354,-30.188,-18.307,6.015,5.943,-12.756,6.137,-0.979
26.285,166.127,-1.18,40.986,31.045,-71.38,-21.797,16.203,-12.419,9.505,3.792,18.886
37.595,11.109,52.553,-77.403,82.336,48.709,-1.868,10.185,-1.364,30.037,-31.868,-0.423
39.717,37.131,-1.976,50.803,48.144,4.056,32.132,-7.606,30.06,0.72,3.903,11.238
35.819,9.777,24.237,-12.76,65.666,-39.878,-6.676,-7.092,4.391,26.182,-41.395,3.172
34.027,43.206,-63.253,-33.403,61.945,-27.078,-3.625,-7.804,17.801,19.719,-4.415,7.961
33.816,-7.696,-23.661,-8.072,45.683,-65.084,39.715,25.345,7.485,9.665,-1.176,26.723
34.876,-24.299,33.442,9.407,62.113,-23.7,60.336,27.273,10.11,22.019,-7.65,-3.61
33.934,-57.871,-70.41,-39.824,31.152,-73.411,20.24,4.983,6.971,2.906,-0.969,10.208
34.778,-61.762,-23.984,-8.149,57.934,-53.664,20.932,40.309,23.432,5.828,-5.635,-8.897
30.672,47.435,-34.727,15.036,40.979,-64.412,-8.577,-25.804,16.937,22.245,-18.037,-4.808
27.839,41.539,-28.646,-22.322,53.147,-47.495,-1.804,23.148,25.979,3.703,-8.899,-2.511
30.838,-14.756,-131.978,-48.048,19.812,-61.743,-18.399,3.709,11.319,-1.658,20.41,-1.303
29.197,59.977,-97.084,-49.513,0.459,-49.586,-30.955,-2.098,8.619,5.955,-2.825,1.673
27.276,88.243,-65.486,-41.452,4.195,-30.478,-22.987,-4.779,0.917,-0.79,-16.646,-2.722
25.612,141.061,-43.581,-11.958,21.89,-31.578,-22.431,9.099,3.547,-17.28,-10.163,-3.584
28.786,-10.586,-119.611,-47.481,8.581,-39.287,-19.31,19.577,-3.27,41.542,16.868,6.082
37.928,-37.97,31.979,0.027,36.702,-31.631,-19.806,1.717,-17.561,17.753,0.902,1.305
39.258,0.793,55.039,23.49,40.172,-20.612,-26.769,-20.523,-5.778,-4.871,6.641,-11.351
38.789,28.441,61.533,29.544,59.635,7.435,-11.685,-7.948,-4.038,-21.733,3.571,0.826
40.615,9.696,84.865,39.133,85.919,-34.848,-45.53,-16.451,-8.997,3.948,-7.611,-15.928
37.413,11.218,63.515,40.146,90.136,-34.73,-26.455,-36.04,-7.088,-4.597,0.29,-9.605
40.111,10.206,68.496,63.271,97.942,-37.005,-24.676,-13.622,21.263,34.159,-22.523,-2.974
40.645,10.803,34.964,71.077,66.862,-19.402,18.895,-6.403,13.859,26.781,-20.0,-4.393
39.805,24.382,27.659,62.382,55.253,-23.316,-22.623,-28.817,23.64,12.54,-12.72,-10.252
35.266,13.13,25.737,39.056,78.467,7.022,10.102,15.498,26.347,-18.392,-19.813,11.192
28.122,4.463,10.935,36.679,26.488,-68.233,0.301,-40.651,-10.714,31.154,-10.907,3.131
29.459,72.182,-7.459,-9.1,59.262,-44.179,6.117,-13.725,4.789,7.981,4.44,-2.304
32.443,111.41,-5.57,-13.856,84.034,-23.441,0.969,-26.322,18.947,21.438,-29.352,-3.595
34.636,32.996,-33.218,42.768,16.967,-47.868,15.402,-51.648,-21.887,66.17,-31.132,30.912
27.87,28.547,-44.758,-21.932,32.041,-49.587,4.883,31.601,29.907,-11.166,1.701,8.494
27.367,53.2,8.718,-75.05,70.148,-22.658,4.439,-27.871,20.281,21.315,-26.569,-16.933
28.28,20.476,-50.046,-10.799,37.634,-44.112,2.838,14.988,23.28,21.31,-27.93,-15.248
25.58,119.66,-76.06,-51.333,6.801,-26.688,2.718,2.765,-4.16,5.579,-2.034,-4.898
27.628,54.153,-20.127,-66.377,53.415,-32.702,9.171,-45.463,-14.347,45.93,-24.802,0.543
30.037,56.141,-31.877,-24.492,84.566,-22.269,-23.754,-9.954,27.055,-14.474,-36.363,0.796
30.923,90.078,-25.541,-24.157,72.771,4.485,-10.057,-3.719,22.769,-10.176,-21.418,-10.983
27.09,110.556,-26.299,-3.374,61.402,-32.928,-30.617,3.004,19.729,-3.983,-24.349,-12.762
26.455,51.482,-70.661,-85.112,31.863,-7.713,-7.554,-49.283,-5.69,37.395,-25.987,9.824
28.42,-18.836,-80.84,-21.386,40.34,-68.621,-42.872,45.061,25.523,-13.214,-1.21,-3.859
23.022,77.528,-56.823,-46.788,39.282,-33.851,-54.576,-11.333,-4.064,-8.486,-3.434,-12.176
23.351,107.86,-59.527,-18.466,23.798,-52.685,-44.257,-17.168,-16.701,1.814,9.054,10.019
22.527,110.593,-28.455,-40.962,19.606,-45.54,-26.345,4.561,-6.034,-3.931,-0.308,11.676
25.783,59.153,-17.8,-57.311,67.556,-30.474,-34.911,0.341,5.781,20.148,-0.263,0.835
29.578,0.042,-130.246,-24.139,10.11,-28.246,-19.891,-14.47,13.463,7.242,-5.137,7.643
31.969,31.395,28.639,-136.952,32.137,11.22,47.66,-1.601,5.009,4.777,-24.186,17.286
38.813,76.544,108.82,105.989,37.618,4.584,105.148,19.959,-0.372,12.939,1.157,19.162
39.253,44.494,140.91,62.386,35.952,-40.276,71.144,11.505,-32.049,21.53,-8.057,28.645
36.027,-57.606,-5.889,11.473,3.778,-50.394,47.341,21.731,11.917,2.637,-10.357,3.802
36.606,39.29,41.974,102.902,-14.537,-24.842,36.147,13.521,-0.194,-4.787,-27.934,23.351
32.581,41.661,61.879,-15.337,77.218,0.43,56.678,-26.255,-2.071,14.528,-33.652,15.366
31.29,9.674,66.693,-2.693,80.42,-52.694,3.203,28.525,10.081,-3.902,1.352,5.263
34.353,-40.907,-70.933,-35.131,13.817,-25.995,23.218,8.724,7.844,2.064,-5.633,11.296
34.114,24.026,22.557,-11.764,48.195,2.631,57.017,11.138,21.819,-13.59,-33.291,5.712
34.328,2.032,76.546,60.127,63.459,-56.408,53.517,25.071,20.073,14.3,-23.652,-13.022
34.06,-61.144,-55.988,-3.606,32.652,-12.739,15.68,28.173,24.0,32.79,-4.886,-6.882
29.773,-9.448,-15.369,11.382,68.927,-46.31,-10.038,35.617,20.808,-1.232,-8.856,-5.902
25.059,64.157,-26.977,-34.478,59.113,-42.863,-36.023,-9.478,8.175,-0.017,-11.952,2.128
23.403,97.255,1.805,-14.136,64.076,-46.526,-23.217,-15.881,20.521,3.766,-10.893,-17.302
27.844,1.913,-85.021,-59.191,31.242,-37.813,-6.282,20.249,19.555,6.058,0.555,0.259
30.027,45.305,-9.786,-72.182,62.554,-9.402,10.812,-40.779,4.439,16.477,-42.046,1.395
33.983,15.032,-15.014,-103.343,67.035,-14.788,34.203,-17.806,11.296,16.993,-2.888,-7.082
37.795,-11.865,37.543,24.75,44.629,-35.53,23.265,4.384,13.0,-0.085,-36.249,-9.632
33.312,-20.063,-38.444,5.665,36.388,-56.115,20.542,49.033,30.85,11.922,-18.196,-15.764
31.838,5.081,-28.013,8.878,69.022,-41.176,28.294,31.552,39.331,26.227,-22.256,-23.158
28.954,45.246,-27.735,-12.627,66.881,-5.699,16.503,37.025,25.432,50.602,-2.353,-18.078
28.477,39.523,-9.025,-50.64,42.391,14.023,9.967,-11.711,-12.309,48.797,-38.112,-0.702
28.421,70.419,-61.495,-41.017,31.836,3.371,-10.252,-14.049,21.873,-24.373,-31.067,4.762
26.072,48.864,-72.699,-57.211,35.798,-39.86,-35.851,10.353,23.012,-2.571,-7.866,7.55
29.147,-20.426,-32.537,-4.505,61.634,-9.756,-21.842,43.788,-8.668,33.271,-8.27,1.281
26.556,58.457,-59.989,-54.133,48.729,-12.957,-15.504,-31.204,4.485,21.826,-21.125,3.212
39.77,70.415,6.737,28.746,-7.572,-0.626,23.329,8.836,-3.83,24.778,5.832,27.336
40.356,79.616,37.499,29.076,-6.829,-31.755,29.434,11.174,7.59,8.635,-15.491,19.944
37.352,-44.261,-26.367,-15.829,-9.261,-52.865,-15.954,16.351,-8.649,12.162,8.013,23.266
34.93,17.463,19.82,35.87,17.001,-36.821,-20.591,11.188,-21.898,-4.52,-12.578,26.114
30.949,29.971,45.638,-59.717,37.556,-5.533,18.91,-3.303,-25.96,-14.906,-17.405,30.99
33.824,61.04,50.064,17.994,41.333,-8.997,12.459,5.39,-3.433,-20.775,-9.923,33.93
34.744,33.24,79.5,-15.77,100.166,-9.603,-13.636,22.514,8.346,38.399,-24.127,-2.328
33.128,-6.548,-49.46,-4.954,48.995,-77.082,3.948,17.852,19.829,16.112,-14.759,-22.334
30.204,-39.365,-58.182,-24.549,13.787,-65.974,11.72,-16.629,7.006,25.978,-5.069,-29.828
31.175,-15.383,-29.485,-58.693,43.366,-31.505,6.828,-7.705,16.506,-4.24,-23.364,-28.811
32.151,-25.229,-68.243,-61.348,53.708,-32.956,17.699,-29.184,10.618,12.734,-22.962,-8.752
30.998,7.553,-23.276,-29.431,67.695,-41.106,-4.678,34.015,27.152,12.212,-8.816,-10.024
29.863,17.368,-39.753,-32.585,62.081,-67.889,-38.054,-7.529,10.257,26.47,-3.358,-14.608
29.31,52.271,-51.461,-28.869,55.851,-52.134,-37.848,-4.235,11.536,17.025,-12.992,-14.223
29.476,-7.392,-17.442,-14.823,80.518,-44.822,-33.458,7.469,8.705,42.41,-0.596,-18.396
27.831,87.141,2.292,-3.195,76.264,-25.614,-46.848,-21.023,22.71,-9.545,-24.923,-22.914
27.845,2.314,-50.347,-71.942,55.774,-19.201,-11.03,-39.664,-1.408,40.233,-24.834,7.739
29.873,122.599,-79.912,-49.245,8.95,-23.903,-14.1,34.672,7.419,-42.791,1.423,0.025
28.128,96.567,-85.893,-44.435,-5.963,-35.642,-30.79,-1.647,-3.457,22.952,-5.018,-0.561
31.978,65.877,-101.232,10.402,-6.214,-15.957,-6.736,7.218,3.454,33.948,16.535,8.234
40.268,-0.854,19.57,41.008,61.748,18.017,5.377,6.298,10.8,19.965,0.515,-25.974
39.922,24.248,45.893,44.179,58.474,-10.504,-17.733,-23.632,14.367,13.871,-10.672,-16.803
35.012,9.4,30.946,-10.147,83.42,-20.863,-32.223,20.217,5.12,-15.0,-31.186,-8.881
34.39,30.911,65.814,25.95,71.415,-53.638,35.411,14.454,11.749,1.613,-4.004,28.605
32.174,58.271,18.457,5.161,81.77,-36.09,11.069,-23.718,19.639,-19.686,-14.337,26.778
37.411,-35.78,9.755,-17.086,29.354,2.26,31.444,18.846,-3.388,5.634,-28.054,-0.98
36.845,-17.796,30.952,93.192,32.03,-46.597,33.24,23.65,-9.553,8.971,-33.106,44.174
30.625,15.288,10.219,-29.681,45.024,2.979,17.496,-17.062,-12.557,-8.2,-17.465,19.396
29.216,4.808,-84.838,-43.97,17.547,-47.305,-17.139,17.532,-9.605,32.121,-4.305,-0.594
28.937,-10.732,-110.742,-38.023,11.733,-61.333,-25.254,30.692,7.406,9.029,-3.864,10.787
32.014,-5.355,11.655,7.816,46.461,-16.938,-6.401,12.967,-31.368,9.769,7.086,6.697
28.866,61.597,-25.19,-17.253,45.669,-49.089,-23.193,-4.163,-12.475,-2.164,12.58,7.246
26.9,101.747,-39.923,12.525,30.806,-55.693,-38.778,-32.372,-9.346,11.727,-3.468,20.417
33.07,36.962,26.111,8.644,64.203,0.887,-27.602,-26.921,-15.886,30.859,20.545,-7.64
33.127,56.726,21.774,-9.933,75.541,-42.067,-29.814,-11.098,-11.252,-7.273,-4.94,-10.779
37.586,19.238,17.418,-8.156,56.68,20.764,36.762,-34.183,5.152,27.024,-17.811,23.461
41.479,21.093,72.656,80.902,25.044,-55.763,72.328,18.837,-5.982,-5.102,-17.827,33.745
37.249,-7.491,-0.714,6.269,23.773,-4.608,6.921,38.252,-15.022,0.402,-38.463,28.687
35.502,73.352,75.176,-6.317,6.925,71.547,7.928,9.361,-43.721,-49.99,-19.46,19.786
33.377,42.895,80.332,50.655,0.978,-49.161,9.671,14.349,-60.673,-17.524,4.622,37.241
35.852,44.492,105.987,110.932,56.029,-11.528,57.182,17.865,-21.381,15.837,-3.235,42.097
30.722,-27.519,39.068,-6.005,44.787,-49.121,-2.875,18.77,-25.414,3.842,9.548,14.589
33.705,-63.34,-71.315,-41.975,-0.571,-37.692,-0.869,20.647,-10.729,16.243,-8.121,-16.768
38.989,-0.162,98.169,74.27,33.087,-30.209,63.793,5.375,-15.625,7.961,-1.91,38.289
37.492,48.727,66.686,49.193,52.087,-52.697,46.235,4.322,-5.192,-0.505,-18.094,46.388
37.585,46.026,-0.347,-19.389,58.554,-3.634,5.465,-31.822,-7.528,10.625,-37.314,23.771
36.244,23.408,38.151,18.079,-7.778,12.528,-7.332,36.789,-34.74,-16.464,-19.654,4.433
37.225,121.205,73.663,51.357,-24.585,-17.412,13.541,13.035,-78.328,-4.736,4.01,7.714
37.737,19.268,-6.987,56.789,-6.71,-24.195,56.234,37.802,-55.105,5.332,-15.278,47.235
34.629,-68.411,8.344,-29.701,22.151,-31.339,2.92,-4.211,-8.803,6.434,-2.873,-2.611
34.586,-19.51,-14.67,-27.944,49.304,-36.04,-6.843,17.979,-3.999,-30.481,-5.753,-7.584
35.734,16.201,29.62,37.913,-15.405,-50.76,16.354,20.594,-54.606,-13.748,-2.944,30.265
37.37,46.694,21.989,-47.928,8.291,50.677,60.87,-23.204,-50.599,-4.434,-33.353,33.337
37.797,44.673,21.403,62.03,-43.148,-49.071,2.918,-10.725,-64.364,-5.84,-25.438,19.785
34.306,67.844,-13.613,72.915,-13.978,14.57,3.998,11.25,-45.51,-22.552,-4.309,19.35
29.795,24.744,-27.605,1.431,66.858,-34.557,3.23,-10.123,0.103,7.462,-0.528,-8.333
29.347,-17.317,-113.246,-36.314,7.862,-59.218,-0.065,1.514,11.769,2.936,-6.525,3.31
31.687,4.603,-11.911,-6.633,-19.696,11.709,58.549,34.046,-42.387,-4.319,3.94,12.567
31.843,21.299,62.839,42.965,-9.472,-37.838,81.051,41.938,-57.582,-9.853,-3.804,45.991
31.561,11.597,44.81,20.422,31.618,-20.952,21.731,24.987,-60.847,-3.113,15.866,11.914
31.785,12.839,87.724,34.254,21.44,-45.693,51.616,19.43,-62.625,-16.772,4.698,40.211
28.235,43.884,41.934,72.549,28.267,-44.108,14.036,52.485,-38.633,-18.786,-11.308,48.839
25.705,39.22,-72.374,-49.581,24.882,-25.453,-12.519,5.8,-11.079,21.744,-8.755,20.077
24.058,116.775,-53.69,-65.859,-1.862,-12.038,-3.911,3.509,-0.908,-12.99,-21.38,9.081
33.353,84.713,12.646,74.84,24.809,-71.947,39.194,-15.378,-27.438,39.133,-31.768,53.115
29.17,73.142,16.579,-48.987,26.146,-19.279,50.652,-8.538,-19.799,-18.805,-13.046,45.691
33.189,-12.707,-29.958,0.342,-2.089,-7.46,63.763,22.666,-63.416,42.493,5.143,40.007
32.958,5.751,14.769,38.912,-52.068,-54.958,35.754,14.277,-65.594,-18.63,-9.272,40.728
33.488,-28.095,11.463,52.634,40.739,-1.193,14.831,38.922,-5.317,27.996,4.394,7.926
37.756,-4.472,73.96,60.898,47.684,-23.61,24.782,10.399,-8.062,24.212,-6.228,7.698
38.326,35.99,39.923,77.208,95.519,-40.724,8.388,9.997,18.778,11.424,-18.239,-6.276
32.188,35.776,-5.905,21.161,82.675,-48.659,-12.442,-45.93,7.04,20.385,-9.392,5.575
31.743,65.05,-7.664,-24.733,86.743,-20.832,-23.163,3.848,11.081,-24.053,-5.671,2.197
38.206,-16.593,-30.958,-29.268,32.665,11.385,22.113,-2.524,9.925,21.303,-25.06,-8.652
39.253,19.456,-18.594,23.208,56.924,-24.245,9.947,25.253,20.053,13.548,2.741,-12.418
37.014,-8.664,23.811,-57.504,29.9,-26.873,-10.912,16.651,-8.405,9.09,-8.552,9.025
37.462,6.942,-18.59,-31.467,11.423,-31.002,-1.554,-27.467,1.753,0.435,8.977,6.881
43.87,-0.59,3.568,-39.909,9.053,-33.996,-1.738,-0.134,1.573,13.722,8.727,-18.975
45.969,43.427,66.978,-14.226,37.683,-14.883,-21.756,23.031,8.2,-21.927,-12.72,0.239
45.242,90.797,52.723,-20.604,6.005,-22.651,-13.878,9.906,5.073,0.442,-5.234,-16.051
44.578,33.967,41.611,27.508,-2.508,-14.74,23.541,-16.128,-15.814,13.784,-25.855,26.929
41.565,-25.4,-8.608,38.16,18.691,-22.301,-3.011,-6.178,20.334,4.111,-28.7,2.225
40.867,26.307,56.681,-70.079,8.679,4.418,-12.244,19.435,-5.108,-20.422,7.001,4.824
43.1,93.719,100.897,23.337,33.644,-17.248,-10.344,-18.031,-26.032,-11.02,-18.96,20.814
42.147,75.92,108.633,13.623,44.885,-18.647,-4.921,-6.014,-17.065,-6.989,-0.74,22.837
41.668,27.93,67.189,30.802,35.974,-52.953,-10.535,-22.999,-23.039,14.895,-17.124,17.587
40.529,27.812,59.922,9.453,43.188,-10.753,-33.258,-16.312,-4.506,-17.343,-2.34,12.748
41.176,50.415,67.385,-4.423,32.286,-0.199,-10.999,-23.453,-19.031,-13.038,-11.703,10.799
39.923,4.357,32.711,-36.152,-6.84,-22.546,-6.387,9.101,0.459,-1.645,-4.723,8.294
41.986,31.415,14.131,-1.449,-11.203,-16.784,-3.39,-3.794,-5.875,-8.815,-14.502,3.974
38.697,33.984,38.236,-35.737,-2.845,-25.644,-32.801,2.452,-10.941,-15.271,8.972,8.649
39.675,68.373,66.598,14.495,11.724,-15.045,-37.479,-10.183,-26.159,-13.351,-7.264,16.644
39.331,86.672,85.506,16.16,21.292,-4.76,-20.64,-12.99,-26.187,-16.483,-4.233,12.771
38.623,3.015,16.32,-33.401,-14.357,-16.968,-2.535,-3.056,-9.778,10.407,2.24,6.978
39.723,29.175,30.013,6.087,-16.813,-13.874,-0.926,-8.333,-15.093,-21.572,-15.359,11.394
41.267,-24.497,67.294,11.071,53.67,-8.148,-41.518,1.093,10.865,7.256,-8.068,-19.732
40.294,-11.129,15.792,-0.696,14.177,-16.836,-13.074,-18.102,2.819,13.489,-10.282,-3.059
41.458,-22.14,31.136,8.479,51.818,-37.299,-26.751,-19.611,11.35,8.927,-21.678,-0.604
38.586,-64.036,-15.983,-22.941,8.224,-48.369,1.345,27.909,1.344,-2.464,1.694,-7.865
38.854,-51.93,-8.51,-28.307,12.41,-19.195,19.021,-19.927,25.957,23.336,-8.307,-16.843
46.607,17.588,26.184,-17.765,25.627,-13.141,10.522,0.999,12.431,-1.345,8.061,-10.146
47.924,80.945,29.667,31.504,3.488,-27.301,-14.328,-15.266,-10.317,-2.448,-7.587,11.851
42.988,54.931,33.865,79.578,12.225,-4.367,12.343,-5.103,-4.301,-10.518,-64.541,10.18
43.616,64.58,53.896,22.73,9.989,4.339,20.24,-24.455,-19.296,-0.994,-23.954,14.912
37.117,-9.934,35.378,34.027,43.981,-75.849,36.117,-8.322,-16.442,15.922,-15.397,15.455
33.993,4.042,0.655,23.108,59.434,-20.634,29.064,-21.316,0.873,-1.556,-35.242,16.089
36.528,-23.885,-34.188,13.931,14.41,32.39,-1.311,5.344,-8.198,6.263,-2.745,3.71
37.582,-51.58,6.466,-37.886,25.942,-5.613,-5.105,9.812,-5.483,1.809,-2.022,1.129
37.129,-13.903,-10.171,13.227,15.571,-30.186,-36.674,-1.725,-0.158,2.67,-16.064,14.498
33.184,61.332,-39.411,-47.113,63.375,-6.948,-24.689,-6.856,11.733,-29.535,10.546,4.389
32.492,58.126,-61.852,-6.284,46.423,-34.829,-40.644,-41.773,-6.468,11.048,-2.278,19.314
32.124,67.806,-46.513,13.83,49.727,9.625,-44.293,-6.695,7.26,-18.015,3.301,8.918
31.679,38.213,-73.301,-60.39,2.382,-19.368,-21.578,9.808,-5.492,33.34,3.184,6.77
37.696,-65.7,4.276,17.884,64.575,-49.958,-5.791,30.263,32.64,18.156,-18.598,-28.062
35.467,-35.617,5.528,20.734,33.717,-35.097,-2.005,25.201,14.351,9.105,-14.681,-31.329
30.091,46.104,-7.989,3.783,52.144,-72.153,-12.895,-17.557,2.779,29.388,-11.995,1.744
31.422,15.361,-32.41,-78.079,30.501,-23.723,2.679,-30.836,-8.129,14.366,-2.575,9.292
36.048,9.901,-2.05,-41.814,19.518,-28.751,12.361,-15.964,-14.133,18.835,5.71,27.259
38.155,20.789,8.0,-21.135,22.928,-13.409,-0.669,2.466,-0.886,-22.096,-19.059,25.366
41.818,30.411,5.394,-30.822,-13.776,-15.046,-3.421,8.036,-14.023,-10.095,5.969,21.597
47.055,55.787,74.671,-46.039,16.49,-14.921,-4.452,-18.728,-22.784,9.118,12.816,21.956
49.907,121.199,114.777,51.881,63.091,-27.188,-28.185,-27.802,-2.335,-3.789,-11.64,-3.768
45.156,57.301,126.849,31.697,68.906,-19.728,-33.063,7.106,2.444,10.502,-21.72,-6.145
42.897,47.233,122.299,32.411,69.254,-22.649,-30.576,6.105,6.85,22.662,-6.235,-7.876
41.522,30.683,51.756,-5.123,38.776,-37.361,-16.789,-8.934,21.451,27.498,-2.654,-26.426
41.401,39.507,70.26,-2.523,49.423,-31.978,-36.512,-14.71,34.164,15.939,-1.697,-31.282
41.489,27.412,15.894,12.323,-20.868,-12.372,-8.183,25.118,1.748,-7.201,-35.458,-14.476
41.409,66.637,43.21,-3.861,34.021,-12.259,-28.699,-8.488,48.913,15.528,-0.322,-50.424
40.064,76.802,67.254,60.96,6.435,-13.798,-25.197,-2.998,-8.486,-6.103,-44.597,-14.995
37.715,50.125,70.244,4.441,67.57,-13.152,-37.504,-20.201,47.349,16.631,3.056,-37.641
42.156,10.844,88.65,51.049,62.664,-8.325,-62.384,-13.847,-3.79,-8.082,-24.84,-16.409
42.327,52.35,86.1,31.495,55.608,-10.246,-43.94,-20.375,-19.652,-13.243,0.315,20.064
39.46,34.874,79.937,45.974,62.475,14.197,-31.128,-19.828,-12.501,-23.802,-20.955,26.587
35.174,-53.601,64.313,-6.567,56.419,-30.117,-27.379,7.187,-30.381,-6.202,2.657,12.786
36.811,-8.636,6.686,-14.42,65.114,-17.084,7.039,-1.431,-16.184,-22.883,-3.046,4.302
35.848,-26.839,11.292,-26.699,43.72,-23.435,-11.397,5.035,-14.199,-3.961,-4.477,0.31
36.495,-10.733,-9.114,-8.189,61.891,-15.521,-8.988,-5.996,-10.174,-2.096,-28.556,-9.926
36.012,-25.31,3.022,30.302,50.087,-14.984,-21.768,25.687,-4.252,20.972,-2.004,2.581
31.818,-49.192,-11.884,-19.09,60.816,-28.813,-18.274,0.005,4.55,-16.445,-6.002,6.238
32.092,6.099,-1.372,-1.742,32.184,-79.573,-29.382,-17.197,-16.865,22.167,-0.85,5.602
32.975,49.619,-24.097,-14.483,41.663,-29.099,-27.671,-7.944,-5.927,-3.383,3.646,16.112
39.657,87.05,18.167,54.654,63.089,-42.508,-22.221,-22.923,-11.163,30.475,-29.358,10.902
35.221,-49.115,46.623,12.724,79.426,-34.389,-45.376,-2.865,-3.235,-2.843,-2.87,-15.166
34.781,50.923,10.792,-22.762,88.208,-34.966,-32.064,7.873,2.595,-20.358,3.346,-19.163
36.807,8.973,-14.092,6.089,18.453,-35.432,9.989,11.026,-8.916,7.05,-4.164,13.731
38.16,-10.044,-26.667,21.331,-10.006,-26.899,-7.245,21.352,-14.743,3.576,-3.254,3.527
47.119,100.747,109.247,-69.248,76.28,89.965,12.735,34.53,8.769,-5.253,44.121,2.237
47.961,137.838,70.862,127.678,45.101,-5.587,-49.292,-10.061,-25.381,-12.322,-70.608,4.823
48.253,129.49,72.529,15.823,31.163,25.023,-21.268,-0.85,-14.528,-2.026,-9.476,-8.648
42.998,99.631,96.555,-55.777,65.18,58.273,-14.467,8.644,9.272,-13.712,-7.442,5.981
43.16,68.844,72.855,32.844,34.988,-17.693,-43.137,-16.112,-14.199,-12.279,-15.331,17.083
38.987,-11.642,69.92,-0.286,43.497,-20.49,-35.773,1.157,-14.643,4.475,-6.139,10.057
34.92,-49.751,-26.014,9.454,16.334,-34.998,-17.123,17.838,-9.708,-5.916,-6.325,4.905
32.848,26.701,-15.1,-52.14,65.556,-13.475,-34.762,-32.735,13.555,-13.051,10.803,10.386
38.408,-23.421,57.573,-15.696,80.566,-29.205,-51.56,15.146,3.2,-18.266,-21.573,-11.762
43.354,30.101,75.265,-109.136,21.433,-3.338,-6.051,17.486,-7.307,4.898,14.988,6.309
50.202,60.395,59.784,-11.27,32.102,-35.61,-27.48,-0.739,-2.106,-4.418,3.958,9.385
51.204,108.789,114.646,0.718,39.28,-19.776,-9.544,12.187,-13.438,-23.934,8.87,13.914
49.178,166.362,127.121,15.55,58.817,-22.111,-46.075,-12.291,-15.376,-2.013,-1.472,5.596
46.889,109.22,30.898,44.514,3.151,-25.287,-32.273,5.352,-6.378,0.801,-18.779,-4.457
39.751,86.858,87.611,-20.765,48.015,-21.329,-51.415,-11.817,8.429,-2.827,0.309,-0.701
41.494,68.265,12.285,-9.377,-10.357,-23.785,-30.403,3.693,3.251,13.884,-0.24,-13.585
37.51,51.864,54.73,5.17,34.243,-20.281,-18.57,-35.363,-3.237,-3.104,-23.963,-10.261
40.666,72.41,95.275,8.836,61.973,-15.192,-32.892,-15.087,12.145,-5.656,0.534,-15.131
37.721,17.099,25.645,44.431,41.442,-22.682,-45.819,-13.397,-26.949,-19.316,-18.511,15.208
32.613,-29.558,30.536,-4.689,26.66,-27.037,-33.532,-23.59,-26.877,-2.712,12.693,-1.097
32.738,-24.077,-5.113,0.324,56.51,-32.809,-40.941,-23.825,-20.366,-18.773,17.497,9.86
33.628,26.68,-0.669,-9.416,57.324,-37.154,-51.03,-28.146,-24.229,0.504,16.332,4.878
37.726,37.18,-48.364,16.323,40.34,7.314,-8.979,-24.444,-18.521,-0.605,0.847,10.108
34.875,3.341,-21.028,-13.296,60.736,5.148,-33.516,-15.374,-21.35,15.886,-41.831,-0.719
31.597,-23.835,-74.53,0.66,32.653,-40.806,-5.011,56.838,-4.233,7.083,-19.025,-8.087
30.216,31.758,-22.842,-19.51,77.469,-12.19,8.468,-22.248,-8.02,59.868,-15.41,0.225
28.213,77.541,-13.561,-13.214,44.405,-25.182,-15.331,-4.522,6.789,3.114,-11.634,-1.067
27.465,77.686,-39.435,-41.997,46.263,-26.373,-5.842,-19.578,12.043,1.215,-30.585,-0.935
31.752,-14.65,-33.344,-8.948,61.691,-28.346,20.528,31.697,12.118,28.201,-1.658,-10.601
28.072,21.095,-41.187,-4.545,27.878,-63.718,-29.412,-30.605,-12.511,15.769,-17.37,18.046
26.602,26.095,-39.31,-41.072,50.326,-36.093,-34.062,-9.037,4.114,-1.967,4.298,4.75
36.006,35.661,56.762,-137.794,39.373,70.851,-0.998,-4.841,-0.213,4.695,-31.607,4.809
43.856,77.116,71.511,-62.96,31.486,-3.051,-26.714,13.033,-16.829,-15.231,1.844,12.959
46.342,43.035,35.706,-33.108,15.65,-12.068,-10.32,0.351,7.364,14.762,-19.552,-5.644
47.083,141.719,98.596,17.289,60.847,-13.447,-26.359,-9.316,0.802,-4.537,9.663,7.041
45.397,55.622,20.706,17.895,-4.752,-42.583,1.7,5.997,5.733,16.231,-6.511,5.616
41.034,44.191,70.324,-9.562,46.826,-24.446,-29.44,-5.951,2.185,15.289,-11.363,-3.266
41.129,46.707,90.981,-0.982,56.938,-18.358,-56.37,-19.151,8.393,4.435,0.637,-26.216
41.853,51.19,119.783,2.421,51.569,-19.316,-34.96,4.566,-1.36,-12.185,3.981,-8.749
42.691,59.983,60.07,-18.943,26.883,-14.882,-34.38,2.722,-1.427,17.362,-2.707,-12.97
41.326,39.125,-19.845,-0.28,-1.768,-32.128,-12.396,-7.6,-3.733,8.156,-9.714,0.087
37.148,-23.606,2.528,-6.507,-2.756,-19.254,-26.52,10.801,-10.657,-13.296,-7.111,7.609
42.391,52.965,30.167,24.791,-2.051,41.718,-9.501,-12.931,-7.605,-4.928,-31.539,-5.468
39.141,45.446,88.514,16.763,34.036,-33.168,-21.246,-22.136,2.439,6.994,9.346,-40.403
41.494,106.661,127.772,16.394,58.397,-17.354,-29.118,-1.242,8.872,-12.141,-7.548,-24.842
41.98,59.064,51.908,0.188,10.315,-24.066,-29.516,-30.76,-5.371,23.707,-19.152,-25.272
42.424,64.837,21.986,32.83,-6.181,-22.378,-26.908,0.328,-12.031,-10.335,-39.179,-11.642
40.884,19.281,10.556,13.413,24.441,-12.956,-23.196,-38.62,-4.733,-7.43,-10.891,9.048
39.03,-34.092,29.877,-7.011,50.709,-22.251,-32.572,16.457,6.906,-8.693,-10.466,6.372
44.034,22.911,38.815,3.323,48.562,31.405,-27.787,-4.435,0.271,-2.382,3.741,6.481
41.003,3.794,9.807,40.728,47.357,-18.505,-32.222,13.445,13.523,-6.923,-16.339,5.59
40.105,5.753,-3.282,-11.134,35.666,10.882,-15.818,0.079,5.234,2.726,-13.413,-6.149
36.277,34.639,-37.998,-31.155,75.622,-32.719,-0.81,0.852,-0.506,-10.756,-2.848,-14.78
34.125,61.989,-32.864,-19.139,78.313,-32.952,-8.602,-19.961,15.747,-8.543,-21.384,-15.565
36.204,72.859,68.411,54.404,64.035,-21.19,3.805,7.458,28.07,8.766,-2.706,-22.958
35.071,-55.441,-51.192,-15.402,34.163,-29.733,-0.164,32.173,0.328,20.33,-13.463,-14.228
28.311,30.068,-41.981,-29.662,36.618,-43.32,-15.343,27.202,-4.861,-24.879,-3.502,5.318
27.317,113.906,-50.126,-22.651,40.476,-58.3,-43.75,-19.353,-11.589,13.164,-5.506,16.3
26.018,115.114,-19.046,-16.675,35.142,-56.416,-41.754,6.044,-22.27,4.423,-3.342,24.171
39.726,35.057,104.864,86.826,87.247,-7.807,16.204,12.829,-11.675,26.379,-18.759,16.493
49.133,34.491,69.478,43.534,83.598,61.608,-12.093,10.471,8.532,-0.177,1.066,-8.622
50.488,168.104,107.009,-4.087,43.173,-6.498,-26.925,12.323,-33.579,-10.37,4.56,-6.617
47.603,167.899,115.097,51.533,41.51,-6.322,-27.034,-7.968,-34.124,-10.978,-9.074,-14.488
43.724,141.415,129.681,24.618,28.714,-19.678,-43.804,-10.947,-30.402,-5.138,-2.273,-22.831
42.498,158.194,134.42,15.511,28.216,-24.429,-18.417,1.89,-29.36,-6.346,1.924,-21.304
44.693,118.016,113.076,-2.882,22.959,-11.74,-29.262,-34.072,-25.547,7.078,-15.797,-16.167
41.561,-8.218,40.296,-20.708,33.407,-10.459,-7.294,16.344,-1.471,3.374,-33.61,-21.113
43.075,56.663,47.611,39.399,29.467,-27.859,-37.526,-16.664,24.121,2.149,-20.136,-27.079
39.349,11.318,65.916,-32.359,60.417,-33.924,-14.013,-13.11,26.914,30.09,-17.619,-7.015
44.224,81.618,85.351,65.39,52.798,10.307,-38.752,-31.94,-18.851,-3.128,-42.971,-19.413
47.986,145.377,127.991,2.251,62.439,-2.583,-46.4,-2.252,-22.205,-10.44,4.572,-12.342
46.795,115.855,111.008,40.605,62.214,-11.092,-34.172,-25.171,-26.03,5.499,-53.824,23.436
47.452,86.617,63.389,31.686,34.89,0.791,0.979,-7.452,6.585,-13.816,-5.6,-6.212
44.151,65.314,118.594,59.049,61.747,2.41,-16.177,-12.836,-20.807,-14.031,-17.333,26.415
39.905,-2.516,-13.722,-12.466,37.028,-27.717,61.542,7.908,-25.273,-1.37,4.149,19.604
39.46,5.676,26.789,-40.971,32.813,-30.371,14.623,9.207,-1.453,-2.964,-13.108,-3.285
40.737,28.044,76.695,2.044,39.868,-24.409,-14.57,-5.86,-9.282,-7.53,8.045,2.035
39.913,20.76,5.421,62.346,38.386,-4.486,-3.385,-3.271,-15.48,-7.092,-43.85,12.114
29.667,36.36,-77.822,-22.233,57.368,-14.024,-18.676,3.605,27.473,-20.262,8.637,-10.687
29.588,38.03,-22.721,-33.39,38.277,-36.172,2.143,2.764,0.34,11.721,-3.132,2.791
42.182,76.017,105.569,-173.766,58.233,70.901,8.853,5.938,-15.74,-0.81,-0.172,16.302
50.316,87.621,73.332,26.075,58.062,-19.755,-39.151,-5.502,-27.509,-16.317,-21.233,17.576
51.248,38.804,68.187,5.793,63.194,-31.585,-25.614,-10.044,0.397,7.227,-2.913,-5.666
50.133,22.474,61.993,28.49,66.772,-25.148,-27.114,-3.787,7.895,-7.038,-20.633,-15.13
44.044,-25.733,66.07,-3.113,59.269,-40.267,-16.732,-0.096,1.95,31.916,-19.047,-12.051
45.81,21.833,34.029,-21.119,32.942,-22.724,-25.09,0.495,-11.226,2.975,4.079,3.598
47.688,34.205,51.307,-16.858,35.755,-14.692,-28.768,-10.605,-4.973,-10.13,-1.284,16.93
47.078,39.01,46.954,62.502,59.586,-21.724,-43.799,-12.687,2.292,-12.433,-10.702,8.339
48.72,41.179,25.486,-0.331,-2.288,-34.341,1.45,-8.868,-3.489,5.809,-4.543,2.498
44.437,14.341,33.623,108.569,28.874,-16.088,0.917,-9.594,-10.991,-16.085,-26.283,11.335
34.665,-8.071,50.272,-43.49,61.741,-35.597,5.53,13.821,-17.57,-25.92,18.297,14.473
38.723,-14.377,-3.537,32.044,45.668,-11.894,0.102,4.029,18.076,11.179,-32.254,-2.6
33.773,72.772,-47.115,-7.905,73.679,-17.247,-22.119,-30.27,10.77,-11.874,-3.253,-1.067
32.32,-20.941,-96.587,-33.786,27.691,-34.636,5.848,2.134,0.176,26.288,1.738,2.983
40.814,9.941,20.413,-54.233,20.181,11.95,13.983,11.073,2.577,27.347,1.365,3.067
46.297,45.701,68.146,-43.665,40.279,1.119,-11.402,-5.162,-6.935,5.951,-4.483,17.741
47.043,72.088,57.917,6.465,13.595,-16.572,-0.044,-14.227,-19.046,-4.722,5.079,39.369
49.956,51.687,74.294,0.916,38.149,-31.366,-20.818,4.696,-1.803,2.121,1.517,3.825
48.662,65.306,52.202,44.758,7.496,-24.421,11.838,-15.469,0.439,-2.194,-24.739,-4.551
44.035,80.938,104.008,29.57,49.095,-11.271,-33.999,-9.429,-8.265,-10.341,-22.701,-6.996
42.061,40.549,126.878,58.721,71.17,-19.241,-9.928,-11.741,-12.249,-1.867,-29.054,19.792
43.557,9.609,63.696,29.022,68.935,-11.125,-34.143,-7.373,3.876,0.104,3.533,-0.262
43.936,35.053,68.003,13.35,37.882,3.641,-17.806,-9.486,-9.499,-8.128,-19.763,16.653
39.718,-10.847,65.089,27.567,65.738,-27.117,-8.779,-0.118,-0.96,0.901,-23.098,13.507
46.683,81.891,81.133,61.443,45.203,29.09,-4.84,0.702,-13.184,-4.204,-15.27,11.878
37.415,-3.976,-3.184,-36.068,-14.718,-38.078,24.968,-22.668,-26.31,37.865,-9.258,0.433
47.197,67.852,68.773,23.525,24.735,4.186,14.249,-15.839,-13.219,-4.44,-19.529,8.619
42.114,41.693,30.694,73.152,63.887,-9.084,-3.931,4.132,3.419,-22.162,-29.472,17.679
40.639,19.567,51.68,35.154,53.099,11.552,-28.439,-19.813,-9.41,5.223,9.574,9.35
38.566,20.943,-17.17,29.236,52.35,-4.657,-15.764,4.876,11.195,-12.581,-4.454,-6.285
38.197,-52.083,-27.298,-72.201,10.349,-0.338,6.289,6.674,2.681,5.958,-18.922,-5.749
39.97,25.456,33.835,6.853,25.764,-29.61,-28.509,-22.56,-7.725,-9.58,-14.283,-22.262
37.751,30.758,8.6,45.22,47.798,-78.807,-30.374,-42.393,-11.215,30.814,-18.616,-10.217
41.249,24.233,45.528,14.636,42.745,-21.957,-34.599,7.23,-15.219,-0.383,-5.737,6.197
38.245,14.055,-35.687,18.142,9.944,-66.902,-11.396,-50.824,-28.265,57.048,-23.82,19.822
36.467,23.673,-41.066,-53.277,14.08,-24.822,2.222,5.149,-7.87,-18.039,0.489,-11.303
43.511,60.8,41.215,-23.751,-2.398,-20.544,-12.791,7.686,-16.812,-11.298,11.469,18.819
44.637,77.639,24.467,-5.815,5.268,-16.75,12.04,-6.844,-27.571,-8.957,-22.168,18.224
51.748,46.928,59.174,0.158,53.494,-1.382,-10.679,-5.899,10.895,-0.517,17.629,-14.403
50.784,93.229,76.527,-17.24,15.154,-25.886,-22.657,7.266,-24.887,-10.928,-0.156,23.884
50.749,103.052,110.747,29.574,54.677,-19.411,-18.784,3.024,-28.245,-20.222,-1.151,15.095
49.846,112.873,139.015,17.98,66.833,-15.153,-19.051,-1.694,-23.372,-15.54,-7.776,15.309
46.211,3.473,62.168,25.024,15.362,-42.262,25.714,-8.317,1.626,15.847,-9.908,5.643
43.852,10.945,77.148,38.347,38.665,-14.306,19.141,1.285,-0.927,-21.51,-30.954,11.328
42.509,29.208,51.966,50.172,33.604,-13.69,-28.707,2.143,2.189,-6.038,-13.855,3.017
40.136,-23.17,62.443,-121.039,24.803,-14.041,-17.769,-5.415,-15.367,10.639,7.991,-3.21
44.86,61.026,67.666,38.195,34.421,-36.22,-26.276,0.315,6.761,-1.958,-12.508,-2.261
39.226,93.315,25.883,14.683,42.605,-39.624,-27.441,-31.122,-20.867,3.16,-13.143,-12.633
39.419,59.944,46.994,-24.963,68.209,0.384,-41.793,10.14,-10.789,35.886,-23.519,6.083
45.345,54.476,40.617,2.958,38.01,-1.335,10.587,-44.073,-16.237,30.344,-8.942,15.958
40.472,-6.108,16.222,-8.988,-7.249,-33.218,1.322,7.737,-12.226,8.146,-2.109,17.962
38.045,2.128,-9.432,-2.292,21.208,-33.34,9.306,-8.459,-6.662,-6.986,-6.058,16.102
34.394,-46.347,-47.797,-29.07,21.735,-33.048,2.17,10.897,1.463,8.564,-17.75,26.251
39.291,-16.809,-15.616,-36.695,16.763,6.231,6.731,17.227,10.043,18.516,-10.089,6.324
37.331,-57.425,23.942,-28.453,76.747,-40.41,-11.421,5.576,18.814,14.221,-1.058,-27.18
37.377,1.976,47.112,67.57,67.503,-26.232,-23.563,9.151,13.782,3.35,-27.156,-15.404
29.438,77.914,-13.932,24.122,75.536,-37.791,-11.913,-22.155,13.934,0.624,-1.857,-2.844
31.66,-23.712,-93.919,-72.501,17.252,-30.738,2.711,5.402,4.544,28.564,3.218,4.04
34.713,41.393,54.069,-96.01,39.674,-20.998,59.725,-39.325,6.52,1.728,10.785,14.648
51.552,142.843,126.538,-10.722,70.188,24.39,-27.123,0.244,-18.671,-17.732,19.307,1.431
51.329,100.261,82.973,-44.284,34.082,33.318,10.932,49.853,8.494,-40.678,-25.038,-23.606
46.349,149.865,129.957,-109.465,49.471,38.14,-13.629,26.752,-19.481,-0.413,-13.775,-20.615
50.474,129.233,125.528,69.416,58.072,-6.624,-31.049,-27.737,-29.377,-13.971,-52.675,-5.438
51.198,118.557,42.695,9.925,7.981,20.266,0.057,5.901,-8.441,-26.012,4.257,-30.999
44.231,79.217,94.128,-19.433,43.522,-17.691,-4.341,3.852,-4.459,32.817,-31.117,-31.403
42.193,38.475,-12.076,63.083,9.235,-29.597,8.092,29.809,-4.09,9.07,-57.672,-23.836
44.163,72.339,40.18,-60.844,27.498,65.573,-1.069,6.113,22.422,10.228,9.272,-49.389
46.656,88.649,54.905,40.211,32.904,-14.355,-28.168,-12.757,-11.902,-10.688,-30.454,-4.594
39.897,45.289,54.391,-6.305,18.085,-13.886,-35.509,-6.478,1.895,-8.129,-11.17,-11.259
39.413,34.938,50.473,-17.088,24.489,-21.423,-32.499,-2.642,0.503,0.019,4.364,-16.896
39.064,48.434,56.15,-16.493,26.586,-25.5,-36.987,-30.369,1.616,3.416,-0.737,-11.164
40.232,15.777,53.044,-6.824,38.167,-33.708,-33.528,-6.678,15.729,-12.669,-5.651,-3.284
40.57,49.782,72.96,-10.278,24.199,-26.541,-42.455,-5.096,-5.964,-10.267,-3.776,-13.767
41.342,62.593,103.63,-9.116,38.86,-25.009,-29.789,4.754,-10.977,-3.17,7.417,6.994
43.089,7.214,32.807,-13.243,-0.382,-21.487,9.513,5.815,0.059,-8.064,-19.013,-8.134
41.087,20.511,41.119,6.884,38.01,-22.992,-6.832,-19.817,-6.991,-3.264,-16.48,-22.272
43.337,55.474,85.831,26.983,23.653,-13.247,1.732,-24.93,-9.393,-6.031,-7.528,10.342
41.489,-20.785,70.199,19.129,52.883,-9.05,-19.731,-11.587,4.943,-11.996,-16.028,-16.112
39.941,-28.25,46.393,25.731,49.406,-10.137,-20.225,-13.663,-2.081,-13.496,-13.452,-2.552
36.659,-23.68,28.027,2.122,49.776,-50.032,-21.73,-20.628,-9.774,26.634,-10.074,1.492
40.933,65.848,92.224,24.014,40.798,-18.759,-11.129,-16.63,4.383,-2.247,-15.362,15.773
40.746,48.718,37.956,20.963,52.59,-24.127,-56.479,8.743,-16.881,-3.359,-15.385,18.509
39.278,-10.111,1.886,-23.079,53.577,-28.518,-18.901,-1.45,-22.793,10.693,1.482,10.0
40.438,-0.986,5.065,-15.3,-1.363,-24.993,31.647,-7.924,-21.899,7.115,-5.287,28.041
42.818,9.356,3.96,34.509,35.807,-19.414,-11.449,27.725,10.865,-3.852,-25.06,-14.917
38.709,-12.315,-25.265,38.89,15.318,-46.046,-25.92,12.993,-17.007,7.986,-7.887,15.069
36.745,-49.288,-32.447,20.381,21.32,-19.516,-14.078,29.832,-8.841,16.106,-16.447,-12.046
28.429,37.203,-33.562,17.428,44.416,-56.242,-29.67,0.069,-3.775,16.262,-7.108,11.749
37.187,10.954,64.444,84.313,59.192,-3.074,38.482,1.073,-8.496,34.082,-14.724,2.257
50.294,106.729,131.835,1.076,68.42,35.815,-10.553,-0.742,-6.437,-19.33,25.112,6.282
52.758,125.92,148.894,13.161,72.844,-21.143,-24.499,6.658,-24.489,-6.785,10.627,13.12
52.597,73.607,47.243,24.231,9.595,-44.513,10.27,0.17,-10.86,5.705,-8.385,4.507
49.277,44.257,36.621,84.78,49.529,-22.327,-41.71,-11.224,3.65,-13.543,-45.669,4.979
38.424,5.96,-7.326,-9.235,59.832,-35.05,-25.012,-21.143,-29.173,-20.784,-2.502,16.855
38.824,10.787,40.11,-23.682,-0.47,-28.583,-0.506,3.41,-16.928,2.168,10.149,24.966
42.495,45.164,27.138,77.045,33.719,-10.405,-26.647,-33.823,-22.752,-17.192,-20.731,27.428
39.633,-35.212,41.574,-103.445,45.332,-8.298,-4.006,-18.711,-11.71,6.112,13.46,-5.363
43.866,6.069,36.275,49.544,53.356,-21.789,-37.609,-28.929,7.719,-12.779,-27.895,-2.051
37.507,-56.087,39.606,-10.255,65.75,-24.433,-17.713,2.602,4.719,-3.474,-14.046,-3.701
37.039,-51.661,39.184,-24.552,58.954,-22.707,-16.799,-7.441,-3.891,-0.714,-5.486,-1.711
38.176,-48.481,47.206,-27.432,53.003,-32.107,-20.294,-4.522,7.666,7.899,-0.487,-8.759
39.207,-41.929,-13.177,-36.182,54.249,-62.738,-8.697,9.813,11.073,-2.332,0.175,-16.81
39.704,-55.962,58.1,19.673,43.107,-26.214,-53.547,-8.804,-13.857,-4.801,2.938,-12.49
37.301,-47.908,46.31,3.102,71.559,-27.469,-26.682,3.241,-7.236,-16.508,-8.337,-8.382
36.868,-52.366,5.297,-15.51,50.001,-32.402,-20.062,3.193,-4.763,3.123,-0.088,1.962
37.573,-19.671,-13.034,-13.412,47.431,8.407,-16.035,16.405,4.164,-16.33,-22.784,-4.127
33.233,-2.875,-57.537,-13.348,41.635,-53.068,1.804,-16.478,-3.477,17.907,-7.986,8.035
45.518,40.043,56.687,-141.598,50.562,66.902,14.141,58.447,13.262,-25.102,-15.846,0.758
48.369,117.57,100.711,-4.024,69.933,50.95,-2.072,-12.625,-2.314,3.652,1.794,-1.687
47.144,30.509,57.228,13.663,19.632,-28.662,4.937,17.75,-4.272,0.849,-20.008,-1.913
44.559,93.383,70.391,8.049,34.029,2.314,-28.502,-2.717,-0.006,-14.197,-36.992,-11.693
44.024,56.266,60.719,8.515,43.826,2.675,-1.324,-6.444,-1.934,-3.915,-1.515,0.178
44.352,18.808,-6.182,6.197,-5.401,-35.639,-2.97,-1.278,-6.395,-6.008,-4.814,5.749
40.663,-3.123,23.61,18.906,39.782,-37.465,-25.6,-8.222,-30.316,19.678,-2.09,5.775
37.645,-17.736,-11.468,-14.762,26.694,-30.059,-4.704,-18.027,-33.108,0.144,-17.093,-0.299
37.851,-36.322,1.74,-20.473,-8.112,-29.531,-6.461,7.237,-12.004,-8.24,4.024,-6.359
44.878,0.521,35.84,-7.232,15.926,-14.623,-7.514,10.865,-2.722,12.413,4.247,-3.17
48.338,46.729,66.348,0.875,54.566,-9.817,-22.715,-5.634,0.433,-0.313,-16.974,-1.724
42.943,19.78,1.557,17.222,-4.366,-15.527,-1.036,-0.947,5.281,-12.69,-2.904,9.624
39.625,-3.325,-60.045,-27.245,9.116,-43.723,6.362,15.149,7.402,-8.84,0.703,-2.146
38.198,-1.944,-24.17,-51.254,20.313,-34.585,-0.104,9.088,-10.803,7.644,-14.333,17.822
44.092,-0.083,26.795,-1.43,29.758,-0.087,-19.813,-5.23,-6.52,-2.505,-5.46,6.805
45.042,14.557,36.55,-15.797,37.315,10.565,-28.655,5.841,1.317,-15.668,-6.362,17.048
43.318,17.882,65.791,18.821,63.505,-12.129,-34.503,-9.544,-0.561,-3.847,-5.107,-4.128
42.415,74.148,89.992,37.44,40.314,-11.627,-34.996,-14.358,-20.999,-1.985,-17.307,-3.443
39.906,-29.042,-7.444,2.028,6.603,-22.306,0.324,14.166,-12.897,-13.607,-25.387,-14.762
36.088,-36.135,30.441,40.121,72.648,-31.864,-24.041,41.003,0.597,2.102,-16.437,-16.205
46.022,101.703,116.867,24.698,53.404,17.848,18.685,-3.403,0.816,-5.204,27.484,7.576
44.645,54.5,69.361,48.934,40.998,-20.992,-28.798,-16.217,-33.2,-17.496,-24.636,23.519
39.474,-2.476,72.375,19.13,40.0,-11.93,-19.425,-1.386,-18.57,-9.014,-21.725,21.438
40.993,43.509,69.438,39.989,57.779,-24.916,-4.481,-25.075,-18.637,-4.973,-9.781,10.552
43.284,33.894,55.637,30.47,33.817,2.246,-22.262,-22.087,-24.472,-4.361,-5.307,15.935
43.005,15.63,4.927,99.334,49.945,-19.981,-36.106,-20.672,-2.106,-6.034,-22.401,11.029
35.99,-41.896,-62.878,-61.489,-8.693,-37.397,12.246,2.909,-14.183,0.356,3.495,-4.151
36.343,-46.747,-2.629,-13.797,17.733,-18.277,7.328,5.641,-9.113,3.282,-36.423,8.222
31.168,11.99,-18.579,0.777,31.565,-76.871,-8.742,-19.567,1.58,26.322,-12.171,-22.928
32.907,-20.948,12.519,9.623,44.618,-43.965,-14.376,17.995,-20.47,-1.352,-8.769,6.889
30.06,2.707,10.497,-42.697,45.267,-31.202,-25.901,9.183,-17.978,4.793,1.781,18.471
35.191,44.254,17.488,3.771,78.084,10.826,-29.611,-21.254,-13.569,21.328,-43.182,-6.228
33.107,22.939,-28.164,-126.106,50.429,-38.316,-0.14,9.222,10.473,4.472,21.353,-7.749
46.931,70.791,70.85,-28.531,69.651,37.813,6.666,31.363,12.591,-12.065,-10.431,-12.886
47.723,80.236,99.584,81.96,54.827,-1.354,6.051,-10.6,-10.592,-3.115,-42.546,5.472
47.009,103.328,91.314,-5.566,46.895,12.289,-33.906,-14.231,-33.59,-6.618,17.695,19.173
48.076,28.549,79.144,30.784,81.892,-15.489,-35.868,-14.194,4.242,-4.835,-22.434,-11.896
44.351,-4.776,74.435,-65.658,51.716,-1.656,-10.576,13.44,8.012,-16.975,2.831,-14.089
47.311,20.852,23.092,13.902,32.947,-13.788,-22.342,-17.337,7.423,-11.766,-28.403,8.51
38.8,-54.255,29.512,2.017,51.089,-35.214,-20.988,-0.602,-21.523,-6.04,-0.66,13.105
37.1,-71.047,12.503,-25.123,66.748,-38.216,-31.797,7.426,-1.683,10.098,-1.353,-7.419
37.899,-46.647,9.161,9.815,29.07,-38.026,-21.428,16.947,2.132,3.192,-15.522,1.288
35.011,-57.214,-41.512,-40.047,59.142,-34.837,15.904,-4.275,6.784,27.137,-18.976,-18.11
38.956,-8.82,20.567,-20.729,19.094,4.415,-4.282,8.941,7.016,-12.129,-28.35,5.12
36.81,-33.354,22.663,-28.931,29.969,-37.158,4.622,10.988,7.262,1.969,1.918,10.593
38.162,-10.14,37.52,-4.393,13.381,-43.226,-21.996,-22.071,-14.159,16.353,3.019,19.779
40.688,29.338,38.866,24.288,18.89,-40.195,-30.581,-3.096,-3.13,-0.699,14.581,20.618
40.011,23.551,55.262,-40.11,27.454,-11.562,-18.477,29.934,3.026,2.791,6.604,2.14
38.894,-0.801,90.196,33.27,19.354,-26.171,13.966,28.211,23.81,16.302,-0.457,-50.788
37.911,-62.764,1.215,-6.008,11.615,-47.938,31.058,26.498,11.754,0.014,-8.034,-30.51
35.415,-43.58,61.656,41.049,54.578,-53.779,54.036,31.221,-4.811,-8.52,-20.61,-21.882
33.519,-9.135,85.742,86.923,73.774,-32.431,23.93,7.5,-0.305,0.353,-1.976,-39.817
29.219,-44.37,34.091,-26.704,107.15,-50.922,21.946,7.295,-7.326,8.245,3.109,-15.877
30.68,-39.724,53.798,-6.024,90.444,-52.013,15.96,1.588,-5.727,-5.271,-0.039,-23.977
32.663,-55.673,8.511,-26.569,54.765,-36.364,51.448,-0.121,8.689,9.747,-8.752,-22.949
36.907,6.001,52.127,46.833,-8.862,-51.97,40.115,-0.379,-6.555,11.803,-20.114,-34.781
34.636,25.999,48.52,49.21,28.846,6.612,24.206,-17.662,35.78,-7.119,-26.85,-48.374
29.728,-18.556,50.158,6.8,63.597,-40.651,28.344,5.4,19.752,6.099,-19.619,-36.358
28.267,-50.779,26.948,-15.408,93.527,-52.202,59.788,5.571,23.436,3.608,-14.052,-36.762
27.976,-61.032,35.167,2.649,95.425,-49.228,50.255,4.093,29.514,5.535,-19.914,-32.067
26.541,-63.68,21.682,1.659,117.986,-71.975,47.133,0.008,8.818,21.742,-23.296,-28.089
25.376,-64.465,19.45,-4.397,110.562,-74.05,34.31,-16.774,23.499,27.651,-15.599,-17.53
30.182,-14.743,64.629,61.151,49.667,-25.487,4.715,-14.494,5.659,12.215,-8.368,-57.89
25.888,-38.597,39.779,9.002,107.235,-62.61,32.021,-12.624,23.052,13.493,-16.502,-33.084
26.541,-32.889,51.238,6.822,115.272,-68.265,33.271,-11.865,29.919,29.324,-12.374,-25.043
22.855,16.323,-30.733,104.231,103.51,-56.969,-7.156,49.261,23.809,8.462,-49.464,-24.878
6.444,97.798,-70.497,1.269,37.387,-46.858,-20.866,32.053,-1.541,-6.971,-22.779,-11.735
