29.985,115.819,-50.855,-10.621,45.167,210.619,36.196,39.647,-3.196,58.851,72.323,-12.424
35.907,112.296,-61.262,63.018,8.145,-47.087,-22.406,13.148,-1.23,0.535,-38.517,7.392
41.292,9.645,5.9,67.757,99.228,-39.925,-25.279,-16.004,27.011,4.353,-28.935,-17.243
38.611,74.278,-13.493,63.082,63.207,-40.183,-42.643,-6.906,12.306,-3.384,-19.166,-1.15
38.068,81.841,-23.161,71.978,60.065,-40.222,-60.846,1.047,6.359,-5.522,-30.935,2.988
37.419,56.742,-57.494,53.813,20.798,-68.891,-29.25,8.235,7.704,3.431,-32.417,2.1
41.231,-3.661,-15.611,48.731,93.491,-35.701,-12.516,-19.527,38.388,-1.948,-5.011,-25.348
37.624,53.313,-57.312,29.826,32.514,-47.47,-22.112,-14.913,18.062,3.203,-25.468,-7.586
37.731,97.006,-26.839,71.782,52.139,-39.696,-45.269,13.401,6.539,-1.582,-24.484,1.185
36.773,88.727,-60.357,55.191,11.948,-50.252,-15.963,3.444,10.623,-4.435,-29.727,-0.298
40.943,1.872,-0.746,41.256,91.516,-53.959,-17.966,-27.285,32.481,3.624,-27.376,-22.894
38.651,81.509,-10.603,70.386,69.173,-36.928,-53.373,3.974,-0.046,0.484,-24.15,7.595
37.128,86.885,-32.01,68.895,51.607,1.328,-32.397,-2.295,4.593,1.329,11.291,-0.595
36.593,102.797,-45.004,82.345,17.738,-47.972,-25.837,9.941,0.91,-10.671,-19.92,1.532
41.396,-2.578,-6.566,49.975,84.477,-58.949,-13.652,-15.771,30.514,0.371,-28.465,-16.469
38.222,61.716,-40.489,44.717,39.387,-49.675,-11.551,-18.054,15.853,2.009,-30.099,-4.925
37.429,82.761,-36.106,59.279,33.862,-32.399,-19.701,-11.325,10.331,3.776,-17.046,-6.269
36.959,82.412,-60.201,52.403,9.331,-52.269,-15.783,7.133,4.073,-6.249,-25.128,10.38
41.282,15.934,5.254,79.864,103.214,-25.732,-35.28,-9.532,24.472,-10.394,-0.043,-24.667
39.384,56.914,6.8,48.693,87.466,-57.162,-54.42,-34.963,11.75,-6.599,-20.961,-6.375
37.22,76.733,-34.065,64.484,40.241,-66.747,-37.505,-1.681,16.759,2.257,-45.439,-14.129
42.558,73.707,-5.775,-19.373,38.01,-7.462,-22.424,-3.835,-13.75,33.982,40.927,-19.596
46.232,18.776,95.79,-24.955,60.395,8.55,-4.229,-10.192,-43.588,29.915,-36.949,1.034
50.333,26.331,98.276,8.401,97.721,-12.157,-16.307,23.409,-6.093,7.128,-25.366,5.028
50.474,95.778,88.744,-15.474,42.427,29.831,7.277,-6.519,-49.282,-7.695,6.058,27.934
48.232,36.449,62.794,110.766,0.081,-32.782,3.507,4.42,-53.819,-27.296,-21.381,9.863
49.843,101.444,52.984,-20.838,-13.189,34.261,-51.753,-12.502,-21.603,-8.264,-18.099,-17.657
50.801,81.721,87.948,-14.383,39.786,21.13,-17.079,-14.881,-15.029,-24.204,-5.517,8.717
47.254,48.275,92.019,-26.515,28.22,21.947,40.105,-0.271,-26.069,-19.945,5.612,6.382
48.655,57.45,114.371,21.029,53.51,-22.522,-9.534,11.74,-34.014,-14.972,-9.726,19.814
47.124,69.274,109.135,29.89,59.796,-45.393,-19.902,10.319,-61.693,-15.848,4.971,6.744
46.759,59.027,58.0,17.888,71.583,-47.995,-14.514,-17.989,-23.222,-3.8,0.643,-26.213
42.39,62.586,13.89,59.875,17.008,-61.029,0.822,4.052,-8.994,-14.576,-24.851,-12.522
38.647,71.003,-27.829,34.7,8.417,-40.762,4.815,-11.726,-7.735,-8.497,-11.727,6.639
37.262,93.424,-14.324,53.527,49.656,17.792,-19.928,15.486,1.884,-9.175,10.762,-2.597
41.797,1.907,-5.596,61.375,96.932,-62.611,-23.201,-24.017,34.062,-6.397,-16.339,-22.144
37.624,46.712,-60.631,35.286,38.1,-54.263,-32.213,-25.526,16.761,7.623,-36.53,-15.8
39.007,58.486,-49.882,17.578,44.369,-12.085,-7.101,4.554,21.317,4.85,20.161,-14.328
46.533,-6.753,69.71,-64.288,115.799,-25.441,-8.396,-13.985,19.365,12.509,1.0,16.062
49.084,6.251,117.943,-31.584,101.185,-17.603,-7.484,22.733,11.396,-8.206,-6.922,8.294
46.572,11.028,51.619,24.808,28.297,-24.29,1.619,-9.437,-42.428,7.096,-24.578,-4.168
49.043,31.213,100.018,-36.787,26.614,6.366,36.625,12.75,-23.174,0.664,8.165,12.872
49.999,10.906,136.101,52.065,30.469,-34.794,44.145,-8.616,-28.945,-7.926,-24.376,-11.603
46.875,-5.445,69.586,35.823,68.102,1.264,13.278,32.088,-23.436,-39.672,8.361,1.181
47.032,24.715,122.625,-45.964,54.93,-5.47,6.192,1.466,-42.373,-5.37,-14.499,-14.071
48.002,222.128,28.364,-28.977,82.069,-31.584,-24.294,11.807,-0.594,-19.795,-9.743,-24.727
48.44,-11.044,27.966,12.644,23.909,-14.774,-17.284,-9.439,-34.638,16.695,-19.717,-15.647
44.846,10.421,-19.666,17.366,47.998,-53.486,-25.335,2.183,4.526,-10.719,-23.74,-3.013
39.385,52.388,-74.503,21.65,-0.243,-68.912,-5.639,-3.053,13.414,5.714,-27.339,6.089
38.731,57.322,-75.232,38.022,-0.885,-56.336,-12.268,-16.201,-3.423,8.34,-35.27,2.133
42.376,7.633,-33.055,23.036,62.581,-35.697,1.993,-30.208,22.516,10.786,-14.238,-9.566
40.461,46.884,-61.545,34.742,24.908,-46.932,-18.152,-15.64,3.339,6.978,-33.104,8.991
39.281,73.419,-48.453,6.133,9.206,-62.018,-23.614,-20.896,-4.279,7.465,-23.881,6.036
40.554,193.873,-91.484,-109.342,71.67,-25.849,2.493,13.014,-11.913,-24.738,5.175,-26.776
49.501,69.802,36.921,-54.58,31.843,3.764,3.279,4.044,-24.621,46.666,-37.12,5.017
54.041,89.797,47.152,-17.407,31.843,-18.339,-63.116,-6.703,17.675,12.175,5.032,-23.61
54.083,94.804,76.1,-10.659,22.274,-21.341,7.947,-1.985,-39.719,6.053,-0.214,12.746
54.695,51.134,87.902,16.218,20.057,-53.234,-13.651,15.918,-19.025,16.989,-4.327,-39.024
50.07,108.373,46.936,19.384,-16.011,3.428,-8.272,-21.786,-20.737,-27.589,-36.109,-11.919
51.655,17.355,108.475,19.269,56.572,-40.992,50.048,10.518,5.373,-3.16,11.035,6.488
52.74,47.313,106.039,31.025,58.148,-32.0,48.788,14.108,-23.924,-7.842,-14.473,7.894
49.461,37.673,97.139,38.198,-0.6,-22.933,31.317,12.667,-34.786,-11.689,-26.855,-9.41
45.055,-16.709,27.484,26.949,26.189,-62.14,19.438,-18.889,-13.414,-0.241,-15.295,-20.192
44.437,41.283,-8.116,-11.378,18.175,-2.366,10.159,33.437,-28.605,-18.726,-16.083,4.084
49.898,63.852,44.642,-16.58,61.448,37.12,27.619,11.343,23.891,23.554,-29.072,4.645
50.187,23.933,48.232,36.14,25.452,2.215,6.814,24.745,-0.928,-22.598,-36.86,-17.852
48.721,98.117,5.136,-8.499,5.237,16.795,-35.88,14.379,4.043,-39.034,-42.511,-4.471
42.632,32.193,0.29,1.144,12.332,-18.203,4.66,2.812,-2.508,-17.056,-8.204,-6.526
42.23,65.412,-44.509,-64.85,21.457,22.909,-4.769,-58.53,-14.411,-37.693,-34.174,-8.19
47.646,-21.138,-4.989,-1.603,46.835,-11.404,-11.025,-7.691,-13.014,11.508,-32.918,11.725
42.239,-35.237,-18.332,0.227,70.915,1.53,2.969,-11.588,15.249,-46.55,-14.541,11.694
39.751,20.153,-62.684,28.992,31.438,-53.396,-15.477,-20.43,15.062,-3.5,-35.015,13.722
41.815,-28.695,-49.082,29.886,79.314,-45.053,-14.764,-8.567,32.909,12.275,-28.994,-8.603
39.313,48.984,-69.979,34.794,17.283,-45.341,-12.015,-14.184,8.093,8.457,-22.591,-0.13
40.002,39.76,-40.922,-36.348,28.915,9.147,7.488,12.156,26.017,-4.256,34.638,-38.382
42.928,140.596,-56.78,-52.571,35.495,-42.162,-9.794,45.899,1.019,-21.444,-20.774,-12.361
52.998,62.28,44.289,31.614,51.895,48.674,-4.771,-0.861,-15.716,34.255,-23.486,-32.47
52.915,24.153,60.711,-82.542,51.541,-6.728,27.047,-6.127,10.235,10.036,-8.648,-5.353
54.406,9.863,42.204,21.548,17.112,-30.256,20.008,19.99,-9.828,-16.385,-18.829,14.126
53.944,-4.389,44.564,-15.471,33.717,2.947,41.161,35.426,-12.686,-2.543,11.494,9.181
54.423,52.752,35.085,-85.62,-26.697,3.387,2.575,48.645,-4.373,-25.945,20.456,-12.668
57.501,163.644,-1.453,-29.384,-44.4,-20.057,-47.402,10.487,-5.58,2.1,-3.141,-5.429
57.374,85.292,42.659,8.277,-1.682,-48.132,-29.245,-12.548,-4.095,32.162,-11.054,-42.433
54.073,58.161,11.673,43.945,28.464,-39.783,-16.647,1.379,36.128,6.178,-31.121,-44.786
47.736,30.771,-29.477,10.859,16.738,-29.759,-10.288,9.401,33.789,1.578,-12.377,-31.777
46.221,10.978,-55.275,2.381,27.279,-12.588,-7.024,-33.378,14.018,5.451,-2.425,-18.364
44.108,22.972,-68.344,3.63,12.876,3.174,-3.613,-13.989,14.388,-3.07,1.154,-17.237
54.354,76.855,30.665,9.933,25.123,62.511,56.994,2.801,6.559,16.633,-10.149,7.826
53.22,51.893,62.074,-99.779,16.27,-30.973,19.182,35.705,-11.802,-8.089,13.652,-4.197
57.485,145.843,23.202,14.747,-28.804,-18.982,-42.797,-24.522,-20.549,-16.246,-24.748,-9.516
54.199,118.438,9.157,8.543,-17.395,-39.234,-21.85,50.527,-34.489,13.37,8.399,-3.854
53.66,119.783,8.006,-45.278,35.672,-8.734,32.802,-85.125,-3.608,33.562,-38.491,-5.356
51.795,1.759,23.066,41.187,38.499,-62.042,-1.503,-4.551,-2.625,7.135,-18.94,-24.427
50.499,-22.557,41.801,-38.074,26.533,-11.609,18.652,-0.939,6.341,7.381,-38.779,-13.329
54.126,63.453,7.12,-69.494,6.966,-15.816,-7.032,43.089,-3.476,-16.512,-12.332,2.655
53.391,77.383,-28.807,-16.255,-17.812,-21.342,-29.372,-6.349,9.415,-19.01,-21.323,14.425
52.725,16.91,-22.072,-4.294,21.36,-0.485,-31.646,14.226,-3.013,19.902,-30.473,-24.432
48.05,27.416,-33.105,-28.507,1.508,-53.842,-22.202,-11.827,-3.391,17.199,-19.244,-20.242
50.699,29.749,-33.26,2.503,-4.978,-56.059,5.692,-24.127,-4.255,11.981,-16.329,-7.204
48.603,-14.603,-50.765,8.514,22.096,-54.575,-16.899,-12.106,9.133,8.395,-29.054,-15.901
46.973,19.855,-71.559,19.785,7.227,-42.97,-8.064,-27.378,2.296,8.764,-29.787,1.879
49.98,59.67,-7.515,-11.278,7.266,-39.697,-1.842,-12.767,-10.832,12.928,-7.324,-10.61
48.887,102.616,-46.597,-42.159,40.71,-52.416,4.887,37.619,-4.529,-15.179,-18.378,5.876
54.571,46.522,2.915,42.403,48.769,12.282,-0.471,-11.586,-6.27,37.885,-23.622,-25.917
51.261,65.487,11.516,-87.189,45.096,-8.727,17.269,-2.596,7.245,-15.448,-18.818,-6.851
53.99,75.988,45.412,-52.264,-3.297,-4.713,-16.452,12.12,-12.966,21.533,-5.995,-21.387
52.122,20.037,-11.449,6.915,2.702,-43.962,-13.521,-15.324,-10.625,22.964,-17.444,-27.785
54.572,68.193,23.073,-79.086,-2.294,-0.445,-12.345,4.756,4.748,-17.704,1.253,-30.689
53.989,65.643,10.463,56.055,44.087,-38.752,-14.295,-31.673,36.826,22.181,-40.5,-32.928
49.719,15.614,-10.248,-5.516,41.187,-50.921,-2.789,-11.545,24.441,26.307,-17.707,-31.003
47.031,9.873,-31.384,17.983,29.009,-53.051,-2.34,-9.057,31.32,19.213,-35.148,-26.339
45.85,13.729,-55.784,3.893,38.455,-18.206,-0.594,-26.612,19.678,3.599,0.629,-19.926
44.387,36.628,-71.475,17.959,25.499,-24.307,-10.814,-9.488,17.786,-7.96,-18.213,-15.374
42.19,36.333,-91.169,2.149,17.352,16.646,9.657,-8.589,20.232,-5.61,-0.152,-1.109
42.429,43.935,-85.344,23.124,-2.877,-54.25,-10.181,-17.168,10.872,3.461,-36.586,9.341
46.031,24.991,-50.877,-5.277,23.811,-6.663,11.886,-26.267,-0.904,16.524,-36.938,-9.208
54.08,45.425,46.787,-41.391,28.481,61.402,43.686,8.57,-2.144,0.124,-4.433,0.796
56.267,113.288,-1.412,13.13,38.865,-16.193,0.25,45.436,0.097,-32.925,9.71,-1.539
56.101,78.525,52.094,-8.468,33.644,-15.246,3.783,13.915,-9.068,35.075,-17.321,-15.132
56.814,128.434,44.249,-14.679,-3.918,-20.675,-31.741,2.232,-2.076,5.229,6.034,-21.478
56.366,109.285,-13.485,46.053,-10.105,2.96,-24.581,-40.838,6.955,-6.151,-35.251,-18.044
57.333,127.378,2.667,-16.244,-16.825,15.257,-30.847,7.1,11.146,-15.196,20.499,-25.637
55.926,55.978,-4.019,43.577,15.504,-42.149,-25.487,2.103,23.527,17.955,-22.03,-34.56
49.2,9.518,-33.088,-2.858,31.406,-41.968,-13.327,-16.833,37.415,17.23,-5.8,-33.498
50.243,22.946,-34.443,-10.329,-2.634,-33.696,5.55,-22.447,3.018,13.069,-2.848,-9.175
48.766,-0.188,-52.315,11.77,15.116,-44.784,-8.698,-23.248,7.866,0.613,-21.331,-10.643
46.888,26.262,-68.551,8.965,7.437,-54.071,-7.679,-28.906,1.566,5.345,-25.984,0.706
49.484,45.97,-21.075,7.889,6.266,-28.272,1.58,-31.881,-5.62,16.229,-6.924,-9.73
52.605,39.519,38.463,-43.415,15.879,-29.242,7.448,5.111,-12.78,19.065,4.889,-41.653
56.344,101.818,49.037,-9.756,7.555,-17.834,-2.664,0.184,5.287,10.809,-24.71,-31.254
55.677,124.869,16.653,-29.682,16.638,-27.596,-24.349,-7.66,-7.964,1.521,-4.668,0.637
56.667,119.032,51.145,-2.046,18.964,-13.727,17.554,-3.792,-7.89,7.63,-24.215,14.619
56.796,94.824,67.241,-7.736,11.845,-0.133,37.726,33.175,-33.481,18.637,13.231,10.754
57.969,147.313,51.86,-2.469,-26.472,-10.57,-17.693,9.003,-27.284,-11.568,6.701,-9.78
57.163,121.791,25.502,58.735,0.22,10.041,-7.909,-30.347,-23.505,-7.617,-22.059,-0.641
57.158,92.323,-1.489,11.522,17.198,-22.154,-15.191,34.84,-31.156,6.134,-5.485,-7.846
55.304,63.416,-6.194,23.326,33.755,17.291,12.915,-33.628,-9.608,25.811,-55.181,-1.713
52.529,39.512,14.655,-67.126,13.099,35.978,7.835,1.272,-6.792,-11.881,-23.063,-16.722
57.467,89.994,29.045,13.375,19.069,-5.086,-3.06,15.349,6.159,-4.795,3.761,-30.986
50.804,96.672,-47.175,-58.815,72.754,-52.849,25.84,24.107,-30.595,-16.816,-15.087,-37.636
55.45,63.642,23.143,-7.33,33.97,17.069,19.201,-5.544,-27.629,23.905,-29.295,-14.359
52.854,63.703,3.538,-64.58,67.935,-22.228,14.957,-3.437,-3.205,-39.448,-1.81,-22.978
56.757,42.611,66.359,-22.789,49.88,-25.586,2.385,24.109,14.023,-8.901,-3.248,-34.48
56.264,59.996,31.769,28.241,61.827,-23.785,6.378,-1.123,46.132,-0.268,-48.661,-16.713
50.541,40.017,-17.7,-56.519,60.884,-26.813,10.636,-14.07,18.461,-26.579,-10.702,-25.362
49.109,29.411,-20.459,-2.876,17.196,-19.256,-1.817,-5.873,22.956,-23.14,-34.988,-2.246
46.061,-20.954,-22.259,-46.854,57.492,-20.802,13.719,-1.609,18.858,-17.475,-31.081,-5.978
45.689,19.751,-51.586,-6.226,43.097,-5.946,4.786,-23.822,14.722,-20.463,-15.601,6.907
53.632,97.306,47.579,-109.439,7.617,72.388,18.537,41.484,-6.684,-43.667,15.988,-9.012
57.639,150.124,45.872,-35.042,-10.576,10.65,-17.166,17.756,-22.446,-10.935,25.98,-12.892
59.028,186.915,45.625,-2.144,-25.848,-26.71,-43.735,-17.234,-27.167,-5.55,-13.269,-21.712
56.369,64.709,35.9,41.142,-26.872,-34.722,-0.979,1.806,-21.752,-0.64,-22.532,-15.91
55.59,88.987,21.496,-26.749,-8.884,-19.566,-6.944,2.374,-19.079,15.112,-29.489,-3.426
57.206,28.03,50.494,16.758,33.774,-41.226,22.74,13.602,9.012,-1.785,-21.772,-14.991
55.887,43.213,50.424,3.403,28.656,-13.667,65.852,6.745,5.997,-5.099,9.108,12.515
56.701,45.643,27.37,37.537,7.064,-28.651,22.322,-3.151,0.801,-1.772,-35.335,21.317
56.791,37.265,36.057,1.464,41.851,-11.806,34.878,3.945,26.832,11.477,-3.111,18.914
55.768,58.876,7.692,83.455,2.618,3.637,14.318,-29.789,-13.689,0.873,-41.186,1.726
54.518,51.643,33.555,-80.661,35.543,19.724,39.136,38.451,17.53,-45.382,-4.597,16.278
54.831,72.011,-36.816,41.649,24.362,-43.014,3.025,-13.016,-18.275,-12.202,-28.722,22.218
54.416,39.765,3.333,-21.068,29.973,30.045,15.044,15.772,17.433,-16.244,-23.668,-0.574
51.556,-0.405,18.104,-14.899,18.247,17.755,3.079,1.707,-9.261,-21.04,-30.15,-19.172
48.386,17.697,-17.672,15.025,39.426,-41.825,2.707,-36.458,-10.16,11.124,-23.422,2.801
50.06,14.328,-32.942,-8.465,20.688,-12.889,5.095,-37.161,4.455,13.457,-0.963,-19.201
47.984,-2.461,-50.307,24.796,16.679,-46.663,6.303,-34.92,7.409,3.284,-24.396,-6.998
47.168,10.785,-38.847,12.688,12.505,-52.848,27.583,-23.05,-12.001,9.692,-22.211,3.502
51.099,26.06,-12.236,9.003,43.887,-21.552,2.844,-28.443,-0.037,11.831,-23.802,-14.03
56.536,72.662,21.614,-2.39,57.147,10.881,23.255,11.859,15.295,13.136,13.641,26.351
55.001,112.82,-28.158,5.834,37.252,-60.979,-20.039,51.01,-0.508,-9.993,9.221,18.793
55.393,81.097,18.004,-29.763,44.367,9.015,6.87,-16.094,-22.515,55.453,-30.685,-0.549
55.275,101.061,16.953,-68.002,22.58,18.678,-13.319,20.279,1.888,-25.971,8.102,-22.465
54.321,75.43,6.252,-68.56,22.398,-10.171,-29.569,14.631,16.698,-15.749,-7.579,13.65
58.516,157.773,13.002,-6.107,0.313,-23.449,-59.783,-12.553,14.488,-0.194,9.223,-22.152
58.071,174.249,-4.122,-14.099,5.026,-37.624,-65.002,-31.601,22.937,19.248,-0.645,-13.217
57.355,176.986,-1.278,-16.83,-5.44,-32.343,-63.627,-21.48,26.34,1.146,-4.802,-12.109
56.862,88.559,37.001,25.407,27.239,-40.135,-6.89,-16.795,22.107,23.158,-36.373,-28.593
51.092,47.352,-13.366,6.401,26.598,-34.05,-3.942,-12.078,12.533,10.604,-14.066,-21.916
47.845,14.394,-42.788,12.433,37.17,-40.542,-3.444,-38.178,5.687,13.555,-11.858,-8.379
50.444,13.528,-28.969,-0.851,22.901,-24.283,-1.517,-35.364,3.614,25.683,-1.008,-16.342
48.091,10.8,-51.747,15.823,19.48,-45.233,7.207,-34.433,6.523,3.67,-17.187,-9.004
47.983,18.03,-52.938,-8.604,17.381,-11.922,26.839,-23.644,-2.073,-1.169,-9.23,-4.561
50.633,10.995,-32.12,-5.154,18.604,-31.246,11.442,-21.042,3.266,17.801,-15.094,-9.22
56.435,79.623,29.086,23.218,20.078,-59.538,13.66,42.205,-26.807,37.201,-2.267,14.351
55.633,55.66,39.981,-9.531,36.818,-4.103,-4.222,-13.212,-23.742,43.338,-17.686,1.118
53.574,82.322,16.28,13.363,49.41,-1.761,-30.113,-19.277,-18.832,-11.7,-31.727,-13.377
52.932,89.402,40.433,-61.24,42.953,29.356,-43.594,5.931,-11.462,-17.457,-9.61,0.711
51.975,54.655,34.92,84.943,64.516,-20.639,-58.955,24.521,-8.005,4.343,-21.441,-20.969
42.08,88.016,59.622,-0.366,65.167,-30.775,-54.922,0.428,-22.007,-7.384,-5.601,20.028
40.846,101.369,63.368,-1.61,47.894,-11.403,-55.842,-22.471,-19.581,3.804,-3.646,28.436
41.699,90.816,68.236,-2.555,35.389,-17.733,-55.532,-42.937,-25.988,10.869,-3.621,30.214
41.543,128.434,64.772,-7.716,33.496,-8.924,-66.914,-46.239,-19.215,-1.287,-4.826,12.795
42.738,74.695,49.167,-23.257,37.479,-16.402,-73.46,33.833,-10.648,-14.515,12.05,28.264
43.154,75.783,64.832,-7.148,30.277,-18.222,-66.392,-17.008,-18.48,6.791,1.752,17.345
43.627,79.104,58.687,-18.132,29.441,-14.662,-70.397,1.744,-13.503,-23.154,7.995,19.916
44.68,90.096,41.334,-15.063,35.742,3.311,-70.832,-12.721,-7.628,-19.623,8.745,24.018
44.686,88.516,60.31,-19.14,32.284,-21.65,-75.005,-2.35,-10.925,-2.587,6.783,12.851
45.874,104.733,43.435,6.157,23.885,-20.37,-76.036,-27.412,-29.963,-3.744,3.58,22.553
45.787,109.057,67.039,-14.72,33.789,-15.606,-65.157,-19.611,-19.959,10.412,-4.823,24.17
46.496,119.609,76.54,-19.126,40.037,-13.915,-58.456,-25.22,-13.095,2.459,2.401,21.616
47.904,128.184,67.891,-14.126,32.542,-11.983,-64.934,-18.226,-16.403,-11.631,-0.687,27.397
49.023,73.746,43.584,-28.988,34.461,-24.991,-82.386,-5.104,-3.252,1.623,6.079,19.088
49.258,84.55,52.797,-26.332,39.062,-24.397,-66.628,-9.18,-14.284,-1.225,6.645,35.857
51.341,116.813,88.696,-10.446,23.306,-21.066,-48.133,9.903,-27.492,-20.218,22.468,37.817
52.84,125.351,68.623,16.234,32.507,-1.985,-58.282,-12.015,-35.24,-16.388,-13.12,23.978
53.699,130.092,48.458,-0.165,19.384,-7.611,-36.797,-8.451,-25.12,-17.543,11.027,21.126
54.135,110.638,40.466,-2.014,4.963,-23.95,-36.449,-1.278,-32.484,-13.751,-3.108,13.702
52.319,105.864,27.908,35.574,17.872,-20.712,-42.056,-19.278,-20.299,-19.4,-15.976,18.147
52.288,133.156,84.854,37.828,51.156,22.467,-41.155,-20.829,-34.042,-21.617,13.024,7.473
52.183,106.578,62.686,-30.999,36.085,6.618,-32.317,-5.13,-19.276,-18.089,12.982,9.47
53.703,113.325,55.077,10.052,21.756,-25.677,-38.596,-6.33,-18.086,-3.118,0.348,-2.006
52.872,96.884,43.884,30.611,20.797,-14.443,-35.942,-26.203,-28.088,-15.809,-16.752,3.203
51.669,142.889,82.138,32.154,52.85,12.26,-36.409,-11.57,-10.475,-30.3,9.13,0.131
53.517,123.634,45.919,-5.328,18.127,5.994,-32.292,-9.641,-32.358,-16.847,14.239,19.268
53.91,107.729,35.745,0.329,5.352,-19.692,-37.055,-11.421,-24.385,1.837,5.339,9.404
53.159,102.311,32.375,27.942,24.95,-16.558,-39.392,-28.866,-20.156,-8.977,-15.738,16.828
52.618,139.039,64.871,41.1,32.848,-12.545,-18.082,-27.195,-25.797,-16.403,-0.264,0.427
53.601,130.195,37.69,-10.884,18.45,-26.285,-39.686,-18.649,-25.535,-9.116,4.198,14.836
52.908,89.278,19.94,23.942,19.864,-18.703,-41.405,-20.804,-22.623,-14.161,-10.441,8.448
53.516,105.254,38.822,29.458,17.092,-27.996,-41.53,-22.633,-34.179,-3.844,-2.131,15.507
52.961,97.63,44.183,-30.816,23.553,2.313,-22.811,2.187,-13.41,-7.273,7.272,12.243
54.351,104.807,43.52,1.276,21.505,-27.97,-28.66,-6.393,-23.28,-11.01,1.456,5.318
53.431,96.641,18.465,5.592,18.152,-25.911,-39.04,-23.682,-17.628,-10.404,-16.478,-3.373
54.51,96.219,19.612,14.494,22.446,-23.519,-16.055,-15.216,-16.443,-3.529,-8.921,4.654
55.114,105.019,10.534,15.943,6.627,-29.217,-34.791,-19.107,-24.013,-5.25,-9.832,0.798
55.371,107.399,18.148,-17.194,9.05,-18.303,-21.977,-0.753,-10.694,-2.54,4.954,14.449
55.883,95.43,23.221,-12.986,11.136,-30.403,-28.888,-2.16,-15.843,-4.149,-4.396,12.292
54.975,99.282,11.937,9.707,7.883,-27.69,-24.651,-8.747,-12.515,-10.722,-10.049,9.074
56.532,97.69,7.262,7.11,21.017,-21.399,-16.012,-16.173,-22.265,-9.146,-9.165,11.197
55.92,94.165,14.4,-21.523,13.369,-10.653,-38.38,-2.41,-18.963,-10.774,9.468,8.656
55.938,82.634,15.407,-15.163,14.909,-25.03,-35.071,3.701,-27.868,-8.707,5.328,12.015
56.078,90.099,10.995,8.824,27.012,-28.067,-21.417,-8.441,-29.005,-19.227,-7.781,24.267
55.335,106.453,28.857,8.209,40.777,3.182,-18.437,-9.426,-19.124,-15.728,7.172,10.721
55.435,118.885,58.906,3.352,27.742,-35.905,-12.713,3.252,-7.374,-14.344,3.656,14.564
55.084,122.912,55.973,3.472,27.696,-34.341,-23.37,-4.859,-6.915,-11.099,-0.279,3.375
54.408,107.697,39.786,17.446,25.595,-39.139,-23.259,-11.023,-25.093,-10.905,-9.204,-1.157
56.003,124.6,43.575,32.478,40.056,4.719,-26.936,-4.398,-22.998,-10.344,8.027,10.761
54.696,151.868,60.678,16.111,21.338,-8.864,-8.778,18.966,-22.896,-14.669,21.473,2.906
54.65,156.003,78.09,24.632,7.42,-35.401,-24.136,14.194,-21.55,-15.754,4.403,-8.01
54.943,156.673,54.8,16.152,6.219,-20.529,-36.169,16.032,-31.326,-22.227,7.693,1.896
54.768,169.895,46.335,19.72,2.791,-33.585,-44.517,1.509,-23.368,-20.485,7.156,-1.759
55.345,161.292,40.527,37.356,19.915,-17.846,-40.352,-10.363,-31.037,-20.413,-9.622,8.45
55.274,161.383,58.383,1.306,43.422,-7.514,-49.172,-4.102,-11.022,0.749,13.755,0.301
53.398,167.12,19.439,46.895,32.708,-9.375,-51.569,11.122,-2.665,-4.676,-36.681,-3.018
50.254,115.21,-6.147,-96.912,10.324,-26.871,29.537,-2.193,-28.881,22.262,-8.814,-2.632
54.648,151.279,-29.425,-49.228,9.384,-32.44,17.275,-23.145,-22.119,17.16,-13.069,-7.047
57.66,117.092,10.044,-10.804,11.429,-36.297,-21.313,1.831,-23.501,-9.295,-7.352,9.171
56.577,103.121,-10.326,29.501,9.975,-43.15,0.761,10.466,-14.712,-10.658,-16.466,0.913
57.3,95.18,5.653,29.564,26.483,-18.657,5.996,-23.515,-14.336,5.997,-26.604,0.379
53.774,80.946,23.521,-78.475,-13.541,-6.747,29.394,17.41,-3.414,-2.78,-6.755,-6.044
57.135,92.581,20.625,8.527,18.815,-20.706,-1.447,-14.365,-15.258,-4.164,-8.872,0.374
54.737,90.153,-25.72,-17.232,-15.598,-78.755,19.457,-6.173,-5.931,-14.107,-5.67,3.714
57.396,106.575,14.431,5.751,-7.86,-36.341,1.456,2.037,-16.054,5.046,-0.615,2.764
56.292,68.959,-9.7,26.191,-5.71,-34.992,0.877,-14.036,-10.631,-5.408,-34.518,5.479
51.563,54.991,4.95,-44.16,-27.435,-23.402,27.647,5.893,-6.869,3.586,-2.209,-5.105
57.815,100.802,36.188,18.886,23.903,-15.543,2.528,-8.265,-9.484,10.473,-5.61,8.019
54.409,101.042,-44.868,-2.708,-1.455,-49.756,10.624,39.664,-6.268,-0.746,21.874,11.591
54.902,88.511,6.756,-36.046,3.859,-3.631,16.53,-6.597,-10.23,2.289,-23.488,2.908
51.518,62.21,12.152,-45.961,-20.644,-15.407,32.376,6.828,-11.427,9.445,-15.652,1.545
56.465,97.553,-2.77,25.89,17.834,-25.784,-5.378,14.88,-18.503,0.569,-18.097,9.165
56.759,74.76,3.21,29.424,23.724,-17.72,-7.492,-15.861,-22.302,3.944,-23.094,12.352
52.012,61.255,5.688,-57.271,-23.582,-15.626,28.73,0.196,-16.003,7.844,-3.356,-8.255
57.426,84.657,13.433,7.762,2.275,-32.318,2.526,12.419,-10.569,6.182,-6.026,-5.345
56.408,86.382,-15.904,27.547,1.284,-41.532,-9.605,10.402,-8.607,-7.449,-13.336,-2.975
57.304,84.028,11.694,32.61,23.157,-11.671,8.274,-8.094,-8.239,4.008,-22.792,3.15
53.771,83.642,15.439,-75.185,-15.168,-6.242,27.68,21.222,-6.699,-0.312,-7.401,-3.325
56.675,94.422,23.293,15.648,10.336,-34.288,-1.231,-9.072,-15.092,-1.787,-17.054,6.119
54.503,82.128,-29.071,-25.512,-13.945,-76.703,10.098,-15.422,-5.307,-20.211,-11.421,8.223
57.393,102.196,35.361,7.463,14.69,-23.811,-5.038,3.883,-10.76,0.298,2.613,-1.794
56.164,61.135,-2.456,34.419,3.738,-29.516,-2.09,-6.906,-4.615,-0.303,-43.647,2.699
51.53,60.174,1.846,-51.681,-30.374,-16.728,24.091,-1.27,3.714,10.061,-7.468,-2.757
57.691,110.923,11.218,33.853,18.656,-6.178,2.129,5.327,-8.568,11.445,-13.443,-0.009
56.218,119.889,14.834,-28.413,-5.212,-4.724,36.596,3.972,-8.5,-9.414,-5.748,2.84
57.802,130.504,21.289,16.38,-2.387,-26.751,-2.086,-1.548,-19.506,-10.004,-4.876,1.838
57.142,94.462,7.828,35.918,7.658,-20.036,-2.313,-21.872,-3.683,1.102,-35.833,-8.895
53.006,84.025,11.921,-38.433,-25.584,-8.076,38.768,-2.725,-18.884,4.407,-8.646,1.755
59.573,111.632,21.656,17.124,18.752,-22.888,0.411,5.531,-4.151,11.079,-20.295,-12.489
53.78,91.319,-10.383,-24.987,-7.943,-29.514,18.094,-1.493,-22.467,25.926,-24.792,-14.809
57.369,85.426,-4.652,28.569,17.024,-11.597,0.005,-17.628,-9.989,5.474,-20.701,-6.744
51.93,71.709,7.403,-45.941,-22.728,-16.353,31.505,1.383,-11.17,8.965,-9.712,-10.645
57.963,86.182,15.406,-4.211,13.09,-36.697,-10.116,-1.914,-0.954,2.227,-3.46,0.631
56.938,93.99,-13.25,13.79,0.922,-44.041,-8.431,24.637,-9.739,6.731,-28.548,6.552
52.329,77.366,-1.007,-32.69,-16.627,-30.037,23.889,4.114,-3.825,32.479,-21.248,-4.736
57.426,104.237,6.75,26.967,12.814,-27.008,12.153,-30.069,-8.138,12.143,-26.265,-6.297
52.508,92.93,1.849,-90.4,-33.05,-14.158,15.911,4.385,-2.334,0.597,-2.052,-7.371
56.798,88.994,3.767,6.917,12.83,-20.961,18.8,-8.146,-5.97,2.48,-17.812,-5.292
54.297,87.822,-32.581,-13.195,-14.548,-84.886,12.384,2.515,3.968,-22.32,-4.969,10.076
56.653,106.442,5.535,-6.526,1.299,-47.437,5.709,1.982,3.287,1.566,-5.115,0.765
56.238,69.727,-6.086,30.507,5.223,-38.837,-4.343,-7.547,-1.888,-5.059,-34.321,2.573
50.87,67.422,-2.377,-53.813,-42.105,-16.793,25.199,-8.972,-10.492,1.84,-4.222,1.697
57.498,105.032,24.816,16.791,28.158,-11.655,-1.442,-14.934,-12.968,-3.97,0.691,0.508
54.142,104.005,-47.649,-20.546,-11.802,-89.072,5.777,25.873,0.455,-24.861,-5.934,5.08
55.784,100.195,13.381,-28.011,-5.937,-13.908,3.827,2.242,-6.177,0.936,-2.803,-3.332
56.421,84.633,9.192,30.404,10.106,-35.55,1.95,-17.553,-6.928,2.06,-30.254,0.997
51.694,47.807,17.516,-28.283,-26.246,-22.728,28.877,10.688,-15.739,16.178,-10.001,-2.741
57.326,113.522,20.296,1.527,1.854,-35.373,-5.737,8.271,-3.569,-4.663,-4.623,3.179
56.429,91.742,-12.051,22.602,7.724,-43.596,-11.461,7.374,-5.905,-2.239,-15.801,3.958
56.774,84.334,5.055,27.398,14.676,-33.054,-6.606,-22.044,-14.583,-0.991,-16.698,1.86
51.804,65.306,-2.391,-49.287,-27.903,-11.881,20.704,-4.86,-18.884,7.492,-15.032,-0.654
57.346,91.78,-5.048,-1.868,-2.81,-41.536,-1.123,3.9,-5.223,1.562,-7.642,1.054
55.969,85.578,-14.92,24.16,2.298,-43.151,8.964,15.719,-4.566,-6.088,-19.331,-0.509
56.882,83.206,0.091,31.624,17.942,-12.694,14.334,-13.474,-12.961,12.225,-11.572,-9.079
52.48,68.656,14.288,-91.032,-24.887,-17.616,27.698,14.184,-2.383,6.941,-8.315,0.012
56.472,85.933,-4.704,7.167,8.805,-43.156,2.23,11.4,-8.911,10.239,-15.337,12.358
53.037,77.081,-5.096,-30.034,-20.72,-23.994,9.137,-8.686,-15.718,27.193,-22.22,9.759
56.757,93.707,9.31,-19.298,0.715,0.819,9.403,2.363,-5.523,2.008,10.281,2.159
56.059,66.268,-22.063,25.437,11.182,-38.494,-3.97,-8.879,-8.5,-2.844,-42.411,8.195
50.824,55.683,5.997,-60.325,-28.001,-6.929,33.343,2.146,-15.956,4.487,-6.454,1.585
57.46,113.489,1.461,22.778,1.054,-22.649,8.415,5.202,-6.108,9.912,-23.893,-5.137
57.601,101.642,21.265,-34.28,7.868,-17.424,10.267,1.183,-10.382,7.248,3.648,-5.57
57.447,111.813,22.078,45.656,8.735,-16.586,-27.319,-7.526,-5.442,-10.298,-39.123,3.4
52.085,120.024,92.783,-57.672,27.007,6.963,-8.957,-32.885,-23.392,-4.552,-4.662,-9.556
59.127,133.082,54.934,5.526,46.953,-25.128,-9.356,4.844,-6.539,2.73,4.889,-6.899
58.739,142.394,49.631,48.167,28.076,-21.769,-32.699,-13.346,2.366,-6.761,-25.478,-7.95
51.766,90.89,37.063,29.543,7.077,-12.382,-10.73,-0.571,-24.426,-19.132,-29.29,-7.46
46.931,24.117,7.851,-31.75,7.176,-29.365,-22.284,-9.54,-47.74,-3.227,-3.544,13.054
49.862,6.262,56.083,-16.322,30.59,-29.171,23.681,23.49,-41.294,-12.631,6.531,28.567
52.555,103.441,2.331,13.656,63.019,-17.617,-4.839,46.073,-35.369,-37.19,-4.55,21.579
53.749,117.123,22.923,-53.895,25.117,17.708,21.923,-24.338,-37.596,-3.702,-4.28,19.423
54.592,59.008,60.766,17.741,-12.341,-17.788,21.594,27.374,-47.387,-42.108,-21.235,28.737
53.948,65.273,26.491,-24.411,-11.004,-10.731,-27.196,-14.457,-21.972,-9.314,-0.053,36.888
54.402,44.565,33.121,46.205,-1.152,-45.971,-28.473,-14.216,-26.137,-16.886,-15.585,5.433
55.451,32.327,61.878,10.576,-14.111,-26.133,38.156,30.549,-76.907,-25.283,17.198,2.034
54.564,127.969,6.404,23.542,-36.153,-29.34,-19.595,17.948,-51.796,-30.35,-19.96,7.408
53.289,-24.422,64.079,4.048,40.48,-53.28,30.827,3.945,-16.047,7.105,-2.897,-0.5
50.733,-25.856,16.4,96.335,29.634,-18.524,21.243,18.429,-5.076,-8.518,-49.048,13.136
39.654,-130.992,-17.043,-33.279,-9.725,-28.278,-41.895,-6.633,-22.978,-12.643,0.623,-4.341
46.404,3.781,22.653,-155.662,40.635,22.389,-15.772,32.437,-20.303,-40.764,0.84,-1.462
54.851,104.14,15.641,1.845,32.419,11.263,-12.917,16.956,1.432,-12.868,1.458,14.521
51.697,35.41,-11.043,-7.416,16.117,-2.986,16.549,-21.235,-40.171,-16.109,19.993,32.003
55.08,84.036,49.156,-18.45,-16.209,-16.702,-8.786,6.449,-63.319,-12.68,6.708,20.437
53.916,97.012,12.677,52.532,1.415,-17.874,-38.134,-37.306,-32.346,-2.879,-54.274,-13.056
53.446,12.891,52.763,13.344,27.944,17.711,9.416,6.812,-36.041,15.429,1.332,-4.414
50.121,-53.635,25.985,28.373,12.95,33.25,-2.343,-0.608,-29.863,-23.549,-31.156,3.668
42.569,-92.81,31.735,-14.197,-17.241,-5.275,6.069,2.67,-30.353,-25.695,-15.265,7.384
38.735,-149.06,-14.422,40.113,-19.114,-31.214,-12.689,-8.82,-32.191,-19.348,-26.324,2.249
35.262,-139.791,-34.785,-15.598,-13.635,-5.347,-20.08,-17.756,-9.148,-25.125,1.567,2.531
31.606,-205.835,-42.698,17.406,9.476,-47.624,-24.49,-6.993,-21.529,-10.663,-10.733,-1.465
31.073,-265.093,-57.804,-71.159,37.356,-24.339,-20.901,4.629,0.985,-4.376,-2.366,4.061
35.183,-180.198,-40.308,-85.985,31.409,10.043,-27.575,31.397,-6.514,-53.696,-13.078,-13.539
49.253,99.978,-31.23,-133.227,81.515,13.083,-26.039,-70.464,-2.711,-3.379,8.837,-1.101
56.209,177.941,-4.007,-29.055,-7.913,-41.694,-64.773,-5.965,17.353,-8.389,-4.249,-20.051
55.942,81.232,43.114,17.365,9.288,-25.838,6.022,-36.296,-34.996,16.749,-17.396,19.481
55.767,44.397,77.323,0.948,14.904,-44.244,-9.973,35.146,-24.309,-7.423,-4.118,-21.05
55.73,133.461,18.546,-28.225,-46.008,-12.843,-38.703,12.723,-25.655,-13.228,4.799,-3.652
54.542,100.665,-6.236,45.494,-14.796,-8.784,-22.117,-45.236,-27.266,11.313,-42.889,0.288
48.405,0.963,-2.246,-36.17,18.758,-24.556,-5.465,-10.1,-2.345,-1.364,-9.853,-10.732
54.902,2.769,76.379,20.463,20.677,-15.628,35.335,8.707,-5.876,-9.425,29.625,-1.875
52.982,-12.312,55.009,47.552,9.683,-17.537,30.687,11.189,-12.939,-9.568,-35.371,22.887
46.599,13.235,-15.3,-37.417,11.068,20.761,-11.492,52.752,-17.882,-17.216,-24.288,8.437
53.42,41.939,31.043,1.745,73.694,51.479,21.965,8.746,37.381,18.44,-0.005,7.343
48.372,-15.043,76.532,-64.035,26.368,-18.591,7.998,44.277,-27.917,-0.615,-13.272,5.991
51.028,55.941,17.881,-77.7,20.541,-0.027,-49.367,37.75,-8.875,-17.735,-15.471,15.856
46.606,-3.699,2.98,-12.781,1.3,-23.595,-33.297,4.796,-30.696,-16.539,-5.141,27.635
47.018,87.969,-71.655,-65.313,64.461,-21.638,-36.035,-26.5,-30.476,-46.679,7.246,-9.47
48.414,37.158,-57.377,-12.287,-20.393,-35.916,-73.618,-12.809,3.928,-26.676,-26.326,-0.727
48.372,-68.471,-20.782,28.056,45.35,3.775,-6.162,20.399,-7.598,3.192,-6.237,8.305
40.467,-33.848,-72.985,-68.656,42.836,-46.51,-34.666,17.03,15.296,6.981,8.051,6.657
43.678,17.388,-53.449,-107.174,22.876,-23.935,-34.802,1.143,-11.358,2.119,-4.874,8.491
48.522,134.037,-98.941,-56.857,61.428,-10.959,-53.095,-26.539,3.456,-25.671,-24.719,12.592
55.134,48.674,31.437,-3.177,55.927,36.108,-18.24,-6.924,-14.565,34.514,-7.78,-17.334
49.595,47.941,0.118,-52.71,78.127,-39.316,-10.616,18.404,13.994,2.42,-3.285,-23.627
55.722,58.739,0.728,-10.282,35.423,0.266,7.845,-7.899,2.711,18.683,0.862,2.036
54.998,33.144,21.063,3.705,38.366,-8.408,33.528,8.562,-7.994,20.992,-8.267,3.53
56.697,120.498,9.228,-49.288,-40.104,-19.209,-18.221,38.885,9.506,-3.13,5.128,-14.323
56.932,63.218,12.552,6.207,18.745,-30.248,-21.439,2.063,14.408,18.305,-15.555,-39.282
50.959,19.306,-12.772,-4.52,17.171,-40.93,3.272,-9.931,29.876,11.075,-35.931,-37.113
50.503,32.162,-8.405,-2.654,13.182,-32.25,1.275,-22.649,7.452,20.503,-19.592,-25.709
50.274,27.067,-42.34,16.716,20.522,-56.356,-18.523,-33.182,1.105,-0.994,-40.53,-17.764
47.271,18.41,-44.218,2.843,4.955,-46.477,-5.005,-29.44,-14.807,6.025,-22.014,-12.059
57.897,103.538,18.455,2.977,-0.394,18.149,14.936,15.498,-1.568,-4.124,-22.462,9.561
56.95,116.723,33.78,-50.955,-6.62,-11.084,-3.87,32.729,-10.34,-4.438,2.131,-5.772
54.547,143.809,-22.307,-8.997,-9.009,-18.465,-10.487,26.764,-21.203,10.335,12.412,0.769
55.42,89.917,6.732,-17.303,19.687,-33.342,31.86,-63.104,-23.465,18.607,-29.687,-1.193
54.631,32.296,21.85,62.518,2.188,-49.093,2.832,0.5,-39.418,-12.097,-29.532,-8.019
53.332,-3.308,18.96,19.645,15.309,31.347,44.749,1.394,-3.415,-12.525,-25.724,-8.815
54.849,71.557,10.242,-62.166,-14.573,-27.115,14.021,54.531,-12.795,15.992,21.141,0.713
55.769,149.028,-33.579,-30.598,-11.92,-28.383,-33.793,-9.498,14.0,-3.081,-11.554,21.276
54.121,51.993,-35.781,-19.778,23.682,-5.498,-33.924,6.631,2.693,10.424,-39.93,-14.659
49.259,35.031,-46.478,-15.447,-20.354,-67.059,-18.212,-9.365,-10.468,14.16,-29.093,-11.983
48.483,53.077,-40.158,-51.455,-12.69,-29.682,-5.643,-35.344,6.759,9.442,-18.887,-12.488
49.988,48.658,-62.601,2.05,8.161,-56.184,-11.75,-38.971,0.717,2.322,-37.003,0.179
46.543,29.858,-88.202,8.449,10.992,-46.381,-7.883,-30.914,11.492,3.826,-34.028,-3.694
51.256,41.5,-35.095,-12.661,-24.358,-59.9,3.501,-25.174,-10.564,10.636,-14.017,-7.456
49.303,62.872,-58.334,-56.977,6.28,-35.929,10.23,27.586,-9.676,-9.383,2.663,3.494
50.247,139.804,-131.66,-43.526,54.083,-43.421,16.942,-30.451,-20.605,-15.153,-18.175,6.062
54.959,49.264,-15.739,3.51,28.59,5.438,7.208,-11.816,-1.9,9.986,-59.584,-22.241
54.884,81.564,-4.3,-70.762,27.094,8.933,18.997,-5.063,5.134,-10.734,2.693,-17.656
54.312,63.361,-34.883,17.213,38.45,-26.637,-12.588,1.351,0.044,-2.915,-22.248,45.596
53.772,78.094,22.056,-50.129,3.839,23.905,-4.859,-6.042,5.617,5.385,18.489,-19.537
51.862,25.389,-35.189,-4.504,-8.949,-31.219,-17.552,-20.148,-7.809,13.901,-6.114,-21.505
53.318,81.697,17.637,-109.798,-26.491,-4.191,-15.556,55.516,13.028,-23.727,1.797,-28.161
56.182,78.877,-3.939,19.241,30.954,-14.42,-6.729,-46.012,16.677,18.523,-40.952,-11.933
50.591,14.708,-24.598,7.089,26.141,-85.136,2.581,-14.044,29.746,25.276,-31.089,-28.704
49.026,13.911,-7.636,-40.454,20.505,-11.685,16.958,-0.381,31.132,-25.545,-27.122,-36.771
49.961,22.666,-53.59,26.61,16.781,-55.818,-11.715,-34.256,6.818,-0.842,-41.041,-10.586
45.443,21.894,-74.731,16.186,8.394,-39.228,8.236,-29.297,7.918,8.734,-20.745,-12.693
50.428,29.155,-34.754,11.909,1.034,-59.125,12.896,-26.41,0.429,19.923,-21.341,-18.164
46.937,18.841,-49.624,14.024,11.552,-55.532,15.016,-32.537,7.962,11.941,-34.135,-13.288
49.973,39.762,-74.012,41.099,7.904,-42.344,-10.773,-16.822,-8.247,-10.1,-58.167,3.679
54.733,57.865,28.859,-18.456,23.428,60.075,61.103,7.118,10.987,-9.919,13.578,6.938
55.1,107.607,-4.811,0.636,24.421,-35.287,11.619,58.285,-5.665,-17.194,5.822,1.949
55.957,77.649,37.689,-14.999,23.048,-18.755,-1.595,11.803,-33.978,47.985,-11.463,-11.093
55.856,122.558,27.504,-78.009,5.404,-31.596,-24.951,17.46,-10.776,-15.615,-1.527,-17.231
55.361,96.071,-20.624,54.784,-11.231,-35.136,-28.507,-51.253,2.786,-2.178,-18.535,-17.984
57.039,115.538,-5.679,-26.971,-25.602,-6.673,-38.43,11.892,-5.713,-10.512,-5.697,-24.115
55.381,145.397,-8.063,-14.654,-32.329,-8.007,-34.364,-24.112,-6.855,-15.558,-24.723,-2.298
55.453,44.903,-1.797,51.473,13.944,-31.207,-24.584,-10.724,-2.312,32.664,-19.565,-39.857
49.754,25.507,-17.733,-4.91,7.914,-24.225,-27.354,-23.143,26.886,-14.004,-31.318,-42.915
48.871,16.854,-41.871,11.781,5.593,-73.594,-17.103,-20.003,6.829,18.706,-27.496,-23.663
50.059,37.375,-33.181,-7.814,-1.482,-38.702,7.586,-22.369,-2.235,21.334,-12.991,-7.704
49.717,31.568,-63.997,23.717,8.53,-54.819,-26.015,-29.926,4.601,5.541,-41.481,-10.804
46.435,32.74,-80.097,11.887,19.675,-22.501,-5.142,-23.391,10.139,0.431,-13.238,-7.804
49.956,37.646,-36.204,9.905,-11.149,-52.025,4.372,-22.713,-6.358,19.815,-20.762,-5.512
46.546,19.163,-57.195,-4.138,-1.902,-14.123,17.196,-17.368,6.559,-20.157,-18.008,7.53
55.177,55.457,4.175,-32.377,13.797,2.895,-1.391,12.351,-37.279,19.854,-36.918,-12.591
55.02,119.018,26.133,-66.339,2.952,-13.385,35.677,-29.034,-24.523,-4.01,-12.449,-3.776
57.418,79.11,53.898,1.315,-1.307,-11.319,32.206,32.485,-24.4,1.131,0.993,-0.963
55.458,119.578,9.702,7.552,17.104,-32.68,-12.51,-7.698,-28.169,-2.93,9.827,8.495
57.156,94.137,42.608,53.872,-12.41,-35.347,-15.311,-5.445,-23.571,-2.069,-45.823,-2.136
54.826,115.014,-17.889,-15.578,27.897,30.435,8.053,20.207,-27.144,-7.061,-24.68,-15.586
53.957,75.555,-14.495,-19.306,28.235,10.074,22.817,-26.662,-13.103,6.897,-57.612,2.648
53.65,68.994,-28.9,3.143,1.277,14.179,-20.087,-25.38,0.658,0.415,12.014,5.367
57.284,83.836,14.993,32.382,23.649,-43.885,-12.999,5.767,17.884,14.102,-32.288,-28.227
53.689,72.146,37.265,-67.025,34.945,-8.281,45.603,-9.156,-21.749,17.769,-25.185,-28.721
52.337,50.981,14.765,0.943,22.627,-35.846,17.295,-1.049,1.49,1.538,1.798,-8.227
56.592,53.672,20.665,48.805,47.131,-32.809,3.011,7.783,23.596,-3.638,-43.839,-20.278
51.561,33.282,-5.116,2.918,9.983,-59.794,8.713,-9.763,10.594,24.349,-26.841,-25.596
48.342,41.839,-18.275,22.797,14.099,-47.008,15.294,-22.246,22.752,13.829,-22.143,-18.647
49.611,54.138,-50.691,16.685,14.31,-30.976,-0.088,-11.245,11.148,2.439,2.984,-6.416
47.93,66.678,-27.271,1.461,-6.723,-37.999,-2.94,-7.465,-0.349,6.251,-23.848,-14.232
51.342,62.406,64.02,-150.633,5.133,0.131,19.312,18.775,5.23,-17.424,0.47,-30.48
57.872,168.915,52.094,-24.254,-21.221,-10.712,-25.449,8.959,-24.332,-13.595,8.909,-14.082
58.194,171.767,55.205,0.002,-31.493,-36.84,-34.85,-4.51,-26.825,-22.057,-2.625,-23.911
57.069,91.281,26.676,51.739,-29.495,-1.231,-6.728,-13.863,-27.368,-13.466,-45.587,1.719
52.864,72.172,2.56,-27.855,-17.084,-27.542,-13.976,-13.82,4.295,2.63,3.914,-25.204
56.252,88.468,13.948,-38.075,-10.481,-1.344,26.402,-36.133,-32.298,-22.357,-11.083,-5.433
56.671,78.737,55.376,-11.601,-28.984,-28.336,3.773,38.905,-23.789,-20.272,-15.595,-10.013
56.062,56.015,28.909,-15.456,25.744,-33.657,7.717,4.976,8.468,9.565,-31.775,-12.81
56.449,61.091,48.673,-0.266,20.403,-16.513,53.089,15.1,9.681,13.972,10.099,12.812
55.752,44.391,19.237,12.113,24.99,-36.648,16.927,-2.349,8.55,15.9,-10.244,-1.73
57.184,49.967,36.653,-0.264,35.761,-33.628,24.035,3.099,23.076,16.238,-6.0,7.886
53.957,69.157,5.192,66.208,-14.826,-34.29,2.374,-41.387,-15.996,4.95,-30.296,-8.632
56.965,78.829,16.149,-28.324,11.636,2.595,18.087,19.572,-9.836,5.136,4.072,13.421
54.236,76.961,-32.557,20.016,23.155,-32.751,-4.179,-3.914,-12.393,-12.92,-33.84,31.547
55.092,37.335,-10.195,14.573,38.029,-13.96,-4.178,0.15,16.052,11.13,-40.733,4.205
52.9,10.933,-8.079,28.772,23.333,-0.906,-3.428,-12.616,-8.985,14.169,-18.454,-19.158
50.232,47.995,-35.051,9.918,18.55,-54.102,-23.561,-19.434,-6.798,0.162,-30.543,6.863
50.171,30.64,-27.687,3.968,-2.599,-26.64,-2.55,-28.34,-5.586,29.947,-15.015,-19.414
49.599,32.47,-45.563,5.053,-14.136,-79.548,-3.115,-9.36,-2.148,16.929,-21.243,-5.916
47.673,30.683,-30.059,2.398,1.378,-33.068,18.148,-18.643,-5.521,13.94,-21.476,-5.742
50.607,40.484,-13.472,-18.443,28.402,42.651,19.295,-9.575,4.775,-30.205,4.935,-14.468
57.042,91.928,64.577,25.677,39.402,-9.528,31.476,3.145,21.07,6.533,1.077,9.458
54.163,123.539,-21.46,-14.065,27.727,-20.265,5.605,59.472,9.3,-5.929,13.495,5.725
56.464,65.281,47.913,-4.253,31.326,-2.557,4.287,26.106,-4.436,31.702,-23.062,-8.683
57.369,123.938,5.893,-31.115,14.2,15.536,-11.023,3.237,13.491,-20.378,9.491,-17.963
54.112,64.863,16.166,-50.471,11.816,-22.2,-21.086,-1.815,8.272,1.615,-12.469,-5.181
57.485,154.775,9.625,-18.605,-14.061,-6.48,-41.216,18.801,13.422,3.722,4.967,-27.488
56.516,170.576,3.637,-22.17,-9.813,-16.43,-53.016,-22.499,28.218,1.572,-9.195,-21.156
56.66,80.552,23.807,52.378,16.307,-15.337,-7.52,-2.896,13.124,28.539,-28.019,-32.088
51.172,42.639,-12.671,26.376,9.654,-28.337,9.965,-2.363,12.789,10.512,-7.508,-29.162
49.607,57.372,-47.165,12.542,14.352,-41.221,-20.915,-18.428,5.377,1.75,-3.6,-6.78
50.125,34.512,-26.555,-3.572,3.082,-19.403,-11.379,-27.186,-0.827,21.697,-16.024,-21.966
49.781,38.01,-44.204,4.27,-10.482,-68.326,-6.955,-10.535,-2.722,13.332,-22.092,-6.093
48.753,36.801,-29.967,3.485,-3.954,-29.739,19.723,-16.606,-0.542,10.745,-25.755,1.327
50.731,35.694,-36.868,-18.866,7.877,12.258,21.577,-19.081,16.408,-13.243,11.291,-19.05
55.436,56.528,35.873,-54.496,33.595,20.478,25.767,22.713,6.459,-7.824,2.443,0.459
56.043,135.967,-13.224,17.372,8.838,-52.24,-14.883,39.256,-11.66,-16.586,-4.285,-4.015
57.282,76.679,60.97,-4.509,27.038,-8.92,-9.51,36.749,-8.129,27.405,3.946,-8.619
54.876,103.405,28.714,10.645,19.409,5.594,-30.039,-0.342,-4.063,-27.031,-26.382,-16.363
56.681,159.204,30.476,-21.105,1.446,2.157,-76.041,16.579,-14.445,-12.718,23.479,-17.795
51.23,75.95,23.553,117.124,63.879,-18.76,-68.774,27.489,-8.976,7.511,-19.642,-26.522
41.01,120.225,81.133,-25.83,39.789,-13.127,-55.173,-26.059,-14.398,5.577,2.891,22.393
43.766,128.346,72.743,-19.699,31.707,-11.749,-63.514,-16.334,-17.912,-10.703,0.921,28.268
45.906,74.599,44.936,-34.176,36.073,-21.575,-80.045,-6.983,-3.389,4.584,10.975,18.867
47.067,87.171,54.285,-30.449,39.542,-21.505,-65.887,-9.459,-15.221,-0.227,9.992,35.27
49.819,118.712,91.693,-9.337,23.544,-19.739,-45.958,6.316,-27.707,-21.63,20.704,38.15
53.171,133.598,73.156,-19.982,32.251,-4.258,-59.166,-9.311,-33.454,-7.594,-0.809,24.471
54.093,99.985,-15.74,15.779,-16.683,-28.177,-20.436,-14.59,-15.932,-8.652,-20.083,9.047
54.895,99.174,-1.041,-27.365,-5.61,-23.211,-24.785,-5.394,-15.057,10.493,2.395,7.732
53.578,93.648,-10.375,3.502,-19.253,-28.366,-15.407,-28.295,-17.574,-14.322,-13.424,9.288
53.81,83.546,3.483,-12.507,6.073,25.768,-5.662,-11.96,-14.188,-25.973,-2.331,3.667
54.755,74.134,-6.864,-20.089,-8.095,-19.56,-45.681,-6.98,-20.959,-10.075,1.996,7.221
54.708,78.632,0.12,-22.94,9.656,-33.269,-30.967,-7.35,-15.878,-11.595,2.996,6.147
54.145,76.908,-6.863,15.958,-1.891,-32.715,-20.122,-24.243,-14.429,-12.266,-15.993,-0.359
54.873,86.367,-0.541,6.866,-0.02,19.289,-24.36,-13.864,-25.063,-23.533,8.451,-1.129
54.988,99.017,7.717,-14.595,4.62,-16.867,-33.693,-5.396,-16.735,-13.698,3.276,10.571
54.733,92.792,5.6,2.633,-6.627,-26.314,-18.815,-2.839,-11.633,0.423,2.088,7.47
53.146,76.26,-7.459,-1.882,-10.317,-18.111,-30.39,-20.358,-23.404,-19.755,-9.162,11.093
55.165,78.301,7.218,13.62,8.54,13.101,-12.433,-20.607,-17.044,-14.854,3.775,12.684
54.734,72.406,11.555,-30.786,-1.651,-8.034,-19.557,2.134,-21.059,-19.319,17.611,10.902
55.234,81.359,3.456,-9.764,5.234,-40.183,-32.665,-12.949,-8.826,-12.8,-3.299,6.142
54.412,69.924,-4.704,14.356,0.753,-30.614,-19.504,-34.017,-21.077,-17.786,-23.546,21.866
54.556,70.632,-12.029,7.683,-1.467,-12.614,-26.434,-18.523,-14.567,-17.048,0.381,4.082
55.51,94.352,6.437,-6.1,-7.306,-28.61,-18.224,0.009,-16.64,-15.594,9.761,13.753
55.196,93.741,14.801,-0.305,-11.295,-28.435,-22.42,-6.215,-20.273,-15.325,-8.767,8.869
54.228,68.591,-10.613,10.411,-8.122,-26.318,-27.047,-12.993,-15.026,-12.66,-12.253,15.378
54.803,89.179,-14.542,12.511,-6.205,-23.118,-12.311,-19.942,-22.578,-9.135,-19.446,7.241
55.416,86.562,14.736,23.898,7.42,-26.851,-8.498,-12.173,-17.298,-13.13,-8.725,22.557
55.097,95.904,31.889,-3.542,9.827,-17.079,-13.947,0.204,-9.94,-7.993,18.75,6.406
55.369,94.377,28.178,9.125,12.531,-24.599,-17.948,0.969,-20.176,-7.866,-5.629,10.541
56.034,87.802,15.29,9.774,26.821,-11.263,-11.846,-6.854,-13.932,-2.76,-0.601,1.245
55.966,78.83,15.537,-5.443,26.061,-39.214,-31.83,-9.655,-12.348,-8.64,4.57,6.412
56.148,79.982,17.786,-12.213,16.448,-29.412,-33.852,-7.476,-24.363,-3.628,1.047,8.305
55.476,95.631,6.198,-7.817,18.623,-25.731,-35.863,-16.567,-19.165,-12.35,-8.238,5.961
55.567,105.738,31.607,5.752,34.644,-1.868,-33.662,-11.769,-27.035,-11.766,6.315,2.379
54.954,102.441,47.411,-22.452,30.213,-3.711,-26.028,5.119,-17.245,-6.109,10.898,-4.686
53.697,100.729,32.857,6.947,27.219,-26.135,-31.544,-3.75,-22.9,-11.551,-8.269,-3.444
56.079,125.159,41.332,35.991,21.173,-20.135,-37.711,-6.654,-19.238,-16.663,-3.388,-2.082
54.593,149.859,57.885,16.766,27.091,-7.778,-22.415,9.266,-15.283,-4.233,24.026,-8.658
54.598,145.534,65.73,34.123,14.177,-41.538,-18.716,8.123,-21.62,-18.656,8.444,1.918
54.99,148.653,56.339,19.271,22.332,-37.662,-27.675,8.412,-16.198,-15.523,6.807,-3.668
56.613,144.745,68.821,8.67,26.132,-28.405,-44.102,-6.713,-6.824,-9.514,10.446,-4.426
55.286,148.673,60.359,35.736,9.347,-39.866,-40.755,-20.917,-35.25,-13.523,-21.758,8.438
57.009,164.448,75.654,24.151,43.485,-3.388,-43.949,-9.246,-24.234,-21.779,7.672,-9.982
56.209,164.794,72.2,18.043,25.664,-35.603,-48.71,3.642,-21.842,-16.41,0.8,-17.432
52.811,185.539,19.168,84.878,-0.02,-24.273,-23.559,-9.221,-11.233,-7.421,-48.341,-8.764
50.497,122.969,-15.229,-112.773,5.415,0.819,28.44,-5.241,-39.265,36.935,-30.804,13.441
54.791,144.042,-35.172,-49.012,15.078,-35.213,23.99,-12.817,-8.853,16.74,-9.067,-1.258
57.931,109.392,2.83,-15.216,13.159,-24.108,0.115,11.382,-17.949,6.069,-4.311,-4.153
56.856,97.163,-13.184,27.724,3.708,-47.675,3.35,10.082,-3.213,-9.629,-16.395,4.787
57.311,89.868,13.839,31.006,12.605,-27.182,0.36,-20.516,-6.318,4.863,-23.628,-3.716
53.351,84.345,27.284,-86.882,-27.117,-6.928,32.207,10.171,-10.193,-1.941,-9.395,2.232
57.146,85.206,4.57,8.102,7.414,-29.817,17.548,-10.626,-11.958,5.442,-14.956,-6.479
54.249,108.367,-47.857,-11.841,-18.129,-87.832,2.619,35.091,-5.074,-24.218,-7.532,13.047
52.73,70.513,21.267,-14.622,-5.999,-39.683,18.335,-0.703,-17.19,18.9,-7.01,2.858
56.927,90.647,15.111,-16.454,11.079,7.926,9.99,14.543,-6.4,-2.008,-12.628,-7.118
56.327,62.416,-9.064,26.821,-1.181,-30.259,11.647,-7.112,-9.663,-3.29,-35.136,5.009
51.574,68.368,13.315,-45.289,-32.077,-9.444,27.286,-6.012,-9.931,5.803,-8.147,1.988
55.698,91.334,33.758,-19.481,16.726,12.47,27.624,0.03,-15.297,-21.403,-24.803,-7.173
54.278,96.34,-49.57,-18.821,-5.153,-90.606,9.952,29.684,1.209,-23.759,-7.778,10.532
55.691,82.935,15.18,-16.962,3.018,-9.143,10.825,-7.311,-6.809,-3.265,-20.313,-9.367
51.198,61.306,8.269,-54.414,-29.709,-14.7,24.842,-9.18,-14.096,4.084,-11.988,-9.403
56.27,95.148,2.339,11.338,4.151,-27.611,1.575,9.101,-12.991,4.749,-25.011,8.023
56.6,94.525,7.426,22.121,17.611,-27.004,1.056,-9.941,-15.149,3.566,-14.265,10.127
50.913,26.993,-46.72,4.561,-29.78,-96.956,-0.017,17.774,-0.101,-6.736,-3.536,4.428
51.553,49.752,2.219,-57.484,-24.277,-16.394,19.462,-2.002,-12.009,12.718,-8.1,-13.925
55.618,85.139,16.432,-61.77,4.789,-19.77,8.163,21.801,-8.482,-2.159,-20.798,-5.111
56.48,76.208,-10.855,22.228,-0.1,-44.239,0.334,20.725,-17.247,-3.304,-13.488,8.037
55.922,82.131,9.689,-5.459,23.558,22.301,22.181,4.73,-1.036,-14.95,-21.414,-10.124
53.254,82.441,16.435,-80.105,-17.193,3.621,23.188,7.228,-0.421,1.095,-7.982,-0.697
53.972,109.847,-58.456,-11.217,-12.104,-50.076,2.365,45.018,-11.988,7.591,18.493,12.105
53.217,90.46,20.377,-30.225,-20.99,-30.204,12.363,-4.672,-22.286,18.599,-19.64,0.353
57.844,99.39,16.866,8.281,16.047,-28.513,-16.127,4.031,-7.375,-2.361,-4.328,-2.661
56.097,64.898,-5.619,26.38,7.486,-27.253,7.592,-9.22,-10.062,0.141,-38.544,11.636
50.423,58.239,11.126,-66.374,-29.483,-4.658,24.011,1.793,-17.884,1.525,-3.671,10.591
57.474,114.567,2.037,24.154,13.128,-2.517,-0.456,5.227,-9.399,9.208,-6.717,-7.645
57.384,111.066,14.505,-7.674,4.928,-24.826,1.899,0.933,-6.965,10.497,-10.353,-11.733
58.214,115.11,15.48,-9.321,1.82,-36.222,-7.722,-6.331,-9.348,-10.794,-6.897,-4.921
57.252,89.368,8.771,24.494,7.629,-7.244,10.11,-5.996,-2.546,-10.141,-41.016,0.122
53.371,93.416,15.425,-38.994,-31.102,-7.5,23.165,-9.365,-17.599,5.055,-20.207,-12.765
58.595,137.869,34.676,4.46,-12.983,-22.234,6.806,3.408,-11.967,3.567,2.797,-24.917
57.337,119.722,-1.546,31.656,-5.896,-41.554,0.964,-4.919,-6.052,1.128,-17.677,-6.679
56.683,86.14,4.016,17.553,18.284,18.824,13.34,-11.437,-6.721,0.395,-23.225,-5.863
52.371,84.878,-3.018,-38.146,-17.254,-17.395,24.419,6.003,-3.935,14.477,-19.502,-6.409
57.18,89.039,7.12,-34.972,16.051,8.387,3.978,13.816,-8.197,14.527,-2.87,0.844
57.037,96.308,-14.421,16.536,3.347,-35.281,-15.158,26.182,-8.083,2.342,-24.678,7.659
52.624,72.809,-2.469,-38.549,-3.156,-38.206,31.635,10.53,-10.743,32.58,-19.941,6.917
56.795,76.102,4.09,23.261,16.688,-19.268,-3.6,-12.651,-7.549,6.609,-19.551,-7.297
53.399,90.238,18.944,-79.782,-17.045,0.869,21.07,-2.704,-7.526,11.417,-18.171,1.758
54.302,87.244,-23.91,-16.848,-12.954,-81.76,12.177,-6.953,2.348,-23.458,-10.139,4.877
57.011,83.869,-3.469,5.217,24.39,-14.65,-1.764,-8.027,-1.212,4.786,-16.572,-5.871
51.626,58.343,3.889,-50.282,-14.252,-15.811,34.55,-1.777,-24.8,16.299,-4.592,-2.542
57.072,96.302,17.73,12.027,11.373,-26.756,-2.313,-9.94,-5.947,-3.02,-4.553,-7.39
53.949,101.576,-53.23,-24.17,-8.375,-90.162,11.576,14.636,-2.545,-25.883,-11.133,20.71
56.244,86.52,9.762,0.568,6.797,-17.743,6.43,-12.0,-6.372,1.244,-13.265,5.625
51.002,64.854,3.661,-53.387,-30.732,-23.183,26.364,-22.542,-19.79,9.101,-8.82,-6.205
56.628,108.079,-4.644,14.584,4.865,-23.0,-6.357,3.33,-10.743,7.007,-16.411,-2.538
54.375,69.611,7.116,-16.193,7.93,12.784,30.58,2.676,-6.461,-19.415,-32.533,5.817
51.991,60.099,-9.262,-52.645,-24.803,-6.845,18.755,-2.661,-9.315,2.991,-12.675,-7.566
56.361,97.411,5.754,-24.064,12.665,-1.07,18.025,11.39,-4.478,-2.47,3.618,-9.765
56.457,90.688,-14.665,20.869,3.802,-46.379,-15.658,30.648,-5.361,-4.03,-21.62,1.519
52.785,57.044,-6.728,-38.646,-12.764,-56.108,34.847,21.106,-8.078,5.408,-0.776,8.903
57.232,81.079,8.397,28.962,14.538,-27.209,11.581,-13.76,1.195,7.122,-30.803,-2.675
53.699,96.97,18.228,-74.342,-22.299,-8.354,15.377,8.066,-12.935,5.642,-11.605,-3.701
57.041,83.494,12.851,9.833,15.693,-47.038,6.198,0.394,-1.156,2.264,-11.718,4.777
54.506,88.938,-19.565,-18.147,-10.532,-81.468,22.842,0.553,-1.829,-21.797,-6.076,4.842
56.114,79.778,32.91,-46.154,19.374,-1.347,18.887,8.896,-5.826,-4.043,-27.513,-2.568
56.48,61.537,-7.757,11.98,6.575,-31.124,-4.982,-17.753,-6.387,-1.845,-36.146,5.738
50.745,69.4,2.865,-57.66,-36.522,-15.242,24.762,-10.225,-13.363,-1.942,-5.584,2.891
56.956,96.652,24.232,-15.353,20.992,18.898,21.053,0.507,7.876,-4.449,-9.054,-11.885
54.93,91.314,-30.043,-6.832,-6.89,-43.379,8.057,41.408,0.672,-5.714,8.629,1.906
56.825,90.593,15.665,-21.03,-3.185,-19.236,8.125,-8.259,-13.458,4.72,-1.975,-10.241
58.414,96.502,37.783,12.634,27.811,-29.964,-11.636,-2.04,-1.359,4.994,-5.076,-5.268
56.583,119.473,35.347,28.364,20.263,-3.899,-21.717,7.032,-5.502,-9.287,-37.947,-0.286
51.52,126.561,103.609,-29.6,30.317,13.351,-19.051,-28.035,-38.143,9.055,-7.782,-9.886
58.83,147.761,97.109,13.273,65.175,-3.418,-19.078,-22.099,-8.739,8.988,1.719,-9.827
57.698,138.936,74.861,70.856,56.095,-20.925,-43.616,-1.076,0.84,-7.588,-35.368,-10.347
50.279,107.801,83.605,27.276,51.998,-8.019,-28.77,-25.791,-22.368,-4.008,-46.37,7.626
48.473,-26.722,-73.569,-30.007,34.027,-25.344,-10.163,-9.63,-4.203,6.647,-18.76,-12.626
45.552,-17.756,-100.757,-44.217,25.682,-45.09,-21.264,-41.412,-14.413,-0.99,-5.185,-4.606
48.041,-6.551,-42.988,-62.691,-4.454,-60.228,-28.195,19.667,-16.68,-8.269,-2.866,2.826
50.966,-30.416,10.725,-43.798,9.267,0.114,15.732,-3.416,-33.159,25.281,-37.473,6.46
54.115,-13.516,20.503,-21.598,52.722,-18.618,21.194,24.467,2.881,13.531,-28.231,0.71
54.517,47.371,18.102,-44.661,4.06,24.395,28.748,0.974,-46.296,-5.161,-2.202,24.254
52.651,-19.867,-5.812,63.842,-37.581,-28.258,3.907,-18.942,-62.46,-17.931,-22.402,23.238
53.631,65.978,-3.207,-52.342,-54.859,15.895,-27.815,-15.404,-13.996,-22.806,-30.547,-14.796
54.397,19.249,-5.858,-23.224,-10.16,17.942,-2.728,-18.119,-10.112,-23.999,-21.088,11.564
53.148,-34.697,19.044,-12.937,-16.778,17.219,33.039,14.307,-27.185,-30.571,17.485,21.462
53.091,-5.702,19.775,-24.54,-21.413,-24.181,21.997,22.266,-35.301,-14.34,-6.484,25.078
52.565,-8.882,4.674,-18.184,-17.627,-43.538,21.179,20.925,-51.563,-15.041,3.041,1.31
51.007,-10.263,-48.318,4.954,21.452,-46.363,-4.475,-15.395,-23.492,-0.309,-29.819,-15.759
44.551,-39.096,-95.972,-17.74,28.211,-34.957,-9.836,-37.241,-12.314,-12.776,0.115,-11.057
40.18,-131.067,-68.402,-43.997,-0.24,-30.977,-27.184,-31.607,-4.018,-5.146,-18.702,-12.812
42.104,-116.838,-80.364,-61.152,73.681,20.391,6.588,4.891,27.459,-46.33,-42.212,-2.781
37.852,-226.935,-85.396,-39.756,0.682,-50.459,-12.937,-7.474,7.59,5.024,-9.504,5.817
42.622,-65.749,-153.888,-59.585,61.825,7.666,-4.965,-29.996,33.446,-37.602,23.7,-3.475
48.156,-79.695,-58.627,-77.943,58.539,2.991,23.913,5.185,24.423,-11.349,29.312,19.463
52.198,-55.088,-21.978,-50.795,72.295,-35.266,9.292,-2.165,24.492,7.596,-18.581,12.588
53.015,-50.833,28.947,-63.867,43.489,-28.685,23.032,19.002,21.547,-7.138,-8.937,3.425
50.074,-60.198,-4.867,-16.019,-1.777,-25.434,11.827,-12.707,-47.609,0.101,-17.786,1.217
52.977,-29.761,30.464,-40.834,-1.431,-12.081,34.069,-10.286,-20.081,-8.732,-1.826,11.97
50.606,-66.312,-14.097,-0.72,19.69,-12.827,39.129,13.411,-35.856,-35.908,4.191,2.213
52.159,-35.797,28.933,-73.947,-5.947,-22.234,20.494,0.346,-32.633,-27.734,-6.611,-12.221
53.868,-15.424,19.695,29.574,-11.276,-19.317,-2.28,21.886,-15.56,-3.289,-31.442,-22.831
52.178,65.856,-56.742,-31.036,19.835,-4.884,9.039,-74.992,-9.394,-33.839,-17.21,-13.817
48.675,-70.548,-55.597,-15.311,60.115,-77.196,-1.675,-10.673,-9.686,12.875,-10.897,-13.791
45.843,-56.928,-75.741,6.965,26.708,-30.23,4.671,-43.972,4.872,-13.442,-25.823,0.619
43.156,-48.659,-115.455,-13.659,35.898,-62.291,-30.462,-57.497,1.329,-0.079,-19.569,6.164
40.909,-102.676,-68.256,-69.564,2.461,-33.364,-38.132,-4.966,12.854,5.182,6.132,-0.965
44.662,-71.556,-95.36,10.75,59.792,-78.797,-19.207,-30.924,8.774,6.126,-16.346,4.111
43.935,-29.137,-110.134,-37.448,45.236,-14.657,-21.494,-43.442,-2.221,5.855,7.719,0.232
46.273,53.628,-119.312,-129.042,81.07,-25.536,-27.63,49.851,1.866,-62.689,18.189,-26.798
52.01,46.27,-19.974,-82.452,30.771,-18.077,-11.267,-25.09,-32.897,60.288,-14.254,5.414
56.078,93.644,14.759,-27.656,-9.468,-42.717,-41.459,-8.648,24.205,3.93,3.122,-36.633
56.909,61.03,40.899,-15.068,1.43,-30.211,12.892,-7.605,-31.225,4.547,-4.751,2.431
56.083,19.733,46.066,-16.585,9.163,-22.847,-23.743,10.301,-3.567,-15.659,-16.262,-31.349
54.186,68.725,3.398,8.397,-28.743,-3.071,-21.095,-19.867,-25.567,-30.36,-33.767,0.249
55.119,-24.355,64.319,-5.557,25.9,-39.812,51.932,9.887,2.92,-5.293,0.87,19.896
56.256,11.586,52.252,15.774,24.434,-39.576,48.731,19.953,-25.029,-12.042,-9.151,21.933
53.339,-8.793,48.221,12.39,-30.43,-23.902,25.833,4.07,-41.066,-11.084,-19.9,6.964
49.87,-42.947,-16.273,10.804,12.628,-69.645,-1.402,-19.632,-13.69,-0.295,-3.702,-12.263
48.568,-10.07,-19.574,-47.371,-9.377,-11.048,-13.312,50.582,-28.532,-16.842,-23.34,7.121
52.753,11.92,-11.738,-52.227,31.337,18.874,24.303,3.058,12.072,14.324,-33.815,8.933
53.458,2.424,5.113,-6.775,-3.31,-5.009,8.025,11.072,-19.708,-4.335,-30.156,1.264
53.877,96.561,-40.899,21.856,-25.594,-16.994,-32.906,-32.36,5.428,-16.052,-27.987,-1.904
49.152,11.154,-38.385,-35.524,-9.155,-29.187,-14.712,-34.091,2.143,-2.736,-4.999,4.573
49.726,38.796,-73.875,-44.754,3.837,-29.482,-38.541,-36.433,-24.683,9.172,-12.221,-7.149
51.164,-18.209,-12.89,-57.626,25.067,-1.417,-3.302,-18.818,-2.189,6.208,-7.852,2.559
50.472,-17.76,-16.166,-41.109,9.893,-32.746,-22.976,-1.332,26.788,7.697,-2.693,9.501
50.996,13.45,-39.954,-11.828,1.306,-27.341,-21.001,-25.928,14.528,-2.51,-11.077,9.703
50.579,15.587,-49.207,-52.774,-10.952,-12.766,-27.757,-4.195,19.3,-11.343,-6.307,19.252
49.679,-1.993,-37.646,-55.765,-26.585,-27.154,-32.661,2.112,3.687,-1.369,-2.395,10.824
52.092,9.583,-29.983,-52.465,2.839,-21.221,-31.207,-10.079,17.974,17.118,-7.237,-9.409
50.947,26.446,-41.996,-55.772,-24.332,-26.133,-43.798,4.936,5.06,-11.164,-3.659,6.795
50.668,29.463,-45.579,-41.994,-23.022,-41.493,-35.028,-14.737,-12.275,5.218,2.103,10.681
51.62,57.096,-31.154,-47.701,-27.308,-32.875,-30.299,-8.999,3.41,-0.449,-1.73,7.01
52.679,98.235,-20.527,-48.564,-36.678,-27.764,-21.486,8.466,-0.9,-0.088,0.467,8.932
54.783,44.702,6.936,-45.539,5.019,-26.66,-24.2,27.923,-18.823,25.624,-12.415,-2.415
57.264,84.453,37.029,-6.001,0.344,-29.595,14.86,16.991,-18.818,18.005,0.23,24.863
56.721,84.512,91.31,14.593,22.033,-13.436,-13.573,19.711,-28.867,-36.114,5.415,18.014
54.768,114.158,10.46,14.861,32.689,-39.533,-38.56,-8.566,-30.337,-18.558,8.471,34.024
53.878,83.296,-9.504,-31.088,32.474,-35.468,-34.667,4.67,-36.469,-18.569,-0.583,24.219
56.576,95.012,51.135,43.01,1.578,-13.029,-36.488,-13.468,-39.477,-4.776,-25.608,18.342
51.119,135.128,23.182,-8.54,70.508,19.197,-53.225,19.717,-50.48,-29.259,-23.879,15.794
53.861,71.43,35.229,24.948,58.184,37.207,-23.21,-27.624,-26.261,32.952,-39.273,38.207
51.052,38.971,-6.691,-44.267,28.816,31.568,-51.538,-8.495,10.913,-44.772,-8.087,13.164
55.622,86.807,58.697,45.622,71.741,-22.956,-57.127,-13.642,1.216,2.91,-21.053,-9.228
51.123,41.571,31.99,-28.572,84.207,0.109,-14.38,-18.75,-24.298,-11.329,-39.511,-5.285
52.42,81.122,77.338,-66.75,107.564,-17.741,5.247,-32.014,-8.941,24.656,-10.404,8.997
47.484,9.021,42.864,-21.33,86.835,-30.942,-14.223,1.245,10.145,-31.353,5.058,-1.283
47.428,-28.074,15.942,21.117,51.546,-8.759,-21.034,-50.73,-1.65,0.427,-3.363,26.221
45.469,-88.91,22.707,-19.654,19.498,-34.973,-13.515,11.648,-7.807,-33.166,14.968,11.981
45.685,-84.858,37.432,3.317,32.819,-33.803,-19.013,-0.156,-9.645,-26.095,3.767,8.96
46.052,-29.518,43.686,-17.292,55.334,12.526,-15.244,5.725,-18.076,-28.796,6.099,13.452
51.077,56.277,114.418,-132.399,57.776,21.896,-2.249,15.21,-13.04,-42.928,30.798,6.047
57.48,140.153,69.187,-25.323,12.767,1.683,-46.963,11.298,-20.096,-23.833,24.255,-3.104
58.704,180.647,75.902,23.269,9.513,-12.544,-42.952,-13.179,-22.365,-8.038,-6.708,-0.734
57.586,163.639,87.742,8.031,-1.312,-23.049,-40.835,4.793,-30.457,-32.712,13.985,4.313
55.786,98.042,100.934,81.83,43.501,-5.035,-46.395,-16.123,-26.936,-32.512,-27.673,19.433
51.115,102.97,118.302,13.232,44.077,-20.511,-35.84,-19.721,-29.655,-11.063,22.759,13.554
54.929,98.183,96.605,-16.655,58.348,5.542,-10.839,-40.534,-51.858,-20.737,-0.2,23.971
56.017,83.205,98.817,1.279,16.149,-10.396,-31.078,33.637,-33.932,-27.656,-8.302,9.187
54.898,67.99,136.663,-4.858,74.724,-12.417,-28.628,39.52,-4.482,-16.493,16.813,-6.029
55.021,60.394,89.653,44.697,38.396,-18.378,-16.773,-14.604,-18.979,-13.288,-27.692,12.921
55.654,74.042,104.433,22.885,50.101,-24.384,15.305,1.827,-2.873,-12.817,11.59,36.392
54.804,71.562,119.011,39.968,62.175,-17.083,-20.642,-22.268,-18.395,-2.433,1.434,2.253
55.267,76.936,119.635,-7.665,70.993,-8.136,-11.688,7.108,7.718,-7.671,6.433,14.486
55.681,79.905,127.471,48.121,56.711,-14.268,-25.19,-21.604,-11.15,-22.468,-10.886,17.325
54.702,117.235,123.526,45.908,46.971,-36.397,-41.718,-23.502,-24.243,-12.155,20.637,-1.852
56.467,103.585,119.264,8.85,50.51,-4.958,-36.459,9.273,-32.077,-9.668,14.226,13.09
57.089,88.717,80.815,15.064,39.531,-20.094,-31.764,-5.593,-26.039,-9.261,-3.505,1.007
56.01,81.468,129.27,39.513,63.43,-13.244,-50.187,3.649,-5.644,-9.207,-5.851,-17.275
54.329,75.617,86.223,33.845,9.219,-11.222,-36.889,-1.591,-17.599,-22.897,-10.422,-7.12
54.247,9.566,53.819,-23.927,7.602,21.818,-7.392,-8.585,-18.559,-0.55,-13.385,-10.844
55.438,50.35,27.755,-15.349,-25.429,-22.151,-12.747,-1.595,-1.553,-17.295,5.462,-3.076
53.873,49.044,10.132,9.698,-34.619,-20.54,-12.902,-17.573,-17.049,-12.365,-20.107,10.38
53.115,50.438,34.991,-26.271,-17.094,25.536,7.787,12.864,-3.682,-22.944,-10.639,0.704
54.634,86.819,25.636,-19.342,-24.25,-22.528,-28.679,1.757,-6.825,-15.492,1.514,-1.998
54.96,87.249,35.471,1.691,-25.869,-28.901,-29.511,-2.243,-11.852,-13.986,-0.14,7.771
53.625,65.983,11.933,15.83,-21.163,-16.86,-33.737,-19.289,-13.898,-16.969,-10.579,-0.605
55.527,103.038,18.897,25.026,-11.733,-7.459,-15.796,-22.005,-7.701,-13.992,-14.53,7.486
58.29,82.886,58.031,19.066,18.783,-20.072,3.926,2.682,14.088,-12.829,-2.401,19.171
56.244,124.119,20.259,-13.684,16.225,-37.472,-17.233,31.234,-16.105,-25.378,4.543,12.114
57.846,73.912,58.759,1.203,33.47,1.581,-12.684,19.94,2.525,-20.661,-11.215,-1.134
56.486,137.893,32.318,-60.022,10.516,10.895,-37.114,26.856,1.185,-20.82,8.029,-0.187
58.001,145.467,37.983,-2.106,1.371,-9.078,-35.373,-22.824,-11.747,9.576,-25.118,10.565
56.287,79.11,17.613,-16.481,10.328,-9.308,-32.112,-22.505,-5.007,-7.731,-3.861,11.812
57.672,141.768,30.338,-24.561,1.88,-1.015,-64.597,10.207,-6.634,-3.445,7.658,-2.09
58.353,141.215,21.051,-18.955,1.448,-11.364,-49.754,-17.601,-2.22,-3.929,0.296,13.517
58.125,84.342,55.395,2.877,24.207,-38.587,-25.232,-12.183,-0.559,18.876,-13.918,-18.801
55.858,71.423,16.615,29.418,29.278,-30.086,-18.709,-13.651,16.742,-7.428,-14.143,-8.669
55.319,74.272,10.878,8.283,21.585,-1.758,-24.107,-4.881,-4.039,-8.487,-3.622,-19.021
55.639,97.759,20.542,-12.234,33.769,-22.037,-30.258,-7.631,13.827,4.361,3.684,-17.728
56.07,98.505,19.858,-5.632,21.515,-27.464,-34.884,-4.274,-16.028,-3.883,-5.155,0.651
55.628,82.771,2.975,2.425,25.225,-22.731,-39.452,-26.775,-20.081,-4.94,-14.06,8.041
55.839,95.821,2.647,9.046,20.12,-16.646,-26.159,-13.618,-23.81,-7.626,4.326,-2.466
55.742,105.376,6.167,-19.23,9.239,-23.97,-34.771,-4.984,-20.262,2.249,7.423,13.494
55.798,96.815,13.164,-10.773,18.085,-25.813,-28.98,-0.215,-21.061,-5.915,-3.369,16.516
55.364,118.012,19.936,9.522,26.807,2.079,-25.277,-16.254,-16.629,-9.237,4.35,0.596
56.986,98.202,64.406,-21.915,49.925,6.988,0.867,11.222,-6.927,-7.97,13.89,14.181
56.361,138.515,42.466,15.028,36.806,-34.484,-33.5,26.454,-29.865,-19.002,5.697,7.846
58.022,116.646,74.114,18.53,55.114,-4.179,-28.212,11.045,-11.333,-4.782,6.329,-5.975
56.062,156.44,60.947,-26.151,23.838,4.819,-33.751,-2.181,-25.112,-12.733,22.345,-2.876
55.554,147.457,63.024,10.639,18.767,-26.224,-41.498,5.255,-29.739,-2.463,5.917,6.053
55.439,158.147,58.114,3.57,11.765,-34.097,-46.189,3.489,-17.706,-11.681,2.035,-4.81
57.884,157.371,59.207,-1.018,15.212,-12.372,-67.059,-3.091,-26.289,-17.378,6.334,2.653
57.943,182.451,58.037,-3.586,27.051,-13.081,-64.411,-15.838,-16.701,-2.45,1.814,-2.403
55.689,126.096,34.565,66.361,53.231,-28.973,-54.498,-16.696,6.891,0.2,-31.577,-44.554
55.25,113.389,-26.899,-42.187,12.546,-63.058,10.203,22.408,4.805,-21.347,2.122,-12.95
57.497,108.497,5.872,-16.762,22.402,-17.269,16.545,12.519,-8.919,12.12,-3.039,-10.029
56.443,95.744,-20.064,23.069,-0.081,-40.025,3.727,5.692,-3.116,-6.263,-20.159,-3.366
57.319,84.376,7.936,22.722,17.257,-13.468,10.225,-19.02,-2.744,10.571,-21.681,-9.906
53.335,93.023,19.169,-80.651,-13.466,-11.881,30.991,11.212,-8.742,-5.202,-6.472,-1.246
57.163,79.808,7.23,2.384,6.072,-30.42,0.39,-6.207,-9.17,5.922,-14.536,9.817
54.559,67.227,-2.677,-11.51,4.924,-27.753,24.789,15.324,1.759,-19.107,17.337,-1.426
56.847,93.966,11.879,-15.59,1.933,0.873,13.81,7.431,-6.815,-3.478,9.542,-8.082
57.145,83.632,7.671,-9.132,-7.415,-41.106,1.559,22.379,-7.859,5.668,-10.479,-1.021
54.505,168.938,-23.899,-42.584,27.708,-38.0,42.565,6.004,-35.293,2.693,-18.219,12.985
58.858,96.214,39.964,12.877,21.197,-4.816,7.195,3.577,-15.067,7.773,-12.209,-7.516
57.614,135.497,-15.101,-25.868,-18.753,-31.676,8.836,27.393,9.827,-17.996,24.553,-0.628
58.364,125.078,23.137,-2.294,-10.728,-15.088,-8.474,-26.189,-3.304,11.109,-27.592,-10.451
57.757,82.222,17.988,-13.038,12.134,-24.461,-11.739,-20.222,-8.302,2.607,-14.208,3.019
58.324,123.162,2.404,2.404,-47.671,-16.499,-17.828,18.828,0.234,12.366,6.997,-24.598
57.353,170.58,-10.78,-37.67,-22.991,-17.547,-18.469,-27.633,12.404,7.187,-17.807,-0.767
59.421,123.08,16.017,-1.397,5.062,-25.259,-15.697,-19.811,6.442,3.285,-11.732,4.507
56.93,80.653,24.468,22.486,34.014,-26.46,1.537,-7.266,21.741,-0.99,-19.052,-17.281
52.704,-1.831,-18.892,-5.587,6.729,-90.589,19.579,2.124,12.277,7.415,-7.027,-26.337
52.92,46.84,10.622,-37.31,-5.379,-38.234,18.975,13.027,13.342,12.325,-10.162,-29.998
57.467,89.329,15.736,-5.672,1.138,-35.888,13.368,-2.656,-4.796,6.426,-4.235,-13.148
56.31,89.146,-9.542,31.45,-8.446,-31.53,7.766,12.664,-11.818,-6.49,-18.605,4.457
57.219,79.845,8.31,27.066,16.585,-24.578,18.31,-15.106,-1.735,11.276,-24.189,-5.258
52.552,90.994,17.355,-91.585,-26.571,-5.161,25.121,6.041,-1.933,-3.047,-10.059,-6.812
56.644,83.053,9.961,14.711,10.162,-29.613,16.073,-6.755,-2.483,4.5,-22.52,-4.354
54.193,90.844,-24.452,-35.562,-17.701,-79.503,9.708,-16.313,2.103,-27.205,-7.416,7.837
57.297,88.856,16.121,-14.125,17.792,1.48,10.535,34.241,-6.345,-3.236,-13.312,-3.04
59.322,105.017,36.885,8.922,20.674,0.34,9.978,7.293,-2.187,11.767,-1.544,-13.988
57.355,122.319,0.576,-43.876,-14.441,-52.902,2.56,24.949,5.083,-11.68,-2.678,-14.538
58.949,107.109,31.872,-4.971,10.796,-28.282,-10.597,-4.485,-12.06,12.039,-7.943,2.623
58.758,122.015,13.719,-13.693,-5.646,-44.595,-7.707,7.193,-9.01,1.33,5.345,-10.114
58.243,125.678,9.695,-20.638,-8.663,-52.177,-30.476,1.703,1.41,-2.18,-4.411,-5.151
59.32,107.675,20.136,17.094,17.242,-28.986,-10.757,-12.702,6.201,0.359,-20.061,-8.373
57.491,90.086,9.897,37.873,3.568,-33.064,7.233,-26.274,-3.156,6.305,-37.944,-16.71
52.205,36.096,7.284,-31.425,-3.035,-24.545,19.399,-1.794,-0.126,10.391,-16.344,-24.107
56.136,76.966,17.78,-52.221,25.477,-0.253,17.915,17.894,-5.307,-0.882,-23.922,-10.844
56.294,81.335,-19.462,19.358,3.494,-49.507,-2.362,10.935,4.578,-5.327,-17.897,-1.889
57.155,76.274,-6.087,33.641,27.3,-12.986,-3.055,-17.156,-4.884,7.429,-14.035,4.396
53.592,95.648,15.451,-83.563,-8.354,1.306,22.445,2.651,-1.156,-2.256,-15.567,1.936
56.955,72.708,14.765,11.243,10.209,-34.33,-0.291,-10.848,-6.136,1.834,-13.382,5.409
54.52,77.316,-13.625,-12.117,-0.037,-23.049,18.996,11.999,2.368,-14.553,13.083,-0.695
56.989,94.96,5.229,5.321,6.546,-11.073,-2.441,7.178,-11.947,8.188,4.286,-2.584
56.547,91.201,22.736,10.498,2.788,-17.81,-7.969,1.779,-10.25,5.191,-3.251,-12.561
55.497,113.632,-41.507,15.796,-33.848,-52.434,-7.573,28.163,-13.98,-16.137,9.397,-23.635
54.267,162.434,-32.107,-53.232,46.129,-37.775,26.139,0.454,-15.778,5.82,-11.629,-6.22
59.133,92.307,46.953,12.668,27.07,-10.526,6.795,5.164,-12.263,1.565,-11.268,-4.089
56.767,122.274,-15.254,-40.761,-13.215,-2.398,7.884,42.309,7.672,-18.662,8.875,-2.381
58.02,140.568,16.628,-16.652,-18.732,-8.632,-0.582,-24.116,-0.522,9.441,-32.382,-0.028
58.0,79.296,24.138,-8.722,10.357,-27.658,-11.539,-18.318,-19.237,-3.01,-5.813,7.13
58.333,122.159,7.594,1.969,-38.989,-13.342,-17.267,21.536,-0.055,8.671,10.697,-17.713
57.72,174.218,-10.261,-31.18,-16.706,-22.23,-20.963,-28.784,17.846,10.981,-16.362,-1.533
59.19,136.848,29.322,-10.374,9.799,-17.817,-21.854,-15.148,11.606,1.703,-4.825,1.704
58.349,84.639,21.213,-1.569,2.68,-54.885,6.526,-1.967,10.252,23.881,-10.119,-33.083
57.165,63.676,20.44,26.804,33.251,-25.803,7.575,-9.753,9.841,-0.17,-22.494,-15.566
52.92,38.665,11.286,-50.083,4.754,-30.011,14.75,16.301,25.674,-0.824,-7.476,-32.694
57.505,92.766,-0.141,-8.355,9.714,-14.3,5.142,5.922,-0.288,6.085,0.542,-16.243
56.267,74.958,-24.596,21.624,-0.571,-50.523,1.273,16.301,-1.016,-8.626,-21.167,1.922
57.237,86.307,3.99,36.116,7.743,-30.32,5.767,-20.872,-15.868,-0.071,-29.908,1.089
53.687,86.133,11.284,-83.504,-7.819,1.756,4.717,9.209,-2.711,8.383,-13.947,-19.723
57.021,81.875,9.513,24.467,6.314,-39.919,4.715,-15.419,-12.176,2.398,-14.431,3.653
54.804,89.44,-19.073,-26.391,-10.435,-78.751,9.766,-10.022,1.452,-20.552,-5.111,5.808
56.511,101.667,25.077,12.03,40.815,-13.477,-2.184,49.632,-2.492,4.95,-7.212,0.716
55.597,108.692,120.92,30.204,66.861,-9.301,-39.955,40.951,-15.859,10.421,8.029,-6.014
52.973,152.33,83.981,36.883,53.343,30.403,-50.995,-12.837,-16.338,-33.051,-6.616,-5.268
55.851,177.677,47.344,-18.595,11.274,5.355,-102.698,10.351,-18.795,-20.913,25.199,-16.877
45.213,95.53,26.495,238.971,79.11,-7.401,-105.265,41.842,-8.194,-11.107,-91.686,-23.527
7.618,190.125,27.998,67.477,35.372,-23.65,-45.855,-2.623,-17.705,13.111,-39.34,-10.578
