0.291,164.795,1.677,-35.66,52.544,-49.763,17.547,-0.063,-27.789,3.688,-13.084,-6.688
20.613,-57.631,40.921,19.517,95.501,20.853,-28.51,-7.955,9.307,48.558,34.093,-32.956
21.372,-111.53,34.373,-52.136,78.133,-31.316,-49.436,-25.225,-9.42,5.937,4.866,-9.069
26.348,-122.977,48.187,-74.733,59.839,-30.162,-43.566,-5.016,3.576,0.301,16.096,-5.559
29.997,-78.105,0.753,-15.26,15.658,-43.561,-31.521,-7.988,-3.659,-11.997,11.212,6.155
32.326,-48.735,34.236,-83.952,8.54,-23.076,-22.38,-4.52,-3.561,5.541,12.669,3.429
37.031,-53.132,5.353,-38.94,6.821,-22.279,-18.697,-13.963,-6.007,0.279,-0.352,9.777
39.485,-38.437,1.126,-27.544,0.732,-17.066,-13.582,5.681,2.359,-3.678,-1.159,3.474
40.464,-24.912,0.25,-44.457,-5.785,-15.341,-27.942,-7.447,2.999,2.458,-3.35,-1.679
40.977,-26.136,2.032,-14.138,20.269,-41.294,-37.453,-0.708,15.792,13.186,-1.939,-1.753
39.135,-10.051,-1.033,-26.703,10.584,-35.936,-38.066,-10.49,-0.772,3.807,9.061,8.038
40.237,-4.811,-9.072,-48.506,3.527,-30.526,-47.326,6.126,3.906,-3.483,2.095,15.341
39.372,2.716,-24.357,14.472,-2.919,-47.134,-48.141,-14.538,0.342,7.01,-8.675,17.625
36.712,5.967,15.105,-34.823,10.713,-36.065,-41.831,-13.543,-2.79,0.348,-1.187,9.574
37.547,7.382,66.622,-24.157,42.597,-24.229,-30.84,4.91,4.804,10.866,-0.816,2.621
34.449,-1.614,1.694,78.836,6.069,-12.508,-32.998,-3.572,-11.001,11.533,-53.466,8.791
19.163,-3.187,8.601,-6.405,35.308,-27.98,-34.731,-22.394,-8.67,2.188,-0.59,24.256
19.328,-25.899,-5.781,-36.979,14.574,-26.868,-29.055,-1.732,0.103,2.138,3.888,-0.273
21.759,-48.468,6.04,-27.53,56.703,-25.122,-45.683,-1.759,26.911,-28.3,3.053,-15.838
23.159,-47.494,15.086,-45.42,21.967,-19.216,-37.634,-18.144,10.531,1.073,3.744,-8.875
27.766,-65.325,1.148,-49.301,29.187,-15.156,-57.221,8.354,10.984,-6.545,18.123,1.215
31.307,-40.115,35.698,-54.713,27.311,-12.233,-37.789,-14.479,-5.064,-6.857,1.796,8.354
34.78,-46.388,34.585,-39.117,33.848,-13.858,-37.241,-15.585,-1.695,-4.953,-1.959,-3.587
36.825,-22.424,26.315,-48.262,28.984,-26.207,-50.956,-32.841,-10.293,11.836,1.1,3.655
38.575,2.169,58.264,-23.665,43.555,-24.12,-56.844,-15.333,-2.975,-0.412,-1.835,2.884
39.456,-14.254,35.777,-26.605,25.827,-23.359,-50.082,-11.684,-3.647,7.837,-3.763,-14.92
39.273,-27.99,26.154,-4.408,25.892,-37.01,-45.576,-3.268,3.834,19.393,-13.797,-4.104
39.188,-28.16,8.764,-57.562,11.991,-32.816,-23.424,-9.083,9.682,31.07,-2.735,-19.044
35.811,-49.724,-61.841,67.444,-0.533,-18.42,-37.667,3.127,16.511,-12.4,-44.777,-4.762
21.322,-97.85,-49.606,-47.634,3.304,-40.781,-25.143,17.668,8.609,2.277,-4.441,-22.529
21.488,-53.707,-30.551,-53.312,5.726,-33.179,-14.852,-17.34,13.447,16.01,0.379,-14.366
23.496,-89.813,-8.227,-62.38,39.46,-45.502,-16.85,12.866,24.163,6.914,1.557,-14.834
26.366,-67.806,8.653,-57.683,21.819,-27.977,-37.142,9.328,11.466,-2.952,1.578,-13.777
29.083,-48.475,6.728,-42.159,33.469,-24.577,-31.509,-17.053,15.454,2.99,-5.671,-3.716
32.019,-26.013,19.483,-47.698,30.365,-20.034,-44.731,-6.69,-0.003,-9.315,4.248,0.231
33.603,-39.012,19.034,0.427,17.315,-20.785,-32.976,-17.68,-11.823,-1.705,-7.499,-3.845
33.139,-48.073,1.292,-43.351,2.948,-33.042,-33.271,-11.839,-3.09,0.842,0.798,-6.462
34.731,-49.084,12.96,-18.733,4.111,-21.057,-39.348,-5.078,-4.617,-0.428,-0.276,-5.808
35.872,-28.795,30.2,-47.965,21.978,-21.528,-35.689,-0.33,-0.74,-10.992,2.379,6.888
36.756,-38.025,0.424,-1.148,-3.341,-56.001,-11.462,-12.524,8.127,2.153,0.791,-0.463
36.941,-26.737,6.922,-54.74,-9.839,-30.449,-16.961,-1.826,6.722,-4.733,0.289,-9.779
37.975,-39.226,-14.586,3.281,1.472,-21.238,-33.1,-11.839,-2.79,-1.953,-1.796,-10.453
33.717,-24.728,5.828,-35.191,-8.253,-35.625,-16.939,-8.098,7.809,-2.108,-2.538,-1.751
34.255,-23.743,13.254,-12.194,13.644,-37.728,-30.691,-3.094,10.213,2.716,1.367,-2.274
32.095,7.942,19.102,-30.217,-0.03,-19.915,-27.959,-19.194,-10.172,-2.789,-8.513,12.738
33.91,3.836,23.403,-36.929,13.836,-15.052,-39.204,-0.592,3.543,-15.987,8.273,2.005
35.972,4.73,40.394,-16.919,34.71,-35.868,-45.689,-6.753,1.992,1.876,7.27,12.97
36.997,0.544,21.429,-24.733,7.401,-29.468,-53.365,-5.223,-3.282,-0.402,-3.728,-4.85
37.522,-5.695,12.123,-36.239,11.612,-30.253,-41.002,-7.404,-4.211,4.744,0.231,2.413
37.559,-19.538,5.962,-16.313,-0.447,-29.823,-32.907,-16.345,-18.133,-2.728,-2.428,16.646
35.37,-30.857,8.482,-12.704,2.484,-27.003,-34.292,1.4,-14.159,-1.764,2.539,3.019
31.779,-42.462,-26.436,26.704,-2.568,-27.42,-32.872,-5.542,-9.713,-4.594,-19.703,5.846
26.396,-32.106,10.087,-45.454,8.339,-19.289,-17.355,-5.414,-7.958,4.933,3.732,22.001
28.463,-43.313,-2.172,-47.386,5.997,-30.727,-25.683,0.046,-2.445,3.207,2.641,5.773
30.553,-42.496,23.241,-31.26,27.928,-26.879,-29.059,-1.596,-12.553,-1.672,10.56,25.171
30.803,-58.134,10.748,-35.398,14.067,-26.044,-48.057,-6.886,-8.098,-8.468,-0.161,2.585
30.953,-30.24,1.832,-38.852,2.104,-23.431,-34.331,-8.786,-5.815,-10.535,4.302,6.099
30.965,-45.846,-6.872,-17.862,-5.672,-31.84,-26.918,0.941,-2.528,-2.978,0.116,6.141
27.554,-33.443,-0.75,-8.65,-9.084,-39.907,-33.415,23.314,-10.16,-10.506,0.875,7.112
27.128,-46.789,-3.79,-44.161,-8.486,-19.507,-23.974,-2.858,-5.427,3.173,-2.447,3.049
26.978,-65.952,-14.972,-35.005,-21.444,-28.884,-4.094,3.838,3.225,-8.462,2.442,-1.399
27.472,-52.205,-10.589,-30.996,-20.864,-39.904,-15.011,7.798,0.218,8.614,-6.756,-4.949
27.271,-43.51,-10.782,-27.189,-19.199,-36.988,-11.968,2.602,-6.859,10.011,-11.0,3.748
26.845,-61.906,2.261,-41.251,9.267,-24.516,-22.949,-15.639,-0.145,-3.906,-0.794,10.703
27.443,-52.294,-22.94,-21.214,-6.085,-34.313,-15.106,-13.119,12.418,-7.536,7.606,3.011
26.684,-82.325,-8.463,-22.019,-1.622,-37.978,2.964,24.421,-0.559,-3.393,0.342,5.543
24.893,-79.479,-3.332,-30.932,19.569,-24.404,-36.808,-3.849,-8.505,0.267,4.503,2.88
24.264,-19.549,-25.733,-34.676,28.657,-26.095,-23.74,-1.745,-17.393,-24.004,-26.118,-10.557
34.102,-20.731,-27.139,-61.502,36.341,28.055,37.206,4.65,-29.234,15.119,-2.82,-5.732
38.395,12.996,-60.11,-58.326,60.449,-17.329,-21.269,99.077,11.889,-13.105,3.726,4.234
36.643,-42.12,-77.284,11.332,49.352,-25.384,-17.264,0.618,-32.553,32.854,-1.692,-1.426
38.631,-22.26,-39.138,-36.106,53.266,37.401,-5.429,22.009,11.301,-8.162,-42.653,-1.761
31.543,-44.589,-42.781,-50.855,11.045,-42.598,14.392,21.043,-15.13,-5.924,4.602,6.829
33.384,-26.298,-90.834,-74.756,53.965,-42.155,17.574,1.818,-21.898,-5.749,-10.84,-2.036
35.449,21.359,-15.565,-39.336,-0.755,-34.244,12.096,5.011,-6.182,-2.192,5.257,20.112
38.781,3.708,8.231,-48.723,3.718,-30.949,31.184,4.486,-1.479,8.643,-3.108,8.693
37.715,23.992,-45.475,33.971,0.686,-30.726,-13.286,22.456,-17.006,-14.154,-37.309,2.401
33.499,-13.011,-49.878,-78.149,66.796,-29.119,29.549,-8.311,8.556,13.944,3.748,5.597
34.035,-20.5,-46.02,-13.4,79.021,-43.308,3.476,-0.4,18.596,-2.129,-20.517,-2.056
30.152,-83.108,-22.257,-24.757,41.152,-41.982,30.262,25.304,-41.525,-15.445,-13.263,-3.344
29.661,-136.553,-13.388,-40.402,19.724,-28.981,3.393,-3.787,-40.994,-12.218,2.671,0.302
29.536,-145.834,24.12,-30.32,-2.33,-12.9,-2.418,2.382,-31.135,-17.596,-7.125,11.918
28.907,-162.188,20.062,-30.081,6.038,-24.67,-14.015,-20.628,-36.581,0.705,0.381,9.628
29.595,-199.638,-4.081,-7.728,22.004,-27.626,-25.244,4.086,-30.602,-15.83,2.285,15.578
26.357,-180.878,11.094,-43.446,35.077,-37.469,4.282,7.138,-30.528,-11.348,8.917,4.101
27.749,-149.117,-10.418,-36.839,57.255,-36.979,-20.904,16.798,-22.609,-20.579,5.413,7.863
26.302,-118.733,6.753,-34.897,51.174,-40.007,5.567,-9.677,-35.35,-3.476,1.985,-1.556
27.894,-151.615,53.621,-32.518,28.216,-28.602,-0.685,1.881,-41.185,-11.422,8.536,14.68
32.541,-91.719,70.976,-66.013,34.534,-21.912,-1.885,24.239,-21.936,-19.789,11.728,16.361
37.988,-60.077,3.602,22.059,39.748,12.747,-0.616,3.7,-31.911,-20.946,-28.003,7.891
38.67,8.01,-26.978,-65.464,56.221,13.062,-14.17,69.95,-10.742,-24.62,-10.737,13.042
36.883,-9.738,-77.783,-5.393,58.167,5.635,-3.055,3.535,-37.341,6.89,-10.723,11.012
39.082,30.402,-41.718,-60.616,25.817,-14.956,11.986,70.331,-30.206,1.887,10.191,8.794
37.384,136.156,-85.423,-15.644,77.909,-42.93,12.148,-50.13,-28.471,-7.489,-33.95,35.354
35.97,70.149,-45.336,-21.477,24.811,-52.547,15.101,-27.546,-47.306,11.518,1.492,20.426
37.663,-13.929,-48.981,-27.722,33.12,-6.5,-0.637,-4.868,-55.408,-15.606,-25.901,2.373
35.033,-22.679,-69.897,-9.919,53.349,-8.969,-4.927,43.456,-27.908,-32.59,-26.911,5.587
33.454,-1.382,-69.673,-62.015,49.476,17.395,-0.213,59.496,-25.314,-8.649,-42.222,0.658
35.911,-22.931,-39.21,-34.263,-1.783,-13.838,-22.193,-16.467,-27.54,1.134,-1.917,-26.234
36.239,-49.416,-22.356,-41.663,-8.07,-26.124,-41.963,-7.238,-10.915,-10.537,-13.245,-30.264
34.619,-80.816,-27.079,-10.564,6.104,-36.029,-1.605,-1.277,-45.17,-3.098,-10.634,1.025
33.355,-139.903,11.899,-12.043,15.206,-27.892,11.239,12.301,-41.152,-8.123,-6.801,12.951
34.733,-114.592,44.869,-58.689,8.669,-3.531,-22.63,23.356,-15.972,-11.437,13.878,12.288
34.328,-97.206,40.889,-40.006,-3.112,-18.476,-26.384,4.747,-35.689,-8.263,8.866,16.109
36.319,-54.468,61.783,-23.652,20.312,-4.21,-2.935,3.918,-22.679,-22.761,19.194,48.77
37.534,-32.566,54.533,-1.031,6.233,-17.6,-15.013,-2.757,-33.166,-33.152,3.145,40.536
37.273,-62.791,68.975,0.548,-1.217,-11.655,-9.789,9.57,-64.039,-23.239,3.634,29.747
35.57,-51.79,75.099,-23.284,-19.019,-1.485,-4.089,1.041,-55.483,-27.002,15.217,27.471
40.751,-32.358,50.917,-46.074,-5.242,-1.143,5.961,3.976,-53.585,-26.949,-5.647,11.266
45.585,0.752,17.111,19.556,0.527,-7.144,-21.191,8.375,-47.216,-13.946,-25.824,9.412
40.442,-21.966,-22.859,-2.639,29.076,-22.901,24.616,-6.257,-61.241,4.42,-24.934,16.73
39.604,0.312,-44.583,-51.345,-16.153,-11.555,-16.595,14.299,-18.229,-19.265,-12.262,-6.579
40.541,9.922,-21.36,-11.607,0.423,35.065,-42.872,7.345,-28.662,-20.895,-36.26,-21.01
35.424,-0.06,-43.692,-72.164,-7.603,5.782,9.916,-4.402,-44.63,-11.651,-33.199,-11.272
34.137,-63.112,-42.779,-74.16,-11.023,-10.607,5.421,-22.574,-20.209,-17.331,-16.297,-6.274
38.713,-40.385,-3.762,-76.877,18.792,0.217,10.337,8.252,-6.283,-10.583,-23.741,0.308
35.447,-35.352,-34.537,-48.356,-16.971,-26.017,-3.034,-5.696,-11.735,-13.106,-6.897,-4.708
36.535,-44.709,-29.872,-35.884,-30.808,-25.036,-3.361,3.143,-12.224,-4.459,5.569,-6.608
39.063,-49.688,-15.394,-49.968,20.116,-17.705,7.543,18.074,-20.245,-4.902,-32.829,-10.893
36.174,-46.837,-43.589,-41.681,28.778,-21.692,13.462,5.173,-5.815,-22.943,-3.678,-4.149
35.029,-82.094,-35.19,-7.333,12.122,-42.119,4.828,4.405,-20.814,-5.325,-7.443,6.099
33.691,-60.838,-41.248,-24.396,-1.421,-19.386,-15.304,-8.442,-24.6,-11.371,-8.593,-21.636
31.603,-122.798,-55.579,-19.386,-4.882,-37.746,-7.083,-12.982,-18.207,-8.507,-8.251,-6.296
30.156,-122.893,-37.794,-65.13,15.118,-28.623,-3.258,24.24,2.39,-36.543,-6.957,-13.318
30.139,-83.189,-27.847,-64.777,42.026,-43.5,-14.757,38.761,4.604,-24.059,7.672,-25.128
32.602,-45.356,8.008,-106.431,24.578,-36.806,-5.483,12.7,4.833,9.337,10.402,-3.144
43.942,-10.778,21.014,-59.66,28.188,-2.88,-4.55,6.725,-16.313,-2.775,10.218,-8.822
46.56,41.822,28.051,-48.304,12.407,-17.717,-57.45,-8.165,12.78,-14.27,0.094,3.999
45.664,42.233,-13.944,49.932,9.332,2.287,-36.55,-13.537,-0.045,-11.371,-51.824,26.23
40.029,102.728,-68.831,-28.346,73.2,-13.58,-4.252,-25.965,-36.764,-42.711,2.371,-5.23
36.621,-45.896,-94.365,-19.293,53.061,-48.828,-16.649,-18.003,-38.31,5.914,-13.531,0.222
31.942,0.074,-87.221,-57.374,16.838,-26.9,-2.171,36.15,11.429,-36.086,-22.342,6.357
32.786,84.569,-98.161,-23.002,-4.526,-20.201,-4.869,-41.804,-30.143,-15.908,-20.492,-9.545
31.396,-48.553,-91.042,-79.028,40.493,-49.056,1.101,8.563,-20.349,-11.528,2.011,5.345
31.435,-57.09,-98.358,-36.051,21.406,-43.253,-5.654,-5.083,5.186,-14.302,-16.491,0.438
32.601,-44.937,-65.728,-88.487,16.277,-11.529,7.218,10.016,-22.597,-13.01,-4.341,-27.148
35.388,-54.343,-55.42,-57.656,11.679,-37.925,-16.442,-6.934,-22.634,4.223,-13.609,-30.993
35.392,-55.803,-40.864,-26.551,-14.277,-31.168,-37.315,-13.375,-15.715,-8.18,-13.484,-31.486
33.262,-91.873,-56.703,-29.223,-15.912,-30.709,-18.741,-5.844,-6.856,-10.72,-4.809,-22.582
30.658,-118.865,-40.741,-55.277,10.717,-37.244,-15.24,-4.288,-1.689,-4.634,0.764,-23.451
30.351,-130.116,-43.051,4.442,37.458,-49.269,-7.012,-29.802,-2.156,11.103,-26.306,-25.588
26.71,-96.992,-46.476,5.976,46.134,-48.153,-2.266,-40.999,0.077,3.964,-5.101,2.783
27.569,-53.39,-53.43,-38.009,55.02,-11.14,-5.158,11.478,-5.758,-41.897,-20.03,-5.829
35.012,-45.478,14.315,-109.724,39.45,104.689,16.044,33.564,23.619,-12.348,-29.611,8.019
40.553,20.901,-40.286,-8.932,21.598,55.129,-6.755,7.906,-15.915,-21.151,-36.387,1.809
39.609,-6.742,-53.772,-43.706,50.046,-40.578,14.891,19.466,-64.171,-8.806,13.246,-4.928
42.395,159.835,-47.293,-51.628,-2.413,-23.538,-46.62,-10.479,-12.408,-21.41,-6.3,-13.077
39.368,12.535,-59.48,-8.482,12.078,-20.338,-26.465,-12.907,-46.126,-2.066,-30.841,-26.052
35.438,-41.747,-21.116,-89.095,21.793,33.079,-11.092,7.368,-17.393,-30.415,-33.593,-6.118
32.856,-76.27,-93.259,26.811,-0.238,-25.241,-12.488,-27.892,-21.289,-2.429,4.904,-0.701
31.754,-29.427,-59.244,-11.639,-19.678,-35.366,-18.618,-14.387,-25.395,3.898,21.775,-20.308
33.051,-10.222,-19.751,-55.78,-34.133,-8.839,-16.245,-11.98,-23.516,-0.047,-3.183,-39.058
34.397,-50.977,-6.581,-60.289,-31.531,-21.354,-4.114,-22.842,-21.786,1.791,-7.324,-15.183
35.167,-94.596,27.237,-31.481,-17.401,-23.93,-0.308,-4.241,-36.407,-8.218,0.627,6.542
34.761,-92.855,39.423,-19.963,-19.597,-28.327,9.975,-0.129,-25.47,-9.729,2.185,-2.926
36.303,-84.618,39.64,-16.068,-20.553,-23.916,13.79,5.126,-22.625,-11.866,-12.242,9.494
35.445,-98.148,43.513,-9.82,-14.221,-38.122,18.067,11.899,-29.24,-6.018,9.873,8.764
36.514,-75.906,52.73,-4.351,-13.377,-24.821,3.408,-3.384,-29.23,-11.88,-1.669,-6.834
36.995,-70.856,48.923,-8.814,-12.446,-15.565,-4.925,2.991,-23.05,-10.55,4.084,-16.27
38.844,-33.886,86.597,-21.045,-15.876,-19.674,11.71,18.967,-27.662,-18.642,2.553,-7.79
38.046,-44.606,42.213,72.066,-7.831,-10.434,-4.586,-20.798,-34.427,-13.145,-15.537,-13.11
33.253,-63.734,42.599,-26.38,-25.064,-22.855,9.508,4.478,-8.275,-9.232,5.247,-37.736
37.499,-31.456,5.121,-26.926,-4.947,9.524,25.731,1.957,-20.538,-31.323,-28.816,-15.098
41.705,38.374,-23.662,-6.598,24.792,-38.183,20.022,-30.866,-23.295,-7.633,-15.622,0.055
41.812,-45.793,-37.2,-11.606,31.167,-49.586,-10.066,3.919,1.203,-3.278,4.236,10.265
40.782,24.488,-60.61,-23.786,35.889,-32.188,11.02,5.521,-33.634,-49.684,-19.198,-6.129
42.701,-14.564,13.141,-65.354,25.365,18.328,29.884,15.428,0.912,-11.821,-17.629,-1.057
42.191,-19.369,-5.045,-9.768,15.791,-2.483,8.001,24.185,-2.782,-2.45,-44.434,13.363
35.315,-16.097,-54.867,5.275,4.707,-39.323,-16.637,-29.817,-36.156,-24.921,-22.547,-0.738
41.026,137.214,-44.746,-71.3,1.154,20.711,-39.66,-30.142,-0.161,-50.415,-2.476,-8.57
39.445,49.689,-88.069,-71.243,44.883,-30.074,-64.652,36.665,2.166,-34.587,-19.2,-5.489
36.681,12.644,-103.757,-26.199,51.491,-5.627,-35.863,-13.117,-27.874,27.265,-55.054,13.067
36.948,-58.529,-30.704,-54.416,0.894,-3.806,-10.482,-9.668,-42.69,6.441,11.597,-24.904
40.897,-28.041,20.099,-29.513,-23.744,-28.285,-8.844,0.173,-27.574,-8.116,-0.663,-23.356
42.42,-30.048,34.502,-8.637,-33.914,-12.873,-0.346,-6.129,-43.109,-7.051,-7.416,-5.449
41.353,-80.003,35.743,-30.157,-2.725,-7.39,27.623,-3.356,-25.774,-8.209,5.274,17.235
42.329,-80.055,67.759,11.034,-8.768,-19.831,56.291,9.863,-15.552,-10.992,-9.106,12.853
40.837,-51.448,67.779,2.42,-21.354,-21.898,51.398,7.573,-29.379,-3.885,-5.497,25.815
39.378,-82.746,55.827,1.165,1.132,-22.766,29.972,15.096,-5.169,-0.933,7.933,2.559
36.719,-63.09,75.096,-14.677,-5.934,-21.597,19.034,2.537,-22.355,-10.597,-4.445,4.688
38.394,-35.144,80.306,-2.304,-5.784,-22.677,43.229,21.986,-0.009,-3.925,-7.203,-15.866
38.777,-56.649,51.105,4.501,-30.053,-35.288,51.413,4.061,-6.604,13.945,-11.825,-11.695
37.212,-31.051,15.688,27.079,-19.529,-33.271,33.724,-10.7,-0.226,0.632,-18.222,-10.386
34.852,-67.46,78.1,-4.704,-11.336,-33.033,60.39,4.29,-17.21,-3.765,-6.099,-11.442
37.847,-36.978,70.369,-33.221,-7.249,-17.257,25.933,24.434,-21.354,-18.255,2.385,2.481
45.446,30.123,68.069,-36.606,12.702,-21.079,3.685,14.613,2.757,-4.407,-7.375,2.462
46.325,40.352,24.441,12.729,17.314,-16.38,-8.662,4.484,-12.415,-15.324,-30.713,16.331
43.063,37.91,-10.183,-31.808,48.539,-31.644,32.592,48.053,-49.284,-24.214,-9.18,0.651
40.689,-1.541,-41.9,-36.703,-7.069,-17.243,-9.164,-5.022,-35.318,-4.575,-34.491,-0.253
36.496,-61.934,-65.628,-36.843,8.244,-29.032,1.109,9.295,-19.489,-2.303,-26.39,12.167
36.514,39.89,-119.244,28.242,16.987,-40.054,-10.117,-67.884,-62.716,0.5,-46.987,-16.838
39.347,-49.011,-54.526,-12.563,40.005,20.884,18.436,27.202,-16.505,-22.032,-50.489,7.304
40.456,-13.306,-41.701,6.252,23.458,50.494,13.955,11.379,-10.945,-0.438,-27.014,2.043
33.725,-42.898,-84.657,21.966,-5.987,-20.168,-0.771,-21.124,-22.847,-2.934,-10.576,0.851
35.352,5.067,-57.198,-13.231,-11.928,-78.776,8.552,-8.648,-53.477,0.503,-9.408,-3.37
42.705,-14.89,-8.859,4.121,19.572,39.214,36.681,20.113,17.727,13.829,-39.821,19.286
34.128,-39.524,-73.548,-28.942,-20.357,-9.362,-13.563,-0.123,-10.838,-13.152,-22.021,-3.605
39.035,-56.117,0.195,-49.741,45.582,25.81,46.643,9.73,-0.931,22.788,-7.255,14.184
39.16,-65.838,-7.726,-1.808,46.271,-37.658,33.497,13.824,-7.425,1.897,-23.579,12.711
36.49,-72.977,-57.273,-17.027,19.289,-55.071,4.004,-11.576,-12.434,10.29,-16.099,-2.605
34.833,-56.1,-30.659,-57.813,-4.154,-24.207,8.119,-7.262,18.229,-10.958,6.741,-5.635
35.489,-35.644,-9.839,-42.012,9.488,-31.703,-22.256,3.353,18.717,-17.365,-14.213,-11.497
37.194,-27.079,4.722,-40.416,15.339,-14.969,-16.868,27.194,-5.343,-2.346,-4.474,-8.652
38.342,-2.004,15.188,-58.497,11.041,-6.73,-11.442,-1.09,-14.649,-10.638,-18.378,-10.293
41.702,19.807,-25.257,-30.358,36.484,-18.985,-3.716,-56.003,-23.501,-5.004,-15.72,-7.596
45.898,-31.748,41.105,-54.396,55.294,-38.777,-4.107,19.38,30.796,16.749,12.341,9.48
46.634,21.962,36.286,46.845,38.806,-21.224,-6.407,3.03,14.642,10.999,-43.452,26.19
42.155,6.609,-21.509,-26.437,11.643,-7.925,-23.536,-4.235,-4.235,1.624,-9.748,-5.492
44.338,9.279,44.103,-53.725,33.564,-11.168,15.734,-5.519,8.892,2.176,5.543,-0.079
46.469,18.005,53.854,20.777,25.378,-27.045,3.678,6.387,17.206,9.956,-25.144,8.879
41.699,-1.171,22.065,-17.666,1.03,-40.688,-10.532,11.299,0.095,8.079,2.722,1.812
42.95,61.931,37.962,-1.216,-1.035,-41.535,-12.553,-1.618,-7.363,2.662,-5.883,-10.073
43.867,24.372,2.216,-12.35,-6.574,-26.024,16.416,-15.642,9.511,-1.264,-17.911,7.286
43.011,-7.587,11.718,-5.367,0.293,-36.965,-21.615,1.936,-4.641,-10.719,-2.189,-1.613
44.174,-7.033,45.704,-48.303,11.895,-25.436,-1.636,-11.607,-2.507,8.301,9.775,-5.805
47.807,22.105,66.904,-31.84,12.379,-24.893,-38.22,2.322,-21.423,-7.852,-1.684,-8.43
47.704,7.63,22.207,-13.237,1.592,-21.942,-23.077,-8.607,-42.102,-9.525,-9.938,-11.623
47.207,-6.346,26.34,-25.822,-1.029,-18.831,-26.736,-1.257,-28.708,-14.288,-1.18,-2.655
46.989,-16.357,34.24,-27.878,23.257,-24.922,-28.152,-4.859,-26.619,0.689,-5.458,-5.988
48.291,-22.638,41.25,-20.276,20.375,-25.231,-15.239,5.908,-16.658,-2.19,4.465,-4.068
49.196,-0.622,60.336,-15.707,16.311,-27.511,-28.324,1.407,-18.647,-9.562,7.095,-7.845
49.1,-3.075,57.97,-18.421,18.325,-20.053,-24.013,8.701,-17.372,-5.016,-2.281,-14.029
45.507,-19.761,28.971,-29.093,37.947,-29.6,-33.416,-0.983,22.016,-6.301,-4.623,-11.468
46.263,-38.67,57.031,-24.276,45.762,-23.912,-34.715,-17.429,-10.443,2.5,-3.62,0.317
48.179,-55.16,-20.04,-40.828,3.314,-31.127,-12.221,15.179,1.942,-1.874,1.382,6.3
51.092,16.702,39.09,-98.674,9.994,-1.536,-11.351,0.55,7.375,-6.175,-2.979,13.959
52.105,12.202,31.753,-39.492,19.433,-19.496,-15.376,15.054,6.734,13.834,-13.614,18.649
52.414,58.89,-20.453,-52.059,16.991,-21.208,-35.38,-9.981,6.825,5.841,0.786,8.158
53.863,62.495,22.111,-30.335,72.8,-37.206,-19.274,-6.383,8.942,9.462,2.772,13.546
53.166,46.586,45.88,-4.097,75.795,-41.422,-19.366,12.053,10.359,16.672,-9.806,11.165
51.167,-11.905,-7.754,-10.762,34.451,-22.666,-18.234,-3.475,1.135,-3.387,-10.0,-4.217
49.624,-8.608,50.113,-79.965,28.914,-37.423,-5.668,13.077,-8.035,1.224,23.987,-5.475
52.554,32.238,118.38,19.017,36.127,-35.889,-26.552,-8.634,-13.909,-1.463,0.09,-21.4
52.916,28.384,109.908,36.259,24.699,-28.217,-14.805,-4.959,-20.009,-4.619,0.157,-4.487
51.386,23.828,78.389,25.654,43.95,-15.398,-8.776,3.393,-29.481,-7.662,-39.069,3.666
49.08,-18.846,20.424,16.863,52.758,-18.409,-19.944,5.03,-16.491,-12.07,-21.324,-5.706
46.25,-25.596,-41.877,-57.611,17.628,-38.969,14.266,-6.261,-27.44,4.635,-0.051,-10.057
47.424,-2.006,19.473,-1.361,21.575,-24.836,28.104,-46.133,-60.584,-3.893,-8.739,-27.896
49.478,-23.102,41.761,-46.487,-6.44,-30.753,-5.81,48.298,-14.357,-22.452,8.693,-9.268
52.819,57.59,46.591,10.353,-28.394,-10.9,-28.579,-1.274,-42.511,-18.425,-3.14,-0.444
45.162,-75.366,76.539,-8.403,24.894,-26.384,17.716,1.785,-23.025,-4.524,6.135,22.796
47.079,-60.27,61.719,25.451,18.546,-27.896,13.16,0.615,-26.218,-15.007,-8.695,41.559
45.628,-58.085,22.863,-26.406,40.062,-31.554,-14.592,3.537,-17.962,-20.082,-0.402,25.092
49.057,31.127,29.156,-59.333,9.624,0.662,-27.666,13.516,-2.949,-9.706,-8.263,7.179
49.201,-5.881,8.48,-7.787,6.127,-9.334,-0.043,-11.298,-21.411,-10.099,-1.702,11.133
51.344,-0.129,50.975,-58.369,15.125,-14.237,-3.792,9.237,-14.253,-7.805,-7.644,-9.725
52.18,81.104,7.277,-16.069,35.696,-25.802,-8.336,-25.675,-3.006,-10.598,-16.566,-6.666
50.609,7.8,20.387,-15.732,6.965,-10.976,-38.267,-7.232,-23.845,-22.271,-24.6,-12.914
50.017,-36.27,33.137,-23.001,51.701,-44.125,-8.762,-14.447,-8.684,-0.897,-2.36,-3.582
51.079,-10.192,106.083,5.61,73.352,-31.645,12.504,7.775,-9.356,-8.876,0.881,1.924
51.695,16.917,122.489,13.606,64.779,-30.49,18.186,3.301,3.077,-2.531,-6.069,0.407
52.519,21.554,89.287,14.324,46.141,-24.918,-4.485,1.138,5.57,-6.873,-13.373,3.69
50.193,14.139,9.352,-25.809,81.512,-31.884,-29.224,-11.758,-36.199,-24.63,0.323,4.112
48.904,-43.163,20.961,17.222,62.495,-34.809,-18.237,-0.349,-7.439,-5.341,-23.212,20.589
49.591,-26.276,76.364,-75.667,47.08,0.609,7.224,28.046,-16.84,-13.616,28.87,-10.95
52.924,39.517,66.619,12.683,9.525,-14.859,-34.939,-0.469,-17.703,-4.855,-13.602,-7.587
49.765,108.476,38.745,-39.068,59.694,-19.048,7.463,4.075,20.75,-20.005,2.356,2.835
51.919,16.97,2.015,6.788,8.573,-48.939,-9.853,-12.706,-5.833,3.843,3.058,-11.979
51.948,65.597,-23.135,1.329,52.523,-52.462,-22.711,22.98,12.42,-5.117,-3.306,8.701
50.338,61.341,16.046,-69.601,34.787,-13.644,-6.676,-18.315,-30.679,-17.519,-0.994,-5.18
51.403,47.372,9.391,10.928,50.179,-38.044,-7.697,5.912,-11.198,-8.875,-10.974,12.153
50.076,2.006,32.399,-9.103,34.552,-23.768,5.057,18.584,13.044,16.809,-15.146,21.961
53.124,38.214,82.2,4.637,-5.709,-9.106,-13.042,5.797,-17.305,-29.99,-0.374,-8.16
51.999,58.887,39.065,53.524,21.912,-19.46,-27.758,5.18,-8.623,-14.918,-37.219,-3.674
48.087,12.874,56.153,-47.267,9.007,6.464,-35.113,37.448,-7.954,-21.004,-18.666,-13.945
49.149,100.419,39.688,-2.481,31.024,-33.49,-15.768,-6.267,-26.386,6.25,-2.444,9.003
52.415,40.079,51.285,-21.431,42.297,-15.145,-0.018,3.751,13.6,4.475,6.277,3.381
52.285,31.516,38.482,17.123,11.256,-29.952,2.839,-0.469,10.863,16.231,-18.421,6.919
49.608,25.701,8.686,-27.594,-3.137,-40.424,-14.024,1.835,-25.851,5.948,11.041,-5.179
50.789,37.213,-2.646,-43.84,-5.76,-36.504,-16.392,-1.788,-16.525,-7.352,-6.516,17.462
51.436,43.239,6.783,11.311,-33.107,-8.194,-32.925,-3.418,-29.971,-12.005,-18.327,-6.348
50.366,-14.601,50.17,-42.884,18.29,-14.223,12.044,7.273,-31.31,16.701,7.828,-6.019
45.879,27.538,38.663,-28.649,28.71,-32.369,15.909,4.49,6.168,-6.475,-9.832,9.995
46.941,14.155,35.798,8.191,41.3,-65.094,11.384,-23.854,12.567,32.368,-5.536,21.67
49.982,32.947,52.425,9.444,11.08,16.39,-12.032,10.222,-18.192,-23.26,-13.011,0.802
45.994,-45.572,-18.237,-33.655,11.137,-15.746,-19.649,-2.904,-21.643,-0.767,-5.238,24.31
46.241,-3.297,-38.464,-51.959,46.291,-41.733,-26.03,0.88,-9.228,-15.253,4.792,-6.957
50.726,43.816,36.214,-46.12,-21.347,-5.256,-52.822,13.154,-8.125,-16.73,11.957,-27.733
52.43,73.12,39.335,-12.246,-16.219,-17.235,-50.265,-30.111,-20.038,4.476,-16.296,-22.741
48.227,44.219,26.567,-14.766,24.153,-19.274,-1.965,12.639,-21.322,-30.127,-5.26,-4.272
51.447,11.841,49.351,-44.236,43.175,-17.185,6.93,8.426,3.935,-2.262,-0.395,16.58
52.525,52.602,100.758,20.023,43.462,-32.026,-6.257,0.161,22.689,1.572,6.781,3.413
51.587,47.307,83.643,58.785,50.301,-23.289,-5.687,-21.425,23.243,8.079,-28.855,12.559
47.676,-13.378,21.096,-51.888,13.629,-30.938,-8.924,0.208,15.479,-2.563,4.034,12.77
50.732,-23.536,45.454,11.913,46.285,-32.461,-18.627,16.282,13.481,-7.343,-1.665,0.32
47.915,1.01,24.932,-33.841,13.206,-31.648,1.784,16.609,6.805,-2.781,5.077,17.928
50.917,5.813,52.174,-30.5,-4.834,-11.006,16.048,-3.108,-20.522,-12.527,5.634,11.83
52.343,3.224,67.776,-25.028,5.514,-16.678,-24.997,7.494,-19.392,-12.365,0.487,-11.954
53.027,7.187,57.859,-15.636,-2.347,-21.532,-21.858,5.549,-25.787,-2.488,2.0,-3.902
51.316,27.064,34.646,48.428,2.985,-11.404,-44.763,-26.645,-21.93,-21.87,-36.524,-2.576
45.123,-11.282,70.565,-22.104,28.432,-23.514,-1.186,7.657,3.436,-15.804,3.352,5.145
47.581,1.45,62.245,-34.512,33.443,-27.44,-22.88,-6.143,-0.746,8.178,5.134,13.386
50.355,5.763,64.612,-21.402,16.783,-25.449,23.85,13.028,-8.337,0.435,12.578,36.711
51.71,5.669,14.092,-16.584,0.985,-47.356,-16.4,-12.318,-19.118,5.743,13.906,38.214
54.446,51.835,29.817,-15.641,46.879,-20.845,-4.681,10.88,-27.11,-34.235,-7.667,6.423
53.544,3.006,43.545,17.494,8.332,-23.907,-17.522,-19.758,-34.507,-2.657,-4.632,3.226
53.456,30.125,43.852,-7.378,16.133,-3.213,-18.787,5.317,-11.28,-33.601,-25.886,2.123
51.246,1.332,61.618,-38.035,20.543,-17.379,14.817,28.054,-1.703,4.637,-4.274,4.913
51.279,-31.373,57.52,-39.769,53.437,-21.12,5.423,-0.521,9.226,2.685,2.758,3.862
52.754,1.193,101.504,9.101,59.707,-25.206,7.553,11.811,-1.825,-8.052,-5.44,17.402
51.254,4.919,24.047,7.641,51.749,-15.536,-31.283,-20.445,-32.721,-6.316,-28.334,4.54
46.946,-31.561,18.582,4.985,64.222,-61.271,-30.93,-31.406,-29.048,3.805,-0.502,10.049
49.283,-29.607,55.716,-23.286,40.825,-3.488,11.534,-1.685,4.05,-7.895,-3.127,13.61
50.675,1.0,53.116,-31.773,24.524,-30.38,-6.22,-3.337,-9.775,-2.873,6.426,3.477
53.286,-3.357,48.678,-28.69,38.716,-27.416,-21.861,-7.516,-26.494,-6.193,0.96,0.266
51.727,-23.645,31.285,39.51,32.331,-22.206,-22.897,0.343,-31.365,-13.235,-32.9,17.048
43.625,-36.647,-21.182,3.777,28.304,-37.363,-20.435,-32.118,-18.555,-3.54,-12.424,-15.661
43.696,-87.68,-48.623,-60.666,27.806,-38.127,-39.333,-11.24,-20.281,-0.27,10.037,-18.654
48.129,-9.461,13.427,-104.505,18.087,-15.061,-36.012,41.725,-22.543,-8.051,4.244,-17.441
48.314,0.848,-14.719,-16.461,11.835,-3.312,-25.751,-4.749,-36.433,-10.358,-20.864,-14.452
52.529,13.208,60.754,-23.612,41.159,5.531,8.491,21.802,3.763,-4.967,2.757,5.226
48.196,-0.257,9.389,-18.176,19.916,-7.48,-6.903,-2.48,-22.427,-18.607,-23.206,-0.313
48.108,-53.08,54.602,-79.371,42.06,-29.596,19.035,-14.073,-26.618,-0.115,8.587,12.142
52.38,-11.695,108.855,6.598,56.07,-16.084,36.703,9.756,-15.32,-15.443,-2.482,13.855
52.339,8.186,120.389,6.883,63.527,-29.367,30.057,1.379,-24.099,-10.835,-2.323,16.697
50.773,2.239,84.774,79.64,59.378,-20.087,3.969,-3.144,-4.694,-15.754,-44.522,28.201
46.624,13.203,38.55,-30.66,41.528,-11.424,-4.088,27.703,-23.129,-10.361,-12.36,7.007
46.743,-13.557,-60.062,-27.788,58.176,-45.39,-9.198,-2.956,-26.824,12.335,10.772,9.494
47.067,-58.761,-25.584,-27.094,72.467,-30.853,-20.256,3.224,7.782,0.91,-7.796,5.681
46.644,-53.759,-30.462,-33.725,59.261,-26.704,-17.638,-5.095,-0.369,5.297,-7.373,-0.96
45.124,-48.729,-50.816,-52.856,61.274,-33.328,-28.278,-3.214,7.126,-11.876,-6.153,-11.21
44.795,-50.996,-56.214,-44.021,53.496,-37.267,-25.56,2.63,-5.655,-18.793,-9.809,-14.856
45.151,-40.436,-60.425,-50.632,62.469,-42.579,-0.847,-19.445,-28.222,-7.267,-8.659,-2.611
43.828,-33.372,-73.113,-14.779,52.344,-45.935,5.904,1.981,-44.738,-3.074,-14.285,15.017
37.579,-54.12,-63.485,-13.026,14.69,-35.931,-16.758,-6.363,-19.457,-12.213,-15.225,-1.671
32.54,-77.911,-25.419,-45.366,2.741,-33.262,-13.118,6.976,14.205,4.493,2.633,3.789
33.562,-34.982,-3.278,-34.889,32.412,-32.789,-11.372,-0.83,-6.453,-10.78,-1.39,-11.424
32.493,-42.417,11.722,-8.945,6.486,-27.532,-32.628,21.324,7.695,-7.89,-10.429,-7.344
41.593,42.204,-23.718,-39.624,40.367,42.307,17.098,33.302,-13.25,-1.95,-24.488,9.07
43.02,-27.454,-87.948,-77.114,58.709,-41.983,-24.767,-4.063,-30.3,1.501,-3.586,-20.809
43.238,-44.403,-85.018,5.211,58.803,-25.484,-14.624,1.941,-9.984,-14.932,-16.505,-1.095
44.738,17.452,-45.155,-50.957,59.841,14.487,-13.295,112.036,-14.805,-5.346,-7.219,0.717
44.415,15.31,-50.622,-1.837,67.21,10.111,-11.725,35.616,-31.883,19.787,-13.942,-6.375
43.055,176.844,-23.231,-65.452,29.41,-13.117,-35.796,-17.084,-18.2,5.015,-7.377,-11.238
42.023,-31.512,-66.999,-1.356,35.317,-10.697,-31.658,7.414,-6.571,-5.699,-43.871,9.075
39.47,-17.903,-33.334,-53.096,57.61,42.545,13.527,10.649,10.753,-0.636,-40.9,-1.855
40.438,3.934,-18.455,-23.894,21.081,41.193,7.736,50.212,-24.889,-20.821,-39.632,0.156
37.576,3.272,-25.314,-78.054,-33.638,13.87,-19.341,4.513,-33.159,-16.81,11.129,-27.387
42.921,51.411,6.176,-82.769,-48.693,-10.792,-29.481,-13.309,-49.814,-5.623,-2.254,-18.731
42.701,-18.411,-44.419,48.464,-36.737,-7.261,-37.191,-22.875,-47.886,-18.151,-52.837,-12.535
31.389,-141.072,-72.762,-43.445,16.409,-39.532,-13.47,8.716,-7.985,-8.876,-12.099,-23.478
29.042,-200.152,-32.642,-31.356,42.98,-40.538,-11.644,-1.113,0.04,5.174,-11.528,-17.349
28.64,-198.869,-6.688,-34.849,38.363,-35.413,-15.237,-1.97,-1.908,0.28,-0.267,-7.039
31.192,-182.468,-6.517,-64.116,69.155,-40.977,-10.737,10.617,6.166,6.424,-0.184,-5.63
32.143,-151.485,-26.269,-40.928,76.638,-31.36,-25.124,-4.104,3.445,-13.963,-17.502,-0.796
40.178,-51.301,5.054,-115.941,48.284,65.948,-8.304,13.872,-4.784,-29.039,4.066,-12.459
39.259,-79.563,-39.989,9.869,25.651,-105.107,-63.29,-14.711,-31.436,14.41,-7.32,8.855
47.515,29.815,-22.908,-12.239,-15.006,36.871,-52.427,-8.605,-24.708,-28.199,-10.211,-19.067
44.048,-16.887,-52.575,24.471,49.343,-28.049,-37.855,0.745,-20.667,-20.7,-12.137,-11.783
42.88,-16.723,-21.731,-62.871,1.336,39.598,-31.171,30.493,-4.781,-48.302,-43.36,-33.539
36.636,42.217,-41.231,-26.606,95.935,-41.961,-8.781,-11.544,-41.685,-11.298,-26.318,-31.453
39.43,-64.111,-23.9,-133.803,70.533,-31.5,11.844,-19.604,-17.486,6.111,15.331,-7.998
46.853,-39.156,6.777,29.825,45.796,-0.736,-12.348,34.658,-17.619,-11.36,-34.976,9.544
40.461,-51.515,-39.074,-67.047,43.665,-38.461,20.373,-8.248,-49.611,17.658,-6.403,5.87
43.938,-68.756,-22.134,-59.446,14.461,-38.987,39.092,2.718,-22.573,-4.623,3.127,31.113
46.538,-31.551,-7.847,-35.749,32.672,-34.24,18.228,-1.006,-0.366,-13.751,-3.45,13.805
48.349,-40.832,6.536,-40.841,36.651,-35.295,-11.937,-2.886,13.176,1.634,-2.739,-10.121
50.495,-22.93,28.769,-31.763,26.583,-27.36,-18.592,-7.08,2.321,0.039,-0.204,-7.714
51.009,-31.012,14.829,-21.77,17.039,-44.131,-6.303,9.796,7.124,8.863,-6.996,15.252
52.303,-6.588,10.832,-0.391,4.389,-40.699,9.263,-6.422,-4.562,-0.476,-8.525,37.147
50.41,11.106,15.902,-11.926,9.254,-41.978,-5.862,-5.388,-10.01,4.083,1.541,26.638
49.245,-2.752,39.29,-17.978,11.125,-32.285,-2.31,-0.123,-9.534,-11.91,-8.275,8.964
50.779,0.267,35.861,-22.1,22.36,-24.272,5.372,-8.369,2.133,4.954,-10.959,-1.318
50.29,-14.846,50.062,-19.581,3.166,-26.738,-6.07,0.233,-16.624,-9.221,-4.51,9.515
50.703,-6.372,19.897,0.462,11.491,-38.632,-15.919,-3.658,2.791,-1.465,-9.502,4.068
51.983,-4.455,37.849,-21.1,15.695,-31.598,0.585,-2.424,-21.293,21.776,-5.725,19.347
52.56,-14.485,40.975,-24.095,18.69,-41.965,3.059,7.174,2.631,0.114,-4.345,13.102
52.745,-12.108,39.117,-27.607,11.953,-27.583,-5.559,16.739,-9.014,1.498,-1.922,16.227
53.634,30.162,4.854,-28.078,-1.81,-33.871,-9.61,-11.012,-4.472,15.542,-14.169,25.012
53.588,26.738,12.959,-21.338,4.03,-34.037,-23.995,9.299,-11.139,4.99,-2.883,10.882
54.731,40.896,48.812,-6.667,6.475,-12.019,-17.273,-27.402,-11.927,9.024,-9.167,6.047
55.73,2.947,36.334,-6.655,10.456,-13.591,-34.921,0.226,1.491,-23.48,-12.605,-11.528
53.75,21.874,14.272,3.493,32.971,-43.228,-27.099,-32.775,-18.191,23.149,-13.649,-7.82
53.39,20.49,40.815,-47.509,27.531,-32.552,-10.518,-17.426,-10.486,7.563,9.003,-0.329
54.264,26.647,15.031,-19.082,49.424,-44.381,-10.953,27.926,-25.614,-23.77,0.39,3.868
53.843,48.468,51.024,-21.936,30.949,-40.062,-6.577,20.602,-14.021,0.199,7.925,9.158
54.174,-0.915,15.841,5.507,36.112,-38.168,-13.176,32.283,-1.121,5.725,-15.742,7.866
51.954,9.564,36.5,-22.843,22.297,-9.563,-1.377,-3.061,7.179,16.08,-6.408,13.768
50.191,11.235,34.986,-7.81,17.549,-28.026,-6.267,-4.841,3.432,-2.772,-15.725,10.137
48.949,10.978,38.641,-14.699,16.821,-28.661,-1.57,24.257,-15.336,-12.767,2.124,6.686
47.76,50.497,66.224,2.015,0.747,-27.53,17.078,3.984,-5.106,-9.582,-1.363,-4.77
47.13,0.105,28.855,-45.363,0.2,-26.625,1.102,0.585,-17.482,10.481,5.772,13.13
49.229,15.667,37.123,-19.575,-2.531,-25.814,-22.122,2.652,-15.738,-10.006,-12.931,7.892
52.451,40.456,31.226,26.9,5.354,-11.718,-8.818,7.001,-5.731,-2.785,10.712,-1.711
52.603,59.405,29.413,-26.912,22.43,-19.005,-7.303,-5.383,-14.762,-2.081,-9.54,-0.071
52.492,23.183,-5.118,0.98,44.823,-46.844,-25.167,19.234,-20.217,-12.462,-4.406,-23.506
53.257,-14.166,25.429,-49.897,36.067,5.215,-35.906,14.634,-9.403,-10.136,-15.256,-20.937
53.098,-7.754,35.59,-34.737,2.778,-25.6,-35.088,9.855,3.682,-22.201,3.542,-17.626
52.615,-10.834,20.608,-18.142,17.67,-27.899,-26.027,-2.771,11.064,2.175,-6.999,2.52
50.78,-11.796,-12.012,5.806,20.865,-47.564,-33.003,-7.133,8.725,-0.272,-2.509,5.427
52.371,-13.44,32.744,-37.803,25.271,-25.782,13.551,14.3,19.37,6.456,20.992,-3.065
53.252,27.749,90.706,0.858,42.774,-18.656,18.616,8.848,29.785,-6.553,4.878,4.512
53.295,30.484,60.739,1.719,18.257,-30.218,-4.644,7.721,2.754,3.453,-17.219,-13.182
49.87,35.137,56.683,-26.999,-5.378,-32.561,18.495,19.887,3.629,-3.915,0.515,-13.706
48.961,65.061,65.036,3.378,12.229,-25.88,8.676,2.968,-1.689,6.193,-9.558,-6.817
49.832,18.645,30.581,-62.456,-4.832,-32.707,12.029,22.444,-9.944,3.343,14.804,8.214
53.432,86.716,28.245,-16.808,20.024,-35.134,-5.19,32.482,-20.395,12.596,-4.014,18.209
53.41,75.285,22.819,-20.905,1.449,-29.007,-10.663,12.758,-29.513,28.345,-24.612,8.506
52.465,3.737,58.465,-7.433,33.389,-26.642,1.299,-0.081,20.83,-4.663,-10.303,3.211
53.133,38.093,51.653,39.277,21.007,-3.186,-17.45,6.272,1.614,-29.075,-24.265,6.661
49.143,45.146,5.972,-32.676,6.989,-29.64,-23.542,3.317,-18.251,-7.453,-1.919,-14.813
51.338,2.7,28.053,-29.847,23.948,-5.127,-14.159,4.272,14.919,1.829,-19.386,10.649
49.452,91.655,-21.125,-31.717,91.458,-35.561,-27.717,6.345,-20.935,-15.878,-4.335,3.049
49.307,21.306,-15.021,-2.601,39.782,-41.582,-18.062,39.944,-9.192,15.352,-0.073,6.694
52.648,7.826,56.741,-21.179,35.078,-14.905,2.382,5.715,13.892,31.373,10.933,8.664
51.875,-2.691,69.878,24.624,52.834,-28.212,-10.847,-7.828,14.422,7.361,-12.98,5.118
52.002,26.376,37.379,-33.775,15.788,14.863,-26.987,6.061,-9.812,-4.123,-19.877,5.769
52.686,3.715,18.71,0.791,29.879,17.085,-20.206,28.353,-0.066,-22.832,-15.223,20.172
51.802,35.247,38.117,-87.786,3.164,9.037,-19.485,17.923,-21.571,-20.455,1.163,-18.933
50.009,41.647,21.284,-1.297,51.281,-15.838,-3.044,-15.23,7.929,-32.455,-11.442,-1.96
48.322,36.609,54.662,-4.908,28.061,-28.141,6.099,2.95,-9.851,1.15,0.663,11.899
51.819,146.801,19.028,-25.521,48.282,-31.511,-4.447,2.009,1.478,-3.788,1.762,0.089
54.09,90.782,42.078,-11.968,11.459,-20.228,-12.5,3.402,-41.8,10.033,-18.578,12.943
54.019,23.625,53.351,-32.0,28.07,-4.497,-2.19,9.18,-31.249,-19.325,-16.26,10.116
53.738,8.786,53.633,27.196,31.277,-17.242,2.354,1.431,-23.198,-14.746,4.775,28.616
52.482,6.055,62.074,-25.332,28.265,1.235,15.673,-1.869,8.483,-3.415,-3.911,11.207
49.467,27.389,17.278,-34.525,52.238,-47.646,-2.235,64.571,-7.393,9.955,8.289,-1.536
52.792,11.025,50.03,-28.162,40.162,-15.333,19.196,-2.345,10.813,1.006,4.521,-6.251
54.27,19.353,84.991,5.293,43.244,-40.383,11.825,-1.089,31.444,3.913,-9.675,-0.643
54.09,14.272,79.576,0.053,47.832,-38.936,11.696,-0.914,33.944,-2.408,-4.597,0.523
54.391,23.322,78.459,-2.131,45.328,-32.535,0.996,2.843,35.947,6.467,-12.606,3.898
54.519,16.615,85.606,-3.616,51.887,-25.801,0.003,1.75,31.218,-0.617,-13.453,7.915
54.178,44.417,85.644,27.08,56.294,-32.192,-2.957,-12.872,22.709,11.343,-6.22,18.249
53.51,31.949,96.377,7.472,51.496,-29.943,23.869,-1.196,39.421,0.438,-13.01,-2.274
54.425,19.59,77.301,0.126,46.157,-39.282,17.278,-0.658,34.728,9.074,-7.091,4.532
54.863,12.148,64.419,-8.247,27.581,-35.362,26.119,6.558,30.072,16.951,-4.197,4.048
55.392,25.409,60.926,1.566,27.088,-41.022,21.118,-0.378,31.326,4.126,-6.615,8.828
55.625,27.472,67.05,-8.451,14.96,-36.96,22.328,4.078,23.786,10.599,-7.501,-4.04
55.825,30.984,84.088,1.281,21.294,-34.752,23.225,11.837,8.692,11.151,-9.39,7.626
55.986,29.221,50.794,30.97,13.411,-13.377,-28.286,-1.012,-7.438,-2.575,-28.745,-8.347
54.435,22.993,31.432,-5.284,40.207,-17.26,-21.308,-17.805,-24.812,11.52,-13.995,-8.677
52.953,-2.852,59.645,-44.529,-0.829,-8.994,4.451,3.364,-15.797,-4.659,-16.915,2.919
54.413,-11.138,50.429,-54.964,7.011,-31.88,10.676,15.065,-27.327,-2.339,-1.601,3.808
54.927,3.106,59.558,8.227,10.897,-16.586,-7.84,14.125,-3.693,-10.617,-15.613,0.437
53.873,13.247,58.68,-62.675,28.231,-9.294,2.961,4.657,-10.045,6.118,4.015,12.37
54.734,55.42,35.973,-14.97,62.529,-36.502,4.879,4.465,-1.398,-38.672,3.967,13.184
55.473,46.5,21.954,0.744,38.541,-42.179,-34.122,25.833,-4.418,-4.74,-11.513,11.59
54.386,13.066,58.494,-62.688,26.595,-24.385,-4.649,18.52,6.002,-11.474,14.374,-4.092
56.885,91.628,116.376,12.332,28.158,-22.027,-11.152,-7.092,6.322,3.293,-6.737,-8.443
56.437,71.713,76.596,40.145,42.191,-23.538,-10.595,-15.054,3.466,0.984,-26.266,-3.873
53.312,22.036,50.22,-24.287,69.841,5.816,2.892,7.405,-20.725,-25.271,-31.485,13.244
51.316,-14.03,17.568,-45.342,-5.591,-17.903,6.068,-6.41,-12.567,-0.925,-7.702,9.597
53.837,54.497,48.927,-32.883,-14.061,-6.067,-40.03,0.167,-22.725,-33.461,-6.284,-16.642
48.756,-25.559,47.593,0.756,19.268,-33.229,-43.784,-2.185,-20.578,2.894,-12.336,-15.005
47.139,-28.82,43.202,-0.008,37.509,-41.329,-24.72,24.263,-10.733,-0.219,-1.888,-10.562
46.33,-12.146,37.451,-24.203,48.299,-34.627,-27.552,-13.111,-21.329,0.776,-7.087,-11.775
48.973,-18.709,46.684,-81.788,8.074,-29.096,-29.719,37.503,-15.876,-4.316,8.22,-8.035
53.264,4.999,46.813,-2.309,26.474,11.733,-13.377,-7.087,-20.914,-22.59,-12.732,-9.554
54.882,38.797,88.91,-35.498,16.559,-7.033,-18.955,8.76,-4.553,0.223,8.467,-12.641
54.718,48.239,73.796,25.241,38.085,-33.494,-30.712,6.068,-5.683,12.532,-22.354,5.999
53.575,52.974,10.257,-24.115,64.123,-30.01,-27.728,-22.315,-2.963,2.825,-6.968,9.416
52.656,27.977,34.662,5.329,7.375,-23.424,-30.379,-0.04,-16.343,-22.851,-16.133,-1.481
52.539,19.249,82.883,-49.289,38.079,-23.654,-23.447,19.492,-10.0,11.013,8.575,-17.437
55.361,109.235,91.11,3.379,38.196,-26.639,-29.196,-2.75,-38.521,-2.89,5.331,-23.112
54.96,84.165,70.421,39.44,23.678,-28.669,-13.2,-20.511,-42.987,-10.117,-26.794,-13.339
51.381,-7.122,33.106,-18.485,82.345,-30.741,-3.225,14.103,-22.504,-3.678,-6.497,9.418
47.76,-13.383,20.112,-19.336,70.369,-34.262,-8.922,-10.382,-31.115,-9.8,-5.865,16.661
53.682,36.005,56.622,-47.128,6.457,-5.711,-38.983,9.144,-31.605,-13.277,33.832,-12.585
55.986,77.425,54.089,-6.165,66.412,-39.712,-16.792,0.869,-12.049,-6.626,-4.562,8.579
53.376,41.318,27.228,30.889,79.29,-28.061,-16.469,-21.453,-11.842,9.759,-37.543,23.176
48.168,9.495,58.578,-36.556,45.694,-14.028,-5.355,11.997,-3.031,-11.135,-1.001,14.766
50.15,92.327,32.24,-27.631,69.684,-43.977,-27.058,39.318,-19.019,-21.677,4.348,18.011
52.364,74.031,19.361,-33.027,20.795,-10.492,-22.504,-29.192,-45.165,28.973,-14.721,12.887
51.57,34.914,8.107,-21.352,52.038,-24.604,3.57,41.578,-22.179,-12.025,-2.321,5.93
49.63,103.239,-7.024,-12.55,79.603,-34.804,11.966,2.774,-47.231,-8.058,-16.801,-13.702
52.503,60.132,38.715,-60.173,25.214,7.076,-17.74,-19.289,-42.595,-3.517,7.903,-14.87
54.194,26.917,18.721,5.221,66.107,-35.75,-1.1,-21.519,-21.459,2.77,-25.354,4.651
51.123,3.535,15.433,-31.114,43.122,-31.182,-15.211,26.332,-11.904,-7.684,-6.864,-10.203
50.873,-22.243,79.332,-58.746,70.765,-29.73,2.226,8.141,11.621,5.934,18.52,2.075
54.905,83.664,97.053,22.568,49.246,-25.728,-9.763,-4.806,11.994,1.49,-19.113,0.257
54.831,98.409,75.878,8.137,1.426,-3.84,-28.405,3.508,-30.228,-23.457,13.28,-42.511
53.014,75.57,44.38,45.057,18.141,-12.815,-32.206,-15.289,-27.815,-3.621,-41.843,-27.9
49.255,47.378,54.497,8.698,11.324,-33.82,-15.853,16.379,4.345,-19.689,-5.166,-11.314
52.536,29.004,40.183,-32.864,-3.798,-2.677,-36.451,12.422,-40.275,-5.61,20.459,-5.035
54.036,66.516,82.462,-3.796,-23.089,-20.288,-44.103,-3.225,-39.601,-10.061,-3.244,-10.975
51.43,3.591,50.742,24.019,44.696,-42.325,0.067,10.016,-15.86,-6.951,2.801,-8.968
52.752,2.756,50.957,-18.621,62.268,-29.276,-19.535,16.864,18.596,12.837,1.538,-8.703
53.648,66.33,103.756,1.203,57.824,-31.055,10.126,-2.212,30.525,2.616,1.552,0.178
54.646,87.864,105.209,13.342,44.252,-28.119,1.681,5.412,9.074,5.167,-9.021,-7.613
51.11,2.793,40.669,-3.173,69.004,-22.597,-6.84,30.029,-12.336,-3.817,-27.013,2.197
51.694,31.481,54.971,3.608,67.022,19.604,-18.122,-5.685,14.186,-6.694,-10.994,-5.034
50.501,-0.307,35.296,-75.905,37.819,-30.712,-1.92,5.209,-20.482,-7.221,3.963,-6.265
52.793,45.53,12.499,7.189,43.556,-46.065,-38.689,-25.555,-5.059,-8.645,-4.214,-14.823
54.006,84.005,39.292,-23.639,1.234,-10.682,-27.072,12.39,-50.044,-13.133,14.528,-19.575
53.359,73.027,47.277,38.311,18.943,-27.8,-18.095,-9.716,-34.178,-15.489,-21.785,13.81
49.714,-6.25,20.716,-33.948,4.387,-22.2,-17.529,-9.78,-16.591,-6.348,-7.138,10.973
52.039,1.835,53.431,-17.232,25.113,-1.317,-15.971,9.833,-6.929,-6.617,-13.762,-0.034
50.081,59.858,32.866,-17.203,13.092,-37.061,-4.399,14.655,-18.356,-10.409,-8.597,9.973
51.16,13.02,-17.99,-24.246,22.728,-35.3,7.424,-10.023,-27.194,-8.686,-8.511,13.682
48.852,0.052,-28.068,1.062,62.065,-42.131,-7.738,2.779,6.573,-0.236,-10.926,-0.206
42.967,-20.414,32.162,-8.507,23.726,-21.67,-20.534,-11.095,2.389,-5.006,3.644,-4.274
43.042,-19.089,19.353,-50.534,15.66,-34.479,-10.634,17.834,12.251,-4.709,0.674,-9.056
46.832,30.551,37.682,-7.264,24.751,-22.859,2.022,-8.613,19.152,-1.615,3.387,3.982
48.134,11.685,26.924,-19.187,18.41,-31.489,-13.769,0.46,9.149,-0.435,-14.557,12.247
49.677,-9.377,21.324,-39.613,21.546,-15.605,-27.507,1.555,-26.428,6.995,0.384,19.987
52.793,28.55,36.667,-20.402,45.097,-21.575,-24.901,46.35,-13.612,-9.927,-3.614,-3.063
53.622,52.81,60.861,-42.261,37.428,0.752,-8.838,-0.629,-12.233,-8.081,2.745,-19.978
55.012,63.885,52.368,35.305,16.132,-1.592,-21.442,-29.254,-25.07,-9.947,-28.308,-13.637
54.009,2.65,59.332,10.123,32.584,-14.74,-25.506,8.224,8.908,-13.683,-13.433,0.632
51.988,-11.536,60.444,-14.421,78.468,-38.181,-1.734,-2.698,7.936,9.304,3.758,-16.395
53.467,26.106,74.106,-14.455,76.821,-31.483,6.015,-7.782,17.064,6.93,-0.766,-20.616
54.564,46.663,79.965,13.084,69.068,-39.247,-10.923,-0.239,4.977,8.451,-12.088,-9.525
52.324,63.303,28.568,-23.026,125.921,-45.806,-38.605,-19.985,-42.349,-6.313,10.561,-3.321
52.789,57.831,58.072,38.397,40.165,-20.2,-50.114,-4.858,-40.913,-20.702,-10.561,-5.466
52.068,-2.021,65.372,-21.251,43.18,-17.803,1.201,4.995,-3.139,7.975,-14.987,12.615
53.294,5.316,71.428,-44.657,47.77,-21.319,-25.761,16.711,-5.461,-2.373,13.428,9.678
55.223,63.387,92.364,22.623,38.925,-26.192,-31.81,-29.405,-11.116,2.655,-7.195,10.173
53.71,18.181,112.511,14.59,32.044,-23.265,-25.466,-14.73,-30.898,-7.572,-12.269,-5.687
49.726,7.008,33.945,87.269,37.295,-21.395,-39.881,-8.326,-16.881,-25.099,-24.408,6.455
45.097,-50.047,-26.946,-91.508,60.911,-2.638,-42.139,9.869,-5.047,-11.75,0.882,-11.839
51.14,8.627,39.051,-43.07,59.054,3.233,-32.739,22.028,-11.071,-0.883,-11.573,-18.184
48.36,41.686,2.223,-64.615,32.451,-2.932,-25.507,-28.226,-33.601,5.044,-16.263,-19.566
54.429,27.985,90.731,2.975,45.997,-25.32,-12.958,16.235,9.793,-10.127,-18.851,1.563
52.054,40.671,38.885,23.778,36.805,-14.855,-36.494,-8.111,-33.174,-17.211,-30.209,-17.574
51.952,1.098,71.356,-9.649,74.446,-25.991,-27.398,15.733,1.158,-0.42,10.383,-12.559
52.689,46.824,107.502,4.463,84.415,-27.312,-22.505,0.815,18.229,1.184,-5.778,-20.199
52.786,54.152,81.012,19.213,107.113,-25.341,-0.06,5.207,-16.278,-7.854,-28.94,-3.382
46.623,-4.504,47.831,-59.282,58.01,-3.876,-17.84,21.81,-9.361,-20.525,-24.199,10.63
46.147,12.888,19.574,-69.934,76.458,-39.349,21.783,-68.347,-35.795,5.145,10.979,6.792
50.418,-27.334,62.934,-11.564,87.271,-26.893,2.559,-16.654,-0.206,7.475,-11.754,12.722
51.476,-37.35,74.633,2.25,56.028,-29.741,27.639,-12.96,7.049,7.573,-12.909,18.049
51.535,-24.758,69.436,0.936,50.912,-29.145,16.774,-19.995,17.271,7.923,-10.581,15.722
50.609,-41.785,88.993,19.151,62.912,-37.544,13.156,-2.763,-1.13,2.285,-4.74,12.878
50.184,-46.503,92.471,3.029,74.177,-32.324,16.028,-15.688,-7.985,-1.36,-11.572,12.601
49.734,-53.548,69.779,15.103,74.126,-40.049,37.812,-6.092,-21.452,-1.424,-8.461,6.397
49.213,-48.688,65.688,22.338,83.742,-31.191,17.561,13.009,-24.012,-7.768,-9.177,11.235
48.192,-51.888,19.453,-11.962,93.699,-23.393,14.784,17.639,-27.782,-18.734,-6.752,5.774
44.568,-40.962,-47.236,20.974,61.854,-39.411,-24.91,13.104,-13.271,-12.494,-30.081,7.344
36.521,-17.523,-28.216,-8.356,3.778,-46.954,-19.221,0.14,-13.151,-7.081,-12.724,-4.127
41.037,2.109,52.669,-161.333,14.683,-34.48,33.314,-14.354,-2.091,7.086,47.259,-2.462
48.66,46.245,13.528,58.947,20.376,-20.139,-26.561,51.878,-9.751,-15.478,-43.218,5.973
43.426,31.91,-72.25,-63.449,40.654,-25.026,1.83,-21.675,-17.386,21.762,-9.597,2.204
46.701,70.606,-48.749,-11.32,41.308,-51.146,-16.563,98.668,-4.239,-25.833,12.661,8.436
45.43,30.812,-64.592,-34.078,44.912,-40.06,-9.975,20.127,-18.555,33.449,-27.26,15.496
43.674,228.13,-50.192,-67.562,34.9,-25.922,-16.891,-14.217,-30.753,-13.454,-1.668,-4.09
45.267,14.72,-33.979,-13.491,38.916,-12.313,-27.064,0.48,-29.912,34.467,-38.589,19.886
46.089,24.585,11.725,-10.791,49.055,15.169,-29.57,32.595,33.667,-13.074,-20.775,-0.791
45.161,41.331,-40.314,-16.724,46.151,-28.343,-0.836,32.964,-19.041,-17.737,-12.649,-14.335
39.488,-81.396,-48.031,6.262,19.122,3.716,-31.032,-15.973,-7.248,-12.729,-47.564,-21.532
32.392,-177.529,-49.091,-49.44,36.091,-42.787,-15.914,12.884,-1.753,-2.583,-3.368,-11.879
32.883,-162.109,-24.949,-53.891,52.81,-31.905,-12.558,34.737,1.943,-4.333,-6.653,-22.977
34.507,-116.045,2.121,-42.343,22.381,-23.52,-31.008,-23.127,9.389,3.519,15.585,-1.364
36.824,-65.981,24.401,-37.286,33.031,-33.823,-28.88,-6.961,16.062,3.316,10.056,1.03
39.975,-37.678,5.466,-55.002,28.062,-26.656,-34.829,17.805,9.997,-7.491,5.478,-6.582
43.897,-44.314,24.272,-121.431,29.581,-9.099,1.712,22.688,13.37,-2.293,-6.766,-6.659
50.132,41.217,7.531,-59.976,34.07,0.016,1.002,15.709,7.378,14.595,-39.771,1.993
51.15,42.998,17.384,-32.392,31.22,26.565,-20.191,23.195,25.142,5.138,14.208,9.971
52.915,61.221,47.089,-0.997,44.766,-18.302,-21.317,-13.091,39.728,19.242,5.854,15.564
52.232,43.577,57.365,27.953,43.923,-24.102,4.007,-2.531,34.352,19.1,-28.529,22.533
49.222,47.444,-6.71,-71.794,25.263,12.901,-22.825,4.631,46.999,-4.083,-13.324,13.17
50.014,5.667,-17.363,48.696,33.066,-39.706,-17.212,-7.904,31.923,23.053,-45.652,11.311
50.016,27.075,21.275,41.105,6.625,13.372,-10.17,17.081,0.325,-17.601,-44.581,-7.166
43.023,116.63,-59.098,-38.049,64.314,-28.939,9.895,3.529,6.009,-33.629,-12.616,-1.128
43.673,13.684,0.845,-67.191,11.519,58.951,-1.638,-7.722,1.917,-21.67,-59.042,-20.003
44.999,23.892,6.658,-14.853,28.364,-68.031,-23.035,-21.935,-0.563,20.265,-22.047,-34.931
46.689,-27.803,-19.259,-27.846,6.27,18.065,-6.815,-9.199,-6.3,-18.331,-55.175,-21.945
38.332,-129.345,-24.077,-29.263,7.213,-29.269,22.365,-8.154,-7.89,-15.004,-17.339,-12.362
38.15,-157.229,15.523,-18.906,-17.42,-23.176,23.314,3.592,-16.309,-9.637,-1.886,-17.029
41.507,-92.068,34.002,-58.551,1.168,-24.706,8.948,43.062,-1.812,-11.732,15.122,-24.555
44.635,-43.998,-3.927,-34.906,-4.668,-34.73,20.601,4.025,12.104,1.36,0.051,-11.82
49.178,-6.24,50.681,-84.285,13.3,-8.516,12.97,41.405,22.435,0.313,-22.651,-2.913
50.761,50.069,13.483,21.217,11.13,15.501,-15.027,-7.964,-10.259,-20.084,-13.114,-15.348
50.711,45.571,10.579,60.359,29.026,1.098,-35.11,-3.577,5.676,11.849,-20.069,-6.99
51.727,33.057,28.335,-25.131,57.595,-23.488,-36.482,-5.121,41.379,34.215,5.132,-8.614
52.517,40.967,4.482,34.799,16.391,-4.635,-17.835,-10.324,11.377,3.358,-13.738,1.852
51.748,61.148,24.568,-3.929,14.491,21.878,-12.112,26.039,22.014,-4.386,-35.411,-3.928
48.937,-8.86,4.516,18.201,23.157,25.604,0.83,0.166,-14.088,-3.756,-41.565,2.972
50.343,13.403,8.171,-26.66,-18.804,20.62,-1.021,1.364,-9.918,-26.868,-2.869,-7.496
48.934,42.597,44.43,9.164,0.584,-38.136,38.503,16.477,25.043,3.755,0.935,-8.614
49.709,50.549,64.125,-3.851,15.448,-27.265,19.157,-6.408,0.439,10.138,-2.169,6.886
50.133,11.198,48.612,-21.649,21.508,-27.244,10.733,-13.481,13.365,8.04,-12.922,3.953
53.63,7.928,41.962,-20.337,16.058,-22.85,-13.928,20.284,0.684,-9.692,-8.313,2.803
52.408,21.995,11.783,-21.663,-26.555,-10.219,-2.78,14.555,-14.278,-15.507,-3.603,-7.294
53.366,27.295,15.581,-42.163,-8.084,-10.42,3.718,15.046,-13.672,-3.87,-21.431,4.813
54.165,-0.923,25.396,-9.582,16.378,-19.249,-11.53,1.671,-6.974,5.251,-0.799,0.123
54.557,34.464,32.639,-56.489,-2.125,-10.36,10.237,-7.062,-22.187,-2.331,13.41,-3.569
56.532,40.869,60.269,4.919,19.392,-21.183,-13.711,-2.948,-10.204,1.551,-15.491,-3.308
53.892,22.425,27.694,-62.454,17.747,-20.615,5.925,-5.571,-13.942,4.124,6.969,0.402
55.836,24.718,59.437,1.555,23.931,-29.321,-0.071,-8.425,-15.792,1.317,-15.368,-4.48
55.714,55.823,26.862,-57.504,16.346,-32.206,-7.415,5.457,13.915,13.511,10.006,6.469
57.847,77.718,67.871,-8.834,46.514,-35.189,-0.105,-0.671,23.296,3.373,3.617,16.291
57.857,97.397,83.838,1.492,56.554,-26.636,-19.763,-12.309,21.104,9.597,2.503,29.941
58.058,91.485,77.958,-4.286,46.131,-39.97,-13.309,3.999,27.652,14.273,3.717,23.566
58.647,83.91,65.977,-8.184,32.389,-36.931,-4.203,-7.084,21.97,20.217,-0.611,18.902
58.474,78.323,67.111,0.934,24.586,-37.909,13.621,-0.487,27.363,9.954,-8.107,15.678
58.074,66.031,83.767,0.174,29.937,-30.165,4.607,9.657,11.975,3.444,-4.323,10.309
58.1,89.052,82.313,-6.009,35.051,-36.74,5.931,1.111,29.067,13.575,-11.028,12.8
58.919,99.468,82.155,13.301,41.514,-31.444,-9.972,0.121,15.738,4.118,-3.042,10.378
57.397,83.182,113.802,19.461,63.374,-31.382,-15.594,-14.613,14.321,1.257,2.831,-0.776
57.598,92.285,102.269,15.816,54.88,-42.153,-18.645,-16.329,9.652,16.348,1.759,3.067
57.256,83.267,96.758,20.645,46.655,-35.493,-2.506,-26.094,15.383,9.084,-15.16,3.424
57.444,86.358,93.671,12.735,53.153,-25.005,-9.518,-19.519,21.726,10.554,-8.652,-0.806
57.906,82.485,84.413,11.187,52.248,-33.145,0.009,-32.073,23.447,17.561,-7.216,5.406
58.544,76.185,62.995,6.696,30.768,-25.186,7.359,-17.694,9.585,5.53,-8.369,-6.821
57.918,64.805,68.032,3.274,38.262,-24.378,1.244,-27.434,21.193,6.149,-7.655,12.057
57.28,38.702,51.004,-13.206,22.754,-34.535,16.628,0.688,30.708,0.323,-8.402,0.251
57.546,49.825,41.735,4.739,13.874,-40.497,18.241,-13.573,20.06,-1.113,-7.718,15.725
57.395,65.198,55.783,4.709,21.9,-32.986,18.701,0.747,25.338,6.451,-8.878,5.901
57.978,85.977,96.971,7.671,51.348,-51.685,0.442,-3.473,11.078,8.69,-7.13,-2.456
57.4,92.935,120.286,29.816,80.253,-28.425,-16.114,-7.907,4.811,-2.058,-11.783,4.928
55.919,104.515,117.596,13.332,89.869,-34.392,-21.204,-9.276,36.125,12.6,-6.519,11.793
56.372,110.715,113.196,5.742,87.072,-28.756,-25.107,-16.707,40.851,6.548,3.838,8.131
56.306,111.081,109.791,-0.403,86.041,-35.152,-28.905,-11.852,38.945,18.091,-1.915,11.818
57.57,109.496,121.278,12.896,66.977,-40.674,-24.97,-9.492,8.149,2.765,3.101,7.378
58.32,104.452,113.828,16.226,75.622,-37.44,-18.773,0.037,7.622,0.936,-5.904,-8.431
38.02,63.764,-127.696,439.916,25.81,-59.044,-68.521,99.818,15.702,-25.994,-119.411,3.64
