8.766,122.113,103.37,-193.625,78.91,-23.216,22.785,-66.519,-39.636,34.958,33.594,-11.126
31.918,69.197,96.912,-86.968,97.547,-21.947,-36.769,-29.837,-22.02,10.378,31.308,-9.148
47.519,73.805,123.812,-43.28,97.593,26.209,0.076,-40.065,-35.252,4.084,0.124,10.42
51.051,57.694,134.682,40.151,74.599,-21.074,-0.298,29.075,-26.304,-25.893,-27.487,28.246
51.905,62.944,136.42,5.529,71.532,-7.433,-14.726,-4.928,-9.355,-0.967,1.209,-2.055
52.64,111.07,138.338,45.764,63.732,-2.121,-41.003,-46.786,4.367,-1.319,-17.39,-6.177
50.708,51.112,68.066,-6.291,70.96,-30.23,-38.895,-14.155,0.592,-5.407,9.028,8.659
53.362,122.25,84.879,1.771,78.512,-20.783,-40.226,-6.982,6.432,-27.187,7.996,4.645
51.98,137.163,43.872,29.679,46.016,-7.007,-80.351,17.9,-25.638,-25.218,-17.034,5.926
48.625,66.203,63.579,8.878,45.232,-9.179,-76.069,-0.474,-21.363,-10.544,-14.396,0.756
51.516,73.991,71.71,-7.569,60.901,-2.162,-56.635,1.165,-18.52,-10.058,-4.765,5.953
47.889,86.275,61.305,-51.142,59.387,0.751,-38.665,-3.956,-25.533,-29.858,-0.494,9.505
50.435,56.929,57.245,-1.66,56.901,-43.381,-61.878,-12.637,-30.461,-3.209,11.052,18.928
50.157,102.715,69.107,16.326,70.648,-15.884,-65.71,-3.167,0.505,-18.917,-19.922,3.583
48.548,66.712,54.858,13.23,68.125,-36.195,-67.817,0.33,-22.651,-4.902,7.72,7.654
50.823,94.624,62.279,-15.799,34.968,13.449,-58.837,-22.466,-43.212,-7.958,5.339,-9.243
50.114,98.849,65.505,-20.336,53.046,-0.948,-61.495,6.15,-34.577,-23.852,-23.981,-9.707
48.849,47.916,75.487,-10.398,48.014,-32.352,-71.126,-25.029,-26.439,-8.485,2.264,3.179
51.339,60.287,71.755,15.737,36.982,-2.68,-46.444,5.968,-22.354,-32.691,-6.747,13.391
53.969,101.186,84.691,-9.009,46.581,-2.649,-45.746,-39.655,5.519,37.958,-6.945,-6.483
55.615,102.004,129.085,5.748,42.364,-21.133,-11.992,13.21,3.046,0.777,-8.381,-26.394
54.234,150.345,88.235,26.045,50.038,-10.487,-50.789,-39.851,11.617,27.273,-31.943,3.711
51.028,83.629,65.743,-20.582,50.946,-24.019,-42.807,-6.864,8.824,-15.688,4.784,14.085
52.677,116.205,65.008,-26.29,72.148,-29.68,-15.468,-11.81,-12.436,-0.547,0.331,-2.013
53.74,125.331,62.173,12.945,91.703,-19.278,-12.089,-10.411,8.408,-10.06,-25.524,27.896
51.049,92.054,54.307,9.947,41.435,17.779,-33.284,12.921,-17.636,-19.238,-30.844,4.829
50.773,67.89,40.152,-9.35,61.572,-20.937,-40.583,-29.872,-39.697,-10.429,-4.207,7.223
48.853,90.139,29.3,48.495,62.365,-52.078,-43.495,22.526,-22.86,-5.489,-1.889,3.76
48.753,40.991,26.26,-13.434,62.154,-48.168,-30.875,-8.767,-34.921,-5.173,2.212,0.735
52.109,44.393,91.34,34.479,53.117,-4.557,21.431,6.51,-19.421,-14.566,-17.576,25.37
52.66,94.212,69.288,25.015,30.365,7.856,-25.182,-21.329,-24.264,-10.312,-11.087,15.218
52.421,101.223,16.616,1.425,33.483,-1.766,-70.382,-7.626,-12.737,-8.998,-17.785,0.475
51.807,45.329,126.596,7.178,40.121,13.238,-15.28,-0.892,-31.745,-2.494,-15.197,5.507
50.694,22.015,48.803,-15.923,41.988,-28.997,-26.934,-9.142,-18.698,-3.112,15.439,13.02
51.159,22.853,59.03,13.228,63.328,-30.178,-50.372,-5.035,-7.258,1.972,-11.274,-11.361
48.468,59.423,46.689,9.604,59.227,-34.895,-40.43,-8.764,-9.421,-6.952,-4.042,5.087
49.706,38.131,74.706,-37.767,60.885,22.038,-25.817,8.517,-8.371,-32.893,-1.111,4.525
50.791,40.063,96.597,-21.577,64.821,-17.348,-1.21,-7.557,-22.626,-5.231,-18.988,7.926
51.245,58.919,45.327,-5.395,99.377,-22.203,1.621,-46.47,-45.434,-10.019,4.684,-11.083
51.237,13.807,66.086,-10.515,96.389,-34.048,-33.815,16.117,3.255,-11.052,0.258,-9.11
52.57,18.343,66.577,-3.049,97.186,-7.777,-46.683,-10.504,5.51,-0.614,-11.169,-11.495
51.124,64.965,55.221,-13.736,27.126,-15.993,-55.661,-11.12,-1.045,-18.738,-8.632,-14.39
49.504,45.245,22.991,15.017,39.37,-24.3,-44.78,-29.874,-16.493,8.214,-21.446,-11.321
47.62,40.932,62.205,-10.042,53.391,-11.749,-27.135,-25.77,-29.563,19.374,1.271,0.029
51.832,50.76,46.211,25.5,52.115,9.075,-45.855,-25.923,-14.335,-6.406,-1.623,-15.956
52.84,64.475,85.619,33.383,36.277,-10.307,-7.921,-19.454,-25.637,-17.055,-13.778,19.57
49.933,-5.866,57.407,-18.943,62.737,-27.518,-25.303,-35.882,-22.099,6.491,-5.989,0.116
51.26,8.691,58.42,-10.356,81.876,-30.178,-46.572,5.818,18.985,1.398,-15.17,-2.102
48.734,20.753,13.568,9.959,43.421,-14.057,-41.737,-21.419,-8.977,-5.803,-16.743,0.368
47.777,-0.604,10.927,20.65,42.483,-32.243,-41.326,-13.563,-18.663,-11.087,-11.509,9.864
44.83,-11.458,43.128,-37.936,35.913,-22.369,-24.26,1.868,-4.347,-9.732,-12.65,11.049
45.509,29.422,24.906,16.946,15.032,-46.653,-34.071,-11.054,-28.357,-3.968,-13.009,0.281
46.395,4.535,28.129,30.048,37.758,-34.464,-36.966,-7.038,-33.217,-2.32,-13.202,8.344
46.595,1.603,13.078,14.622,34.64,-47.548,-34.269,-13.581,-20.675,0.569,-7.876,13.613
46.441,0.757,17.215,26.241,33.392,-31.913,-23.984,-11.604,-17.303,0.704,0.503,9.726
47.505,20.605,34.777,-0.372,28.981,-53.349,-25.8,7.877,-15.733,7.766,1.856,13.687
49.12,16.378,49.769,-9.32,54.885,-43.001,-39.934,-32.223,1.76,0.666,-5.497,-3.387
52.563,45.098,71.318,-5.633,47.2,-1.259,23.931,8.348,-13.118,-3.676,3.475,17.14
51.431,47.904,16.475,-16.554,-3.794,-37.715,34.581,26.186,-39.796,-5.506,14.636,5.101
53.129,23.434,95.395,-1.726,33.579,-33.805,33.117,-7.986,-40.896,13.948,-1.091,-2.444
55.033,52.677,124.069,37.851,66.787,-46.605,32.262,-7.42,-18.916,-7.477,11.521,35.38
54.697,113.792,100.407,31.802,43.057,-45.035,26.975,12.928,-15.693,-13.487,5.47,41.177
55.141,86.385,51.64,15.021,24.505,-15.207,33.79,-2.615,-7.115,3.018,-31.72,29.538
53.739,99.787,70.036,-32.304,42.558,-30.116,0.252,17.25,-5.386,-23.538,14.13,29.199
55.293,107.248,42.567,45.011,19.729,-33.068,8.796,-6.986,-29.857,3.232,-14.315,33.72
53.509,39.184,54.933,0.962,34.936,-34.83,35.818,31.581,-28.097,2.818,-23.98,20.774
53.116,82.735,52.384,-17.636,70.413,-17.37,-9.316,-2.072,-34.154,17.265,-22.116,9.96
52.858,95.883,90.195,-16.296,61.031,-7.339,-12.518,10.8,-29.787,-22.76,10.326,38.818
54.254,72.807,33.961,21.319,11.275,-36.383,10.639,-16.774,-52.038,18.088,-10.586,41.001
54.316,97.403,74.031,-33.238,2.556,-10.851,-19.125,14.885,-16.449,-32.371,-5.168,3.138
54.951,121.176,86.597,33.113,32.967,-20.904,-14.07,-5.838,-14.204,-13.101,-4.993,10.811
54.2,109.417,23.806,-34.719,1.855,-7.785,-17.823,22.096,-14.396,-20.913,-12.596,-0.895
54.332,93.008,58.517,-11.008,36.662,15.235,14.431,17.502,-10.498,-1.816,-14.552,20.359
52.106,75.625,45.522,-14.46,66.546,-43.103,-1.688,-14.008,-65.286,4.153,7.387,0.272
55.851,79.609,102.177,8.468,56.287,-28.987,3.722,-16.586,10.052,23.152,8.185,-8.577
56.795,115.887,57.769,-8.241,17.733,-48.149,11.481,29.075,45.347,6.602,-1.84,-14.909
55.418,158.312,78.98,16.046,20.538,-10.985,-69.888,-9.253,19.213,-3.568,-4.908,-9.266
53.224,113.103,7.501,-23.568,44.35,-23.844,-20.404,-19.965,-0.455,3.236,-2.879,-11.324
51.481,87.296,27.6,47.943,15.852,-49.022,-30.926,-24.541,-17.399,18.723,-9.833,-1.573
52.067,46.536,22.82,9.97,31.374,-2.006,7.322,47.968,-26.421,-20.551,1.306,12.491
53.556,67.422,40.519,-37.384,26.669,-4.512,10.472,25.716,-6.197,-13.15,-42.89,-1.539
51.41,108.594,47.738,-38.53,65.165,-16.019,3.066,-0.05,-45.512,-21.576,-6.563,18.667
54.114,102.632,61.817,6.542,21.292,-0.017,-45.959,-2.804,-22.681,-19.445,8.627,14.929
53.164,86.869,5.05,-8.137,11.743,-13.466,-7.63,-9.505,9.299,-12.334,-12.514,8.647
54.439,118.405,51.858,22.461,14.581,3.536,4.821,-24.148,-22.757,-18.169,-24.198,30.42
50.522,61.813,68.248,-4.117,24.242,-27.539,-9.918,10.447,-23.764,-11.847,5.466,16.8
53.014,138.647,39.036,8.81,25.718,-1.92,-39.839,-25.152,-18.761,-8.017,-20.733,12.036
52.999,58.643,22.91,-22.07,12.035,-21.527,4.4,-6.218,-6.774,-6.352,-10.736,22.048
54.783,66.308,44.382,16.509,30.759,1.219,26.05,-2.352,-10.519,-28.123,-30.562,24.316
50.01,69.339,72.98,-29.144,70.238,-31.936,-6.966,-20.902,-31.12,-33.264,5.682,8.01
52.665,34.102,66.934,-10.409,66.707,-23.406,-45.996,15.338,0.993,-18.295,-22.628,-28.323
51.609,70.416,54.361,-15.044,30.799,-11.147,-47.867,-11.617,2.718,4.453,-14.515,-7.923
50.627,39.271,44.64,4.633,48.128,-25.634,-38.894,16.786,-5.429,-11.118,-21.051,-11.269
51.954,69.244,63.994,-5.579,25.335,-8.685,-36.391,-20.494,-22.033,2.113,-8.098,-4.634
51.723,72.69,-16.165,-19.013,37.189,-58.578,-32.621,16.42,-38.347,3.152,-7.368,-16.092
51.127,60.193,23.167,-20.057,34.984,-23.987,-7.661,12.427,-42.877,32.666,-16.111,-7.903
51.06,18.887,54.668,-33.282,43.378,-41.801,-22.343,10.239,-28.703,9.563,8.674,-4.144
53.267,91.121,72.046,-2.518,82.089,-48.332,-26.797,-4.816,26.914,8.453,-4.719,6.131
52.712,56.253,5.265,12.445,8.965,-47.82,-14.97,-29.004,21.0,5.335,-13.486,-4.897
49.581,48.483,46.412,-4.33,20.526,-26.73,-36.687,4.041,-12.755,-13.322,-13.347,-14.964
48.278,38.447,20.903,-18.462,38.873,-22.951,-15.433,-6.701,-0.726,-8.003,-8.622,-7.022
50.784,71.337,51.998,-57.811,33.744,6.947,-28.926,10.471,1.103,-14.194,-13.444,0.043
51.96,66.769,14.887,-6.907,31.909,-13.741,-23.258,12.901,-31.902,21.266,-24.442,-13.338
49.449,29.056,40.564,-14.62,53.514,-39.165,-21.861,-8.88,-38.137,-4.024,6.66,-6.602
51.88,16.602,56.558,-34.685,77.552,-20.929,-33.62,16.425,8.622,-1.234,-2.643,-18.87
53.174,36.527,20.458,-35.954,53.697,-39.796,-21.916,-7.938,25.681,18.067,8.057,-29.458
51.912,45.26,57.504,3.872,78.856,-26.559,-54.473,-7.327,6.126,0.436,-15.545,-11.734
50.238,70.911,60.698,-9.117,23.188,-33.912,-69.421,-14.659,3.927,2.568,2.932,-20.424
52.04,86.018,6.627,-25.33,-10.191,-34.757,-46.709,-5.738,11.65,0.963,12.111,-11.62
52.69,116.348,18.522,-23.485,9.422,-8.16,-60.375,-34.358,14.1,4.615,-4.507,-0.906
49.223,39.982,2.792,-6.404,16.761,-26.356,-32.492,-3.47,9.759,-6.26,-8.092,15.962
47.164,8.701,37.433,10.556,36.495,-23.973,-35.029,-13.802,-32.201,0.942,3.861,7.624
45.686,23.463,-47.052,-2.673,-3.632,-79.963,-2.685,-0.212,-10.651,14.235,22.139,-2.306
47.03,17.648,16.761,1.662,36.133,-30.612,-32.787,-7.944,-19.67,17.781,6.241,10.578
47.011,29.538,-11.479,-20.814,15.736,-19.113,-11.094,-11.678,-7.507,-6.783,8.487,-1.044
48.205,17.232,-11.115,-12.987,6.09,-64.77,-10.474,14.294,-12.563,13.136,-7.359,4.362
49.484,40.524,-4.37,2.865,26.288,-53.676,-32.938,-12.225,-2.877,3.785,-9.338,-9.339
47.539,23.174,-17.16,-24.015,-5.414,-69.35,-4.408,3.78,-13.989,12.083,-3.393,-11.124
52.304,60.233,72.836,8.74,38.105,7.628,25.51,-16.9,-12.261,25.097,10.035,4.621
51.775,91.436,-20.667,-24.284,37.58,-82.676,28.052,40.093,-17.235,-18.078,-13.893,-8.571
52.021,89.329,26.104,-31.529,53.441,-30.589,-9.176,-32.597,-37.933,11.914,-14.356,-7.424
52.646,88.653,37.586,21.199,50.96,-39.154,-42.909,17.329,-17.158,6.348,-4.383,-14.546
53.652,43.44,50.616,-14.76,18.946,-41.354,19.6,8.373,-26.88,26.023,-13.653,-2.495
52.286,21.806,67.89,5.094,47.686,-21.692,-24.982,-7.268,-1.739,-7.02,-5.428,-5.154
52.493,22.955,22.001,-44.177,34.021,-33.267,-23.28,31.177,-21.966,-2.682,-3.61,12.243
51.96,62.168,37.138,13.351,21.582,-27.653,1.118,2.852,-28.45,-13.508,-11.91,11.878
51.209,67.887,-7.394,-5.375,26.239,-20.513,-7.072,18.329,-37.835,14.339,-7.871,4.673
49.118,13.045,12.612,0.581,33.188,-46.731,-12.98,-1.456,-14.412,4.669,-15.409,-1.299
50.435,64.089,52.418,-76.961,45.527,-8.862,0.988,16.387,-0.851,-8.294,-26.239,4.555
51.727,59.506,50.387,-16.547,35.654,-16.176,1.859,2.163,-6.468,-2.549,-11.319,13.336
50.711,49.252,11.479,-14.796,18.61,-32.334,-14.151,-9.759,9.512,1.458,-1.221,-0.024
51.431,82.783,30.069,-8.808,36.87,-35.854,-11.318,14.083,-31.787,7.252,7.918,8.1
49.633,32.512,-8.942,-16.123,2.946,-67.118,-1.064,2.224,-3.458,4.329,-11.416,-5.681
51.516,133.333,30.704,-69.804,27.308,-20.648,-36.299,-30.919,12.456,-2.735,-11.23,-6.027
54.974,100.137,62.273,21.603,40.32,-15.357,5.604,2.193,-12.498,12.542,-21.685,-0.919
54.132,106.339,29.31,-17.155,20.426,-15.303,-12.298,11.262,-0.729,-11.158,-9.472,14.153
51.534,53.006,-15.495,-17.055,14.145,-75.592,-4.781,-3.576,-10.794,12.028,-18.956,-25.932
54.296,139.563,9.268,-17.428,25.276,-9.844,-49.106,-6.062,24.124,-21.022,1.948,-28.137
54.51,145.528,2.915,-35.484,5.814,-15.381,-42.375,23.424,11.873,-19.873,13.553,0.402
52.997,92.419,24.298,19.972,65.11,-36.901,-27.24,19.475,-8.058,10.361,-5.935,6.094
51.376,70.854,4.777,-35.078,3.962,-26.906,-32.326,-10.166,-15.272,22.173,11.219,-13.152
53.48,88.761,36.349,-47.734,39.825,-21.963,-40.734,14.906,4.163,0.173,-6.525,-25.01
54.273,114.205,19.562,0.832,19.557,-3.921,-43.267,-9.587,11.173,2.035,-12.545,-3.789
52.882,99.417,21.573,-4.301,34.541,-23.943,-14.612,-11.708,-5.83,-10.602,-13.767,-1.172
51.378,67.788,38.381,8.232,32.344,-20.945,1.776,5.18,-32.288,-8.002,-7.891,-10.989
52.622,96.352,53.458,-31.23,37.466,6.25,12.708,1.708,-11.386,-6.602,-15.958,-15.304
52.324,85.427,33.722,-18.295,44.361,-31.061,-18.947,-15.731,-21.514,5.363,-3.625,-6.376
53.848,75.988,56.255,-8.14,47.942,-27.394,-43.218,-18.544,-14.164,10.265,-6.47,-12.347
53.553,69.802,68.58,-10.789,32.505,-14.656,-14.784,8.377,-24.83,11.677,-23.651,-11.621
52.783,128.37,19.282,-10.26,31.231,-18.029,-48.833,-41.369,-6.947,-14.379,-2.645,6.755
51.662,76.252,14.467,-4.901,31.359,-31.347,-27.196,-1.819,0.225,8.239,6.654,14.724
52.041,131.215,19.265,-11.317,70.489,-34.351,-34.508,-13.945,-29.8,3.566,-5.981,19.886
52.805,144.066,-17.491,-21.303,25.173,-14.83,-26.287,-16.093,17.763,-18.343,-15.401,8.393
49.911,57.357,27.106,-18.557,24.29,-21.328,-9.738,-10.719,0.028,11.529,-10.44,15.908
52.923,73.473,33.102,3.793,43.374,-7.591,-34.338,-6.026,-8.62,19.705,-10.535,4.921
51.711,49.378,11.394,-10.889,17.859,-43.395,-7.203,-0.926,7.118,3.884,2.488,1.207
51.49,62.394,6.779,-2.033,26.481,-36.833,-7.028,1.757,-22.928,10.082,-12.533,11.248
50.827,72.938,43.217,-30.122,33.668,-0.735,-21.716,1.42,0.939,-10.158,8.103,-22.205
53.807,142.321,12.431,-10.813,29.656,-1.903,-35.131,-8.902,20.45,-20.249,-13.187,-2.881
51.943,53.051,40.345,-28.158,54.758,-30.257,-47.058,9.131,5.644,4.743,0.925,-7.883
52.696,98.314,29.254,6.393,69.222,-28.704,-47.215,16.658,0.083,-12.482,0.412,-8.01
55.089,115.144,10.062,-27.554,16.147,-9.188,-41.301,-2.108,21.599,0.445,-11.558,-29.863
52.637,117.161,19.855,-17.741,20.477,-21.136,-49.265,-21.116,2.086,-3.243,-14.414,-11.831
53.695,89.371,56.248,-24.645,38.614,-10.703,-38.574,-13.089,1.299,-5.642,-2.7,-16.813
54.314,110.449,39.137,13.601,28.551,-13.131,-32.713,3.991,-1.825,-20.316,-8.188,-12.688
51.401,41.011,7.623,-13.453,-0.033,-61.655,-12.642,4.305,-15.707,10.219,-9.169,-2.124
51.091,145.488,25.336,-30.394,58.494,-35.918,29.692,12.177,-9.485,-24.267,-11.915,-5.864
52.081,82.066,25.723,14.157,29.555,-17.223,-20.598,16.11,-4.083,-8.409,-5.739,0.552
54.351,101.009,51.404,-10.53,90.755,4.355,1.601,-33.017,21.564,-1.756,3.859,3.528
54.055,73.562,42.995,31.066,71.097,-57.275,-17.568,-0.096,17.899,15.368,-13.568,2.517
49.322,115.744,48.437,-3.605,38.445,-31.406,-45.112,24.323,-18.987,9.36,8.237,-9.15
47.988,82.312,61.202,16.046,60.202,-53.886,-19.563,13.345,-23.46,-7.02,-14.75,-4.659
47.585,55.738,-31.325,12.542,15.868,-66.161,-26.291,10.253,1.131,-2.398,-32.238,11.242
52.374,107.987,36.295,-10.767,60.19,-2.731,-43.149,34.356,32.985,-20.992,-3.421,-28.686
56.354,103.655,83.406,-15.37,27.334,0.064,-17.6,24.828,22.146,0.577,-3.515,-52.056
55.793,153.249,29.973,12.74,-7.876,-17.066,-65.201,-9.693,-5.468,20.693,-14.88,-26.297
54.239,75.507,103.438,-24.445,57.323,-30.386,-13.061,11.028,-12.536,6.217,7.663,8.223
54.588,79.157,37.512,25.37,14.346,-47.601,-16.758,-1.995,3.819,-3.438,-16.678,-12.533
52.855,91.043,56.358,30.677,32.038,-27.101,-21.607,-26.533,-8.17,-29.842,-1.891,-9.659
52.909,10.769,17.439,-7.364,45.711,-15.015,-51.331,-24.96,-4.463,17.847,-7.156,-11.81
52.172,-16.561,27.315,-33.107,69.767,-47.314,-38.951,3.413,-4.411,9.106,12.077,-6.494
53.511,35.147,38.534,-24.904,32.404,-47.723,-23.608,7.712,-12.526,-7.596,0.149,20.198
54.55,96.307,39.246,53.198,30.02,-3.505,-43.13,-5.358,-13.21,-18.365,-13.422,12.968
54.716,132.359,50.211,34.448,17.052,8.648,-59.587,-13.278,-5.837,-26.04,-19.423,-11.505
50.379,55.118,57.441,9.045,33.09,-37.534,-50.072,-13.311,-13.761,4.955,-1.175,3.755
53.365,116.625,62.262,-48.837,37.388,-0.318,-53.019,37.964,-8.274,-28.391,7.865,5.054
55.626,130.407,54.142,-17.774,15.374,-17.512,-37.158,-9.048,-9.552,15.708,-5.613,-13.402
54.371,154.538,16.269,25.24,-20.79,-8.273,-62.836,-32.146,-10.271,-2.843,-19.912,0.927
53.29,97.472,85.349,-56.904,46.537,-9.613,-4.509,6.392,-4.422,12.569,-2.241,-18.84
55.264,119.81,71.506,-16.253,62.353,-26.696,-3.485,-1.55,16.752,18.456,-9.262,-2.82
53.822,70.993,29.813,46.438,32.799,-48.282,2.289,18.392,-20.189,15.66,-4.988,20.688
54.233,104.996,74.92,6.389,50.047,43.042,-1.011,-17.362,-13.589,-12.973,-16.731,-1.135
54.084,124.05,82.426,-52.028,35.31,-20.634,-17.606,21.509,-15.749,1.873,10.501,-2.953
56.823,144.136,64.284,12.178,51.214,-20.529,-31.571,-19.522,12.838,20.657,-29.76,8.345
53.813,60.771,31.283,4.393,35.506,-45.546,-17.375,-2.73,-10.504,5.206,-7.955,12.278
54.339,126.483,63.971,-21.396,52.517,-6.873,-20.014,5.383,-0.312,1.565,-7.926,-9.636
50.324,72.157,66.745,-12.283,46.84,-2.745,-7.32,10.408,-8.463,-3.272,4.227,6.613
52.785,57.961,17.771,-34.121,26.932,-26.76,-41.067,-2.285,-6.561,15.156,-4.343,0.488
54.161,53.231,85.062,-26.028,61.223,5.04,15.762,30.312,-13.204,-32.031,-0.43,39.579
52.935,104.334,28.93,21.786,50.862,-23.776,-25.582,-7.198,-27.806,-1.674,-8.025,11.604
54.635,87.308,57.312,-36.285,45.805,3.769,3.724,10.109,16.772,15.046,6.737,-1.289
54.721,146.839,39.432,-22.08,4.363,-19.655,-63.021,-1.097,3.205,1.536,-4.485,-2.284
54.724,182.099,-9.302,-26.221,-33.201,-33.968,-48.982,-7.724,-1.648,4.662,4.903,-11.298
55.619,137.0,56.253,11.847,7.176,-8.533,-34.221,0.463,16.548,2.815,-36.278,-33.054
51.693,89.221,1.685,-38.39,1.585,-46.98,-25.225,11.82,0.661,-6.804,-10.685,-12.997
53.264,109.909,-3.071,21.636,9.026,-3.658,-14.429,-16.628,8.388,-11.349,-17.683,-3.701
53.638,78.601,-6.283,16.918,23.744,-40.301,-30.234,-3.233,8.683,11.701,-6.332,-9.241
53.469,142.354,43.127,27.091,53.523,-5.169,-46.009,-39.935,-5.092,-12.153,-17.03,-5.138
52.168,71.117,-18.294,-42.226,29.698,-56.12,-15.244,11.508,-5.634,5.068,0.321,-2.156
54.893,93.095,21.227,-31.989,2.893,-18.01,-21.68,11.58,-8.037,10.125,9.939,-24.922
55.689,101.526,76.298,9.736,31.342,-32.15,-33.399,18.415,8.678,4.438,-19.813,-37.334
56.184,92.341,62.438,-29.949,39.336,-24.696,-3.512,27.915,-3.885,8.828,1.428,-0.737
54.919,145.442,59.523,20.848,60.048,-17.228,-49.934,-27.076,6.08,-8.666,-29.793,-3.467
53.527,66.517,14.508,-25.767,15.517,-40.297,-19.904,-1.014,-13.122,3.26,-3.851,-1.893
53.622,106.564,-0.852,-34.706,44.335,-57.006,-18.05,40.975,-23.852,-17.229,4.29,3.333
55.494,114.204,11.402,-54.145,4.196,-5.988,-47.775,10.521,-4.266,-5.591,-16.206,-1.158
54.619,109.243,30.322,-12.841,25.551,-22.367,-40.475,-12.139,-13.572,-10.388,-16.036,14.228
55.402,103.863,4.738,-38.851,27.779,-21.04,-8.658,-0.484,-11.869,10.41,1.411,16.928
56.055,78.197,57.28,27.42,57.681,-28.669,-7.774,17.66,-6.428,-4.548,-24.753,-5.156
53.921,52.666,31.686,-32.596,38.838,-50.182,11.268,-4.376,-26.887,-1.449,-6.586,-3.933
55.089,89.484,49.874,-17.387,31.19,-30.161,-11.033,12.107,16.239,10.685,-1.945,-4.163
53.136,51.866,22.418,-33.253,28.871,-38.596,5.582,-9.706,-27.07,-14.137,-6.799,9.695
52.485,67.212,15.047,-31.81,56.11,-46.567,-14.445,17.75,-23.02,-26.212,-4.021,3.772
56.237,105.343,51.696,21.219,72.334,-19.147,-35.975,-12.318,-15.253,-19.914,-10.337,7.137
55.053,92.177,75.401,5.743,80.368,-26.948,-60.63,-11.833,-1.145,0.612,-7.628,-1.816
54.173,103.156,112.729,12.947,93.439,-31.943,-69.875,2.985,-6.614,-5.682,-6.614,-14.692
52.573,114.44,140.703,22.1,93.096,-37.611,-33.7,-0.997,-15.689,-6.604,-7.945,-9.335
51.778,133.766,155.563,25.302,124.927,-44.861,-20.874,10.733,1.279,1.478,-2.639,-21.72
54.134,193.197,181.006,50.062,103.753,-7.884,-4.589,-10.244,-4.786,-11.928,5.375,0.128
51.728,161.224,175.068,31.832,99.337,-19.917,-4.871,5.937,-15.425,-1.588,2.293,1.922
52.963,233.097,203.712,52.782,116.671,-12.829,-8.042,-16.955,11.456,9.842,-0.842,4.444
53.674,205.784,154.743,26.271,86.656,-16.543,-25.413,-18.835,7.82,31.218,-13.898,10.541
55.37,112.68,44.183,-8.901,15.348,-12.417,-36.364,-0.942,-0.597,20.402,-24.187,-22.986
51.513,168.478,74.817,51.54,31.044,-4.417,-10.096,-9.843,2.13,-23.709,-21.538,-24.438
52.919,159.197,92.083,-27.876,62.715,19.418,-3.518,-52.096,-23.584,49.914,-37.138,-7.631
55.26,96.653,25.612,-26.684,20.872,-29.162,15.898,-24.32,-0.645,4.777,-12.937,-18.264
56.004,87.153,-4.569,18.273,30.68,-29.135,-2.524,-17.741,-4.518,8.509,-48.48,-15.971
54.312,68.271,8.234,-0.767,13.671,-5.607,8.276,-20.598,-15.232,11.62,-14.184,-21.554
56.91,94.929,37.282,-20.407,40.236,-9.114,3.017,-0.604,-9.543,7.645,4.477,-20.263
55.783,84.886,-17.874,26.912,20.435,-37.021,-5.944,12.501,-9.793,10.448,-34.126,19.686
52.88,65.869,8.441,-55.44,26.611,12.794,22.481,6.68,-7.055,-6.895,-39.866,3.948
53.478,90.485,3.01,-57.437,21.977,18.395,32.996,-0.453,2.114,3.006,-21.086,7.674
54.672,80.374,6.559,-9.889,23.269,-55.738,-0.984,-7.871,-15.867,15.239,-4.187,5.841
56.048,81.371,4.525,8.666,28.003,-26.547,10.622,-4.608,-11.341,10.096,-32.115,5.021
49.848,39.746,10.667,-67.099,17.895,-24.755,23.099,-3.091,-6.106,11.11,-2.536,-7.694
55.258,82.61,1.405,-6.91,18.327,-46.303,-6.279,-12.097,-22.932,17.151,-21.702,-20.541
54.396,77.271,47.484,-35.306,-11.314,-7.894,2.78,3.368,-26.011,4.512,-12.22,-23.679
56.018,76.587,12.016,-6.238,8.905,-23.755,-2.2,-9.099,-6.135,-6.689,-17.397,-8.536
54.807,70.956,-16.261,23.017,13.615,-23.103,7.918,-18.294,-3.248,2.86,-57.649,1.43
50.401,68.989,-7.457,-72.741,-6.403,-15.297,13.098,-8.728,2.747,14.858,-11.642,-0.281
56.978,82.792,5.239,10.899,33.263,-41.228,-11.259,-1.95,-12.615,8.402,-29.496,-13.07
55.514,96.197,25.412,-32.259,23.742,-21.069,3.035,-25.497,1.859,14.589,-20.855,-17.743
55.945,82.177,-9.741,13.461,35.682,-33.29,-7.036,-19.373,-0.454,3.121,-46.397,-14.135
53.833,85.801,0.003,-16.184,1.543,-1.397,-4.294,-30.323,-2.46,6.034,-3.74,-22.507
56.565,92.245,32.419,-33.757,48.127,-3.645,6.767,2.483,-0.438,-10.205,-2.78,-15.769
55.441,80.481,-16.543,37.37,28.957,-35.602,4.786,7.668,-3.339,-0.05,-32.626,18.0
54.673,73.615,1.961,-2.356,24.945,8.49,13.271,-3.583,-3.27,8.707,-13.007,5.669
53.233,85.423,12.931,-55.95,16.036,4.625,44.535,2.587,4.468,-2.369,-14.819,1.697
54.926,77.616,-8.867,-5.819,31.285,-30.487,-6.547,8.121,-20.715,20.275,-12.062,4.834
53.7,68.424,10.545,-0.128,6.21,-26.933,11.504,-21.63,-12.074,8.308,-29.857,-18.85
56.349,90.773,-2.165,16.363,30.161,-21.396,0.502,-0.228,-5.675,4.113,-46.734,-9.743
49.887,51.031,12.498,-39.321,8.215,-24.171,-1.564,-13.623,-4.697,4.778,-17.786,-33.482
55.669,90.106,3.02,-5.762,25.519,-46.839,-7.917,-6.355,-8.291,18.324,-26.746,-7.43
54.107,86.719,37.218,-40.871,0.975,-29.053,6.219,-11.855,-2.311,12.38,-14.051,-11.523
56.298,98.912,5.687,5.694,23.895,-29.41,2.601,-11.051,-8.636,-2.613,-31.498,-4.555
51.124,68.264,5.012,-53.801,-7.597,-16.463,13.282,-9.913,1.686,18.253,-4.467,-5.331
57.585,94.998,3.95,19.419,31.415,-33.693,-9.911,-15.321,-10.175,1.369,-26.084,-9.693
55.393,78.115,26.901,-34.959,32.498,-23.47,4.266,-23.394,-4.574,13.063,-23.121,-19.084
56.378,83.621,2.896,-0.244,30.578,-16.359,-5.55,-20.708,-0.306,-7.817,-26.37,-18.279
52.308,64.722,-10.201,-64.128,17.45,5.358,3.979,-29.298,13.077,-1.34,-14.469,-28.751
56.744,100.622,23.133,-9.056,42.472,-34.745,-10.299,0.217,-11.745,1.327,-13.172,-11.437
55.463,75.813,-14.213,29.474,21.46,-37.197,-2.797,13.699,-8.128,10.301,-32.449,19.625
53.869,69.053,11.632,-23.07,25.818,19.225,23.857,1.697,-2.89,-4.126,-27.19,-1.345
53.286,76.328,6.567,-59.354,25.691,12.884,34.386,-3.418,8.262,5.229,-16.622,4.086
54.848,77.896,-6.725,-11.71,20.995,-51.732,-11.037,5.171,-24.899,18.453,-16.555,8.055
53.231,70.773,10.483,-17.043,9.797,-25.72,25.039,-28.152,-2.851,15.928,-21.551,1.261
56.821,83.772,6.386,1.736,37.054,-31.265,2.096,-6.003,-5.726,15.044,-20.376,3.296
48.882,35.838,-2.855,-89.935,-2.579,-18.871,21.966,-6.229,-6.921,-8.211,7.585,-8.489
55.209,84.17,4.758,-5.014,14.166,-46.232,-3.975,-12.711,-24.023,18.529,-19.156,-19.401
54.423,73.795,42.974,-44.386,-8.747,-7.635,2.169,-5.718,-16.24,6.963,-11.173,-24.152
55.932,71.429,2.166,3.523,16.036,-45.916,-8.849,-18.376,-18.122,-1.705,-10.062,-14.578
54.435,59.579,-8.393,-3.819,8.968,-3.811,-5.714,4.4,0.117,-17.274,-50.352,0.628
50.573,65.492,-7.594,-57.896,-0.99,-26.217,10.858,-19.691,3.426,22.682,-4.69,-5.283
57.078,81.467,8.524,6.95,29.843,-43.453,-15.366,-8.706,-16.711,10.519,-30.155,-7.908
55.649,89.896,27.012,-24.281,24.105,-15.02,10.628,-23.362,-5.11,15.807,-20.198,-8.752
56.087,90.49,-2.324,15.326,19.297,-34.276,-8.466,-22.039,-12.052,-0.463,-41.692,-9.034
53.282,70.331,2.098,-38.683,13.154,12.564,9.274,-29.279,-2.673,8.612,-27.163,-17.831
57.065,102.384,20.731,-8.386,47.606,-31.087,-12.885,7.778,-9.129,4.383,-10.178,-9.818
55.608,81.04,-18.441,32.001,22.374,-37.51,1.428,8.682,-16.761,2.853,-27.656,13.713
54.102,69.51,3.785,-20.436,29.215,13.123,17.075,-3.241,-8.386,-1.147,-27.121,4.731
54.101,96.077,14.636,-31.26,10.494,9.82,28.343,-2.177,5.722,5.76,-24.333,-7.636
55.2,74.253,-5.921,-8.506,24.234,-35.805,-16.232,10.569,-18.642,19.438,-21.94,4.157
53.487,63.177,10.566,-2.178,10.33,-34.215,9.314,-20.906,-1.25,23.385,-26.07,-9.199
56.744,89.38,6.991,-0.662,37.938,-27.709,3.879,-0.243,6.743,7.257,-25.792,-7.851
50.435,63.489,-2.898,-41.274,18.747,-28.341,20.465,-3.058,24.611,5.031,-8.821,0.989
55.69,86.576,4.037,-2.622,25.162,-47.248,-5.579,-6.409,-9.519,20.683,-25.533,-8.815
53.862,99.323,35.72,-39.077,2.09,-36.445,19.03,-7.458,-1.595,14.909,-10.949,-12.923
57.244,106.991,30.136,-3.924,25.367,-36.493,0.815,-3.978,-7.245,5.707,-9.052,-6.588
55.665,100.51,30.57,7.839,31.471,-35.659,-7.031,-4.894,0.157,2.735,-23.283,-10.43
56.677,91.136,62.755,19.791,55.918,-24.535,-24.658,-15.222,-11.935,-3.311,-26.149,-3.387
56.315,110.546,68.688,-1.886,60.231,-21.16,-21.706,-2.493,-0.078,2.98,2.949,-5.244
56.084,94.515,13.875,25.638,33.219,-26.865,-9.276,-19.888,-5.422,-1.781,-44.526,-7.464
54.155,63.367,5.994,-19.672,26.207,6.161,5.818,-16.731,-4.783,14.481,-18.171,-22.826
57.017,97.598,25.328,-5.305,43.019,-28.466,-11.084,13.616,-11.5,7.8,-15.084,-16.629
55.987,90.814,-9.199,17.343,24.922,-41.922,-6.708,11.421,-5.59,16.048,-12.402,13.505
55.563,80.188,-0.063,2.823,25.745,-13.911,6.37,-1.44,-0.892,11.084,-19.997,6.39
53.551,79.372,11.841,-51.537,16.868,6.86,36.992,13.473,2.789,2.397,-16.23,9.893
54.616,69.887,-4.363,-12.296,29.632,-39.127,-3.974,7.607,-25.608,19.931,-2.111,9.354
54.495,106.656,12.867,-30.312,-3.488,-21.538,7.213,-20.795,-6.571,18.017,-13.674,-4.248
56.522,84.553,4.185,9.106,33.665,-30.3,3.735,-2.874,-11.025,9.822,-37.78,3.448
49.245,47.302,-2.326,-87.623,15.202,-28.877,11.942,-9.279,-6.393,14.831,-3.935,-13.654
55.288,85.962,9.809,-9.65,16.584,-49.136,-3.73,-12.891,-25.822,14.111,-13.243,-18.195
53.448,75.939,-32.87,-6.252,-20.092,-69.07,7.099,12.555,-14.295,-4.094,-2.624,-1.982
53.981,81.351,30.314,-49.795,-7.733,-12.973,4.827,5.256,-11.558,7.104,-25.137,-13.244
54.191,73.394,-33.393,37.46,13.78,-28.169,6.813,3.744,-8.989,12.851,-46.62,3.874
51.764,65.255,0.405,-45.348,13.186,-30.344,5.304,-3.041,5.44,17.376,-6.7,-4.277
57.078,85.972,7.745,12.345,34.341,-31.73,-5.368,-7.3,-17.76,18.472,-21.97,-8.356
55.423,105.929,14.337,-12.698,15.835,-20.169,10.118,-18.902,-0.289,9.266,-28.325,-11.05
54.632,70.801,9.416,0.104,17.205,-9.744,9.106,-18.342,-7.851,10.509,-13.48,-18.019
57.053,99.293,28.034,-9.052,49.868,-19.279,-4.213,5.242,-7.334,6.64,-3.348,-15.982
56.111,81.874,-7.795,14.164,21.607,-40.509,-2.83,12.218,-7.982,10.883,-22.045,16.026
54.189,85.663,3.908,-27.751,12.847,-19.373,9.043,-22.558,-0.783,13.982,-40.798,11.601
53.836,93.855,11.259,-42.051,16.918,3.97,38.965,-3.622,1.32,6.931,-21.46,8.773
55.332,72.463,-7.653,-4.991,30.908,-43.438,-14.214,12.658,-14.072,22.09,-20.712,10.36
55.083,91.992,18.6,-16.683,3.473,-26.064,0.598,-16.54,4.984,16.182,-15.048,-15.088
56.974,86.32,11.834,9.967,40.22,-33.974,8.006,-3.748,-0.99,9.577,-40.614,-10.132
48.98,48.056,-4.132,-55.49,10.682,-33.308,9.742,8.228,-5.857,-0.595,-14.36,-30.431
55.55,89.902,0.819,1.673,24.899,-50.046,-2.191,-4.351,-10.17,18.248,-21.734,-3.566
54.27,100.451,31.564,-38.753,4.227,-28.721,4.541,-9.174,-4.623,18.759,-14.345,-17.397
56.565,97.15,-7.59,11.713,21.746,-26.964,-0.143,-10.911,-11.038,10.486,-43.648,4.205
51.779,70.981,6.94,-53.024,-2.323,-27.835,4.441,-1.81,-0.1,16.496,-1.952,-2.398
57.294,86.644,10.341,12.71,30.835,-40.15,-4.829,-14.573,-15.236,6.987,-27.665,-2.359
55.77,105.558,22.494,-21.949,10.693,-6.616,20.008,-14.529,-6.17,9.079,-20.014,-5.585
52.472,67.913,-10.21,-60.358,19.725,19.194,9.389,-13.126,4.588,-8.597,-27.008,-27.652
56.9,94.072,8.998,0.706,40.129,-25.549,-9.232,-0.52,-9.18,11.469,-27.113,-6.889
55.431,85.365,12.421,-10.409,18.878,-21.157,8.558,-8.074,-0.84,6.782,-33.019,6.225
53.209,79.406,8.364,-57.836,17.084,12.042,32.102,-1.863,3.021,-0.965,-21.971,2.698
54.95,73.4,-3.377,-8.205,22.906,-55.917,-11.686,6.025,-20.308,24.177,-10.99,1.072
55.787,101.194,18.731,-15.814,21.797,-12.514,20.434,-11.123,8.404,13.523,-24.378,-1.786
56.155,79.336,-2.112,8.473,35.755,-23.614,0.682,-8.386,-1.519,10.433,-31.505,4.561
49.96,44.859,6.054,-71.774,16.094,-16.367,14.779,-8.091,-5.431,8.923,-5.086,-9.783
55.261,88.221,3.596,-4.615,17.542,-45.32,4.085,-11.867,-24.763,16.432,-19.914,-12.841
54.454,79.467,48.946,-32.647,-15.005,-12.041,-0.437,-0.555,-25.267,3.872,-12.323,-33.214
55.995,83.501,10.058,-4.899,0.954,-21.522,0.939,-5.081,-3.205,-13.506,-18.287,-10.902
55.047,69.539,-22.404,17.554,17.128,-26.632,8.294,-6.092,-11.044,8.296,-54.824,3.48
50.136,79.454,-14.323,-72.71,-13.961,-19.688,11.046,-7.037,5.284,15.132,0.414,-0.156
57.209,85.365,8.726,7.122,29.609,-39.587,-14.313,-6.917,-16.413,9.473,-33.171,-10.415
55.281,99.785,16.831,-23.739,15.745,-5.919,11.495,-17.739,-0.598,4.643,-25.056,-11.706
54.178,76.954,-2.977,-26.38,29.058,-1.295,-1.52,-27.014,4.169,5.027,-17.205,-29.194
56.742,98.123,24.609,-22.074,46.177,-14.252,-8.59,-5.912,-3.467,-3.493,2.527,-25.246
56.228,83.826,-10.859,16.58,18.918,-42.134,-3.599,8.837,-13.772,12.525,-21.885,14.283
55.178,84.541,10.746,-6.488,14.575,-9.043,15.158,-10.32,-2.461,7.53,-31.128,1.767
53.148,84.157,9.871,-61.997,16.053,4.964,38.728,0.518,5.864,2.128,-17.572,-4.861
54.607,82.963,-4.487,-13.158,24.775,-14.487,-6.561,1.611,-12.071,18.315,-2.477,8.701
54.956,104.304,17.415,-21.404,11.057,-13.139,19.941,-2.914,11.09,15.102,-23.483,0.706
57.482,103.24,27.72,-13.775,30.32,-33.362,7.602,4.421,-0.903,13.033,-0.39,-12.997
54.702,81.106,-16.579,51.275,20.749,-39.289,11.27,-4.808,14.042,8.536,-26.597,6.066
53.128,94.375,47.655,-28.574,54.686,23.98,7.018,0.253,-2.683,-5.581,-12.113,-6.749
53.475,121.544,98.844,-19.194,48.485,-35.571,-22.101,-2.0,-5.128,10.909,-15.075,1.88
55.773,151.873,44.708,-6.053,51.883,-27.756,-16.136,0.919,-9.428,-2.591,-3.111,12.497
48.348,119.726,24.628,145.086,51.148,-31.721,-18.072,21.901,5.756,-20.998,-53.106,4.801
31.408,37.259,59.213,4.688,56.467,-22.838,-32.782,-6.945,-19.249,-5.41,-0.422,14.096
30.655,-72.193,-23.677,-32.099,45.037,-44.203,-39.485,-3.839,3.41,-6.974,-4.091,16.744
29.512,-104.633,39.196,1.106,81.261,-55.298,-42.102,7.574,-7.077,-20.163,13.034,17.847
29.22,-113.388,-0.846,-14.682,42.903,-40.414,-30.677,12.339,2.568,-19.275,5.733,0.32
31.276,-161.429,20.826,9.035,73.392,-49.598,-52.894,-11.855,-12.451,-11.125,-3.211,1.011
32.034,-100.803,85.736,14.999,59.564,-68.188,-37.155,-1.855,-8.029,-1.042,26.16,-7.241
36.338,-37.299,103.08,68.234,69.305,-37.663,-41.233,-10.156,-16.885,-11.201,-21.277,11.573
34.457,-93.235,50.118,30.743,30.804,-87.071,-15.494,-7.565,-28.508,22.399,22.805,13.934
36.123,-54.862,93.23,77.612,51.892,-87.204,-38.21,-15.677,-30.69,16.067,-0.033,22.95
41.212,34.315,101.256,77.722,64.514,-36.832,-34.742,-37.157,-25.674,4.176,-40.197,20.578
41.753,25.798,76.683,66.279,44.731,-47.128,-54.46,-32.779,-47.226,27.75,-17.121,22.169
41.754,42.682,94.274,50.266,48.528,-85.242,-35.375,-24.157,-40.47,40.52,12.817,21.495
42.309,68.615,117.458,64.868,69.141,-58.894,-42.832,-17.306,-32.521,16.416,-14.556,28.017
41.897,43.036,105.02,30.224,25.677,-56.151,-21.686,0.75,-36.272,15.587,-13.956,22.054
43.061,76.023,138.424,64.357,66.536,-71.569,-32.576,-16.143,-33.712,24.996,-7.933,23.114
43.194,46.55,81.543,44.432,22.904,-51.699,-17.666,-5.217,-31.95,9.932,-2.048,29.506
44.241,61.112,103.107,-21.167,57.077,24.54,-42.485,-8.771,-24.535,-16.585,-20.964,18.255
48.284,77.972,113.741,12.362,74.617,-7.239,8.219,-31.071,-23.613,0.484,10.148,14.176
49.354,48.96,161.687,39.07,69.018,-49.324,26.17,8.071,-21.944,6.731,10.627,36.386
49.743,85.425,159.902,77.471,53.193,-18.276,8.267,-10.521,-47.135,-14.86,5.271,23.866
48.265,92.535,84.49,20.509,35.206,-34.427,-24.948,3.505,-34.596,5.113,15.072,17.773
50.185,68.646,158.37,11.389,80.22,-17.688,-13.974,-3.091,-11.168,10.111,6.238,-14.679
51.888,67.015,158.893,48.105,80.614,-37.258,2.487,13.191,8.825,12.417,-6.121,-17.368
50.511,112.299,146.526,37.363,59.84,-7.263,-28.844,-18.033,4.603,3.276,-13.009,-6.96
49.496,74.087,98.916,-11.226,72.242,-23.938,-17.281,-5.24,4.554,-0.919,19.279,15.72
50.551,134.542,82.298,8.317,73.917,-50.75,-31.622,-8.708,-7.134,-7.712,-2.754,14.687
50.174,148.73,58.837,28.765,41.447,-16.308,-59.43,7.173,-23.563,-7.057,4.364,14.119
47.163,81.233,65.404,-7.9,23.678,-6.73,-39.591,-2.96,-23.272,-5.648,-21.33,3.907
44.896,44.039,75.036,11.077,53.794,-18.88,-41.535,0.404,-14.042,16.013,28.186,4.103
49.438,86.764,85.759,-2.513,59.201,-21.511,-35.953,0.012,-12.737,-6.227,-19.739,11.155
48.192,86.889,77.777,-16.083,48.403,-19.284,-33.941,2.804,-29.66,-12.121,7.327,18.463
47.326,64.36,65.779,7.654,47.424,-16.44,-42.724,2.89,-21.003,-12.364,-9.67,15.604
45.053,82.804,64.694,-14.255,62.719,2.855,-16.319,4.257,-27.06,-10.584,18.322,4.332
48.528,83.625,84.664,-14.511,59.873,-36.7,-26.608,-8.965,-38.699,-2.068,-5.012,-0.41
48.177,98.07,65.619,-15.297,35.196,-1.681,-22.95,-4.961,-28.367,-8.881,-12.673,0.509
50.23,93.973,99.911,0.728,38.96,0.822,-33.587,-22.916,-36.657,-19.484,1.82,14.622
49.344,93.746,71.747,37.121,35.842,-8.253,-43.182,-42.795,-15.616,-14.888,-14.3,18.944
51.29,142.789,130.879,12.357,69.01,-3.541,-39.344,-36.217,-1.254,24.865,24.453,-23.78
53.117,134.301,145.046,49.102,67.229,-32.169,-22.43,22.293,6.089,8.605,-3.33,-21.686
49.213,101.554,105.099,-3.524,51.585,-21.169,-42.202,-2.963,-12.534,1.059,5.376,15.762
52.004,153.707,79.041,-20.498,92.535,-22.304,-12.929,-11.007,-17.467,-8.63,-9.293,29.168
52.344,129.078,119.318,30.655,87.725,-17.335,-6.415,2.323,-6.942,-28.64,-21.266,20.932
46.959,124.031,108.787,34.65,67.434,-15.078,-20.254,-18.817,-21.981,-3.732,-1.545,20.095
49.875,112.464,77.005,6.374,40.78,10.129,-30.23,11.303,-20.879,-8.186,-20.214,10.207
46.262,77.316,69.153,-9.934,60.923,-60.785,-31.682,26.464,-14.629,-13.62,14.513,14.622
49.196,115.6,93.247,28.091,34.651,-38.283,-46.144,-7.341,-32.821,-5.846,-5.292,6.691
47.877,88.756,63.819,-1.921,15.37,-26.66,-33.914,9.319,-29.965,-3.499,11.285,0.563
47.599,98.838,51.948,46.25,70.191,-27.936,-35.037,5.114,-22.98,-7.41,-9.144,-8.79
45.533,80.619,96.788,40.01,52.82,-58.49,-37.867,-15.507,-42.652,17.972,-1.347,12.508
51.124,110.701,118.406,13.706,74.549,6.37,12.417,32.23,3.429,-18.334,1.067,25.541
45.557,52.776,93.037,10.859,37.029,-36.832,-0.398,3.046,-12.797,5.296,10.065,-0.621
49.555,126.652,104.469,32.059,65.38,2.118,-28.607,-6.618,-3.903,-26.085,-23.233,11.245
48.35,117.088,72.004,-22.774,40.327,5.111,-45.381,8.22,-11.878,-9.511,-14.421,10.45
48.934,95.808,128.78,-41.978,40.301,-27.843,-21.449,4.723,-16.592,15.595,15.379,19.043
52.071,119.241,88.147,38.634,58.638,-12.053,-34.423,-8.083,5.708,-9.367,-23.311,3.13
49.034,75.703,58.427,-31.931,35.76,-21.081,-9.403,18.445,-2.68,-26.287,2.338,21.284
47.82,84.25,37.526,8.294,17.725,-20.106,-25.739,-9.855,-10.425,-16.44,-12.573,19.043
45.244,83.842,73.218,8.981,46.75,-6.674,-16.694,-6.064,-9.294,3.429,-12.431,16.95
48.036,102.086,101.89,-18.86,46.092,-42.299,-25.91,-8.908,-24.927,14.012,-5.063,19.427
49.105,97.955,77.399,8.47,31.116,-6.084,-40.544,-3.154,-19.338,-26.646,-11.163,22.113
50.018,76.831,104.181,-11.023,39.223,16.645,6.347,7.806,-11.733,-12.696,-19.343,12.865
47.963,90.042,83.648,-7.892,81.212,-41.751,-6.004,43.911,-43.071,-23.915,-16.471,16.363
47.727,33.888,69.529,-8.392,67.546,-23.577,-29.544,5.833,-7.292,4.598,-5.892,-0.791
47.367,98.095,42.977,22.713,34.544,-32.333,-44.281,-40.429,4.38,10.297,-19.642,8.294
43.831,57.002,75.699,-3.532,28.887,-37.534,-18.328,6.22,-4.528,3.484,0.156,-3.128
44.625,24.986,74.232,14.866,33.485,-57.993,-20.581,-2.251,-12.572,19.027,-4.61,0.627
47.816,69.447,84.078,-28.725,19.566,-36.96,-15.964,-0.82,-25.034,-0.811,-36.599,15.007
50.482,60.121,86.185,14.367,29.095,21.778,12.044,0.51,-24.527,-22.163,-8.071,10.043
48.807,19.619,86.713,-17.277,77.581,-14.982,-31.535,17.084,5.787,-6.68,-1.632,-16.961
49.586,56.16,79.024,5.971,75.742,-32.876,-30.819,-11.508,-10.273,16.303,-7.32,-8.407
50.009,58.232,70.085,-3.739,81.125,-24.578,-45.889,-16.26,-2.009,0.278,-21.575,-14.404
48.355,36.461,18.435,14.024,25.659,-17.033,-24.598,-9.123,-9.168,-2.977,-7.448,4.745
45.065,-0.977,53.547,23.549,9.117,-65.143,-18.576,-2.657,-12.192,-1.475,9.331,13.294
46.44,47.094,41.674,20.904,13.371,-29.427,-24.835,-18.369,-25.614,16.082,33.737,13.13
45.003,65.828,71.724,26.213,41.414,-32.828,-20.788,-0.093,-18.341,0.198,12.058,18.899
46.156,77.975,71.94,22.039,14.421,-20.891,-21.728,-7.92,-20.438,7.111,20.031,4.918
44.098,39.459,25.618,16.213,21.931,-31.958,-17.648,9.972,-9.337,6.477,-5.912,2.389
44.089,48.886,85.232,9.838,34.501,-76.547,-30.618,3.275,-8.966,12.264,14.064,12.872
45.49,62.924,87.754,56.029,41.954,-61.812,-34.083,-15.895,-15.892,15.88,-15.16,11.68
44.194,29.403,42.0,27.415,43.836,-48.31,-8.198,-19.14,-27.284,26.771,5.247,11.095
46.066,41.985,54.409,40.775,14.15,-42.462,-15.036,-9.885,-11.763,22.348,5.319,3.563
44.82,-0.27,91.98,26.833,37.636,-55.82,-8.504,-16.01,-24.697,27.938,2.042,16.579
45.511,67.637,77.051,31.842,47.751,-11.085,-17.851,-3.542,-8.73,-31.501,14.907,2.921
45.29,32.998,-12.358,-1.558,-9.746,-20.528,7.682,-16.275,-8.722,6.096,-4.795,-0.626
46.499,43.545,94.28,11.0,36.784,-40.896,-5.878,-0.018,-9.568,9.756,0.49,-4.747
46.864,72.219,108.442,7.488,50.339,-19.202,-17.484,-11.428,-14.724,-11.545,0.296,6.098
52.013,89.776,112.69,-17.062,65.635,-33.34,0.715,8.821,-13.094,6.78,8.513,10.066
53.846,68.721,81.52,48.882,48.163,-44.419,33.383,-23.503,-22.676,17.466,2.937,20.6
53.052,40.183,87.057,-11.757,-7.136,-31.501,53.976,32.657,-25.982,-16.999,-10.34,5.289
51.656,51.394,81.823,61.813,4.361,-30.417,47.472,-8.075,-23.687,-12.137,-27.984,14.664
51.221,71.839,98.458,-31.478,23.97,-29.103,29.03,10.87,-34.012,1.995,20.336,0.277
52.191,83.218,78.639,20.531,-19.191,-26.723,38.119,14.616,-32.359,-7.409,1.666,18.3
52.727,112.927,63.083,-19.053,14.945,-37.199,22.474,12.44,-23.217,-18.178,-10.593,21.341
53.46,89.884,67.368,19.352,8.45,-18.493,44.973,-2.612,-23.278,3.846,-36.753,27.158
52.437,68.947,64.516,-1.505,19.199,-29.607,51.79,3.773,-32.735,-3.355,-6.446,29.679
50.443,114.924,24.889,-10.561,66.657,-55.458,41.495,13.315,-49.578,-15.858,-5.064,0.712
51.642,92.602,52.498,6.25,19.84,-17.218,20.152,9.131,-20.138,-0.532,-19.494,17.042
51.103,69.463,28.279,2.824,45.036,-29.331,13.704,-9.406,-15.691,-9.988,-8.714,26.163
50.737,55.976,44.642,-48.21,5.916,-33.418,35.755,22.878,-35.534,-2.932,-13.718,1.498
51.425,71.065,23.138,-30.317,1.262,-17.86,21.273,7.358,-40.086,-21.306,-19.471,6.291
51.363,77.164,44.8,-0.466,22.999,-23.756,30.524,3.444,-44.525,5.281,-15.92,22.78
52.31,118.955,51.474,-43.324,38.84,-15.122,5.839,-13.957,-21.153,13.849,4.942,0.889
54.129,127.496,54.242,-19.947,-3.631,-34.595,-3.847,15.849,6.864,10.282,-0.279,-10.095
52.812,157.351,59.603,54.134,11.137,-16.134,-41.95,-42.239,-0.703,13.555,-25.542,2.655
50.839,120.148,58.638,-10.444,32.992,-16.296,-27.571,-8.725,-18.073,-5.651,-1.762,7.803
50.228,91.772,-6.125,28.241,0.984,-28.526,8.716,-23.256,8.162,-18.838,-12.417,-6.431
46.757,72.128,27.333,18.909,9.545,-62.217,4.679,-18.563,-10.895,22.584,-12.834,3.844
49.674,65.75,36.262,-76.027,3.198,-19.653,20.458,13.69,-24.842,16.797,6.014,6.037
49.242,74.182,-29.683,-19.449,12.833,-36.031,20.393,24.895,-37.077,-2.955,11.605,-14.86
51.238,82.262,24.876,-1.058,19.312,-6.182,17.141,-7.973,-21.842,-4.757,-34.903,13.428
47.718,72.643,30.366,-7.503,22.278,-53.876,19.788,-6.549,-35.719,-4.544,1.947,2.811
50.131,109.548,24.424,-7.131,30.789,-27.176,10.55,-28.962,-18.034,-8.451,15.071,-19.47
50.022,55.533,11.1,-9.222,-33.251,-45.251,1.469,2.079,-20.553,-4.954,-8.241,-11.503
50.11,77.249,67.128,-29.618,21.373,-18.342,-12.096,16.516,-27.746,-17.218,-6.436,-8.664
52.287,91.272,48.712,-19.467,-4.083,-6.628,22.324,15.942,-29.531,-13.52,-6.825,13.031
48.811,29.478,20.419,7.314,-11.842,-18.5,30.938,15.29,-28.609,-0.511,-3.998,16.18
51.158,87.093,31.442,0.957,26.403,-16.632,7.813,18.672,-27.417,-11.729,-17.193,-1.306
51.523,66.967,53.849,0.876,-0.702,-31.59,21.142,-3.121,-38.571,8.021,4.028,19.188
51.837,78.445,52.132,4.905,22.854,-19.481,20.676,4.143,-23.121,-7.665,-26.551,29.105
49.449,90.28,44.063,-18.775,44.352,-32.579,29.528,-9.767,-36.143,-22.776,-18.034,-0.108
51.483,40.474,53.892,-26.262,42.278,-25.535,-19.69,14.34,6.879,6.052,-19.324,-26.775
50.268,104.424,67.116,-11.934,20.824,-12.502,-32.435,-3.547,-4.104,-12.87,-8.498,0.133
50.065,93.266,42.086,18.8,39.51,-25.272,-30.354,-12.596,-25.533,-5.409,-31.483,7.721
46.029,61.29,32.098,1.904,1.494,-46.053,5.544,9.79,-8.925,14.698,2.763,10.13
49.924,78.424,30.284,-12.034,26.095,-18.284,-0.073,-10.349,-5.62,20.52,-12.996,4.689
49.624,80.582,4.479,-25.367,24.435,-17.642,11.325,-2.232,-28.944,9.548,-11.157,1.686
51.269,97.945,35.522,-22.891,13.409,-35.06,8.183,0.921,-31.34,-4.119,-4.356,-0.719
51.657,76.426,39.184,31.676,24.751,-21.421,-0.505,8.593,-20.315,13.789,-42.399,-27.785
47.894,104.476,15.057,-7.383,52.426,-26.101,35.099,-6.41,-27.558,8.663,-16.184,-10.421
49.394,77.453,15.919,-24.018,12.987,-43.189,-5.776,-5.938,-8.13,9.276,13.074,16.591
51.346,95.945,44.71,-33.009,24.484,-18.46,1.949,17.265,16.751,-1.118,-13.895,-4.531
49.772,70.93,25.226,7.534,21.48,-41.802,-17.833,-17.247,-8.722,0.858,-13.075,12.935
47.416,70.147,27.971,4.308,11.927,-49.414,-13.337,12.199,-7.719,14.93,10.855,-7.894
47.154,26.802,-26.014,-2.644,-9.339,-37.212,8.656,-15.597,-10.11,15.647,-9.483,-0.359
49.602,64.924,32.032,-58.89,13.729,2.281,6.193,14.699,2.984,-10.856,-2.717,-16.411
49.595,97.386,18.5,-22.79,28.59,-59.341,6.424,-5.581,-22.574,2.935,-12.081,-6.16
50.567,69.73,20.217,-11.084,15.482,-50.257,12.864,-22.885,-27.983,2.084,-10.971,-1.324
50.171,43.264,16.788,15.242,14.638,-33.792,9.406,30.203,-10.503,-8.031,-18.699,-14.784
47.299,91.661,32.219,14.267,29.325,-50.657,17.294,-16.718,-41.908,3.443,-9.097,12.633
49.42,72.697,54.711,-21.563,46.894,-29.655,-15.317,-35.468,-9.297,24.984,4.06,-10.873
51.723,30.366,31.219,-32.28,7.001,-42.711,-17.14,17.885,-8.087,6.264,-12.144,-23.179
51.392,48.984,30.839,11.697,29.9,-48.023,-16.642,-23.705,-21.932,-3.193,1.994,9.688
50.072,35.307,21.743,-4.079,6.962,-14.748,-20.938,-9.247,-17.808,-12.989,-10.966,21.977
48.598,66.917,62.208,-14.859,38.611,-5.693,-48.699,-8.2,-0.013,-17.92,-1.197,8.235
46.387,22.664,30.418,13.025,38.982,-49.399,-24.868,-12.865,-11.021,10.334,20.895,5.059
47.89,37.948,69.778,7.638,57.817,-14.635,-57.917,-7.061,-24.235,6.687,18.676,12.719
46.828,73.391,48.371,19.687,39.74,-48.294,-50.642,4.528,-8.585,7.66,23.524,-6.296
48.26,73.025,75.565,33.8,81.902,-6.101,-44.375,-11.159,-18.502,-7.346,17.632,2.705
44.65,88.651,148.192,29.868,92.55,-60.846,-46.132,13.101,-3.227,-3.004,2.403,0.163
46.449,126.681,155.219,69.817,106.908,-11.132,-22.54,-18.162,-4.753,6.896,-2.117,-11.114
44.186,130.542,184.796,53.969,99.291,-29.25,7.667,-10.336,10.746,7.171,7.412,-0.919
45.886,152.623,176.627,89.302,100.668,-18.455,7.161,-0.119,-19.12,-6.699,23.189,1.204
43.749,154.951,203.569,75.613,109.946,-7.339,-8.948,-10.756,-28.557,-1.404,12.589,16.549
44.49,105.753,146.83,40.553,105.676,-20.824,8.915,-7.067,0.991,10.316,-5.806,-1.969
47.376,70.934,133.151,32.826,131.307,-18.796,-50.681,-23.077,-13.577,16.018,14.369,-12.762
47.789,63.426,79.299,5.566,77.807,-16.121,-56.756,-2.903,-23.043,-5.493,-1.559,0.197
48.719,80.753,39.595,-12.844,44.457,-41.348,-15.811,-3.404,-13.579,6.636,-1.624,4.389
49.457,96.701,16.554,11.612,42.05,-50.541,-7.763,4.557,-21.123,-7.735,0.277,-2.426
48.511,77.057,17.804,19.052,12.768,-10.656,2.276,-30.235,-8.203,6.065,-20.902,-8.393
48.193,38.113,78.219,-10.175,69.816,-4.898,-12.736,-15.416,-19.951,16.688,-0.773,-0.308
46.257,114.105,8.597,-19.852,119.942,-37.368,12.985,12.18,-43.264,-20.895,-10.596,-11.426
47.675,48.162,39.081,21.832,72.341,-47.337,-42.962,17.964,-31.245,5.529,-13.811,-7.479
48.656,29.14,87.008,6.325,61.123,-5.737,-1.175,7.655,-23.084,0.721,-25.672,8.703
46.34,-1.551,60.989,12.175,60.625,-50.878,-20.482,-16.177,-35.339,-12.554,1.357,35.564
47.498,18.033,72.339,-34.929,60.064,-16.826,-50.031,34.793,-11.784,-39.193,7.223,22.61
48.937,57.565,60.135,23.308,83.584,-4.658,-28.596,4.043,-33.082,-31.793,-36.25,24.744
47.955,58.748,57.383,2.202,68.936,-2.011,-18.47,12.927,-27.301,-2.211,-9.918,17.456
44.672,29.228,44.862,47.546,48.068,-44.839,-43.936,2.531,-21.488,1.858,-20.558,17.258
48.538,67.121,93.655,1.962,51.953,17.333,-10.677,19.492,-27.814,0.57,9.993,5.85
42.36,88.873,52.851,72.966,41.806,-13.483,-38.343,-4.238,-15.294,-22.986,-41.101,24.642
34.662,31.026,73.517,-17.897,33.542,-27.272,-29.253,1.651,1.953,3.14,5.833,-12.848
44.703,55.299,66.331,14.974,65.713,41.566,-31.689,-11.902,-7.905,17.908,33.509,-11.871
49.747,124.252,71.305,-30.869,92.258,-2.883,-70.604,1.714,2.66,-1.816,23.661,-3.429
51.002,116.771,89.089,45.869,86.209,-12.727,-30.403,-3.67,-17.166,-4.768,-37.247,9.959
48.925,86.748,48.862,-19.569,66.729,5.663,-39.159,19.147,-2.84,-27.038,-18.969,8.063
48.412,93.806,48.62,-26.398,46.587,-23.935,-48.594,16.069,-17.653,2.088,1.036,-13.531
48.785,113.033,79.24,-44.753,58.105,-18.499,-66.546,43.266,-2.029,-11.809,10.259,19.268
49.479,108.488,42.986,34.797,86.486,-13.162,-46.834,-1.172,-16.66,9.699,-14.289,14.795
48.794,48.781,55.488,-9.838,55.693,-21.287,-48.14,-5.815,-21.281,5.283,3.243,17.637
51.563,123.696,79.31,-40.825,51.992,-15.662,-64.443,32.843,-5.735,-6.368,-0.181,-7.57
53.224,179.879,35.093,18.515,66.541,-10.192,-75.623,-6.156,-1.187,2.182,-4.677,-10.899
50.235,137.692,12.808,44.625,37.497,-2.492,-76.215,0.573,-6.909,-6.138,-35.437,3.086
39.646,166.026,-0.565,6.775,23.39,-33.672,-72.211,-19.035,-13.092,-14.061,-17.712,-21.671
45.328,63.404,68.557,25.524,68.751,11.747,-44.588,-6.899,-15.24,26.755,34.233,-8.549
48.962,68.052,104.941,-17.392,84.544,2.544,-42.39,14.333,-23.3,-10.326,7.835,1.96
49.27,74.262,70.467,-8.588,65.976,-26.021,-45.989,-24.085,-28.518,-11.081,-6.081,-2.523
48.893,67.729,84.711,32.808,54.075,-34.404,-58.712,-4.312,-18.127,5.952,11.209,-30.693
50.583,63.228,94.672,33.678,52.922,-0.909,-40.989,13.262,-22.856,-10.961,-15.331,-12.917
46.958,128.309,51.058,-7.092,53.398,-9.8,-55.885,-21.084,1.49,-15.832,-18.665,18.11
47.667,34.398,40.545,2.455,91.828,-23.678,-53.257,44.645,-34.879,7.897,17.789,23.726
48.905,106.405,38.428,-18.645,65.806,-30.481,-56.352,9.12,-16.268,10.261,1.593,5.684
45.533,37.689,17.009,21.664,45.625,-19.709,-64.839,-4.297,-16.222,9.491,11.665,18.434
44.762,46.428,48.219,16.749,71.99,47.197,-41.695,5.386,-3.013,-5.77,-5.964,7.065
39.67,77.862,12.058,14.118,21.149,-8.89,-60.794,-7.984,-1.107,-4.67,-27.473,8.559
33.905,33.384,76.924,-21.699,33.368,-27.351,-37.951,-5.689,0.894,7.036,2.26,-13.2
40.052,48.682,105.853,-82.241,52.697,1.304,-18.09,-11.153,-11.528,-0.55,-15.904,-2.764
47.841,63.079,92.011,-26.693,90.181,-24.696,-67.257,12.248,1.18,-7.999,5.058,-12.455
49.889,162.063,63.55,15.073,60.964,-7.44,-87.743,-13.79,26.899,-13.825,-16.768,-13.471
49.36,113.757,55.533,18.943,83.361,-31.942,-68.462,22.715,-8.508,-10.978,-5.984,5.958
48.439,110.711,64.803,-15.076,54.506,40.46,-63.739,3.196,-2.945,-7.107,-2.646,-25.122
48.092,83.928,50.447,-21.71,97.075,-38.305,-47.024,20.316,-41.722,-34.718,7.136,17.494
49.956,100.535,88.102,-1.408,64.341,-22.412,-43.693,10.328,-22.472,-9.145,10.328,3.356
50.203,104.025,67.063,51.765,57.915,9.075,-52.372,-16.216,-21.857,-32.428,-23.665,3.819
46.567,43.795,68.12,-0.431,61.576,5.095,-33.279,-6.15,-25.719,-0.735,1.472,14.516
46.253,111.056,14.564,-39.763,92.289,-40.555,-30.25,19.586,-5.433,-23.274,2.562,-7.717
48.615,107.243,32.401,31.508,53.278,-16.781,-68.545,11.138,-3.423,-8.388,-21.662,-8.07
47.538,91.349,46.458,29.115,102.179,42.443,-38.092,23.025,3.685,-11.588,-17.277,22.619
46.609,62.067,24.58,13.577,29.343,-25.171,-8.586,6.917,-13.484,38.518,15.382,-8.471
48.573,58.435,76.32,-3.703,70.198,-40.955,-31.047,-7.17,-7.334,-5.146,2.028,15.285
50.107,46.848,100.373,28.918,71.636,-15.96,17.157,24.385,-30.291,-11.163,-23.054,15.939
49.138,81.818,51.658,16.387,77.429,-22.68,-13.779,6.797,-39.97,18.82,-17.078,5.855
51.208,61.353,88.764,-25.644,40.632,-23.685,6.221,10.2,-22.438,7.114,-4.857,5.215
48.991,68.889,56.717,5.615,33.178,-27.861,-15.137,-22.741,-20.888,19.456,-9.378,13.687
48.84,120.846,80.238,-3.974,23.559,-3.38,-54.336,10.723,5.195,-33.841,14.767,19.908
50.107,108.876,38.247,-0.079,27.417,-23.207,-37.742,-18.975,-18.731,38.315,-8.539,23.527
51.177,96.694,62.763,-58.029,44.638,-39.542,-18.933,24.76,-15.804,-10.692,14.534,10.256
51.127,130.543,37.832,68.664,89.163,-29.732,-7.726,5.546,-9.247,-2.475,-30.137,42.171
48.374,57.583,25.561,31.612,65.548,-51.33,-17.198,-10.737,-17.615,16.637,-16.598,17.909
53.892,141.877,72.363,-35.092,56.514,4.849,13.061,3.896,9.257,-19.098,8.385,9.307
53.923,122.793,57.633,50.888,49.283,-22.587,17.612,4.079,11.567,-10.017,-20.771,17.834
51.244,118.941,61.327,-31.56,57.4,-10.073,-22.888,-4.143,11.849,-12.602,-10.797,10.785
50.666,90.042,57.323,8.967,31.649,-31.014,-13.848,-3.603,15.95,2.998,-8.931,13.27
49.871,78.247,31.162,-1.657,59.133,-25.95,-6.451,-3.031,-15.503,22.551,0.119,16.818
52.343,149.696,68.836,-24.156,87.922,-20.758,-51.613,-9.67,-0.988,-0.279,17.074,11.42
54.388,139.196,100.928,9.566,63.53,-15.658,6.638,33.815,-28.5,-14.14,-17.008,15.05
51.278,134.391,93.609,27.424,67.002,-7.07,-0.408,4.283,-22.094,-17.241,-31.477,25.371
50.909,62.095,45.779,-21.375,27.551,-33.633,-9.219,3.819,-26.675,19.953,8.856,-4.457
52.35,166.814,42.902,-20.645,49.134,-14.918,-55.572,14.77,16.532,-43.166,-13.501,-4.418
52.379,171.955,67.663,-23.769,56.011,-8.748,-30.021,18.567,8.425,-27.532,0.943,20.086
51.312,97.871,23.131,11.759,64.579,-36.576,-35.908,0.458,0.906,7.451,-9.884,3.46
51.187,119.529,55.229,-12.25,33.38,-21.125,-32.807,20.466,9.265,-8.887,-19.062,-2.725
50.023,73.403,35.904,-12.074,50.515,-45.696,-43.648,8.419,-14.68,1.016,3.34,2.591
51.121,128.006,81.405,-42.299,41.489,-15.452,-61.252,42.015,-21.348,-33.521,3.133,-8.516
53.836,167.814,50.284,-20.369,14.049,-37.117,-34.373,-2.805,-5.735,0.193,8.171,-10.249
53.033,131.082,52.44,26.566,21.746,-18.235,-42.619,-15.968,-10.954,-8.433,-13.124,1.39
50.097,89.521,58.204,7.023,42.188,-31.18,7.679,9.41,-28.626,-3.116,-0.601,-7.545
51.945,81.563,92.094,-9.595,59.707,-0.079,18.05,7.666,-31.051,26.287,13.716,0.275
52.591,128.214,65.29,21.574,32.636,-39.888,-30.937,40.256,-4.119,-24.047,-9.609,-13.163
52.276,83.242,43.334,-15.699,41.374,-42.878,-26.521,4.899,-13.336,-0.634,-2.902,-18.92
52.546,97.656,62.917,-1.906,49.664,-2.76,-18.985,15.197,-18.06,-13.169,-26.91,-10.007
50.02,96.753,58.25,-8.066,47.1,-9.565,-39.142,-2.031,-9.943,-21.585,-7.371,16.168
50.083,94.929,8.455,-3.308,50.289,-44.653,-25.917,7.715,-22.475,-6.979,-7.485,11.049
49.482,60.332,40.072,-2.838,57.219,-42.725,-30.215,-12.428,-14.213,2.232,-6.403,-3.41
48.616,71.327,11.304,-15.482,46.898,-43.145,-21.862,26.145,-7.411,-3.059,15.546,1.82
51.559,69.879,42.545,-29.711,56.429,-31.826,-22.522,5.415,-10.323,7.759,-0.789,15.19
51.775,76.983,36.18,2.631,58.787,-50.352,-5.103,7.474,11.701,-6.064,-7.585,30.069
50.613,76.374,29.772,-4.101,27.814,-45.56,-7.554,-0.335,-12.999,0.54,-11.427,13.115
50.455,72.751,22.475,-34.53,34.017,-49.747,5.087,16.098,-22.039,1.679,-9.415,23.594
50.933,54.879,22.172,0.265,41.733,-52.565,-7.749,4.539,-10.407,-10.484,-2.506,2.835
50.237,69.567,2.603,-25.436,20.891,-59.857,-13.503,16.725,-27.805,-12.501,-4.039,1.508
52.039,65.844,4.266,-30.439,38.038,-48.609,-28.1,12.68,-13.903,-6.529,3.945,4.17
54.883,189.5,15.099,-15.416,46.06,-10.057,-48.242,-5.636,8.161,-22.036,-4.41,5.969
53.399,97.468,11.248,-8.894,64.781,-39.867,-36.167,22.566,-6.503,-8.542,-5.427,5.57
50.25,103.591,-10.386,-7.427,58.088,-67.838,-22.086,-1.226,-23.248,0.308,-5.929,-0.449
53.542,105.073,32.248,-24.112,45.117,-4.539,-57.439,27.3,0.527,-10.569,-7.529,-9.259
54.97,135.409,53.813,-7.371,80.826,-23.594,-58.838,7.181,1.76,-5.106,-11.892,5.873
54.008,122.895,47.375,13.661,70.174,-21.368,-60.231,-7.469,-9.463,-25.825,-17.657,-5.316
51.416,81.692,50.192,-2.25,57.583,-40.552,-45.133,2.789,-17.929,4.23,-1.386,-15.048
49.96,138.72,23.173,-24.865,90.574,-39.95,-28.211,11.821,-14.426,-13.584,-4.455,-2.059
52.119,102.818,72.898,20.197,66.541,-29.211,-61.267,1.78,-13.226,-2.777,-8.206,-9.28
52.859,109.819,104.747,-5.034,127.473,-9.322,-36.868,-9.35,3.788,-2.397,-3.666,11.523
52.292,133.521,120.713,6.45,126.017,-35.15,-67.725,18.745,13.247,-7.77,7.038,-0.464
52.698,156.76,102.374,18.882,85.376,-27.987,-59.801,-13.928,-8.675,26.189,-8.547,1.664
51.634,119.403,17.466,38.971,53.206,-17.431,-63.973,17.436,-15.492,-19.451,-30.939,-3.061
41.801,154.099,132.716,-1.931,48.922,-14.467,-26.374,-1.361,-13.572,-0.252,-6.467,-15.44
48.939,155.668,135.043,-58.694,72.757,29.478,-12.876,-56.342,-15.118,15.173,-20.68,-0.85
54.298,110.696,79.0,3.027,63.006,-21.481,-36.702,-8.319,-12.164,-7.361,7.47,-1.26
54.532,109.848,64.275,19.842,68.191,-16.849,-39.972,-23.042,-12.845,-15.904,-24.558,-6.89
53.708,90.463,69.839,8.786,75.313,13.486,-45.518,-22.39,-8.633,-2.812,0.478,-13.47
54.334,101.028,74.843,-16.422,61.643,-1.335,-27.186,5.98,-6.508,-10.115,11.303,-2.09
54.258,87.911,46.764,27.173,68.087,-24.898,-39.602,-20.633,-19.572,-15.642,-17.988,20.919
53.685,86.428,32.693,11.018,41.301,-35.201,-14.1,-8.728,-12.977,-2.947,-25.358,26.506
52.083,84.334,9.956,-61.602,19.978,14.072,33.205,5.529,0.536,3.368,-14.229,3.102
53.808,73.582,-2.312,-11.327,20.477,-51.658,-10.04,1.247,-19.525,18.506,-12.784,12.319
52.167,76.803,13.148,-15.819,3.755,-24.988,24.278,-13.455,-3.696,8.047,-23.095,3.779
54.926,85.168,-1.994,10.189,32.381,-26.866,1.686,-8.465,-8.892,8.438,-30.985,0.946
48.598,48.867,9.903,-80.332,18.857,-26.91,14.238,-5.116,-8.78,11.302,6.517,-9.22
54.88,101.116,10.798,-0.056,15.758,-34.632,-12.447,-19.728,-14.098,5.667,-22.337,-21.053
53.3,101.836,-31.597,-13.053,-21.084,-33.59,0.991,22.01,6.0,-7.461,2.652,3.703
53.794,91.312,32.498,-30.426,-12.261,-25.633,-7.507,-15.745,-23.436,26.843,-18.864,-10.758
54.109,81.85,-7.376,14.21,19.328,-39.838,13.308,1.399,-19.353,0.232,-22.496,-13.758
51.558,67.257,12.896,-22.781,8.849,-31.273,3.046,-2.106,0.638,7.388,-4.472,-7.672
55.711,82.228,10.353,5.161,35.611,-36.868,-4.02,-5.311,-17.717,10.495,-22.812,-9.165
54.47,85.049,33.226,-25.191,31.282,-25.914,8.909,-24.426,-2.082,19.848,-27.808,-15.172
55.016,78.681,7.844,-18.352,29.52,-15.737,-8.524,-1.836,1.492,-25.903,-28.094,-14.433
51.316,65.571,-8.272,-62.823,21.593,3.939,5.935,-21.696,5.861,-1.812,-18.181,-30.006
55.041,88.297,3.301,4.873,37.092,-29.756,-6.825,-0.499,-18.0,4.591,-34.658,-6.573
53.729,74.739,5.558,-0.552,21.099,-6.664,9.471,0.891,-9.377,7.576,-11.48,4.221
51.809,90.958,2.772,-60.748,19.952,12.081,35.223,-5.694,4.723,-0.051,-11.56,-6.73
53.595,74.644,-5.854,-12.938,32.179,-17.721,-11.405,1.6,-14.248,28.029,-1.09,2.653
51.94,70.363,9.652,-6.942,1.467,-19.493,19.034,-20.345,-13.702,9.069,-29.209,-5.589
54.606,85.61,-10.485,30.066,37.382,-23.494,0.284,-1.633,-0.398,1.644,-48.914,-12.25
51.639,71.07,31.061,-74.723,22.904,-24.951,0.636,-1.658,-12.32,19.229,-21.653,-20.451
53.709,71.428,-5.502,-28.062,3.297,-72.16,13.965,9.768,4.822,7.753,7.387,-1.345
54.908,105.648,34.228,-12.716,10.111,-32.97,-5.414,-16.993,4.85,12.367,-5.749,-15.016
55.585,108.746,9.627,18.58,26.445,-33.87,9.33,-11.394,-1.908,0.915,-24.256,-5.964
56.384,92.207,10.574,12.051,31.39,-34.126,-11.411,-18.159,-5.631,9.26,-25.133,-7.322
54.435,100.271,24.628,-26.948,15.27,-19.93,3.772,-27.792,-2.15,7.859,-20.338,-12.467
54.835,87.17,-3.248,10.811,27.319,-27.083,-6.052,-18.114,-15.016,3.295,-43.951,-6.638
52.65,76.36,-0.651,-32.077,25.051,7.311,5.427,-30.049,3.713,10.949,-25.811,-17.96
55.238,92.277,22.037,-17.587,46.484,-1.85,-3.754,3.046,-4.688,-1.408,0.113,-20.837
54.445,78.298,-7.104,20.578,23.928,-25.25,-2.152,12.787,-9.767,15.631,-21.515,13.762
52.219,69.906,15.426,-46.48,25.905,5.062,24.582,5.125,-12.203,-7.397,-34.843,-0.65
53.321,90.176,11.539,-21.508,23.005,7.195,27.817,-5.256,7.661,8.415,-24.272,2.501
53.602,72.855,-7.39,-17.195,22.97,-50.006,-13.948,2.425,-24.59,23.82,-20.547,10.823
51.65,68.35,8.128,-17.112,7.643,-24.908,23.658,-18.023,-4.646,6.041,-18.998,-3.802
55.069,85.856,-2.203,2.816,36.935,-28.767,-3.114,-3.632,-2.859,14.128,-33.946,6.218
47.616,50.347,-3.654,-76.403,9.828,-32.396,17.827,1.285,-11.025,4.345,4.2,-14.056
53.045,72.584,29.894,-48.663,16.122,-10.695,-2.54,10.839,0.195,-17.155,-15.48,-9.104
53.44,102.976,-17.626,-19.072,-23.171,-42.727,-1.93,7.345,3.134,-11.848,14.036,-6.031
54.594,68.339,30.352,-8.962,17.004,-33.453,1.284,12.914,-15.456,-0.582,-19.523,-9.4
53.993,89.998,-2.97,16.343,14.047,-43.747,21.329,-3.358,-11.996,7.265,-26.093,-15.202
51.555,58.459,14.817,-17.327,12.163,-32.012,12.58,0.493,-18.054,4.294,-6.895,-7.844
56.2,80.691,23.033,5.298,44.339,-29.994,-1.802,-8.343,-21.999,8.787,-21.649,-6.83
53.659,82.324,-5.424,-25.877,-1.594,-65.339,12.043,22.093,2.876,6.588,11.152,-5.49
54.506,66.814,15.693,-25.87,34.76,-36.436,-6.106,1.769,0.433,4.592,-33.516,-2.504
51.57,64.965,1.485,-58.564,11.033,16.462,2.879,-16.047,6.725,1.839,-30.547,-26.627
55.772,100.46,22.983,-10.774,44.874,-27.474,-17.27,7.937,-5.67,5.473,-13.099,-18.303
53.982,77.604,-17.905,33.933,29.085,-37.09,-1.052,10.654,-7.819,10.528,-26.067,17.151
53.665,73.832,-5.949,3.093,27.527,-8.092,3.208,-3.916,-2.077,7.978,-9.873,2.559
52.802,91.166,15.981,-30.407,16.486,-1.498,31.478,3.191,7.021,8.608,-20.199,3.984
53.667,69.943,-5.928,-15.855,29.388,-34.122,-15.157,4.529,-21.745,28.114,-9.697,-0.64
52.245,71.672,2.434,-15.134,11.823,-10.512,5.465,-19.725,-4.412,8.262,-27.046,-14.907
55.261,86.082,8.624,-10.379,44.273,-9.133,10.778,2.864,18.559,3.495,-7.899,-13.003
48.86,67.295,1.223,-51.061,21.389,-24.076,27.771,4.404,14.041,18.766,-10.792,4.235
53.979,87.174,20.935,-25.773,35.815,10.574,12.12,1.131,5.883,-3.154,-8.067,-7.39
53.69,69.004,-3.587,-28.361,2.515,-67.546,13.003,4.179,4.039,6.18,5.698,-2.109
55.729,122.119,33.072,-35.628,28.042,-29.984,-5.398,3.18,0.268,7.334,5.566,-8.826
54.964,99.887,35.699,11.469,41.759,-34.045,8.267,7.856,-0.486,6.155,-20.333,-0.013
55.322,101.46,65.605,20.088,47.99,-20.527,-20.764,-16.827,-10.759,0.073,-17.316,-4.852
55.079,115.549,70.617,0.442,58.7,-27.155,-24.463,3.987,-3.313,0.176,3.716,-4.405
54.901,91.484,12.569,28.154,35.095,-16.613,-10.379,-18.437,-5.161,-3.715,-40.164,-6.34
52.649,65.147,2.917,-18.019,24.955,4.345,7.48,-11.418,0.931,16.481,-9.442,-18.816
55.429,92.509,9.854,0.088,40.352,-24.294,-7.629,6.436,-5.595,14.936,-25.214,-5.523
54.507,75.277,1.246,0.827,21.598,-34.587,-1.444,-4.039,-2.358,5.975,-30.161,7.417
52.058,92.854,3.207,-61.505,22.515,14.761,35.391,-6.082,3.694,3.431,-20.919,8.238
53.773,75.224,-2.038,-10.62,22.212,-48.065,-1.943,3.818,-24.751,20.181,-14.601,11.521
53.486,92.777,19.325,-18.193,0.497,-15.127,18.081,-11.741,-4.491,8.676,-15.689,5.175
55.62,92.978,15.9,-14.479,46.129,-40.804,11.137,-4.623,0.222,17.362,-4.437,-2.793
52.855,61.107,-42.352,57.671,24.583,-25.017,4.332,-10.269,-0.295,-2.726,-58.409,1.474
48.633,43.326,5.867,-69.677,32.285,-31.709,13.733,2.385,-9.837,2.531,-7.695,-9.76
54.255,93.517,21.695,-31.331,18.376,-3.716,4.559,-2.979,-3.646,-21.453,-5.825,-18.232
53.267,103.749,-34.793,-13.12,-21.749,-39.346,0.483,19.048,6.409,-6.853,-2.418,5.643
53.754,95.335,27.77,-38.893,-7.789,-20.313,-1.581,-12.463,-22.324,28.102,-19.152,-7.373
53.961,87.483,-5.888,17.143,12.25,-44.601,25.963,-1.895,-15.0,6.667,-26.186,-14.14
51.953,78.774,21.948,-23.942,-2.728,-33.611,9.749,1.019,-3.271,16.004,0.368,-2.277
55.695,83.846,14.498,5.321,36.413,-37.432,0.508,-8.32,-8.815,13.612,-21.023,-11.341
54.645,89.344,27.563,-10.377,22.281,-29.882,12.127,-9.229,6.448,10.989,-26.84,-15.451
51.47,64.109,0.536,-58.033,13.094,20.318,13.07,-6.318,2.869,-6.459,-19.499,-24.429
55.6,94.461,8.453,-1.801,46.859,-30.279,-2.496,0.965,-3.117,12.543,-25.687,-3.548
54.675,78.083,2.8,10.626,21.401,-29.972,4.653,-5.532,5.194,7.157,-30.848,2.912
51.907,88.149,5.746,-53.384,24.0,3.248,42.247,-2.105,12.65,0.567,-16.698,-0.851
53.397,78.826,-5.89,-8.149,23.765,-33.323,-8.144,6.821,-18.075,20.147,-6.561,0.123
53.69,90.813,20.125,-12.623,8.754,-29.914,3.838,-5.866,4.911,21.536,-28.128,-14.61
55.46,93.817,1.601,7.061,40.102,-25.09,8.481,2.203,3.762,6.246,-39.755,-7.269
48.381,45.905,12.706,-57.461,17.26,-42.865,14.369,10.301,3.168,-1.697,-7.025,-38.87
55.127,86.26,17.353,-5.857,37.238,-31.186,2.09,-10.697,-3.223,22.08,-15.006,-5.857
53.8,65.961,-0.719,-29.488,3.645,-69.398,15.451,0.903,2.064,7.695,6.385,-7.31
54.779,103.723,9.713,-9.851,23.396,-27.423,-6.368,-7.876,2.43,2.033,-20.114,-5.26
55.457,91.252,6.434,-1.881,41.947,-12.539,2.946,-12.202,-6.516,8.039,-7.904,-9.638
54.084,93.737,19.544,-18.965,20.459,-10.09,18.106,-8.7,9.312,6.644,-29.475,-10.604
51.518,75.838,-10.173,-43.775,25.087,-4.858,6.71,-31.326,-1.351,1.182,-19.209,-23.07
55.931,99.201,23.94,-10.548,52.984,-28.794,-10.359,3.021,-5.114,9.196,-19.315,-14.206
54.872,83.656,-6.988,10.982,28.125,-29.726,-0.654,5.075,-7.132,11.575,-18.11,15.349
53.755,86.636,8.069,-8.708,17.054,-3.653,17.538,-9.039,-0.97,5.727,-26.334,3.727
52.02,84.709,3.666,-55.819,20.608,13.292,32.586,-7.052,1.881,-1.646,-19.651,3.72
53.477,76.974,-4.838,-17.899,22.843,-50.932,-7.723,0.11,-15.173,24.7,-16.78,9.336
54.351,95.853,22.303,-26.737,22.468,-15.019,26.923,-9.579,4.886,12.87,-18.356,-1.506
55.667,95.219,13.572,-12.819,36.15,-33.932,4.803,-2.867,2.415,11.869,1.699,3.702
52.993,68.367,-37.814,52.149,17.454,-21.555,8.778,-7.063,9.427,1.085,-54.963,18.67
49.494,49.894,19.589,-60.278,23.199,-32.523,15.017,-3.232,-2.326,8.435,-10.049,-6.074
54.805,101.483,11.253,-9.77,15.652,-25.987,-11.622,-21.196,-4.308,4.124,-14.028,-22.97
53.383,101.451,-30.736,-15.237,-22.087,-33.429,1.292,20.205,4.534,-9.429,2.544,0.955
53.729,91.786,28.623,-34.535,-11.231,-24.085,-4.026,-16.258,-21.896,27.293,-21.421,-6.431
53.95,84.065,0.75,13.984,13.278,-46.029,13.119,-1.983,-14.253,4.442,-12.118,-14.832
56.353,81.567,23.6,1.114,41.548,-37.748,-12.289,-12.077,-13.545,6.596,-31.361,-13.433
53.271,65.53,-27.562,-8.34,0.335,-52.952,20.29,12.969,-4.631,4.963,-0.858,2.086
53.973,90.917,13.651,-20.991,24.124,-17.27,12.52,-12.973,10.129,3.104,-32.742,-14.079
52.076,78.571,-8.6,-36.54,23.65,11.377,3.635,-25.318,5.982,2.688,-24.71,-15.457
55.309,97.898,14.47,-11.187,47.931,-7.037,-16.215,7.27,2.204,7.232,-2.616,-18.837
54.715,82.306,-6.909,12.013,30.891,-25.528,3.718,7.368,-9.391,10.57,-18.121,12.878
54.342,95.357,14.074,-6.337,19.788,-13.843,12.136,-6.08,1.656,3.315,-35.034,9.775
53.057,93.922,13.999,-27.512,19.477,-0.878,32.375,-1.885,14.844,12.768,-19.073,-3.651
53.716,73.919,-6.668,-11.965,32.425,-34.977,-6.288,7.459,-25.05,26.654,-6.654,3.498
53.389,106.87,16.23,-28.531,9.892,-14.632,17.495,-2.129,9.861,11.741,-18.094,-5.793
55.339,98.198,19.995,-17.185,33.377,-7.933,5.589,-3.72,18.028,8.335,-17.413,-12.989
48.385,63.841,-4.813,-35.731,13.978,-31.573,32.99,4.752,25.638,1.447,-2.569,2.463
51.225,68.947,60.882,-48.107,38.152,-24.717,-5.984,9.217,10.489,3.808,-5.326,-1.388
53.66,111.098,73.316,-1.053,44.999,-47.214,-22.887,11.2,-6.574,8.732,-2.125,-3.397
47.122,166.601,52.355,184.926,67.532,-21.305,-38.37,33.598,3.902,-38.962,-49.509,7.458
17.094,139.71,110.174,192.86,85.19,-32.141,3.846,21.136,-18.559,-2.316,-68.88,2.827
